0.1,-0.13068,0.00049225
0.2,-0.11057,0.00058106
0.3,-0.093775,0.00065024
0.4,-0.079285,0.00070837
0.5,-0.06705,0.00076549
0.6,-0.056791,0.00085056
0.7,-0.048134,0.00093401
0.8,-0.040723,0.0010181
0.9,-0.034547,0.0010757
1,-0.029304,0.0011283
1.1,-0.024736,0.0012037
1.2,-0.020836,0.0012578
1.3,-0.017896,0.0013096
1.4,-0.015112,0.0013531
1.5,-0.012672,0.0013458
1.6,-0.010738,0.0013121
1.7,-0.0090163,0.0013173
1.8,-0.0078853,0.0012853
1.9,-0.0069038,0.0013008
2,-0.0062151,0.0012773
2.1,-0.0053565,0.0013596
2.2,-0.0047704,0.0014639
2.3,-0.0042829,0.001549
2.4,-0.0037774,0.0016353
2.5,-0.0033445,0.0016851
2.6,-0.0028197,0.0017071
2.7,-0.0022217,0.0017029
2.8,-0.0019215,0.001709
2.9,-0.0012361,0.001713
3,-0.00080962,0.0017613
3.1,-0.00039413,0.0017902
3.2,-0.00024656,0.0018005
3.3,1.0652e-05,0.0017714
3.4,-2.7976e-05,0.0017201
3.5,-8.3353e-05,0.0016477
3.6,-0.00035491,0.0015822
3.7,-0.00052743,0.0015409
3.8,-0.0007243,0.0015335
3.9,-0.00078565,0.0014715
4,-0.0010391,0.0014637
4.1,-0.0011177,0.0014589
4.2,-0.001408,0.0014187
4.3,-0.0014924,0.0014437
4.4,-0.0013958,0.0014559
4.5,-0.0011983,0.0014644
4.6,-0.00097954,0.0014944
4.7,-0.0010014,0.0014788
4.8,-0.00093257,0.001448
4.9,-0.00078964,0.0014484
5,-0.00067676,0.0014029
5.1,-0.00093452,0.0013341
5.2,-0.0010195,0.0013466
5.3,-0.0011536,0.0013619
5.4,-0.0012882,0.001387
5.5,-0.0014746,0.0014074
5.6,-0.0012726,0.0014389
5.7,-0.001288,0.0014441
5.8,-0.0010731,0.0015308
5.9,-0.0009576,0.0016137
6,-0.00085006,0.0016393
6.1,-0.00069589,0.0016789
6.2,-0.00044088,0.0017112
6.3,-0.00050517,0.0016877
6.4,-0.00079405,0.0016942
6.5,-0.00081786,0.0017351
6.6,-0.00074999,0.0017165
6.7,-0.00042037,0.00171
6.8,-0.00013414,0.001735
6.9,0.00029103,0.0017488
7,0.00078994,0.0018005
7.1,0.0013384,0.0018311
7.2,0.0017106,0.0018388
7.3,0.0019436,0.0018222
7.4,0.0022911,0.0018304
7.5,0.0023198,0.0018475
7.6,0.0024894,0.0018727
7.7,0.0024909,0.0019298
7.8,0.0024328,0.0019494
7.9,0.0021223,0.0020138
8,0.0020046,0.0020366
8.1,0.0019725,0.0020896
8.2,0.0022602,0.0021183
8.3,0.0020168,0.0021412
8.4,0.0021113,0.0022224
8.5,0.0020575,0.0022499
8.6,0.0022799,0.0022859
8.7,0.0023843,0.0022954
8.8,0.0024094,0.0023162
8.9,0.002009,0.0022234
9,0.0018487,0.0022143
9.1,0.0015612,0.0022368
9.2,0.0015493,0.0022016
9.3,0.0012742,0.0021524
9.4,0.0010166,0.0021014
9.5,0.00084164,0.0020494
9.6,0.00055861,0.0019919
9.7,0.00072964,0.0019641
9.8,0.00069295,0.0019742
9.9,0.0004977,0.0019769
10,0.0005897,0.0020216
10.1,0.00043082,0.00206
10.2,0.00036957,0.0020766
10.3,0.00063202,0.0020591
10.4,0.00072407,0.0020531
10.5,0.00075302,0.0020639
10.6,0.00080397,0.0020295
10.7,0.00056401,0.0020147
10.8,0.00034092,0.0020978
10.9,0.00012805,0.0021076
11,-0.00022593,0.0021251
11.1,-0.00033978,0.0020886
11.2,0.00016529,0.0020732
11.3,0.00046635,0.0020158
11.4,0.00055054,0.0020068
11.5,0.00084069,0.0019733
11.6,0.0008403,0.002011
11.7,0.00081813,0.0020195
11.8,0.0012179,0.0020235
11.9,0.0013641,0.0020933
12,0.0014472,0.0021696
12.1,0.0012582,0.0022772
12.2,0.0010298,0.0023411
12.3,0.00096637,0.002402
12.4,0.0010584,0.002434
12.5,0.00083097,0.0024657
12.6,0.00088043,0.0024307
12.7,0.00086092,0.0024409
12.8,0.0007546,0.002417
12.9,0.0010298,0.002358
13,0.001277,0.002299
13.1,0.0012639,0.0022391
13.2,0.0012709,0.002187
13.3,0.0012536,0.0021706
13.4,0.0015081,0.0021925
13.5,0.0017899,0.0021563
13.6,0.0019705,0.0021252
13.7,0.002013,0.0021363
13.8,0.0021398,0.0021841
13.9,0.0020578,0.0022275
14,0.0019713,0.0022357
14.1,0.0019141,0.0022237
14.2,0.0018521,0.0022065
14.3,0.0020594,0.0022336
14.4,0.0020208,0.0022212
14.5,0.002362,0.0022896
14.6,0.002446,0.0023017
14.7,0.002705,0.0023163
14.8,0.0027833,0.0023389
14.9,0.0025607,0.002391
15,0.0025586,0.0024659
15.1,0.0023036,0.0024285
15.2,0.0021667,0.0024432
15.3,0.0020173,0.0023971
15.4,0.0019234,0.002333
15.5,0.0015462,0.0023265
15.6,0.0013805,0.0023113
15.7,0.0015021,0.0023287
15.8,0.001564,0.0023066
15.9,0.0016795,0.0022816
16,0.0017634,0.0022932
16.1,0.0017905,0.0023615
16.2,0.0019579,0.0023287
16.3,0.0021613,0.0022736
16.4,0.0024109,0.0022104
16.5,0.0023082,0.0022001
16.6,0.0023563,0.0021952
16.7,0.0023244,0.0022545
16.8,0.0021388,0.0023259
16.9,0.0020475,0.0023934
17,0.0019828,0.0024791
17.1,0.0018593,0.0024928
17.2,0.0019558,0.0025312
17.3,0.0021787,0.0025749
17.4,0.00207,0.0025422
17.5,0.0022431,0.0025683
17.6,0.0022437,0.002601
17.7,0.0023691,0.0026276
17.8,0.0023068,0.0026582
17.9,0.0025078,0.0027591
18,0.0026462,0.0027958
18.1,0.0028527,0.0027864
18.2,0.0028365,0.0027737
18.3,0.0026671,0.0028114
18.4,0.0025,0.0028326
18.5,0.0024197,0.0028096
18.6,0.0024383,0.0028009
18.7,0.002477,0.0028451
18.8,0.002415,0.0028879
18.9,0.0023312,0.0029024
19,0.0026596,0.002933
19.1,0.0027007,0.0029107
19.2,0.0028394,0.0028896
19.3,0.0030955,0.0028756
19.4,0.003171,0.0028777
19.5,0.0031671,0.0029292
19.6,0.0031706,0.0029683
19.7,0.0032225,0.0029604
19.8,0.0033015,0.0030293
19.9,0.0034247,0.0030098
20,0.0036935,0.0029861
20.1,0.0041066,0.0029743
20.2,0.0045385,0.0029258
20.3,0.0045422,0.0029199
20.4,0.0046671,0.0028574
20.5,0.0050491,0.0028525
20.6,0.0053947,0.0028643
20.7,0.0057757,0.0028495
20.8,0.0061683,0.002844
20.9,0.0062953,0.0028224
21,0.006588,0.0027979
21.1,0.0065627,0.0028117
21.2,0.0067961,0.0028317
21.3,0.0068004,0.0028119
21.4,0.0065448,0.0027653
21.5,0.0068052,0.0026941
21.6,0.0070837,0.0026394
21.7,0.007022,0.0026915
21.8,0.0070081,0.0027421
21.9,0.0067341,0.0028239
22,0.0066279,0.0028399
22.1,0.006251,0.0028549
22.2,0.0061196,0.0028833
22.3,0.0058686,0.002968
22.4,0.0054321,0.0029352
22.5,0.0055347,0.0029383
22.6,0.0055583,0.0029773
22.7,0.0060112,0.0030127
22.8,0.0060726,0.0030035
22.9,0.0063348,0.0030445
23,0.0065082,0.0031043
23.1,0.0064666,0.0031876
23.2,0.0065293,0.003223
23.3,0.006281,0.0032839
23.4,0.0064479,0.0033455
23.5,0.0063715,0.0033504
23.6,0.0063244,0.0033954
23.7,0.0064893,0.0034283
23.8,0.0062936,0.0034172
23.9,0.0063507,0.0034121
24,0.0062038,0.0034375
24.1,0.00594,0.0034806
24.2,0.0056488,0.003514
24.3,0.0055714,0.0035081
24.4,0.005478,0.003457
24.5,0.0056779,0.003409
24.6,0.0057346,0.0033389
24.7,0.0056869,0.0033895
24.8,0.0059973,0.0033851
24.9,0.0058798,0.0034181
25,0.0057487,0.0034052
25.1,0.0055992,0.0034224
25.2,0.0054373,0.0035377
25.3,0.0053866,0.0035575
25.4,0.0052549,0.0035674
25.5,0.0051661,0.0035816
25.6,0.0052873,0.0035514
25.7,0.0050784,0.0035786
25.8,0.005355,0.003646
25.9,0.0056842,0.003691
26,0.0061442,0.0037211
26.1,0.0066494,0.0037112
26.2,0.0071503,0.0037541
26.3,0.0073806,0.0038015
26.4,0.0075953,0.0038127
26.5,0.0074197,0.0038206
26.6,0.0075479,0.0037515
26.7,0.0074272,0.0036891
26.8,0.0073899,0.0036287
26.9,0.0073608,0.0036356
27,0.0073163,0.0035938
27.1,0.0071967,0.0035788
27.2,0.0072796,0.0036038
27.3,0.0073049,0.0035665
27.4,0.0072879,0.0035642
27.5,0.0070257,0.0036378
27.6,0.0070723,0.0036372
27.7,0.0068893,0.0035941
27.8,0.0069848,0.0035129
27.9,0.0071316,0.0034609
28,0.0071529,0.0034491
28.1,0.0071281,0.0034516
28.2,0.0072471,0.0034869
28.3,0.006896,0.0034985
28.4,0.0066875,0.0035023
28.5,0.0064191,0.0035381
28.6,0.005922,0.0035877
28.7,0.0057579,0.0036122
28.8,0.0058975,0.003637
28.9,0.0058887,0.0036153
29,0.0058733,0.0035839
29.1,0.0056567,0.0035597
29.2,0.0054671,0.0035786
29.3,0.0057526,0.0035435
29.4,0.0061421,0.0035355
29.5,0.0066202,0.0035609
29.6,0.0069709,0.0035158
29.7,0.0073198,0.0034867
29.8,0.0076011,0.0034958
29.9,0.0079855,0.003445
30,0.0080494,0.0034514
30.1,0.0085791,0.0035292
30.2,0.0086427,0.0035691
30.3,0.0086057,0.0036616
30.4,0.0085266,0.0037352
30.5,0.0083153,0.0037365
30.6,0.0081353,0.0037438
30.7,0.0082133,0.0037776
30.8,0.0082536,0.0037712
30.9,0.008268,0.0038064
31,0.0084365,0.0039358
31.1,0.0083424,0.0039577
31.2,0.0083083,0.0040303
31.3,0.0083533,0.0040478
31.4,0.008305,0.0041611
31.5,0.008247,0.0042457
31.6,0.0080978,0.0043054
31.7,0.0078934,0.0044203
31.8,0.007835,0.0044356
31.9,0.0077903,0.0045082
32,0.0076661,0.0045617
32.1,0.0075682,0.0045609
32.2,0.0072038,0.0045489
32.3,0.006864,0.0046067
32.4,0.0063644,0.004577
32.5,0.0059321,0.0045266
32.6,0.0055951,0.0044593
32.7,0.0054315,0.0044075
32.8,0.0054059,0.0043644
32.9,0.0050509,0.0042902
33,0.0046362,0.0042234
33.1,0.0044159,0.0041807
33.2,0.0042316,0.0041827
33.3,0.0041022,0.0042121
33.4,0.0045199,0.0041726
33.5,0.00491,0.0041572
33.6,0.0047785,0.0040636
33.7,0.0049604,0.0040097
33.8,0.0049812,0.0039462
33.9,0.0049335,0.0039259
34,0.0049216,0.0038749
34.1,0.0048422,0.0037878
34.2,0.0047292,0.0037904
34.3,0.00476,0.0038298
34.4,0.0048882,0.0038672
34.5,0.0051881,0.0038724
34.6,0.0057095,0.0038953
34.7,0.0059788,0.0038448
34.8,0.0064005,0.0038271
34.9,0.0067722,0.0038651
35,0.0072534,0.0038362
35.1,0.0077469,0.0038746
35.2,0.0081059,0.0038394
35.3,0.0081155,0.003833
35.4,0.0083747,0.003853
35.5,0.0085772,0.0038575
35.6,0.0085602,0.0038242
35.7,0.0084783,0.0038325
35.8,0.0085904,0.0038357
35.9,0.0089738,0.0038191
36,0.0089916,0.0038848
36.1,0.0090564,0.003868
36.2,0.009115,0.0039194
36.3,0.0088926,0.0039265
36.4,0.008756,0.0038924
36.5,0.0085662,0.0039297
36.6,0.0083258,0.0039313
36.7,0.0082419,0.0039756
36.8,0.0080655,0.0040355
36.9,0.0081674,0.0040851
37,0.0081743,0.0041803
37.1,0.0081665,0.0042111
37.2,0.0084059,0.0042011
37.3,0.0085818,0.0042763
37.4,0.0086827,0.0042941
37.5,0.0087777,0.0043316
37.6,0.0088268,0.0043989
37.7,0.0086075,0.0044616
37.8,0.0088739,0.0044377
37.9,0.0091105,0.0043869
38,0.0092625,0.0043654
38.1,0.0092173,0.0043563
38.2,0.009454,0.0043673
38.3,0.009877,0.0043869
38.4,0.0098943,0.0044205
38.5,0.0097062,0.0044481
38.6,0.0099101,0.0044847
38.7,0.0095274,0.0045299
38.8,0.0093918,0.0045207
38.9,0.0090608,0.0045322
39,0.0085813,0.0045455
39.1,0.0082681,0.0046165
39.2,0.0078837,0.0046295
39.3,0.0074339,0.004568
39.4,0.007214,0.0045318
39.5,0.0067769,0.0044465
39.6,0.0066415,0.0044285
39.7,0.006223,0.0043932
39.8,0.0056712,0.0044048
39.9,0.0054659,0.0044318
40,0.0053249,0.0044237
40.1,0.0053457,0.0043879
40.2,0.0053474,0.0044276
40.3,0.0054295,0.0044512
40.4,0.0054302,0.0044876
40.5,0.0054158,0.0045589
40.6,0.0052936,0.0046051
40.7,0.005324,0.0046329
40.8,0.005306,0.0045655
40.9,0.005488,0.0045827
41,0.0057125,0.0046493
41.1,0.0061269,0.004593
41.2,0.0065341,0.0045847
41.3,0.0070653,0.0045863
41.4,0.0073415,0.0045091
41.5,0.007617,0.0044224
41.6,0.0080119,0.0043813
41.7,0.0083023,0.0044809
41.8,0.0087712,0.0045177
41.9,0.0089834,0.0045771
42,0.0091535,0.0046357
42.1,0.0088442,0.0046
42.2,0.0083386,0.0046863
42.3,0.0080189,0.0047562
42.4,0.0077695,0.0047905
42.5,0.007523,0.0048336
42.6,0.0071258,0.0049052
42.7,0.0068892,0.0049543
42.8,0.0064373,0.0050099
42.9,0.0063781,0.0050436
43,0.0062187,0.0051416
43.1,0.0059225,0.005214
43.2,0.005685,0.0053135
43.3,0.0057491,0.0054033
43.4,0.0059232,0.0053852
43.5,0.0057649,0.0054044
43.6,0.0055502,0.0053794
43.7,0.0056034,0.005456
43.8,0.0056345,0.0054819
43.9,0.005599,0.0054799
44,0.0051695,0.0054276
44.1,0.0050976,0.0053998
44.2,0.0052316,0.0054132
44.3,0.0050471,0.0053967
44.4,0.0050034,0.0053949
44.5,0.0045979,0.0053553
44.6,0.0042893,0.0053344
44.7,0.0038445,0.0053632
44.8,0.0036317,0.0054088
44.9,0.0036352,0.0054719
45,0.0039418,0.0055612
45.1,0.0040856,0.0056532
45.2,0.00435,0.0056892
45.3,0.0045999,0.0056959
45.4,0.0048332,0.0056437
45.5,0.0048586,0.005553
45.6,0.0049556,0.0055126
45.7,0.0049967,0.0054217
45.8,0.0051321,0.005375
45.9,0.00506,0.0052819
46,0.0053225,0.0052153
46.1,0.0055681,0.0051788
46.2,0.0060478,0.0052156
46.3,0.0063008,0.0052261
46.4,0.0061237,0.0052548
46.5,0.0059341,0.0052898
46.6,0.0054583,0.005282
46.7,0.0051481,0.0053082
46.8,0.0049073,0.0053458
46.9,0.0048867,0.0053576
47,0.0050768,0.005366
47.1,0.0051165,0.0053191
47.2,0.0055026,0.0052871
47.3,0.0054267,0.005357
47.4,0.0054427,0.0053932
47.5,0.0054797,0.0053955
47.6,0.0052474,0.005368
47.7,0.0047426,0.0053743
47.8,0.0041361,0.0053335
47.9,0.0036089,0.0052032
48,0.0033831,0.0051316
48.1,0.0029075,0.0050426
48.2,0.0027047,0.0050236
48.3,0.0024731,0.0050468
48.4,0.0022534,0.0050818
48.5,0.0019886,0.0051498
48.6,0.0016569,0.0051993
48.7,0.0014004,0.0052702
48.8,0.0010805,0.0052915
48.9,0.00089859,0.005243
49,0.00072357,0.0052487
49.1,0.00061425,0.0052578
49.2,0.00059275,0.005237
49.3,0.00060729,0.0052672
49.4,0.00112,0.0052482
49.5,0.0016081,0.0051574
49.6,0.001688,0.0050792
49.7,0.0019163,0.0049851
49.8,0.0023666,0.0049513
49.9,0.002642,0.0048928
50,0.0027357,0.004846
50.1,0.0029287,0.004868
50.2,0.0029747,0.0048323
50.3,0.0027646,0.0048046
50.4,0.0020844,0.0048004
50.5,0.001953,0.0048641
50.6,0.0015826,0.0048916
50.7,0.00096094,0.0049051
50.8,0.00060117,0.0048934
50.9,9.8867e-05,0.0050103
51,-0.0003039,0.0050294
51.1,-0.00064539,0.0050135
51.2,-0.00073436,0.0050364
51.3,-0.00082038,0.005045
51.4,-0.0008232,0.0050863
51.5,-0.0006368,0.0050658
51.6,-0.00015507,0.0051181
51.7,0.00044709,0.0051957
51.8,0.00095018,0.0051962
51.9,0.0014397,0.0051732
52,0.0017804,0.0050971
52.1,0.0021938,0.0050052
52.2,0.0024788,0.0049848
52.3,0.0023145,0.0050292
52.4,0.0020353,0.005106
52.5,0.0019525,0.0050767
52.6,0.0015684,0.0050625
52.7,0.0013677,0.0050078
52.8,0.0011685,0.0049984
52.9,0.0012122,0.0050052
53,0.0013274,0.0050044
53.1,0.0017531,0.004991
53.2,0.001917,0.0050589
53.3,0.002191,0.0050832
53.4,0.002336,0.0050173
53.5,0.0023139,0.0050436
53.6,0.0026891,0.0050502
53.7,0.0030708,0.0050401
53.8,0.0032917,0.0049606
53.9,0.0031715,0.0049783
54,0.0029909,0.0049526
54.1,0.0030504,0.0048858
54.2,0.0026427,0.0049169
54.3,0.00234,0.004925
54.4,0.0020318,0.0049284
54.5,0.002225,0.0049383
54.6,0.0026066,0.0048962
54.7,0.0028303,0.0048698
54.8,0.0029391,0.0048884
54.9,0.0028163,0.0049795
55,0.0028907,0.0050077
55.1,0.0029273,0.0050091
55.2,0.00301,0.0050765
55.3,0.0034443,0.0051627
55.4,0.0034573,0.0052272
55.5,0.0033922,0.0052633
55.6,0.0032522,0.0053094
55.7,0.0029136,0.0053095
55.8,0.0027058,0.0053392
55.9,0.002229,0.0053417
56,0.0019259,0.0053539
56.1,0.0017944,0.005327
56.2,0.0015416,0.0052736
56.3,0.0015901,0.0052742
56.4,0.0014857,0.0051577
56.5,0.0016004,0.0051233
56.6,0.0014633,0.005093
56.7,0.0012176,0.0050811
56.8,0.0011035,0.0051522
56.9,0.0011425,0.0052401
57,0.0012604,0.0052368
57.1,0.0010225,0.0053522
57.2,0.0008802,0.0054649
57.3,0.0012197,0.005573
57.4,0.0015365,0.0056049
57.5,0.0017188,0.0057807
57.6,0.0019017,0.0058619
57.7,0.0023298,0.0059782
57.8,0.0025644,0.0060015
57.9,0.0028303,0.0060255
58,0.00291,0.0060359
58.1,0.0032257,0.0060257
58.2,0.0036231,0.0059249
58.3,0.0039415,0.0058029
58.4,0.0040214,0.0056889
58.5,0.0041985,0.0056852
58.6,0.0043629,0.0056758
58.7,0.004376,0.0056729
58.8,0.0044669,0.0056217
58.9,0.0043832,0.0055371
59,0.0044972,0.0055455
59.1,0.0046359,0.0056032
59.2,0.0048568,0.0056871
59.3,0.0048719,0.0057409
59.4,0.0046115,0.0058024
59.5,0.0044884,0.0058598
59.6,0.0045983,0.0058989
59.7,0.0047933,0.0059442
59.8,0.0045597,0.0059353
59.9,0.0041986,0.0059873
60,0.0043308,0.0060264
60.1,0.0042208,0.0059655
60.2,0.0040004,0.0060262
60.3,0.0039255,0.0060778
60.4,0.0039275,0.0061041
60.5,0.0038639,0.0060518
60.6,0.0043715,0.005975
60.7,0.004174,0.0058734
60.8,0.0042049,0.0057913
60.9,0.0045761,0.0057175
61,0.0048536,0.0056514
61.1,0.005185,0.0056213
61.2,0.0054099,0.0056598
61.3,0.005407,0.0057185
61.4,0.0052934,0.005763
61.5,0.0049754,0.0058868
61.6,0.0049577,0.0059868
61.7,0.0051368,0.0060154
61.8,0.004924,0.0060016
61.9,0.0050498,0.0060012
62,0.0051988,0.0059861
62.1,0.0051762,0.0059437
62.2,0.0054865,0.0059156
62.3,0.0056825,0.0058904
62.4,0.0059315,0.0058957
62.5,0.0062876,0.0058121
62.6,0.0063093,0.0057662
62.7,0.0058408,0.0057037
62.8,0.0057592,0.0056281
62.9,0.0061144,0.0054751
63,0.0062812,0.0054079
63.1,0.0061736,0.0054478
63.2,0.005947,0.0055119
63.3,0.0055236,0.0055593
63.4,0.0050866,0.0055173
63.5,0.0047008,0.0055762
63.6,0.0044962,0.0054817
63.7,0.0042923,0.0054679
63.8,0.0044595,0.0054942
63.9,0.0045283,0.0054333
64,0.0045905,0.0054738
64.1,0.0045917,0.0055095
64.2,0.0042235,0.0055217
64.3,0.0044058,0.0055711
64.4,0.0047784,0.0056468
64.5,0.0050003,0.0057195
64.6,0.0053099,0.0057299
64.7,0.0054208,0.0058408
64.8,0.0054368,0.0058925
64.9,0.0055063,0.0058865
65,0.0055351,0.0058965
65.1,0.0057294,0.0058819
65.2,0.0057394,0.0059214
65.3,0.0058918,0.005997
65.4,0.0061234,0.005982
65.5,0.0063114,0.0059775
65.6,0.0062815,0.0059915
65.7,0.0061379,0.0060108
65.8,0.0063973,0.0060817
65.9,0.0065881,0.0061051
66,0.0064323,0.0061542
66.1,0.0063491,0.0061777
66.2,0.0066136,0.0062593
66.3,0.0067349,0.0063765
66.4,0.0072297,0.0064751
66.5,0.0076281,0.0065368
66.6,0.0078281,0.0065674
66.7,0.0085002,0.0065544
66.8,0.0088011,0.0065264
66.9,0.0088791,0.0064631
67,0.0088858,0.006454
67.1,0.0084849,0.0064755
67.2,0.0082921,0.0064163
67.3,0.0079269,0.0064627
67.4,0.0075442,0.0064242
67.5,0.007372,0.0064069
67.6,0.0074587,0.006367
67.7,0.0073317,0.0064244
67.8,0.0070845,0.0064322
67.9,0.0071758,0.0064505
68,0.0072638,0.0065099
68.1,0.0072562,0.006492
68.2,0.0071453,0.0065167
68.3,0.0068746,0.0065297
68.4,0.0067015,0.0065262
68.5,0.0065399,0.0064323
68.6,0.0068592,0.0063521
68.7,0.0071785,0.0063226
68.8,0.0074304,0.0063817
68.9,0.0080052,0.0063968
69,0.0084523,0.006426
69.1,0.0085265,0.006512
69.2,0.0090681,0.0064519
69.3,0.0095556,0.0064729
69.4,0.0096186,0.0064963
69.5,0.0095541,0.0064935
69.6,0.0092064,0.0064624
69.7,0.0091569,0.0065677
69.8,0.0087581,0.0065647
69.9,0.0084031,0.0066378
70,0.0080061,0.0066657
70.1,0.007774,0.0066517
70.2,0.0080255,0.0065914
70.3,0.0083653,0.0065539
70.4,0.0082687,0.0064382
70.5,0.0084345,0.0064083
70.6,0.0083403,0.0064131
70.7,0.0084458,0.0063757
70.8,0.0085733,0.0063601
70.9,0.0086443,0.0063957
71,0.0087678,0.0065023
71.1,0.0085667,0.0066434
71.2,0.0083108,0.0066707
71.3,0.0079956,0.0066985
71.4,0.0074334,0.0067334
71.5,0.0069125,0.0067878
71.6,0.0067435,0.0068204
71.7,0.0066731,0.0068337
71.8,0.0065257,0.0068474
71.9,0.0065386,0.0068425
72,0.0066818,0.0068611
72.1,0.0067939,0.0067467
72.2,0.006826,0.0067212
72.3,0.0070749,0.0066469
72.4,0.0071961,0.0066777
72.5,0.0071312,0.0066055
72.6,0.0074838,0.0065681
72.7,0.0077442,0.0066198
72.8,0.0078341,0.0066419
72.9,0.0080281,0.0067388
73,0.0086788,0.0067916
73.1,0.0089007,0.0067268
73.2,0.0089238,0.0067124
73.3,0.0091087,0.0065587
73.4,0.0092491,0.0064297
73.5,0.008882,0.0063041
73.6,0.0089999,0.0061916
73.7,0.0088296,0.0061511
73.8,0.0086037,0.0062262
73.9,0.0086739,0.0062559
74,0.0085583,0.0062434
74.1,0.0083599,0.0062881
74.2,0.00848,0.0063923
74.3,0.008439,0.0064153
74.4,0.0085219,0.0064462
74.5,0.0084563,0.0064598
74.6,0.0083549,0.0064534
74.7,0.0086205,0.0065213
74.8,0.0087388,0.0065746
74.9,0.0089808,0.0066139
75,0.0090487,0.006681
75.1,0.0091457,0.0066865
75.2,0.0093705,0.0067983
75.3,0.0095621,0.0068652
75.4,0.0096737,0.0069542
75.5,0.0094891,0.0070544
75.6,0.0093641,0.0070146
75.7,0.0091239,0.0070205
75.8,0.0091986,0.006979
75.9,0.0093393,0.0069451
76,0.0095881,0.0069516
76.1,0.0097446,0.006864
76.2,0.0096235,0.0067988
76.3,0.0098298,0.0066983
76.4,0.009984,0.0066301
76.5,0.010168,0.006527
76.6,0.01052,0.0065587
76.7,0.010465,0.006628
76.8,0.010795,0.0067778
76.9,0.010889,0.0069145
77,0.010811,0.007052
77.1,0.010754,0.0071603
77.2,0.010992,0.0072499
77.3,0.011168,0.0072969
77.4,0.011135,0.0072284
77.5,0.01135,0.0073055
77.6,0.011356,0.0072297
77.7,0.011022,0.0072557
77.8,0.010646,0.0071667
77.9,0.010376,0.0071945
78,0.0099741,0.0071964
78.1,0.010101,0.0072285
78.2,0.010102,0.0072743
78.3,0.0097778,0.0072363
78.4,0.0095778,0.0072463
78.5,0.0096023,0.0073219
78.6,0.0095677,0.0073136
78.7,0.0098432,0.0072536
78.8,0.009937,0.0072842
78.9,0.010159,0.0072619
79,0.010512,0.0071931
79.1,0.010477,0.0071786
79.2,0.010135,0.0070583
79.3,0.0097258,0.007047
79.4,0.0095409,0.0070563
79.5,0.0092836,0.007058
79.6,0.0090398,0.0070079
79.7,0.0086437,0.006938
79.8,0.0082607,0.0068921
79.9,0.0081639,0.0069636
80,0.0078562,0.0069379
80.1,0.0075529,0.0068682
80.2,0.0076158,0.0069004
80.3,0.0074646,0.0069397
80.4,0.0076737,0.0069978
80.5,0.0081308,0.0070139
80.6,0.0080259,0.0071079
80.7,0.0082514,0.0072338
80.8,0.0084926,0.0073558
80.9,0.0087306,0.007368
81,0.0089483,0.0074468
81.1,0.0094963,0.0075297
81.2,0.0099854,0.0076298
81.3,0.010372,0.0077295
81.4,0.010486,0.0078183
81.5,0.010658,0.0078332
81.6,0.010555,0.0079113
81.7,0.010003,0.0079746
81.8,0.0093646,0.0080168
81.9,0.0089173,0.0079883
82,0.0086235,0.0079971
82.1,0.0084482,0.0080532
82.2,0.0083661,0.0079572
82.3,0.0078989,0.0078842
82.4,0.007679,0.0078308
82.5,0.0071484,0.007812
82.6,0.0071926,0.0078104
82.7,0.007382,0.0078201
82.8,0.007072,0.0078024
82.9,0.006884,0.0078568
83,0.0067853,0.0078702
83.1,0.00691,0.0078141
83.2,0.0067213,0.0077174
83.3,0.006625,0.0076862
83.4,0.0068865,0.0077512
83.5,0.0073012,0.0077319
83.6,0.0073989,0.0076585
83.7,0.007236,0.0076808
83.8,0.0072347,0.0077529
83.9,0.0073451,0.0077811
84,0.0076332,0.0076983
84.1,0.0080619,0.0076568
84.2,0.0083522,0.0076717
84.3,0.0085341,0.0075879
84.4,0.0085521,0.0075356
84.5,0.0083755,0.0074313
84.6,0.0083206,0.0073825
84.7,0.0083452,0.0073555
84.8,0.0081766,0.0072372
84.9,0.0079775,0.0071879
85,0.0082464,0.0071671
85.1,0.0083118,0.0071356
85.2,0.0084006,0.0071262
85.3,0.0082611,0.0070956
85.4,0.0077423,0.0069814
85.5,0.0074797,0.0068835
85.6,0.0074688,0.0068927
85.7,0.0071465,0.0069815
85.8,0.0071951,0.0071205
85.9,0.0069059,0.007244
86,0.0067226,0.0073279
86.1,0.0065436,0.0073949
86.2,0.0065212,0.0075607
86.3,0.0064213,0.0076751
86.4,0.0063835,0.0077635
86.5,0.0061181,0.0077313
86.6,0.0062638,0.0076373
86.7,0.0061891,0.0075039
86.8,0.0063051,0.0074376
86.9,0.0066097,0.0073203
87,0.0068903,0.0072928
87.1,0.0073165,0.0072243
87.2,0.0074957,0.0072409
87.3,0.0079656,0.0071556
87.4,0.0083981,0.0071206
87.5,0.0084832,0.0070317
87.6,0.0088063,0.0070093
87.7,0.0091128,0.0070808
87.8,0.009209,0.0071322
87.9,0.0093183,0.0071745
88,0.0093657,0.0071933
88.1,0.0087684,0.0071728
88.2,0.0086877,0.0071888
88.3,0.0089205,0.0071011
88.4,0.0091356,0.0070704
88.5,0.0090236,0.0070701
88.6,0.009465,0.0070836
88.7,0.0096059,0.0071938
88.8,0.0093523,0.007266
88.9,0.0094346,0.007398
89,0.0094777,0.0075588
89.1,0.0096889,0.0077581
89.2,0.009587,0.0079947
89.3,0.0093966,0.0081115
89.4,0.0096309,0.008164
89.5,0.009263,0.0082536
89.6,0.0089741,0.0082593
89.7,0.0084895,0.0083131
89.8,0.0081039,0.0083477
89.9,0.0075516,0.0083884
90,0.0070261,0.0084347
90.1,0.0069932,0.0084757
90.2,0.006485,0.0085465
90.3,0.0064145,0.0086463
90.4,0.0065713,0.0086652
90.5,0.0065299,0.0087399
90.6,0.0060875,0.0085931
90.7,0.0056093,0.00842
90.8,0.0059135,0.0083348
90.9,0.0061405,0.008258
91,0.0063441,0.0082567
91.1,0.0063248,0.0082076
91.2,0.0064944,0.0081465
91.3,0.0066484,0.0081195
91.4,0.0070486,0.0081372
91.5,0.0073595,0.0080854
91.6,0.0080843,0.0081412
91.7,0.0088236,0.0082288
91.8,0.0095931,0.0082587
91.9,0.0099539,0.0082922
92,0.010119,0.008355
92.1,0.010601,0.0084034
92.2,0.011245,0.0084389
92.3,0.011505,0.0085013
92.4,0.011683,0.0086224
92.5,0.011668,0.0085911
92.6,0.012044,0.0085877
92.7,0.012077,0.0086063
92.8,0.01238,0.0087249
92.9,0.012148,0.0088226
93,0.01195,0.0087356
93.1,0.011405,0.0086976
93.2,0.011193,0.008623
93.3,0.011269,0.0084994
93.4,0.011579,0.0084434
93.5,0.01173,0.0083786
93.6,0.011767,0.0083288
93.7,0.011537,0.0082947
93.8,0.011126,0.0084111
93.9,0.010784,0.0084841
94,0.010952,0.0085862
94.1,0.011136,0.0087184
94.2,0.010801,0.0088102
94.3,0.010657,0.0089272
94.4,0.010447,0.0090354
94.5,0.010222,0.0091229
94.6,0.0097554,0.0092193
94.7,0.0093758,0.009297
94.8,0.0089176,0.0092917
94.9,0.0087838,0.0092412
95,0.0087331,0.0091944
95.1,0.0089631,0.0091389
95.2,0.0092325,0.0090364
95.3,0.0097296,0.008993
95.4,0.010109,0.0090869
95.5,0.010309,0.0091292
95.6,0.010258,0.009129
95.7,0.010025,0.0091008
95.8,0.010356,0.0090194
95.9,0.010104,0.008916
96,0.010082,0.0089101
96.1,0.010363,0.00883
96.2,0.010726,0.0087283
96.3,0.010544,0.0087181
96.4,0.010619,0.0086995
96.5,0.010533,0.0086423
96.6,0.010242,0.0086632
96.7,0.010038,0.0087295
96.8,0.0096411,0.008792
96.9,0.0090463,0.0088653
97,0.0084787,0.0089922
97.1,0.0085244,0.0091429
97.2,0.0085948,0.0094523
97.3,0.0086184,0.0095563
97.4,0.0087026,0.0096753
97.5,0.0083624,0.0097192
97.6,0.0087512,0.0096093
97.7,0.0092066,0.0095523
97.8,0.0094579,0.0096058
97.9,0.0094643,0.0096813
98,0.0095477,0.0096196
98.1,0.0093827,0.0097406
98.2,0.0095373,0.0098092
98.3,0.0091705,0.0098739
98.4,0.0094151,0.0098604
98.5,0.0087581,0.0098713
98.6,0.0085322,0.0098921
98.7,0.0084629,0.0099599
98.8,0.0084387,0.0098622
98.9,0.0083099,0.0098041
99,0.0080951,0.0096879
99.1,0.0081993,0.0096148
99.2,0.0082025,0.0095694
99.3,0.0081208,0.0095247
99.4,0.0079189,0.0094422
99.5,0.007825,0.0093717
99.6,0.0077665,0.0093225
99.7,0.0079476,0.0094228
99.8,0.0080821,0.0095132
99.9,0.0080125,0.0096182
100,0.0078486,0.0097395
100.1,0.0076935,0.0096961
100.2,0.0071215,0.0097156
100.3,0.0067605,0.0097371
100.4,0.0057261,0.0098321
100.5,0.0054947,0.0097252
100.6,0.0053434,0.0097609
100.7,0.0053545,0.0097476
100.8,0.0055432,0.0097714
100.9,0.0057152,0.0099023
101,0.0063357,0.0099759
101.1,0.0063224,0.010038
101.2,0.0067041,0.01004
101.3,0.006307,0.010061
101.4,0.0065815,0.010051
101.5,0.0066977,0.0099011
101.6,0.0072138,0.0098647
101.7,0.0075822,0.0098638
101.8,0.0077887,0.0098433
101.9,0.0078865,0.0097931
102,0.008006,0.0097995
102.1,0.0080786,0.0097077
102.2,0.0079898,0.0096842
102.3,0.0079752,0.0096205
102.4,0.0078679,0.0096352
102.5,0.0078027,0.009687
102.6,0.0078227,0.0097018
102.7,0.008665,0.0097215
102.8,0.009065,0.0095349
102.9,0.0091612,0.00949
103,0.0093759,0.0094011
103.1,0.0099531,0.009299
103.2,0.010444,0.0093041
103.3,0.010794,0.0093186
103.4,0.010805,0.0093611
103.5,0.010835,0.0094394
103.6,0.010315,0.009496
103.7,0.010191,0.0094828
103.8,0.010251,0.009485
103.9,0.010039,0.0096319
104,0.010258,0.0097192
104.1,0.0099887,0.0097564
104.2,0.0094554,0.0098315
104.3,0.0088864,0.0099972
104.4,0.0085824,0.010136
104.5,0.0082159,0.010247
104.6,0.008154,0.010411
104.7,0.0083365,0.010589
104.8,0.0083922,0.010585
104.9,0.0083868,0.010524
105,0.0083938,0.010602
105.1,0.0085396,0.010531
105.2,0.0089503,0.010516
105.3,0.0092275,0.010475
105.4,0.0094186,0.010365
105.5,0.0095614,0.010195
105.6,0.0097766,0.010167
105.7,0.01046,0.010275
105.8,0.01105,0.010349
105.9,0.011035,0.010416
106,0.010958,0.010537
106.1,0.010629,0.010664
106.2,0.010216,0.010793
106.3,0.0094141,0.010934
106.4,0.008891,0.010971
106.5,0.0085407,0.010937
106.6,0.0082443,0.011056
106.7,0.0076987,0.010982
106.8,0.0077343,0.011001
106.9,0.0079318,0.011087
107,0.0080503,0.011162
107.1,0.008164,0.011121
107.2,0.0083016,0.011119
107.3,0.0084544,0.011034
107.4,0.0088274,0.011002
107.5,0.0088225,0.010975
107.6,0.0088439,0.010941
107.7,0.0089635,0.010818
107.8,0.0092042,0.010853
107.9,0.0092128,0.010954
108,0.0089001,0.011006
108.1,0.0090073,0.011154
108.2,0.0085394,0.011283
108.3,0.0080209,0.011229
108.4,0.0075714,0.011306
108.5,0.0076512,0.011351
108.6,0.0078019,0.011367
108.7,0.0077521,0.011393
108.8,0.0079266,0.011435
108.9,0.008106,0.011396
109,0.0082182,0.011456
109.1,0.0084663,0.011421
109.2,0.0081059,0.011368
109.3,0.008378,0.011288
109.4,0.0081451,0.011205
109.5,0.0085325,0.011191
109.6,0.0089545,0.011298
109.7,0.0089659,0.011427
109.8,0.008697,0.011431
109.9,0.0085148,0.01148
110,0.0079582,0.011532
110.1,0.0076013,0.01158
110.2,0.0071596,0.011626
110.3,0.0068108,0.011636
110.4,0.006704,0.011833
110.5,0.0065066,0.011911
110.6,0.006597,0.012148
110.7,0.0069231,0.012283
110.8,0.0072853,0.012401
110.9,0.0076053,0.012482
111,0.0074853,0.012702
111.1,0.0078257,0.012734
111.2,0.0078441,0.012786
111.3,0.0075063,0.01284
111.4,0.007075,0.012947
111.5,0.0072769,0.012957
111.6,0.0076422,0.012879
111.7,0.0079809,0.012799
111.8,0.0081572,0.012671
111.9,0.0078878,0.012532
112,0.0078239,0.012528
112.1,0.0075281,0.012559
112.2,0.0071202,0.012697
112.3,0.0068598,0.012699
112.4,0.0066372,0.012724
112.5,0.0069325,0.012773
112.6,0.0071628,0.012875
112.7,0.0074856,0.012876
112.8,0.00808,0.012924
112.9,0.0086388,0.012863
113,0.0090735,0.012735
113.1,0.0095643,0.012742
113.2,0.0093767,0.012803
113.3,0.0091579,0.012813
113.4,0.0090042,0.012846
113.5,0.0087865,0.012862
113.6,0.0082076,0.012873
113.7,0.007672,0.012852
113.8,0.0071985,0.012905
113.9,0.0067645,0.012855
114,0.0063693,0.012802
114.1,0.0063185,0.01271
114.2,0.0060556,0.012656
114.3,0.0059909,0.012661
114.4,0.0060997,0.012586
114.5,0.005865,0.012478
114.6,0.0052734,0.0124
114.7,0.0055718,0.012316
114.8,0.0054253,0.012218
114.9,0.0056657,0.012264
115,0.0056574,0.012398
115.1,0.0056976,0.012502
115.2,0.0057745,0.012547
115.3,0.0061998,0.012509
115.4,0.0066034,0.0127
115.5,0.0069269,0.012817
115.6,0.0069321,0.012956
115.7,0.0073263,0.013026
115.8,0.0078238,0.013156
115.9,0.0082391,0.013215
116,0.0084651,0.013131
116.1,0.0082103,0.013151
116.2,0.0077654,0.013219
116.3,0.0081321,0.013119
116.4,0.0083252,0.013169
116.5,0.008603,0.013129
116.6,0.0087598,0.013081
116.7,0.0087593,0.013002
116.8,0.0088623,0.012878
116.9,0.0085518,0.012845
117,0.0083693,0.012744
117.1,0.00816,0.012729
117.2,0.0081897,0.012672
117.3,0.008083,0.012615
117.4,0.0082308,0.012632
117.5,0.0084967,0.012581
117.6,0.0083084,0.012511
117.7,0.0084941,0.012531
117.8,0.008307,0.012493
117.9,0.0082715,0.012526
118,0.0076829,0.012556
118.1,0.0068874,0.012491
118.2,0.0065938,0.012407
118.3,0.006144,0.012358
118.4,0.0060845,0.012275
118.5,0.0060567,0.012252
118.6,0.0061808,0.012304
118.7,0.0063269,0.012326
118.8,0.0064318,0.012442
118.9,0.0066217,0.012388
119,0.0065257,0.012442
119.1,0.0065686,0.012479
119.2,0.0062471,0.012535
119.3,0.0064929,0.01259
119.4,0.0062432,0.01254
119.5,0.0057661,0.012653
119.6,0.0054996,0.012671
119.7,0.0053844,0.012712
119.8,0.0053901,0.012673
119.9,0.0055529,0.012526
120,0.0063117,0.012433
120.1,0.006622,0.012354
120.2,0.0071108,0.012249
120.3,0.0071533,0.012225
120.4,0.0072546,0.01233
120.5,0.0074204,0.012386
120.6,0.007708,0.012581
120.7,0.008067,0.01266
120.8,0.0082158,0.01276
120.9,0.008002,0.012753
121,0.0080458,0.012706
121.1,0.0077476,0.012784
121.2,0.0078509,0.012817
121.3,0.0079207,0.012782
121.4,0.0078688,0.012753
121.5,0.0075907,0.012911
121.6,0.0079803,0.012929
121.7,0.0085412,0.012906
121.8,0.0084628,0.012918
121.9,0.0083221,0.012888
122,0.0082844,0.012993
122.1,0.0080717,0.013024
122.2,0.0079311,0.012966
122.3,0.0075878,0.012974
122.4,0.0076014,0.012881
122.5,0.0069982,0.012771
122.6,0.0064895,0.012676
122.7,0.0058824,0.012592
122.8,0.0057005,0.012461
122.9,0.0051026,0.012412
123,0.005248,0.01245
123.1,0.0046637,0.012616
123.2,0.0045586,0.012808
123.3,0.0043523,0.013018
123.4,0.0042646,0.013005
123.5,0.0041433,0.012825
123.6,0.004201,0.012702
123.7,0.0040055,0.012824
123.8,0.0039402,0.012677
123.9,0.0036673,0.012618
124,0.0034262,0.012472
124.1,0.0033553,0.012426
124.2,0.0033427,0.012328
124.3,0.0031722,0.012247
124.4,0.0029601,0.012173
124.5,0.0026879,0.012134
124.6,0.0023997,0.012197
124.7,0.00262,0.012194
124.8,0.0025492,0.012181
124.9,0.0029512,0.012303
125,0.0034153,0.012345
125.1,0.0035703,0.012302
125.2,0.003604,0.01221
125.3,0.0036478,0.012279
125.4,0.003976,0.012301
125.5,0.00415,0.012407
125.6,0.004673,0.012618
125.7,0.0047756,0.01281
125.8,0.004537,0.01295
125.9,0.0048146,0.013093
126,0.0048267,0.013087
126.1,0.0048819,0.013108
126.2,0.0048075,0.013136
126.3,0.0046815,0.013239
126.4,0.0041584,0.013224
126.5,0.0040432,0.013197
126.6,0.003684,0.013075
126.7,0.0031695,0.013131
126.8,0.0030171,0.013199
126.9,0.0024452,0.01326
127,0.0017196,0.013299
127.1,0.0011901,0.013519
127.2,0.00082249,0.013694
127.3,0.00080473,0.013676
127.4,0.00095963,0.013706
127.5,0.00065572,0.013688
127.6,0.00025067,0.013761
127.7,-0.00013783,0.013613
127.8,-0.00023321,0.013427
127.9,-0.00036467,0.013244
128,-0.00026556,0.013263
128.1,-0.00025247,0.013174
128.2,-0.00043244,0.013084
128.3,-0.00053324,0.013083
128.4,-0.0010877,0.013085
128.5,-0.00095741,0.013163
128.6,-0.00098887,0.013163
128.7,-0.00062502,0.013315
128.8,-0.00031986,0.013354
128.9,0.00015512,0.013435
129,0.00025088,0.013693
129.1,0.00056142,0.013946
129.2,0.00072889,0.013996
129.3,0.00069067,0.013989
129.4,0.00095716,0.014156
129.5,0.0011359,0.014156
129.6,0.0014034,0.014147
129.7,0.0014859,0.01414
129.8,0.0017051,0.014106
129.9,0.0015978,0.014014
130,0.0016927,0.0141
130.1,0.0015305,0.014138
130.2,0.0014349,0.014181
130.3,0.0015487,0.01421
130.4,0.0007708,0.014145
130.5,0.00088149,0.014191
130.6,0.00051675,0.014167
130.7,0.00063069,0.014097
130.8,0.00061387,0.014144
130.9,0.00089304,0.014046
131,0.0012829,0.013909
131.1,0.001838,0.013725
131.2,0.0020915,0.013696
131.3,0.0024626,0.013573
131.4,0.0028427,0.013583
131.5,0.0032165,0.013644
131.6,0.0036705,0.01379
131.7,0.0038399,0.013863
131.8,0.0043106,0.013927
131.9,0.0052458,0.013848
132,0.0063241,0.013766
132.1,0.0075227,0.013671
132.2,0.0079433,0.013589
132.3,0.0090746,0.013595
132.4,0.0086027,0.013624
132.5,0.0080749,0.013472
132.6,0.0079901,0.013359
132.7,0.007509,0.013314
132.8,0.0073351,0.013415
132.9,0.0070817,0.013363
133,0.0063535,0.013392
133.1,0.0061818,0.013388
133.2,0.006071,0.013426
133.3,0.0059726,0.013394
133.4,0.0060426,0.013259
133.5,0.0059209,0.012973
133.6,0.0059153,0.01274
133.7,0.0063798,0.012688
133.8,0.0058912,0.012527
133.9,0.005527,0.012469
134,0.0056099,0.012654
134.1,0.0057653,0.012763
134.2,0.0054449,0.012897
134.3,0.005076,0.013047
134.4,0.0048575,0.013184
134.5,0.0044327,0.01345
134.6,0.0039397,0.013735
134.7,0.0035753,0.013851
134.8,0.0038168,0.014166
134.9,0.0039468,0.014393
135,0.00409,0.014526
135.1,0.0042202,0.014648
135.2,0.0046632,0.014668
135.3,0.0053328,0.01482
135.4,0.0059417,0.014848
135.5,0.005735,0.014619
135.6,0.0064378,0.014616
135.7,0.0069412,0.014618
135.8,0.007154,0.014479
135.9,0.0073986,0.014368
136,0.0077116,0.014333
136.1,0.0077825,0.014317
136.2,0.0079718,0.01422
136.3,0.0079849,0.01417
136.4,0.007596,0.014179
136.5,0.007437,0.014116
136.6,0.0072254,0.014018
136.7,0.007427,0.013891
136.8,0.0073855,0.013775
136.9,0.0074215,0.013733
137,0.0071086,0.013594
137.1,0.0067414,0.013531
137.2,0.0070022,0.013658
137.3,0.0065233,0.013815
137.4,0.0069103,0.013776
137.5,0.0068353,0.013712
137.6,0.0067188,0.01371
137.7,0.0061452,0.013563
137.8,0.0056011,0.013424
137.9,0.0046757,0.013417
138,0.0042323,0.013509
138.1,0.0038945,0.013707
138.2,0.0031541,0.013911
138.3,0.003085,0.014035
138.4,0.0029566,0.014271
138.5,0.0022686,0.014352
138.6,0.0021888,0.014582
138.7,0.0020793,0.014751
138.8,0.0018114,0.01476
138.9,0.0013656,0.014643
139,0.0010551,0.014498
139.1,0.00056627,0.014374
139.2,0.00077156,0.014236
139.3,0.0010606,0.014241
139.4,0.0018178,0.014156
139.5,0.0023922,0.014224
139.6,0.0030273,0.014242
139.7,0.0034207,0.014338
139.8,0.0041875,0.014324
139.9,0.0043944,0.014389
140,0.0048132,0.014403
140.1,0.0055911,0.01455
140.2,0.0057331,0.014915
140.3,0.0058152,0.014883
140.4,0.0057768,0.014892
140.5,0.005887,0.014766
140.6,0.0063593,0.014817
140.7,0.0071493,0.014818
140.8,0.0076445,0.014759
140.9,0.0079298,0.014819
141,0.0078683,0.014857
141.1,0.0076899,0.015044
141.2,0.0080271,0.01517
141.3,0.0081667,0.01531
141.4,0.0080279,0.015331
141.5,0.0078383,0.015207
141.6,0.0075019,0.01522
141.7,0.0069481,0.015098
141.8,0.0071643,0.014984
141.9,0.0077321,0.014928
142,0.0080115,0.015004
142.1,0.0079275,0.015004
142.2,0.0081131,0.014841
142.3,0.008312,0.014879
142.4,0.0082384,0.014845
142.5,0.0077988,0.014839
142.6,0.0075445,0.014833
142.7,0.0079082,0.01483
142.8,0.0079049,0.014831
142.9,0.0077771,0.014799
143,0.0076016,0.014935
143.1,0.0078383,0.014932
143.2,0.0074432,0.014971
143.3,0.0071075,0.014962
143.4,0.0066541,0.014943
143.5,0.0060109,0.014805
143.6,0.0053615,0.014811
143.7,0.0049078,0.014717
143.8,0.0046244,0.014615
143.9,0.0050428,0.014852
144,0.0054019,0.015002
144.1,0.0052357,0.015309
144.2,0.0048184,0.015322
144.3,0.0047762,0.015274
144.4,0.0048954,0.0154
144.5,0.005022,0.015405
144.6,0.0050865,0.015398
144.7,0.0056584,0.015351
144.8,0.0055685,0.015337
144.9,0.006013,0.015098
145,0.0059909,0.014958
145.1,0.0056878,0.014797
145.2,0.0056575,0.014727
145.3,0.0059542,0.01475
145.4,0.0057671,0.014832
145.5,0.0057136,0.015026
145.6,0.005633,0.015186
145.7,0.0054026,0.015265
145.8,0.0054838,0.015452
145.9,0.0056023,0.015438
146,0.0054601,0.015533
146.1,0.0051081,0.01569
146.2,0.0053934,0.015723
146.3,0.0056883,0.015552
146.4,0.0051068,0.015294
146.5,0.0051266,0.015005
146.6,0.004823,0.014896
146.7,0.004678,0.014635
146.8,0.0046102,0.014411
146.9,0.0047429,0.014336
147,0.0046536,0.014332
147.1,0.0043945,0.014358
147.2,0.0042199,0.014413
147.3,0.0044468,0.014511
147.4,0.0048471,0.014677
147.5,0.004883,0.01477
147.6,0.0047157,0.01474
147.7,0.0055334,0.014611
147.8,0.0059148,0.014636
147.9,0.0066927,0.014674
148,0.0072472,0.014744
148.1,0.0078931,0.014902
148.2,0.0084999,0.014976
148.3,0.0089166,0.014961
148.4,0.0091238,0.014872
148.5,0.0096522,0.014894
148.6,0.0099447,0.014988
148.7,0.01084,0.014998
148.8,0.011039,0.014948
148.9,0.010612,0.014878
149,0.01079,0.01496
149.1,0.010899,0.015328
149.2,0.011229,0.015645
149.3,0.011284,0.015896
149.4,0.011173,0.015998
149.5,0.011565,0.016047
149.6,0.011529,0.016144
149.7,0.011311,0.016275
149.8,0.010899,0.01652
149.9,0.010532,0.01653
150,0.010572,0.01645
150.1,0.010783,0.016387
150.2,0.011399,0.016265
150.3,0.012009,0.016156
150.4,0.011959,0.016173
150.5,0.012165,0.016213
150.6,0.012467,0.016353
150.7,0.012648,0.016447
150.8,0.013214,0.016613
150.9,0.01349,0.016706
151,0.012702,0.016874
151.1,0.012365,0.016963
151.2,0.012183,0.01704
151.3,0.011856,0.01725
151.4,0.011562,0.017518
151.5,0.011431,0.017575
151.6,0.011069,0.017542
151.7,0.010881,0.017753
151.8,0.011404,0.017822
151.9,0.012279,0.017869
152,0.012998,0.017911
152.1,0.013715,0.017852
152.2,0.01428,0.017866
152.3,0.014313,0.017798
152.4,0.014231,0.017719
152.5,0.014414,0.017574
152.6,0.014217,0.017458
152.7,0.014052,0.017192
152.8,0.013815,0.016905
152.9,0.013864,0.016772
153,0.01326,0.016639
153.1,0.012359,0.016237
153.2,0.011534,0.016068
153.3,0.011408,0.01587
153.4,0.011648,0.015806
153.5,0.011177,0.015744
153.6,0.011,0.01556
153.7,0.010503,0.015518
153.8,0.010661,0.015474
153.9,0.01093,0.015272
154,0.011547,0.015273
154.1,0.011875,0.015251
154.2,0.012344,0.015117
154.3,0.012205,0.014991
154.4,0.012172,0.015052
154.5,0.012426,0.015088
154.6,0.012464,0.015139
154.7,0.012507,0.0151
154.8,0.012392,0.015112
154.9,0.012665,0.0151
155,0.012865,0.015073
155.1,0.012274,0.015017
155.2,0.01227,0.015146
155.3,0.012683,0.015333
155.4,0.012631,0.015554
155.5,0.012583,0.015588
155.6,0.013145,0.015619
155.7,0.012862,0.015422
155.8,0.013048,0.015128
155.9,0.013072,0.01515
156,0.013315,0.015195
156.1,0.013005,0.015239
156.2,0.01285,0.015371
156.3,0.01251,0.01557
156.4,0.012239,0.015625
156.5,0.01171,0.015534
156.6,0.011656,0.015716
156.7,0.012351,0.015896
156.8,0.012334,0.016041
156.9,0.011942,0.016026
157,0.011933,0.016078
157.1,0.012123,0.015964
157.2,0.011779,0.015983
157.3,0.011723,0.016137
157.4,0.011358,0.016132
157.5,0.011488,0.016139
157.6,0.01143,0.016172
157.7,0.011276,0.016208
157.8,0.011045,0.016067
157.9,0.011329,0.016186
158,0.011375,0.016122
158.1,0.011239,0.01602
158.2,0.011039,0.015859
158.3,0.010535,0.015701
158.4,0.010193,0.015577
158.5,0.0096393,0.015445
158.6,0.009322,0.015331
158.7,0.0087324,0.01539
158.8,0.0090117,0.015437
158.9,0.0093532,0.01549
159,0.0093891,0.01575
159.1,0.0095047,0.015879
159.2,0.0097056,0.016008
159.3,0.009266,0.015992
159.4,0.0085565,0.01602
159.5,0.0080075,0.015843
159.6,0.0076001,0.015943
159.7,0.0070938,0.015906
159.8,0.0064763,0.015806
159.9,0.0068682,0.015781
160,0.0071578,0.015866
160.1,0.0077138,0.016081
160.2,0.0082205,0.016317
160.3,0.0090193,0.016523
160.4,0.0092331,0.016557
160.5,0.0093709,0.016673
160.6,0.0095136,0.016686
160.7,0.0096878,0.016738
160.8,0.00965,0.016743
160.9,0.0094391,0.016757
161,0.0095677,0.016704
161.1,0.0093804,0.016608
161.2,0.0092777,0.016473
161.3,0.008862,0.016333
161.4,0.0089434,0.016155
161.5,0.0095441,0.016089
161.6,0.0099397,0.016038
161.7,0.010314,0.016047
161.8,0.011202,0.015934
161.9,0.012231,0.015951
162,0.012892,0.015971
162.1,0.013622,0.016006
162.2,0.014456,0.016243
162.3,0.01493,0.016284
162.4,0.014746,0.016438
162.5,0.014452,0.016544
162.6,0.01314,0.01654
162.7,0.01242,0.016698
162.8,0.011493,0.01672
162.9,0.010505,0.016632
163,0.009202,0.016539
163.1,0.0084762,0.016464
163.2,0.0080791,0.01632
163.3,0.0072699,0.016357
163.4,0.0062998,0.016417
163.5,0.0054793,0.016505
163.6,0.0053193,0.016693
163.7,0.0049421,0.016814
163.8,0.0048701,0.016863
163.9,0.0047157,0.016822
164,0.0049296,0.016824
164.1,0.0054207,0.016842
164.2,0.0052118,0.016758
164.3,0.0059917,0.016926
164.4,0.0067599,0.016981
164.5,0.0074938,0.016986
164.6,0.0085242,0.017016
164.7,0.0094924,0.017173
164.8,0.01021,0.017324
164.9,0.011,0.017259
165,0.011505,0.017337
165.1,0.012079,0.017261
165.2,0.012955,0.017311
165.3,0.013666,0.017254
165.4,0.014661,0.017143
165.5,0.015426,0.017233
165.6,0.015886,0.017131
165.7,0.015848,0.017056
165.8,0.016109,0.017028
165.9,0.016124,0.016933
166,0.015903,0.016776
166.1,0.016095,0.016848
166.2,0.015778,0.016997
166.3,0.015234,0.017115
166.4,0.015105,0.017211
166.5,0.015219,0.017262
166.6,0.015208,0.017267
166.7,0.015125,0.017295
166.8,0.015163,0.01742
166.9,0.014438,0.017442
167,0.013702,0.017336
167.1,0.012704,0.017165
167.2,0.012824,0.017123
167.3,0.012065,0.01711
167.4,0.012198,0.017129
167.5,0.012571,0.01716
167.6,0.012388,0.0173
167.7,0.013189,0.017274
167.8,0.013411,0.017378
167.9,0.013565,0.01762
168,0.013842,0.017628
168.1,0.014183,0.017707
168.2,0.014022,0.017765
168.3,0.014021,0.017765
168.4,0.013581,0.017816
168.5,0.013826,0.017947
168.6,0.014754,0.018038
168.7,0.015174,0.018113
168.8,0.015801,0.018066
168.9,0.016124,0.017858
169,0.016666,0.017699
169.1,0.017302,0.017476
169.2,0.017364,0.017139
169.3,0.017941,0.016894
169.4,0.018169,0.016756
169.5,0.017514,0.016616
169.6,0.017673,0.016628
169.7,0.017275,0.016539
169.8,0.017412,0.016557
169.9,0.017485,0.016699
170,0.01757,0.016829
170.1,0.017939,0.017087
170.2,0.017755,0.017152
170.3,0.017726,0.017239
170.4,0.017625,0.017338
170.5,0.018167,0.017385
170.6,0.018891,0.017543
170.7,0.018194,0.017439
170.8,0.017826,0.017596
170.9,0.016948,0.017617
171,0.016101,0.01758
171.1,0.015674,0.01744
171.2,0.015224,0.017246
171.3,0.014146,0.017078
171.4,0.01313,0.016772
171.5,0.011848,0.016678
171.6,0.011008,0.016641
171.7,0.01068,0.016573
171.8,0.010597,0.016783
171.9,0.0098143,0.017048
172,0.0096049,0.017384
172.1,0.0098476,0.017522
172.2,0.0095039,0.017616
172.3,0.0094917,0.017931
172.4,0.009574,0.017944
172.5,0.010192,0.017846
172.6,0.010391,0.017724
172.7,0.010536,0.017817
172.8,0.011309,0.01797
172.9,0.011424,0.018154
173,0.012414,0.018197
173.1,0.012968,0.018316
173.2,0.012699,0.018321
173.3,0.01255,0.01831
173.4,0.01263,0.018404
173.5,0.012344,0.018312
173.6,0.012309,0.017952
173.7,0.012213,0.017979
173.8,0.012024,0.017932
173.9,0.012024,0.017944
174,0.011552,0.017792
174.1,0.010756,0.017729
174.2,0.0098239,0.017657
174.3,0.0092585,0.01752
174.4,0.0086285,0.017425
174.5,0.008141,0.017409
174.6,0.0081098,0.017385
174.7,0.0085637,0.017488
174.8,0.0087932,0.017294
174.9,0.0092327,0.017301
175,0.0097162,0.017221
175.1,0.010525,0.017086
175.2,0.011473,0.017068
175.3,0.012426,0.016949
175.4,0.012689,0.01679
175.5,0.013681,0.017002
175.6,0.01412,0.017128
175.7,0.014221,0.017144
175.8,0.013912,0.017196
175.9,0.013844,0.01732
176,0.013608,0.017634
176.1,0.013788,0.01769
176.2,0.013216,0.017761
176.3,0.012987,0.01779
176.4,0.011831,0.01765
176.5,0.011751,0.017654
176.6,0.011645,0.017614
176.7,0.011801,0.017612
176.8,0.011722,0.017707
176.9,0.012193,0.017597
177,0.012204,0.017664
177.1,0.012403,0.017512
177.2,0.012844,0.01738
177.3,0.01275,0.017174
177.4,0.01281,0.017307
177.5,0.012518,0.017197
177.6,0.011977,0.017081
177.7,0.011359,0.017022
177.8,0.011095,0.016803
177.9,0.011132,0.01677
178,0.010631,0.016713
178.1,0.010773,0.016618
178.2,0.010317,0.016684
178.3,0.010173,0.016647
178.4,0.0096517,0.016746
178.5,0.009468,0.016905
178.6,0.0091394,0.017198
178.7,0.0090206,0.01738
178.8,0.0088537,0.017447
178.9,0.008716,0.017261
179,0.008394,0.017028
179.1,0.0072204,0.016995
179.2,0.0058632,0.017028
179.3,0.0047395,0.016968
179.4,0.0034272,0.017058
179.5,0.0029266,0.017105
179.6,0.0029579,0.017374
179.7,0.002601,0.017198
179.8,0.0028833,0.017378
179.9,0.0036604,0.01735
180,0.004325,0.017152
180.1,0.0050447,0.017418
180.2,0.0050786,0.017434
180.3,0.0053976,0.017479
180.4,0.0055184,0.017579
180.5,0.0056946,0.017744
180.6,0.006422,0.017891
180.7,0.0069581,0.018096
180.8,0.0078099,0.018207
180.9,0.0085331,0.018182
181,0.0090003,0.018106
181.1,0.0090415,0.018035
181.2,0.0085779,0.018009
181.3,0.0084654,0.017898
181.4,0.0083558,0.018061
181.5,0.0088757,0.018184
181.6,0.0090884,0.018245
181.7,0.0094938,0.018188
181.8,0.0095481,0.018233
181.9,0.0096042,0.018112
182,0.0092038,0.018129
182.1,0.0090221,0.018213
182.2,0.0091425,0.01814
182.3,0.0091286,0.018171
182.4,0.0095404,0.018208
182.5,0.0094101,0.018129
182.6,0.0096388,0.018038
182.7,0.0095008,0.017844
182.8,0.0097338,0.01772
182.9,0.0091668,0.017626
183,0.0089332,0.01767
183.1,0.0091544,0.01772
183.2,0.0095101,0.017644
183.3,0.009743,0.017575
183.4,0.0099037,0.017841
183.5,0.0093476,0.018062
183.6,0.0088423,0.018363
183.7,0.0085508,0.018478
183.8,0.0078745,0.01864
183.9,0.0077347,0.018841
184,0.007469,0.018922
184.1,0.0071155,0.019012
184.2,0.0065038,0.019057
184.3,0.0061776,0.019026
184.4,0.0061064,0.019121
184.5,0.0059463,0.019163
184.6,0.0059504,0.019394
184.7,0.0067576,0.019725
184.8,0.0077099,0.019898
184.9,0.008389,0.019991
185,0.0092901,0.020156
185.1,0.0096888,0.020301
185.2,0.010739,0.02039
185.3,0.010882,0.020426
185.4,0.010603,0.020517
185.5,0.010715,0.020798
185.6,0.010471,0.021003
185.7,0.010438,0.021038
185.8,0.010381,0.02106
185.9,0.010218,0.021094
186,0.0095409,0.021188
186.1,0.0088998,0.020975
186.2,0.008394,0.020949
186.3,0.0081333,0.021017
186.4,0.0076099,0.020984
186.5,0.0078555,0.020939
186.6,0.0081656,0.020861
186.7,0.0078299,0.020906
186.8,0.0081208,0.02103
186.9,0.0079821,0.021188
187,0.0080235,0.021395
187.1,0.0074138,0.021589
187.2,0.0073379,0.021389
187.3,0.0074798,0.021531
187.4,0.0079509,0.021659
187.5,0.0087179,0.021772
187.6,0.0086926,0.021874
187.7,0.0086425,0.021987
187.8,0.0089648,0.022212
187.9,0.0096663,0.022335
188,0.0094762,0.022398
188.1,0.0096581,0.022422
188.2,0.0096478,0.022424
188.3,0.0095551,0.022479
188.4,0.0097919,0.022535
188.5,0.0092358,0.022553
188.6,0.0089952,0.022553
188.7,0.0088883,0.022415
188.8,0.0094603,0.022237
188.9,0.0094221,0.022184
189,0.0099238,0.02205
189.1,0.010142,0.021825
189.2,0.010065,0.021887
189.3,0.01026,0.021963
189.4,0.010349,0.021918
189.5,0.010258,0.021778
189.6,0.0099753,0.021463
189.7,0.0093539,0.021112
189.8,0.009099,0.020892
189.9,0.0091312,0.020888
190,0.0096379,0.021136
190.1,0.0093725,0.021042
190.2,0.0093554,0.020908
190.3,0.0090333,0.020813
190.4,0.0091443,0.020728
190.5,0.0090988,0.020555
190.6,0.0091178,0.020394
190.7,0.0094189,0.020272
190.8,0.010079,0.020376
190.9,0.0098365,0.020578
191,0.010005,0.02084
191.1,0.0099677,0.021176
191.2,0.010179,0.021023
191.3,0.010185,0.021282
191.4,0.010722,0.021333
191.5,0.011024,0.021287
191.6,0.011247,0.021501
191.7,0.011632,0.021735
191.8,0.012003,0.021792
191.9,0.012814,0.02185
192,0.013322,0.022129
192.1,0.013551,0.022383
192.2,0.012981,0.022095
192.3,0.012893,0.022252
192.4,0.012672,0.022327
192.5,0.012236,0.022302
192.6,0.012268,0.022567
192.7,0.012971,0.022704
192.8,0.013041,0.022633
192.9,0.013115,0.022486
193,0.012824,0.022435
193.1,0.012467,0.02241
193.2,0.011957,0.022175
193.3,0.011756,0.022405
193.4,0.012002,0.022389
193.5,0.011727,0.022121
193.6,0.011352,0.021801
193.7,0.011602,0.021783
193.8,0.010944,0.021676
193.9,0.010507,0.021579
194,0.010446,0.021381
194.1,0.010053,0.021619
194.2,0.010325,0.021744
194.3,0.010623,0.021731
194.4,0.011094,0.021815
194.5,0.010518,0.021837
194.6,0.0099426,0.021993
194.7,0.0099453,0.022045
194.8,0.0096284,0.022067
194.9,0.0086939,0.022124
195,0.0090671,0.022117
195.1,0.0092868,0.022197
195.2,0.0089028,0.022264
195.3,0.0092163,0.022121
195.4,0.0092885,0.022087
195.5,0.0087179,0.022111
195.6,0.0084537,0.022187
195.7,0.0087595,0.022435
195.8,0.0089855,0.022508
195.9,0.009483,0.022791
196,0.0090528,0.022997
196.1,0.008888,0.023069
196.2,0.008865,0.023071
196.3,0.0086262,0.022948
196.4,0.0082904,0.022993
196.5,0.0070148,0.023092
196.6,0.0064895,0.023297
196.7,0.0050599,0.023054
196.8,0.0043088,0.023006
196.9,0.0035165,0.022728
197,0.0029111,0.022537
197.1,0.0030825,0.022312
197.2,0.0032876,0.02195
197.3,0.0036988,0.021588
197.4,0.0044429,0.021362
197.5,0.0038552,0.02111
197.6,0.0046916,0.020912
197.7,0.0052904,0.020528
197.8,0.0059387,0.020301
197.9,0.0059904,0.020121
198,0.0067006,0.019849
198.1,0.0073812,0.01985
198.2,0.0086427,0.019724
198.3,0.0088465,0.019515
198.4,0.0099566,0.019586
198.5,0.010544,0.019886
198.6,0.010599,0.020038
198.7,0.010309,0.020106
198.8,0.0096292,0.020312
198.9,0.0096446,0.02051
199,0.0091219,0.020501
199.1,0.0087183,0.020737
199.2,0.0090906,0.021065
199.3,0.0090005,0.021229
199.4,0.0088734,0.021568
199.5,0.0091499,0.021788
199.6,0.0094627,0.021871
199.7,0.0097888,0.022174
199.8,0.010245,0.022313
199.9,0.0099987,0.022237
200,0.0091275,0.022346
200.1,0.00855,0.022447
200.2,0.0084067,0.022673
200.3,0.0080089,0.022793
200.4,0.0072724,0.022909
200.5,0.0069139,0.022819
200.6,0.0067838,0.022959
200.7,0.0065422,0.023004
200.8,0.0058109,0.023061
200.9,0.0057326,0.022992
201,0.0058579,0.022829
201.1,0.0056428,0.022662
201.2,0.0057549,0.022568
201.3,0.0058382,0.022532
201.4,0.0060788,0.022456
201.5,0.0069002,0.02238
201.6,0.0065084,0.022368
201.7,0.0068481,0.022303
201.8,0.0069424,0.022374
201.9,0.0066495,0.022286
202,0.0059088,0.022084
202.1,0.0061284,0.022128
202.2,0.0062592,0.021933
202.3,0.0066246,0.021918
202.4,0.0069289,0.021907
202.5,0.0078577,0.022047
202.6,0.0080154,0.021856
202.7,0.0082476,0.02175
202.8,0.0078412,0.021757
202.9,0.0082997,0.021645
203,0.0081246,0.021718
203.1,0.008213,0.021851
203.2,0.0086834,0.022257
203.3,0.0090191,0.022446
203.4,0.010155,0.022931
203.5,0.010739,0.023313
203.6,0.011108,0.0236
203.7,0.011927,0.023504
203.8,0.011982,0.023507
203.9,0.011959,0.023583
204,0.011244,0.02354
204.1,0.010971,0.023414
204.2,0.011131,0.023286
204.3,0.01085,0.023239
204.4,0.010698,0.023305
204.5,0.010923,0.023503
204.6,0.011056,0.023481
204.7,0.011193,0.02349
204.8,0.011081,0.023721
204.9,0.011093,0.024185
205,0.010848,0.024251
205.1,0.011002,0.024155
205.2,0.011318,0.023955
205.3,0.011246,0.023972
205.4,0.011308,0.024021
205.5,0.011608,0.023841
205.6,0.012328,0.023778
205.7,0.013127,0.023699
205.8,0.013666,0.023774
205.9,0.013947,0.023688
206,0.013954,0.02386
206.1,0.013342,0.023685
206.2,0.013143,0.023505
206.3,0.012497,0.023138
206.4,0.012083,0.022929
206.5,0.011058,0.022953
206.6,0.010161,0.022916
206.7,0.0093831,0.023018
206.8,0.0087399,0.022983
206.9,0.0086862,0.022968
207,0.0084409,0.023221
207.1,0.008477,0.023279
207.2,0.0083118,0.023415
207.3,0.0078258,0.023684
207.4,0.0078224,0.023823
207.5,0.0083733,0.024159
207.6,0.0087064,0.024275
207.7,0.0091653,0.024576
207.8,0.0098181,0.024795
207.9,0.0096159,0.024867
208,0.01022,0.024936
208.1,0.0099507,0.024616
208.2,0.010234,0.024464
208.3,0.010416,0.024084
208.4,0.010706,0.024101
208.5,0.010773,0.024101
208.6,0.010637,0.024114
208.7,0.010584,0.023906
208.8,0.010033,0.023793
208.9,0.0093852,0.023611
209,0.0086851,0.023673
209.1,0.0093771,0.023581
209.2,0.0091797,0.023749
209.3,0.0094632,0.023852
209.4,0.0093381,0.023921
209.5,0.0091314,0.023664
209.6,0.0083968,0.023385
209.7,0.0073658,0.022957
209.8,0.0071386,0.022673
209.9,0.0081428,0.02247
210,0.0090375,0.022447
210.1,0.0098919,0.022545
210.2,0.0098478,0.022532
210.3,0.010524,0.022634
210.4,0.011291,0.022703
210.5,0.011397,0.022844
210.6,0.011592,0.023033
210.7,0.011548,0.022945
210.8,0.01158,0.022963
210.9,0.011199,0.023278
211,0.01019,0.023372
211.1,0.0094091,0.023369
211.2,0.0090619,0.02357
211.3,0.0090826,0.023675
211.4,0.0087572,0.023728
211.5,0.0080585,0.023925
211.6,0.0076364,0.024036
211.7,0.006877,0.023887
211.8,0.0063701,0.023891
211.9,0.0063299,0.023907
212,0.0070415,0.024031
212.1,0.007591,0.023733
212.2,0.0082471,0.023733
212.3,0.0087234,0.023265
212.4,0.0088437,0.0232
212.5,0.008462,0.022813
212.6,0.0077097,0.022406
212.7,0.0075623,0.022219
212.8,0.0069283,0.022194
212.9,0.0064882,0.022114
213,0.0066513,0.022128
213.1,0.0067763,0.022093
213.2,0.0077644,0.022364
213.3,0.0084077,0.022691
213.4,0.0084757,0.022758
213.5,0.0075807,0.022911
213.6,0.0080386,0.023121
213.7,0.0077377,0.023142
213.8,0.0089667,0.023279
213.9,0.0098868,0.023443
214,0.010309,0.02355
214.1,0.011137,0.02367
214.2,0.012271,0.024047
214.3,0.013385,0.024241
214.4,0.013843,0.024239
214.5,0.014335,0.02426
214.6,0.014181,0.023877
214.7,0.014148,0.024077
214.8,0.015405,0.023993
214.9,0.016124,0.023865
215,0.016129,0.023739
215.1,0.016819,0.023502
215.2,0.017498,0.023245
215.3,0.018032,0.023191
215.4,0.01822,0.023408
215.5,0.019128,0.023574
215.6,0.019692,0.023659
215.7,0.020649,0.023839
215.8,0.02017,0.02389
215.9,0.020462,0.024018
216,0.020358,0.024092
216.1,0.020158,0.024208
216.2,0.020037,0.024321
216.3,0.018776,0.024457
216.4,0.01755,0.024541
216.5,0.016957,0.024413
216.6,0.016384,0.024227
216.7,0.01622,0.02413
216.8,0.015719,0.023967
216.9,0.015859,0.023897
217,0.015954,0.024179
217.1,0.014772,0.024437
217.2,0.014222,0.024591
217.3,0.013639,0.024743
217.4,0.013789,0.02458
217.5,0.014542,0.024743
217.6,0.015446,0.024803
217.7,0.015513,0.024603
217.8,0.015821,0.024596
217.9,0.01535,0.024277
218,0.01464,0.024317
218.1,0.014694,0.024216
218.2,0.01486,0.024281
218.3,0.01475,0.024228
218.4,0.014972,0.023976
218.5,0.014761,0.023974
218.6,0.015485,0.02398
218.7,0.015282,0.023985
218.8,0.015524,0.024206
218.9,0.015412,0.024609
219,0.015201,0.024664
219.1,0.016002,0.024767
219.2,0.016763,0.025015
219.3,0.016714,0.025387
219.4,0.016859,0.025598
219.5,0.016343,0.025707
219.6,0.015912,0.025721
219.7,0.015453,0.0258
219.8,0.015325,0.02595
219.9,0.015283,0.026088
220,0.015304,0.026108
220.1,0.015561,0.026144
220.2,0.017028,0.026388
220.3,0.017477,0.026608
220.4,0.018012,0.026801
220.5,0.018343,0.02673
220.6,0.018204,0.026669
220.7,0.01842,0.026856
220.8,0.01902,0.027024
220.9,0.019022,0.027288
221,0.019287,0.027149
221.1,0.018618,0.027131
221.2,0.018291,0.0271
221.3,0.018271,0.027031
221.4,0.01811,0.027069
221.5,0.017908,0.026878
221.6,0.018283,0.026853
221.7,0.018902,0.026872
221.8,0.019475,0.026966
221.9,0.01965,0.026875
222,0.020325,0.02714
222.1,0.02108,0.027148
222.2,0.021875,0.027212
222.3,0.021696,0.027001
222.4,0.022667,0.027138
222.5,0.02228,0.026906
222.6,0.02184,0.02678
222.7,0.0216,0.026647
222.8,0.02055,0.026336
222.9,0.01978,0.02613
223,0.018929,0.025906
223.1,0.018614,0.026006
223.2,0.018142,0.025892
223.3,0.018582,0.026158
223.4,0.019218,0.026321
223.5,0.019558,0.026305
223.6,0.019409,0.026425
223.7,0.019623,0.026546
223.8,0.019791,0.026476
223.9,0.019917,0.02646
224,0.019936,0.026486
224.1,0.019893,0.026311
224.2,0.019288,0.026211
224.3,0.019082,0.02622
224.4,0.017519,0.026202
224.5,0.017613,0.026413
224.6,0.017983,0.026558
224.7,0.018066,0.026769
224.8,0.018581,0.026834
224.9,0.019148,0.027168
225,0.019502,0.027204
225.1,0.020363,0.027498
225.2,0.021322,0.0274
225.3,0.022393,0.027558
225.4,0.023355,0.027884
225.5,0.023738,0.028136
225.6,0.024473,0.028302
225.7,0.024469,0.028129
225.8,0.024365,0.027949
225.9,0.024504,0.028071
226,0.023875,0.02792
226.1,0.023392,0.027816
226.2,0.022921,0.027745
226.3,0.021786,0.027825
226.4,0.021085,0.027875
226.5,0.020206,0.027822
226.6,0.019739,0.027956
226.7,0.019611,0.028231
