%t (s)	Idd (a.u.)	Ida (a.u.)	Iaa (a.u.)	FRET E
0.000	+4.511e+03	+4.322e+03	+9.814e+03	+0.489
0.100	+5.953e+03	+4.303e+03	+9.733e+03	+0.420
0.200	+7.505e+03	+2.830e+03	+1.080e+04	+0.274
0.300	+8.668e+03	+2.538e+03	+9.398e+03	+0.226
0.400	+8.062e+03	+2.849e+03	+1.001e+04	+0.261
0.500	+6.800e+03	+1.068e+03	+9.085e+03	+0.136
0.600	+5.989e+03	+2.617e+03	+1.004e+04	+0.304
0.700	+7.423e+03	+1.581e+03	+9.255e+03	+0.176
0.800	+8.337e+03	+3.899e+03	+1.065e+04	+0.319
0.900	+7.828e+03	+2.633e+03	+9.676e+03	+0.252
1.000	+7.392e+03	+2.992e+03	+1.042e+04	+0.288
1.100	+6.982e+03	+2.952e+03	+1.030e+04	+0.297
1.200	+7.888e+03	+1.278e+03	+1.032e+04	+0.139
1.300	+7.467e+03	+2.614e+03	+1.036e+04	+0.259
1.400	+7.812e+03	+2.851e+03	+9.580e+03	+0.267
1.500	+6.898e+03	+2.105e+03	+9.052e+03	+0.234
1.600	+7.510e+03	+3.684e+03	+1.080e+04	+0.329
1.700	+8.421e+03	+3.567e+03	+9.510e+03	+0.298
1.800	+6.509e+03	+2.707e+03	+1.034e+04	+0.294
1.900	+8.449e+03	+7.212e+02	+9.756e+03	+0.079
2.000	+7.124e+03	+3.862e+03	+9.832e+03	+0.352
2.100	+8.898e+03	+2.284e+03	+9.726e+03	+0.204
2.200	+6.794e+03	+2.341e+03	+9.485e+03	+0.256
2.300	+8.883e+03	+3.080e+03	+1.040e+04	+0.257
2.400	+7.953e+03	+2.643e+03	+1.007e+04	+0.249
2.500	+7.135e+03	+3.660e+03	+9.989e+03	+0.339
2.600	+7.787e+03	+2.869e+03	+1.111e+04	+0.269
2.700	+7.098e+03	+2.126e+03	+8.395e+03	+0.230
2.800	+7.810e+03	+4.071e+03	+9.458e+03	+0.343
2.900	+6.968e+03	+2.155e+03	+1.014e+04	+0.236
3.000	+7.009e+03	+3.259e+03	+1.089e+04	+0.317
3.100	+7.630e+03	+1.513e+03	+9.689e+03	+0.165
3.200	+6.627e+03	+2.952e+03	+1.146e+04	+0.308
3.300	+6.540e+03	+3.487e+03	+1.048e+04	+0.348
3.400	+8.673e+03	+2.714e+03	+1.081e+04	+0.238
3.500	+7.676e+03	+2.527e+03	+8.485e+03	+0.248
3.600	+6.800e+03	+3.902e+03	+9.974e+03	+0.365
3.700	+6.945e+03	+1.653e+03	+9.619e+03	+0.192
3.800	+7.425e+03	+2.918e+03	+1.163e+04	+0.282
3.900	+8.409e+03	+3.178e+03	+7.373e+03	+0.274
4.000	+8.451e+03	+1.597e+03	+1.111e+04	+0.159
4.100	+7.088e+03	+2.636e+03	+9.182e+03	+0.271
4.200	+7.844e+03	+2.814e+03	+1.009e+04	+0.264
4.300	+8.034e+03	+2.634e+03	+9.038e+03	+0.247
4.400	+7.647e+03	+3.273e+03	+9.405e+03	+0.300
4.500	+6.865e+03	+2.232e+03	+1.085e+04	+0.245
4.600	+7.401e+03	+3.687e+03	+8.977e+03	+0.333
4.700	+8.590e+03	+1.348e+03	+1.006e+04	+0.136
4.800	+7.626e+03	+2.733e+03	+1.090e+04	+0.264
4.900	+8.019e+03	+1.207e+03	+1.055e+04	+0.131
5.000	+6.498e+03	+2.168e+03	+8.824e+03	+0.250
5.100	+8.502e+03	+2.068e+03	+9.814e+03	+0.196
5.200	+8.179e+03	+2.557e+03	+1.013e+04	+0.238
5.300	+7.708e+03	+2.489e+03	+9.901e+03	+0.244
5.400	+7.509e+03	+3.005e+03	+9.467e+03	+0.286
5.500	+8.361e+03	+2.831e+03	+1.027e+04	+0.253
5.600	+7.240e+03	+1.909e+03	+1.053e+04	+0.209
5.700	+7.162e+03	+2.851e+03	+9.156e+03	+0.285
5.800	+8.068e+03	+2.184e+03	+1.012e+04	+0.213
5.900	+7.962e+03	+1.332e+03	+1.127e+04	+0.143
6.000	+9.317e+03	+1.934e+03	+9.207e+03	+0.172
6.100	+7.204e+03	+1.069e+03	+1.049e+04	+0.129
6.200	+6.739e+03	+2.412e+03	+9.196e+03	+0.264
6.300	+9.039e+03	+2.906e+03	+9.283e+03	+0.243
6.400	+7.469e+03	+2.334e+03	+9.190e+03	+0.238
6.500	+6.359e+03	+2.894e+03	+1.001e+04	+0.313
6.600	+7.971e+03	+2.716e+03	+9.491e+03	+0.254
6.700	+7.150e+03	+2.382e+03	+9.571e+03	+0.250
6.800	+8.557e+03	+2.810e+03	+1.017e+04	+0.247
6.900	+7.474e+03	+3.079e+03	+1.019e+04	+0.292
7.000	+6.492e+03	+2.879e+03	+9.251e+03	+0.307
7.100	+8.113e+03	+3.005e+03	+9.750e+03	+0.270
7.200	+7.385e+03	+2.324e+03	+9.518e+03	+0.239
7.300	+7.263e+03	+3.119e+03	+1.045e+04	+0.300
7.400	+6.446e+03	+3.401e+03	+9.366e+03	+0.345
7.500	+7.114e+03	+3.020e+03	+1.041e+04	+0.298
7.600	+7.866e+03	+1.845e+03	+9.160e+03	+0.190
7.700	+6.738e+03	+2.099e+03	+9.924e+03	+0.238
7.800	+6.443e+03	+1.569e+03	+1.107e+04	+0.196
7.900	+8.050e+03	+2.708e+03	+1.019e+04	+0.252
8.000	+7.732e+03	+2.929e+03	+9.620e+03	+0.275
8.100	+7.437e+03	+2.047e+03	+9.958e+03	+0.216
8.200	+7.076e+03	+1.886e+03	+1.071e+04	+0.210
8.300	+7.241e+03	+1.933e+03	+9.541e+03	+0.211
8.400	+8.830e+03	+1.845e+03	+1.016e+04	+0.173
8.500	+7.069e+03	+3.471e+03	+9.767e+03	+0.329
8.600	+8.580e+03	+2.119e+03	+1.028e+04	+0.198
8.700	+9.276e+03	+1.600e+03	+1.027e+04	+0.147
8.800	+7.795e+03	+3.348e+03	+1.058e+04	+0.300
8.900	+6.737e+03	+1.741e+03	+1.016e+04	+0.205
9.000	+8.368e+03	+3.350e+03	+1.036e+04	+0.286
9.100	+6.621e+03	+2.966e+03	+9.941e+03	+0.309
9.200	+8.726e+03	+3.303e+03	+1.024e+04	+0.275
9.300	+6.508e+03	+2.805e+03	+1.003e+04	+0.301
9.400	+7.835e+03	+2.529e+03	+1.057e+04	+0.244
9.500	+6.335e+03	+2.551e+03	+1.054e+04	+0.287
9.600	+6.984e+03	+2.498e+03	+9.639e+03	+0.263
9.700	+7.042e+03	+2.111e+03	+1.057e+04	+0.231
9.800	+7.169e+03	+3.268e+03	+1.081e+04	+0.313
9.900	+8.727e+03	+3.172e+03	+8.786e+03	+0.267
10.000	+6.464e+03	+1.942e+03	+1.068e+04	+0.231
10.100	+8.594e+03	+1.076e+03	+1.137e+04	+0.111
10.200	+7.614e+03	+2.327e+03	+8.684e+03	+0.234
10.300	+6.621e+03	+3.112e+03	+1.047e+04	+0.320
10.400	+7.774e+03	+2.863e+03	+1.062e+04	+0.269
10.500	+7.370e+03	+1.807e+03	+9.930e+03	+0.197
10.600	+7.779e+03	+2.500e+03	+1.004e+04	+0.243
10.700	+7.569e+03	+3.801e+03	+1.037e+04	+0.334
10.800	+6.491e+03	+2.396e+03	+9.868e+03	+0.270
10.900	+6.551e+03	+2.324e+03	+1.142e+04	+0.262
11.000	+6.686e+03	+2.503e+03	+9.765e+03	+0.272
11.100	+7.504e+03	+3.303e+03	+1.008e+04	+0.306
11.200	+7.114e+03	+2.899e+03	+1.018e+04	+0.289
11.300	+7.248e+03	+1.472e+03	+9.948e+03	+0.169
11.400	+7.595e+03	+1.832e+03	+9.990e+03	+0.194
11.500	+6.847e+03	+2.315e+03	+1.016e+04	+0.253
11.600	+7.951e+03	+3.183e+03	+1.053e+04	+0.286
11.700	+7.846e+03	+2.260e+03	+9.097e+03	+0.224
11.800	+6.571e+03	+2.751e+03	+1.006e+04	+0.295
11.900	+8.201e+03	+1.604e+03	+1.031e+04	+0.164
12.000	+7.038e+03	+2.075e+03	+1.137e+04	+0.228
12.100	+7.749e+03	+3.571e+03	+1.012e+04	+0.315
12.200	+6.712e+03	+3.568e+03	+1.048e+04	+0.347
12.300	+7.668e+03	+2.041e+03	+1.081e+04	+0.210
12.400	+7.472e+03	+2.225e+03	+9.607e+03	+0.229
12.500	+7.457e+03	+1.660e+03	+9.908e+03	+0.182
12.600	+8.026e+03	+2.596e+03	+1.034e+04	+0.244
12.700	+7.342e+03	+2.332e+03	+9.619e+03	+0.241
12.800	+6.144e+03	+2.188e+03	+1.170e+04	+0.263
12.900	+9.594e+03	+2.362e+03	+1.094e+04	+0.198
13.000	+7.642e+03	+2.183e+03	+9.289e+03	+0.222
13.100	+6.505e+03	+2.423e+03	+9.830e+03	+0.271
13.200	+7.581e+03	+2.895e+03	+9.888e+03	+0.276
13.300	+6.355e+03	+1.686e+03	+1.112e+04	+0.210
13.400	+8.626e+03	+3.057e+03	+1.122e+04	+0.262
13.500	+7.889e+03	+2.696e+03	+1.026e+04	+0.255
13.600	+8.319e+03	+2.266e+03	+1.022e+04	+0.214
13.700	+8.243e+03	+2.969e+03	+1.127e+04	+0.265
13.800	+8.081e+03	+3.221e+03	+9.109e+03	+0.285
13.900	+7.174e+03	+2.563e+03	+7.993e+03	+0.263
14.000	+7.752e+03	+2.805e+03	+9.632e+03	+0.266
14.100	+8.031e+03	+2.026e+03	+9.444e+03	+0.201
14.200	+7.704e+03	+7.918e+02	+9.857e+03	+0.093
14.300	+7.169e+03	+2.787e+03	+9.532e+03	+0.280
14.400	+7.045e+03	+3.159e+03	+1.154e+04	+0.310
14.500	+8.070e+03	+2.565e+03	+1.059e+04	+0.241
14.600	+8.456e+03	+7.370e+02	+1.053e+04	+0.080
14.700	+7.331e+03	+2.372e+03	+9.302e+03	+0.244
14.800	+7.650e+03	+2.964e+03	+1.010e+04	+0.279
14.900	+8.000e+03	+2.651e+03	+1.132e+04	+0.249
15.000	+8.032e+03	+3.547e+03	+1.021e+04	+0.306
15.100	+7.869e+03	+3.434e+03	+9.601e+03	+0.304
15.200	+6.505e+03	+2.077e+03	+9.266e+03	+0.242
15.300	+7.904e+03	+3.075e+03	+1.053e+04	+0.280
15.400	+7.532e+03	+1.915e+03	+9.843e+03	+0.203
15.500	+8.227e+03	+2.846e+03	+9.863e+03	+0.257
15.600	+7.156e+03	+2.391e+03	+9.276e+03	+0.250
15.700	+7.519e+03	+2.873e+03	+9.220e+03	+0.276
15.800	+7.298e+03	+2.604e+03	+1.064e+04	+0.263
15.900	+7.714e+03	+3.044e+03	+1.081e+04	+0.283
16.000	+8.555e+03	+3.562e+03	+1.107e+04	+0.294
16.100	+8.115e+03	+2.410e+03	+1.030e+04	+0.229
16.200	+7.146e+03	+2.933e+03	+1.043e+04	+0.291
16.300	+7.219e+03	+2.686e+03	+1.029e+04	+0.271
16.400	+7.084e+03	+2.384e+03	+1.047e+04	+0.252
16.500	+7.337e+03	+3.224e+03	+1.061e+04	+0.305
16.600	+7.636e+03	+2.979e+03	+1.082e+04	+0.281
16.700	+7.290e+03	+1.803e+03	+1.084e+04	+0.198
16.800	+7.752e+03	+2.750e+03	+9.614e+03	+0.262
16.900	+6.580e+03	+2.543e+03	+9.753e+03	+0.279
17.000	+8.092e+03	+2.647e+03	+1.011e+04	+0.246
17.100	+8.860e+03	+2.092e+03	+1.043e+04	+0.191
17.200	+7.003e+03	+1.920e+03	+9.692e+03	+0.215
17.300	+7.258e+03	+2.303e+03	+9.606e+03	+0.241
17.400	+7.301e+03	+2.138e+03	+1.033e+04	+0.227
17.500	+6.000e+03	+3.755e+03	+9.200e+03	+0.385
17.600	+7.288e+03	+2.828e+03	+1.049e+04	+0.280
17.700	+7.870e+03	+2.024e+03	+9.824e+03	+0.205
17.800	+7.535e+03	+1.927e+03	+9.547e+03	+0.204
17.900	+7.835e+03	+3.667e+03	+9.080e+03	+0.319
18.000	+7.550e+03	+1.698e+03	+1.122e+04	+0.184
18.100	+7.932e+03	+3.903e+03	+9.789e+03	+0.330
18.200	+7.358e+03	+2.553e+03	+9.006e+03	+0.258
18.300	+8.293e+03	+3.214e+03	+1.058e+04	+0.279
18.400	+7.830e+03	+1.946e+03	+1.031e+04	+0.199
18.500	+7.094e+03	+3.059e+03	+9.593e+03	+0.301
18.600	+8.257e+03	+2.718e+03	+9.421e+03	+0.248
18.700	+7.631e+03	+2.281e+03	+9.819e+03	+0.230
18.800	+6.281e+03	+2.907e+03	+9.843e+03	+0.316
18.900	+7.446e+03	+2.952e+03	+1.046e+04	+0.284
19.000	+8.041e+03	+3.134e+03	+1.039e+04	+0.280
19.100	+7.803e+03	+2.506e+03	+9.651e+03	+0.243
19.200	+7.827e+03	+3.247e+03	+9.937e+03	+0.293
19.300	+6.723e+03	+3.284e+03	+9.699e+03	+0.328
19.400	+6.634e+03	+2.436e+03	+1.057e+04	+0.269
19.500	+7.216e+03	+3.787e+02	+1.086e+04	+0.050
19.600	+8.152e+03	+2.641e+03	+9.080e+03	+0.245
19.700	+8.381e+03	+2.667e+03	+1.082e+04	+0.241
19.800	+6.860e+03	+2.563e+03	+9.243e+03	+0.272
19.900	+8.537e+03	+2.938e+03	+1.039e+04	+0.256
20.000	+8.340e+03	+3.374e+03	+9.178e+03	+0.288
20.100	+7.353e+03	+2.996e+03	+1.014e+04	+0.290
20.200	+7.930e+03	+3.161e+03	+1.044e+04	+0.285
20.300	+7.732e+03	+3.550e+03	+1.065e+04	+0.315
20.400	+7.396e+03	+3.730e+03	+1.006e+04	+0.335
20.500	+8.194e+03	+3.084e+03	+1.122e+04	+0.273
20.600	+8.651e+03	+3.036e+03	+9.582e+03	+0.260
20.700	+7.921e+03	+2.595e+03	+9.580e+03	+0.247
20.800	+7.648e+03	+2.060e+03	+8.734e+03	+0.212
20.900	+8.437e+03	+2.492e+03	+1.076e+04	+0.228
21.000	+7.711e+03	+1.865e+03	+1.142e+04	+0.195
21.100	+7.673e+03	+2.557e+03	+9.664e+03	+0.250
21.200	+7.761e+03	+2.458e+03	+1.025e+04	+0.241
21.300	+7.427e+03	+3.628e+03	+1.093e+04	+0.328
21.400	+6.316e+03	+2.420e+03	+1.020e+04	+0.277
21.500	+7.788e+03	+3.189e+03	+1.028e+04	+0.291
21.600	+7.943e+03	+3.169e+03	+8.588e+03	+0.285
21.700	+6.923e+03	+2.995e+03	+1.029e+04	+0.302
21.800	+7.463e+03	+2.713e+03	+9.307e+03	+0.267
21.900	+7.091e+03	+1.261e+03	+9.062e+03	+0.151
22.000	+7.156e+03	+1.191e+03	+8.991e+03	+0.143
22.100	+7.230e+03	+3.154e+03	+8.950e+03	+0.304
22.200	+6.027e+03	+2.050e+03	+9.981e+03	+0.254
22.300	+7.881e+03	+2.507e+03	+8.907e+03	+0.241
22.400	+6.419e+03	+1.884e+03	+1.040e+04	+0.227
22.500	+7.475e+03	+3.188e+03	+1.009e+04	+0.299
22.600	+7.917e+03	+4.217e+03	+1.040e+04	+0.348
22.700	+7.068e+03	+1.904e+03	+1.007e+04	+0.212
22.800	+7.244e+03	+3.069e+03	+9.520e+03	+0.298
22.900	+7.274e+03	+3.019e+03	+1.042e+04	+0.293
23.000	+7.271e+03	+2.782e+03	+1.045e+04	+0.277
23.100	+7.248e+03	+3.284e+03	+1.001e+04	+0.312
23.200	+8.038e+03	+1.904e+03	+1.011e+04	+0.191
23.300	+7.010e+03	+2.477e+03	+9.476e+03	+0.261
23.400	+7.800e+03	+2.461e+03	+1.019e+04	+0.240
23.500	+6.699e+03	+1.937e+03	+9.549e+03	+0.224
23.600	+6.952e+03	+2.667e+03	+8.945e+03	+0.277
23.700	+7.642e+03	+1.944e+03	+1.111e+04	+0.203
23.800	+8.534e+03	+3.530e+03	+8.842e+03	+0.293
23.900	+6.302e+03	+2.415e+03	+9.095e+03	+0.277
24.000	+6.806e+03	+1.900e+03	+9.492e+03	+0.218
24.100	+6.805e+03	+2.925e+03	+1.024e+04	+0.301
24.200	+7.738e+03	+3.470e+03	+9.881e+03	+0.310
24.300	+7.171e+03	+1.227e+03	+9.682e+03	+0.146
24.400	+7.293e+03	+1.735e+03	+1.111e+04	+0.192
24.500	+5.996e+03	+2.827e+03	+1.086e+04	+0.320
24.600	+8.565e+03	+1.220e+03	+1.049e+04	+0.125
24.700	+6.914e+03	+3.604e+03	+1.006e+04	+0.343
24.800	+7.467e+03	+2.235e+03	+1.051e+04	+0.230
24.900	+6.743e+03	+2.326e+03	+9.813e+03	+0.256
25.000	+6.687e+03	+2.157e+03	+9.818e+03	+0.244
25.100	+6.063e+03	+3.055e+03	+9.100e+03	+0.335
25.200	+6.947e+03	+2.756e+03	+1.055e+04	+0.284
25.300	+5.783e+03	+3.091e+03	+1.044e+04	+0.348
25.400	+8.329e+03	+2.313e+03	+8.722e+03	+0.217
25.500	+7.532e+03	+4.501e+03	+1.012e+04	+0.374
25.600	+8.555e+03	+3.684e+03	+9.393e+03	+0.301
25.700	+7.053e+03	+2.914e+03	+1.015e+04	+0.292
25.800	+7.644e+03	+2.418e+03	+1.070e+04	+0.240
25.900	+7.573e+03	+2.498e+03	+1.034e+04	+0.248
26.000	+7.384e+03	+2.707e+03	+1.148e+04	+0.268
26.100	+7.208e+03	+3.766e+03	+1.002e+04	+0.343
26.200	+7.777e+03	+3.709e+03	+1.025e+04	+0.323
26.300	+7.105e+03	+2.994e+03	+9.815e+03	+0.296
26.400	+7.917e+03	+2.497e+03	+9.601e+03	+0.240
26.500	+7.005e+03	+3.661e+03	+9.919e+03	+0.343
26.600	+7.242e+03	+2.442e+03	+9.963e+03	+0.252
26.700	+7.218e+03	+3.374e+03	+1.041e+04	+0.319
26.800	+7.805e+03	+2.454e+03	+1.005e+04	+0.239
26.900	+6.557e+03	+1.378e+03	+1.163e+04	+0.174
27.000	+8.218e+03	+2.782e+03	+9.755e+03	+0.253
27.100	+7.285e+03	+2.026e+03	+1.111e+04	+0.218
27.200	+7.702e+03	+2.839e+03	+1.048e+04	+0.269
27.300	+8.154e+03	+2.238e+03	+1.106e+04	+0.215
27.400	+7.393e+03	+4.023e+03	+1.004e+04	+0.352
27.500	+7.118e+03	+1.846e+03	+9.079e+03	+0.206
27.600	+6.635e+03	+2.882e+03	+1.120e+04	+0.303
27.700	+8.048e+03	+2.839e+03	+1.091e+04	+0.261
27.800	+7.556e+03	+3.470e+03	+9.449e+03	+0.315
27.900	+8.287e+03	+2.061e+03	+9.390e+03	+0.199
28.000	+9.162e+03	+3.711e+03	+1.016e+04	+0.288
28.100	+7.532e+03	+3.244e+03	+1.058e+04	+0.301
28.200	+7.306e+03	+1.998e+03	+1.060e+04	+0.215
28.300	+7.295e+03	+2.730e+03	+9.235e+03	+0.272
28.400	+7.642e+03	+2.603e+03	+9.952e+03	+0.254
28.500	+5.861e+03	+2.339e+03	+9.864e+03	+0.285
28.600	+7.718e+03	+2.934e+03	+1.021e+04	+0.275
28.700	+8.331e+03	+2.645e+03	+9.605e+03	+0.241
28.800	+6.568e+03	+2.442e+03	+9.886e+03	+0.271
28.900	+7.026e+03	+3.205e+03	+1.081e+04	+0.313
29.000	+7.626e+03	+1.612e+03	+1.005e+04	+0.175
29.100	+7.432e+03	+3.749e+03	+9.662e+03	+0.335
29.200	+6.476e+03	+1.061e+03	+9.628e+03	+0.141
29.300	+7.254e+03	+3.567e+03	+1.001e+04	+0.330
29.400	+5.759e+03	+3.005e+03	+1.078e+04	+0.343
29.500	+7.732e+03	+2.374e+03	+1.035e+04	+0.235
29.600	+6.476e+03	+2.086e+03	+9.898e+03	+0.244
29.700	+6.689e+03	+2.737e+03	+1.074e+04	+0.290
29.800	+7.439e+03	+3.173e+03	+1.054e+04	+0.299
29.900	+6.093e+03	+2.829e+03	+9.848e+03	+0.317
30.000	+7.795e+03	+2.108e+03	+9.820e+03	+0.213
30.100	+7.399e+03	+1.407e+03	+8.965e+03	+0.160
30.200	+6.699e+03	+3.392e+03	+1.000e+04	+0.336
30.300	+7.946e+03	+1.881e+03	+1.115e+04	+0.191
30.400	+7.863e+03	+2.168e+03	+1.019e+04	+0.216
30.500	+7.870e+03	+3.400e+03	+9.409e+03	+0.302
30.600	+6.870e+03	+2.231e+03	+1.029e+04	+0.245
30.700	+7.131e+03	+3.089e+03	+1.096e+04	+0.302
30.800	+6.601e+03	+1.867e+03	+9.575e+03	+0.221
30.900	+7.182e+03	+1.365e+03	+1.055e+04	+0.160
31.000	+9.134e+03	+1.391e+03	+1.113e+04	+0.132
31.100	+7.577e+03	+2.670e+03	+8.283e+03	+0.261
31.200	+6.550e+03	+2.487e+03	+1.145e+04	+0.275
31.300	+7.477e+03	+4.397e+03	+9.381e+03	+0.370
31.400	+7.547e+03	+2.022e+03	+9.733e+03	+0.211
31.500	+6.799e+03	+2.882e+03	+1.031e+04	+0.298
31.600	+7.488e+03	+3.192e+03	+9.344e+03	+0.299
31.700	+8.854e+03	+1.889e+03	+1.036e+04	+0.176
31.800	+6.620e+03	+2.051e+03	+9.276e+03	+0.237
31.900	+7.022e+03	+2.991e+03	+1.061e+04	+0.299
32.000	+6.439e+03	+2.179e+03	+1.095e+04	+0.253
32.100	+5.853e+03	+3.052e+03	+1.017e+04	+0.343
32.200	+7.939e+03	+2.896e+03	+1.046e+04	+0.267
32.300	+7.601e+03	+2.605e+03	+8.746e+03	+0.255
32.400	+8.041e+03	+1.758e+03	+1.090e+04	+0.179
32.500	+7.290e+03	+1.082e+03	+9.721e+03	+0.129
32.600	+7.359e+03	+3.687e+03	+9.507e+03	+0.334
32.700	+7.247e+03	+1.995e+03	+1.107e+04	+0.216
32.800	+6.514e+03	+3.696e+03	+9.570e+03	+0.362
32.900	+7.411e+03	+2.096e+03	+1.028e+04	+0.220
33.000	+6.760e+03	+1.886e+03	+9.553e+03	+0.218
33.100	+7.818e+03	+2.949e+03	+1.026e+04	+0.274
33.200	+7.215e+03	+2.230e+03	+9.434e+03	+0.236
33.300	+9.358e+03	+3.006e+03	+1.024e+04	+0.243
33.400	+7.490e+03	+2.980e+03	+9.727e+03	+0.285
33.500	+6.939e+03	+1.827e+03	+1.045e+04	+0.208
33.600	+7.228e+03	+2.403e+03	+1.180e+04	+0.249
33.700	+6.835e+03	+2.248e+03	+1.019e+04	+0.248
33.800	+7.315e+03	+2.586e+03	+9.915e+03	+0.261
33.900	+8.710e+03	+2.606e+03	+9.004e+03	+0.230
34.000	+6.833e+03	+2.079e+03	+1.038e+04	+0.233
34.100	+8.518e+03	+2.509e+03	+1.023e+04	+0.228
34.200	+7.758e+03	+2.183e+03	+9.469e+03	+0.220
34.300	+7.081e+03	+2.165e+03	+9.103e+03	+0.234
34.400	+7.546e+03	+2.550e+03	+9.694e+03	+0.253
34.500	+7.632e+03	+2.594e+03	+9.469e+03	+0.254
34.600	+7.016e+03	+2.350e+03	+9.768e+03	+0.251
34.700	+7.815e+03	+3.671e+03	+9.684e+03	+0.320
34.800	+6.988e+03	+2.887e+03	+1.038e+04	+0.292
34.900	+8.165e+03	+1.882e+03	+9.025e+03	+0.187
35.000	+7.575e+03	+2.723e+03	+1.064e+04	+0.264
35.100	+7.675e+03	+2.137e+03	+9.487e+03	+0.218
35.200	+6.973e+03	+3.776e+03	+9.533e+03	+0.351
35.300	+8.233e+03	+3.340e+03	+9.417e+03	+0.289
35.400	+6.771e+03	+3.031e+03	+9.771e+03	+0.309
35.500	+7.830e+03	+2.141e+03	+1.111e+04	+0.215
35.600	+7.496e+03	+2.311e+03	+9.183e+03	+0.236
35.700	+9.133e+03	+2.455e+03	+1.040e+04	+0.212
35.800	+7.640e+03	+3.568e+03	+9.698e+03	+0.318
35.900	+5.802e+03	+1.706e+02	+9.861e+03	+0.029
36.000	+7.907e+03	+2.209e+03	+1.160e+04	+0.218
36.100	+8.574e+03	+1.692e+03	+1.084e+04	+0.165
36.200	+6.627e+03	+2.388e+03	+9.649e+03	+0.265
36.300	+7.528e+03	+3.420e+03	+8.908e+03	+0.312
36.400	+8.589e+03	+1.995e+03	+9.744e+03	+0.188
36.500	+7.934e+03	+3.077e+03	+1.183e+04	+0.279
36.600	+7.786e+03	+2.747e+03	+9.796e+03	+0.261
36.700	+8.148e+03	+2.849e+03	+9.698e+03	+0.259
36.800	+8.132e+03	+1.080e+03	+8.488e+03	+0.117
36.900	+7.610e+03	+2.882e+03	+9.074e+03	+0.275
37.000	+7.785e+03	+3.598e+03	+9.525e+03	+0.316
37.100	+7.354e+03	+2.819e+03	+9.439e+03	+0.277
37.200	+9.078e+03	+3.382e+03	+1.150e+04	+0.271
37.300	+8.076e+03	+2.477e+03	+8.626e+03	+0.235
37.400	+5.844e+03	+3.351e+03	+1.051e+04	+0.364
37.500	+7.295e+03	+1.662e+03	+1.028e+04	+0.186
37.600	+7.780e+03	+2.176e+03	+9.781e+03	+0.219
37.700	+7.466e+03	+2.459e+03	+1.053e+04	+0.248
37.800	+7.336e+03	+2.669e+03	+9.383e+03	+0.267
37.900	+6.446e+03	+2.817e+03	+9.881e+03	+0.304
38.000	+7.402e+03	+1.555e+03	+1.077e+04	+0.174
38.100	+6.968e+03	+2.676e+03	+1.091e+04	+0.277
38.200	+7.967e+03	+1.987e+03	+8.706e+03	+0.200
38.300	+7.593e+03	+2.355e+03	+1.051e+04	+0.237
38.400	+6.642e+03	+2.944e+03	+9.440e+03	+0.307
38.500	+6.938e+03	+2.987e+03	+9.494e+03	+0.301
38.600	+7.640e+03	+1.488e+03	+1.047e+04	+0.163
38.700	+7.830e+03	+2.756e+03	+1.058e+04	+0.260
38.800	+7.045e+03	+2.167e+03	+1.030e+04	+0.235
38.900	+6.577e+03	+3.982e+03	+9.708e+03	+0.377
39.000	+7.243e+03	+2.390e+03	+1.011e+04	+0.248
39.100	+6.173e+03	+2.762e+03	+1.013e+04	+0.309
39.200	+7.798e+03	+2.235e+03	+1.001e+04	+0.223
39.300	+6.345e+03	+2.727e+03	+1.019e+04	+0.301
39.400	+7.610e+03	+2.598e+03	+9.519e+03	+0.254
39.500	+8.028e+03	+2.862e+03	+1.103e+04	+0.263
39.600	+6.200e+03	+1.743e+03	+9.905e+03	+0.219
39.700	+7.350e+03	+2.965e+03	+1.036e+04	+0.287
39.800	+8.022e+03	+8.213e+02	+9.853e+03	+0.093
39.900	+6.873e+03	+2.548e+03	+1.003e+04	+0.270
40.000	+9.490e+03	+2.694e+03	+9.657e+03	+0.221
40.100	+7.702e+03	+2.224e+03	+1.031e+04	+0.224
40.200	+6.067e+03	+2.818e+03	+9.794e+03	+0.317
40.300	+7.756e+03	+2.766e+03	+1.107e+04	+0.263
40.400	+8.891e+03	+3.558e+03	+9.928e+03	+0.286
40.500	+6.938e+03	+2.718e+03	+9.378e+03	+0.281
40.600	+6.809e+03	+2.756e+03	+9.540e+03	+0.288
40.700	+8.078e+03	+2.570e+03	+8.703e+03	+0.241
40.800	+5.357e+03	+3.132e+03	+9.809e+03	+0.369
40.900	+7.687e+03	+3.314e+03	+9.348e+03	+0.301
41.000	+7.265e+03	+1.951e+03	+9.528e+03	+0.212
41.100	+8.456e+03	+2.585e+03	+8.712e+03	+0.234
41.200	+7.701e+03	+3.005e+03	+1.023e+04	+0.281
41.300	+6.992e+03	+2.886e+03	+9.206e+03	+0.292
41.400	+7.383e+03	+2.167e+03	+1.021e+04	+0.227
41.500	+8.082e+03	+2.911e+03	+1.031e+04	+0.265
41.600	+8.252e+03	+3.627e+03	+1.005e+04	+0.305
41.700	+7.720e+03	+2.318e+03	+9.818e+03	+0.231
41.800	+7.926e+03	+1.748e+03	+9.301e+03	+0.181
41.900	+8.060e+03	+2.350e+03	+1.082e+04	+0.226
42.000	+7.577e+03	+2.174e+03	+1.042e+04	+0.223
42.100	+7.893e+03	+2.480e+03	+8.806e+03	+0.239
42.200	+9.085e+03	+4.157e+03	+9.992e+03	+0.314
42.300	+8.184e+03	+3.634e+03	+9.746e+03	+0.308
42.400	+8.998e+03	+3.162e+03	+1.030e+04	+0.260
42.500	+8.809e+03	+2.181e+03	+9.792e+03	+0.198
42.600	+8.762e+03	+2.898e+03	+9.656e+03	+0.249
42.700	+6.492e+03	+3.194e+03	+1.065e+04	+0.330
42.800	+6.137e+03	+3.194e+03	+1.024e+04	+0.342
42.900	+6.478e+03	+2.783e+03	+1.052e+04	+0.301
43.000	+8.031e+03	+2.855e+03	+9.609e+03	+0.262
43.100	+7.990e+03	+1.814e+03	+1.014e+04	+0.185
43.200	+8.785e+03	+2.227e+03	+9.365e+03	+0.202
43.300	+7.359e+03	+1.228e+03	+1.019e+04	+0.143
43.400	+7.707e+03	+1.826e+03	+1.039e+04	+0.192
43.500	+7.911e+03	+2.490e+03	+1.058e+04	+0.239
43.600	+7.762e+03	+2.491e+03	+1.068e+04	+0.243
43.700	+6.342e+03	+3.841e+03	+9.807e+03	+0.377
43.800	+8.103e+03	+3.416e+03	+9.185e+03	+0.297
43.900	+7.388e+03	+2.410e+03	+9.003e+03	+0.246
44.000	+9.246e+03	+1.002e+03	+9.348e+03	+0.098
44.100	+6.762e+03	+2.303e+03	+9.767e+03	+0.254
44.200	+7.204e+03	+2.521e+03	+9.649e+03	+0.259
44.300	+7.513e+03	+2.745e+03	+1.069e+04	+0.268
44.400	+6.563e+03	+2.145e+03	+1.107e+04	+0.246
44.500	+6.676e+03	+3.858e+03	+1.041e+04	+0.366
44.600	+7.996e+03	+1.195e+03	+8.988e+03	+0.130
44.700	+8.750e+03	+2.318e+03	+1.096e+04	+0.209
44.800	+7.596e+03	+3.146e+03	+1.002e+04	+0.293
44.900	+6.706e+03	+2.322e+03	+9.032e+03	+0.257
45.000	+8.277e+03	+3.591e+03	+8.623e+03	+0.303
45.100	+7.277e+03	+2.775e+03	+1.053e+04	+0.276
45.200	+8.251e+03	+2.781e+03	+1.061e+04	+0.252
45.300	+6.997e+03	+3.135e+03	+1.108e+04	+0.309
45.400	+6.178e+03	+2.228e+03	+1.037e+04	+0.265
45.500	+7.667e+03	+1.686e+03	+9.430e+03	+0.180
45.600	+6.788e+03	+3.677e+03	+1.038e+04	+0.351
45.700	+8.647e+03	+1.464e+03	+1.054e+04	+0.145
45.800	+6.805e+03	+2.972e+03	+9.357e+03	+0.304
45.900	+6.886e+03	+1.841e+03	+1.011e+04	+0.211
46.000	+7.208e+03	+3.950e+03	+1.055e+04	+0.354
46.100	+8.478e+03	+4.772e+03	+7.138e+03	+0.360
46.200	+6.356e+03	+1.600e+03	+9.048e+03	+0.201
46.300	+7.643e+03	+4.032e+03	+1.186e+04	+0.345
46.400	+8.057e+03	+3.650e+03	+1.027e+04	+0.312
46.500	+7.442e+03	+3.075e+03	+9.970e+03	+0.292
46.600	+7.196e+03	+2.489e+03	+1.061e+04	+0.257
46.700	+7.811e+03	+3.336e+03	+1.052e+04	+0.299
46.800	+7.867e+03	+3.051e+03	+1.134e+04	+0.279
46.900	+7.082e+03	+1.485e+03	+1.023e+04	+0.173
47.000	+8.842e+03	+2.429e+03	+1.048e+04	+0.215
47.100	+8.038e+03	+1.319e+03	+1.023e+04	+0.141
47.200	+8.881e+03	+2.339e+03	+9.906e+03	+0.208
47.300	+6.252e+03	+1.594e+03	+1.062e+04	+0.203
47.400	+8.620e+03	+3.953e+03	+1.006e+04	+0.314
47.500	+6.829e+03	+1.758e+03	+1.155e+04	+0.205
47.600	+7.137e+03	+2.606e+03	+9.422e+03	+0.267
47.700	+7.693e+03	+2.823e+03	+9.752e+03	+0.268
47.800	+8.403e+03	+2.939e+03	+9.561e+03	+0.259
47.900	+6.385e+03	+2.175e+03	+1.006e+04	+0.254
48.000	+7.493e+03	+2.259e+03	+1.025e+04	+0.232
48.100	+7.304e+03	+3.224e+03	+1.027e+04	+0.306
48.200	+7.526e+03	+3.422e+03	+1.007e+04	+0.313
48.300	+7.854e+03	+2.673e+03	+9.614e+03	+0.254
48.400	+7.637e+03	+3.228e+03	+8.557e+03	+0.297
48.500	+6.911e+03	+2.550e+03	+8.817e+03	+0.270
48.600	+7.497e+03	+2.752e+03	+1.011e+04	+0.268
48.700	+8.261e+03	+3.662e+03	+1.006e+04	+0.307
48.800	+7.622e+03	+2.621e+03	+9.655e+03	+0.256
48.900	+8.454e+03	+2.881e+03	+1.082e+04	+0.254
49.000	+7.936e+03	+2.319e+03	+1.065e+04	+0.226
49.100	+6.602e+03	+1.381e+03	+9.585e+03	+0.173
49.200	+6.811e+03	+3.504e+03	+9.275e+03	+0.340
49.300	+7.601e+03	+2.793e+03	+9.400e+03	+0.269
49.400	+8.085e+03	+1.994e+03	+9.332e+03	+0.198
49.500	+6.570e+03	+2.365e+03	+1.018e+04	+0.265
49.600	+8.937e+03	+2.475e+03	+9.713e+03	+0.217
49.700	+8.874e+03	+2.784e+03	+9.990e+03	+0.239
49.800	+7.400e+03	+3.790e+03	+9.318e+03	+0.339
49.900	+7.659e+03	+3.433e+03	+9.106e+03	+0.309
50.000	+6.790e+03	+2.910e+03	+1.102e+04	+0.300
50.100	+7.390e+03	+2.791e+03	+1.067e+04	+0.274
50.200	+8.809e+03	+2.740e+03	+9.368e+03	+0.237
50.300	+7.611e+03	+2.379e+03	+9.059e+03	+0.238
50.400	+7.743e+03	+2.988e+03	+9.666e+03	+0.278
50.500	+8.142e+03	+2.991e+03	+1.066e+04	+0.269
50.600	+7.518e+03	+2.906e+03	+9.631e+03	+0.279
50.700	+8.365e+03	+3.090e+03	+9.997e+03	+0.270
50.800	+7.948e+03	+2.435e+03	+1.028e+04	+0.235
50.900	+6.869e+03	+2.975e+03	+1.012e+04	+0.302
51.000	+7.492e+03	+2.489e+03	+8.153e+03	+0.249
51.100	+7.140e+03	+2.264e+03	+1.010e+04	+0.241
51.200	+7.185e+03	+2.477e+03	+8.707e+03	+0.256
51.300	+7.312e+03	+2.546e+03	+9.750e+03	+0.258
51.400	+6.889e+03	+2.675e+03	+1.052e+04	+0.280
51.500	+7.192e+03	+3.273e+03	+9.998e+03	+0.313
51.600	+7.611e+03	+1.439e+03	+9.724e+03	+0.159
51.700	+7.713e+03	+3.349e+03	+9.813e+03	+0.303
51.800	+7.701e+03	+1.416e+03	+1.036e+04	+0.155
51.900	+7.242e+03	+1.929e+03	+9.798e+03	+0.210
52.000	+7.933e+03	+3.870e+03	+1.003e+04	+0.328
52.100	+7.499e+03	+2.822e+03	+9.686e+03	+0.273
52.200	+7.473e+03	+3.191e+03	+1.002e+04	+0.299
52.300	+6.996e+03	+4.265e+03	+9.195e+03	+0.379
52.400	+6.734e+03	+2.245e+03	+9.237e+03	+0.250
52.500	+6.548e+03	+4.141e+03	+1.027e+04	+0.387
52.600	+7.317e+03	+4.363e+03	+8.537e+03	+0.374
52.700	+7.861e+03	+2.894e+03	+1.042e+04	+0.269
52.800	+7.501e+03	+1.972e+03	+1.031e+04	+0.208
52.900	+7.069e+03	+2.279e+03	+9.839e+03	+0.244
53.000	+8.277e+03	+1.470e+03	+1.108e+04	+0.151
53.100	+8.938e+03	+3.812e+03	+9.743e+03	+0.299
53.200	+8.746e+03	+3.412e+03	+9.414e+03	+0.281
53.300	+7.923e+03	+2.677e+03	+9.682e+03	+0.253
53.400	+7.932e+03	+2.415e+03	+8.338e+03	+0.233
53.500	+7.443e+03	+2.936e+03	+1.021e+04	+0.283
53.600	+7.656e+03	+1.819e+03	+9.593e+03	+0.192
53.700	+6.354e+03	+1.471e+03	+8.950e+03	+0.188
53.800	+5.901e+03	+2.009e+03	+9.337e+03	+0.254
53.900	+7.374e+03	+2.454e+03	+1.061e+04	+0.250
54.000	+6.772e+03	+2.594e+03	+9.758e+03	+0.277
54.100	+6.721e+03	+2.167e+03	+1.078e+04	+0.244
54.200	+7.594e+03	+1.845e+03	+1.167e+04	+0.195
54.300	+6.498e+03	+1.738e+03	+9.694e+03	+0.211
54.400	+8.041e+03	+2.748e+03	+1.035e+04	+0.255
54.500	+7.343e+03	+2.141e+03	+8.833e+03	+0.226
54.600	+7.668e+03	+2.320e+03	+1.012e+04	+0.232
54.700	+6.909e+03	+3.515e+03	+9.646e+03	+0.337
54.800	+6.958e+03	+3.577e+03	+1.035e+04	+0.340
54.900	+7.023e+03	+1.752e+03	+1.017e+04	+0.200
55.000	+7.609e+03	+2.905e+03	+9.750e+03	+0.276
55.100	+7.334e+03	+1.513e+03	+9.729e+03	+0.171
55.200	+7.559e+03	+2.747e+03	+9.597e+03	+0.267
55.300	+6.549e+03	+2.612e+03	+1.058e+04	+0.285
55.400	+8.308e+03	+1.346e+03	+9.764e+03	+0.139
55.500	+6.797e+03	+3.379e+03	+9.207e+03	+0.332
55.600	+8.435e+03	+3.551e+03	+1.052e+04	+0.296
55.700	+7.191e+03	+3.031e+03	+1.041e+04	+0.297
55.800	+9.395e+03	+1.978e+03	+9.024e+03	+0.174
55.900	+7.074e+03	+2.437e+03	+1.003e+04	+0.256
56.000	+7.199e+03	+2.852e+03	+9.514e+03	+0.284
56.100	+7.872e+03	+2.240e+03	+1.028e+04	+0.222
56.200	+8.193e+03	+2.823e+03	+9.637e+03	+0.256
56.300	+8.148e+03	+1.508e+03	+8.957e+03	+0.156
56.400	+7.386e+03	+2.439e+03	+8.688e+03	+0.248
56.500	+8.432e+03	+3.305e+03	+1.020e+04	+0.282
56.600	+6.869e+03	+1.945e+03	+9.908e+03	+0.221
56.700	+6.235e+03	+3.160e+03	+1.012e+04	+0.336
56.800	+7.085e+03	+1.788e+03	+1.022e+04	+0.201
56.900	+8.622e+03	+2.130e+03	+9.053e+03	+0.198
57.000	+7.849e+03	+2.086e+03	+1.010e+04	+0.210
57.100	+7.616e+03	+1.719e+03	+9.882e+03	+0.184
57.200	+7.775e+03	+3.144e+03	+1.137e+04	+0.288
57.300	+7.827e+03	+2.715e+03	+8.878e+03	+0.258
57.400	+8.458e+03	+2.840e+03	+9.175e+03	+0.251
57.500	+7.340e+03	+1.939e+03	+8.852e+03	+0.209
57.600	+7.159e+03	+1.480e+03	+9.937e+03	+0.171
57.700	+8.204e+03	+2.437e+03	+9.187e+03	+0.229
57.800	+9.185e+03	+2.882e+03	+9.566e+03	+0.239
57.900	+8.537e+03	+1.555e+03	+1.000e+04	+0.154
58.000	+7.691e+03	+3.449e+03	+1.093e+04	+0.310
58.100	+7.345e+03	+2.292e+03	+1.111e+04	+0.238
58.200	+7.058e+03	+3.308e+03	+9.717e+03	+0.319
58.300	+7.540e+03	+3.244e+03	+1.071e+04	+0.301
58.400	+7.926e+03	+2.206e+03	+1.011e+04	+0.218
58.500	+8.227e+03	+2.241e+03	+9.206e+03	+0.214
58.600	+8.883e+03	+3.147e+03	+9.936e+03	+0.262
58.700	+7.868e+03	+3.009e+03	+9.054e+03	+0.277
58.800	+8.826e+03	+2.296e+03	+1.029e+04	+0.206
58.900	+7.645e+03	+2.936e+03	+1.049e+04	+0.277
59.000	+6.911e+03	+2.629e+03	+1.002e+04	+0.276
59.100	+6.473e+03	+2.314e+03	+9.535e+03	+0.263
59.200	+6.857e+03	+2.179e+03	+1.040e+04	+0.241
59.300	+8.379e+03	+3.025e+03	+1.107e+04	+0.265
59.400	+6.874e+03	+2.488e+03	+8.182e+03	+0.266
59.500	+7.252e+03	+2.123e+03	+9.810e+03	+0.226
59.600	+7.268e+03	+2.178e+03	+1.078e+04	+0.231
59.700	+8.645e+03	+2.118e+03	+9.227e+03	+0.197
59.800	+6.963e+03	+3.311e+03	+1.069e+04	+0.322
59.900	+6.803e+03	+1.234e+03	+9.371e+03	+0.154
60.000	+7.628e+03	+1.475e+03	+9.408e+03	+0.162
60.100	+7.801e+03	+3.526e+03	+9.912e+03	+0.311
60.200	+7.087e+03	+2.020e+03	+9.082e+03	+0.222
60.300	+7.910e+03	+2.015e+03	+1.015e+04	+0.203
60.400	+6.940e+03	+3.318e+03	+9.811e+03	+0.323
60.500	+7.496e+03	+1.948e+03	+1.089e+04	+0.206
60.600	+7.786e+03	+2.292e+03	+8.492e+03	+0.227
60.700	+7.764e+03	+3.084e+03	+9.577e+03	+0.284
60.800	+6.114e+03	+2.869e+03	+1.072e+04	+0.319
60.900	+6.319e+03	+1.644e+03	+8.415e+03	+0.206
61.000	+7.318e+03	+3.128e+03	+1.060e+04	+0.299
61.100	+6.325e+03	+2.594e+03	+1.048e+04	+0.291
61.200	+5.990e+03	+3.499e+03	+1.055e+04	+0.369
61.300	+7.197e+03	+1.704e+03	+8.381e+03	+0.191
61.400	+6.879e+03	+1.838e+03	+1.045e+04	+0.211
61.500	+7.666e+03	+2.521e+03	+1.168e+04	+0.247
61.600	+5.901e+03	+2.851e+03	+9.608e+03	+0.326
61.700	+7.931e+03	+3.386e+03	+1.014e+04	+0.299
61.800	+7.861e+03	+3.604e+03	+1.002e+04	+0.314
61.900	+7.781e+03	+1.483e+03	+9.541e+03	+0.160
62.000	+6.705e+03	+1.459e+03	+1.043e+04	+0.179
62.100	+7.563e+03	+2.196e+03	+9.664e+03	+0.225
62.200	+8.402e+03	+3.119e+03	+1.019e+04	+0.271
62.300	+6.754e+03	+3.782e+03	+9.965e+03	+0.359
62.400	+7.517e+03	+2.260e+03	+9.970e+03	+0.231
62.500	+7.957e+03	+1.599e+03	+1.047e+04	+0.167
62.600	+7.307e+03	+2.358e+03	+1.035e+04	+0.244
62.700	+7.574e+03	+1.502e+03	+9.534e+03	+0.166
62.800	+6.392e+03	+2.806e+03	+1.036e+04	+0.305
62.900	+7.914e+03	+2.479e+03	+1.023e+04	+0.239
63.000	+7.741e+03	+2.793e+03	+9.420e+03	+0.265
63.100	+6.510e+03	+3.020e+03	+1.002e+04	+0.317
63.200	+7.188e+03	+2.410e+03	+9.725e+03	+0.251
63.300	+8.164e+03	+4.046e+03	+9.293e+03	+0.331
63.400	+6.243e+03	+1.726e+03	+1.002e+04	+0.217
63.500	+8.668e+03	+2.167e+03	+1.090e+04	+0.200
63.600	+6.978e+03	+2.046e+03	+9.434e+03	+0.227
63.700	+8.034e+03	+2.738e+03	+1.085e+04	+0.254
63.800	+7.378e+03	+2.197e+03	+9.356e+03	+0.229
63.900	+8.398e+03	+2.239e+03	+9.439e+03	+0.210
64.000	+7.492e+03	+2.809e+03	+1.086e+04	+0.273
64.100	+7.157e+03	+1.551e+03	+1.120e+04	+0.178
64.200	+7.752e+03	+2.998e+03	+8.119e+03	+0.279
64.300	+8.456e+03	+3.466e+03	+8.705e+03	+0.291
64.400	+7.124e+03	+2.003e+03	+8.926e+03	+0.219
64.500	+8.120e+03	+3.426e+03	+8.613e+03	+0.297
64.600	+8.338e+03	+1.470e+03	+9.028e+03	+0.150
64.700	+7.926e+03	+2.232e+03	+9.419e+03	+0.220
64.800	+7.069e+03	+3.807e+03	+1.016e+04	+0.350
64.900	+7.742e+03	+9.993e+02	+1.088e+04	+0.114
65.000	+6.910e+03	+3.666e+03	+9.249e+03	+0.347
65.100	+7.624e+03	+2.328e+03	+1.027e+04	+0.234
65.200	+7.202e+03	+2.811e+03	+1.136e+04	+0.281
65.300	+7.546e+03	+3.463e+03	+9.979e+03	+0.315
65.400	+6.623e+03	+3.049e+03	+1.023e+04	+0.315
65.500	+7.815e+03	+3.877e+03	+1.026e+04	+0.332
65.600	+8.305e+03	+2.291e+03	+1.019e+04	+0.216
65.700	+7.353e+03	+3.153e+03	+9.440e+03	+0.300
65.800	+6.797e+03	+3.105e+03	+1.063e+04	+0.314
65.900	+6.908e+03	+3.298e+03	+1.016e+04	+0.323
66.000	+6.801e+03	+2.424e+03	+9.400e+03	+0.263
66.100	+5.297e+03	+1.666e+03	+9.285e+03	+0.239
66.200	+8.236e+03	+3.204e+03	+9.896e+03	+0.280
66.300	+7.308e+03	+1.167e+03	+9.825e+03	+0.138
66.400	+7.972e+03	+2.376e+03	+8.629e+03	+0.230
66.500	+6.898e+03	+3.837e+03	+9.967e+03	+0.357
66.600	+6.693e+03	+1.997e+03	+1.002e+04	+0.230
66.700	+7.834e+03	+1.478e+03	+1.030e+04	+0.159
66.800	+7.577e+03	-1.648e+01	+1.010e+04	-0.002
66.900	+7.822e+03	+1.668e+03	+1.073e+04	+0.176
67.000	+7.106e+03	+3.050e+03	+1.069e+04	+0.300
67.100	+7.987e+03	+2.200e+03	+1.015e+04	+0.216
67.200	+8.128e+03	+2.787e+03	+1.079e+04	+0.255
67.300	+7.087e+03	+2.468e+03	+9.418e+03	+0.258
67.400	+8.569e+03	+2.591e+03	+9.916e+03	+0.232
67.500	+7.084e+03	+2.792e+03	+1.137e+04	+0.283
67.600	+6.958e+03	+2.440e+03	+1.042e+04	+0.260
67.700	+8.485e+03	+2.485e+03	+1.053e+04	+0.226
67.800	+6.384e+03	+4.460e+03	+9.655e+03	+0.411
67.900	+7.585e+03	+1.973e+03	+1.029e+04	+0.206
68.000	+7.725e+03	+3.624e+03	+9.897e+03	+0.319
68.100	+7.140e+03	+2.668e+03	+1.085e+04	+0.272
68.200	+7.516e+03	+3.392e+03	+9.743e+03	+0.311
68.300	+7.201e+03	+3.306e+03	+9.107e+03	+0.315
68.400	+6.697e+03	+2.231e+03	+9.989e+03	+0.250
68.500	+7.806e+03	+2.468e+03	+1.060e+04	+0.240
68.600	+7.515e+03	+2.184e+03	+1.042e+04	+0.225
68.700	+8.414e+03	+2.499e+03	+8.838e+03	+0.229
68.800	+7.833e+03	+2.939e+03	+1.046e+04	+0.273
68.900	+8.452e+03	+2.345e+03	+1.031e+04	+0.217
69.000	+7.462e+03	+1.994e+03	+9.697e+03	+0.211
69.100	+6.983e+03	+3.715e+03	+9.819e+03	+0.347
69.200	+8.118e+03	+2.512e+03	+1.077e+04	+0.236
69.300	+7.839e+03	+2.700e+03	+1.039e+04	+0.256
69.400	+8.464e+03	+2.438e+03	+9.273e+03	+0.224
69.500	+7.569e+03	+2.022e+03	+1.110e+04	+0.211
69.600	+7.280e+03	+2.394e+03	+1.038e+04	+0.247
69.700	+6.642e+03	+2.432e+03	+1.059e+04	+0.268
69.800	+6.975e+03	+1.640e+03	+9.728e+03	+0.190
69.900	+6.978e+03	+2.202e+03	+9.912e+03	+0.240
70.000	+8.479e+03	+2.925e+03	+1.019e+04	+0.256
70.100	+7.815e+03	+2.147e+03	+9.471e+03	+0.216
70.200	+7.460e+03	+3.291e+03	+9.873e+03	+0.306
70.300	+6.701e+03	+2.695e+03	+9.934e+03	+0.287
70.400	+7.701e+03	+1.349e+03	+9.556e+03	+0.149
70.500	+8.162e+03	+8.846e+02	+9.883e+03	+0.098
70.600	+8.803e+03	+1.741e+03	+9.499e+03	+0.165
70.700	+7.946e+03	+1.198e+03	+9.725e+03	+0.131
70.800	+7.516e+03	+2.931e+03	+9.791e+03	+0.281
70.900	+8.505e+03	+3.763e+03	+9.221e+03	+0.307
71.000	+8.241e+03	+2.860e+03	+1.059e+04	+0.258
71.100	+8.114e+03	+3.044e+03	+1.087e+04	+0.273
71.200	+7.765e+03	+2.662e+03	+1.037e+04	+0.255
71.300	+7.664e+03	+1.317e+03	+9.802e+03	+0.147
71.400	+7.177e+03	+1.553e+03	+8.951e+03	+0.178
71.500	+5.697e+03	+1.563e+03	+9.394e+03	+0.215
71.600	+7.406e+03	+1.183e+03	+9.387e+03	+0.138
71.700	+6.863e+03	+1.356e+03	+1.097e+04	+0.165
71.800	+7.129e+03	+3.284e+03	+9.261e+03	+0.315
71.900	+7.137e+03	+2.060e+03	+1.026e+04	+0.224
72.000	+6.661e+03	+2.710e+03	+1.003e+04	+0.289
72.100	+7.406e+03	+3.534e+03	+9.983e+03	+0.323
72.200	+6.965e+03	+2.464e+03	+1.048e+04	+0.261
72.300	+7.451e+03	+2.152e+03	+9.386e+03	+0.224
72.400	+8.069e+03	+3.805e+03	+9.849e+03	+0.320
72.500	+8.119e+03	+2.498e+03	+1.071e+04	+0.235
72.600	+7.283e+03	+2.933e+03	+1.032e+04	+0.287
72.700	+7.712e+03	+1.437e+03	+1.036e+04	+0.157
72.800	+8.352e+03	+2.889e+03	+9.797e+03	+0.257
72.900	+8.957e+03	+2.561e+03	+1.059e+04	+0.222
73.000	+7.354e+03	+3.358e+03	+1.042e+04	+0.313
73.100	+6.577e+03	+2.532e+03	+1.085e+04	+0.278
73.200	+8.098e+03	+2.290e+03	+9.745e+03	+0.220
73.300	+8.808e+03	+1.014e+03	+1.128e+04	+0.103
73.400	+7.810e+03	+1.945e+03	+9.818e+03	+0.199
73.500	+7.781e+03	+3.632e+03	+9.743e+03	+0.318
73.600	+8.842e+03	+2.351e+03	+1.008e+04	+0.210
73.700	+7.595e+03	+2.977e+03	+9.865e+03	+0.282
73.800	+5.848e+03	+1.334e+03	+1.019e+04	+0.186
73.900	+6.880e+03	+1.540e+03	+1.041e+04	+0.183
74.000	+7.801e+03	+1.449e+03	+9.308e+03	+0.157
74.100	+6.148e+03	+2.423e+03	+9.242e+03	+0.283
74.200	+7.576e+03	+1.264e+03	+1.039e+04	+0.143
74.300	+7.145e+03	+2.262e+03	+1.014e+04	+0.240
74.400	+6.794e+03	+2.109e+03	+1.051e+04	+0.237
74.500	+7.196e+03	+3.422e+03	+9.131e+03	+0.322
74.600	+7.641e+03	+3.424e+03	+9.445e+03	+0.309
74.700	+7.656e+03	+1.976e+03	+1.100e+04	+0.205
74.800	+8.542e+03	+3.908e+03	+7.314e+03	+0.314
74.900	+7.555e+03	+2.803e+03	+1.046e+04	+0.271
75.000	+6.940e+03	+2.328e+03	+1.039e+04	+0.251
75.100	+7.453e+03	+2.512e+03	+9.664e+03	+0.252
75.200	+8.417e+03	+2.621e+03	+1.072e+04	+0.237
75.300	+7.667e+03	+2.176e+03	+9.755e+03	+0.221
75.400	+7.214e+03	+1.965e+03	+9.837e+03	+0.214
75.500	+7.217e+03	+3.068e+03	+1.001e+04	+0.298
75.600	+7.770e+03	+2.253e+03	+1.010e+04	+0.225
75.700	+7.593e+03	+3.015e+03	+1.058e+04	+0.284
75.800	+7.798e+03	+2.762e+03	+1.115e+04	+0.262
75.900	+7.892e+03	+2.934e+03	+9.312e+03	+0.271
76.000	+6.837e+03	+2.266e+03	+1.082e+04	+0.249
76.100	+7.331e+03	+2.434e+03	+9.805e+03	+0.249
76.200	+6.765e+03	+3.660e+03	+1.070e+04	+0.351
76.300	+7.560e+03	+3.184e+03	+1.061e+04	+0.296
76.400	+8.120e+03	+2.709e+03	+1.004e+04	+0.250
76.500	+7.145e+03	+2.104e+03	+1.043e+04	+0.227
76.600	+6.540e+03	+2.545e+03	+1.064e+04	+0.280
76.700	+7.964e+03	+2.501e+03	+9.030e+03	+0.239
76.800	+7.033e+03	+2.851e+03	+9.714e+03	+0.288
76.900	+7.601e+03	+2.446e+03	+1.032e+04	+0.243
77.000	+8.566e+03	+2.750e+03	+9.310e+03	+0.243
77.100	+7.295e+03	+2.651e+03	+1.000e+04	+0.267
77.200	+6.887e+03	+2.182e+03	+9.259e+03	+0.241
77.300	+7.772e+03	+3.077e+03	+9.079e+03	+0.284
77.400	+7.902e+03	+1.983e+03	+1.008e+04	+0.201
77.500	+7.390e+03	+2.353e+03	+9.171e+03	+0.242
77.600	+8.027e+03	+3.253e+03	+1.055e+04	+0.288
77.700	+6.970e+03	+1.896e+03	+1.057e+04	+0.214
77.800	+6.336e+03	+2.617e+03	+1.059e+04	+0.292
77.900	+6.792e+03	+3.048e+03	+1.045e+04	+0.310
78.000	+5.964e+03	+2.500e+03	+1.110e+04	+0.295
78.100	+7.867e+03	+2.252e+03	+1.038e+04	+0.223
78.200	+7.030e+03	+2.043e+03	+1.062e+04	+0.225
78.300	+8.091e+03	+2.102e+03	+9.712e+03	+0.206
78.400	+6.911e+03	+1.670e+03	+9.976e+03	+0.195
78.500	+8.439e+03	+1.908e+03	+9.951e+03	+0.184
78.600	+8.072e+03	+2.400e+03	+1.027e+04	+0.229
78.700	+7.581e+03	+2.329e+03	+8.892e+03	+0.235
78.800	+7.494e+03	+1.494e+03	+9.307e+03	+0.166
78.900	+7.774e+03	+2.992e+03	+1.026e+04	+0.278
79.000	+7.130e+03	+1.683e+03	+1.018e+04	+0.191
79.100	+8.256e+03	+2.638e+03	+9.235e+03	+0.242
79.200	+7.407e+03	+3.251e+03	+1.013e+04	+0.305
79.300	+8.619e+03	+2.935e+03	+1.048e+04	+0.254
79.400	+6.997e+03	+1.628e+03	+9.865e+03	+0.189
79.500	+6.136e+03	+3.463e+03	+1.052e+04	+0.361
79.600	+6.064e+03	+2.661e+03	+9.927e+03	+0.305
79.700	+7.941e+03	+3.295e+03	+1.090e+04	+0.293
79.800	+8.468e+03	+9.180e+02	+8.771e+03	+0.098
79.900	+6.615e+03	+1.335e+03	+1.091e+04	+0.168
80.000	+7.521e+03	+2.809e+03	+1.040e+04	+0.272
80.100	+6.305e+03	+2.366e+03	+1.032e+04	+0.273
80.200	+7.669e+03	+2.129e+03	+1.052e+04	+0.217
80.300	+6.849e+03	+1.848e+03	+9.650e+03	+0.213
80.400	+7.998e+03	+2.303e+03	+8.914e+03	+0.224
80.500	+6.990e+03	+1.588e+03	+1.050e+04	+0.185
80.600	+7.497e+03	+2.040e+03	+1.096e+04	+0.214
80.700	+6.966e+03	+2.466e+03	+9.767e+03	+0.261
80.800	+6.997e+03	+2.516e+03	+9.519e+03	+0.265
80.900	+7.286e+03	+1.964e+03	+9.861e+03	+0.212
81.000	+7.150e+03	+1.935e+03	+9.626e+03	+0.213
81.100	+8.311e+03	+1.814e+03	+1.013e+04	+0.179
81.200	+7.590e+03	+2.639e+03	+9.359e+03	+0.258
81.300	+8.604e+03	+2.159e+03	+9.997e+03	+0.201
81.400	+6.604e+03	+2.369e+03	+1.002e+04	+0.264
81.500	+8.273e+03	+3.233e+03	+9.476e+03	+0.281
81.600	+7.863e+03	+2.132e+03	+1.026e+04	+0.213
81.700	+8.261e+03	+1.185e+03	+1.014e+04	+0.125
81.800	+8.134e+03	+2.416e+03	+9.866e+03	+0.229
81.900	+7.364e+03	+3.617e+03	+1.026e+04	+0.329
82.000	+7.614e+03	+3.614e+03	+1.005e+04	+0.322
82.100	+8.190e+03	+2.798e+03	+9.332e+03	+0.255
82.200	+7.187e+03	+2.308e+03	+9.424e+03	+0.243
82.300	+6.771e+03	+9.419e+02	+1.051e+04	+0.122
82.400	+7.816e+03	+2.804e+03	+1.088e+04	+0.264
82.500	+6.606e+03	+2.189e+03	+1.057e+04	+0.249
82.600	+7.388e+03	+2.328e+03	+9.559e+03	+0.240
82.700	+6.800e+03	+3.072e+03	+1.098e+04	+0.311
82.800	+6.950e+03	+2.452e+03	+9.196e+03	+0.261
82.900	+7.611e+03	+2.903e+03	+9.357e+03	+0.276
83.000	+8.307e+03	+1.860e+03	+9.695e+03	+0.183
83.100	+7.976e+03	+2.606e+03	+1.002e+04	+0.246
83.200	+6.923e+03	+2.981e+03	+9.784e+03	+0.301
83.300	+7.210e+03	+3.100e+03	+9.936e+03	+0.301
83.400	+7.499e+03	+3.012e+03	+9.379e+03	+0.287
83.500	+7.679e+03	+1.874e+03	+1.059e+04	+0.196
83.600	+7.581e+03	+2.718e+03	+8.670e+03	+0.264
83.700	+8.305e+03	+1.085e+03	+9.540e+03	+0.116
83.800	+6.737e+03	+3.048e+03	+1.082e+04	+0.312
83.900	+6.280e+03	+2.388e+03	+1.013e+04	+0.275
84.000	+7.760e+03	+2.769e+03	+9.579e+03	+0.263
84.100	+7.718e+03	+3.357e+03	+1.022e+04	+0.303
84.200	+8.228e+03	+3.162e+03	+1.026e+04	+0.278
84.300	+7.561e+03	+3.107e+03	+9.190e+03	+0.291
84.400	+8.958e+03	+2.797e+03	+1.022e+04	+0.238
84.500	+6.576e+03	+2.494e+03	+1.075e+04	+0.275
84.600	+7.353e+03	+3.542e+03	+9.392e+03	+0.325
84.700	+7.714e+03	+2.051e+03	+1.103e+04	+0.210
84.800	+7.183e+03	+2.733e+03	+7.911e+03	+0.276
84.900	+9.150e+03	+3.462e+03	+1.110e+04	+0.275
85.000	+7.262e+03	+2.935e+03	+8.165e+03	+0.288
85.100	+7.156e+03	+3.721e+03	+9.942e+03	+0.342
85.200	+8.027e+03	+2.726e+03	+1.031e+04	+0.254
85.300	+6.403e+03	+3.134e+03	+9.915e+03	+0.329
85.400	+7.078e+03	+3.009e+03	+1.061e+04	+0.298
85.500	+7.350e+03	+2.338e+03	+9.513e+03	+0.241
85.600	+8.768e+03	+2.869e+03	+9.553e+03	+0.247
85.700	+8.065e+03	+3.280e+03	+9.744e+03	+0.289
85.800	+7.485e+03	+1.327e+03	+1.133e+04	+0.151
85.900	+6.565e+03	+2.483e+03	+8.930e+03	+0.274
86.000	+6.852e+03	+2.027e+03	+1.089e+04	+0.228
86.100	+7.209e+03	+2.955e+03	+1.033e+04	+0.291
86.200	+7.409e+03	+1.661e+03	+1.032e+04	+0.183
86.300	+7.460e+03	+2.140e+03	+1.110e+04	+0.223
86.400	+8.476e+03	+3.371e+03	+9.164e+03	+0.285
86.500	+7.880e+03	+2.249e+03	+8.822e+03	+0.222
86.600	+7.316e+03	+2.882e+03	+1.032e+04	+0.283
86.700	+7.183e+03	+2.828e+03	+1.119e+04	+0.282
86.800	+6.293e+03	+2.918e+03	+1.061e+04	+0.317
86.900	+7.341e+03	+4.304e+03	+9.667e+03	+0.370
87.000	+9.366e+03	+2.264e+03	+9.260e+03	+0.195
87.100	+7.297e+03	+3.829e+03	+1.001e+04	+0.344
87.200	+8.618e+03	+3.073e+03	+9.501e+03	+0.263
87.300	+7.063e+03	+2.775e+03	+1.094e+04	+0.282
87.400	+5.707e+03	+2.921e+03	+9.983e+03	+0.339
87.500	+7.411e+03	+2.248e+03	+9.180e+03	+0.233
87.600	+6.880e+03	+1.799e+03	+1.071e+04	+0.207
87.700	+7.898e+03	+3.013e+03	+1.063e+04	+0.276
87.800	+7.949e+03	+2.921e+03	+9.814e+03	+0.269
87.900	+7.437e+03	+2.524e+03	+9.297e+03	+0.253
88.000	+8.031e+03	+2.777e+03	+9.503e+03	+0.257
88.100	+7.109e+03	+2.772e+03	+9.342e+03	+0.281
88.200	+8.384e+03	+3.235e+03	+1.024e+04	+0.278
88.300	+7.219e+03	+3.547e+03	+1.090e+04	+0.329
88.400	+6.906e+03	+2.455e+03	+1.128e+04	+0.262
88.500	+5.693e+03	+2.528e+03	+9.396e+03	+0.307
88.600	+8.435e+03	+2.059e+03	+1.017e+04	+0.196
88.700	+7.133e+03	+2.267e+03	+1.186e+04	+0.241
88.800	+7.800e+03	+1.365e+03	+9.218e+03	+0.149
88.900	+7.224e+03	+3.222e+03	+9.468e+03	+0.308
89.000	+8.318e+03	+1.886e+03	+9.802e+03	+0.185
89.100	+6.184e+03	+2.686e+03	+9.542e+03	+0.303
89.200	+9.141e+03	+2.275e+03	+1.108e+04	+0.199
89.300	+8.812e+03	+3.345e+03	+9.783e+03	+0.275
89.400	+7.532e+03	+1.644e+03	+9.311e+03	+0.179
89.500	+8.681e+03	+3.002e+03	+8.289e+03	+0.257
89.600	+7.306e+03	+2.463e+03	+1.027e+04	+0.252
89.700	+7.735e+03	+1.372e+03	+9.613e+03	+0.151
89.800	+5.965e+03	+2.158e+03	+9.922e+03	+0.266
89.900	+7.797e+03	+3.863e+03	+8.756e+03	+0.331
90.000	+6.274e+03	+2.123e+03	+9.292e+03	+0.253
90.100	+8.943e+03	+1.792e+03	+9.681e+03	+0.167
90.200	+7.018e+03	+2.783e+03	+8.972e+03	+0.284
90.300	+7.612e+03	+3.870e+03	+9.062e+03	+0.337
90.400	+7.773e+03	+1.210e+03	+9.943e+03	+0.135
90.500	+8.196e+03	+2.746e+03	+9.367e+03	+0.251
90.600	+7.582e+03	+3.619e+03	+1.132e+04	+0.323
90.700	+7.922e+03	+1.582e+03	+9.071e+03	+0.166
90.800	+7.457e+03	+4.193e+03	+1.061e+04	+0.360
90.900	+7.416e+03	+2.278e+03	+1.026e+04	+0.235
91.000	+6.675e+03	+2.415e+03	+9.775e+03	+0.266
91.100	+7.223e+03	+2.060e+03	+9.750e+03	+0.222
91.200	+7.817e+03	+2.537e+03	+1.016e+04	+0.245
91.300	+6.375e+03	+2.990e+03	+1.013e+04	+0.319
91.400	+7.044e+03	+2.859e+03	+9.944e+03	+0.289
91.500	+7.884e+03	+3.654e+03	+1.037e+04	+0.317
91.600	+7.317e+03	+2.870e+03	+1.012e+04	+0.282
91.700	+8.025e+03	+3.390e+03	+9.878e+03	+0.297
91.800	+7.429e+03	+2.582e+03	+9.086e+03	+0.258
91.900	+8.133e+03	+1.839e+03	+9.796e+03	+0.184
92.000	+7.450e+03	+2.534e+03	+1.091e+04	+0.254
92.100	+6.933e+03	+1.967e+03	+1.015e+04	+0.221
92.200	+7.285e+03	+2.875e+03	+1.039e+04	+0.283
92.300	+7.798e+03	+2.356e+03	+9.092e+03	+0.232
92.400	+7.707e+03	+1.588e+03	+1.052e+04	+0.171
92.500	+7.112e+03	+3.350e+03	+1.041e+04	+0.320
92.600	+7.893e+03	+1.808e+03	+1.062e+04	+0.186
92.700	+7.618e+03	+3.098e+03	+1.010e+04	+0.289
92.800	+6.269e+03	+2.122e+03	+9.825e+03	+0.253
92.900	+6.314e+03	+1.530e+03	+9.883e+03	+0.195
93.000	+7.349e+03	+3.006e+03	+9.903e+03	+0.290
93.100	+6.908e+03	+2.309e+03	+1.023e+04	+0.251
93.200	+8.306e+03	+2.793e+03	+1.051e+04	+0.252
93.300	+6.604e+03	+2.880e+03	+1.021e+04	+0.304
93.400	+7.621e+03	+2.146e+03	+1.066e+04	+0.220
93.500	+8.427e+03	+2.603e+03	+1.057e+04	+0.236
93.600	+7.600e+03	+2.611e+03	+1.038e+04	+0.256
93.700	+7.461e+03	+1.915e+03	+9.428e+03	+0.204
93.800	+7.837e+03	+2.883e+03	+1.032e+04	+0.269
93.900	+8.099e+03	+1.850e+03	+9.218e+03	+0.186
94.000	+8.900e+03	+2.696e+03	+1.097e+04	+0.233
94.100	+7.924e+03	+2.960e+03	+9.686e+03	+0.272
94.200	+6.602e+03	+3.229e+03	+1.028e+04	+0.328
94.300	+6.766e+03	+2.676e+03	+1.099e+04	+0.283
94.400	+8.025e+03	+1.860e+03	+1.028e+04	+0.188
94.500	+7.191e+03	+2.609e+03	+1.066e+04	+0.266
94.600	+7.131e+03	+2.170e+03	+9.813e+03	+0.233
94.700	+7.615e+03	+2.121e+03	+1.070e+04	+0.218
94.800	+7.274e+03	+2.190e+03	+8.824e+03	+0.231
94.900	+7.413e+03	+2.429e+03	+9.868e+03	+0.247
95.000	+7.566e+03	+1.684e+03	+9.757e+03	+0.182
95.100	+7.773e+03	+2.812e+03	+1.043e+04	+0.266
95.200	+7.946e+03	+2.634e+03	+1.071e+04	+0.249
95.300	+7.728e+03	+2.493e+03	+9.865e+03	+0.244
95.400	+7.606e+03	+2.145e+03	+9.520e+03	+0.220
95.500	+8.270e+03	+4.085e+03	+1.021e+04	+0.331
95.600	+7.270e+03	+3.081e+03	+9.982e+03	+0.298
95.700	+8.009e+03	+2.556e+03	+1.129e+04	+0.242
95.800	+7.704e+03	+1.774e+03	+1.045e+04	+0.187
95.900	+7.289e+03	+3.225e+03	+1.033e+04	+0.307
96.000	+6.860e+03	+1.988e+03	+1.016e+04	+0.225
96.100	+6.122e+03	+2.001e+03	+9.688e+03	+0.246
96.200	+7.782e+03	+1.948e+03	+9.676e+03	+0.200
96.300	+7.947e+03	+2.334e+03	+9.361e+03	+0.227
96.400	+6.477e+03	+1.163e+03	+1.040e+04	+0.152
96.500	+7.491e+03	+2.779e+03	+1.163e+04	+0.271
96.600	+7.965e+03	+2.269e+03	+1.087e+04	+0.222
96.700	+8.580e+03	+2.034e+03	+9.604e+03	+0.192
96.800	+7.390e+03	+1.727e+03	+1.068e+04	+0.189
96.900	+6.394e+03	+2.405e+03	+1.010e+04	+0.273
97.000	+6.869e+03	+2.951e+03	+1.000e+04	+0.301
97.100	+7.914e+03	+1.256e+03	+1.053e+04	+0.137
97.200	+7.051e+03	+2.560e+03	+1.023e+04	+0.266
97.300	+8.176e+03	+2.433e+03	+1.037e+04	+0.229
97.400	+9.047e+03	+3.605e+03	+1.112e+04	+0.285
97.500	+9.074e+03	+2.387e+03	+9.141e+03	+0.208
97.600	+7.535e+03	+1.749e+03	+9.495e+03	+0.188
97.700	+7.446e+03	+3.212e+03	+1.033e+04	+0.301
97.800	+7.755e+03	+2.446e+03	+9.129e+03	+0.240
97.900	+8.647e+03	+1.446e+03	+1.087e+04	+0.143
98.000	+8.188e+03	+2.103e+03	+1.005e+04	+0.204
98.100	+6.757e+03	+3.054e+03	+1.051e+04	+0.311
98.200	+8.089e+03	+1.764e+03	+1.096e+04	+0.179
98.300	+8.450e+03	+1.184e+03	+1.038e+04	+0.123
98.400	+8.444e+03	+2.711e+03	+1.026e+04	+0.243
98.500	+7.997e+03	+1.766e+03	+9.949e+03	+0.181
98.600	+8.325e+03	+1.734e+03	+1.079e+04	+0.172
98.700	+8.003e+03	+2.543e+03	+8.919e+03	+0.241
98.800	+7.466e+03	+3.322e+03	+9.771e+03	+0.308
98.900	+8.286e+03	+2.013e+03	+8.646e+03	+0.195
99.000	+7.943e+03	+2.599e+03	+9.488e+03	+0.247
99.100	+7.732e+03	+3.215e+03	+9.043e+03	+0.294
99.200	+8.099e+03	+2.921e+03	+1.018e+04	+0.265
99.300	+6.986e+03	+2.247e+03	+1.057e+04	+0.243
99.400	+7.959e+03	+1.703e+03	+1.034e+04	+0.176
99.500	+7.153e+03	+2.845e+03	+1.129e+04	+0.285
99.600	+7.394e+03	+2.154e+03	+1.041e+04	+0.226
99.700	+7.423e+03	+3.299e+03	+1.109e+04	+0.308
99.800	+7.666e+03	+2.127e+03	+1.056e+04	+0.217
99.900	+6.779e+03	+2.691e+03	+8.394e+03	+0.284
100.000	+7.740e+03	+2.347e+03	+1.067e+04	+0.233
100.100	+6.409e+03	+1.810e+03	+1.145e+04	+0.220
100.200	+7.344e+03	+2.729e+03	+1.107e+04	+0.271
100.300	+6.757e+03	+1.719e+03	+1.018e+04	+0.203
100.400	+8.119e+03	+3.208e+03	+9.518e+03	+0.283
100.500	+8.054e+03	+2.881e+03	+1.005e+04	+0.263
100.600	+8.237e+03	+1.923e+03	+1.082e+04	+0.189
100.700	+7.974e+03	+2.165e+03	+1.018e+04	+0.214
100.800	+6.785e+03	+2.642e+03	+8.578e+03	+0.280
100.900	+6.740e+03	+2.159e+03	+1.026e+04	+0.243
101.000	+6.752e+03	+1.806e+03	+8.984e+03	+0.211
101.100	+7.254e+03	+1.653e+03	+8.877e+03	+0.186
101.200	+6.670e+03	+2.079e+03	+8.404e+03	+0.238
101.300	+6.589e+03	+2.639e+03	+8.349e+03	+0.286
101.400	+6.700e+03	+1.751e+03	+1.032e+04	+0.207
101.500	+7.678e+03	+1.574e+03	+9.161e+03	+0.170
101.600	+9.365e+03	+3.508e+03	+9.077e+03	+0.273
101.700	+6.157e+03	+2.892e+03	+1.029e+04	+0.320
101.800	+8.062e+03	+2.867e+03	+1.019e+04	+0.262
101.900	+6.184e+03	+2.928e+03	+9.127e+03	+0.321
102.000	+7.391e+03	+2.764e+03	+1.042e+04	+0.272
102.100	+7.307e+03	+2.223e+03	+1.043e+04	+0.233
102.200	+7.671e+03	+3.467e+03	+9.693e+03	+0.311
102.300	+7.577e+03	+2.538e+03	+9.444e+03	+0.251
102.400	+7.602e+03	+1.304e+03	+1.062e+04	+0.146
102.500	+6.837e+03	+2.478e+03	+1.026e+04	+0.266
102.600	+8.470e+03	+1.528e+03	+1.007e+04	+0.153
102.700	+7.484e+03	+3.427e+03	+9.910e+03	+0.314
102.800	+6.166e+03	+2.222e+03	+8.957e+03	+0.265
102.900	+8.245e+03	+1.948e+03	+1.029e+04	+0.191
103.000	+6.644e+03	+2.401e+03	+1.018e+04	+0.265
103.100	+7.483e+03	+2.989e+03	+1.016e+04	+0.285
103.200	+6.605e+03	+3.588e+03	+9.265e+03	+0.352
103.300	+7.322e+03	+1.343e+03	+9.501e+03	+0.155
103.400	+8.021e+03	+3.877e+03	+9.219e+03	+0.326
103.500	+6.972e+03	+7.555e+02	+1.031e+04	+0.098
103.600	+6.397e+03	+2.923e+03	+9.856e+03	+0.314
103.700	+7.060e+03	+2.393e+03	+9.967e+03	+0.253
103.800	+7.176e+03	+3.254e+03	+9.659e+03	+0.312
103.900	+7.657e+03	+1.742e+03	+9.545e+03	+0.185
104.000	+7.184e+03	+1.538e+03	+9.766e+03	+0.176
104.100	+7.339e+03	+6.997e+02	+1.038e+04	+0.087
104.200	+8.952e+03	+2.654e+03	+9.181e+03	+0.229
104.300	+7.588e+03	+2.807e+03	+1.006e+04	+0.270
104.400	+6.940e+03	+2.616e+03	+9.832e+03	+0.274
104.500	+6.832e+03	+1.987e+03	+1.052e+04	+0.225
104.600	+6.898e+03	+1.500e+03	+9.880e+03	+0.179
104.700	+7.110e+03	+2.670e+03	+9.732e+03	+0.273
104.800	+8.552e+03	+2.273e+03	+1.036e+04	+0.210
104.900	+7.154e+03	+1.972e+03	+1.044e+04	+0.216
105.000	+7.833e+03	+3.498e+03	+9.448e+03	+0.309
105.100	+9.062e+03	+2.855e+03	+1.038e+04	+0.240
105.200	+7.219e+03	+1.425e+03	+9.774e+03	+0.165
105.300	+7.120e+03	+6.681e+02	+1.017e+04	+0.086
105.400	+7.177e+03	+2.453e+03	+9.389e+03	+0.255
105.500	+6.813e+03	+1.666e+03	+9.438e+03	+0.197
105.600	+8.270e+03	+1.625e+03	+9.155e+03	+0.164
105.700	+8.260e+03	+2.918e+03	+1.122e+04	+0.261
105.800	+7.983e+03	+2.679e+03	+1.033e+04	+0.251
105.900	+7.272e+03	+1.893e+03	+9.504e+03	+0.207
106.000	+7.463e+03	+2.648e+03	+9.947e+03	+0.262
106.100	+6.678e+03	+2.617e+03	+9.723e+03	+0.282
106.200	+7.669e+03	+1.691e+03	+9.612e+03	+0.181
106.300	+6.791e+03	+3.153e+03	+1.066e+04	+0.317
106.400	+7.816e+03	+1.239e+03	+1.093e+04	+0.137
106.500	+7.259e+03	+3.357e+03	+9.410e+03	+0.316
106.600	+7.663e+03	+2.444e+03	+8.453e+03	+0.242
106.700	+7.001e+03	+2.333e+03	+1.041e+04	+0.250
106.800	+7.115e+03	+3.098e+03	+1.050e+04	+0.303
106.900	+8.069e+03	+2.277e+03	+1.126e+04	+0.220
107.000	+8.338e+03	+2.626e+03	+9.909e+03	+0.240
107.100	+6.613e+03	+2.795e+03	+1.138e+04	+0.297
107.200	+7.476e+03	+2.625e+03	+9.587e+03	+0.260
107.300	+5.715e+03	+3.732e+03	+9.630e+03	+0.395
107.400	+7.725e+03	+2.339e+03	+1.032e+04	+0.232
107.500	+6.671e+03	+2.724e+03	+1.072e+04	+0.290
107.600	+7.268e+03	+2.687e+03	+9.842e+03	+0.270
107.700	+7.540e+03	+1.594e+03	+1.009e+04	+0.175
107.800	+7.059e+03	+9.326e+02	+9.620e+03	+0.117
107.900	+7.944e+03	+1.929e+03	+9.595e+03	+0.195
108.000	+7.288e+03	+2.600e+03	+8.896e+03	+0.263
108.100	+6.339e+03	+3.407e+03	+8.580e+03	+0.350
108.200	+7.295e+03	+2.076e+03	+8.567e+03	+0.222
108.300	+6.844e+03	+3.615e+03	+9.612e+03	+0.346
108.400	+7.281e+03	+2.654e+03	+1.027e+04	+0.267
108.500	+6.796e+03	+2.375e+03	+9.023e+03	+0.259
108.600	+7.174e+03	+2.866e+03	+1.036e+04	+0.285
108.700	+7.670e+03	+2.960e+03	+9.243e+03	+0.278
108.800	+7.459e+03	+1.456e+03	+1.062e+04	+0.163
108.900	+6.612e+03	+2.942e+03	+9.488e+03	+0.308
109.000	+8.558e+03	+3.317e+03	+1.037e+04	+0.279
109.100	+7.272e+03	+1.445e+03	+1.049e+04	+0.166
109.200	+7.657e+03	+1.919e+03	+1.036e+04	+0.200
109.300	+6.011e+03	+2.172e+03	+9.148e+03	+0.265
109.400	+8.113e+03	+3.307e+03	+1.035e+04	+0.290
109.500	+5.881e+03	+3.005e+03	+1.104e+04	+0.338
109.600	+7.137e+03	+1.653e+03	+9.485e+03	+0.188
109.700	+7.905e+03	+3.905e+03	+8.869e+03	+0.331
109.800	+7.011e+03	+1.931e+03	+9.936e+03	+0.216
109.900	+7.854e+03	+3.057e+03	+9.756e+03	+0.280
110.000	+7.370e+03	+3.694e+03	+1.062e+04	+0.334
110.100	+7.132e+03	+2.940e+03	+8.667e+03	+0.292
110.200	+6.655e+03	+2.662e+03	+9.921e+03	+0.286
110.300	+7.520e+03	+3.285e+03	+1.041e+04	+0.304
110.400	+8.397e+03	+3.702e+03	+1.151e+04	+0.306
110.500	+6.668e+03	+1.748e+03	+1.038e+04	+0.208
110.600	+7.697e+03	+1.911e+03	+9.082e+03	+0.199
110.700	+8.122e+03	+2.131e+03	+9.527e+03	+0.208
110.800	+6.548e+03	+2.128e+03	+1.049e+04	+0.245
110.900	+7.373e+03	+1.117e+03	+1.006e+04	+0.132
111.000	+9.038e+03	+3.196e+03	+1.048e+04	+0.261
111.100	+5.596e+03	+3.495e+03	+1.124e+04	+0.384
111.200	+6.777e+03	+2.944e+03	+9.937e+03	+0.303
111.300	+6.330e+03	+8.368e+02	+1.020e+04	+0.117
111.400	+8.648e+03	+3.192e+03	+9.961e+03	+0.270
111.500	+6.792e+03	+2.955e+03	+9.317e+03	+0.303
111.600	+7.548e+03	+1.985e+03	+9.622e+03	+0.208
111.700	+6.892e+03	+2.720e+03	+9.892e+03	+0.283
111.800	+8.777e+03	+2.096e+03	+1.098e+04	+0.193
111.900	+7.705e+03	+2.015e+03	+9.464e+03	+0.207
112.000	+7.019e+03	+3.462e+03	+8.417e+03	+0.330
112.100	+6.308e+03	+1.670e+03	+9.727e+03	+0.209
112.200	+6.950e+03	+3.318e+03	+1.095e+04	+0.323
112.300	+7.653e+03	+2.842e+03	+1.037e+04	+0.271
112.400	+7.886e+03	+1.228e+03	+1.026e+04	+0.135
112.500	+8.222e+03	+3.502e+03	+1.040e+04	+0.299
112.600	+8.838e+03	+2.583e+03	+1.071e+04	+0.226
112.700	+8.212e+03	+2.984e+03	+9.137e+03	+0.266
112.800	+7.087e+03	+2.123e+03	+1.089e+04	+0.230
112.900	+7.688e+03	+1.989e+03	+9.076e+03	+0.205
113.000	+7.725e+03	+1.817e+03	+1.023e+04	+0.190
113.100	+7.728e+03	+3.576e+03	+9.624e+03	+0.316
113.200	+7.414e+03	+2.760e+03	+1.064e+04	+0.271
113.300	+7.946e+03	+3.728e+03	+1.102e+04	+0.319
113.400	+8.036e+03	+3.596e+03	+1.012e+04	+0.309
113.500	+8.262e+03	+2.326e+03	+9.766e+03	+0.220
113.600	+7.125e+03	+3.113e+03	+9.895e+03	+0.304
113.700	+6.527e+03	+1.958e+03	+1.127e+04	+0.231
113.800	+7.080e+03	+3.221e+03	+8.861e+03	+0.313
113.900	+7.924e+03	+2.473e+03	+1.020e+04	+0.238
114.000	+7.561e+03	+3.058e+03	+1.045e+04	+0.288
114.100	+6.770e+03	+3.153e+03	+1.043e+04	+0.318
114.200	+6.739e+03	+2.387e+03	+1.092e+04	+0.262
114.300	+7.142e+03	+1.959e+03	+9.594e+03	+0.215
114.400	+7.665e+03	+2.413e+03	+1.031e+04	+0.239
114.500	+7.792e+03	+2.094e+03	+1.141e+04	+0.212
114.600	+7.742e+03	+1.611e+03	+1.022e+04	+0.172
114.700	+7.458e+03	+2.270e+03	+1.010e+04	+0.233
114.800	+7.388e+03	+2.285e+03	+9.725e+03	+0.236
114.900	+6.399e+03	+2.779e+03	+1.043e+04	+0.303
115.000	+6.486e+03	+1.553e+03	+1.076e+04	+0.193
115.100	+7.218e+03	+1.646e+03	+1.091e+04	+0.186
115.200	+7.227e+03	+3.363e+03	+1.054e+04	+0.318
115.300	+8.003e+03	+3.195e+03	+1.007e+04	+0.285
115.400	+7.109e+03	+2.786e+03	+1.040e+04	+0.282
115.500	+8.591e+03	+2.256e+03	+1.039e+04	+0.208
115.600	+7.825e+03	+1.545e+03	+1.126e+04	+0.165
115.700	+7.964e+03	+2.224e+03	+9.491e+03	+0.218
115.800	+7.596e+03	+2.081e+03	+1.028e+04	+0.215
115.900	+7.625e+03	+1.619e+03	+1.019e+04	+0.175
116.000	+8.170e+03	+3.463e+03	+9.377e+03	+0.298
116.100	+7.000e+03	+3.417e+03	+1.140e+04	+0.328
116.200	+7.972e+03	+3.604e+03	+1.022e+04	+0.311
116.300	+7.819e+03	+1.356e+03	+9.464e+03	+0.148
116.400	+6.974e+03	+3.247e+03	+1.122e+04	+0.318
116.500	+6.391e+03	+2.402e+03	+9.543e+03	+0.273
116.600	+7.857e+03	+1.974e+03	+9.871e+03	+0.201
116.700	+7.780e+03	+2.733e+03	+1.115e+04	+0.260
116.800	+6.572e+03	+2.691e+03	+9.691e+03	+0.291
116.900	+7.570e+03	+3.358e+03	+9.568e+03	+0.307
117.000	+6.909e+03	+3.251e+03	+1.095e+04	+0.320
117.100	+8.035e+03	+1.262e+03	+1.071e+04	+0.136
117.200	+7.795e+03	+3.196e+03	+9.261e+03	+0.291
117.300	+6.523e+03	+2.962e+03	+8.954e+03	+0.312
117.400	+6.987e+03	+3.128e+03	+7.682e+03	+0.309
117.500	+7.334e+03	+4.184e+03	+9.648e+03	+0.363
117.600	+7.882e+03	+2.378e+03	+9.923e+03	+0.232
117.700	+8.702e+03	+2.777e+02	+1.028e+04	+0.031
117.800	+7.077e+03	+3.126e+03	+1.035e+04	+0.306
117.900	+6.971e+03	+2.269e+03	+9.816e+03	+0.246
118.000	+8.056e+03	+1.804e+03	+9.620e+03	+0.183
118.100	+7.265e+03	+2.765e+03	+1.042e+04	+0.276
118.200	+6.991e+03	+2.695e+03	+1.040e+04	+0.278
118.300	+6.810e+03	+1.832e+03	+8.955e+03	+0.212
118.400	+7.782e+03	+2.026e+03	+9.946e+03	+0.207
118.500	+8.510e+03	+3.307e+03	+1.019e+04	+0.280
118.600	+8.199e+03	+2.306e+03	+9.970e+03	+0.219
118.700	+8.663e+03	+3.239e+03	+9.686e+03	+0.272
118.800	+7.542e+03	+1.343e+03	+9.880e+03	+0.151
118.900	+7.230e+03	+2.923e+03	+1.081e+04	+0.288
119.000	+8.176e+03	+1.740e+03	+9.253e+03	+0.175
119.100	+7.388e+03	+2.147e+03	+1.069e+04	+0.225
119.200	+7.751e+03	+3.810e+03	+1.006e+04	+0.330
119.300	+7.789e+03	+3.480e+03	+9.787e+03	+0.309
119.400	+6.559e+03	+2.588e+03	+9.344e+03	+0.283
119.500	+8.544e+03	+1.807e+03	+9.410e+03	+0.175
119.600	+7.612e+03	+2.452e+03	+1.126e+04	+0.244
119.700	+7.082e+03	+2.819e+03	+9.021e+03	+0.285
119.800	+7.745e+03	+3.314e+03	+9.236e+03	+0.300
119.900	+6.205e+03	+2.539e+03	+9.453e+03	+0.290
120.000	+7.175e+03	+2.296e+03	+9.568e+03	+0.242
120.100	+8.307e+03	+2.363e+03	+1.040e+04	+0.221
120.200	+7.513e+03	+2.334e+03	+9.363e+03	+0.237
120.300	+7.081e+03	+3.680e+03	+1.024e+04	+0.342
120.400	+8.564e+03	+2.155e+03	+1.065e+04	+0.201
120.500	+7.446e+03	+3.106e+03	+1.051e+04	+0.294
120.600	+7.553e+03	+1.438e+03	+9.932e+03	+0.160
120.700	+7.334e+03	+1.431e+03	+9.024e+03	+0.163
120.800	+6.803e+03	+3.313e+03	+1.010e+04	+0.327
120.900	+7.204e+03	+2.341e+03	+1.047e+04	+0.245
121.000	+6.832e+03	+2.985e+03	+8.753e+03	+0.304
121.100	+7.544e+03	+4.403e+03	+1.089e+04	+0.369
121.200	+6.627e+03	+3.197e+03	+9.288e+03	+0.325
121.300	+7.450e+03	+1.315e+03	+9.802e+03	+0.150
121.400	+7.863e+03	+1.895e+03	+9.257e+03	+0.194
121.500	+7.474e+03	+2.495e+03	+9.723e+03	+0.250
121.600	+7.229e+03	+1.696e+03	+1.012e+04	+0.190
121.700	+7.530e+03	+1.861e+03	+9.924e+03	+0.198
121.800	+6.250e+03	+3.619e+03	+1.016e+04	+0.367
121.900	+8.316e+03	+2.742e+03	+9.540e+03	+0.248
122.000	+8.860e+03	+1.871e+03	+9.657e+03	+0.174
122.100	+7.780e+03	+2.188e+03	+9.926e+03	+0.219
122.200	+7.004e+03	+3.417e+03	+1.057e+04	+0.328
122.300	+7.310e+03	+2.573e+03	+9.659e+03	+0.260
122.400	+6.259e+03	+2.104e+03	+9.832e+03	+0.252
122.500	+8.190e+03	+2.789e+03	+1.018e+04	+0.254
122.600	+7.620e+03	+2.456e+03	+9.618e+03	+0.244
122.700	+8.000e+03	+3.078e+03	+9.182e+03	+0.278
122.800	+7.719e+03	+2.537e+03	+9.968e+03	+0.247
122.900	+6.963e+03	+1.815e+03	+1.077e+04	+0.207
123.000	+7.280e+03	+2.300e+03	+8.425e+03	+0.240
123.100	+7.118e+03	+2.693e+03	+1.001e+04	+0.275
123.200	+7.395e+03	+2.355e+03	+1.051e+04	+0.242
123.300	+7.945e+03	+3.402e+03	+9.897e+03	+0.300
123.400	+8.145e+03	+2.346e+03	+9.749e+03	+0.224
123.500	+7.434e+03	+2.681e+03	+9.362e+03	+0.265
123.600	+7.186e+03	+2.529e+03	+9.832e+03	+0.260
123.700	+8.175e+03	+3.029e+03	+1.094e+04	+0.270
123.800	+6.693e+03	+2.578e+03	+1.074e+04	+0.278
123.900	+7.917e+03	+2.107e+03	+9.583e+03	+0.210
124.000	+7.905e+03	+3.115e+03	+1.076e+04	+0.283
124.100	+7.624e+03	+2.271e+03	+1.069e+04	+0.229
124.200	+7.941e+03	+1.811e+03	+9.280e+03	+0.186
124.300	+8.102e+03	+3.193e+03	+1.037e+04	+0.283
124.400	+7.874e+03	+2.200e+03	+1.073e+04	+0.218
124.500	+8.025e+03	+1.392e+03	+9.647e+03	+0.148
124.600	+7.225e+03	+2.100e+03	+8.827e+03	+0.225
124.700	+5.810e+03	+3.921e+03	+9.638e+03	+0.403
124.800	+7.055e+03	+2.187e+03	+1.095e+04	+0.237
124.900	+7.527e+03	+4.382e+02	+9.065e+03	+0.055
125.000	+7.995e+03	+2.683e+03	+1.108e+04	+0.251
125.100	+7.731e+03	+3.325e+03	+9.590e+03	+0.301
125.200	+6.766e+03	+2.432e+03	+1.001e+04	+0.264
125.300	+6.880e+03	+1.627e+03	+9.766e+03	+0.191
125.400	+8.213e+03	+2.476e+03	+8.925e+03	+0.232
125.500	+8.591e+03	+4.071e+03	+9.497e+03	+0.322
125.600	+8.164e+03	+2.246e+03	+9.810e+03	+0.216
125.700	+5.845e+03	+3.553e+03	+1.030e+04	+0.378
125.800	+6.828e+03	+2.494e+03	+9.630e+03	+0.268
125.900	+6.918e+03	+2.147e+03	+1.036e+04	+0.237
126.000	+6.396e+03	+3.908e+03	+1.084e+04	+0.379
126.100	+7.963e+03	+3.145e+03	+1.046e+04	+0.283
126.200	+7.559e+03	+3.363e+03	+9.745e+03	+0.308
126.300	+7.936e+03	+2.135e+03	+9.250e+03	+0.212
126.400	+7.531e+03	+2.042e+03	+1.082e+04	+0.213
126.500	+5.712e+03	+2.573e+03	+1.071e+04	+0.311
126.600	+8.026e+03	+2.361e+03	+9.307e+03	+0.227
126.700	+7.063e+03	+2.189e+03	+1.043e+04	+0.237
126.800	+7.106e+03	+3.045e+03	+9.132e+03	+0.300
126.900	+8.125e+03	+3.321e+03	+1.106e+04	+0.290
127.000	+7.419e+03	+2.174e+03	+9.303e+03	+0.227
127.100	+7.694e+03	+2.911e+03	+1.048e+04	+0.274
127.200	+8.189e+03	+1.750e+03	+9.534e+03	+0.176
127.300	+7.195e+03	+1.454e+03	+1.022e+04	+0.168
127.400	+7.385e+03	+3.407e+03	+9.343e+03	+0.316
127.500	+6.936e+03	+3.693e+03	+9.119e+03	+0.347
127.600	+7.922e+03	+2.364e+03	+9.561e+03	+0.230
127.700	+7.131e+03	+1.020e+03	+9.797e+03	+0.125
127.800	+7.799e+03	+1.194e+03	+1.143e+04	+0.133
127.900	+6.616e+03	+2.579e+03	+8.527e+03	+0.280
128.000	+7.957e+03	+1.919e+03	+9.694e+03	+0.194
128.100	+7.344e+03	+3.390e+03	+8.703e+03	+0.316
128.200	+8.050e+03	+3.323e+03	+9.635e+03	+0.292
128.300	+7.315e+03	+2.319e+03	+9.924e+03	+0.241
128.400	+8.396e+03	+1.880e+03	+1.018e+04	+0.183
128.500	+7.767e+03	+1.639e+03	+1.031e+04	+0.174
128.600	+7.364e+03	+2.365e+03	+1.061e+04	+0.243
128.700	+7.792e+03	+2.082e+03	+1.072e+04	+0.211
128.800	+8.160e+03	+2.425e+03	+9.330e+03	+0.229
128.900	+7.955e+03	+2.354e+03	+1.043e+04	+0.228
129.000	+6.998e+03	+2.099e+03	+1.009e+04	+0.231
129.100	+7.958e+03	+3.709e+03	+1.006e+04	+0.318
129.200	+7.816e+03	+3.925e+03	+1.116e+04	+0.334
129.300	+7.746e+03	+2.405e+03	+1.062e+04	+0.237
129.400	+7.790e+03	+3.402e+03	+1.125e+04	+0.304
129.500	+7.900e+03	+3.229e+03	+1.067e+04	+0.290
129.600	+7.962e+03	+1.861e+03	+1.052e+04	+0.189
129.700	+7.398e+03	+2.485e+03	+9.795e+03	+0.251
129.800	+8.034e+03	+2.881e+03	+1.046e+04	+0.264
129.900	+9.122e+03	+2.088e+03	+1.047e+04	+0.186
130.000	+7.045e+03	+3.715e+03	+1.065e+04	+0.345
130.100	+7.542e+03	+2.131e+03	+1.098e+04	+0.220
130.200	+7.303e+03	+2.366e+03	+1.142e+04	+0.245
130.300	+8.492e+03	+3.450e+03	+1.213e+04	+0.289
130.400	+7.396e+03	+2.266e+03	+9.426e+03	+0.235
130.500	+8.082e+03	+2.687e+03	+1.089e+04	+0.250
130.600	+8.366e+03	+2.691e+03	+1.059e+04	+0.243
130.700	+6.124e+03	+1.974e+03	+1.057e+04	+0.244
130.800	+7.486e+03	+2.804e+03	+1.074e+04	+0.272
130.900	+8.466e+03	+2.366e+03	+9.686e+03	+0.218
131.000	+6.975e+03	+2.742e+03	+9.727e+03	+0.282
131.100	+7.738e+03	+3.673e+03	+1.045e+04	+0.322
131.200	+8.404e+03	+1.388e+03	+1.030e+04	+0.142
131.300	+7.116e+03	+2.882e+03	+9.000e+03	+0.288
131.400	+6.554e+03	+2.916e+03	+9.378e+03	+0.308
131.500	+7.852e+03	+2.878e+03	+1.048e+04	+0.268
131.600	+8.308e+03	+2.182e+03	+9.358e+03	+0.208
131.700	+6.443e+03	+2.832e+03	+8.416e+03	+0.305
131.800	+6.989e+03	+2.598e+03	+1.025e+04	+0.271
131.900	+8.767e+03	+2.695e+03	+1.044e+04	+0.235
132.000	+7.077e+03	+2.487e+03	+9.552e+03	+0.260
132.100	+8.116e+03	+3.231e+03	+1.008e+04	+0.285
132.200	+6.405e+03	+1.730e+03	+9.796e+03	+0.213
132.300	+7.711e+03	+3.683e+03	+1.192e+04	+0.323
132.400	+7.879e+03	+2.318e+03	+1.044e+04	+0.227
132.500	+7.051e+03	+1.985e+03	+9.891e+03	+0.220
132.600	+8.203e+03	+3.145e+03	+8.695e+03	+0.277
132.700	+8.635e+03	+2.615e+03	+1.129e+04	+0.232
132.800	+8.309e+03	+1.640e+03	+1.019e+04	+0.165
132.900	+8.352e+03	+2.155e+03	+1.061e+04	+0.205
133.000	+8.845e+03	+1.596e+03	+9.780e+03	+0.153
133.100	+8.129e+03	+3.948e+03	+9.276e+03	+0.327
133.200	+6.737e+03	+2.618e+03	+8.897e+03	+0.280
133.300	+7.920e+03	+2.661e+03	+9.936e+03	+0.252
133.400	+8.044e+03	+2.844e+03	+1.059e+04	+0.261
133.500	+7.743e+03	+3.838e+03	+1.013e+04	+0.331
133.600	+8.814e+03	+3.324e+03	+8.606e+03	+0.274
133.700	+7.226e+03	+3.011e+03	+9.166e+03	+0.294
133.800	+7.374e+03	+1.864e+03	+1.014e+04	+0.202
133.900	+6.436e+03	+3.417e+03	+1.065e+04	+0.347
134.000	+7.085e+03	+2.652e+03	+9.631e+03	+0.272
134.100	+6.593e+03	+1.946e+03	+1.146e+04	+0.228
134.200	+7.612e+03	+1.255e+03	+9.338e+03	+0.142
134.300	+8.635e+03	+2.282e+03	+1.066e+04	+0.209
134.400	+8.260e+03	+2.448e+03	+1.065e+04	+0.229
134.500	+8.126e+03	+3.662e+03	+9.426e+03	+0.311
134.600	+7.422e+03	+2.028e+03	+9.555e+03	+0.215
134.700	+7.426e+03	+1.954e+03	+9.862e+03	+0.208
134.800	+9.489e+03	+2.723e+03	+9.860e+03	+0.223
134.900	+6.642e+03	+2.511e+03	+9.505e+03	+0.274
135.000	+7.010e+03	+1.149e+03	+1.032e+04	+0.141
135.100	+9.042e+03	+3.214e+03	+9.979e+03	+0.262
135.200	+8.836e+03	+3.403e+03	+9.562e+03	+0.278
135.300	+8.539e+03	+1.802e+03	+9.469e+03	+0.174
135.400	+7.347e+03	+1.894e+03	+9.076e+03	+0.205
135.500	+6.767e+03	+3.177e+03	+9.685e+03	+0.319
135.600	+7.212e+03	+2.190e+03	+1.023e+04	+0.233
135.700	+6.526e+03	+2.561e+03	+1.047e+04	+0.282
135.800	+7.260e+03	+2.360e+03	+9.989e+03	+0.245
135.900	+6.803e+03	+1.426e+03	+1.101e+04	+0.173
136.000	+7.958e+03	+3.518e+03	+9.124e+03	+0.307
136.100	+6.626e+03	+3.694e+03	+9.312e+03	+0.358
136.200	+9.132e+03	+2.145e+03	+1.060e+04	+0.190
136.300	+6.783e+03	+2.605e+03	+9.515e+03	+0.277
136.400	+8.341e+03	+2.876e+03	+9.154e+03	+0.256
136.500	+7.277e+03	+2.759e+03	+1.069e+04	+0.275
136.600	+5.832e+03	+2.903e+03	+8.257e+03	+0.332
136.700	+7.380e+03	+1.429e+03	+1.010e+04	+0.162
136.800	+8.472e+03	+1.783e+03	+9.947e+03	+0.174
136.900	+6.375e+03	+3.420e+03	+9.918e+03	+0.349
137.000	+6.813e+03	+2.496e+03	+9.996e+03	+0.268
137.100	+7.836e+03	+3.487e+03	+1.174e+04	+0.308
137.200	+5.369e+03	+2.875e+03	+9.559e+03	+0.349
137.300	+7.866e+03	+2.993e+03	+1.020e+04	+0.276
137.400	+6.769e+03	+1.761e+03	+1.199e+04	+0.206
137.500	+6.781e+03	+1.300e+03	+9.773e+03	+0.161
137.600	+7.469e+03	+3.117e+03	+1.174e+04	+0.294
137.700	+7.617e+03	+2.001e+03	+1.206e+04	+0.208
137.800	+9.195e+03	+2.034e+03	+1.066e+04	+0.181
137.900	+7.413e+03	+2.157e+03	+1.006e+04	+0.225
138.000	+8.022e+03	+1.718e+03	+1.031e+04	+0.176
138.100	+7.506e+03	+2.241e+03	+9.830e+03	+0.230
138.200	+5.939e+03	+3.741e+03	+1.033e+04	+0.386
138.300	+7.777e+03	+2.348e+03	+9.076e+03	+0.232
138.400	+6.974e+03	+1.959e+03	+1.033e+04	+0.219
138.500	+7.326e+03	+2.909e+03	+9.347e+03	+0.284
138.600	+7.423e+03	+2.591e+03	+8.974e+03	+0.259
138.700	+7.751e+03	+2.396e+03	+1.065e+04	+0.236
138.800	+7.799e+03	+2.325e+03	+9.594e+03	+0.230
138.900	+6.846e+03	+2.695e+03	+1.111e+04	+0.282
139.000	+6.838e+03	+2.416e+03	+9.538e+03	+0.261
139.100	+8.714e+03	+3.231e+03	+8.932e+03	+0.270
139.200	+6.198e+03	+1.996e+03	+9.593e+03	+0.244
139.300	+8.348e+03	+1.964e+03	+9.203e+03	+0.190
139.400	+8.392e+03	+3.553e+03	+1.041e+04	+0.297
139.500	+6.772e+03	+3.154e+03	+7.997e+03	+0.318
139.600	+7.022e+03	+2.555e+03	+1.094e+04	+0.267
139.700	+8.025e+03	+3.226e+03	+1.024e+04	+0.287
139.800	+8.749e+03	+2.592e+03	+9.945e+03	+0.229
139.900	+7.541e+03	+2.773e+03	+1.038e+04	+0.269
140.000	+6.632e+03	+1.962e+03	+1.023e+04	+0.228
140.100	+7.691e+03	+2.275e+03	+9.915e+03	+0.228
140.200	+7.923e+03	+1.045e+03	+1.070e+04	+0.116
140.300	+6.376e+03	+2.551e+03	+9.624e+03	+0.286
140.400	+7.553e+03	+2.581e+03	+1.082e+04	+0.255
140.500	+7.504e+03	+3.574e+03	+9.527e+03	+0.323
140.600	+6.198e+03	+2.484e+03	+9.596e+03	+0.286
140.700	+7.678e+03	+3.084e+03	+1.053e+04	+0.287
140.800	+8.376e+03	+3.249e+03	+1.034e+04	+0.279
140.900	+6.378e+03	+1.488e+03	+8.800e+03	+0.189
141.000	+7.638e+03	+2.421e+03	+9.909e+03	+0.241
141.100	+6.633e+03	+2.447e+03	+9.495e+03	+0.269
141.200	+7.260e+03	+3.686e+03	+9.686e+03	+0.337
141.300	+7.520e+03	+3.011e+03	+1.024e+04	+0.286
141.400	+7.946e+03	+2.502e+03	+1.021e+04	+0.239
141.500	+8.211e+03	+3.958e+03	+9.806e+03	+0.325
141.600	+8.927e+03	+1.857e+03	+9.811e+03	+0.172
141.700	+7.448e+03	+2.039e+03	+9.426e+03	+0.215
141.800	+8.052e+03	+2.247e+03	+1.012e+04	+0.218
141.900	+6.982e+03	+3.412e+03	+9.625e+03	+0.328
142.000	+7.241e+03	+2.916e+03	+1.073e+04	+0.287
142.100	+7.527e+03	+2.367e+03	+9.727e+03	+0.239
142.200	+6.969e+03	+3.151e+03	+9.831e+03	+0.311
142.300	+7.466e+03	+3.016e+03	+9.560e+03	+0.288
142.400	+6.974e+03	+2.756e+03	+9.715e+03	+0.283
142.500	+8.101e+03	+1.573e+03	+1.060e+04	+0.163
142.600	+7.186e+03	+2.862e+03	+9.463e+03	+0.285
142.700	+7.443e+03	+2.682e+03	+1.011e+04	+0.265
142.800	+6.599e+03	+4.538e+03	+9.739e+03	+0.407
142.900	+7.414e+03	+1.796e+03	+1.028e+04	+0.195
143.000	+6.721e+03	+1.947e+03	+1.028e+04	+0.225
143.100	+8.534e+03	+1.806e+03	+1.075e+04	+0.175
143.200	+7.831e+03	+3.868e+03	+1.109e+04	+0.331
143.300	+8.061e+03	+3.058e+03	+1.049e+04	+0.275
143.400	+7.063e+03	+2.635e+03	+9.664e+03	+0.272
143.500	+7.761e+03	+2.977e+03	+1.046e+04	+0.277
143.600	+7.778e+03	+3.361e+03	+1.003e+04	+0.302
143.700	+7.805e+03	+2.400e+03	+1.032e+04	+0.235
143.800	+7.924e+03	+2.485e+03	+8.394e+03	+0.239
143.900	+8.438e+03	+2.863e+03	+1.027e+04	+0.253
144.000	+7.942e+03	+2.497e+03	+1.040e+04	+0.239
144.100	+7.170e+03	+2.012e+03	+9.865e+03	+0.219
144.200	+7.936e+03	+2.224e+03	+1.140e+04	+0.219
144.300	+7.506e+03	+3.524e+03	+8.689e+03	+0.320
144.400	+7.337e+03	+2.387e+03	+1.035e+04	+0.245
144.500	+8.667e+03	+3.150e+03	+1.017e+04	+0.267
144.600	+7.078e+03	+3.190e+03	+1.076e+04	+0.311
144.700	+7.516e+03	+1.774e+03	+1.004e+04	+0.191
144.800	+7.931e+03	+2.850e+03	+1.064e+04	+0.264
144.900	+9.172e+03	+2.891e+03	+1.043e+04	+0.240
145.000	+6.038e+03	+2.745e+03	+9.679e+03	+0.313
145.100	+7.336e+03	+2.876e+03	+1.065e+04	+0.282
145.200	+8.489e+03	+3.377e+03	+1.067e+04	+0.285
145.300	+7.855e+03	+3.557e+03	+1.081e+04	+0.312
145.400	+7.531e+03	+2.639e+03	+1.177e+04	+0.260
145.500	+7.744e+03	+1.693e+03	+9.677e+03	+0.179
145.600	+6.594e+03	+2.169e+03	+8.575e+03	+0.248
145.700	+6.617e+03	+3.732e+03	+1.001e+04	+0.361
145.800	+7.979e+03	+2.509e+03	+9.626e+03	+0.239
145.900	+8.700e+03	+3.182e+03	+9.681e+03	+0.268
146.000	+8.001e+03	+1.071e+03	+1.133e+04	+0.118
146.100	+8.120e+03	+2.560e+03	+1.059e+04	+0.240
146.200	+9.189e+03	+2.711e+03	+1.026e+04	+0.228
146.300	+6.800e+03	+2.517e+03	+9.959e+03	+0.270
146.400	+6.541e+03	+2.547e+03	+1.033e+04	+0.280
146.500	+6.847e+03	+2.027e+03	+1.020e+04	+0.228
146.600	+6.392e+03	+2.025e+03	+7.573e+03	+0.241
146.700	+7.894e+03	+1.525e+03	+1.029e+04	+0.162
146.800	+7.890e+03	+2.834e+03	+1.006e+04	+0.264
146.900	+6.975e+03	+2.897e+03	+1.031e+04	+0.293
147.000	+7.978e+03	+2.183e+03	+9.000e+03	+0.215
147.100	+6.707e+03	+2.372e+03	+1.060e+04	+0.261
147.200	+8.233e+03	+2.543e+03	+9.689e+03	+0.236
147.300	+7.907e+03	+2.695e+03	+8.940e+03	+0.254
147.400	+7.812e+03	+1.691e+03	+9.614e+03	+0.178
147.500	+7.090e+03	+4.303e+03	+1.005e+04	+0.378
147.600	+6.868e+03	+1.785e+03	+1.005e+04	+0.206
147.700	+7.696e+03	+1.803e+03	+1.033e+04	+0.190
147.800	+8.606e+03	+1.803e+03	+1.164e+04	+0.173
147.900	+7.642e+03	+4.412e+03	+1.055e+04	+0.366
148.000	+9.462e+03	+1.804e+03	+1.028e+04	+0.160
148.100	+7.701e+03	+2.793e+03	+9.383e+03	+0.266
148.200	+8.021e+03	+2.710e+03	+9.691e+03	+0.253
148.300	+8.133e+03	+2.173e+03	+9.808e+03	+0.211
148.400	+6.486e+03	+1.941e+03	+1.043e+04	+0.230
148.500	+7.201e+03	+3.160e+03	+1.027e+04	+0.305
148.600	+8.135e+03	+1.594e+03	+9.092e+03	+0.164
148.700	+6.932e+03	+2.201e+03	+1.001e+04	+0.241
148.800	+5.575e+03	+2.462e+03	+9.288e+03	+0.306
148.900	+7.245e+03	+1.627e+03	+1.003e+04	+0.183
149.000	+8.118e+03	+3.117e+03	+9.942e+03	+0.277
149.100	+6.913e+03	+2.308e+03	+1.026e+04	+0.250
149.200	+7.280e+03	+2.442e+03	+9.690e+03	+0.251
149.300	+7.070e+03	+1.980e+03	+1.004e+04	+0.219
149.400	+6.562e+03	+2.223e+03	+9.533e+03	+0.253
149.500	+7.851e+03	+2.185e+03	+1.043e+04	+0.218
149.600	+7.846e+03	+1.699e+03	+1.040e+04	+0.178
149.700	+7.151e+03	+2.684e+03	+9.682e+03	+0.273
149.800	+7.712e+03	+2.712e+03	+9.299e+03	+0.260
149.900	+7.826e+03	+2.183e+03	+9.790e+03	+0.218
150.000	+7.031e+03	+2.572e+03	+9.595e+03	+0.268
150.100	+8.501e+03	+3.245e+03	+1.095e+04	+0.276
150.200	+7.948e+03	+1.882e+03	+9.720e+03	+0.191
150.300	+7.537e+03	+2.463e+03	+1.046e+04	+0.246
150.400	+7.339e+03	+2.965e+03	+8.787e+03	+0.288
150.500	+8.865e+03	+1.978e+03	+8.763e+03	+0.182
150.600	+7.743e+03	+1.694e+03	+1.154e+04	+0.180
150.700	+7.321e+03	+1.801e+03	+1.040e+04	+0.197
150.800	+6.934e+03	+2.120e+03	+1.036e+04	+0.234
150.900	+6.811e+03	+2.506e+03	+9.887e+03	+0.269
151.000	+7.792e+03	+1.597e+03	+1.090e+04	+0.170
151.100	+7.373e+03	+2.909e+03	+1.005e+04	+0.283
151.200	+6.794e+03	+1.917e+03	+9.787e+03	+0.220
151.300	+7.097e+03	+3.907e+03	+1.064e+04	+0.355
151.400	+7.842e+03	+2.269e+03	+9.865e+03	+0.224
151.500	+6.750e+03	+3.832e+03	+8.714e+03	+0.362
151.600	+7.302e+03	+1.737e+03	+9.151e+03	+0.192
151.700	+7.694e+03	+3.402e+03	+9.534e+03	+0.307
151.800	+6.839e+03	+2.183e+03	+1.015e+04	+0.242
151.900	+6.677e+03	+2.032e+03	+1.027e+04	+0.233
152.000	+7.532e+03	+2.784e+03	+9.925e+03	+0.270
152.100	+8.244e+03	+1.609e+03	+1.096e+04	+0.163
152.200	+7.085e+03	+2.777e+03	+1.056e+04	+0.282
152.300	+7.282e+03	+2.849e+03	+1.039e+04	+0.281
152.400	+7.736e+03	+1.366e+03	+9.442e+03	+0.150
152.500	+7.126e+03	+1.593e+03	+9.948e+03	+0.183
152.600	+8.900e+03	+2.292e+03	+9.902e+03	+0.205
152.700	+7.530e+03	+1.810e+03	+9.034e+03	+0.194
152.800	+6.272e+03	+2.188e+03	+8.558e+03	+0.259
152.900	+6.769e+03	+3.169e+03	+1.044e+04	+0.319
153.000	+7.856e+03	+2.782e+03	+1.030e+04	+0.262
153.100	+7.832e+03	+3.693e+03	+1.070e+04	+0.320
153.200	+8.359e+03	+1.762e+03	+1.108e+04	+0.174
153.300	+7.236e+03	+2.769e+03	+1.050e+04	+0.277
153.400	+7.223e+03	+2.219e+03	+9.351e+03	+0.235
153.500	+6.063e+03	+9.444e+02	+1.003e+04	+0.135
153.600	+7.474e+03	+2.870e+03	+9.594e+03	+0.277
153.700	+6.522e+03	+3.394e+03	+9.624e+03	+0.342
153.800	+7.086e+03	+2.058e+03	+9.942e+03	+0.225
153.900	+7.207e+03	+2.464e+03	+1.064e+04	+0.255
154.000	+6.716e+03	+1.215e+03	+9.936e+03	+0.153
154.100	+7.678e+03	+1.228e+03	+9.827e+03	+0.138
154.200	+7.328e+03	+2.273e+03	+9.360e+03	+0.237
154.300	+7.168e+03	+1.891e+03	+1.057e+04	+0.209
154.400	+8.125e+03	+2.636e+03	+9.286e+03	+0.245
154.500	+6.008e+03	+2.819e+03	+1.066e+04	+0.319
154.600	+7.118e+03	+2.155e+03	+1.003e+04	+0.232
154.700	+7.330e+03	+2.181e+03	+1.015e+04	+0.229
154.800	+8.092e+03	+3.756e+03	+1.027e+04	+0.317
154.900	+8.401e+03	+2.172e+03	+9.763e+03	+0.205
155.000	+8.178e+03	+3.354e+03	+1.014e+04	+0.291
155.100	+6.466e+03	+3.263e+03	+9.572e+03	+0.335
155.200	+7.816e+03	+2.151e+03	+9.645e+03	+0.216
155.300	+5.838e+03	+1.089e+03	+9.557e+03	+0.157
155.400	+7.241e+03	+2.400e+03	+9.579e+03	+0.249
155.500	+8.326e+03	+1.846e+03	+9.658e+03	+0.182
155.600	+8.231e+03	+2.141e+03	+9.211e+03	+0.206
155.700	+7.738e+03	+2.573e+03	+1.088e+04	+0.250
155.800	+7.116e+03	+2.352e+03	+1.050e+04	+0.248
155.900	+6.857e+03	+3.043e+03	+8.491e+03	+0.307
156.000	+7.547e+03	+3.180e+03	+9.331e+03	+0.296
156.100	+8.193e+03	+1.971e+03	+9.199e+03	+0.194
156.200	+7.597e+03	+9.408e+02	+9.377e+03	+0.110
156.300	+6.677e+03	+2.080e+03	+9.648e+03	+0.238
156.400	+7.894e+03	+2.912e+03	+9.850e+03	+0.269
156.500	+8.060e+03	+1.693e+03	+8.833e+03	+0.174
156.600	+7.436e+03	+2.042e+03	+9.629e+03	+0.215
156.700	+7.966e+03	+2.132e+03	+9.590e+03	+0.211
156.800	+8.081e+03	+2.604e+03	+1.058e+04	+0.244
156.900	+8.456e+03	+2.090e+03	+1.018e+04	+0.198
157.000	+8.087e+03	+2.299e+03	+9.131e+03	+0.221
157.100	+7.486e+03	+1.389e+03	+1.045e+04	+0.156
157.200	+7.262e+03	+2.265e+03	+1.019e+04	+0.238
157.300	+7.194e+03	+2.298e+03	+8.554e+03	+0.242
157.400	+7.925e+03	+1.397e+03	+1.103e+04	+0.150
157.500	+8.011e+03	+2.297e+03	+9.609e+03	+0.223
157.600	+6.379e+03	+2.457e+03	+9.660e+03	+0.278
157.700	+7.458e+03	+2.200e+03	+1.117e+04	+0.228
157.800	+7.022e+03	+3.078e+03	+1.010e+04	+0.305
157.900	+6.890e+03	+2.642e+03	+1.029e+04	+0.277
158.000	+6.871e+03	+2.023e+03	+9.385e+03	+0.227
158.100	+7.754e+03	+3.085e+03	+8.481e+03	+0.285
158.200	+7.358e+03	+1.860e+03	+8.709e+03	+0.202
158.300	+7.712e+03	+3.247e+03	+1.025e+04	+0.296
158.400	+7.493e+03	+9.171e+02	+9.810e+03	+0.109
158.500	+7.540e+03	+2.424e+03	+9.314e+03	+0.243
158.600	+8.195e+03	+2.991e+03	+9.711e+03	+0.267
158.700	+7.046e+03	+2.268e+03	+9.448e+03	+0.243
158.800	+8.515e+03	+2.991e+03	+1.063e+04	+0.260
158.900	+5.951e+03	+3.647e+03	+1.038e+04	+0.380
159.000	+6.307e+03	+2.492e+03	+1.064e+04	+0.283
159.100	+7.260e+03	+3.486e+03	+1.083e+04	+0.324
159.200	+7.069e+03	+2.542e+03	+8.883e+03	+0.265
159.300	+7.084e+03	+2.384e+03	+9.635e+03	+0.252
159.400	+7.308e+03	+2.803e+03	+9.161e+03	+0.277
159.500	+7.339e+03	+3.576e+03	+1.012e+04	+0.328
159.600	+7.385e+03	+2.659e+03	+1.100e+04	+0.265
159.700	+7.390e+03	+2.952e+03	+9.954e+03	+0.285
159.800	+6.857e+03	+3.066e+03	+1.030e+04	+0.309
159.900	+6.783e+03	+1.638e+03	+8.128e+03	+0.195
160.000	+6.489e+03	+2.584e+03	+1.091e+04	+0.285
160.100	+8.245e+03	+1.127e+03	+1.164e+04	+0.120
160.200	+6.520e+03	+2.880e+03	+1.051e+04	+0.306
160.300	+7.435e+03	+1.436e+03	+1.037e+04	+0.162
160.400	+7.682e+03	+3.055e+03	+1.014e+04	+0.285
160.500	+6.476e+03	+7.515e+02	+9.553e+03	+0.104
160.600	+6.940e+03	+2.251e+03	+1.057e+04	+0.245
160.700	+7.012e+03	+2.543e+03	+9.595e+03	+0.266
160.800	+7.212e+03	+2.856e+03	+1.023e+04	+0.284
160.900	+7.420e+03	+1.805e+03	+9.138e+03	+0.196
161.000	+7.928e+03	+2.467e+03	+9.961e+03	+0.237
161.100	+8.087e+03	+2.676e+03	+1.159e+04	+0.249
161.200	+8.880e+03	+3.054e+03	+1.038e+04	+0.256
161.300	+6.972e+03	+2.226e+03	+1.040e+04	+0.242
161.400	+7.057e+03	+3.171e+03	+1.094e+04	+0.310
161.500	+6.206e+03	+3.661e+03	+1.026e+04	+0.371
161.600	+8.800e+03	+2.481e+03	+1.078e+04	+0.220
161.700	+8.503e+03	+1.858e+03	+9.143e+03	+0.179
161.800	+7.104e+03	+2.998e+03	+1.140e+04	+0.297
161.900	+7.220e+03	+3.001e+03	+9.974e+03	+0.294
162.000	+6.908e+03	+2.062e+03	+9.549e+03	+0.230
162.100	+6.805e+03	+2.103e+03	+1.019e+04	+0.236
162.200	+6.926e+03	+2.296e+03	+1.077e+04	+0.249
162.300	+7.185e+03	+1.640e+03	+9.696e+03	+0.186
162.400	+6.733e+03	+8.711e+02	+9.836e+03	+0.115
162.500	+7.792e+03	+1.729e+03	+1.023e+04	+0.182
162.600	+6.089e+03	+1.797e+03	+9.754e+03	+0.228
162.700	+6.742e+03	+3.116e+03	+1.073e+04	+0.316
162.800	+8.247e+03	+3.112e+03	+9.745e+03	+0.274
162.900	+6.497e+03	+2.734e+03	+1.062e+04	+0.296
163.000	+7.142e+03	+2.236e+03	+1.000e+04	+0.238
163.100	+7.802e+03	+1.906e+03	+1.004e+04	+0.196
163.200	+6.865e+03	+3.235e+03	+9.662e+03	+0.320
163.300	+8.934e+03	+3.583e+03	+1.122e+04	+0.286
163.400	+7.504e+03	+4.503e+02	+1.081e+04	+0.057
163.500	+7.139e+03	+2.081e+03	+1.029e+04	+0.226
163.600	+7.254e+03	+1.507e+03	+9.749e+03	+0.172
163.700	+7.428e+03	+2.528e+03	+9.930e+03	+0.254
163.800	+7.933e+03	+2.313e+03	+9.512e+03	+0.226
163.900	+6.873e+03	+2.299e+03	+1.146e+04	+0.251
164.000	+5.822e+03	+1.969e+03	+1.095e+04	+0.253
164.100	+7.448e+03	+2.406e+03	+9.039e+03	+0.244
164.200	+7.422e+03	+2.154e+03	+9.857e+03	+0.225
164.300	+7.125e+03	+3.123e+03	+9.966e+03	+0.305
164.400	+7.068e+03	+1.921e+03	+9.888e+03	+0.214
164.500	+7.656e+03	+1.756e+03	+9.860e+03	+0.187
164.600	+7.713e+03	+2.238e+03	+9.986e+03	+0.225
164.700	+7.298e+03	+1.889e+03	+1.006e+04	+0.206
164.800	+7.152e+03	+3.385e+03	+1.138e+04	+0.321
164.900	+7.433e+03	+1.721e+03	+9.649e+03	+0.188
165.000	+7.650e+03	+3.340e+03	+9.591e+03	+0.304
165.100	+7.565e+03	+1.722e+03	+9.764e+03	+0.185
165.200	+8.518e+03	+2.379e+03	+1.036e+04	+0.218
165.300	+8.980e+03	+2.828e+03	+8.488e+03	+0.240
165.400	+7.996e+03	+1.583e+03	+9.128e+03	+0.165
165.500	+4.197e+03	+5.921e+03	+1.044e+04	+0.585
165.600	+7.953e+03	+3.768e+03	+1.088e+04	+0.321
165.700	+8.115e+03	+2.032e+03	+1.034e+04	+0.200
165.800	+7.718e+03	+2.034e+03	+1.008e+04	+0.209
165.900	+6.885e+03	+7.537e+02	+9.755e+03	+0.099
166.000	+7.701e+03	+1.782e+03	+1.023e+04	+0.188
166.100	+7.434e+03	+2.665e+03	+1.030e+04	+0.264
166.200	+6.411e+03	+2.571e+03	+1.055e+04	+0.286
166.300	+8.150e+03	+2.970e+03	+9.960e+03	+0.267
166.400	+7.199e+03	+2.750e+03	+1.059e+04	+0.276
166.500	+7.223e+03	+2.349e+03	+9.863e+03	+0.245
166.600	+7.702e+03	+2.062e+03	+9.196e+03	+0.211
166.700	+7.512e+03	+3.038e+03	+9.571e+03	+0.288
166.800	+7.426e+03	+2.879e+03	+8.022e+03	+0.279
166.900	+8.350e+03	+1.520e+03	+9.260e+03	+0.154
167.000	+7.613e+03	+1.972e+03	+1.038e+04	+0.206
167.100	+7.318e+03	+3.773e+03	+1.085e+04	+0.340
167.200	+7.054e+03	+1.846e+03	+1.062e+04	+0.207
167.300	+7.771e+03	+3.209e+03	+9.869e+03	+0.292
167.400	+6.853e+03	+3.343e+03	+9.097e+03	+0.328
167.500	+7.105e+03	+2.410e+03	+1.001e+04	+0.253
167.600	+7.606e+03	+1.545e+03	+1.052e+04	+0.169
167.700	+8.093e+03	+3.461e+03	+9.968e+03	+0.300
167.800	+7.516e+03	+2.491e+03	+1.014e+04	+0.249
167.900	+6.985e+03	+2.488e+03	+1.036e+04	+0.263
168.000	+6.858e+03	+3.090e+03	+1.000e+04	+0.311
168.100	+8.557e+03	+3.352e+03	+1.232e+04	+0.281
168.200	+7.489e+03	+2.677e+03	+9.964e+03	+0.263
168.300	+7.725e+03	+3.068e+03	+9.766e+03	+0.284
168.400	+6.471e+03	+1.874e+03	+9.543e+03	+0.225
168.500	+7.851e+03	+2.555e+03	+9.398e+03	+0.246
168.600	+6.495e+03	+4.209e+03	+9.820e+03	+0.393
168.700	+6.694e+03	+1.663e+03	+1.019e+04	+0.199
168.800	+7.764e+03	+2.612e+03	+9.884e+03	+0.252
168.900	+7.470e+03	+2.435e+03	+1.064e+04	+0.246
169.000	+6.406e+03	+3.265e+03	+8.938e+03	+0.338
169.100	+7.630e+03	+2.497e+03	+9.452e+03	+0.247
169.200	+7.554e+03	+2.773e+03	+9.817e+03	+0.269
169.300	+7.024e+03	+1.851e+03	+9.159e+03	+0.209
169.400	+6.018e+03	+1.402e+03	+1.032e+04	+0.189
169.500	+7.011e+03	+2.912e+03	+9.489e+03	+0.293
169.600	+7.596e+03	+2.210e+03	+8.857e+03	+0.225
169.700	+6.906e+03	+2.442e+03	+9.311e+03	+0.261
169.800	+6.956e+03	+2.155e+03	+1.075e+04	+0.236
169.900	+6.945e+03	+3.110e+03	+1.060e+04	+0.309
170.000	+6.612e+03	+3.311e+03	+8.646e+03	+0.334
170.100	+7.888e+03	+1.699e+03	+9.647e+03	+0.177
170.200	+7.157e+03	+1.316e+03	+1.083e+04	+0.155
170.300	+7.840e+03	+1.582e+03	+9.989e+03	+0.168
170.400	+8.154e+03	+2.344e+03	+1.006e+04	+0.223
170.500	+6.715e+03	+3.687e+03	+1.115e+04	+0.354
170.600	+7.551e+03	+3.951e+03	+9.845e+03	+0.344
170.700	+8.293e+03	+1.666e+03	+1.010e+04	+0.167
170.800	+8.115e+03	+1.251e+03	+1.080e+04	+0.134
170.900	+7.276e+03	+2.308e+03	+1.098e+04	+0.241
171.000	+7.660e+03	+2.082e+03	+9.438e+03	+0.214
171.100	+7.850e+03	+3.408e+03	+1.019e+04	+0.303
171.200	+7.638e+03	+3.342e+03	+1.013e+04	+0.304
171.300	+8.562e+03	+2.800e+03	+9.824e+03	+0.246
171.400	+6.749e+03	+2.402e+03	+9.377e+03	+0.262
171.500	+7.197e+03	+2.546e+03	+9.810e+03	+0.261
171.600	+7.723e+03	+3.295e+03	+8.852e+03	+0.299
171.700	+9.124e+03	+1.410e+03	+1.046e+04	+0.134
171.800	+7.413e+03	+3.543e+03	+9.362e+03	+0.323
171.900	+8.198e+03	+3.479e+03	+9.630e+03	+0.298
172.000	+7.099e+03	+4.316e+03	+9.822e+03	+0.378
172.100	+7.743e+03	+3.209e+03	+1.002e+04	+0.293
172.200	+6.911e+03	+2.443e+03	+1.007e+04	+0.261
172.300	+6.428e+03	+2.269e+03	+1.040e+04	+0.261
172.400	+6.674e+03	+3.051e+03	+9.140e+03	+0.314
172.500	+8.366e+03	+2.101e+03	+9.589e+03	+0.201
172.600	+8.312e+03	+3.419e+03	+1.103e+04	+0.291
172.700	+7.553e+03	+1.991e+03	+1.017e+04	+0.209
172.800	+7.397e+03	+2.708e+03	+9.350e+03	+0.268
172.900	+8.182e+03	+2.840e+03	+8.775e+03	+0.258
173.000	+6.240e+03	+2.280e+03	+1.023e+04	+0.268
173.100	+7.714e+03	+1.569e+03	+1.063e+04	+0.169
173.200	+6.879e+03	+3.012e+03	+1.079e+04	+0.305
173.300	+8.729e+03	+2.555e+03	+9.958e+03	+0.226
173.400	+7.267e+03	+2.042e+03	+1.047e+04	+0.219
173.500	+6.687e+03	+2.054e+03	+9.585e+03	+0.235
173.600	+7.956e+03	+2.770e+03	+8.838e+03	+0.258
173.700	+7.344e+03	+3.643e+03	+1.077e+04	+0.332
173.800	+7.371e+03	+2.779e+03	+1.026e+04	+0.274
173.900	+8.127e+03	+3.866e+03	+9.930e+03	+0.322
174.000	+8.344e+03	+1.830e+03	+1.034e+04	+0.180
174.100	+7.674e+03	+2.865e+03	+9.436e+03	+0.272
174.200	+7.337e+03	+2.797e+03	+9.911e+03	+0.276
174.300	+7.284e+03	+2.011e+03	+1.025e+04	+0.216
174.400	+7.029e+03	+2.931e+03	+9.000e+03	+0.294
174.500	+6.598e+03	+1.471e+03	+9.943e+03	+0.182
174.600	+7.163e+03	+2.955e+03	+1.043e+04	+0.292
174.700	+7.261e+03	+2.345e+03	+9.697e+03	+0.244
174.800	+6.584e+03	+1.143e+03	+9.246e+03	+0.148
174.900	+7.707e+03	+3.658e+03	+1.092e+04	+0.322
175.000	+7.199e+03	+2.195e+03	+9.824e+03	+0.234
175.100	+8.447e+03	+2.038e+03	+9.775e+03	+0.194
175.200	+7.344e+03	+2.477e+03	+8.414e+03	+0.252
175.300	+7.194e+03	+2.633e+03	+1.083e+04	+0.268
175.400	+7.359e+03	+3.260e+03	+9.726e+03	+0.307
175.500	+8.192e+03	+2.837e+03	+9.662e+03	+0.257
175.600	+7.887e+03	+2.344e+03	+8.907e+03	+0.229
175.700	+8.249e+03	+2.099e+03	+9.779e+03	+0.203
175.800	+7.724e+03	+3.537e+03	+8.981e+03	+0.314
175.900	+6.331e+03	+3.060e+03	+1.052e+04	+0.326
176.000	+6.576e+03	+3.351e+03	+1.004e+04	+0.338
176.100	+8.781e+03	+3.867e+03	+1.024e+04	+0.306
176.200	+7.533e+03	+1.327e+03	+8.929e+03	+0.150
176.300	+8.109e+03	+2.426e+03	+9.368e+03	+0.230
176.400	+7.781e+03	+2.377e+03	+1.133e+04	+0.234
176.500	+7.668e+03	+3.541e+03	+1.086e+04	+0.316
176.600	+7.782e+03	+2.907e+03	+1.046e+04	+0.272
176.700	+7.679e+03	+2.368e+03	+8.266e+03	+0.236
176.800	+7.816e+03	+1.832e+03	+9.630e+03	+0.190
176.900	+7.924e+03	+2.159e+03	+1.105e+04	+0.214
177.000	+6.357e+03	+2.180e+03	+1.024e+04	+0.255
177.100	+8.142e+03	+2.021e+03	+9.081e+03	+0.199
177.200	+7.788e+03	+2.716e+03	+9.430e+03	+0.259
177.300	+6.337e+03	+3.098e+03	+1.031e+04	+0.328
177.400	+7.196e+03	+3.162e+03	+9.763e+03	+0.305
177.500	+7.836e+03	+3.361e+03	+9.332e+03	+0.300
177.600	+7.232e+03	+1.857e+03	+8.723e+03	+0.204
177.700	+7.311e+03	+3.371e+03	+9.307e+03	+0.316
177.800	+8.596e+03	+2.165e+03	+1.070e+04	+0.201
177.900	+7.677e+03	+2.646e+03	+1.047e+04	+0.256
178.000	+7.658e+03	+2.314e+03	+9.002e+03	+0.232
178.100	+7.873e+03	+2.612e+03	+9.225e+03	+0.249
178.200	+7.425e+03	+1.990e+03	+1.058e+04	+0.211
178.300	+7.179e+03	+2.567e+03	+1.001e+04	+0.263
178.400	+6.843e+03	+2.990e+03	+1.056e+04	+0.304
178.500	+7.466e+03	+1.753e+03	+9.958e+03	+0.190
178.600	+8.363e+03	+2.695e+03	+9.268e+03	+0.244
178.700	+9.085e+03	+2.782e+03	+8.268e+03	+0.234
178.800	+7.903e+03	+2.212e+03	+8.821e+03	+0.219
178.900	+5.759e+03	+2.062e+03	+9.868e+03	+0.264
179.000	+8.054e+03	+2.011e+03	+1.022e+04	+0.200
179.100	+8.395e+03	+1.497e+03	+1.031e+04	+0.151
179.200	+7.346e+03	+2.674e+03	+1.023e+04	+0.267
179.300	+7.665e+03	+4.225e+03	+8.960e+03	+0.355
179.400	+7.884e+03	+2.472e+03	+1.002e+04	+0.239
179.500	+7.925e+03	+1.451e+03	+1.062e+04	+0.155
179.600	+7.537e+03	+3.202e+03	+9.667e+03	+0.298
179.700	+7.351e+03	+3.340e+03	+9.935e+03	+0.312
179.800	+6.216e+03	+3.247e+03	+1.090e+04	+0.343
179.900	+6.698e+03	+1.205e+03	+9.807e+03	+0.152
180.000	+8.355e+03	+2.204e+03	+9.534e+03	+0.209
180.100	+8.376e+03	+2.895e+03	+9.626e+03	+0.257
180.200	+7.787e+03	+2.154e+03	+9.982e+03	+0.217
180.300	+7.646e+03	+3.282e+03	+1.098e+04	+0.300
180.400	+7.951e+03	+1.941e+03	+1.020e+04	+0.196
180.500	+7.407e+03	+1.453e+03	+1.064e+04	+0.164
180.600	+7.791e+03	+2.249e+03	+1.035e+04	+0.224
180.700	+7.110e+03	+2.545e+03	+9.821e+03	+0.264
180.800	+7.398e+03	+2.963e+03	+1.056e+04	+0.286
180.900	+6.348e+03	+1.776e+03	+9.908e+03	+0.219
181.000	+6.612e+03	+2.364e+03	+9.599e+03	+0.263
181.100	+7.899e+03	+2.401e+03	+9.883e+03	+0.233
181.200	+6.699e+03	+2.228e+03	+9.764e+03	+0.250
181.300	+7.933e+03	+2.701e+03	+1.116e+04	+0.254
181.400	+7.237e+03	+3.244e+03	+1.016e+04	+0.310
181.500	+7.233e+03	+3.240e+03	+9.413e+03	+0.309
181.600	+8.310e+03	+2.087e+03	+1.055e+04	+0.201
181.700	+6.841e+03	+2.304e+03	+1.061e+04	+0.252
181.800	+7.239e+03	+1.690e+03	+9.936e+03	+0.189
181.900	+6.586e+03	+1.985e+03	+9.697e+03	+0.232
182.000	+7.285e+03	+2.623e+03	+9.334e+03	+0.265
182.100	+7.351e+03	+3.487e+03	+8.898e+03	+0.322
182.200	+7.893e+03	+3.197e+03	+1.068e+04	+0.288
182.300	+7.503e+03	+4.338e+03	+9.997e+03	+0.366
182.400	+8.671e+03	+1.220e+03	+1.045e+04	+0.123
182.500	+7.504e+03	+7.482e+02	+8.936e+03	+0.091
182.600	+6.756e+03	+2.069e+03	+1.148e+04	+0.234
182.700	+7.426e+03	+2.605e+03	+9.288e+03	+0.260
182.800	+8.527e+03	+3.095e+03	+9.304e+03	+0.266
182.900	+7.127e+03	+2.393e+03	+8.354e+03	+0.251
183.000	+7.197e+03	+2.903e+03	+9.522e+03	+0.287
183.100	+7.821e+03	+2.069e+03	+8.505e+03	+0.209
183.200	+6.706e+03	+1.920e+03	+1.032e+04	+0.223
183.300	+7.807e+03	+2.870e+03	+1.022e+04	+0.269
183.400	+8.177e+03	+3.168e+03	+8.157e+03	+0.279
183.500	+7.471e+03	+2.765e+03	+9.783e+03	+0.270
183.600	+6.863e+03	+4.338e+03	+9.907e+03	+0.387
183.700	+7.816e+03	+3.036e+03	+1.019e+04	+0.280
183.800	+8.225e+03	+1.174e+03	+9.776e+03	+0.125
183.900	+7.116e+03	+2.330e+03	+9.749e+03	+0.247
184.000	+7.415e+03	+2.809e+03	+1.085e+04	+0.275
184.100	+8.514e+03	+3.308e+03	+9.667e+03	+0.280
184.200	+7.956e+03	+3.691e+03	+1.024e+04	+0.317
184.300	+7.279e+03	+2.397e+03	+1.018e+04	+0.248
184.400	+7.651e+03	+2.352e+03	+1.017e+04	+0.235
184.500	+8.087e+03	+1.155e+03	+1.099e+04	+0.125
184.600	+7.686e+03	+3.607e+03	+1.038e+04	+0.319
184.700	+6.358e+03	+2.026e+03	+1.121e+04	+0.242
184.800	+6.273e+03	+2.277e+03	+1.046e+04	+0.266
184.900	+6.576e+03	+1.015e+03	+9.435e+03	+0.134
185.000	+6.674e+03	+2.515e+03	+9.794e+03	+0.274
185.100	+7.420e+03	+3.239e+03	+1.000e+04	+0.304
185.200	+7.036e+03	+3.423e+03	+1.113e+04	+0.327
185.300	+8.194e+03	+3.336e+03	+1.033e+04	+0.289
185.400	+7.483e+03	+2.391e+03	+1.186e+04	+0.242
185.500	+7.732e+03	+3.709e+03	+9.396e+03	+0.324
185.600	+7.431e+03	+3.654e+03	+9.632e+03	+0.330
185.700	+8.622e+03	+2.608e+03	+1.041e+04	+0.232
185.800	+7.132e+03	+2.409e+03	+8.332e+03	+0.252
185.900	+7.514e+03	+2.183e+03	+9.925e+03	+0.225
186.000	+7.391e+03	+1.001e+03	+1.008e+04	+0.119
186.100	+7.042e+03	+3.105e+03	+1.077e+04	+0.306
186.200	+8.011e+03	+3.383e+03	+9.656e+03	+0.297
186.300	+7.190e+03	+4.121e+03	+1.068e+04	+0.364
186.400	+8.137e+03	+2.149e+03	+1.171e+04	+0.209
186.500	+7.568e+03	+3.564e+03	+9.987e+03	+0.320
186.600	+7.243e+03	+2.212e+03	+9.669e+03	+0.234
186.700	+8.568e+03	+1.857e+03	+9.894e+03	+0.178
186.800	+8.349e+03	+3.270e+03	+1.036e+04	+0.281
186.900	+7.049e+03	+3.464e+03	+1.031e+04	+0.330
187.000	+9.176e+03	+3.295e+03	+9.426e+03	+0.264
187.100	+7.664e+03	+2.559e+03	+1.044e+04	+0.250
187.200	+7.130e+03	+3.027e+03	+9.474e+03	+0.298
187.300	+7.875e+03	+1.578e+03	+1.066e+04	+0.167
187.400	+8.641e+03	+2.040e+03	+1.070e+04	+0.191
187.500	+7.729e+03	+2.515e+03	+9.617e+03	+0.246
187.600	+7.064e+03	+2.247e+03	+9.647e+03	+0.241
187.700	+7.269e+03	+1.452e+03	+9.900e+03	+0.166
187.800	+8.090e+03	+1.947e+03	+9.758e+03	+0.194
187.900	+7.467e+03	+4.082e+03	+1.095e+04	+0.353
188.000	+7.754e+03	+2.716e+03	+1.131e+04	+0.259
188.100	+7.203e+03	+2.403e+03	+1.044e+04	+0.250
188.200	+7.121e+03	+2.238e+03	+9.996e+03	+0.239
188.300	+7.668e+03	+3.421e+03	+9.997e+03	+0.308
188.400	+7.440e+03	+3.361e+03	+1.077e+04	+0.311
188.500	+6.882e+03	+2.972e+03	+1.085e+04	+0.302
188.600	+7.098e+03	+1.663e+03	+9.230e+03	+0.190
188.700	+6.291e+03	+3.202e+03	+9.847e+03	+0.337
188.800	+7.617e+03	+1.536e+03	+9.955e+03	+0.168
188.900	+7.158e+03	+2.651e+03	+1.063e+04	+0.270
189.000	+7.154e+03	+2.786e+03	+1.074e+04	+0.280
189.100	+7.573e+03	+1.894e+03	+9.177e+03	+0.200
189.200	+7.577e+03	+2.443e+03	+9.946e+03	+0.244
189.300	+7.470e+03	+1.750e+03	+1.006e+04	+0.190
189.400	+7.758e+03	+2.918e+03	+9.609e+03	+0.273
189.500	+8.521e+03	+2.153e+03	+9.877e+03	+0.202
189.600	+8.328e+03	+2.905e+03	+9.804e+03	+0.259
189.700	+7.495e+03	+2.935e+03	+1.082e+04	+0.281
189.800	+7.285e+03	+2.892e+03	+1.088e+04	+0.284
189.900	+6.995e+03	+2.934e+03	+8.242e+03	+0.296
190.000	+7.045e+03	+1.679e+03	+8.255e+03	+0.192
190.100	+6.987e+03	+1.898e+03	+9.737e+03	+0.214
190.200	+7.849e+03	+3.646e+03	+9.540e+03	+0.317
190.300	+7.061e+03	+1.456e+03	+1.010e+04	+0.171
190.400	+9.691e+03	+2.187e+03	+1.054e+04	+0.184
190.500	+7.356e+03	+2.296e+03	+1.079e+04	+0.238
190.600	+6.793e+03	+2.438e+03	+9.478e+03	+0.264
190.700	+7.325e+03	+1.942e+03	+9.634e+03	+0.210
190.800	+7.773e+03	+3.574e+03	+1.096e+04	+0.315
190.900	+5.870e+03	+3.207e+03	+1.073e+04	+0.353
191.000	+6.895e+03	+3.457e+03	+9.829e+03	+0.334
191.100	+7.654e+03	+7.208e+02	+9.771e+03	+0.086
191.200	+6.553e+03	+2.339e+03	+1.039e+04	+0.263
191.300	+7.464e+03	+2.980e+03	+1.046e+04	+0.285
191.400	+8.592e+03	+2.554e+03	+1.028e+04	+0.229
191.500	+7.043e+03	+1.822e+03	+1.025e+04	+0.206
191.600	+6.680e+03	+2.170e+03	+9.634e+03	+0.245
191.700	+6.704e+03	+2.640e+03	+1.058e+04	+0.283
191.800	+7.906e+03	+2.815e+03	+1.038e+04	+0.263
191.900	+8.489e+03	+2.571e+03	+1.044e+04	+0.232
192.000	+6.361e+03	+2.606e+03	+1.012e+04	+0.291
192.100	+7.642e+03	+3.365e+03	+1.056e+04	+0.306
192.200	+7.900e+03	+1.980e+03	+1.115e+04	+0.200
192.300	+7.455e+03	+2.100e+03	+1.053e+04	+0.220
192.400	+7.684e+03	+2.068e+03	+9.858e+03	+0.212
192.500	+7.582e+03	+2.360e+03	+1.069e+04	+0.237
192.600	+7.523e+03	+2.303e+03	+9.225e+03	+0.234
192.700	+8.075e+03	+1.642e+03	+8.982e+03	+0.169
192.800	+8.555e+03	+2.460e+03	+9.657e+03	+0.223
192.900	+7.246e+03	+2.926e+03	+9.938e+03	+0.288
193.000	+7.722e+03	+2.277e+03	+9.339e+03	+0.228
193.100	+7.062e+03	+2.422e+03	+9.669e+03	+0.255
193.200	+7.530e+03	+2.308e+03	+9.695e+03	+0.235
193.300	+8.151e+03	+2.574e+03	+9.920e+03	+0.240
193.400	+7.340e+03	+2.704e+03	+9.250e+03	+0.269
193.500	+7.226e+03	+2.307e+03	+9.601e+03	+0.242
193.600	+8.032e+03	+2.257e+03	+9.264e+03	+0.219
193.700	+7.513e+03	+4.320e+03	+1.088e+04	+0.365
193.800	+7.343e+03	+3.689e+03	+1.013e+04	+0.334
193.900	+9.010e+03	+3.227e+03	+9.340e+03	+0.264
194.000	+8.700e+03	+3.523e+03	+1.134e+04	+0.288
194.100	+8.071e+03	+1.950e+03	+9.915e+03	+0.195
194.200	+8.471e+03	+3.203e+03	+1.042e+04	+0.274
194.300	+6.537e+03	+2.759e+03	+1.039e+04	+0.297
194.400	+5.912e+03	+9.457e+02	+1.055e+04	+0.138
194.500	+8.610e+03	+3.140e+03	+9.811e+03	+0.267
194.600	+6.653e+03	+3.885e+03	+1.131e+04	+0.369
194.700	+7.930e+03	+1.847e+03	+1.078e+04	+0.189
194.800	+7.667e+03	+2.404e+03	+9.326e+03	+0.239
194.900	+7.288e+03	+3.373e+03	+1.090e+04	+0.316
195.000	+7.516e+03	+2.469e+03	+1.155e+04	+0.247
195.100	+8.345e+03	+2.544e+03	+1.013e+04	+0.234
195.200	+8.301e+03	+1.912e+03	+9.903e+03	+0.187
195.300	+7.528e+03	+2.315e+03	+9.762e+03	+0.235
195.400	+8.552e+03	+2.663e+03	+1.081e+04	+0.237
195.500	+6.585e+03	+2.308e+03	+9.403e+03	+0.260
195.600	+7.099e+03	+2.661e+03	+1.003e+04	+0.273
195.700	+7.248e+03	+3.346e+03	+1.022e+04	+0.316
195.800	+6.763e+03	+3.711e+03	+1.044e+04	+0.354
195.900	+7.132e+03	+2.338e+03	+1.042e+04	+0.247
196.000	+7.599e+03	+1.577e+03	+1.079e+04	+0.172
196.100	+6.590e+03	+3.038e+03	+1.016e+04	+0.316
196.200	+7.170e+03	+2.941e+03	+9.642e+03	+0.291
196.300	+6.880e+03	+3.412e+03	+8.906e+03	+0.331
196.400	+7.685e+03	+2.481e+03	+1.035e+04	+0.244
196.500	+7.714e+03	+2.679e+03	+1.035e+04	+0.258
196.600	+8.797e+03	+2.147e+03	+9.895e+03	+0.196
196.700	+7.181e+03	+2.779e+03	+9.384e+03	+0.279
196.800	+6.583e+03	+2.243e+03	+1.129e+04	+0.254
196.900	+8.051e+03	+1.220e+03	+9.705e+03	+0.132
197.000	+8.866e+03	+3.446e+03	+9.214e+03	+0.280
197.100	+6.724e+03	+2.428e+03	+8.949e+03	+0.265
197.200	+7.580e+03	+2.917e+03	+1.019e+04	+0.278
197.300	+7.149e+03	+2.231e+03	+9.517e+03	+0.238
197.400	+8.324e+03	+1.338e+03	+9.916e+03	+0.139
197.500	+6.902e+03	+2.253e+03	+1.093e+04	+0.246
197.600	+7.444e+03	+2.901e+03	+1.038e+04	+0.280
197.700	+6.736e+03	+2.512e+03	+1.037e+04	+0.272
197.800	+6.895e+03	+1.593e+03	+1.069e+04	+0.188
197.900	+8.271e+03	+3.367e+03	+8.490e+03	+0.289
198.000	+7.245e+03	+2.481e+03	+1.115e+04	+0.255
198.100	+8.433e+03	+2.604e+03	+1.053e+04	+0.236
198.200	+6.704e+03	+2.327e+03	+1.041e+04	+0.258
198.300	+7.024e+03	+3.474e+03	+9.204e+03	+0.331
198.400	+6.603e+03	+3.761e+03	+1.070e+04	+0.363
198.500	+7.789e+03	+2.906e+03	+1.019e+04	+0.272
198.600	+6.570e+03	+3.315e+03	+9.866e+03	+0.335
198.700	+7.775e+03	+2.746e+03	+1.028e+04	+0.261
198.800	+7.562e+03	+2.690e+03	+1.015e+04	+0.262
198.900	+7.652e+03	+1.046e+03	+9.706e+03	+0.120
199.000	+7.788e+03	+2.330e+03	+9.774e+03	+0.230
199.100	+6.579e+03	+2.605e+03	+1.093e+04	+0.284
199.200	+6.062e+03	+1.538e+03	+9.837e+03	+0.202
199.300	+7.066e+03	+2.362e+03	+9.375e+03	+0.251
199.400	+8.614e+03	+2.473e+03	+1.099e+04	+0.223
199.500	+8.346e+03	+2.228e+03	+9.218e+03	+0.211
199.600	+7.047e+03	+2.732e+03	+9.797e+03	+0.279
199.700	+7.563e+03	+3.397e+03	+9.950e+03	+0.310
199.800	+8.332e+03	+2.663e+03	+8.732e+03	+0.242
