%t (s)	Idd (a.u.)	Ida (a.u.)	Iaa (a.u.)	FRET E
0.000	+7.761e+03	+1.032e+03	+9.694e+03	+0.117
0.100	+7.494e+03	+3.490e+03	+9.436e+03	+0.318
0.200	+6.283e+03	+4.662e+03	+1.058e+04	+0.426
0.300	+5.439e+03	+5.805e+03	+1.058e+04	+0.516
0.400	+4.693e+03	+4.757e+03	+9.719e+03	+0.503
0.500	+3.783e+03	+5.437e+03	+1.113e+04	+0.590
0.600	+4.403e+03	+5.905e+03	+1.054e+04	+0.573
0.700	+4.166e+03	+4.671e+03	+1.010e+04	+0.529
0.800	+2.099e+03	+9.046e+03	+8.667e+03	+0.812
0.900	+2.230e+03	+6.844e+03	+9.829e+03	+0.754
1.000	+1.125e+03	+8.164e+03	+9.807e+03	+0.879
1.100	+1.902e+03	+8.652e+03	+1.089e+04	+0.820
1.200	+1.946e+03	+7.172e+03	+9.761e+03	+0.787
1.300	+2.466e+03	+8.125e+03	+1.107e+04	+0.767
1.400	+3.637e+03	+9.070e+03	+1.051e+04	+0.714
1.500	+2.509e+03	+7.320e+03	+9.893e+03	+0.745
1.600	+2.238e+03	+7.373e+03	+9.759e+03	+0.767
1.700	+4.359e+03	+7.228e+03	+9.485e+03	+0.624
1.800	+4.857e+03	+5.754e+03	+1.139e+04	+0.542
1.900	+3.986e+03	+6.250e+03	+1.047e+04	+0.611
2.000	+2.859e+03	+7.714e+03	+1.027e+04	+0.730
2.100	+1.962e+03	+8.846e+03	+1.045e+04	+0.819
2.200	+1.897e+03	+6.964e+03	+9.560e+03	+0.786
2.300	+1.876e+03	+7.653e+03	+9.420e+03	+0.803
2.400	+4.473e+03	+5.498e+03	+1.030e+04	+0.551
2.500	+4.900e+03	+5.572e+03	+8.839e+03	+0.532
2.600	+5.187e+03	+4.438e+03	+1.019e+04	+0.461
2.700	+4.758e+03	+5.221e+03	+9.102e+03	+0.523
2.800	+6.026e+03	+5.442e+03	+9.170e+03	+0.475
2.900	+5.930e+03	+6.701e+03	+9.620e+03	+0.530
3.000	+4.807e+03	+4.560e+03	+1.116e+04	+0.487
3.100	+4.959e+03	+3.978e+03	+9.911e+03	+0.445
3.200	+5.639e+03	+4.816e+03	+9.995e+03	+0.461
3.300	+5.270e+03	+4.469e+03	+1.036e+04	+0.459
3.400	+4.285e+03	+5.003e+03	+1.051e+04	+0.539
3.500	+5.341e+03	+5.143e+03	+1.020e+04	+0.491
3.600	+5.114e+03	+5.985e+03	+1.022e+04	+0.539
3.700	+5.066e+03	+5.570e+03	+1.038e+04	+0.524
3.800	+4.989e+03	+4.074e+03	+9.625e+03	+0.450
3.900	+5.746e+03	+4.694e+03	+9.567e+03	+0.450
4.000	+4.706e+03	+5.847e+03	+1.050e+04	+0.554
4.100	+4.994e+03	+4.297e+03	+9.874e+03	+0.463
4.200	+6.222e+03	+5.830e+03	+1.048e+04	+0.484
4.300	+4.772e+03	+4.325e+03	+9.576e+03	+0.475
4.400	+6.056e+03	+6.481e+03	+9.591e+03	+0.517
4.500	+6.169e+03	+4.772e+03	+1.019e+04	+0.436
4.600	+4.582e+03	+5.966e+03	+1.043e+04	+0.566
4.700	+5.542e+03	+3.509e+03	+1.003e+04	+0.388
4.800	+5.333e+03	+5.051e+03	+9.932e+03	+0.486
4.900	+6.052e+03	+4.873e+03	+9.564e+03	+0.446
5.000	+5.450e+03	+5.259e+03	+1.085e+04	+0.491
5.100	+1.690e+03	+8.242e+03	+1.103e+04	+0.830
5.200	+2.364e+03	+7.706e+03	+9.384e+03	+0.765
5.300	+2.258e+03	+7.880e+03	+1.112e+04	+0.777
5.400	+2.510e+03	+7.686e+03	+1.128e+04	+0.754
5.500	+1.107e+03	+7.706e+03	+9.557e+03	+0.874
5.600	+3.214e+03	+6.737e+03	+9.455e+03	+0.677
5.700	+2.361e+03	+7.541e+03	+9.751e+03	+0.762
5.800	-1.237e+02	+7.092e+03	+1.071e+04	+1.018
5.900	+1.244e+03	+7.677e+03	+1.029e+04	+0.861
6.000	+2.529e+03	+9.080e+03	+9.949e+03	+0.782
6.100	+2.577e+03	+7.592e+03	+9.688e+03	+0.747
6.200	+1.267e+03	+8.385e+03	+9.285e+03	+0.869
6.300	+4.557e+03	+6.379e+03	+9.966e+03	+0.583
6.400	+5.835e+03	+4.924e+03	+8.878e+03	+0.458
6.500	+6.188e+03	+4.709e+03	+9.921e+03	+0.432
6.600	+6.403e+03	+5.715e+03	+1.078e+04	+0.472
6.700	+3.775e+03	+4.318e+03	+8.716e+03	+0.534
6.800	+4.809e+03	+3.958e+03	+1.058e+04	+0.451
6.900	+3.862e+03	+5.769e+03	+9.979e+03	+0.599
7.000	+2.065e+03	+7.018e+03	+9.769e+03	+0.773
7.100	+1.133e+03	+8.601e+03	+9.966e+03	+0.884
7.200	+2.345e+03	+8.318e+03	+9.624e+03	+0.780
7.300	+1.695e+03	+7.870e+03	+9.967e+03	+0.823
7.400	+3.043e+03	+6.384e+03	+9.878e+03	+0.677
7.500	+1.743e+03	+8.612e+03	+9.968e+03	+0.832
7.600	+2.652e+03	+7.940e+03	+1.101e+04	+0.750
7.700	+1.342e+03	+7.895e+03	+9.738e+03	+0.855
7.800	+9.543e+02	+7.996e+03	+8.977e+03	+0.893
7.900	+1.690e+03	+7.321e+03	+9.479e+03	+0.812
8.000	+1.583e+03	+8.365e+03	+1.042e+04	+0.841
8.100	+1.679e+03	+9.326e+03	+1.003e+04	+0.847
8.200	+1.228e+03	+8.215e+03	+1.027e+04	+0.870
8.300	+1.469e+03	+8.298e+03	+9.935e+03	+0.850
8.400	+2.145e+03	+7.494e+03	+1.009e+04	+0.777
8.500	+1.256e+03	+7.198e+03	+9.219e+03	+0.851
8.600	+1.699e+03	+8.190e+03	+1.040e+04	+0.828
8.700	+7.062e+02	+8.034e+03	+9.820e+03	+0.919
8.800	+1.664e+03	+8.364e+03	+9.980e+03	+0.834
8.900	+1.758e+03	+8.318e+03	+9.905e+03	+0.825
9.000	+2.516e+03	+8.215e+03	+1.058e+04	+0.766
9.100	+2.879e+03	+7.943e+03	+9.635e+03	+0.734
9.200	+2.629e+03	+8.266e+03	+1.100e+04	+0.759
9.300	+2.769e+03	+7.663e+03	+9.061e+03	+0.735
9.400	+1.947e+03	+8.400e+03	+1.071e+04	+0.812
9.500	+2.369e+03	+7.420e+03	+1.115e+04	+0.758
9.600	+2.427e+03	+7.505e+03	+1.038e+04	+0.756
9.700	+6.081e+03	+3.605e+03	+9.517e+03	+0.372
9.800	+5.411e+03	+5.112e+03	+9.916e+03	+0.486
9.900	+5.394e+03	+5.495e+03	+1.029e+04	+0.505
10.000	+4.285e+03	+5.705e+03	+1.005e+04	+0.571
10.100	+4.315e+03	+4.924e+03	+1.103e+04	+0.533
10.200	+5.135e+03	+5.552e+03	+9.237e+03	+0.520
10.300	+5.364e+03	+4.654e+03	+1.155e+04	+0.465
10.400	+5.555e+03	+5.733e+03	+1.038e+04	+0.508
10.500	+5.526e+03	+6.071e+03	+9.577e+03	+0.523
10.600	+5.161e+03	+5.427e+03	+1.036e+04	+0.513
10.700	+4.586e+03	+6.234e+03	+1.042e+04	+0.576
10.800	+4.053e+03	+4.000e+03	+8.968e+03	+0.497
10.900	+4.758e+03	+4.552e+03	+9.155e+03	+0.489
11.000	+5.287e+03	+4.590e+03	+1.085e+04	+0.465
11.100	+5.123e+03	+5.522e+03	+1.019e+04	+0.519
11.200	+6.414e+03	+4.005e+03	+1.057e+04	+0.384
11.300	+5.344e+03	+4.976e+03	+9.238e+03	+0.482
11.400	+4.902e+03	+5.670e+03	+8.671e+03	+0.536
11.500	+4.996e+03	+4.490e+03	+9.582e+03	+0.473
11.600	+4.552e+03	+5.187e+03	+9.911e+03	+0.533
11.700	+4.225e+03	+5.873e+03	+1.089e+04	+0.582
11.800	+4.337e+03	+4.824e+03	+1.105e+04	+0.527
11.900	+7.470e+03	+4.170e+03	+9.758e+03	+0.358
12.000	+6.884e+03	+3.661e+03	+1.002e+04	+0.347
12.100	+8.329e+03	+2.756e+03	+9.606e+03	+0.249
12.200	+7.391e+03	+1.604e+03	+1.047e+04	+0.178
12.300	+8.363e+03	+4.657e+03	+9.788e+03	+0.358
12.400	+7.767e+03	+2.524e+03	+1.016e+04	+0.245
12.500	+8.427e+03	+2.471e+03	+1.023e+04	+0.227
12.600	+5.791e+03	+2.366e+03	+9.346e+03	+0.290
12.700	+7.630e+03	+2.497e+03	+9.542e+03	+0.247
12.800	+8.359e+03	+3.255e+03	+9.419e+03	+0.280
12.900	+8.357e+03	+1.748e+03	+9.800e+03	+0.173
13.000	+7.599e+03	+2.731e+03	+1.072e+04	+0.264
13.100	+7.090e+03	+1.905e+03	+1.113e+04	+0.212
13.200	+7.437e+03	+2.521e+03	+1.094e+04	+0.253
13.300	+8.719e+03	+1.540e+03	+1.041e+04	+0.150
13.400	+7.248e+03	+1.182e+03	+1.033e+04	+0.140
13.500	+7.085e+03	+2.906e+03	+1.083e+04	+0.291
13.600	+5.490e+03	+1.592e+03	+1.081e+04	+0.225
13.700	+7.358e+03	+3.318e+03	+8.557e+03	+0.311
13.800	+7.510e+03	+1.350e+03	+1.048e+04	+0.152
13.900	+6.971e+03	+2.610e+03	+1.029e+04	+0.272
14.000	+7.055e+03	+3.299e+03	+9.693e+03	+0.319
14.100	+7.949e+03	+2.270e+03	+1.055e+04	+0.222
14.200	+7.552e+03	+2.942e+03	+9.715e+03	+0.280
14.300	+5.931e+03	+2.799e+03	+1.036e+04	+0.321
14.400	+6.968e+03	+3.328e+03	+9.237e+03	+0.323
14.500	+7.492e+03	+1.686e+03	+1.053e+04	+0.184
14.600	+7.788e+03	+2.648e+03	+9.878e+03	+0.254
14.700	+7.524e+03	+2.391e+03	+8.713e+03	+0.241
14.800	+7.803e+03	+2.432e+03	+1.094e+04	+0.238
14.900	+7.313e+03	+2.520e+03	+9.485e+03	+0.256
15.000	+6.443e+03	+2.598e+03	+9.341e+03	+0.287
15.100	+7.643e+03	+2.766e+03	+1.159e+04	+0.266
15.200	+8.977e+03	+2.027e+03	+9.357e+03	+0.184
15.300	+7.838e+03	+2.772e+03	+8.934e+03	+0.261
15.400	+7.685e+03	+2.522e+03	+1.155e+04	+0.247
15.500	+7.225e+03	+1.676e+03	+1.034e+04	+0.188
15.600	+6.617e+03	+3.447e+03	+1.052e+04	+0.342
15.700	+6.920e+03	+2.385e+03	+1.057e+04	+0.256
15.800	+8.022e+03	+3.485e+03	+9.365e+03	+0.303
15.900	+9.260e+03	+1.515e+03	+9.715e+03	+0.141
16.000	+7.223e+03	+3.323e+03	+1.044e+04	+0.315
16.100	+8.869e+03	+1.298e+03	+1.016e+04	+0.128
16.200	+7.167e+03	+1.796e+03	+9.911e+03	+0.200
16.300	+6.943e+03	+1.764e+03	+1.043e+04	+0.203
16.400	+7.307e+03	+2.506e+03	+1.082e+04	+0.255
16.500	+6.625e+03	+2.538e+03	+9.223e+03	+0.277
16.600	+7.179e+03	+3.391e+03	+1.031e+04	+0.321
16.700	+7.473e+03	+3.380e+03	+1.090e+04	+0.311
16.800	+5.480e+03	+2.728e+03	+1.078e+04	+0.332
16.900	+6.991e+03	+3.471e+03	+9.551e+03	+0.332
17.000	+7.418e+03	+2.431e+03	+1.041e+04	+0.247
17.100	+8.837e+03	+2.706e+03	+1.007e+04	+0.234
17.200	+6.422e+03	+2.459e+03	+1.067e+04	+0.277
17.300	+7.817e+03	+1.592e+03	+9.438e+03	+0.169
17.400	+6.683e+03	+2.076e+03	+9.358e+03	+0.237
17.500	+8.752e+03	+2.285e+03	+8.870e+03	+0.207
17.600	+6.855e+03	+1.814e+03	+9.638e+03	+0.209
17.700	+6.844e+03	+2.351e+03	+9.435e+03	+0.256
17.800	+7.581e+03	+1.655e+03	+1.144e+04	+0.179
17.900	+7.391e+03	+4.029e+03	+1.041e+04	+0.353
18.000	+7.235e+03	+2.059e+03	+9.339e+03	+0.222
18.100	+6.828e+03	+1.977e+03	+9.834e+03	+0.224
18.200	+8.175e+03	+1.910e+03	+9.346e+03	+0.189
18.300	+8.494e+03	+3.760e+03	+9.556e+03	+0.307
18.400	+7.189e+03	+1.445e+03	+8.821e+03	+0.167
18.500	+7.109e+03	+2.582e+03	+1.032e+04	+0.266
18.600	+7.271e+03	+2.463e+03	+1.046e+04	+0.253
18.700	+7.341e+03	+3.252e+03	+8.474e+03	+0.307
18.800	+7.091e+03	+3.547e+03	+9.790e+03	+0.333
18.900	+7.776e+03	+2.000e+03	+9.029e+03	+0.205
19.000	+7.248e+03	+1.487e+03	+9.021e+03	+0.170
19.100	+8.480e+03	+3.260e+03	+9.084e+03	+0.278
19.200	+7.292e+03	+2.306e+03	+9.245e+03	+0.240
19.300	+6.832e+03	+3.235e+03	+1.047e+04	+0.321
19.400	+7.086e+03	+3.060e+03	+1.032e+04	+0.302
19.500	+6.763e+03	+2.488e+03	+9.355e+03	+0.269
19.600	+8.172e+03	+2.431e+03	+9.644e+03	+0.229
19.700	+7.505e+03	+3.101e+03	+1.105e+04	+0.292
19.800	+8.163e+03	+3.061e+03	+1.129e+04	+0.273
19.900	+7.264e+03	+1.240e+03	+1.060e+04	+0.146
20.000	+8.602e+03	+2.272e+03	+1.010e+04	+0.209
20.100	+9.079e+03	+2.838e+03	+9.735e+03	+0.238
20.200	+7.837e+03	+2.195e+03	+1.125e+04	+0.219
20.300	+6.774e+03	+2.425e+03	+8.963e+03	+0.264
20.400	+7.399e+03	+4.029e+03	+1.075e+04	+0.353
20.500	+6.945e+03	+2.850e+03	+9.606e+03	+0.291
20.600	+7.096e+03	+3.580e+03	+9.370e+03	+0.335
20.700	+7.877e+03	+1.527e+03	+1.057e+04	+0.162
20.800	+8.128e+03	+2.290e+03	+9.529e+03	+0.220
20.900	+7.535e+03	+3.951e+03	+9.929e+03	+0.344
21.000	+7.175e+03	+2.930e+03	+9.632e+03	+0.290
21.100	+8.454e+03	+2.401e+03	+9.262e+03	+0.221
21.200	+8.044e+03	+2.217e+03	+9.797e+03	+0.216
21.300	+7.467e+03	+2.860e+03	+9.473e+03	+0.277
21.400	+6.668e+03	+2.897e+03	+1.062e+04	+0.303
21.500	+8.076e+03	+2.543e+03	+1.073e+04	+0.239
21.600	+7.386e+03	+2.678e+03	+9.881e+03	+0.266
21.700	+7.909e+03	+2.671e+03	+9.874e+03	+0.252
21.800	+6.496e+03	+2.141e+03	+9.642e+03	+0.248
21.900	+8.121e+03	+2.919e+03	+9.768e+03	+0.264
22.000	+6.778e+03	+8.742e+02	+9.650e+03	+0.114
22.100	+8.452e+03	+1.952e+03	+9.064e+03	+0.188
22.200	+6.543e+03	+2.924e+03	+9.651e+03	+0.309
22.300	+7.152e+03	+1.793e+03	+9.920e+03	+0.200
22.400	+7.554e+03	+3.291e+03	+9.628e+03	+0.303
22.500	+9.508e+03	+2.537e+03	+1.013e+04	+0.211
22.600	+7.528e+03	+2.552e+03	+1.017e+04	+0.253
22.700	+7.692e+03	+2.826e+03	+1.089e+04	+0.269
22.800	+6.631e+03	+1.447e+03	+9.706e+03	+0.179
22.900	+7.423e+03	+2.886e+03	+1.069e+04	+0.280
23.000	+8.094e+03	+1.471e+03	+1.074e+04	+0.154
23.100	+6.382e+03	+1.691e+03	+1.068e+04	+0.209
23.200	+7.648e+03	+1.327e+03	+1.065e+04	+0.148
23.300	+6.657e+03	+3.330e+03	+9.743e+03	+0.333
23.400	+5.132e+03	+4.695e+03	+9.402e+03	+0.478
23.500	+5.803e+03	+4.567e+03	+1.065e+04	+0.440
23.600	+4.886e+03	+4.974e+03	+1.075e+04	+0.504
23.700	+5.636e+03	+6.161e+03	+9.874e+03	+0.522
23.800	+4.584e+03	+5.197e+03	+9.415e+03	+0.531
23.900	+4.406e+03	+6.134e+03	+1.093e+04	+0.582
24.000	+4.425e+03	+4.961e+03	+9.857e+03	+0.529
24.100	+3.381e+03	+4.684e+03	+8.715e+03	+0.581
24.200	+4.688e+03	+5.758e+03	+9.419e+03	+0.551
24.300	+1.969e+03	+8.286e+03	+8.726e+03	+0.808
24.400	+1.706e+03	+8.998e+03	+1.062e+04	+0.841
24.500	+1.208e+03	+8.178e+03	+1.040e+04	+0.871
24.600	+2.978e+03	+8.390e+03	+9.456e+03	+0.738
24.700	+3.856e+03	+5.999e+03	+1.066e+04	+0.609
24.800	+3.557e+03	+4.996e+03	+1.067e+04	+0.584
24.900	+1.972e+03	+7.458e+03	+9.563e+03	+0.791
25.000	+2.077e+03	+8.584e+03	+1.020e+04	+0.805
25.100	+2.254e+03	+8.302e+03	+9.991e+03	+0.786
25.200	+1.909e+03	+7.413e+03	+8.593e+03	+0.795
25.300	+2.637e+03	+7.925e+03	+1.131e+04	+0.750
25.400	+2.975e+02	+7.012e+03	+1.013e+04	+0.959
25.500	+2.326e+03	+8.017e+03	+9.808e+03	+0.775
25.600	+2.276e+03	+7.585e+03	+1.062e+04	+0.769
25.700	+1.510e+03	+8.718e+03	+1.037e+04	+0.852
25.800	+1.331e+03	+7.842e+03	+9.475e+03	+0.855
25.900	+3.256e+03	+8.114e+03	+9.332e+03	+0.714
26.000	+1.531e+03	+7.768e+03	+1.037e+04	+0.835
26.100	+1.607e+03	+8.727e+03	+1.041e+04	+0.845
26.200	+3.025e+03	+8.578e+03	+9.692e+03	+0.739
26.300	+1.826e+03	+8.189e+03	+9.625e+03	+0.818
26.400	+3.155e+03	+6.559e+03	+1.084e+04	+0.675
26.500	+1.702e+03	+6.876e+03	+1.043e+04	+0.802
26.600	+2.256e+03	+9.259e+03	+9.667e+03	+0.804
26.700	+1.726e+03	+7.819e+03	+1.006e+04	+0.819
26.800	+2.334e+03	+7.841e+03	+9.504e+03	+0.771
26.900	+2.907e+03	+7.602e+03	+9.783e+03	+0.723
27.000	+1.980e+03	+7.074e+03	+9.300e+03	+0.781
27.100	+2.553e+03	+8.169e+03	+1.011e+04	+0.762
27.200	+2.508e+03	+8.214e+03	+8.954e+03	+0.766
27.300	+2.041e+03	+8.279e+03	+9.269e+03	+0.802
27.400	+4.900e+03	+4.045e+03	+9.852e+03	+0.452
27.500	+4.666e+03	+4.804e+03	+9.953e+03	+0.507
27.600	+5.959e+03	+4.333e+03	+1.106e+04	+0.421
27.700	+5.384e+03	+5.488e+03	+1.041e+04	+0.505
27.800	+5.718e+03	+4.995e+03	+1.040e+04	+0.466
27.900	+2.776e+03	+7.245e+03	+1.047e+04	+0.723
28.000	+3.055e+03	+7.941e+03	+9.870e+03	+0.722
28.100	+2.013e+03	+7.232e+03	+1.001e+04	+0.782
28.200	+1.250e+03	+8.407e+03	+9.763e+03	+0.871
28.300	+2.101e+03	+7.668e+03	+1.060e+04	+0.785
28.400	+1.960e+03	+8.162e+03	+9.521e+03	+0.806
28.500	+2.926e+03	+7.736e+03	+1.021e+04	+0.726
28.600	+6.713e+03	+3.416e+03	+1.072e+04	+0.337
28.700	+7.798e+03	+3.781e+03	+9.143e+03	+0.327
28.800	+6.903e+03	+1.938e+03	+1.106e+04	+0.219
28.900	+7.827e+03	+2.965e+03	+1.056e+04	+0.275
29.000	+8.733e+03	+2.143e+03	+1.065e+04	+0.197
29.100	+6.852e+03	+3.159e+03	+1.013e+04	+0.316
29.200	+8.358e+03	+1.788e+03	+1.066e+04	+0.176
29.300	+6.434e+03	+2.990e+03	+8.484e+03	+0.317
29.400	+7.412e+03	+2.531e+03	+1.100e+04	+0.255
29.500	+7.685e+03	+2.369e+03	+1.103e+04	+0.236
29.600	+7.853e+03	+2.984e+03	+9.784e+03	+0.275
29.700	+7.278e+03	+1.920e+03	+9.270e+03	+0.209
29.800	+7.668e+03	+1.315e+03	+9.440e+03	+0.146
29.900	+7.390e+03	+2.490e+03	+9.940e+03	+0.252
30.000	+7.693e+03	+1.368e+03	+9.250e+03	+0.151
30.100	+8.147e+03	+1.854e+03	+9.738e+03	+0.185
30.200	+7.873e+03	+2.016e+03	+9.416e+03	+0.204
30.300	+7.570e+03	+1.491e+03	+9.888e+03	+0.165
30.400	+8.119e+03	+2.305e+03	+1.011e+04	+0.221
30.500	+7.942e+03	+3.496e+03	+1.092e+04	+0.306
30.600	+7.642e+03	+3.094e+03	+1.103e+04	+0.288
30.700	+5.899e+03	+2.510e+03	+1.004e+04	+0.299
30.800	+7.059e+03	+2.525e+03	+8.633e+03	+0.263
30.900	+5.914e+03	+3.607e+03	+9.189e+03	+0.379
31.000	+7.935e+03	+1.364e+03	+9.855e+03	+0.147
31.100	+6.919e+03	+2.495e+03	+1.089e+04	+0.265
31.200	+8.495e+03	+2.577e+03	+9.950e+03	+0.233
31.300	+6.647e+03	+2.402e+03	+9.673e+03	+0.265
31.400	+8.240e+03	+1.524e+03	+9.817e+03	+0.156
31.500	+7.002e+03	+1.296e+03	+1.029e+04	+0.156
31.600	+6.867e+03	+2.317e+03	+9.532e+03	+0.252
31.700	+7.615e+03	+1.575e+03	+9.393e+03	+0.171
31.800	+7.583e+03	+2.829e+03	+1.010e+04	+0.272
31.900	+7.826e+03	+2.903e+03	+1.059e+04	+0.271
32.000	+6.841e+03	+2.840e+03	+1.016e+04	+0.293
32.100	+6.751e+03	+2.753e+03	+9.561e+03	+0.290
32.200	+7.899e+03	+1.661e+03	+1.013e+04	+0.174
32.300	+6.347e+03	+3.260e+03	+9.214e+03	+0.339
32.400	+6.900e+03	+3.808e+03	+1.045e+04	+0.356
32.500	+9.134e+03	+2.918e+03	+1.061e+04	+0.242
32.600	+7.853e+03	+1.637e+03	+1.013e+04	+0.172
32.700	+6.783e+03	+2.797e+03	+9.448e+03	+0.292
32.800	+8.283e+03	+3.298e+03	+1.030e+04	+0.285
32.900	+7.030e+03	+2.156e+03	+1.021e+04	+0.235
33.000	+7.342e+03	+2.319e+03	+1.056e+04	+0.240
33.100	+5.812e+03	+3.823e+03	+9.896e+03	+0.397
33.200	+7.219e+03	+2.584e+03	+1.014e+04	+0.264
33.300	+7.101e+03	+3.025e+03	+1.010e+04	+0.299
33.400	+6.727e+03	+1.865e+03	+1.041e+04	+0.217
33.500	+6.970e+03	+1.967e+03	+1.078e+04	+0.220
33.600	+8.049e+03	+2.478e+03	+1.064e+04	+0.235
33.700	+7.178e+03	+2.454e+03	+9.615e+03	+0.255
33.800	+7.738e+03	+3.152e+03	+1.096e+04	+0.289
33.900	+7.562e+03	+2.917e+03	+1.001e+04	+0.278
34.000	+6.800e+03	+3.173e+03	+1.002e+04	+0.318
34.100	+6.754e+03	+2.436e+03	+9.569e+03	+0.265
34.200	+6.903e+03	+1.027e+03	+1.118e+04	+0.129
34.300	+8.386e+03	+2.395e+03	+9.563e+03	+0.222
34.400	+8.022e+03	+2.263e+03	+8.778e+03	+0.220
34.500	+7.253e+03	+2.348e+03	+8.896e+03	+0.245
34.600	+8.812e+03	+2.066e+03	+9.801e+03	+0.190
34.700	+7.245e+03	+2.759e+03	+9.898e+03	+0.276
34.800	+7.624e+03	+2.253e+03	+1.052e+04	+0.228
34.900	+7.056e+03	+1.699e+03	+9.061e+03	+0.194
35.000	+7.225e+03	+3.018e+03	+9.313e+03	+0.295
35.100	+7.202e+03	+2.588e+03	+1.095e+04	+0.264
35.200	+7.556e+03	+2.228e+03	+9.788e+03	+0.228
35.300	+6.758e+03	+2.125e+03	+9.606e+03	+0.239
35.400	+6.925e+03	+1.230e+03	+1.032e+04	+0.151
35.500	+7.096e+03	+3.117e+03	+9.927e+03	+0.305
35.600	+7.605e+03	+2.654e+03	+1.014e+04	+0.259
35.700	+7.833e+03	+1.608e+03	+9.999e+03	+0.170
35.800	+7.763e+03	+3.373e+03	+1.023e+04	+0.303
35.900	+6.807e+03	+2.592e+03	+9.355e+03	+0.276
36.000	+8.090e+03	+1.602e+03	+9.516e+03	+0.165
36.100	+7.513e+03	+2.889e+03	+9.655e+03	+0.278
36.200	+8.144e+03	+2.454e+03	+8.971e+03	+0.232
36.300	+8.282e+03	+2.249e+03	+1.077e+04	+0.214
36.400	+8.591e+03	+2.081e+03	+9.901e+03	+0.195
36.500	+6.745e+03	+2.179e+03	+1.006e+04	+0.244
36.600	+6.345e+03	+2.201e+03	+1.044e+04	+0.258
36.700	+7.060e+03	+2.546e+03	+1.048e+04	+0.265
36.800	+8.440e+03	+1.668e+03	+1.030e+04	+0.165
36.900	+7.546e+03	+2.447e+03	+1.033e+04	+0.245
37.000	+7.797e+03	+7.505e+02	+1.069e+04	+0.088
37.100	+7.710e+03	+2.294e+03	+1.148e+04	+0.229
37.200	+6.202e+03	+1.285e+03	+9.414e+03	+0.172
37.300	+6.798e+03	+3.028e+03	+1.002e+04	+0.308
37.400	+6.877e+03	+3.867e+03	+1.186e+04	+0.360
37.500	+6.644e+03	+2.179e+03	+9.929e+03	+0.247
37.600	+6.320e+03	+2.020e+03	+1.085e+04	+0.242
37.700	+7.080e+03	+2.658e+03	+9.712e+03	+0.273
37.800	+7.572e+03	+4.178e+03	+1.033e+04	+0.356
37.900	+8.651e+03	+2.631e+03	+1.069e+04	+0.233
38.000	+7.324e+03	+3.576e+03	+1.010e+04	+0.328
38.100	+7.643e+03	+1.581e+03	+1.092e+04	+0.171
38.200	+8.347e+03	+2.461e+03	+1.059e+04	+0.228
38.300	+8.282e+03	+1.287e+03	+1.004e+04	+0.134
38.400	+7.058e+03	+1.266e+03	+1.036e+04	+0.152
38.500	+7.444e+03	+1.627e+03	+8.930e+03	+0.179
38.600	+7.020e+03	+1.432e+03	+9.179e+03	+0.169
38.700	+7.751e+03	+2.731e+03	+9.650e+03	+0.261
38.800	+6.422e+03	+1.827e+03	+9.805e+03	+0.222
38.900	+8.259e+03	+2.230e+03	+9.523e+03	+0.213
39.000	+6.684e+03	+9.096e+02	+1.018e+04	+0.120
39.100	+6.917e+03	+2.911e+03	+1.027e+04	+0.296
39.200	+7.552e+03	+3.286e+03	+9.006e+03	+0.303
39.300	+7.442e+03	+2.465e+03	+1.078e+04	+0.249
39.400	+8.754e+03	+1.977e+03	+9.810e+03	+0.184
39.500	+6.419e+03	+2.778e+03	+9.445e+03	+0.302
39.600	+6.138e+03	+3.381e+03	+9.923e+03	+0.355
39.700	+7.995e+03	+3.735e+03	+1.045e+04	+0.318
39.800	+6.886e+03	+2.692e+03	+1.019e+04	+0.281
39.900	+7.977e+03	+2.340e+03	+9.977e+03	+0.227
40.000	+8.250e+03	+1.826e+03	+1.068e+04	+0.181
40.100	+7.783e+03	+2.594e+03	+9.867e+03	+0.250
40.200	+6.070e+03	+2.981e+03	+1.009e+04	+0.329
40.300	+5.044e+03	+1.261e+03	+9.495e+03	+0.200
40.400	+8.335e+03	+2.601e+03	+1.014e+04	+0.238
40.500	+7.189e+03	+3.028e+03	+1.070e+04	+0.296
40.600	+8.329e+03	+4.168e+03	+9.279e+03	+0.334
40.700	+7.872e+03	+2.667e+03	+9.198e+03	+0.253
40.800	+7.479e+03	+2.207e+03	+9.573e+03	+0.228
40.900	+7.234e+03	+3.519e+03	+9.896e+03	+0.327
41.000	+8.611e+03	+3.177e+03	+1.020e+04	+0.270
41.100	+8.254e+03	+2.709e+03	+9.997e+03	+0.247
41.200	+6.662e+03	+1.634e+03	+1.083e+04	+0.197
41.300	+6.758e+03	+2.934e+03	+1.045e+04	+0.303
41.400	+8.631e+03	+2.703e+03	+1.108e+04	+0.239
41.500	+7.239e+03	+2.239e+03	+9.176e+03	+0.236
41.600	+8.437e+03	+3.081e+03	+9.990e+03	+0.268
41.700	+5.990e+03	+2.241e+03	+1.038e+04	+0.272
41.800	+6.781e+03	+2.071e+03	+1.125e+04	+0.234
41.900	+8.274e+03	+1.548e+03	+1.137e+04	+0.158
42.000	+7.250e+03	+3.376e+03	+1.047e+04	+0.318
42.100	+7.798e+03	+2.381e+03	+1.047e+04	+0.234
42.200	+7.255e+03	+3.660e+03	+9.995e+03	+0.335
42.300	+8.135e+03	+1.568e+03	+9.987e+03	+0.162
42.400	+7.632e+03	+3.065e+03	+9.902e+03	+0.287
42.500	+7.858e+03	+1.743e+03	+9.138e+03	+0.182
42.600	+7.308e+03	+2.978e+03	+1.130e+04	+0.290
42.700	+6.370e+03	+2.906e+03	+1.033e+04	+0.313
42.800	+7.031e+03	+2.582e+03	+1.032e+04	+0.269
42.900	+8.447e+03	+9.038e+02	+1.016e+04	+0.097
43.000	+6.940e+03	+2.483e+03	+1.040e+04	+0.263
43.100	+7.300e+03	+2.053e+03	+1.018e+04	+0.220
43.200	+8.796e+03	+1.689e+03	+1.086e+04	+0.161
43.300	+6.917e+03	+1.916e+03	+1.008e+04	+0.217
43.400	+6.539e+03	+1.661e+03	+9.720e+03	+0.203
43.500	+7.892e+03	+2.377e+03	+9.260e+03	+0.231
43.600	+8.419e+03	+1.883e+03	+9.853e+03	+0.183
43.700	+8.812e+03	+1.783e+03	+1.130e+04	+0.168
43.800	+8.285e+03	+1.498e+03	+8.981e+03	+0.153
43.900	+6.088e+03	+1.643e+03	+9.289e+03	+0.212
44.000	+7.909e+03	+1.964e+03	+1.023e+04	+0.199
44.100	+7.884e+03	+2.765e+03	+1.088e+04	+0.260
44.200	+6.345e+03	+2.610e+03	+1.073e+04	+0.291
44.300	+7.671e+03	+3.036e+03	+1.028e+04	+0.284
44.400	+7.407e+03	+2.221e+03	+1.020e+04	+0.231
44.500	+6.913e+03	+2.606e+03	+1.111e+04	+0.274
44.600	+7.954e+03	+2.335e+03	+8.581e+03	+0.227
44.700	+7.549e+03	+1.875e+03	+1.033e+04	+0.199
44.800	+8.077e+03	+2.901e+03	+1.053e+04	+0.264
44.900	+8.329e+03	+2.505e+03	+1.041e+04	+0.231
45.000	+7.763e+03	+1.707e+03	+1.105e+04	+0.180
45.100	+8.422e+03	+2.395e+03	+1.010e+04	+0.221
45.200	+7.854e+03	+3.538e+03	+9.512e+03	+0.311
45.300	+7.179e+03	+2.266e+03	+1.040e+04	+0.240
45.400	+7.074e+03	+3.180e+03	+9.077e+03	+0.310
45.500	+8.446e+03	+2.703e+03	+1.020e+04	+0.242
45.600	+6.818e+03	+3.011e+03	+1.056e+04	+0.306
45.700	+7.491e+03	+1.516e+03	+1.046e+04	+0.168
45.800	+7.875e+03	+1.464e+03	+1.000e+04	+0.157
45.900	+8.376e+03	+1.288e+03	+1.102e+04	+0.133
46.000	+6.419e+03	+2.938e+03	+1.124e+04	+0.314
46.100	+7.618e+03	+1.328e+03	+1.054e+04	+0.148
46.200	+6.839e+03	+1.840e+03	+1.094e+04	+0.212
46.300	+7.835e+03	+1.233e+03	+9.397e+03	+0.136
46.400	+7.320e+03	+3.511e+03	+8.811e+03	+0.324
46.500	+7.350e+03	+2.915e+03	+9.798e+03	+0.284
46.600	+7.974e+03	+2.891e+03	+1.123e+04	+0.266
46.700	+7.534e+03	+2.832e+03	+1.110e+04	+0.273
46.800	+8.104e+03	+1.639e+03	+1.065e+04	+0.168
46.900	+6.494e+03	+1.693e+03	+9.040e+03	+0.207
47.000	+8.035e+03	+2.876e+03	+1.043e+04	+0.264
47.100	+7.727e+03	+4.214e+03	+9.763e+03	+0.353
47.200	+8.284e+03	+1.892e+03	+9.031e+03	+0.186
47.300	+5.196e+03	+2.300e+03	+1.029e+04	+0.307
47.400	+6.895e+03	+3.108e+03	+9.732e+03	+0.311
47.500	+7.158e+03	+2.292e+03	+9.965e+03	+0.243
47.600	+8.262e+03	+2.170e+03	+1.062e+04	+0.208
47.700	+7.694e+03	+2.022e+03	+1.023e+04	+0.208
47.800	+7.553e+03	+1.872e+03	+9.900e+03	+0.199
47.900	+6.868e+03	+3.091e+03	+1.106e+04	+0.310
48.000	+7.276e+03	+2.226e+03	+8.262e+03	+0.234
48.100	+8.060e+03	+1.808e+03	+8.619e+03	+0.183
48.200	+6.812e+03	+2.432e+03	+1.092e+04	+0.263
48.300	+8.468e+03	+2.771e+03	+1.056e+04	+0.247
48.400	+7.674e+03	+1.623e+03	+9.861e+03	+0.175
48.500	+7.353e+03	+2.433e+03	+9.145e+03	+0.249
48.600	+8.366e+03	+1.592e+03	+8.733e+03	+0.160
48.700	+7.862e+03	+2.423e+03	+8.785e+03	+0.236
48.800	+7.860e+03	+3.147e+03	+1.075e+04	+0.286
48.900	+6.991e+03	+3.723e+03	+1.132e+04	+0.348
49.000	+7.260e+03	+2.756e+03	+1.110e+04	+0.275
49.100	+7.329e+03	+2.806e+03	+9.675e+03	+0.277
49.200	+7.994e+03	+1.218e+03	+9.113e+03	+0.132
49.300	+7.035e+03	+2.615e+03	+1.038e+04	+0.271
49.400	+7.801e+03	+1.663e+03	+1.107e+04	+0.176
49.500	+7.342e+03	+2.863e+03	+9.061e+03	+0.281
49.600	+6.515e+03	+1.676e+03	+9.978e+03	+0.205
49.700	+7.259e+03	+9.047e+02	+1.072e+04	+0.111
49.800	+8.722e+03	+2.872e+03	+1.053e+04	+0.248
49.900	+6.867e+03	+2.676e+03	+1.000e+04	+0.280
50.000	+8.370e+03	+2.241e+03	+9.262e+03	+0.211
50.100	+7.188e+03	+3.602e+03	+9.419e+03	+0.334
50.200	+8.751e+03	+3.899e+03	+9.999e+03	+0.308
50.300	+7.226e+03	+3.432e+03	+1.016e+04	+0.322
50.400	+7.616e+03	+1.713e+03	+9.903e+03	+0.184
50.500	+6.408e+03	+2.509e+03	+1.069e+04	+0.281
50.600	+8.309e+03	+2.328e+03	+1.094e+04	+0.219
50.700	+6.757e+03	+3.303e+03	+1.013e+04	+0.328
50.800	+7.418e+03	+2.127e+03	+9.805e+03	+0.223
50.900	+7.662e+03	+2.905e+03	+9.807e+03	+0.275
51.000	+7.102e+03	+1.894e+03	+9.117e+03	+0.211
51.100	+6.708e+03	+2.833e+03	+1.075e+04	+0.297
51.200	+7.807e+03	+2.872e+03	+9.621e+03	+0.269
51.300	+7.381e+03	+3.162e+03	+1.034e+04	+0.300
51.400	+7.825e+03	+4.205e+03	+9.624e+03	+0.350
51.500	+7.234e+03	+3.023e+03	+8.383e+03	+0.295
51.600	+6.007e+03	+2.621e+03	+9.864e+03	+0.304
51.700	+8.431e+03	+1.881e+03	+1.021e+04	+0.182
51.800	+7.322e+03	+2.505e+03	+1.056e+04	+0.255
51.900	+8.148e+03	+1.612e+03	+9.606e+03	+0.165
52.000	+8.246e+03	+1.588e+03	+1.088e+04	+0.161
52.100	+7.426e+03	+2.064e+03	+1.088e+04	+0.218
52.200	+6.900e+03	+2.312e+03	+1.029e+04	+0.251
52.300	+7.639e+03	+1.652e+03	+1.068e+04	+0.178
52.400	+7.413e+03	+3.604e+03	+1.006e+04	+0.327
52.500	+7.925e+03	+1.728e+03	+9.628e+03	+0.179
52.600	+6.773e+03	+2.136e+03	+9.096e+03	+0.240
52.700	+8.035e+03	+2.039e+03	+1.064e+04	+0.202
52.800	+7.572e+03	+3.405e+03	+9.986e+03	+0.310
52.900	+7.570e+03	+3.173e+03	+1.050e+04	+0.295
53.000	+8.057e+03	+1.843e+03	+8.821e+03	+0.186
53.100	+8.180e+03	+2.612e+03	+9.852e+03	+0.242
53.200	+7.513e+03	+1.192e+03	+9.444e+03	+0.137
53.300	+8.050e+03	+2.512e+03	+1.047e+04	+0.238
53.400	+8.463e+03	+3.216e+03	+9.832e+03	+0.275
53.500	+7.825e+03	+1.414e+03	+9.626e+03	+0.153
53.600	+7.479e+03	+1.792e+03	+8.256e+03	+0.193
53.700	+7.115e+03	+2.743e+03	+8.973e+03	+0.278
53.800	+8.397e+03	+2.219e+03	+1.139e+04	+0.209
53.900	+6.474e+03	+1.996e+03	+1.007e+04	+0.236
54.000	+7.156e+03	+8.025e+02	+9.644e+03	+0.101
54.100	+8.519e+03	+1.753e+03	+1.035e+04	+0.171
54.200	+8.402e+03	+1.440e+03	+1.069e+04	+0.146
54.300	+8.320e+03	+2.375e+03	+9.046e+03	+0.222
54.400	+8.183e+03	+1.223e+03	+1.039e+04	+0.130
54.500	+6.202e+03	+1.697e+03	+9.441e+03	+0.215
54.600	+8.190e+03	+3.462e+03	+8.973e+03	+0.297
54.700	+9.419e+03	+3.427e+03	+1.036e+04	+0.267
54.800	+7.809e+03	+1.543e+03	+9.568e+03	+0.165
54.900	+7.882e+03	+3.517e+03	+9.174e+03	+0.309
55.000	+7.251e+03	+2.733e+03	+1.041e+04	+0.274
55.100	+7.895e+03	+2.650e+03	+9.530e+03	+0.251
55.200	+7.936e+03	+2.120e+03	+1.120e+04	+0.211
55.300	+6.634e+03	+2.847e+03	+1.109e+04	+0.300
55.400	+6.882e+03	+3.780e+03	+9.563e+03	+0.355
55.500	+7.027e+03	+3.327e+03	+1.027e+04	+0.321
55.600	+6.200e+03	+5.419e+03	+9.300e+03	+0.466
55.700	+4.348e+03	+4.803e+03	+9.583e+03	+0.525
55.800	+5.967e+03	+4.952e+03	+8.972e+03	+0.454
55.900	+4.288e+03	+5.842e+03	+9.317e+03	+0.577
56.000	+1.360e+03	+7.140e+03	+1.134e+04	+0.840
56.100	+8.044e+02	+8.444e+03	+9.760e+03	+0.913
56.200	+3.663e+03	+5.304e+03	+9.641e+03	+0.592
56.300	+6.376e+03	+5.756e+03	+1.117e+04	+0.474
56.400	+4.107e+03	+4.809e+03	+8.856e+03	+0.539
56.500	+3.292e+03	+4.211e+03	+1.016e+04	+0.561
56.600	+2.912e+03	+6.848e+03	+1.004e+04	+0.702
56.700	+1.431e+03	+7.291e+03	+8.585e+03	+0.836
56.800	+3.662e+03	+7.702e+03	+1.018e+04	+0.678
56.900	+1.632e+03	+8.074e+03	+9.763e+03	+0.832
57.000	+1.442e+03	+8.691e+03	+1.015e+04	+0.858
57.100	+1.174e+03	+6.802e+03	+9.793e+03	+0.853
57.200	+1.281e+03	+8.296e+03	+1.068e+04	+0.866
57.300	+2.170e+03	+9.992e+03	+9.092e+03	+0.822
57.400	+5.440e+02	+8.669e+03	+1.071e+04	+0.941
57.500	+1.423e+03	+7.110e+03	+9.330e+03	+0.833
57.600	+1.017e+03	+7.800e+03	+1.126e+04	+0.885
57.700	+2.765e+03	+9.697e+03	+1.022e+04	+0.778
57.800	+1.443e+03	+7.984e+03	+8.799e+03	+0.847
57.900	+2.268e+03	+8.862e+03	+9.959e+03	+0.796
58.000	+9.948e+02	+8.310e+03	+9.944e+03	+0.893
58.100	+2.242e+03	+8.465e+03	+9.727e+03	+0.791
58.200	+4.465e+03	+5.474e+03	+9.979e+03	+0.551
58.300	+6.079e+03	+4.278e+03	+9.939e+03	+0.413
58.400	+5.009e+03	+4.840e+03	+9.305e+03	+0.491
58.500	+3.628e+03	+5.360e+03	+1.216e+04	+0.596
58.600	+4.366e+03	+5.077e+03	+8.848e+03	+0.538
58.700	+5.780e+03	+5.892e+03	+9.515e+03	+0.505
58.800	+4.601e+03	+5.532e+03	+9.419e+03	+0.546
58.900	+5.339e+03	+3.869e+03	+9.754e+03	+0.420
59.000	+4.437e+03	+5.483e+03	+9.482e+03	+0.553
59.100	+6.131e+03	+5.556e+03	+8.529e+03	+0.475
59.200	+4.454e+03	+4.722e+03	+1.093e+04	+0.515
59.300	+5.155e+03	+4.400e+03	+9.893e+03	+0.461
59.400	+4.329e+03	+4.158e+03	+9.290e+03	+0.490
59.500	+4.732e+03	+2.991e+03	+1.040e+04	+0.387
59.600	+5.439e+03	+4.813e+03	+1.010e+04	+0.469
59.700	+5.247e+03	+6.092e+03	+9.426e+03	+0.537
59.800	+5.880e+03	+5.865e+03	+9.330e+03	+0.499
59.900	+5.021e+03	+4.931e+03	+9.478e+03	+0.495
60.000	+4.384e+03	+4.536e+03	+1.010e+04	+0.509
60.100	+5.487e+03	+5.597e+03	+9.822e+03	+0.505
60.200	+5.836e+03	+4.521e+03	+1.060e+04	+0.437
60.300	+4.412e+03	+5.807e+03	+9.983e+03	+0.568
60.400	+4.748e+03	+4.765e+03	+9.421e+03	+0.501
60.500	+5.122e+03	+3.885e+03	+9.167e+03	+0.431
60.600	+4.047e+03	+3.477e+03	+1.056e+04	+0.462
60.700	+4.933e+03	+5.460e+03	+1.144e+04	+0.525
60.800	+5.921e+03	+4.876e+03	+1.043e+04	+0.452
60.900	+5.481e+03	+4.660e+03	+9.004e+03	+0.460
61.000	+4.287e+03	+5.006e+03	+1.171e+04	+0.539
61.100	+3.986e+03	+5.014e+03	+1.038e+04	+0.557
61.200	+4.493e+03	+4.490e+03	+9.256e+03	+0.500
61.300	+5.958e+03	+5.230e+03	+1.044e+04	+0.467
61.400	+3.888e+03	+5.219e+03	+9.693e+03	+0.573
61.500	+3.481e+03	+5.912e+03	+9.959e+03	+0.629
61.600	+1.072e+03	+7.430e+03	+8.832e+03	+0.874
61.700	+3.180e+03	+7.269e+03	+9.576e+03	+0.696
61.800	+1.045e+03	+8.194e+03	+9.620e+03	+0.887
61.900	+2.604e+03	+7.358e+03	+1.028e+04	+0.739
62.000	+2.068e+03	+8.384e+03	+9.605e+03	+0.802
62.100	+2.600e+03	+8.219e+03	+1.053e+04	+0.760
62.200	+1.946e+03	+7.320e+03	+9.122e+03	+0.790
62.300	+3.479e+03	+8.486e+03	+1.029e+04	+0.709
62.400	+1.433e+03	+8.569e+03	+9.861e+03	+0.857
62.500	+2.447e+03	+9.862e+03	+1.051e+04	+0.801
62.600	+1.307e+03	+7.536e+03	+9.955e+03	+0.852
62.700	+3.272e+03	+6.110e+03	+9.708e+03	+0.651
62.800	+5.592e+03	+5.106e+03	+1.006e+04	+0.477
62.900	+4.054e+03	+4.719e+03	+1.095e+04	+0.538
63.000	+5.689e+03	+4.417e+03	+1.022e+04	+0.437
63.100	+4.559e+03	+5.514e+03	+1.137e+04	+0.547
63.200	+4.942e+03	+4.920e+03	+1.029e+04	+0.499
63.300	+4.871e+03	+4.739e+03	+9.677e+03	+0.493
63.400	+5.702e+03	+5.214e+03	+9.560e+03	+0.478
63.500	+3.875e+03	+4.472e+03	+9.784e+03	+0.536
63.600	+3.117e+03	+7.902e+03	+1.059e+04	+0.717
63.700	+2.219e+03	+8.351e+03	+9.197e+03	+0.790
63.800	+2.377e+03	+7.219e+03	+9.276e+03	+0.752
63.900	+1.383e+03	+7.216e+03	+1.001e+04	+0.839
64.000	+7.985e+02	+9.020e+03	+9.802e+03	+0.919
64.100	+2.619e+03	+7.334e+03	+9.951e+03	+0.737
64.200	+1.934e+03	+8.738e+03	+8.947e+03	+0.819
64.300	+2.995e+03	+8.651e+03	+1.041e+04	+0.743
64.400	+1.953e+03	+7.673e+03	+1.031e+04	+0.797
64.500	+1.684e+03	+7.793e+03	+1.051e+04	+0.822
64.600	+2.964e+03	+7.965e+03	+9.958e+03	+0.729
64.700	+1.750e+03	+7.227e+03	+1.074e+04	+0.805
64.800	+2.520e+03	+7.897e+03	+9.801e+03	+0.758
64.900	+1.273e+03	+7.324e+03	+1.067e+04	+0.852
65.000	+9.360e+02	+7.254e+03	+1.008e+04	+0.886
65.100	+3.022e+03	+6.267e+03	+9.417e+03	+0.675
65.200	+2.287e+03	+7.938e+03	+9.060e+03	+0.776
65.300	+2.044e+03	+7.945e+03	+8.184e+03	+0.795
65.400	+2.008e+03	+7.790e+03	+9.959e+03	+0.795
65.500	+2.947e+03	+7.540e+03	+1.030e+04	+0.719
65.600	+2.952e+03	+9.559e+03	+1.022e+04	+0.764
65.700	+2.213e+03	+8.363e+03	+9.996e+03	+0.791
65.800	+3.205e+03	+8.108e+03	+1.038e+04	+0.717
65.900	+2.492e+03	+7.178e+03	+1.073e+04	+0.742
66.000	+1.906e+03	+8.684e+03	+1.065e+04	+0.820
66.100	+2.597e+03	+8.619e+03	+1.128e+04	+0.768
66.200	+2.240e+03	+7.385e+03	+9.117e+03	+0.767
66.300	+2.372e+03	+6.810e+03	+1.109e+04	+0.742
66.400	+2.040e+03	+8.684e+03	+1.131e+04	+0.810
66.500	+8.088e+01	+6.343e+03	+1.048e+04	+0.987
66.600	+1.522e+03	+9.940e+03	+1.061e+04	+0.867
66.700	+2.608e+03	+7.332e+03	+1.068e+04	+0.738
66.800	+2.865e+03	+7.086e+03	+9.712e+03	+0.712
66.900	+2.955e+03	+8.866e+03	+1.028e+04	+0.750
67.000	+1.602e+03	+6.647e+03	+1.014e+04	+0.806
67.100	+1.831e+03	+9.343e+03	+9.658e+03	+0.836
67.200	+2.877e+03	+8.280e+03	+9.680e+03	+0.742
67.300	+1.993e+03	+8.476e+03	+9.088e+03	+0.810
67.400	+1.391e+03	+7.931e+03	+1.117e+04	+0.851
67.500	+1.015e+03	+7.792e+03	+1.082e+04	+0.885
67.600	+1.926e+03	+8.146e+03	+1.029e+04	+0.809
67.700	+1.144e+03	+8.945e+03	+9.555e+03	+0.887
67.800	+2.201e+03	+7.820e+03	+9.782e+03	+0.780
67.900	+2.746e+03	+7.369e+03	+9.504e+03	+0.729
68.000	+8.301e+02	+8.765e+03	+1.013e+04	+0.913
68.100	+2.090e+03	+7.218e+03	+9.416e+03	+0.775
68.200	+2.095e+03	+7.486e+03	+1.034e+04	+0.781
68.300	+1.806e+03	+8.348e+03	+9.381e+03	+0.822
68.400	+3.824e+03	+6.176e+03	+1.002e+04	+0.618
68.500	+4.105e+03	+5.522e+03	+9.740e+03	+0.574
68.600	+4.872e+03	+4.000e+03	+1.070e+04	+0.451
68.700	+7.237e+03	+4.472e+03	+9.560e+03	+0.382
68.800	+5.204e+03	+3.867e+03	+9.352e+03	+0.426
68.900	+6.064e+03	+5.428e+03	+1.011e+04	+0.472
69.000	+5.864e+03	+5.655e+03	+1.002e+04	+0.491
69.100	+4.965e+03	+6.016e+03	+1.066e+04	+0.548
69.200	+5.345e+03	+4.929e+03	+1.040e+04	+0.480
69.300	+6.626e+03	+5.169e+03	+1.005e+04	+0.438
69.400	+4.413e+03	+5.287e+03	+1.021e+04	+0.545
69.500	+6.038e+03	+4.033e+03	+9.596e+03	+0.400
69.600	+4.160e+03	+5.432e+03	+1.083e+04	+0.566
69.700	+3.504e+03	+4.771e+03	+9.880e+03	+0.577
69.800	+4.026e+03	+5.961e+03	+1.044e+04	+0.597
69.900	+4.749e+03	+5.261e+03	+9.964e+03	+0.526
70.000	+4.935e+03	+4.935e+03	+8.938e+03	+0.500
70.100	+4.091e+03	+4.465e+03	+9.585e+03	+0.522
70.200	+6.290e+03	+6.329e+03	+9.814e+03	+0.502
70.300	+4.682e+03	+4.782e+03	+9.204e+03	+0.505
70.400	+5.203e+03	+5.807e+03	+9.141e+03	+0.527
70.500	+4.611e+03	+5.942e+03	+9.567e+03	+0.563
70.600	+5.030e+03	+4.924e+03	+9.263e+03	+0.495
70.700	+4.433e+03	+5.581e+03	+1.067e+04	+0.557
70.800	+5.086e+03	+5.366e+03	+1.085e+04	+0.513
70.900	+4.813e+03	+5.193e+03	+1.011e+04	+0.519
71.000	+5.142e+03	+4.712e+03	+9.907e+03	+0.478
71.100	+4.695e+03	+5.740e+03	+9.252e+03	+0.550
71.200	+4.938e+03	+5.409e+03	+1.000e+04	+0.523
71.300	+5.514e+03	+4.668e+03	+9.646e+03	+0.458
71.400	+6.047e+03	+5.303e+03	+9.350e+03	+0.467
71.500	+4.573e+03	+4.475e+03	+9.157e+03	+0.495
71.600	+4.910e+03	+3.959e+03	+1.002e+04	+0.446
71.700	+5.215e+03	+4.070e+03	+8.977e+03	+0.438
71.800	+4.806e+03	+5.241e+03	+9.563e+03	+0.522
71.900	+5.921e+03	+4.630e+03	+9.907e+03	+0.439
72.000	+2.960e+03	+6.426e+03	+1.015e+04	+0.685
72.100	+5.120e+03	+5.009e+03	+1.111e+04	+0.495
72.200	+2.069e+03	+6.438e+03	+1.016e+04	+0.757
72.300	+4.918e+03	+6.554e+03	+1.116e+04	+0.571
72.400	+4.818e+03	+5.452e+03	+1.066e+04	+0.531
72.500	+5.652e+03	+4.179e+03	+1.053e+04	+0.425
72.600	+7.164e+03	+2.952e+03	+1.039e+04	+0.292
72.700	+7.892e+03	+3.263e+03	+1.011e+04	+0.293
72.800	+7.369e+03	+2.047e+03	+1.107e+04	+0.217
72.900	+6.962e+03	+2.908e+03	+9.223e+03	+0.295
73.000	+7.792e+03	+2.260e+03	+9.505e+03	+0.225
73.100	+7.200e+03	+2.925e+03	+1.123e+04	+0.289
73.200	+8.210e+03	+2.212e+03	+1.081e+04	+0.212
73.300	+7.397e+03	+2.826e+03	+1.066e+04	+0.276
73.400	+6.460e+03	+2.069e+03	+9.225e+03	+0.243
73.500	+8.818e+03	+3.009e+03	+9.966e+03	+0.254
73.600	+8.629e+03	+3.179e+03	+1.030e+04	+0.269
73.700	+6.818e+03	+4.343e+03	+1.059e+04	+0.389
73.800	+6.629e+03	+2.676e+03	+1.060e+04	+0.288
73.900	+6.495e+03	+2.628e+03	+9.895e+03	+0.288
74.000	+7.831e+03	+3.359e+03	+9.054e+03	+0.300
74.100	+7.294e+03	+2.939e+03	+1.088e+04	+0.287
74.200	+7.689e+03	+3.673e+03	+9.491e+03	+0.323
74.300	+6.481e+03	+2.591e+03	+1.126e+04	+0.286
74.400	+6.992e+03	+2.845e+03	+8.283e+03	+0.289
74.500	+7.336e+03	+1.475e+03	+9.732e+03	+0.167
74.600	+7.686e+03	+3.613e+03	+9.892e+03	+0.320
74.700	+7.419e+03	+1.890e+03	+9.595e+03	+0.203
74.800	+7.710e+03	+2.571e+03	+1.020e+04	+0.250
74.900	+6.893e+03	+1.196e+03	+1.023e+04	+0.148
75.000	+8.004e+03	+1.995e+03	+1.160e+04	+0.199
75.100	+7.418e+03	+2.709e+03	+9.879e+03	+0.267
75.200	+7.478e+03	+2.213e+03	+1.058e+04	+0.228
75.300	+7.328e+03	+2.784e+03	+9.217e+03	+0.275
75.400	+7.060e+03	+3.738e+03	+9.266e+03	+0.346
75.500	+7.130e+03	+2.272e+03	+1.015e+04	+0.242
75.600	+7.374e+03	+1.963e+03	+9.387e+03	+0.210
75.700	+7.387e+03	+2.901e+03	+9.773e+03	+0.282
75.800	+6.409e+03	+3.294e+03	+8.955e+03	+0.340
75.900	+8.084e+03	+1.144e+03	+1.035e+04	+0.124
76.000	+7.746e+03	+2.187e+03	+1.084e+04	+0.220
76.100	+7.690e+03	+2.906e+03	+9.832e+03	+0.274
76.200	+7.741e+03	+3.828e+03	+9.827e+03	+0.331
76.300	+6.580e+03	+2.085e+03	+9.066e+03	+0.241
76.400	+6.748e+03	+2.501e+03	+8.625e+03	+0.270
76.500	+7.964e+03	+3.453e+03	+9.454e+03	+0.302
76.600	+7.282e+03	+4.008e+03	+9.002e+03	+0.355
76.700	+7.726e+03	+2.114e+03	+9.933e+03	+0.215
76.800	+6.680e+03	+2.068e+03	+9.665e+03	+0.236
76.900	+7.304e+03	+2.311e+03	+1.007e+04	+0.240
77.000	+6.732e+03	+3.098e+03	+1.071e+04	+0.315
77.100	+8.644e+03	+2.781e+03	+9.888e+03	+0.243
77.200	+8.520e+03	+2.109e+03	+9.807e+03	+0.198
77.300	+6.722e+03	+2.282e+03	+1.070e+04	+0.253
77.400	+7.985e+03	+2.363e+03	+1.085e+04	+0.228
77.500	+7.169e+03	+2.914e+03	+9.948e+03	+0.289
77.600	+7.310e+03	+2.586e+03	+9.017e+03	+0.261
77.700	+8.026e+03	+2.817e+03	+1.134e+04	+0.260
77.800	+6.403e+03	+2.403e+03	+9.330e+03	+0.273
77.900	+7.320e+03	+3.213e+03	+1.099e+04	+0.305
78.000	+7.835e+03	+3.256e+03	+1.107e+04	+0.294
78.100	+7.438e+03	+3.602e+03	+1.150e+04	+0.326
78.200	+8.557e+03	+2.452e+03	+1.007e+04	+0.223
78.300	+7.403e+03	+2.872e+03	+1.075e+04	+0.280
78.400	+7.708e+03	+2.953e+03	+9.662e+03	+0.277
78.500	+7.376e+03	+2.146e+03	+1.082e+04	+0.225
78.600	+6.615e+03	+2.033e+03	+9.066e+03	+0.235
78.700	+7.132e+03	+3.297e+03	+1.008e+04	+0.316
78.800	+7.737e+03	+1.260e+03	+1.047e+04	+0.140
78.900	+6.599e+03	+2.662e+03	+9.677e+03	+0.287
79.000	+8.583e+03	+1.231e+03	+9.011e+03	+0.125
79.100	+7.884e+03	+3.759e+03	+9.709e+03	+0.323
79.200	+7.273e+03	+1.303e+03	+9.381e+03	+0.152
79.300	+7.443e+03	+2.165e+03	+1.146e+04	+0.225
79.400	+7.298e+03	+2.013e+03	+9.678e+03	+0.216
79.500	+7.234e+03	+1.626e+03	+1.012e+04	+0.184
79.600	+6.817e+03	+3.088e+03	+1.051e+04	+0.312
79.700	+6.737e+03	+3.060e+03	+9.922e+03	+0.312
79.800	+8.379e+03	+1.950e+03	+1.163e+04	+0.189
79.900	+7.156e+03	+3.896e+03	+9.851e+03	+0.353
80.000	+7.506e+03	+2.546e+03	+1.021e+04	+0.253
80.100	+7.391e+03	+2.944e+03	+9.924e+03	+0.285
80.200	+7.420e+03	+4.138e+03	+9.720e+03	+0.358
80.300	+7.250e+03	+1.288e+03	+1.011e+04	+0.151
80.400	+7.487e+03	+2.242e+03	+8.224e+03	+0.230
80.500	+7.049e+03	+2.409e+03	+9.617e+03	+0.255
80.600	+6.778e+03	+2.109e+03	+9.873e+03	+0.237
80.700	+8.634e+03	+1.937e+03	+9.563e+03	+0.183
80.800	+8.145e+03	+2.368e+03	+9.741e+03	+0.225
80.900	+8.397e+03	+2.697e+03	+9.750e+03	+0.243
81.000	+7.942e+03	+2.607e+03	+9.493e+03	+0.247
81.100	+6.979e+03	+3.048e+03	+1.033e+04	+0.304
81.200	+5.818e+03	+3.077e+03	+9.703e+03	+0.346
81.300	+7.942e+03	+4.197e+03	+9.708e+03	+0.346
81.400	+7.156e+03	+2.424e+03	+9.889e+03	+0.253
81.500	+8.441e+03	+2.670e+03	+1.015e+04	+0.240
81.600	+7.163e+03	+4.029e+03	+1.022e+04	+0.360
81.700	+6.445e+03	+1.352e+03	+9.116e+03	+0.173
81.800	+6.173e+03	+2.029e+03	+1.018e+04	+0.247
81.900	+7.653e+03	+2.254e+03	+9.297e+03	+0.228
82.000	+8.837e+03	+1.138e+03	+1.027e+04	+0.114
82.100	+8.154e+03	+2.690e+03	+1.097e+04	+0.248
82.200	+7.843e+03	+3.051e+03	+1.003e+04	+0.280
82.300	+7.630e+03	+1.383e+03	+1.082e+04	+0.153
82.400	+6.606e+03	+3.028e+03	+9.457e+03	+0.314
82.500	+8.163e+03	+3.232e+03	+9.060e+03	+0.284
82.600	+8.234e+03	+2.841e+03	+9.040e+03	+0.257
82.700	+9.245e+03	+3.373e+03	+1.178e+04	+0.267
82.800	+7.460e+03	+2.175e+03	+1.067e+04	+0.226
82.900	+6.266e+03	+2.325e+03	+9.244e+03	+0.271
83.000	+7.805e+03	+1.695e+03	+9.252e+03	+0.178
83.100	+6.545e+03	+2.539e+03	+1.148e+04	+0.279
83.200	+7.478e+03	+2.312e+03	+8.774e+03	+0.236
83.300	+7.661e+03	+1.776e+03	+9.490e+03	+0.188
83.400	+8.390e+03	+3.038e+03	+1.099e+04	+0.266
83.500	+7.464e+03	+1.879e+03	+9.036e+03	+0.201
83.600	+8.339e+03	+3.470e+03	+7.931e+03	+0.294
83.700	+8.900e+03	+2.192e+03	+1.026e+04	+0.198
83.800	+7.853e+03	+2.119e+03	+1.076e+04	+0.213
83.900	+6.804e+03	+3.095e+03	+1.022e+04	+0.313
84.000	+8.059e+03	+2.020e+03	+9.259e+03	+0.200
84.100	+8.308e+03	+2.198e+03	+9.849e+03	+0.209
84.200	+7.574e+03	+2.711e+03	+1.062e+04	+0.264
84.300	+7.104e+03	+3.479e+03	+1.032e+04	+0.329
84.400	+8.075e+03	+2.340e+03	+1.023e+04	+0.225
84.500	+6.530e+03	+2.442e+03	+1.039e+04	+0.272
84.600	+6.976e+03	+2.188e+03	+1.074e+04	+0.239
84.700	+6.258e+03	+2.712e+03	+1.033e+04	+0.302
84.800	+8.093e+03	+2.005e+03	+1.076e+04	+0.199
84.900	+6.515e+03	+2.407e+03	+9.658e+03	+0.270
85.000	+7.353e+03	+3.346e+03	+8.851e+03	+0.313
85.100	+7.489e+03	+2.632e+03	+1.097e+04	+0.260
85.200	+8.362e+03	+1.921e+03	+9.913e+03	+0.187
85.300	+7.984e+03	+2.269e+03	+1.005e+04	+0.221
85.400	+7.724e+03	+1.965e+03	+8.977e+03	+0.203
85.500	+8.463e+03	+2.121e+03	+1.023e+04	+0.200
85.600	+7.324e+03	+1.799e+03	+9.942e+03	+0.197
85.700	+7.207e+03	+3.306e+03	+1.098e+04	+0.314
85.800	+8.512e+03	+3.326e+03	+9.979e+03	+0.281
85.900	+7.292e+03	+1.785e+03	+1.092e+04	+0.197
86.000	+7.848e+03	+2.922e+03	+1.072e+04	+0.271
86.100	+7.555e+03	+3.332e+03	+9.930e+03	+0.306
86.200	+6.702e+03	+1.228e+03	+9.103e+03	+0.155
86.300	+7.808e+03	+3.807e+03	+9.433e+03	+0.328
86.400	+7.636e+03	+1.918e+03	+1.003e+04	+0.201
86.500	+6.294e+03	+1.953e+03	+9.671e+03	+0.237
86.600	+7.365e+03	+3.081e+03	+1.042e+04	+0.295
86.700	+7.736e+03	+2.724e+03	+1.114e+04	+0.260
86.800	+7.080e+03	+2.146e+03	+1.092e+04	+0.233
86.900	+7.644e+03	+3.112e+03	+1.070e+04	+0.289
87.000	+8.273e+03	+1.984e+03	+1.050e+04	+0.193
87.100	+6.599e+03	+3.446e+03	+1.010e+04	+0.343
87.200	+7.974e+03	+2.714e+03	+1.004e+04	+0.254
87.300	+7.888e+03	+3.221e+03	+9.926e+03	+0.290
87.400	+7.083e+03	+1.842e+03	+9.873e+03	+0.206
87.500	+7.506e+03	+3.183e+03	+1.186e+04	+0.298
87.600	+7.851e+03	+2.838e+03	+1.071e+04	+0.265
87.700	+7.625e+03	+2.299e+03	+9.443e+03	+0.232
87.800	+6.565e+03	+2.956e+03	+1.030e+04	+0.311
87.900	+7.231e+03	+3.310e+03	+9.103e+03	+0.314
88.000	+8.244e+03	+3.075e+03	+1.001e+04	+0.272
88.100	+7.170e+03	+2.378e+03	+1.063e+04	+0.249
88.200	+7.305e+03	+2.073e+03	+1.042e+04	+0.221
88.300	+7.066e+03	+2.585e+03	+1.003e+04	+0.268
88.400	+6.967e+03	+2.310e+03	+1.054e+04	+0.249
88.500	+7.299e+03	+2.875e+03	+1.049e+04	+0.283
88.600	+6.871e+03	+3.109e+03	+9.992e+03	+0.312
88.700	+6.556e+03	+1.888e+03	+1.087e+04	+0.224
88.800	+6.844e+03	+1.494e+03	+1.053e+04	+0.179
88.900	+7.509e+03	+3.366e+03	+9.732e+03	+0.310
89.000	+7.878e+03	+3.095e+03	+1.160e+04	+0.282
89.100	+7.689e+03	+2.086e+03	+9.498e+03	+0.213
89.200	+8.180e+03	+1.687e+03	+9.438e+03	+0.171
89.300	+8.252e+03	+2.382e+03	+9.477e+03	+0.224
89.400	+8.098e+03	+3.186e+03	+1.040e+04	+0.282
89.500	+6.169e+03	+2.182e+03	+1.046e+04	+0.261
89.600	+6.733e+03	+2.924e+03	+9.088e+03	+0.303
89.700	+7.943e+03	+3.580e+03	+1.154e+04	+0.311
89.800	+8.175e+03	+1.972e+03	+9.848e+03	+0.194
89.900	+7.188e+03	+1.584e+03	+1.026e+04	+0.181
90.000	+8.284e+03	+2.888e+03	+9.548e+03	+0.259
90.100	+7.647e+03	+2.547e+03	+9.710e+03	+0.250
90.200	+8.045e+03	+3.259e+03	+9.385e+03	+0.288
90.300	+7.846e+03	+2.670e+03	+1.036e+04	+0.254
90.400	+7.198e+03	+2.610e+03	+9.888e+03	+0.266
90.500	+6.394e+03	+3.223e+03	+1.109e+04	+0.335
90.600	+6.711e+03	+3.115e+03	+1.120e+04	+0.317
90.700	+7.499e+03	+2.545e+03	+1.002e+04	+0.253
90.800	+6.996e+03	+2.094e+03	+1.065e+04	+0.230
90.900	+8.072e+03	+3.506e+03	+9.194e+03	+0.303
91.000	+8.357e+03	+3.597e+03	+1.089e+04	+0.301
91.100	+7.460e+03	+1.891e+03	+9.198e+03	+0.202
91.200	+8.277e+03	+1.776e+03	+1.003e+04	+0.177
91.300	+7.267e+03	+3.342e+03	+1.059e+04	+0.315
91.400	+8.083e+03	+2.569e+03	+1.040e+04	+0.241
91.500	+6.815e+03	+3.226e+03	+8.892e+03	+0.321
91.600	+6.314e+03	+2.804e+03	+9.995e+03	+0.307
91.700	+7.270e+03	+2.042e+03	+8.763e+03	+0.219
91.800	+6.894e+03	+2.620e+03	+8.760e+03	+0.275
91.900	+6.989e+03	+8.965e+02	+9.620e+03	+0.114
92.000	+7.204e+03	+2.182e+03	+9.707e+03	+0.233
92.100	+7.533e+03	+2.860e+03	+9.516e+03	+0.275
92.200	+7.765e+03	+2.846e+03	+1.111e+04	+0.268
92.300	+8.302e+03	+2.575e+03	+9.494e+03	+0.237
92.400	+6.855e+03	+2.714e+03	+1.045e+04	+0.284
92.500	+6.359e+03	+3.609e+03	+1.023e+04	+0.362
92.600	+6.988e+03	+1.629e+03	+8.704e+03	+0.189
92.700	+8.155e+03	+2.055e+03	+9.401e+03	+0.201
92.800	+7.612e+03	+3.206e+03	+1.065e+04	+0.296
92.900	+7.791e+03	+2.051e+03	+1.113e+04	+0.208
93.000	+6.679e+03	+1.980e+03	+1.060e+04	+0.229
93.100	+6.979e+03	+2.294e+03	+1.112e+04	+0.247
93.200	+7.368e+03	+3.044e+03	+1.046e+04	+0.292
93.300	+7.558e+03	+3.366e+03	+9.509e+03	+0.308
93.400	+6.051e+03	+1.527e+03	+9.569e+03	+0.201
93.500	+7.272e+03	+1.903e+03	+1.031e+04	+0.207
93.600	+8.107e+03	+2.404e+03	+9.372e+03	+0.229
93.700	+6.118e+03	+2.836e+03	+9.100e+03	+0.317
93.800	+9.259e+03	+3.609e+03	+1.011e+04	+0.280
93.900	+8.170e+03	+2.206e+03	+9.922e+03	+0.213
94.000	+8.211e+03	+3.770e+03	+1.103e+04	+0.315
94.100	+5.558e+03	+5.001e+03	+9.795e+03	+0.474
94.200	+6.308e+03	+5.042e+03	+1.096e+04	+0.444
94.300	+5.290e+03	+5.750e+03	+1.146e+04	+0.521
94.400	+1.449e+03	+7.086e+03	+8.174e+03	+0.830
94.500	+2.436e+03	+7.595e+03	+9.712e+03	+0.757
94.600	+1.540e+03	+8.373e+03	+1.074e+04	+0.845
94.700	+2.269e+03	+8.143e+03	+1.015e+04	+0.782
94.800	+2.212e+03	+7.729e+03	+1.015e+04	+0.778
94.900	+1.439e+03	+7.603e+03	+1.136e+04	+0.841
95.000	+2.710e+03	+7.504e+03	+1.055e+04	+0.735
95.100	+1.724e+03	+7.200e+03	+9.212e+03	+0.807
95.200	+1.188e+03	+8.501e+03	+1.014e+04	+0.877
95.300	+1.953e+03	+7.744e+03	+1.223e+04	+0.799
95.400	+3.196e+03	+8.043e+03	+9.470e+03	+0.716
95.500	+1.807e+03	+7.660e+03	+9.281e+03	+0.809
95.600	+3.585e+03	+9.315e+03	+8.834e+03	+0.722
95.700	+9.907e+02	+8.333e+03	+1.088e+04	+0.894
95.800	+2.176e+03	+7.256e+03	+9.995e+03	+0.769
95.900	+1.842e+03	+8.580e+03	+1.107e+04	+0.823
96.000	+2.856e+03	+7.077e+03	+9.425e+03	+0.712
96.100	+1.535e+03	+8.064e+03	+9.995e+03	+0.840
96.200	+2.992e+03	+7.789e+03	+1.045e+04	+0.722
96.300	+2.888e+03	+7.669e+03	+1.042e+04	+0.726
96.400	+2.232e+03	+8.720e+03	+9.988e+03	+0.796
96.500	+2.204e+03	+8.056e+03	+9.503e+03	+0.785
96.600	+2.342e+03	+7.918e+03	+1.122e+04	+0.772
96.700	+2.115e+03	+7.600e+03	+9.183e+03	+0.782
96.800	+1.397e+03	+8.529e+03	+9.066e+03	+0.859
96.900	+2.511e+03	+9.075e+03	+1.035e+04	+0.783
97.000	+1.321e+03	+8.621e+03	+9.398e+03	+0.867
97.100	+2.419e+03	+8.525e+03	+9.958e+03	+0.779
97.200	+1.727e+03	+7.709e+03	+1.082e+04	+0.817
97.300	+1.794e+03	+8.346e+03	+1.085e+04	+0.823
97.400	+2.026e+03	+8.127e+03	+9.824e+03	+0.800
97.500	+1.481e+03	+8.312e+03	+9.865e+03	+0.849
97.600	+1.894e+03	+6.523e+03	+9.849e+03	+0.775
97.700	+2.057e+03	+9.295e+03	+9.922e+03	+0.819
97.800	+1.246e+03	+8.259e+03	+9.348e+03	+0.869
97.900	+3.424e+03	+8.664e+03	+1.011e+04	+0.717
98.000	+1.424e+03	+7.996e+03	+1.019e+04	+0.849
98.100	+2.516e+03	+8.012e+03	+1.029e+04	+0.761
98.200	+2.338e+03	+7.155e+03	+1.187e+04	+0.754
98.300	+2.062e+03	+7.651e+03	+9.247e+03	+0.788
98.400	+2.235e+03	+8.006e+03	+1.017e+04	+0.782
98.500	+2.621e+03	+6.899e+03	+9.777e+03	+0.725
98.600	+5.479e+03	+3.159e+03	+1.063e+04	+0.366
98.700	+5.628e+03	+3.364e+03	+9.979e+03	+0.374
98.800	+4.907e+03	+4.832e+03	+1.006e+04	+0.496
98.900	+6.208e+03	+5.360e+03	+9.635e+03	+0.463
99.000	+4.601e+03	+6.135e+03	+9.843e+03	+0.571
99.100	+5.884e+03	+4.748e+03	+1.028e+04	+0.447
99.200	+5.132e+03	+5.479e+03	+9.598e+03	+0.516
99.300	+3.703e+03	+4.292e+03	+9.133e+03	+0.537
99.400	+4.711e+03	+5.022e+03	+9.465e+03	+0.516
99.500	+5.366e+03	+5.361e+03	+1.062e+04	+0.500
99.600	+4.899e+03	+5.006e+03	+1.102e+04	+0.505
99.700	+5.704e+03	+5.005e+03	+9.651e+03	+0.467
99.800	+4.356e+03	+5.128e+03	+1.148e+04	+0.541
99.900	+5.907e+03	+5.485e+03	+1.099e+04	+0.481
100.000	+4.697e+03	+3.851e+03	+1.058e+04	+0.451
100.100	+4.774e+03	+4.226e+03	+1.071e+04	+0.470
100.200	+6.121e+03	+4.954e+03	+9.312e+03	+0.447
100.300	+4.525e+03	+4.137e+03	+1.062e+04	+0.478
100.400	+4.812e+03	+6.166e+03	+1.089e+04	+0.562
100.500	+5.687e+03	+4.829e+03	+9.522e+03	+0.459
100.600	+5.851e+03	+4.971e+03	+9.997e+03	+0.459
100.700	+5.545e+03	+5.474e+03	+1.021e+04	+0.497
100.800	+4.736e+03	+5.726e+03	+9.708e+03	+0.547
100.900	+4.722e+03	+6.099e+03	+1.022e+04	+0.564
101.000	+6.282e+03	+5.540e+03	+1.001e+04	+0.469
101.100	+4.151e+03	+5.100e+03	+9.060e+03	+0.551
101.200	+4.424e+03	+3.976e+03	+1.010e+04	+0.473
101.300	+4.730e+03	+6.303e+03	+8.385e+03	+0.571
101.400	+4.035e+03	+5.261e+03	+9.881e+03	+0.566
101.500	+5.200e+03	+5.568e+03	+1.105e+04	+0.517
101.600	+4.698e+03	+5.545e+03	+1.009e+04	+0.541
101.700	+5.728e+03	+5.421e+03	+9.033e+03	+0.486
101.800	+4.659e+03	+4.989e+03	+9.724e+03	+0.517
101.900	+5.098e+03	+6.108e+03	+1.135e+04	+0.545
102.000	+4.509e+03	+5.779e+03	+9.450e+03	+0.562
102.100	+4.888e+03	+5.898e+03	+1.022e+04	+0.547
102.200	+6.005e+03	+5.194e+03	+1.033e+04	+0.464
102.300	+4.919e+03	+4.636e+03	+1.107e+04	+0.485
102.400	+5.245e+03	+4.952e+03	+1.036e+04	+0.486
102.500	+4.679e+03	+4.705e+03	+9.967e+03	+0.501
102.600	+6.030e+03	+4.926e+03	+1.022e+04	+0.450
102.700	+5.314e+03	+4.608e+03	+1.070e+04	+0.464
102.800	+4.124e+03	+5.919e+03	+9.820e+03	+0.589
102.900	+5.242e+03	+5.134e+03	+9.677e+03	+0.495
103.000	+5.006e+03	+6.300e+03	+1.021e+04	+0.557
103.100	+4.811e+03	+5.500e+03	+1.061e+04	+0.533
103.200	+5.827e+03	+5.858e+03	+9.684e+03	+0.501
103.300	+5.994e+03	+5.074e+03	+1.026e+04	+0.458
103.400	+5.264e+03	+4.777e+03	+9.660e+03	+0.476
103.500	+4.870e+03	+5.077e+03	+1.009e+04	+0.510
103.600	+5.479e+03	+3.833e+03	+1.033e+04	+0.412
103.700	+5.018e+03	+4.675e+03	+1.036e+04	+0.482
103.800	+4.381e+03	+5.376e+03	+9.687e+03	+0.551
103.900	+4.786e+03	+4.764e+03	+9.971e+03	+0.499
104.000	+4.701e+03	+3.644e+03	+1.066e+04	+0.437
104.100	+5.393e+03	+6.055e+03	+1.059e+04	+0.529
104.200	+4.347e+03	+6.058e+03	+1.036e+04	+0.582
104.300	+4.773e+03	+5.268e+03	+1.057e+04	+0.525
104.400	+4.658e+03	+4.590e+03	+8.655e+03	+0.496
104.500	+5.789e+03	+5.199e+03	+1.030e+04	+0.473
104.600	+6.228e+03	+6.516e+03	+8.729e+03	+0.511
104.700	+4.281e+03	+5.241e+03	+9.505e+03	+0.550
104.800	+5.764e+03	+4.952e+03	+9.155e+03	+0.462
104.900	+6.048e+03	+4.814e+03	+9.217e+03	+0.443
105.000	+4.868e+03	+4.763e+03	+1.058e+04	+0.495
105.100	+3.694e+03	+5.043e+03	+9.558e+03	+0.577
105.200	+6.300e+03	+5.165e+03	+9.144e+03	+0.451
105.300	+5.418e+03	+3.996e+03	+9.303e+03	+0.424
105.400	+5.751e+03	+5.871e+03	+9.820e+03	+0.505
105.500	+4.776e+03	+4.587e+03	+1.145e+04	+0.490
105.600	+5.075e+03	+2.721e+03	+8.840e+03	+0.349
105.700	+5.428e+03	+3.441e+03	+1.055e+04	+0.388
105.800	+4.143e+03	+4.356e+03	+1.067e+04	+0.512
105.900	+2.317e+03	+7.229e+03	+9.136e+03	+0.757
106.000	+1.378e+03	+8.520e+03	+1.003e+04	+0.861
106.100	+2.661e+03	+7.983e+03	+9.557e+03	+0.750
106.200	+2.987e+03	+7.634e+03	+1.047e+04	+0.719
106.300	+1.710e+03	+7.831e+03	+1.075e+04	+0.821
106.400	+1.771e+03	+8.133e+03	+1.008e+04	+0.821
106.500	+1.995e+03	+7.820e+03	+1.070e+04	+0.797
106.600	+3.336e+03	+7.707e+03	+1.083e+04	+0.698
106.700	+2.905e+03	+7.539e+03	+8.250e+03	+0.722
106.800	+1.635e+03	+8.175e+03	+9.553e+03	+0.833
106.900	+1.761e+03	+6.719e+03	+9.619e+03	+0.792
107.000	+1.086e+03	+8.549e+03	+9.342e+03	+0.887
107.100	+2.256e+03	+6.782e+03	+1.026e+04	+0.750
107.200	+1.429e+03	+7.532e+03	+1.086e+04	+0.841
107.300	+2.798e+03	+7.857e+03	+9.828e+03	+0.737
107.400	+2.942e+03	+6.758e+03	+9.397e+03	+0.697
107.500	+2.942e+03	+7.889e+03	+9.421e+03	+0.728
107.600	+1.740e+03	+7.153e+03	+1.000e+04	+0.804
107.700	+1.006e+03	+7.634e+03	+1.004e+04	+0.884
107.800	+7.044e+02	+6.605e+03	+8.403e+03	+0.904
107.900	+4.885e+03	+5.373e+03	+1.011e+04	+0.524
108.000	+5.287e+03	+4.853e+03	+8.744e+03	+0.479
108.100	+5.651e+03	+4.749e+03	+1.088e+04	+0.457
108.200	+4.269e+03	+4.205e+03	+9.210e+03	+0.496
108.300	+5.975e+03	+5.170e+03	+1.179e+04	+0.464
108.400	+4.310e+03	+5.370e+03	+1.014e+04	+0.555
108.500	+4.473e+03	+6.866e+03	+1.038e+04	+0.605
108.600	+5.916e+03	+5.436e+03	+8.852e+03	+0.479
108.700	+5.609e+03	+5.421e+03	+1.091e+04	+0.491
108.800	+4.155e+03	+4.175e+03	+1.029e+04	+0.501
108.900	+3.868e+03	+4.967e+03	+9.644e+03	+0.562
109.000	+5.045e+03	+3.447e+03	+9.482e+03	+0.406
109.100	+5.447e+03	+5.392e+03	+1.038e+04	+0.497
109.200	+5.207e+03	+3.489e+03	+9.757e+03	+0.401
109.300	+5.172e+03	+4.816e+03	+1.041e+04	+0.482
109.400	+3.932e+03	+4.270e+03	+9.684e+03	+0.521
109.500	+4.047e+03	+5.486e+03	+9.348e+03	+0.575
109.600	+6.822e+02	+7.297e+03	+9.855e+03	+0.914
109.700	+3.665e+03	+8.595e+03	+1.015e+04	+0.701
109.800	+1.586e+03	+8.852e+03	+9.115e+03	+0.848
109.900	+1.197e+03	+8.050e+03	+9.874e+03	+0.871
110.000	+3.769e+03	+1.040e+04	+8.256e+03	+0.734
110.100	+8.680e+02	+8.770e+03	+1.040e+04	+0.910
110.200	+2.895e+03	+9.622e+03	+9.146e+03	+0.769
110.300	+1.306e+03	+7.381e+03	+1.191e+04	+0.850
110.400	+7.360e+02	+7.908e+03	+9.946e+03	+0.915
110.500	+7.268e+02	+8.164e+03	+1.018e+04	+0.918
110.600	+1.611e+03	+8.038e+03	+9.972e+03	+0.833
110.700	+1.811e+03	+7.769e+03	+9.030e+03	+0.811
110.800	+1.987e+03	+8.219e+03	+1.063e+04	+0.805
110.900	+1.734e+03	+7.067e+03	+9.012e+03	+0.803
111.000	+2.008e+03	+7.796e+03	+9.722e+03	+0.795
111.100	+2.029e+02	+8.155e+03	+1.009e+04	+0.976
111.200	+2.505e+03	+8.345e+03	+9.293e+03	+0.769
111.300	+2.522e+03	+8.749e+03	+8.952e+03	+0.776
111.400	+2.209e+03	+9.399e+03	+8.896e+03	+0.810
111.500	+2.570e+03	+7.388e+03	+1.057e+04	+0.742
111.600	+2.556e+03	+9.306e+03	+1.100e+04	+0.785
111.700	+3.171e+03	+7.289e+03	+9.044e+03	+0.697
111.800	+1.511e+03	+8.848e+03	+8.260e+03	+0.854
111.900	+1.726e+03	+7.055e+03	+9.281e+03	+0.803
112.000	+2.167e+03	+7.963e+03	+8.747e+03	+0.786
112.100	+3.027e+03	+8.979e+03	+1.034e+04	+0.748
112.200	+2.319e+03	+7.583e+03	+1.078e+04	+0.766
112.300	+1.920e+03	+8.590e+03	+1.020e+04	+0.817
112.400	+3.562e+03	+7.925e+03	+9.930e+03	+0.690
112.500	+1.172e+03	+7.818e+03	+1.194e+04	+0.870
112.600	+1.629e+03	+6.879e+03	+9.980e+03	+0.809
112.700	+2.331e+03	+6.752e+03	+1.062e+04	+0.743
112.800	+4.094e+03	+8.280e+03	+1.022e+04	+0.669
112.900	+3.554e+03	+5.998e+03	+8.385e+03	+0.628
113.000	+4.516e+03	+4.055e+03	+8.210e+03	+0.473
113.100	+5.086e+03	+4.870e+03	+1.066e+04	+0.489
113.200	+4.827e+03	+4.213e+03	+1.000e+04	+0.466
113.300	+4.885e+03	+3.841e+03	+9.927e+03	+0.440
113.400	+5.934e+03	+6.101e+03	+1.056e+04	+0.507
113.500	+4.937e+03	+5.682e+03	+1.053e+04	+0.535
113.600	+5.071e+03	+5.627e+03	+9.970e+03	+0.526
113.700	+5.130e+03	+5.594e+03	+9.303e+03	+0.522
113.800	+4.736e+03	+5.998e+03	+1.017e+04	+0.559
113.900	+4.150e+03	+5.057e+03	+1.009e+04	+0.549
114.000	+5.087e+03	+3.964e+03	+1.168e+04	+0.438
114.100	+2.965e+03	+4.980e+03	+1.066e+04	+0.627
114.200	+5.127e+03	+4.306e+03	+1.033e+04	+0.456
114.300	+5.263e+03	+4.825e+03	+1.034e+04	+0.478
114.400	+6.265e+03	+5.722e+03	+1.073e+04	+0.477
114.500	+4.289e+03	+4.902e+03	+9.848e+03	+0.533
114.600	+4.682e+03	+5.106e+03	+1.117e+04	+0.522
114.700	+5.193e+03	+4.874e+03	+9.328e+03	+0.484
114.800	+5.250e+03	+5.182e+03	+9.026e+03	+0.497
114.900	+4.644e+03	+4.740e+03	+9.571e+03	+0.505
115.000	+4.549e+03	+5.679e+03	+9.198e+03	+0.555
115.100	+2.481e+03	+6.860e+03	+1.029e+04	+0.734
115.200	+1.335e+03	+8.740e+03	+9.043e+03	+0.867
115.300	+4.254e+03	+5.228e+03	+9.158e+03	+0.551
115.400	+4.236e+03	+4.931e+03	+9.908e+03	+0.538
115.500	+4.801e+03	+5.003e+03	+9.453e+03	+0.510
115.600	+5.012e+03	+3.517e+03	+1.060e+04	+0.412
115.700	+4.059e+03	+6.774e+03	+9.910e+03	+0.625
115.800	+1.563e+03	+7.640e+03	+9.114e+03	+0.830
115.900	+2.688e+03	+8.408e+03	+1.046e+04	+0.758
116.000	+2.249e+03	+7.613e+03	+1.028e+04	+0.772
116.100	+1.386e+03	+7.939e+03	+1.001e+04	+0.851
116.200	+2.338e+03	+7.371e+03	+1.054e+04	+0.759
116.300	+1.908e+03	+7.555e+03	+9.529e+03	+0.798
116.400	+2.601e+03	+7.607e+03	+1.005e+04	+0.745
116.500	+1.762e+03	+8.541e+03	+9.850e+03	+0.829
116.600	+4.667e+03	+5.736e+03	+1.008e+04	+0.551
116.700	+4.515e+03	+4.417e+03	+9.900e+03	+0.495
116.800	+4.168e+03	+5.779e+03	+1.007e+04	+0.581
116.900	+4.199e+03	+4.974e+03	+9.476e+03	+0.542
117.000	+4.907e+03	+5.625e+03	+1.107e+04	+0.534
117.100	+4.327e+03	+5.262e+03	+9.948e+03	+0.549
117.200	+4.808e+03	+5.755e+03	+9.191e+03	+0.545
117.300	+5.233e+03	+5.408e+03	+9.397e+03	+0.508
117.400	+4.824e+03	+5.257e+03	+9.148e+03	+0.521
117.500	+3.176e+03	+4.672e+03	+9.626e+03	+0.595
117.600	+5.437e+03	+4.576e+03	+9.943e+03	+0.457
117.700	+4.337e+03	+4.475e+03	+9.821e+03	+0.508
117.800	+4.733e+03	+5.134e+03	+1.024e+04	+0.520
117.900	+5.360e+03	+4.815e+03	+1.034e+04	+0.473
118.000	+6.178e+03	+4.817e+03	+9.752e+03	+0.438
118.100	+5.430e+03	+5.008e+03	+9.707e+03	+0.480
118.200	+5.330e+03	+4.663e+03	+9.862e+03	+0.467
118.300	+4.898e+03	+5.178e+03	+1.042e+04	+0.514
118.400	+2.683e+03	+7.090e+03	+8.403e+03	+0.725
118.500	+1.637e+03	+6.818e+03	+9.940e+03	+0.806
118.600	+2.047e+03	+7.680e+03	+1.028e+04	+0.790
118.700	+1.517e+03	+9.733e+03	+8.735e+03	+0.865
118.800	+9.548e+02	+7.581e+03	+9.842e+03	+0.888
118.900	+1.657e+03	+8.882e+03	+9.087e+03	+0.843
119.000	+2.201e+03	+8.611e+03	+1.007e+04	+0.796
119.100	+4.019e+02	+8.449e+03	+1.033e+04	+0.955
119.200	+1.651e+03	+6.909e+03	+1.152e+04	+0.807
119.300	+1.418e+03	+8.454e+03	+9.297e+03	+0.856
119.400	+1.723e+03	+7.648e+03	+9.829e+03	+0.816
119.500	+2.233e+03	+7.227e+03	+9.731e+03	+0.764
119.600	+1.566e+03	+6.894e+03	+9.909e+03	+0.815
119.700	+3.119e+03	+9.041e+03	+1.083e+04	+0.744
119.800	+1.559e+03	+8.004e+03	+1.031e+04	+0.837
119.900	+2.633e+03	+8.327e+03	+1.042e+04	+0.760
120.000	+1.491e+03	+7.429e+03	+1.029e+04	+0.833
120.100	+2.206e+03	+7.428e+03	+9.239e+03	+0.771
120.200	+1.059e+03	+8.608e+03	+9.168e+03	+0.890
120.300	+8.851e+02	+7.958e+03	+1.050e+04	+0.900
120.400	+1.595e+03	+7.687e+03	+1.111e+04	+0.828
120.500	+2.296e+03	+8.239e+03	+9.588e+03	+0.782
120.600	+6.565e+02	+8.043e+03	+1.012e+04	+0.925
120.700	+2.106e+03	+8.810e+03	+9.679e+03	+0.807
120.800	+1.222e+03	+8.401e+03	+1.037e+04	+0.873
120.900	+2.407e+03	+7.592e+03	+1.041e+04	+0.759
121.000	+1.225e+03	+8.808e+03	+9.556e+03	+0.878
121.100	+2.410e+03	+8.872e+03	+8.987e+03	+0.786
121.200	+3.063e+03	+7.308e+03	+1.064e+04	+0.705
121.300	+5.101e+03	+3.854e+03	+9.666e+03	+0.430
121.400	+4.977e+03	+5.135e+03	+8.961e+03	+0.508
121.500	+5.069e+03	+5.214e+03	+8.408e+03	+0.507
121.600	+4.339e+03	+4.589e+03	+1.039e+04	+0.514
121.700	+5.472e+03	+4.219e+03	+9.522e+03	+0.435
121.800	+6.217e+03	+4.912e+03	+1.026e+04	+0.441
121.900	+4.664e+03	+4.300e+03	+9.814e+03	+0.480
122.000	+5.047e+03	+4.685e+03	+8.581e+03	+0.481
122.100	+4.770e+03	+4.028e+03	+9.249e+03	+0.458
122.200	+5.189e+03	+5.205e+03	+8.883e+03	+0.501
122.300	+5.047e+03	+4.458e+03	+9.967e+03	+0.469
122.400	+5.291e+03	+5.011e+03	+1.017e+04	+0.486
122.500	+4.734e+03	+5.489e+03	+1.138e+04	+0.537
122.600	+6.419e+03	+6.215e+03	+1.042e+04	+0.492
122.700	+4.749e+03	+6.121e+03	+9.534e+03	+0.563
122.800	+6.266e+03	+4.158e+03	+1.049e+04	+0.399
122.900	+2.682e+03	+7.066e+03	+1.030e+04	+0.725
123.000	+2.603e+03	+9.001e+03	+1.156e+04	+0.776
123.100	+2.070e+03	+7.544e+03	+1.037e+04	+0.785
123.200	+3.161e+03	+8.462e+03	+8.722e+03	+0.728
123.300	+1.940e+03	+8.568e+03	+8.741e+03	+0.815
123.400	+1.959e+03	+7.973e+03	+9.597e+03	+0.803
123.500	+1.848e+03	+8.460e+03	+9.306e+03	+0.821
123.600	+2.397e+03	+8.390e+03	+1.151e+04	+0.778
123.700	+1.899e+03	+7.563e+03	+9.937e+03	+0.799
123.800	+3.362e+03	+7.516e+03	+9.417e+03	+0.691
123.900	+2.514e+03	+7.501e+03	+1.006e+04	+0.749
124.000	+3.791e+03	+8.770e+03	+1.056e+04	+0.698
124.100	+2.169e+03	+9.215e+03	+1.150e+04	+0.809
124.200	+1.862e+03	+7.407e+03	+9.806e+03	+0.799
124.300	+1.685e+03	+7.638e+03	+1.027e+04	+0.819
124.400	+1.298e+03	+8.691e+03	+8.833e+03	+0.870
124.500	+4.158e+03	+7.005e+03	+9.751e+03	+0.628
124.600	+5.281e+03	+4.738e+03	+1.103e+04	+0.473
124.700	+3.140e+03	+8.532e+03	+9.899e+03	+0.731
124.800	+1.767e+03	+7.010e+03	+9.755e+03	+0.799
124.900	+3.937e+03	+3.924e+03	+8.868e+03	+0.499
125.000	+6.638e+03	+5.896e+03	+1.127e+04	+0.470
125.100	+5.827e+03	+6.724e+03	+1.047e+04	+0.536
125.200	+4.300e+03	+5.609e+03	+1.023e+04	+0.566
125.300	+5.036e+03	+5.177e+03	+9.320e+03	+0.507
125.400	+6.376e+03	+4.265e+03	+1.100e+04	+0.401
125.500	+5.676e+03	+3.585e+03	+1.022e+04	+0.387
125.600	+5.900e+03	+5.701e+03	+9.345e+03	+0.491
125.700	+2.744e+03	+6.489e+03	+9.587e+03	+0.703
125.800	+2.121e+03	+6.942e+03	+8.913e+03	+0.766
125.900	+1.663e+03	+7.975e+03	+9.131e+03	+0.827
126.000	+2.138e+03	+7.941e+03	+9.672e+03	+0.788
126.100	+2.471e+03	+7.940e+03	+1.047e+04	+0.763
126.200	+2.636e+03	+7.913e+03	+9.708e+03	+0.750
126.300	+8.474e+02	+8.213e+03	+1.046e+04	+0.906
126.400	+2.213e+03	+7.288e+03	+9.534e+03	+0.767
126.500	+2.067e+03	+8.171e+03	+1.014e+04	+0.798
126.600	+1.864e+03	+7.798e+03	+9.793e+03	+0.807
126.700	+1.432e+03	+9.155e+03	+9.960e+03	+0.865
126.800	+3.370e+03	+7.266e+03	+1.049e+04	+0.683
126.900	+5.344e+03	+4.080e+03	+1.016e+04	+0.433
127.000	+4.598e+03	+5.269e+03	+1.011e+04	+0.534
127.100	+5.788e+03	+3.834e+03	+1.082e+04	+0.398
127.200	+5.636e+03	+4.454e+03	+8.797e+03	+0.441
127.300	+4.596e+03	+4.431e+03	+8.235e+03	+0.491
127.400	+3.561e+03	+5.054e+03	+1.041e+04	+0.587
127.500	+5.850e+03	+5.672e+03	+9.159e+03	+0.492
127.600	+6.297e+03	+4.230e+03	+1.035e+04	+0.402
127.700	+5.433e+03	+4.651e+03	+1.009e+04	+0.461
127.800	+6.544e+03	+4.622e+03	+9.266e+03	+0.414
127.900	+3.634e+03	+5.939e+03	+9.696e+03	+0.620
128.000	+1.364e+03	+7.094e+03	+9.858e+03	+0.839
128.100	+2.184e+03	+8.657e+03	+1.077e+04	+0.799
128.200	+2.023e+03	+8.133e+03	+1.219e+04	+0.801
128.300	+1.947e+03	+8.261e+03	+9.481e+03	+0.809
128.400	+1.216e+03	+8.451e+03	+8.903e+03	+0.874
128.500	+1.417e+03	+7.106e+03	+9.330e+03	+0.834
128.600	+1.802e+03	+7.252e+03	+1.068e+04	+0.801
128.700	+2.491e+03	+7.393e+03	+8.790e+03	+0.748
128.800	+2.453e+03	+8.386e+03	+8.728e+03	+0.774
128.900	+2.522e+03	+7.898e+03	+9.934e+03	+0.758
129.000	+6.020e+03	+6.475e+03	+8.826e+03	+0.518
129.100	+5.111e+03	+5.984e+03	+1.047e+04	+0.539
129.200	+1.943e+03	+7.735e+03	+1.040e+04	+0.799
129.300	+1.747e+03	+7.720e+03	+9.565e+03	+0.815
129.400	+1.997e+03	+8.116e+03	+9.741e+03	+0.803
129.500	+1.553e+03	+7.201e+03	+9.287e+03	+0.823
129.600	+3.187e+03	+7.077e+03	+9.143e+03	+0.690
129.700	+2.624e+03	+8.100e+03	+9.230e+03	+0.755
129.800	+2.390e+03	+8.596e+03	+9.333e+03	+0.782
129.900	+1.611e+03	+7.681e+03	+9.815e+03	+0.827
130.000	+1.713e+03	+8.066e+03	+9.531e+03	+0.825
130.100	+2.894e+03	+9.351e+03	+9.580e+03	+0.764
130.200	+3.148e+03	+9.209e+03	+1.019e+04	+0.745
130.300	+1.812e+03	+8.072e+03	+1.060e+04	+0.817
130.400	+2.807e+03	+8.170e+03	+1.110e+04	+0.744
130.500	+2.213e+03	+7.692e+03	+9.922e+03	+0.777
130.600	+1.874e+03	+6.999e+03	+9.639e+03	+0.789
130.700	+1.504e+02	+7.622e+03	+1.083e+04	+0.981
130.800	+2.747e+03	+8.362e+03	+1.022e+04	+0.753
130.900	+2.290e+03	+7.163e+03	+1.042e+04	+0.758
131.000	+1.577e+03	+7.224e+03	+9.323e+03	+0.821
131.100	+5.005e+03	+5.353e+03	+1.058e+04	+0.517
131.200	+4.930e+03	+5.531e+03	+1.001e+04	+0.529
131.300	+4.718e+03	+4.867e+03	+1.013e+04	+0.508
131.400	+5.462e+03	+3.773e+03	+9.413e+03	+0.409
131.500	+7.024e+03	+5.667e+03	+1.125e+04	+0.447
131.600	+5.164e+03	+4.309e+03	+9.394e+03	+0.455
131.700	+3.923e+03	+4.314e+03	+9.491e+03	+0.524
131.800	+5.131e+03	+4.354e+03	+9.571e+03	+0.459
131.900	+1.419e+03	+8.002e+03	+9.602e+03	+0.849
132.000	+3.289e+03	+9.335e+03	+1.032e+04	+0.739
132.100	+2.039e+03	+8.625e+03	+9.742e+03	+0.809
132.200	+1.958e+03	+7.612e+03	+1.006e+04	+0.795
132.300	+2.545e+03	+8.715e+03	+1.079e+04	+0.774
132.400	+1.532e+03	+8.031e+03	+9.550e+03	+0.840
132.500	+2.749e+03	+7.105e+03	+9.400e+03	+0.721
132.600	+3.621e+03	+6.981e+03	+9.985e+03	+0.658
132.700	+1.963e+03	+7.396e+03	+8.793e+03	+0.790
132.800	+1.708e+03	+7.848e+03	+1.027e+04	+0.821
132.900	+2.514e+03	+8.012e+03	+1.049e+04	+0.761
133.000	+2.793e+03	+7.069e+03	+1.092e+04	+0.717
133.100	+1.346e+03	+8.471e+03	+9.280e+03	+0.863
133.200	+1.160e+03	+7.733e+03	+1.017e+04	+0.870
133.300	+2.608e+03	+7.207e+03	+1.049e+04	+0.734
133.400	+2.758e+03	+8.830e+03	+9.373e+03	+0.762
133.500	+4.862e+03	+3.879e+03	+1.098e+04	+0.444
133.600	+5.624e+03	+4.682e+03	+9.583e+03	+0.454
133.700	+6.738e+03	+3.410e+03	+1.007e+04	+0.336
133.800	+8.469e+03	+1.405e+03	+9.077e+03	+0.142
133.900	+7.820e+03	+2.451e+03	+9.648e+03	+0.239
134.000	+8.295e+03	+3.032e+03	+1.045e+04	+0.268
134.100	+6.677e+03	+3.161e+03	+9.319e+03	+0.321
134.200	+6.701e+03	+3.182e+03	+9.475e+03	+0.322
134.300	+8.996e+03	+1.928e+03	+1.005e+04	+0.177
134.400	+7.508e+03	+2.107e+03	+1.078e+04	+0.219
134.500	+7.371e+03	+2.093e+03	+9.741e+03	+0.221
134.600	+8.218e+03	+3.353e+03	+1.018e+04	+0.290
134.700	+7.433e+03	+2.221e+03	+1.006e+04	+0.230
134.800	+6.546e+03	+3.564e+03	+1.047e+04	+0.353
134.900	+8.260e+03	+3.618e+03	+8.803e+03	+0.305
135.000	+7.837e+03	+2.383e+03	+9.794e+03	+0.233
135.100	+6.248e+03	+5.399e+02	+1.122e+04	+0.080
135.200	+7.059e+03	+3.021e+03	+9.921e+03	+0.300
135.300	+7.431e+03	+1.045e+03	+1.164e+04	+0.123
135.400	+7.470e+03	+2.768e+03	+1.125e+04	+0.270
135.500	+8.425e+03	+3.971e+03	+9.821e+03	+0.320
135.600	+6.371e+03	+4.165e+03	+9.267e+03	+0.395
135.700	+6.605e+03	+2.688e+03	+1.007e+04	+0.289
135.800	+6.965e+03	+2.904e+03	+1.037e+04	+0.294
135.900	+6.317e+03	+1.259e+03	+8.873e+03	+0.166
136.000	+8.319e+03	+2.402e+03	+8.943e+03	+0.224
136.100	+7.873e+03	+2.799e+03	+1.029e+04	+0.262
136.200	+7.388e+03	+3.574e+03	+9.233e+03	+0.326
136.300	+7.501e+03	+2.984e+03	+9.624e+03	+0.285
136.400	+7.067e+03	+8.482e+02	+1.124e+04	+0.107
136.500	+8.468e+03	+2.535e+03	+1.091e+04	+0.230
136.600	+8.101e+03	+2.694e+03	+8.851e+03	+0.250
136.700	+7.599e+03	+2.718e+03	+1.036e+04	+0.263
136.800	+6.613e+03	+1.393e+03	+1.107e+04	+0.174
136.900	+7.946e+03	+2.336e+03	+1.119e+04	+0.227
137.000	+8.629e+03	+2.072e+03	+1.056e+04	+0.194
137.100	+6.647e+03	+2.611e+03	+1.071e+04	+0.282
137.200	+7.688e+03	+1.602e+03	+1.086e+04	+0.172
137.300	+6.977e+03	+2.927e+03	+1.026e+04	+0.296
137.400	+6.573e+03	+3.004e+03	+9.618e+03	+0.314
137.500	+7.253e+03	+2.919e+03	+1.027e+04	+0.287
137.600	+8.230e+03	+2.372e+03	+1.052e+04	+0.224
137.700	+7.427e+03	+1.415e+03	+9.411e+03	+0.160
137.800	+6.109e+03	+2.507e+03	+1.117e+04	+0.291
137.900	+6.608e+03	+2.727e+03	+9.204e+03	+0.292
138.000	+6.115e+03	+2.621e+03	+1.062e+04	+0.300
138.100	+6.763e+03	+2.182e+03	+1.020e+04	+0.244
138.200	+8.002e+03	+1.904e+03	+1.023e+04	+0.192
138.300	+6.544e+03	+2.131e+03	+1.082e+04	+0.246
138.400	+6.196e+03	+2.302e+03	+9.603e+03	+0.271
138.500	+7.915e+03	+2.798e+03	+9.799e+03	+0.261
138.600	+6.621e+03	+1.513e+03	+1.133e+04	+0.186
138.700	+7.880e+03	+3.353e+03	+9.914e+03	+0.299
138.800	+6.504e+03	+1.992e+03	+1.202e+04	+0.234
138.900	+6.157e+03	+2.265e+03	+1.079e+04	+0.269
139.000	+7.139e+03	+1.893e+03	+9.815e+03	+0.210
139.100	+8.313e+03	+1.708e+03	+9.875e+03	+0.170
139.200	+6.686e+03	+2.380e+03	+9.813e+03	+0.263
139.300	+8.493e+03	+2.147e+03	+1.065e+04	+0.202
139.400	+6.975e+03	+3.320e+03	+9.410e+03	+0.323
139.500	+6.519e+03	+3.196e+03	+9.706e+03	+0.329
139.600	+6.661e+03	+2.126e+03	+1.067e+04	+0.242
139.700	+6.928e+03	+1.753e+03	+9.998e+03	+0.202
139.800	+7.621e+03	+2.173e+03	+9.355e+03	+0.222
139.900	+7.484e+03	+3.849e+03	+9.820e+03	+0.340
140.000	+7.598e+03	+2.707e+03	+9.041e+03	+0.263
140.100	+8.493e+03	+2.542e+03	+1.020e+04	+0.230
140.200	+6.778e+03	+3.114e+03	+8.307e+03	+0.315
140.300	+6.559e+03	+2.060e+03	+1.072e+04	+0.239
140.400	+6.592e+03	+9.426e+02	+1.031e+04	+0.125
140.500	+6.962e+03	+3.605e+03	+9.378e+03	+0.341
140.600	+7.408e+03	+2.126e+03	+1.080e+04	+0.223
140.700	+6.931e+03	+4.139e+03	+1.067e+04	+0.374
140.800	+7.650e+03	+1.542e+03	+1.065e+04	+0.168
140.900	+8.052e+03	+2.288e+03	+8.976e+03	+0.221
141.000	+7.483e+03	+2.401e+03	+9.600e+03	+0.243
141.100	+6.276e+03	+1.823e+03	+1.017e+04	+0.225
141.200	+7.503e+03	+3.087e+03	+1.090e+04	+0.291
141.300	+7.528e+03	+2.901e+03	+9.990e+03	+0.278
141.400	+7.918e+03	+3.155e+03	+1.010e+04	+0.285
141.500	+8.644e+03	+1.923e+03	+1.023e+04	+0.182
141.600	+7.789e+03	+1.272e+03	+1.001e+04	+0.140
141.700	+7.636e+03	+2.466e+03	+1.019e+04	+0.244
141.800	+6.451e+03	+1.429e+03	+1.133e+04	+0.181
141.900	+6.304e+03	+2.368e+03	+9.315e+03	+0.273
142.000	+7.686e+03	+2.462e+03	+1.026e+04	+0.243
142.100	+7.962e+03	+2.483e+03	+8.715e+03	+0.238
142.200	+7.651e+03	+1.774e+03	+8.251e+03	+0.188
142.300	+7.464e+03	+2.173e+03	+1.123e+04	+0.226
142.400	+6.943e+03	+9.361e+02	+1.047e+04	+0.119
142.500	+7.002e+03	+2.179e+03	+1.041e+04	+0.237
142.600	+8.525e+03	+3.187e+03	+1.036e+04	+0.272
142.700	+8.982e+03	+1.614e+03	+9.565e+03	+0.152
142.800	+7.860e+03	+3.259e+03	+1.140e+04	+0.293
142.900	+6.599e+03	+3.681e+03	+1.023e+04	+0.358
143.000	+6.734e+03	+1.369e+03	+1.136e+04	+0.169
143.100	+6.615e+03	+3.703e+03	+1.042e+04	+0.359
143.200	+7.316e+03	+2.682e+03	+1.109e+04	+0.268
143.300	+7.860e+03	+1.805e+03	+9.606e+03	+0.187
143.400	+8.100e+03	+1.289e+03	+1.094e+04	+0.137
143.500	+7.762e+03	+1.500e+03	+1.018e+04	+0.162
143.600	+7.129e+03	+2.971e+03	+9.685e+03	+0.294
143.700	+7.920e+03	+7.278e+02	+9.900e+03	+0.084
143.800	+6.453e+03	+2.054e+03	+9.612e+03	+0.241
143.900	+7.291e+03	+2.773e+03	+9.201e+03	+0.276
144.000	+7.833e+03	+7.832e+02	+1.064e+04	+0.091
144.100	+7.905e+03	+1.166e+03	+9.784e+03	+0.129
144.200	+6.091e+03	+2.452e+03	+1.018e+04	+0.287
144.300	+7.261e+03	+1.943e+03	+9.879e+03	+0.211
144.400	+8.394e+03	+1.774e+03	+9.751e+03	+0.174
144.500	+5.452e+03	+1.378e+03	+1.052e+04	+0.202
144.600	+7.177e+03	+1.379e+03	+8.996e+03	+0.161
144.700	+8.509e+03	+2.397e+03	+1.020e+04	+0.220
144.800	+8.213e+03	+3.928e+03	+9.205e+03	+0.324
144.900	+8.264e+03	+2.819e+03	+9.786e+03	+0.254
145.000	+7.714e+03	+1.424e+03	+1.046e+04	+0.156
145.100	+7.687e+03	+3.296e+03	+1.125e+04	+0.300
145.200	+7.783e+03	+3.826e+03	+9.932e+03	+0.330
145.300	+7.525e+03	+2.191e+03	+9.680e+03	+0.225
145.400	+8.116e+03	+1.928e+03	+1.093e+04	+0.192
145.500	+6.620e+03	+2.156e+03	+1.102e+04	+0.246
145.600	+8.031e+03	+2.617e+03	+1.002e+04	+0.246
145.700	+8.117e+03	+1.573e+03	+1.017e+04	+0.162
145.800	+7.807e+03	+3.067e+03	+1.019e+04	+0.282
145.900	+7.753e+03	+2.413e+03	+1.085e+04	+0.237
146.000	+7.173e+03	+3.127e+03	+8.755e+03	+0.304
146.100	+6.709e+03	+2.350e+03	+1.052e+04	+0.259
146.200	+7.671e+03	+2.378e+03	+1.012e+04	+0.237
146.300	+7.869e+03	+2.294e+03	+9.250e+03	+0.226
146.400	+7.568e+03	+3.840e+03	+8.974e+03	+0.337
146.500	+8.292e+03	+2.842e+03	+1.001e+04	+0.255
146.600	+7.042e+03	+2.570e+03	+1.029e+04	+0.267
146.700	+7.334e+03	+2.996e+03	+9.676e+03	+0.290
146.800	+8.319e+03	+9.701e+02	+9.098e+03	+0.104
146.900	+8.612e+03	+1.470e+03	+9.316e+03	+0.146
147.000	+7.415e+03	+7.427e+02	+1.112e+04	+0.091
147.100	+7.917e+03	+2.413e+03	+1.056e+04	+0.234
147.200	+7.398e+03	+3.057e+03	+9.636e+03	+0.292
147.300	+6.983e+03	+2.164e+03	+9.549e+03	+0.237
147.400	+8.117e+03	+2.902e+03	+1.024e+04	+0.263
147.500	+8.238e+03	+3.400e+03	+1.034e+04	+0.292
147.600	+8.455e+03	+2.197e+03	+9.821e+03	+0.206
147.700	+6.646e+03	+2.325e+03	+1.009e+04	+0.259
147.800	+8.196e+03	+2.895e+03	+1.083e+04	+0.261
147.900	+8.205e+03	+3.455e+03	+9.797e+03	+0.296
148.000	+7.255e+03	+2.055e+03	+9.613e+03	+0.221
148.100	+5.907e+03	+2.303e+03	+8.695e+03	+0.280
148.200	+7.049e+03	+2.796e+03	+9.487e+03	+0.284
148.300	+7.476e+03	+1.144e+03	+9.366e+03	+0.133
148.400	+6.834e+03	+2.568e+03	+9.816e+03	+0.273
148.500	+7.156e+03	+3.763e+03	+9.672e+03	+0.345
148.600	+7.570e+03	+1.842e+03	+9.316e+03	+0.196
148.700	+8.183e+03	+2.265e+03	+8.576e+03	+0.217
148.800	+7.078e+03	+2.156e+03	+1.048e+04	+0.233
148.900	+7.983e+03	+3.113e+03	+9.839e+03	+0.281
149.000	+7.510e+03	+2.710e+03	+1.060e+04	+0.265
149.100	+7.212e+03	+2.005e+03	+1.052e+04	+0.218
149.200	+6.334e+03	+3.580e+03	+1.096e+04	+0.361
149.300	+7.650e+03	+3.455e+03	+1.118e+04	+0.311
149.400	+6.890e+03	+1.125e+03	+1.044e+04	+0.140
149.500	+7.528e+03	+2.661e+03	+9.777e+03	+0.261
149.600	+7.471e+03	+3.320e+03	+1.055e+04	+0.308
149.700	+7.396e+03	+2.234e+03	+1.031e+04	+0.232
149.800	+6.476e+03	+3.367e+03	+1.020e+04	+0.342
149.900	+8.303e+03	+1.341e+03	+8.991e+03	+0.139
150.000	+8.638e+03	+2.601e+03	+1.005e+04	+0.231
150.100	+7.667e+03	+3.388e+03	+1.000e+04	+0.306
150.200	+7.639e+03	+1.991e+03	+1.020e+04	+0.207
150.300	+8.457e+03	+3.781e+03	+9.458e+03	+0.309
150.400	+8.651e+03	+2.801e+03	+9.188e+03	+0.245
150.500	+6.523e+03	+2.272e+03	+1.013e+04	+0.258
150.600	+8.151e+03	+3.485e+03	+9.743e+03	+0.300
150.700	+7.541e+03	+1.719e+03	+1.137e+04	+0.186
150.800	+7.066e+03	+2.124e+03	+9.603e+03	+0.231
150.900	+7.516e+03	+3.735e+03	+9.773e+03	+0.332
151.000	+7.405e+03	+2.546e+03	+1.055e+04	+0.256
151.100	+7.910e+03	+1.929e+03	+1.072e+04	+0.196
151.200	+8.267e+03	+3.003e+03	+9.595e+03	+0.266
151.300	+7.073e+03	+3.285e+03	+1.073e+04	+0.317
151.400	+6.168e+03	+2.011e+03	+1.047e+04	+0.246
151.500	+6.196e+03	+1.639e+03	+9.963e+03	+0.209
151.600	+7.224e+03	+2.244e+03	+1.109e+04	+0.237
151.700	+7.405e+03	+2.179e+03	+9.341e+03	+0.227
151.800	+7.566e+03	+2.142e+03	+1.018e+04	+0.221
151.900	+6.986e+03	+1.682e+03	+1.098e+04	+0.194
152.000	+7.542e+03	+2.883e+03	+1.113e+04	+0.277
152.100	+7.302e+03	+2.115e+03	+9.609e+03	+0.225
152.200	+7.781e+03	+2.405e+03	+1.138e+04	+0.236
152.300	+6.757e+03	+3.737e+03	+8.630e+03	+0.356
152.400	+7.016e+03	+3.243e+03	+9.728e+03	+0.316
152.500	+7.550e+03	+1.381e+03	+1.145e+04	+0.155
152.600	+8.693e+03	+2.710e+03	+9.269e+03	+0.238
152.700	+8.278e+03	+8.944e+02	+9.253e+03	+0.098
152.800	+8.499e+03	+1.775e+03	+1.060e+04	+0.173
152.900	+7.869e+03	+1.851e+03	+9.839e+03	+0.190
153.000	+6.310e+03	+2.824e+03	+1.058e+04	+0.309
153.100	+7.746e+03	+2.514e+03	+9.502e+03	+0.245
153.200	+7.792e+03	+1.551e+03	+1.104e+04	+0.166
153.300	+7.560e+03	+1.787e+03	+8.779e+03	+0.191
153.400	+6.813e+03	+1.982e+03	+1.043e+04	+0.225
153.500	+7.627e+03	+2.228e+03	+9.498e+03	+0.226
153.600	+7.113e+03	+2.602e+03	+9.253e+03	+0.268
153.700	+8.140e+03	+3.247e+03	+1.008e+04	+0.285
153.800	+7.836e+03	+2.744e+03	+8.969e+03	+0.259
153.900	+7.393e+03	+1.738e+03	+1.094e+04	+0.190
154.000	+8.844e+03	+1.075e+03	+1.000e+04	+0.108
154.100	+7.486e+03	+2.493e+03	+1.071e+04	+0.250
154.200	+6.552e+03	+2.553e+03	+1.039e+04	+0.280
154.300	+7.545e+03	+1.135e+03	+9.693e+03	+0.131
154.400	+7.639e+03	+3.014e+03	+9.098e+03	+0.283
154.500	+7.090e+03	+3.502e+03	+1.005e+04	+0.331
154.600	+7.952e+03	+3.133e+03	+9.278e+03	+0.283
154.700	+7.772e+03	+2.551e+03	+9.527e+03	+0.247
154.800	+6.991e+03	+1.344e+03	+9.683e+03	+0.161
154.900	+7.580e+03	+2.730e+03	+1.079e+04	+0.265
155.000	+7.250e+03	+3.645e+03	+9.946e+03	+0.335
155.100	+7.963e+03	+2.500e+03	+8.678e+03	+0.239
155.200	+7.025e+03	+1.950e+03	+1.032e+04	+0.217
155.300	+7.789e+03	+1.948e+03	+9.013e+03	+0.200
155.400	+8.152e+03	+2.158e+03	+8.752e+03	+0.209
155.500	+7.784e+03	+2.285e+03	+1.055e+04	+0.227
155.600	+7.250e+03	+2.093e+03	+1.003e+04	+0.224
155.700	+7.398e+03	+2.677e+03	+1.032e+04	+0.266
155.800	+7.212e+03	+1.993e+03	+1.024e+04	+0.216
155.900	+8.792e+03	+1.522e+03	+8.917e+03	+0.148
156.000	+6.637e+03	+3.854e+03	+9.720e+03	+0.367
156.100	+8.409e+03	+2.646e+03	+9.817e+03	+0.239
156.200	+6.650e+03	+2.356e+03	+9.647e+03	+0.262
156.300	+7.386e+03	+3.021e+03	+1.051e+04	+0.290
156.400	+6.906e+03	+2.444e+03	+1.110e+04	+0.261
156.500	+6.869e+03	+2.224e+03	+1.017e+04	+0.245
156.600	+7.258e+03	+3.005e+03	+9.491e+03	+0.293
156.700	+7.041e+03	+2.761e+03	+9.258e+03	+0.282
156.800	+6.653e+03	+2.368e+03	+1.063e+04	+0.262
156.900	+8.158e+03	+1.603e+03	+1.042e+04	+0.164
157.000	+7.909e+03	+2.085e+03	+9.770e+03	+0.209
157.100	+6.997e+03	+3.640e+02	+9.330e+03	+0.049
157.200	+7.458e+03	+2.975e+03	+1.132e+04	+0.285
157.300	+7.082e+03	+2.656e+03	+1.006e+04	+0.273
157.400	+7.263e+03	+2.368e+03	+8.435e+03	+0.246
157.500	+7.853e+03	+2.639e+03	+8.943e+03	+0.252
157.600	+8.240e+03	+2.758e+03	+1.077e+04	+0.251
157.700	+7.376e+03	+2.372e+03	+1.007e+04	+0.243
157.800	+7.316e+03	+1.567e+03	+9.908e+03	+0.176
157.900	+7.340e+03	+2.466e+03	+8.542e+03	+0.251
158.000	+6.997e+03	+2.564e+03	+1.058e+04	+0.268
158.100	+6.003e+03	+6.297e+02	+9.099e+03	+0.095
158.200	+7.153e+03	+1.022e+03	+1.104e+04	+0.125
158.300	+6.964e+03	+2.517e+03	+9.464e+03	+0.265
158.400	+7.570e+03	+1.783e+03	+8.601e+03	+0.191
158.500	+7.692e+03	+2.930e+03	+1.064e+04	+0.276
158.600	+7.349e+03	+2.248e+03	+9.771e+03	+0.234
158.700	+8.071e+03	+1.961e+03	+9.391e+03	+0.196
158.800	+6.911e+03	+3.237e+03	+9.266e+03	+0.319
158.900	+7.292e+03	+2.495e+03	+9.801e+03	+0.255
159.000	+7.055e+03	+1.388e+03	+9.856e+03	+0.164
159.100	+7.532e+03	+2.328e+03	+1.055e+04	+0.236
159.200	+6.945e+03	+2.820e+03	+9.375e+03	+0.289
159.300	+8.518e+03	+4.132e+03	+1.136e+04	+0.327
159.400	+6.433e+03	+2.434e+03	+1.057e+04	+0.275
159.500	+8.772e+03	+1.450e+03	+1.041e+04	+0.142
159.600	+6.844e+03	+2.655e+03	+9.595e+03	+0.280
159.700	+8.315e+03	+1.854e+03	+1.065e+04	+0.182
159.800	+7.239e+03	+2.244e+03	+9.681e+03	+0.237
159.900	+7.543e+03	+2.688e+03	+9.760e+03	+0.263
160.000	+6.747e+03	+3.038e+03	+9.717e+03	+0.310
160.100	+7.482e+03	+2.631e+03	+9.445e+03	+0.260
160.200	+8.285e+03	+1.948e+03	+9.746e+03	+0.190
160.300	+7.534e+03	+3.102e+03	+9.211e+03	+0.292
160.400	+7.708e+03	+2.421e+03	+1.059e+04	+0.239
160.500	+7.103e+03	+2.660e+03	+9.638e+03	+0.272
160.600	+7.743e+03	+2.352e+03	+1.015e+04	+0.233
160.700	+7.475e+03	+1.924e+03	+1.147e+04	+0.205
160.800	+7.497e+03	+4.155e+03	+8.675e+03	+0.357
160.900	+6.965e+03	+2.279e+03	+8.337e+03	+0.247
161.000	+7.446e+03	+2.307e+03	+1.050e+04	+0.237
161.100	+7.038e+03	+2.293e+03	+1.008e+04	+0.246
161.200	+7.338e+03	+2.857e+03	+1.059e+04	+0.280
161.300	+8.023e+03	+3.867e+03	+9.758e+03	+0.325
161.400	+8.418e+03	+1.751e+03	+1.103e+04	+0.172
161.500	+7.839e+03	+2.799e+03	+9.298e+03	+0.263
161.600	+8.128e+03	+3.570e+03	+1.006e+04	+0.305
161.700	+8.070e+03	+2.041e+03	+9.912e+03	+0.202
161.800	+8.224e+03	+2.055e+03	+1.068e+04	+0.200
161.900	+7.773e+03	+3.265e+03	+9.711e+03	+0.296
162.000	+7.932e+03	+2.455e+03	+9.980e+03	+0.236
162.100	+8.266e+03	+5.277e+02	+9.123e+03	+0.060
162.200	+7.949e+03	+3.206e+03	+1.022e+04	+0.287
162.300	+8.022e+03	+3.797e+03	+9.163e+03	+0.321
162.400	+7.094e+03	+2.888e+03	+9.107e+03	+0.289
162.500	+7.276e+03	+1.675e+03	+1.030e+04	+0.187
162.600	+6.553e+03	+2.276e+03	+9.418e+03	+0.258
162.700	+8.258e+03	+2.723e+03	+9.859e+03	+0.248
162.800	+8.119e+03	+2.304e+03	+1.163e+04	+0.221
162.900	+7.234e+03	+2.474e+03	+9.304e+03	+0.255
163.000	+7.464e+03	+3.354e+03	+1.109e+04	+0.310
163.100	+5.657e+03	+2.191e+03	+9.634e+03	+0.279
163.200	+7.531e+03	+3.030e+03	+8.973e+03	+0.287
163.300	+6.494e+03	+2.233e+03	+9.701e+03	+0.256
163.400	+7.037e+03	+2.899e+03	+9.955e+03	+0.292
163.500	+7.474e+03	+4.574e+02	+1.158e+04	+0.058
163.600	+8.048e+03	+2.879e+03	+9.224e+03	+0.263
163.700	+8.206e+03	+3.038e+03	+9.288e+03	+0.270
163.800	+7.225e+03	+3.227e+03	+1.025e+04	+0.309
163.900	+7.102e+03	+2.095e+03	+9.913e+03	+0.228
164.000	+6.975e+03	+2.105e+03	+1.006e+04	+0.232
164.100	+6.986e+03	+3.168e+03	+9.989e+03	+0.312
164.200	+7.556e+03	+3.380e+03	+1.034e+04	+0.309
164.300	+6.341e+03	+3.006e+03	+9.292e+03	+0.322
164.400	+8.255e+03	+2.437e+03	+9.598e+03	+0.228
164.500	+7.819e+03	+3.716e+03	+8.857e+03	+0.322
164.600	+6.841e+03	+1.985e+03	+9.686e+03	+0.225
164.700	+6.623e+03	+3.414e+03	+1.022e+04	+0.340
164.800	+4.571e+03	+5.311e+03	+8.740e+03	+0.537
164.900	+4.650e+03	+4.870e+03	+1.077e+04	+0.512
165.000	+4.593e+03	+4.611e+03	+9.986e+03	+0.501
165.100	+3.722e+03	+5.196e+03	+8.655e+03	+0.583
165.200	+4.731e+03	+4.776e+03	+1.111e+04	+0.502
165.300	+5.839e+03	+5.013e+03	+7.923e+03	+0.462
165.400	+6.124e+03	+4.656e+03	+1.121e+04	+0.432
165.500	+4.335e+03	+5.077e+03	+9.570e+03	+0.539
165.600	+6.145e+03	+4.170e+03	+9.037e+03	+0.404
165.700	+5.352e+03	+4.855e+03	+1.062e+04	+0.476
165.800	+5.800e+03	+3.851e+03	+8.727e+03	+0.399
165.900	+4.649e+03	+4.163e+03	+1.043e+04	+0.472
166.000	+5.095e+03	+5.830e+03	+9.128e+03	+0.534
166.100	+1.864e+03	+7.336e+03	+1.123e+04	+0.797
166.200	+2.932e+03	+7.564e+03	+1.117e+04	+0.721
166.300	+1.335e+03	+8.011e+03	+1.026e+04	+0.857
166.400	+1.339e+03	+8.356e+03	+9.826e+03	+0.862
166.500	+2.301e+03	+7.401e+03	+1.062e+04	+0.763
166.600	+1.890e+03	+7.871e+03	+1.063e+04	+0.806
166.700	+2.150e+03	+7.046e+03	+1.046e+04	+0.766
166.800	+5.257e+03	+5.070e+03	+9.211e+03	+0.491
166.900	+5.948e+03	+4.512e+03	+8.244e+03	+0.431
167.000	+5.578e+03	+6.065e+03	+9.419e+03	+0.521
167.100	+4.712e+03	+5.390e+03	+1.072e+04	+0.534
167.200	+4.875e+03	+5.345e+03	+9.395e+03	+0.523
167.300	+5.735e+03	+4.636e+03	+9.289e+03	+0.447
167.400	+6.637e+03	+3.341e+03	+1.054e+04	+0.335
167.500	+7.872e+03	+2.347e+03	+1.081e+04	+0.230
167.600	+7.091e+03	+8.949e+02	+8.926e+03	+0.112
167.700	+6.871e+03	+2.207e+03	+9.104e+03	+0.243
167.800	+7.418e+03	+2.620e+03	+1.040e+04	+0.261
167.900	+6.954e+03	+3.262e+03	+1.027e+04	+0.319
168.000	+7.925e+03	+2.753e+03	+8.809e+03	+0.258
168.100	+7.342e+03	+2.835e+03	+9.671e+03	+0.279
168.200	+7.783e+03	+3.104e+03	+9.835e+03	+0.285
168.300	+7.324e+03	+2.704e+03	+1.043e+04	+0.270
168.400	+7.788e+03	+2.672e+03	+1.087e+04	+0.255
168.500	+6.704e+03	+2.548e+03	+9.498e+03	+0.275
168.600	+7.999e+03	+2.705e+03	+9.452e+03	+0.253
168.700	+7.174e+03	+1.105e+03	+1.020e+04	+0.133
168.800	+7.609e+03	+3.313e+03	+9.709e+03	+0.303
168.900	+6.913e+03	+2.374e+03	+1.045e+04	+0.256
169.000	+8.207e+03	+1.176e+03	+1.007e+04	+0.125
169.100	+5.880e+03	+3.391e+03	+1.081e+04	+0.366
169.200	+8.232e+03	+1.854e+03	+1.019e+04	+0.184
169.300	+7.523e+03	+2.341e+03	+1.040e+04	+0.237
169.400	+7.789e+03	+2.499e+03	+1.074e+04	+0.243
169.500	+6.453e+03	+1.658e+03	+1.105e+04	+0.204
169.600	+7.172e+03	+1.187e+03	+1.023e+04	+0.142
169.700	+7.141e+03	+2.357e+03	+1.087e+04	+0.248
169.800	+8.352e+03	+3.075e+03	+1.009e+04	+0.269
169.900	+6.150e+03	+1.398e+03	+1.004e+04	+0.185
170.000	+8.202e+03	+1.315e+03	+1.049e+04	+0.138
170.100	+7.821e+03	+1.760e+03	+9.943e+03	+0.184
170.200	+7.666e+03	+2.531e+03	+1.071e+04	+0.248
170.300	+8.535e+03	+1.755e+03	+1.044e+04	+0.171
170.400	+9.039e+03	+2.740e+03	+8.833e+03	+0.233
170.500	+7.212e+03	+2.417e+03	+9.954e+03	+0.251
170.600	+8.192e+03	+1.332e+03	+1.037e+04	+0.140
170.700	+8.932e+03	+3.052e+03	+8.921e+03	+0.255
170.800	+6.250e+03	+2.394e+03	+9.703e+03	+0.277
170.900	+7.526e+03	+2.398e+03	+1.157e+04	+0.242
171.000	+7.667e+03	+9.355e+02	+1.018e+04	+0.109
171.100	+7.701e+03	+2.722e+03	+1.014e+04	+0.261
171.200	+8.204e+03	+2.126e+03	+9.744e+03	+0.206
171.300	+8.837e+03	+2.529e+03	+1.006e+04	+0.222
171.400	+7.994e+03	+2.791e+03	+1.070e+04	+0.259
171.500	+6.436e+03	+2.075e+03	+1.101e+04	+0.244
171.600	+8.394e+03	+1.889e+03	+1.084e+04	+0.184
171.700	+7.324e+03	+2.427e+03	+1.055e+04	+0.249
171.800	+8.103e+03	+1.038e+03	+9.529e+03	+0.114
171.900	+9.241e+03	+2.332e+03	+1.022e+04	+0.202
172.000	+8.390e+03	+2.304e+03	+1.013e+04	+0.215
172.100	+7.643e+03	+2.383e+03	+1.115e+04	+0.238
172.200	+7.654e+03	+1.822e+03	+1.022e+04	+0.192
172.300	+7.771e+03	+2.890e+03	+1.027e+04	+0.271
172.400	+7.515e+03	+3.496e+03	+1.058e+04	+0.317
172.500	+6.605e+03	+3.355e+03	+1.080e+04	+0.337
172.600	+8.250e+03	+3.738e+03	+1.122e+04	+0.312
172.700	+7.504e+03	+2.191e+03	+9.621e+03	+0.226
172.800	+7.092e+03	+1.907e+03	+1.121e+04	+0.212
172.900	+5.866e+03	+2.192e+03	+9.047e+03	+0.272
173.000	+5.798e+03	+1.592e+03	+9.010e+03	+0.215
173.100	+7.039e+03	+2.521e+03	+1.010e+04	+0.264
173.200	+7.862e+03	+1.360e+03	+9.940e+03	+0.148
173.300	+7.921e+03	+2.411e+03	+1.094e+04	+0.233
173.400	+6.316e+03	+3.581e+03	+1.089e+04	+0.362
173.500	+7.993e+03	+3.288e+03	+1.030e+04	+0.291
173.600	+6.679e+03	+2.206e+03	+1.138e+04	+0.248
173.700	+7.694e+03	+2.374e+03	+8.679e+03	+0.236
173.800	+6.968e+03	+2.092e+03	+8.721e+03	+0.231
173.900	+7.027e+03	+3.253e+03	+1.014e+04	+0.316
174.000	+8.452e+03	+2.745e+03	+1.059e+04	+0.245
174.100	+8.323e+03	+2.785e+03	+1.092e+04	+0.251
174.200	+7.553e+03	+2.305e+03	+9.769e+03	+0.234
174.300	+6.724e+03	+2.005e+03	+1.085e+04	+0.230
174.400	+8.239e+03	+2.760e+03	+9.656e+03	+0.251
174.500	+6.806e+03	+2.662e+03	+1.010e+04	+0.281
174.600	+7.497e+03	+1.860e+03	+1.048e+04	+0.199
174.700	+8.857e+03	+2.429e+03	+1.037e+04	+0.215
174.800	+6.596e+03	+3.024e+03	+9.772e+03	+0.314
174.900	+8.486e+03	+3.711e+03	+1.018e+04	+0.304
175.000	+7.529e+03	+2.064e+03	+9.465e+03	+0.215
175.100	+7.112e+03	+2.584e+03	+9.253e+03	+0.266
175.200	+7.947e+03	+2.144e+03	+1.022e+04	+0.212
175.300	+7.123e+03	+4.052e+03	+1.021e+04	+0.363
175.400	+7.055e+03	+3.567e+03	+1.056e+04	+0.336
175.500	+6.941e+03	+3.269e+03	+9.389e+03	+0.320
175.600	+6.687e+03	+3.027e+03	+9.295e+03	+0.312
175.700	+7.676e+03	+4.135e+03	+1.021e+04	+0.350
175.800	+8.317e+03	+2.615e+03	+1.035e+04	+0.239
175.900	+6.972e+03	+1.964e+03	+9.308e+03	+0.220
176.000	+7.544e+03	+1.754e+03	+9.895e+03	+0.189
176.100	+6.707e+03	+2.179e+03	+1.014e+04	+0.245
176.200	+6.903e+03	+1.547e+03	+1.116e+04	+0.183
176.300	+7.093e+03	+1.471e+03	+1.035e+04	+0.172
176.400	+7.651e+03	+2.557e+03	+1.133e+04	+0.250
176.500	+8.213e+03	+2.871e+03	+1.029e+04	+0.259
176.600	+6.515e+03	+3.410e+03	+9.983e+03	+0.344
176.700	+7.047e+03	+1.697e+03	+1.112e+04	+0.194
176.800	+8.930e+03	+2.613e+03	+9.447e+03	+0.226
176.900	+8.707e+03	+2.968e+03	+1.091e+04	+0.254
177.000	+7.441e+03	+2.707e+03	+1.012e+04	+0.267
177.100	+7.555e+03	+2.262e+03	+1.156e+04	+0.230
177.200	+7.847e+03	+2.442e+03	+9.390e+03	+0.237
177.300	+6.713e+03	+2.163e+03	+9.670e+03	+0.244
177.400	+6.889e+03	+2.142e+03	+1.010e+04	+0.237
177.500	+8.192e+03	+2.647e+03	+9.325e+03	+0.244
177.600	+7.879e+03	+2.445e+03	+9.833e+03	+0.237
177.700	+8.907e+03	+1.887e+03	+9.773e+03	+0.175
177.800	+8.087e+03	+2.758e+03	+9.162e+03	+0.254
177.900	+7.043e+03	+1.879e+03	+9.595e+03	+0.211
178.000	+8.369e+03	+2.655e+03	+1.061e+04	+0.241
178.100	+8.027e+03	+2.644e+03	+9.439e+03	+0.248
178.200	+8.320e+03	+2.589e+03	+8.294e+03	+0.237
178.300	+6.492e+03	+3.137e+03	+9.008e+03	+0.326
178.400	+7.585e+03	+2.695e+03	+9.645e+03	+0.262
178.500	+7.048e+03	+2.180e+03	+9.836e+03	+0.236
178.600	+8.431e+03	+1.503e+03	+1.112e+04	+0.151
178.700	+8.047e+03	+3.324e+03	+1.065e+04	+0.292
178.800	+7.846e+03	+3.048e+03	+1.106e+04	+0.280
178.900	+8.493e+03	+2.798e+03	+1.103e+04	+0.248
179.000	+7.031e+03	+2.905e+03	+9.984e+03	+0.292
179.100	+6.508e+03	+2.603e+03	+8.796e+03	+0.286
179.200	+7.332e+03	+2.383e+03	+1.117e+04	+0.245
179.300	+7.672e+03	+1.599e+03	+1.052e+04	+0.172
179.400	+6.252e+03	+3.397e+03	+1.009e+04	+0.352
179.500	+5.814e+03	+2.486e+03	+9.497e+03	+0.299
179.600	+7.462e+03	+2.599e+03	+9.934e+03	+0.258
179.700	+7.248e+03	+2.294e+03	+1.197e+04	+0.240
179.800	+7.732e+03	+8.499e+02	+1.009e+04	+0.099
179.900	+7.327e+03	+2.413e+03	+9.552e+03	+0.248
180.000	+7.080e+03	+2.827e+03	+9.340e+03	+0.285
180.100	+6.208e+03	+3.015e+03	+9.983e+03	+0.327
180.200	+7.393e+03	+2.829e+03	+1.020e+04	+0.277
180.300	+6.832e+03	+3.749e+03	+1.012e+04	+0.354
180.400	+7.293e+03	+2.763e+03	+9.835e+03	+0.275
180.500	+7.780e+03	+1.891e+03	+9.870e+03	+0.196
180.600	+7.923e+03	+2.805e+03	+9.682e+03	+0.261
180.700	+6.377e+03	+2.701e+03	+8.241e+03	+0.297
180.800	+7.117e+03	+2.467e+03	+8.885e+03	+0.257
180.900	+7.661e+03	+1.740e+03	+9.766e+03	+0.185
181.000	+7.759e+03	+2.236e+03	+8.152e+03	+0.224
181.100	+7.990e+03	+2.663e+03	+9.229e+03	+0.250
181.200	+8.546e+03	+2.348e+03	+9.800e+03	+0.216
181.300	+7.934e+03	+2.723e+03	+1.019e+04	+0.255
181.400	+7.698e+03	+2.302e+03	+9.714e+03	+0.230
181.500	+7.205e+03	+2.166e+03	+1.053e+04	+0.231
181.600	+7.703e+03	+2.433e+03	+9.373e+03	+0.240
181.700	+7.615e+03	+2.209e+03	+1.017e+04	+0.225
181.800	+7.883e+03	+2.280e+03	+1.110e+04	+0.224
181.900	+7.980e+03	+2.262e+03	+1.087e+04	+0.221
182.000	+7.197e+03	+1.403e+03	+1.068e+04	+0.163
182.100	+7.957e+03	+2.902e+03	+1.067e+04	+0.267
182.200	+5.708e+03	+2.935e+03	+1.125e+04	+0.340
182.300	+6.950e+03	+1.538e+03	+1.047e+04	+0.181
182.400	+6.300e+03	+1.486e+03	+9.966e+03	+0.191
182.500	+6.444e+03	+1.244e+03	+1.102e+04	+0.162
182.600	+7.041e+03	+1.683e+03	+9.667e+03	+0.193
182.700	+9.277e+03	+1.252e+03	+9.895e+03	+0.119
182.800	+7.421e+03	+2.174e+03	+9.972e+03	+0.227
182.900	+6.883e+03	+3.556e+03	+9.877e+03	+0.341
183.000	+7.863e+03	+1.872e+03	+9.794e+03	+0.192
183.100	+6.950e+03	+2.889e+03	+1.186e+04	+0.294
183.200	+7.151e+03	+1.875e+03	+1.071e+04	+0.208
183.300	+6.138e+03	+2.552e+03	+1.041e+04	+0.294
183.400	+7.490e+03	+2.406e+03	+9.961e+03	+0.243
183.500	+7.620e+03	+2.479e+03	+1.021e+04	+0.245
183.600	+7.714e+03	+1.710e+03	+9.542e+03	+0.181
183.700	+7.941e+03	+2.749e+03	+1.062e+04	+0.257
183.800	+7.291e+03	+3.925e+03	+9.082e+03	+0.350
183.900	+8.404e+03	+2.074e+03	+9.854e+03	+0.198
184.000	+7.038e+03	+2.911e+03	+9.605e+03	+0.293
184.100	+9.507e+03	+3.784e+03	+9.520e+03	+0.285
184.200	+8.403e+03	+2.906e+03	+1.036e+04	+0.257
184.300	+7.482e+03	+2.055e+03	+8.426e+03	+0.215
184.400	+7.288e+03	+2.640e+03	+9.711e+03	+0.266
184.500	+6.832e+03	+2.961e+03	+8.862e+03	+0.302
184.600	+8.021e+03	+2.948e+03	+9.283e+03	+0.269
184.700	+6.681e+03	+4.146e+03	+9.501e+03	+0.383
184.800	+6.366e+03	+2.503e+03	+9.714e+03	+0.282
184.900	+7.732e+03	+3.130e+03	+1.051e+04	+0.288
185.000	+8.071e+03	+1.432e+03	+9.290e+03	+0.151
185.100	+6.477e+03	+2.993e+03	+9.401e+03	+0.316
185.200	+6.865e+03	+1.847e+03	+9.709e+03	+0.212
185.300	+7.266e+03	+3.389e+03	+9.321e+03	+0.318
185.400	+8.232e+03	+8.693e+02	+1.163e+04	+0.096
185.500	+7.178e+03	+3.084e+03	+1.042e+04	+0.301
185.600	+6.869e+03	+2.643e+03	+9.424e+03	+0.278
185.700	+7.581e+03	+2.441e+03	+9.572e+03	+0.244
185.800	+7.073e+03	+2.628e+03	+1.024e+04	+0.271
185.900	+6.822e+03	+1.493e+03	+9.992e+03	+0.180
186.000	+7.810e+03	+1.965e+03	+9.232e+03	+0.201
186.100	+8.153e+03	+2.565e+03	+7.464e+03	+0.239
186.200	+7.171e+03	+3.202e+03	+1.046e+04	+0.309
186.300	+7.326e+03	+2.596e+03	+1.026e+04	+0.262
186.400	+6.966e+03	+2.885e+03	+9.600e+03	+0.293
186.500	+7.582e+03	+3.078e+03	+8.746e+03	+0.289
186.600	+7.936e+03	+2.517e+03	+9.746e+03	+0.241
186.700	+6.845e+03	+1.717e+03	+9.587e+03	+0.201
186.800	+7.298e+03	+8.564e+02	+9.888e+03	+0.105
186.900	+7.792e+03	+3.371e+03	+9.732e+03	+0.302
187.000	+7.862e+03	+2.896e+03	+1.006e+04	+0.269
187.100	+7.780e+03	+3.304e+03	+8.871e+03	+0.298
187.200	+7.337e+03	+2.487e+03	+9.805e+03	+0.253
187.300	+6.914e+03	+1.448e+03	+1.000e+04	+0.173
187.400	+8.623e+03	+3.748e+03	+9.000e+03	+0.303
187.500	+7.233e+03	+3.201e+03	+9.331e+03	+0.307
187.600	+8.343e+03	+3.390e+03	+8.873e+03	+0.289
187.700	+8.303e+03	+2.038e+03	+9.757e+03	+0.197
187.800	+7.633e+03	+2.414e+03	+9.889e+03	+0.240
187.900	+7.084e+03	+2.595e+03	+1.115e+04	+0.268
188.000	+7.744e+03	+3.466e+03	+9.663e+03	+0.309
188.100	+7.853e+03	+2.016e+03	+1.058e+04	+0.204
188.200	+6.775e+03	+2.800e+03	+1.015e+04	+0.292
188.300	+6.684e+03	+1.991e+03	+9.772e+03	+0.230
188.400	+8.604e+03	+2.358e+03	+1.022e+04	+0.215
188.500	+7.390e+03	+2.147e+03	+9.689e+03	+0.225
188.600	+7.706e+03	+3.467e+03	+1.016e+04	+0.310
188.700	+7.881e+03	+1.393e+03	+9.396e+03	+0.150
188.800	+7.571e+03	+2.018e+03	+1.101e+04	+0.210
188.900	+7.061e+03	+2.946e+03	+1.134e+04	+0.294
189.000	+7.114e+03	+2.251e+03	+9.429e+03	+0.240
189.100	+7.534e+03	+3.209e+03	+1.086e+04	+0.299
189.200	+7.185e+03	+1.347e+03	+9.907e+03	+0.158
189.300	+7.910e+03	+2.384e+03	+8.726e+03	+0.232
189.400	+7.870e+03	+1.810e+03	+9.646e+03	+0.187
189.500	+7.167e+03	+3.080e+03	+9.259e+03	+0.301
189.600	+7.504e+03	+3.045e+03	+1.036e+04	+0.289
189.700	+7.559e+03	+2.963e+03	+9.761e+03	+0.282
189.800	+6.938e+03	+2.722e+03	+1.005e+04	+0.282
189.900	+6.122e+03	+2.298e+03	+9.472e+03	+0.273
190.000	+6.727e+03	+1.689e+03	+9.651e+03	+0.201
190.100	+7.001e+03	+2.659e+03	+9.370e+03	+0.275
190.200	+7.045e+03	+2.309e+03	+9.012e+03	+0.247
190.300	+8.332e+03	+3.200e+03	+1.030e+04	+0.278
190.400	+6.779e+03	+1.561e+03	+9.027e+03	+0.187
190.500	+7.022e+03	+2.985e+03	+9.527e+03	+0.298
190.600	+7.910e+03	+3.362e+03	+8.470e+03	+0.298
190.700	+7.929e+03	+3.064e+03	+9.561e+03	+0.279
190.800	+6.961e+03	+2.632e+03	+9.502e+03	+0.274
190.900	+6.790e+03	+2.792e+03	+1.035e+04	+0.291
191.000	+8.636e+03	+2.512e+03	+9.746e+03	+0.225
191.100	+8.548e+03	+3.199e+03	+9.305e+03	+0.272
191.200	+7.066e+03	+9.216e+02	+8.769e+03	+0.115
191.300	+7.249e+03	+3.039e+03	+9.750e+03	+0.295
191.400	+7.275e+03	+2.966e+03	+1.043e+04	+0.290
191.500	+8.426e+03	+2.510e+03	+9.376e+03	+0.229
191.600	+7.076e+03	+2.294e+03	+9.752e+03	+0.245
191.700	+7.380e+03	+2.037e+03	+1.031e+04	+0.216
191.800	+8.173e+03	+2.923e+03	+9.930e+03	+0.263
191.900	+7.705e+03	+2.804e+03	+9.927e+03	+0.267
192.000	+8.398e+03	+2.416e+03	+1.023e+04	+0.223
192.100	+7.404e+03	+1.162e+03	+9.472e+03	+0.136
192.200	+6.473e+03	+3.276e+03	+9.627e+03	+0.336
192.300	+6.696e+03	+2.048e+03	+8.667e+03	+0.234
192.400	+6.206e+03	+1.794e+03	+9.877e+03	+0.224
192.500	+8.804e+03	+2.700e+03	+1.034e+04	+0.235
192.600	+8.043e+03	+2.175e+03	+1.040e+04	+0.213
192.700	+6.964e+03	+3.922e+03	+9.287e+03	+0.360
192.800	+7.444e+03	+2.176e+03	+9.646e+03	+0.226
192.900	+6.928e+03	+1.435e+03	+8.514e+03	+0.172
193.000	+6.959e+03	+2.630e+03	+1.111e+04	+0.274
193.100	+7.388e+03	+2.454e+03	+8.795e+03	+0.249
193.200	+8.384e+03	+2.171e+03	+1.014e+04	+0.206
193.300	+7.576e+03	+2.289e+03	+9.627e+03	+0.232
193.400	+6.587e+03	+2.980e+03	+1.014e+04	+0.311
193.500	+8.438e+03	+1.485e+03	+1.013e+04	+0.150
193.600	+7.149e+03	+2.831e+03	+1.107e+04	+0.284
193.700	+6.600e+03	+1.881e+03	+9.296e+03	+0.222
193.800	+7.775e+03	+2.815e+03	+9.779e+03	+0.266
193.900	+7.320e+03	+2.074e+03	+1.036e+04	+0.221
194.000	+7.045e+03	+2.984e+03	+9.839e+03	+0.298
194.100	+7.298e+03	+2.853e+03	+8.187e+03	+0.281
194.200	+8.211e+03	+3.522e+03	+1.019e+04	+0.300
194.300	+7.248e+03	+3.017e+03	+9.481e+03	+0.294
194.400	+6.937e+03	+1.524e+03	+8.631e+03	+0.180
194.500	+8.337e+03	+2.487e+03	+1.008e+04	+0.230
194.600	+7.004e+03	+2.406e+03	+1.018e+04	+0.256
194.700	+8.117e+03	+2.853e+03	+1.012e+04	+0.260
194.800	+6.432e+03	+3.248e+03	+1.124e+04	+0.336
194.900	+6.804e+03	+3.153e+03	+9.803e+03	+0.317
195.000	+8.305e+03	+2.717e+03	+1.036e+04	+0.247
195.100	+7.163e+03	+3.177e+03	+1.019e+04	+0.307
195.200	+7.135e+03	+4.010e+03	+1.063e+04	+0.360
195.300	+6.326e+03	+1.535e+03	+1.058e+04	+0.195
195.400	+7.146e+03	+2.260e+03	+9.625e+03	+0.240
195.500	+7.639e+03	+1.599e+03	+9.959e+03	+0.173
195.600	+8.270e+03	+3.603e+03	+1.001e+04	+0.303
195.700	+7.190e+03	+1.591e+03	+8.953e+03	+0.181
195.800	+6.068e+03	+1.013e+03	+9.556e+03	+0.143
195.900	+7.434e+03	+2.611e+03	+1.009e+04	+0.260
196.000	+7.851e+03	+2.962e+03	+1.076e+04	+0.274
196.100	+8.521e+03	+3.348e+03	+1.026e+04	+0.282
196.200	+7.874e+03	+1.977e+03	+1.113e+04	+0.201
196.300	+6.093e+03	+3.840e+03	+9.756e+03	+0.387
196.400	+6.289e+03	+2.258e+03	+8.797e+03	+0.264
196.500	+5.896e+03	+2.656e+03	+9.992e+03	+0.311
196.600	+8.190e+03	+3.863e+03	+1.091e+04	+0.320
196.700	+6.622e+03	+2.728e+03	+1.110e+04	+0.292
196.800	+7.232e+03	+1.774e+03	+1.032e+04	+0.197
196.900	+7.650e+03	+2.974e+03	+1.011e+04	+0.280
197.000	+7.334e+03	+1.708e+03	+9.729e+03	+0.189
197.100	+8.419e+03	+3.335e+03	+8.901e+03	+0.284
197.200	+8.002e+03	+1.395e+03	+1.055e+04	+0.148
197.300	+7.260e+03	+2.991e+03	+1.063e+04	+0.292
197.400	+7.392e+03	+3.069e+03	+1.060e+04	+0.293
197.500	+5.864e+03	+2.955e+03	+1.010e+04	+0.335
197.600	+9.101e+03	+2.073e+03	+1.093e+04	+0.186
197.700	+6.595e+03	+1.917e+03	+1.042e+04	+0.225
197.800	+6.551e+03	+1.669e+03	+1.113e+04	+0.203
197.900	+7.471e+03	+2.500e+03	+1.004e+04	+0.251
198.000	+8.026e+03	+2.498e+03	+9.633e+03	+0.237
198.100	+8.302e+03	+2.290e+03	+1.015e+04	+0.216
198.200	+8.464e+03	+3.187e+03	+9.808e+03	+0.274
198.300	+6.222e+03	+2.025e+03	+9.101e+03	+0.246
198.400	+9.295e+03	+2.621e+03	+1.022e+04	+0.220
198.500	+6.607e+03	+1.012e+03	+9.689e+03	+0.133
198.600	+6.992e+03	+3.170e+03	+9.476e+03	+0.312
198.700	+7.116e+03	+2.409e+03	+9.740e+03	+0.253
198.800	+7.955e+03	+1.101e+03	+1.023e+04	+0.122
198.900	+8.690e+03	+3.138e+03	+9.695e+03	+0.265
199.000	+5.827e+03	+3.025e+03	+9.262e+03	+0.342
199.100	+7.150e+03	+2.547e+03	+1.148e+04	+0.263
199.200	+7.011e+03	+2.003e+03	+1.010e+04	+0.222
199.300	+7.027e+03	+2.001e+03	+1.101e+04	+0.222
199.400	+7.017e+03	+3.626e+03	+9.609e+03	+0.341
199.500	+7.999e+03	+1.743e+03	+9.889e+03	+0.179
199.600	+8.411e+03	+1.656e+03	+9.944e+03	+0.165
199.700	+7.953e+03	+2.960e+03	+9.358e+03	+0.271
199.800	+7.630e+03	+1.462e+03	+9.242e+03	+0.161
