%t (s)	Idd (a.u.)	Ida (a.u.)	Iaa (a.u.)	FRET E
0.000	+7.544e+03	+3.149e+03	+9.100e+03	+0.294
0.100	+8.185e+03	+3.265e+03	+9.900e+03	+0.285
0.200	+8.108e+03	+1.857e+03	+8.205e+03	+0.186
0.300	+7.479e+03	+1.760e+03	+9.174e+03	+0.191
0.400	+6.659e+03	+2.905e+03	+1.057e+04	+0.304
0.500	+8.147e+03	+3.293e+03	+1.082e+04	+0.288
0.600	+8.072e+03	+4.064e+03	+9.463e+03	+0.335
0.700	+7.841e+03	+2.556e+03	+9.278e+03	+0.246
0.800	+7.758e+03	+1.767e+03	+9.685e+03	+0.186
0.900	+6.510e+03	+2.767e+03	+9.567e+03	+0.298
1.000	+7.885e+03	+2.957e+03	+1.051e+04	+0.273
1.100	+7.500e+03	+2.789e+03	+9.121e+03	+0.271
1.200	+8.194e+03	+1.697e+03	+9.876e+03	+0.172
1.300	+7.824e+03	+1.949e+03	+9.935e+03	+0.199
1.400	+8.975e+03	+2.710e+03	+1.029e+04	+0.232
1.500	+7.287e+03	+1.935e+03	+1.021e+04	+0.210
1.600	+7.056e+03	+1.453e+03	+9.324e+03	+0.171
1.700	+8.294e+03	+3.231e+03	+9.999e+03	+0.280
1.800	+6.781e+03	+2.478e+03	+1.059e+04	+0.268
1.900	+7.705e+03	+1.698e+03	+1.070e+04	+0.181
2.000	+7.603e+03	+1.923e+03	+8.578e+03	+0.202
2.100	+7.783e+03	+2.165e+03	+1.013e+04	+0.218
2.200	+7.465e+03	+3.653e+03	+1.123e+04	+0.329
2.300	+6.839e+03	+3.551e+03	+1.073e+04	+0.342
2.400	+8.140e+03	+2.121e+03	+9.190e+03	+0.207
2.500	+7.911e+03	+3.134e+03	+1.003e+04	+0.284
2.600	+7.384e+03	+2.507e+03	+1.067e+04	+0.253
2.700	+7.912e+03	+2.406e+03	+9.852e+03	+0.233
2.800	+6.990e+03	+3.692e+03	+1.013e+04	+0.346
2.900	+9.110e+03	+2.618e+03	+1.073e+04	+0.223
3.000	+9.435e+03	+1.740e+03	+1.157e+04	+0.156
3.100	+7.100e+03	+2.578e+03	+1.006e+04	+0.266
3.200	+8.225e+03	+2.414e+03	+1.044e+04	+0.227
3.300	+6.515e+03	+2.561e+03	+1.009e+04	+0.282
3.400	+8.574e+03	+2.630e+03	+9.700e+03	+0.235
3.500	+8.051e+03	+2.967e+03	+1.118e+04	+0.269
3.600	+5.846e+03	+3.494e+03	+1.023e+04	+0.374
3.700	+6.200e+03	+3.045e+03	+1.000e+04	+0.329
3.800	+6.391e+03	+2.142e+03	+9.945e+03	+0.251
3.900	+8.521e+03	+1.607e+03	+9.768e+03	+0.159
4.000	+7.779e+03	+1.980e+03	+9.888e+03	+0.203
4.100	+7.994e+03	+2.058e+03	+9.280e+03	+0.205
4.200	+7.406e+03	+2.306e+03	+9.875e+03	+0.237
4.300	+7.630e+03	+2.286e+03	+1.060e+04	+0.231
4.400	+7.176e+03	+2.688e+03	+9.952e+03	+0.273
4.500	+6.477e+03	+2.659e+03	+1.166e+04	+0.291
4.600	+7.329e+03	+3.200e+03	+9.060e+03	+0.304
4.700	+7.554e+03	+2.311e+03	+9.337e+03	+0.234
4.800	+8.027e+03	+1.355e+03	+9.261e+03	+0.144
4.900	+7.453e+03	+2.239e+03	+1.074e+04	+0.231
5.000	+7.323e+03	+2.691e+03	+8.952e+03	+0.269
5.100	+7.484e+03	+3.638e+03	+1.108e+04	+0.327
5.200	+7.597e+03	+1.735e+03	+1.035e+04	+0.186
5.300	+6.769e+03	+3.180e+03	+9.616e+03	+0.320
5.400	+7.872e+03	+2.283e+03	+9.315e+03	+0.225
5.500	+7.129e+03	+3.520e+03	+1.041e+04	+0.331
5.600	+5.859e+03	+1.977e+03	+1.031e+04	+0.252
5.700	+7.727e+03	+2.319e+03	+9.938e+03	+0.231
5.800	+6.414e+03	+2.786e+03	+1.030e+04	+0.303
5.900	+8.855e+03	+1.896e+03	+9.157e+03	+0.176
6.000	+7.610e+03	+2.025e+03	+1.002e+04	+0.210
6.100	+7.448e+03	+2.254e+03	+1.078e+04	+0.232
6.200	+6.681e+03	+2.491e+03	+9.879e+03	+0.272
6.300	+7.929e+03	+2.886e+03	+9.182e+03	+0.267
6.400	+7.941e+03	+3.098e+03	+9.155e+03	+0.281
6.500	+8.050e+03	+2.053e+03	+1.060e+04	+0.203
6.600	+6.871e+03	+2.678e+03	+9.071e+03	+0.280
6.700	+8.332e+03	+3.319e+03	+9.843e+03	+0.285
6.800	+6.414e+03	+2.152e+03	+1.036e+04	+0.251
6.900	+7.620e+03	+3.021e+03	+9.802e+03	+0.284
7.000	+7.094e+03	+3.137e+03	+9.494e+03	+0.307
7.100	+7.537e+03	+4.198e+03	+9.873e+03	+0.358
7.200	+7.030e+03	+2.308e+03	+1.073e+04	+0.247
7.300	+5.586e+03	+3.417e+03	+9.934e+03	+0.380
7.400	+6.845e+03	+2.050e+03	+1.028e+04	+0.230
7.500	+8.138e+03	+3.403e+03	+1.026e+04	+0.295
7.600	+6.986e+03	+4.077e+03	+9.184e+03	+0.369
7.700	+7.444e+03	+1.603e+03	+9.930e+03	+0.177
7.800	+8.423e+03	+1.925e+03	+1.024e+04	+0.186
7.900	+7.769e+03	+2.381e+03	+1.041e+04	+0.235
8.000	+8.291e+03	+1.330e+03	+9.987e+03	+0.138
8.100	+8.232e+03	+2.806e+03	+9.007e+03	+0.254
8.200	+5.659e+03	+1.710e+03	+9.573e+03	+0.232
8.300	+7.172e+03	+2.264e+03	+1.043e+04	+0.240
8.400	+8.073e+03	+2.429e+03	+9.933e+03	+0.231
8.500	+6.854e+03	+2.376e+03	+9.718e+03	+0.257
8.600	+7.312e+03	+2.317e+03	+1.057e+04	+0.241
8.700	+7.893e+03	+1.587e+03	+1.001e+04	+0.167
8.800	+8.166e+03	+1.203e+03	+9.181e+03	+0.128
8.900	+6.841e+03	+1.454e+03	+8.831e+03	+0.175
9.000	+7.283e+03	+2.392e+03	+9.648e+03	+0.247
9.100	+8.489e+03	+3.034e+03	+1.031e+04	+0.263
9.200	+8.179e+03	+2.301e+03	+1.188e+04	+0.220
9.300	+8.090e+03	+4.209e+03	+9.990e+03	+0.342
9.400	+7.435e+03	+1.618e+03	+1.016e+04	+0.179
9.500	+7.814e+03	+2.442e+03	+1.051e+04	+0.238
9.600	+6.931e+03	+2.255e+03	+1.001e+04	+0.245
9.700	+7.351e+03	+1.509e+03	+9.446e+03	+0.170
9.800	+7.592e+03	+2.163e+03	+9.539e+03	+0.222
9.900	+8.075e+03	+2.479e+03	+1.022e+04	+0.235
10.000	+8.469e+03	+4.115e+03	+9.938e+03	+0.327
10.100	+7.488e+03	+2.886e+03	+1.051e+04	+0.278
10.200	+6.811e+03	+2.137e+03	+1.099e+04	+0.239
10.300	+7.741e+03	+1.955e+02	+1.022e+04	+0.025
10.400	+7.254e+03	+3.507e+03	+1.079e+04	+0.326
10.500	+7.241e+03	+2.126e+03	+1.042e+04	+0.227
10.600	+7.318e+03	+1.833e+03	+1.096e+04	+0.200
10.700	+7.181e+03	+2.078e+03	+9.259e+03	+0.224
10.800	+7.977e+03	+1.337e+03	+1.086e+04	+0.144
10.900	+7.534e+03	+2.181e+03	+1.033e+04	+0.224
11.000	+6.392e+03	+2.452e+03	+9.457e+03	+0.277
11.100	+8.599e+03	+3.207e+03	+1.064e+04	+0.272
11.200	+6.587e+03	+2.623e+03	+1.067e+04	+0.285
11.300	+7.023e+03	+3.269e+03	+1.012e+04	+0.318
11.400	+6.079e+03	+1.419e+03	+1.171e+04	+0.189
11.500	+6.733e+03	+2.397e+03	+1.070e+04	+0.263
11.600	+6.852e+03	+2.997e+03	+1.039e+04	+0.304
11.700	+8.471e+03	+3.921e+03	+1.008e+04	+0.316
11.800	+8.449e+03	+2.429e+03	+9.246e+03	+0.223
11.900	+6.974e+03	+3.845e+03	+9.489e+03	+0.355
12.000	+8.206e+03	+1.437e+03	+8.761e+03	+0.149
12.100	+7.669e+03	+2.294e+03	+1.054e+04	+0.230
12.200	+8.503e+03	+3.355e+03	+9.618e+03	+0.283
12.300	+7.699e+03	+1.564e+03	+9.410e+03	+0.169
12.400	+7.947e+03	+1.980e+03	+1.005e+04	+0.199
12.500	+7.504e+03	+2.785e+03	+1.066e+04	+0.271
12.600	+8.252e+03	+2.439e+03	+1.059e+04	+0.228
12.700	+6.953e+03	+1.320e+03	+9.593e+03	+0.160
12.800	+7.829e+03	+1.701e+03	+9.010e+03	+0.178
12.900	+7.999e+03	+2.797e+03	+9.908e+03	+0.259
13.000	+6.793e+03	+3.026e+03	+1.021e+04	+0.308
13.100	+7.722e+03	+2.807e+03	+1.094e+04	+0.267
13.200	+7.342e+03	+2.424e+03	+9.787e+03	+0.248
13.300	+6.428e+03	+3.259e+03	+1.071e+04	+0.336
13.400	+7.323e+03	+2.301e+03	+1.100e+04	+0.239
13.500	+7.244e+03	+3.296e+03	+1.019e+04	+0.313
13.600	+8.086e+03	+2.728e+03	+9.504e+03	+0.252
13.700	+7.902e+03	+2.056e+03	+9.646e+03	+0.206
13.800	+6.979e+03	+1.846e+03	+9.749e+03	+0.209
13.900	+7.905e+03	+3.023e+03	+9.377e+03	+0.277
14.000	+7.406e+03	+1.862e+03	+1.043e+04	+0.201
14.100	+6.684e+03	+3.317e+03	+9.236e+03	+0.332
14.200	+8.439e+03	+2.298e+03	+9.072e+03	+0.214
14.300	+6.971e+03	+2.691e+03	+1.018e+04	+0.278
14.400	+8.163e+03	+1.720e+03	+1.100e+04	+0.174
14.500	+7.577e+03	+2.212e+03	+9.303e+03	+0.226
14.600	+7.209e+03	+2.883e+03	+1.003e+04	+0.286
14.700	+7.442e+03	+2.055e+03	+1.025e+04	+0.216
14.800	+7.290e+03	+3.389e+03	+9.719e+03	+0.317
14.900	+7.248e+03	+2.493e+03	+1.083e+04	+0.256
15.000	+6.599e+03	+3.024e+03	+9.346e+03	+0.314
15.100	+6.456e+03	+1.353e+03	+1.038e+04	+0.173
15.200	+8.678e+03	+1.804e+03	+1.015e+04	+0.172
15.300	+8.724e+03	+3.286e+03	+9.376e+03	+0.274
15.400	+7.361e+03	+2.917e+03	+8.970e+03	+0.284
15.500	+6.844e+03	+2.927e+03	+9.714e+03	+0.300
15.600	+6.707e+03	+2.371e+03	+1.004e+04	+0.261
15.700	+6.368e+03	+2.061e+03	+1.025e+04	+0.244
15.800	+9.732e+03	+1.307e+03	+8.917e+03	+0.118
15.900	+7.323e+03	+2.469e+03	+9.723e+03	+0.252
16.000	+7.838e+03	+3.207e+03	+8.833e+03	+0.290
16.100	+8.799e+03	+2.022e+03	+1.069e+04	+0.187
16.200	+8.543e+03	+3.021e+03	+1.023e+04	+0.261
16.300	+7.978e+03	+1.762e+03	+9.917e+03	+0.181
16.400	+8.239e+03	+2.070e+03	+9.139e+03	+0.201
16.500	+8.004e+03	+3.696e+03	+8.545e+03	+0.316
16.600	+5.744e+03	+2.696e+03	+1.129e+04	+0.319
16.700	+7.770e+03	+3.605e+03	+1.007e+04	+0.317
16.800	+7.546e+03	+3.053e+03	+9.749e+03	+0.288
16.900	+6.141e+03	+2.203e+03	+1.101e+04	+0.264
17.000	+7.236e+03	+3.474e+03	+1.104e+04	+0.324
17.100	+8.092e+03	+2.587e+03	+9.462e+03	+0.242
17.200	+7.958e+03	+2.981e+03	+1.020e+04	+0.273
17.300	+7.368e+03	+1.821e+03	+9.221e+03	+0.198
17.400	+7.123e+03	+2.151e+03	+9.160e+03	+0.232
17.500	+6.206e+03	+2.154e+03	+9.201e+03	+0.258
17.600	+6.470e+03	+2.254e+03	+1.033e+04	+0.258
17.700	+7.386e+03	+2.982e+03	+8.478e+03	+0.288
17.800	+6.949e+03	+2.821e+03	+9.742e+03	+0.289
17.900	+7.436e+03	+1.571e+03	+1.067e+04	+0.174
18.000	+7.412e+03	+1.757e+03	+9.535e+03	+0.192
18.100	+7.453e+03	+3.984e+03	+1.126e+04	+0.348
18.200	+9.586e+03	+2.499e+03	+1.002e+04	+0.207
18.300	+6.865e+03	+3.109e+03	+9.999e+03	+0.312
18.400	+7.509e+03	+3.405e+03	+1.035e+04	+0.312
18.500	+6.383e+03	+2.287e+03	+1.003e+04	+0.264
18.600	+8.586e+03	+2.798e+03	+9.626e+03	+0.246
18.700	+7.190e+03	+3.595e+03	+1.003e+04	+0.333
18.800	+7.953e+03	+1.534e+03	+9.085e+03	+0.162
18.900	+7.288e+03	+3.222e+03	+9.035e+03	+0.307
19.000	+7.498e+03	+2.797e+03	+9.670e+03	+0.272
19.100	+8.218e+03	+3.868e+03	+9.097e+03	+0.320
19.200	+7.668e+03	+1.932e+03	+9.498e+03	+0.201
19.300	+7.850e+03	+3.639e+03	+1.067e+04	+0.317
19.400	+8.212e+03	+1.672e+03	+9.635e+03	+0.169
19.500	+6.581e+03	+2.804e+03	+9.534e+03	+0.299
19.600	+8.857e+03	+1.240e+03	+9.282e+03	+0.123
19.700	+8.759e+03	+2.323e+03	+1.077e+04	+0.210
19.800	+7.841e+03	+3.358e+03	+9.486e+03	+0.300
19.900	+6.709e+03	+3.387e+03	+9.746e+03	+0.335
20.000	+6.737e+03	+2.258e+03	+9.585e+03	+0.251
20.100	+6.570e+03	+2.866e+03	+1.042e+04	+0.304
20.200	+7.449e+03	+2.546e+03	+9.806e+03	+0.255
20.300	+7.327e+03	+3.360e+03	+9.270e+03	+0.314
20.400	+8.062e+03	+2.887e+03	+1.027e+04	+0.264
20.500	+8.350e+03	+2.196e+03	+1.060e+04	+0.208
20.600	+8.023e+03	+2.319e+03	+1.072e+04	+0.224
20.700	+8.337e+03	+1.311e+03	+1.047e+04	+0.136
20.800	+7.394e+03	+2.437e+03	+9.746e+03	+0.248
20.900	+6.864e+03	+1.636e+03	+1.023e+04	+0.192
21.000	+7.951e+03	+1.842e+03	+8.502e+03	+0.188
21.100	+7.566e+03	+2.461e+03	+1.126e+04	+0.245
21.200	+7.356e+03	+1.631e+03	+9.703e+03	+0.181
21.300	+7.165e+03	+1.768e+03	+9.465e+03	+0.198
21.400	+7.387e+03	+2.214e+03	+9.884e+03	+0.231
21.500	+7.535e+03	+2.281e+03	+9.325e+03	+0.232
21.600	+7.936e+03	+1.692e+03	+1.067e+04	+0.176
21.700	+8.440e+03	+3.378e+03	+1.027e+04	+0.286
21.800	+7.188e+03	+9.477e+02	+9.754e+03	+0.116
21.900	+7.327e+03	+4.260e+03	+1.036e+04	+0.368
22.000	+7.116e+03	+1.951e+03	+1.033e+04	+0.215
22.100	+7.956e+03	+1.796e+03	+9.237e+03	+0.184
22.200	+7.474e+03	+3.728e+03	+9.761e+03	+0.333
22.300	+6.356e+03	+2.474e+03	+1.003e+04	+0.280
22.400	+7.941e+03	+3.256e+03	+9.685e+03	+0.291
22.500	+6.314e+03	+2.280e+03	+9.449e+03	+0.265
22.600	+8.643e+03	+3.011e+03	+1.116e+04	+0.258
22.700	+7.038e+03	+2.573e+03	+1.079e+04	+0.268
22.800	+8.220e+03	+1.303e+03	+1.084e+04	+0.137
22.900	+7.481e+03	+1.873e+03	+9.470e+03	+0.200
23.000	+8.732e+03	+2.348e+03	+1.068e+04	+0.212
23.100	+6.955e+03	+2.198e+03	+1.013e+04	+0.240
23.200	+9.160e+03	+4.600e+02	+1.042e+04	+0.048
23.300	+7.790e+03	+1.991e+03	+9.651e+03	+0.204
23.400	+7.669e+03	+2.996e+03	+1.021e+04	+0.281
23.500	+7.131e+03	+2.474e+03	+1.014e+04	+0.258
23.600	+7.601e+03	+2.796e+03	+9.607e+03	+0.269
23.700	+8.111e+03	+3.629e+03	+1.075e+04	+0.309
23.800	+7.603e+03	+1.685e+03	+1.026e+04	+0.181
23.900	+5.935e+03	+2.484e+03	+9.537e+03	+0.295
24.000	+7.621e+03	+2.064e+03	+9.418e+03	+0.213
24.100	+7.092e+03	+2.875e+03	+8.986e+03	+0.288
24.200	+7.406e+03	+2.281e+03	+9.527e+03	+0.235
24.300	+7.702e+03	+4.372e+03	+9.776e+03	+0.362
24.400	+6.577e+03	+3.021e+03	+1.056e+04	+0.315
24.500	+6.665e+03	+2.355e+03	+9.085e+03	+0.261
24.600	+7.675e+03	+2.116e+03	+9.548e+03	+0.216
24.700	+7.811e+03	+2.127e+03	+1.012e+04	+0.214
24.800	+6.975e+03	+3.339e+03	+9.963e+03	+0.324
24.900	+6.336e+03	+2.954e+03	+9.650e+03	+0.318
25.000	+8.618e+03	+2.529e+03	+9.226e+03	+0.227
25.100	+6.325e+03	+1.081e+03	+1.047e+04	+0.146
25.200	+6.313e+03	+3.433e+03	+1.009e+04	+0.352
25.300	+6.941e+03	+2.172e+03	+9.703e+03	+0.238
25.400	+7.522e+03	+2.812e+03	+1.055e+04	+0.272
25.500	+7.085e+03	+2.932e+03	+9.474e+03	+0.293
25.600	+6.583e+03	+3.559e+03	+1.101e+04	+0.351
25.700	+7.703e+03	+3.451e+03	+9.993e+03	+0.309
25.800	+7.398e+03	+2.182e+03	+1.081e+04	+0.228
25.900	+7.418e+03	+2.258e+03	+1.161e+04	+0.233
26.000	+8.055e+03	+1.420e+03	+9.318e+03	+0.150
26.100	+7.482e+03	+3.247e+03	+1.049e+04	+0.303
26.200	+6.911e+03	+2.086e+03	+1.059e+04	+0.232
26.300	+7.409e+03	+3.800e+03	+1.064e+04	+0.339
26.400	+6.734e+03	+2.502e+03	+9.906e+03	+0.271
26.500	+7.334e+03	+2.031e+03	+1.018e+04	+0.217
26.600	+7.298e+03	+2.907e+03	+1.048e+04	+0.285
26.700	+8.514e+03	+1.195e+03	+8.661e+03	+0.123
26.800	+7.125e+03	+2.019e+03	+9.329e+03	+0.221
26.900	+6.970e+03	+3.544e+03	+9.494e+03	+0.337
27.000	+7.378e+03	+1.809e+03	+1.101e+04	+0.197
27.100	+7.415e+03	+2.914e+03	+1.050e+04	+0.282
27.200	+7.463e+03	+2.075e+03	+9.477e+03	+0.218
27.300	+7.643e+03	+3.275e+03	+9.306e+03	+0.300
27.400	+6.571e+03	+1.141e+03	+1.020e+04	+0.148
27.500	+8.181e+03	+3.205e+03	+1.046e+04	+0.281
27.600	+8.785e+03	+1.758e+03	+1.069e+04	+0.167
27.700	+7.522e+03	+3.945e+03	+1.104e+04	+0.344
27.800	+7.454e+03	+2.214e+03	+9.559e+03	+0.229
27.900	+7.244e+03	+1.047e+03	+1.023e+04	+0.126
28.000	+7.823e+03	+2.729e+03	+9.573e+03	+0.259
28.100	+6.911e+03	+2.778e+03	+9.356e+03	+0.287
28.200	+7.962e+03	+2.223e+03	+9.988e+03	+0.218
28.300	+7.153e+03	+3.402e+03	+1.044e+04	+0.322
28.400	+8.085e+03	+3.306e+03	+1.141e+04	+0.290
28.500	+7.298e+03	+1.812e+03	+1.000e+04	+0.199
28.600	+6.502e+03	+2.740e+03	+1.021e+04	+0.296
28.700	+7.560e+03	+2.083e+03	+9.232e+03	+0.216
28.800	+8.147e+03	+1.660e+03	+1.109e+04	+0.169
28.900	+7.347e+03	+2.108e+03	+1.037e+04	+0.223
29.000	+7.746e+03	+3.619e+03	+9.470e+03	+0.318
29.100	+8.807e+03	+2.626e+03	+1.067e+04	+0.230
29.200	+7.303e+03	+2.746e+03	+9.490e+03	+0.273
29.300	+7.995e+03	+1.899e+03	+9.605e+03	+0.192
29.400	+7.832e+03	+1.854e+03	+1.062e+04	+0.191
29.500	+8.080e+03	+2.787e+03	+1.012e+04	+0.256
29.600	+6.830e+03	+2.669e+03	+1.080e+04	+0.281
29.700	+7.583e+03	+1.730e+03	+9.713e+03	+0.186
29.800	+7.401e+03	+3.738e+03	+9.899e+03	+0.336
29.900	+8.639e+03	+2.266e+03	+8.584e+03	+0.208
30.000	+7.417e+03	+2.405e+03	+1.055e+04	+0.245
30.100	+7.054e+03	+3.457e+03	+1.036e+04	+0.329
30.200	+6.648e+03	+2.279e+03	+1.010e+04	+0.255
30.300	+6.636e+03	+2.383e+03	+1.143e+04	+0.264
30.400	+6.821e+03	+2.789e+03	+1.090e+04	+0.290
30.500	+6.656e+03	+2.504e+03	+1.068e+04	+0.273
30.600	+7.913e+03	+2.775e+03	+8.797e+03	+0.260
30.700	+7.201e+03	+1.882e+03	+1.008e+04	+0.207
30.800	+7.323e+03	+2.207e+03	+9.070e+03	+0.232
30.900	+5.597e+03	+8.255e+02	+9.377e+03	+0.129
31.000	+7.653e+03	+2.452e+03	+9.602e+03	+0.243
31.100	+7.603e+03	+2.839e+03	+1.100e+04	+0.272
31.200	+6.497e+03	+2.729e+03	+1.159e+04	+0.296
31.300	+7.299e+03	+2.571e+03	+8.911e+03	+0.260
31.400	+7.010e+03	+2.535e+03	+9.210e+03	+0.266
31.500	+6.890e+03	+3.099e+03	+1.019e+04	+0.310
31.600	+7.090e+03	+2.438e+03	+9.701e+03	+0.256
31.700	+8.400e+03	+2.400e+03	+9.933e+03	+0.222
31.800	+9.144e+03	+3.314e+03	+1.116e+04	+0.266
31.900	+8.147e+03	+3.033e+03	+1.118e+04	+0.271
32.000	+6.585e+03	+2.671e+03	+9.771e+03	+0.289
32.100	+8.184e+03	+2.507e+03	+9.361e+03	+0.235
32.200	+8.293e+03	+3.597e+03	+9.936e+03	+0.303
32.300	+8.051e+03	+2.290e+03	+1.023e+04	+0.221
32.400	+8.164e+03	+1.802e+03	+9.044e+03	+0.181
32.500	+8.821e+03	+2.308e+03	+1.012e+04	+0.207
32.600	+7.017e+03	+3.131e+03	+1.056e+04	+0.309
32.700	+6.901e+03	+4.954e+02	+9.701e+03	+0.067
32.800	+8.009e+03	+2.821e+03	+9.322e+03	+0.261
32.900	+7.688e+03	+2.109e+03	+1.023e+04	+0.215
33.000	+8.394e+03	+8.262e+02	+7.946e+03	+0.090
33.100	+7.745e+03	+2.564e+03	+1.098e+04	+0.249
33.200	+6.231e+03	+2.520e+03	+1.022e+04	+0.288
33.300	+7.550e+03	+2.324e+03	+9.394e+03	+0.235
33.400	+8.239e+03	+1.654e+03	+9.707e+03	+0.167
33.500	+6.690e+03	+3.585e+03	+1.126e+04	+0.349
33.600	+6.498e+03	+2.327e+03	+9.949e+03	+0.264
33.700	+6.714e+03	+3.520e+03	+1.016e+04	+0.344
33.800	+7.364e+03	+2.226e+03	+9.658e+03	+0.232
33.900	+7.559e+03	+2.490e+03	+8.410e+03	+0.248
34.000	+6.959e+03	+2.158e+03	+8.299e+03	+0.237
34.100	+6.738e+03	+3.744e+03	+9.603e+03	+0.357
34.200	+8.228e+03	+2.661e+03	+9.997e+03	+0.244
34.300	+7.532e+03	+2.711e+03	+1.117e+04	+0.265
34.400	+7.390e+03	+2.430e+03	+9.693e+03	+0.247
34.500	+7.496e+03	+1.349e+03	+8.796e+03	+0.153
34.600	+7.711e+03	+3.913e+03	+8.701e+03	+0.337
34.700	+6.371e+03	+2.988e+03	+1.005e+04	+0.319
34.800	+7.024e+03	+2.789e+03	+1.056e+04	+0.284
34.900	+7.363e+03	+3.205e+03	+1.025e+04	+0.303
35.000	+7.992e+03	+2.202e+03	+1.000e+04	+0.216
35.100	+8.187e+03	+1.595e+03	+9.000e+03	+0.163
35.200	+6.898e+03	+2.050e+03	+9.638e+03	+0.229
35.300	+7.550e+03	+3.226e+03	+1.001e+04	+0.299
35.400	+8.269e+03	+2.851e+03	+9.984e+03	+0.256
35.500	+8.133e+03	+2.498e+03	+9.669e+03	+0.235
35.600	+7.611e+03	+1.460e+03	+8.771e+03	+0.161
35.700	+7.058e+03	+2.180e+03	+9.059e+03	+0.236
35.800	+7.352e+03	+2.972e+03	+1.029e+04	+0.288
35.900	+7.621e+03	+3.335e+03	+9.253e+03	+0.304
36.000	+6.904e+03	+2.473e+03	+1.050e+04	+0.264
36.100	+7.771e+03	+3.752e+03	+9.109e+03	+0.326
36.200	+9.186e+03	+2.211e+03	+1.010e+04	+0.194
36.300	+8.268e+03	+1.965e+03	+9.552e+03	+0.192
36.400	+7.458e+03	+2.751e+03	+9.941e+03	+0.269
36.500	+8.848e+03	+2.936e+03	+1.113e+04	+0.249
36.600	+8.456e+03	+2.759e+03	+1.030e+04	+0.246
36.700	+6.905e+03	+1.343e+03	+8.242e+03	+0.163
36.800	+8.944e+03	+3.057e+03	+1.009e+04	+0.255
36.900	+7.180e+03	+1.677e+03	+1.068e+04	+0.189
37.000	+8.393e+03	+3.226e+03	+1.100e+04	+0.278
37.100	+7.792e+03	+2.509e+03	+9.662e+03	+0.244
37.200	+6.816e+03	+2.157e+03	+1.119e+04	+0.240
37.300	+7.700e+03	+3.405e+03	+1.039e+04	+0.307
37.400	+7.082e+03	+2.966e+03	+9.865e+03	+0.295
37.500	+6.361e+03	+3.305e+03	+9.581e+03	+0.342
37.600	+6.752e+03	+2.113e+03	+8.722e+03	+0.238
37.700	+7.999e+03	+3.154e+03	+8.800e+03	+0.283
37.800	+7.558e+03	+3.964e+03	+8.808e+03	+0.344
37.900	+7.950e+03	+2.562e+03	+9.506e+03	+0.244
38.000	+8.695e+03	+2.332e+03	+1.022e+04	+0.211
38.100	+6.361e+03	+1.172e+03	+1.140e+04	+0.156
38.200	+7.128e+03	+1.479e+03	+9.932e+03	+0.172
38.300	+6.594e+03	+1.573e+03	+1.138e+04	+0.193
38.400	+9.023e+03	+3.010e+03	+9.526e+03	+0.250
38.500	+7.331e+03	+2.090e+03	+1.098e+04	+0.222
38.600	+7.530e+03	+1.887e+03	+9.900e+03	+0.200
38.700	+7.037e+03	+2.599e+03	+1.061e+04	+0.270
38.800	+6.925e+03	+3.309e+03	+9.207e+03	+0.323
38.900	+7.382e+03	+2.314e+03	+8.706e+03	+0.239
39.000	+8.580e+03	+2.016e+03	+9.557e+03	+0.190
39.100	+7.211e+03	+2.583e+03	+9.356e+03	+0.264
39.200	+6.690e+03	+3.063e+03	+1.008e+04	+0.314
39.300	+7.738e+03	+2.310e+03	+9.258e+03	+0.230
39.400	+7.757e+03	+1.993e+03	+1.093e+04	+0.204
39.500	+7.782e+03	+2.269e+03	+1.032e+04	+0.226
39.600	+6.924e+03	+3.756e+03	+1.003e+04	+0.352
39.700	+7.748e+03	+2.555e+03	+9.500e+03	+0.248
39.800	+8.680e+03	+2.670e+03	+1.047e+04	+0.235
39.900	+6.060e+03	+2.711e+03	+9.829e+03	+0.309
40.000	+7.605e+03	+3.199e+03	+9.468e+03	+0.296
40.100	+8.605e+03	+1.862e+03	+8.961e+03	+0.178
40.200	+9.197e+03	+2.288e+03	+1.108e+04	+0.199
40.300	+8.641e+03	+2.965e+03	+9.869e+03	+0.255
40.400	+7.844e+03	+3.154e+03	+9.097e+03	+0.287
40.500	+7.421e+03	+3.236e+03	+9.547e+03	+0.304
40.600	+8.071e+03	+2.025e+03	+9.345e+03	+0.201
40.700	+7.694e+03	+2.367e+03	+1.141e+04	+0.235
40.800	+7.606e+03	+2.357e+03	+1.047e+04	+0.237
40.900	+7.441e+03	+2.289e+03	+1.011e+04	+0.235
41.000	+8.490e+03	+2.148e+03	+9.670e+03	+0.202
41.100	+7.548e+03	+1.147e+03	+1.007e+04	+0.132
41.200	+8.761e+03	+1.229e+03	+9.825e+03	+0.123
41.300	+7.087e+03	+2.104e+03	+8.634e+03	+0.229
41.400	+7.053e+03	+2.378e+03	+1.048e+04	+0.252
41.500	+7.499e+03	+2.493e+03	+1.038e+04	+0.249
41.600	+7.747e+03	+2.410e+03	+1.009e+04	+0.237
41.700	+6.875e+03	+1.771e+03	+1.019e+04	+0.205
41.800	+7.649e+03	+1.360e+03	+9.510e+03	+0.151
41.900	+7.982e+03	+3.072e+03	+8.206e+03	+0.278
42.000	+7.894e+03	+2.646e+03	+9.479e+03	+0.251
42.100	+7.478e+03	+3.255e+03	+9.509e+03	+0.303
42.200	+7.392e+03	+3.369e+03	+1.100e+04	+0.313
42.300	+7.909e+03	+3.574e+03	+9.816e+03	+0.311
42.400	+6.528e+03	+2.797e+03	+9.695e+03	+0.300
42.500	+6.968e+03	+2.839e+03	+1.041e+04	+0.289
42.600	+7.452e+03	+2.149e+03	+1.021e+04	+0.224
42.700	+7.305e+03	+2.621e+03	+9.538e+03	+0.264
42.800	+7.537e+03	+2.630e+03	+1.040e+04	+0.259
42.900	+6.357e+03	+3.097e+03	+9.701e+03	+0.328
43.000	+7.911e+03	+1.428e+03	+9.748e+03	+0.153
43.100	+7.539e+03	+2.542e+03	+8.601e+03	+0.252
43.200	+8.081e+03	+2.384e+03	+9.543e+03	+0.228
43.300	+8.570e+03	+2.065e+03	+1.039e+04	+0.194
43.400	+8.152e+03	+2.846e+03	+1.006e+04	+0.259
43.500	+7.075e+03	+2.644e+03	+8.252e+03	+0.272
43.600	+6.500e+03	+3.255e+03	+9.236e+03	+0.334
43.700	+7.482e+03	+2.151e+03	+1.027e+04	+0.223
43.800	+7.338e+03	+2.821e+03	+1.035e+04	+0.278
43.900	+6.293e+03	+2.387e+03	+9.869e+03	+0.275
44.000	+7.638e+03	+2.162e+03	+9.366e+03	+0.221
44.100	+6.735e+03	+3.037e+03	+1.051e+04	+0.311
44.200	+7.848e+03	+1.766e+03	+9.314e+03	+0.184
44.300	+7.242e+03	+2.706e+03	+9.818e+03	+0.272
44.400	+7.562e+03	+2.927e+03	+9.181e+03	+0.279
44.500	+7.596e+03	+2.733e+03	+9.306e+03	+0.265
44.600	+8.361e+03	+1.407e+03	+8.888e+03	+0.144
44.700	+7.864e+03	+2.428e+03	+9.779e+03	+0.236
44.800	+8.028e+03	+3.056e+03	+1.083e+04	+0.276
44.900	+7.069e+03	+2.567e+03	+9.320e+03	+0.266
45.000	+8.724e+03	+2.413e+03	+1.059e+04	+0.217
45.100	+7.613e+03	+2.615e+03	+9.907e+03	+0.256
45.200	+6.927e+03	+3.542e+03	+9.039e+03	+0.338
45.300	+7.531e+03	+1.136e+03	+9.395e+03	+0.131
45.400	+8.061e+03	+2.021e+03	+9.654e+03	+0.200
45.500	+7.747e+03	+1.623e+03	+1.003e+04	+0.173
45.600	+6.766e+03	+3.054e+03	+1.010e+04	+0.311
45.700	+7.979e+03	+3.391e+03	+9.103e+03	+0.298
45.800	+6.510e+03	+2.478e+03	+9.119e+03	+0.276
45.900	+8.400e+03	+2.828e+03	+9.600e+03	+0.252
46.000	+7.068e+03	+1.416e+03	+1.098e+04	+0.167
46.100	+8.280e+03	+1.993e+03	+9.492e+03	+0.194
46.200	+6.816e+03	+1.779e+03	+9.128e+03	+0.207
46.300	+7.385e+03	+2.161e+03	+9.401e+03	+0.226
46.400	+7.849e+03	+5.605e+02	+1.080e+04	+0.067
46.500	+7.289e+03	+1.832e+03	+1.072e+04	+0.201
46.600	+7.842e+03	+2.823e+03	+8.992e+03	+0.265
46.700	+7.968e+03	+1.501e+03	+1.064e+04	+0.158
46.800	+7.905e+03	+1.077e+03	+9.127e+03	+0.120
46.900	+6.286e+03	+2.859e+03	+1.006e+04	+0.313
47.000	+6.795e+03	+2.171e+03	+9.700e+03	+0.242
47.100	+6.831e+03	+2.643e+03	+1.100e+04	+0.279
47.200	+8.066e+03	+2.525e+03	+1.010e+04	+0.238
47.300	+6.003e+03	+1.466e+03	+1.148e+04	+0.196
47.400	+7.336e+03	+2.087e+03	+1.011e+04	+0.222
47.500	+8.015e+03	+3.108e+03	+1.169e+04	+0.279
47.600	+7.901e+03	+2.566e+03	+1.098e+04	+0.245
47.700	+6.930e+03	+1.809e+03	+1.050e+04	+0.207
47.800	+7.871e+03	+3.392e+03	+1.063e+04	+0.301
47.900	+7.174e+03	+2.557e+03	+9.734e+03	+0.263
48.000	+7.867e+03	+1.979e+03	+1.026e+04	+0.201
48.100	+7.199e+03	+2.821e+03	+1.012e+04	+0.282
48.200	+7.436e+03	+2.171e+03	+9.714e+03	+0.226
48.300	+6.528e+03	+3.845e+03	+1.012e+04	+0.371
48.400	+7.533e+03	+2.736e+03	+1.084e+04	+0.266
48.500	+7.020e+03	+2.224e+03	+9.711e+03	+0.241
48.600	+6.437e+03	+1.563e+03	+1.060e+04	+0.195
48.700	+7.759e+03	+1.003e+03	+9.461e+03	+0.115
48.800	+7.838e+03	+2.800e+03	+1.014e+04	+0.263
48.900	+8.378e+03	+1.649e+03	+8.943e+03	+0.164
49.000	+7.324e+03	+3.373e+03	+9.768e+03	+0.315
49.100	+6.536e+03	+2.782e+03	+9.311e+03	+0.299
49.200	+7.976e+03	+2.539e+03	+1.057e+04	+0.241
49.300	+8.025e+03	+2.335e+03	+1.101e+04	+0.225
49.400	+6.471e+03	+3.885e+03	+1.002e+04	+0.375
49.500	+6.678e+03	+2.402e+03	+9.456e+03	+0.265
49.600	+7.552e+03	+2.579e+03	+8.755e+03	+0.255
49.700	+8.492e+03	+1.810e+03	+1.014e+04	+0.176
49.800	+8.317e+03	+7.031e+02	+9.947e+03	+0.078
49.900	+8.212e+03	+2.567e+03	+1.061e+04	+0.238
50.000	+8.845e+03	+3.235e+03	+8.818e+03	+0.268
50.100	+7.691e+03	+8.159e+02	+1.062e+04	+0.096
50.200	+8.299e+03	+2.638e+03	+9.309e+03	+0.241
50.300	+6.963e+03	+2.053e+03	+1.126e+04	+0.228
50.400	+6.527e+03	+1.708e+03	+1.025e+04	+0.207
50.500	+7.731e+03	+2.478e+03	+1.096e+04	+0.243
50.600	+7.854e+03	+2.823e+03	+1.071e+04	+0.264
50.700	+8.091e+03	+1.118e+03	+9.152e+03	+0.121
50.800	+8.069e+03	+2.535e+03	+9.538e+03	+0.239
50.900	+7.176e+03	+2.862e+03	+9.798e+03	+0.285
51.000	+8.818e+03	+1.356e+03	+1.004e+04	+0.133
51.100	+7.311e+03	+2.119e+03	+1.085e+04	+0.225
51.200	+8.033e+03	+1.337e+03	+1.088e+04	+0.143
51.300	+6.773e+03	+1.876e+03	+1.043e+04	+0.217
51.400	+7.595e+03	+2.803e+03	+9.080e+03	+0.270
51.500	+7.485e+03	+3.363e+03	+1.011e+04	+0.310
51.600	+7.781e+03	+2.399e+03	+9.144e+03	+0.236
51.700	+6.487e+03	+2.720e+03	+8.567e+03	+0.295
51.800	+6.258e+03	+2.577e+03	+8.933e+03	+0.292
51.900	+8.030e+03	+3.350e+03	+1.024e+04	+0.294
52.000	+6.863e+03	+2.642e+03	+1.010e+04	+0.278
52.100	+7.126e+03	+2.390e+03	+9.725e+03	+0.251
52.200	+7.798e+03	+3.041e+03	+9.645e+03	+0.281
52.300	+7.173e+03	+2.930e+03	+1.011e+04	+0.290
52.400	+7.378e+03	+2.647e+03	+1.051e+04	+0.264
52.500	+7.068e+03	+1.328e+03	+9.748e+03	+0.158
52.600	+8.222e+03	+1.628e+03	+9.512e+03	+0.165
52.700	+6.766e+03	+2.691e+03	+9.874e+03	+0.285
52.800	+8.630e+03	+1.896e+03	+1.062e+04	+0.180
52.900	+7.431e+03	+1.202e+03	+1.076e+04	+0.139
53.000	+7.764e+03	+9.216e+02	+1.033e+04	+0.106
53.100	+7.616e+03	+3.279e+03	+1.028e+04	+0.301
53.200	+7.199e+03	+2.146e+03	+1.086e+04	+0.230
53.300	+8.495e+03	+2.637e+03	+1.012e+04	+0.237
53.400	+7.611e+03	+3.465e+03	+9.516e+03	+0.313
53.500	+3.393e+03	+3.760e+03	+1.094e+04	+0.526
53.600	+3.744e+03	+4.446e+03	+9.146e+03	+0.543
53.700	+3.854e+03	+4.489e+03	+9.786e+03	+0.538
53.800	+4.886e+03	+4.703e+03	+1.037e+04	+0.490
53.900	+5.416e+03	+5.927e+03	+9.426e+03	+0.523
54.000	+5.947e+03	+5.483e+03	+8.320e+03	+0.480
54.100	+5.150e+03	+5.040e+03	+1.025e+04	+0.495
54.200	+5.256e+03	+5.940e+03	+9.645e+03	+0.531
54.300	+5.282e+03	+4.375e+03	+1.051e+04	+0.453
54.400	+4.659e+03	+4.753e+03	+1.077e+04	+0.505
54.500	+5.410e+03	+5.118e+03	+9.238e+03	+0.486
54.600	+5.967e+03	+4.543e+03	+9.947e+03	+0.432
54.700	+5.173e+03	+4.431e+03	+9.654e+03	+0.461
54.800	+6.184e+03	+4.385e+03	+8.336e+03	+0.415
54.900	+4.689e+03	+4.663e+03	+1.019e+04	+0.499
55.000	+5.630e+03	+5.114e+03	+8.306e+03	+0.476
55.100	+4.253e+03	+5.691e+03	+9.562e+03	+0.572
55.200	+4.763e+03	+4.589e+03	+9.773e+03	+0.491
55.300	+4.942e+03	+4.264e+03	+9.893e+03	+0.463
55.400	+5.015e+03	+5.636e+03	+9.822e+03	+0.529
55.500	+5.537e+03	+5.243e+03	+1.065e+04	+0.486
55.600	+6.142e+03	+5.280e+03	+9.889e+03	+0.462
55.700	+4.433e+03	+5.820e+03	+1.007e+04	+0.568
55.800	+5.421e+03	+5.139e+03	+1.103e+04	+0.487
55.900	+5.280e+03	+4.132e+03	+9.917e+03	+0.439
56.000	+4.684e+03	+5.527e+03	+1.087e+04	+0.541
56.100	+4.471e+03	+3.827e+03	+1.079e+04	+0.461
56.200	+3.502e+03	+6.460e+03	+9.983e+03	+0.648
56.300	+3.003e+03	+7.140e+03	+9.677e+03	+0.704
56.400	+2.130e+03	+7.974e+03	+9.710e+03	+0.789
56.500	+1.743e+03	+6.681e+03	+9.535e+03	+0.793
56.600	+1.393e+03	+7.774e+03	+9.836e+03	+0.848
56.700	+1.802e+03	+7.195e+03	+1.022e+04	+0.800
56.800	+2.455e+03	+7.835e+03	+9.887e+03	+0.761
56.900	+1.575e+03	+6.781e+03	+9.375e+03	+0.812
57.000	+1.915e+03	+8.192e+03	+9.480e+03	+0.811
57.100	+1.828e+03	+6.144e+03	+9.032e+03	+0.771
57.200	+9.452e+02	+7.688e+03	+9.814e+03	+0.891
57.300	+2.685e+03	+8.859e+03	+1.061e+04	+0.767
57.400	+2.144e+03	+7.486e+03	+1.051e+04	+0.777
57.500	+3.235e+03	+7.395e+03	+1.022e+04	+0.696
57.600	+1.719e+03	+7.737e+03	+9.252e+03	+0.818
57.700	+2.323e+03	+8.979e+03	+9.048e+03	+0.794
57.800	+2.676e+03	+7.156e+03	+1.015e+04	+0.728
57.900	+2.274e+03	+8.525e+03	+1.014e+04	+0.789
58.000	+1.283e+03	+8.099e+03	+9.555e+03	+0.863
58.100	+2.672e+03	+6.970e+03	+1.050e+04	+0.723
58.200	+2.699e+03	+8.911e+03	+8.286e+03	+0.768
58.300	+1.068e+03	+7.400e+03	+9.792e+03	+0.874
58.400	+2.205e+03	+8.947e+03	+1.076e+04	+0.802
58.500	+2.777e+03	+7.102e+03	+9.501e+03	+0.719
58.600	+2.728e+03	+8.602e+03	+9.209e+03	+0.759
58.700	+4.069e+03	+6.896e+03	+1.015e+04	+0.629
58.800	+7.528e+02	+7.720e+03	+9.739e+03	+0.911
58.900	+2.133e+03	+7.637e+03	+1.080e+04	+0.782
59.000	+1.893e+03	+7.484e+03	+9.186e+03	+0.798
59.100	+2.076e+03	+7.554e+03	+1.040e+04	+0.784
59.200	+1.874e+03	+7.215e+03	+9.282e+03	+0.794
59.300	+2.462e+03	+9.095e+03	+1.075e+04	+0.787
59.400	+2.413e+03	+8.482e+03	+1.007e+04	+0.778
59.500	+8.337e+02	+7.988e+03	+1.094e+04	+0.905
59.600	+2.668e+03	+8.526e+03	+1.040e+04	+0.762
59.700	+2.013e+03	+7.113e+03	+9.435e+03	+0.779
59.800	+4.376e+03	+5.319e+03	+9.623e+03	+0.549
59.900	+5.757e+03	+4.894e+03	+9.885e+03	+0.459
60.000	+3.861e+03	+5.225e+03	+1.029e+04	+0.575
60.100	+4.983e+03	+4.288e+03	+9.616e+03	+0.463
60.200	+4.118e+03	+5.595e+03	+1.198e+04	+0.576
60.300	+5.761e+03	+5.407e+03	+1.078e+04	+0.484
60.400	+5.442e+03	+4.043e+03	+9.553e+03	+0.426
60.500	+5.997e+03	+5.535e+03	+1.067e+04	+0.480
60.600	+4.821e+03	+4.587e+03	+1.019e+04	+0.488
60.700	+5.551e+03	+4.808e+03	+1.045e+04	+0.464
60.800	+3.557e+03	+5.000e+03	+1.030e+04	+0.584
60.900	+2.061e+03	+8.062e+03	+9.154e+03	+0.796
61.000	+2.061e+03	+8.272e+03	+1.010e+04	+0.801
61.100	+3.737e+03	+4.987e+03	+9.486e+03	+0.572
61.200	+5.132e+03	+5.546e+03	+9.796e+03	+0.519
61.300	+4.254e+03	+5.525e+03	+8.926e+03	+0.565
61.400	+4.915e+03	+4.128e+03	+1.081e+04	+0.456
61.500	+5.885e+03	+6.264e+03	+1.036e+04	+0.516
61.600	+5.358e+03	+5.473e+03	+8.592e+03	+0.505
61.700	+4.435e+03	+6.472e+03	+1.049e+04	+0.593
61.800	+4.394e+03	+4.791e+03	+1.030e+04	+0.522
61.900	+6.078e+03	+6.713e+03	+9.156e+03	+0.525
62.000	+5.010e+03	+4.703e+03	+9.801e+03	+0.484
62.100	+5.326e+03	+5.438e+03	+1.040e+04	+0.505
62.200	+5.232e+03	+6.183e+03	+9.757e+03	+0.542
62.300	+5.565e+03	+4.150e+03	+8.177e+03	+0.427
62.400	+4.910e+03	+5.199e+03	+1.051e+04	+0.514
62.500	+4.894e+03	+4.468e+03	+1.051e+04	+0.477
62.600	+5.962e+03	+3.318e+03	+1.102e+04	+0.358
62.700	+4.895e+03	+5.110e+03	+9.296e+03	+0.511
62.800	+4.068e+03	+4.987e+03	+9.810e+03	+0.551
62.900	+3.731e+03	+5.346e+03	+1.059e+04	+0.589
63.000	+5.301e+03	+5.335e+03	+8.529e+03	+0.502
63.100	+4.407e+03	+4.699e+03	+1.024e+04	+0.516
63.200	+5.937e+03	+5.975e+03	+9.749e+03	+0.502
63.300	+5.111e+03	+3.462e+03	+8.916e+03	+0.404
63.400	+3.793e+03	+4.420e+03	+1.062e+04	+0.538
63.500	+5.745e+03	+5.527e+03	+9.682e+03	+0.490
63.600	+4.054e+03	+4.588e+03	+9.615e+03	+0.531
63.700	+5.475e+03	+5.542e+03	+8.945e+03	+0.503
63.800	+4.206e+03	+4.108e+03	+1.003e+04	+0.494
63.900	+4.730e+03	+3.806e+03	+9.248e+03	+0.446
64.000	+7.231e+03	+4.185e+03	+9.845e+03	+0.367
64.100	+8.217e+03	+1.079e+03	+9.705e+03	+0.116
64.200	+7.448e+03	+3.282e+03	+1.012e+04	+0.306
64.300	+7.535e+03	+2.034e+03	+1.008e+04	+0.213
64.400	+7.861e+03	+2.878e+03	+9.729e+03	+0.268
64.500	+8.634e+03	+2.395e+03	+9.890e+03	+0.217
64.600	+7.398e+03	+3.124e+03	+1.118e+04	+0.297
64.700	+7.250e+03	+2.627e+03	+1.058e+04	+0.266
64.800	+7.172e+03	+1.087e+03	+9.939e+03	+0.132
64.900	+6.306e+03	+3.657e+03	+9.933e+03	+0.367
65.000	+7.897e+03	+2.555e+03	+1.003e+04	+0.244
65.100	+8.377e+03	+2.882e+03	+9.278e+03	+0.256
65.200	+7.427e+03	+1.468e+03	+1.114e+04	+0.165
65.300	+6.831e+03	+2.077e+03	+1.113e+04	+0.233
65.400	+8.257e+03	+2.311e+03	+1.018e+04	+0.219
65.500	+7.590e+03	+2.387e+03	+9.924e+03	+0.239
65.600	+6.382e+03	+2.601e+03	+1.059e+04	+0.289
65.700	+6.412e+03	+2.535e+03	+1.015e+04	+0.283
65.800	+7.513e+03	+2.102e+03	+1.091e+04	+0.219
65.900	+7.524e+03	+3.184e+03	+1.030e+04	+0.297
66.000	+8.088e+03	+2.690e+03	+9.909e+03	+0.250
66.100	+7.584e+03	+3.440e+03	+8.901e+03	+0.312
66.200	+7.428e+03	+2.157e+03	+1.069e+04	+0.225
66.300	+7.928e+03	+2.272e+03	+9.658e+03	+0.223
66.400	+6.806e+03	+1.911e+03	+1.043e+04	+0.219
66.500	+5.828e+03	+2.511e+03	+1.054e+04	+0.301
66.600	+6.377e+03	+2.348e+03	+1.015e+04	+0.269
66.700	+6.850e+03	+1.650e+03	+8.968e+03	+0.194
66.800	+6.816e+03	+2.925e+03	+1.050e+04	+0.300
66.900	+8.653e+03	+2.434e+03	+1.036e+04	+0.220
67.000	+7.535e+03	+2.836e+03	+9.998e+03	+0.273
67.100	+7.442e+03	+2.295e+03	+1.019e+04	+0.236
67.200	+8.092e+03	+1.790e+03	+9.228e+03	+0.181
67.300	+7.902e+03	+2.830e+03	+9.822e+03	+0.264
67.400	+7.564e+03	+2.784e+03	+1.035e+04	+0.269
67.500	+7.573e+03	+2.876e+03	+1.041e+04	+0.275
67.600	+7.189e+03	+3.124e+03	+9.939e+03	+0.303
67.700	+7.778e+03	+3.243e+03	+1.087e+04	+0.294
67.800	+7.314e+03	+3.006e+03	+1.073e+04	+0.291
67.900	+8.087e+03	+2.674e+03	+9.858e+03	+0.249
68.000	+6.551e+03	+1.773e+03	+1.044e+04	+0.213
68.100	+7.485e+03	+2.059e+03	+8.909e+03	+0.216
68.200	+9.514e+03	+2.877e+03	+1.039e+04	+0.232
68.300	+7.813e+03	+3.037e+03	+8.432e+03	+0.280
68.400	+7.779e+03	+2.760e+03	+9.163e+03	+0.262
68.500	+7.613e+03	+1.438e+03	+9.820e+03	+0.159
68.600	+6.426e+03	+3.264e+03	+1.004e+04	+0.337
68.700	+6.360e+03	+2.034e+03	+1.005e+04	+0.242
68.800	+6.558e+03	+3.512e+03	+9.801e+03	+0.349
68.900	+7.604e+03	+2.486e+03	+1.069e+04	+0.246
69.000	+8.586e+03	+4.816e+02	+1.021e+04	+0.053
69.100	+7.126e+03	+1.927e+03	+1.030e+04	+0.213
69.200	+7.690e+03	+2.775e+03	+9.515e+03	+0.265
69.300	+5.881e+03	+3.192e+03	+9.780e+03	+0.352
69.400	+6.872e+03	+3.908e+03	+1.054e+04	+0.363
69.500	+8.138e+03	+3.359e+03	+1.029e+04	+0.292
69.600	+6.629e+03	+2.794e+03	+1.085e+04	+0.296
69.700	+7.813e+03	+1.620e+03	+1.028e+04	+0.172
69.800	+7.585e+03	+1.810e+03	+9.624e+03	+0.193
69.900	+7.814e+03	+3.161e+03	+9.775e+03	+0.288
70.000	+7.477e+03	+1.841e+03	+1.001e+04	+0.198
70.100	+6.499e+03	+2.208e+03	+9.264e+03	+0.254
70.200	+8.391e+03	+3.130e+03	+9.640e+03	+0.272
70.300	+8.224e+03	+3.057e+03	+9.505e+03	+0.271
70.400	+7.379e+03	+2.301e+03	+9.823e+03	+0.238
70.500	+7.983e+03	+2.470e+03	+1.142e+04	+0.236
70.600	+6.417e+03	+2.024e+03	+1.024e+04	+0.240
70.700	+6.633e+03	+2.062e+03	+1.088e+04	+0.237
70.800	+7.723e+03	+2.755e+03	+9.732e+03	+0.263
70.900	+8.697e+03	+3.575e+03	+7.877e+03	+0.291
71.000	+9.148e+03	+1.982e+03	+1.031e+04	+0.178
71.100	+7.723e+03	+1.444e+03	+9.568e+03	+0.158
71.200	+7.073e+03	+3.256e+03	+8.956e+03	+0.315
71.300	+6.489e+03	+2.269e+03	+1.037e+04	+0.259
71.400	+6.840e+03	+9.497e+02	+9.521e+03	+0.122
71.500	+8.189e+03	+3.417e+03	+1.039e+04	+0.294
71.600	+9.010e+03	+2.748e+03	+1.011e+04	+0.234
71.700	+7.052e+03	+1.939e+03	+1.006e+04	+0.216
71.800	+7.102e+03	+2.020e+03	+9.916e+03	+0.221
71.900	+8.393e+03	+3.877e+03	+8.402e+03	+0.316
72.000	+7.280e+03	+2.686e+03	+8.247e+03	+0.270
72.100	+6.793e+03	+1.615e+03	+9.034e+03	+0.192
72.200	+6.901e+03	+1.308e+03	+1.151e+04	+0.159
72.300	+8.992e+03	+1.947e+03	+1.076e+04	+0.178
72.400	+6.526e+03	+2.560e+03	+1.097e+04	+0.282
72.500	+6.572e+03	+2.178e+03	+9.937e+03	+0.249
72.600	+7.562e+03	+3.065e+03	+1.050e+04	+0.288
72.700	+7.240e+03	+1.844e+03	+9.135e+03	+0.203
72.800	+8.140e+03	+2.542e+03	+1.014e+04	+0.238
72.900	+7.256e+03	+2.749e+03	+9.983e+03	+0.275
73.000	+7.516e+03	+2.285e+03	+1.033e+04	+0.233
73.100	+8.119e+03	+2.094e+03	+1.105e+04	+0.205
73.200	+7.383e+03	+2.225e+03	+9.589e+03	+0.232
73.300	+7.175e+03	+3.155e+03	+1.090e+04	+0.305
73.400	+8.018e+03	+1.605e+03	+9.580e+03	+0.167
73.500	+7.507e+03	+2.173e+03	+9.134e+03	+0.224
73.600	+7.851e+03	+2.992e+03	+1.022e+04	+0.276
73.700	+7.494e+03	+3.090e+03	+9.340e+03	+0.292
73.800	+8.185e+03	+3.977e+03	+8.314e+03	+0.327
73.900	+7.854e+03	+3.747e+03	+9.696e+03	+0.323
74.000	+7.080e+03	+1.707e+03	+1.019e+04	+0.194
74.100	+7.417e+03	+2.641e+03	+8.903e+03	+0.263
74.200	+7.553e+03	+2.655e+03	+1.034e+04	+0.260
74.300	+7.888e+03	+2.068e+03	+8.274e+03	+0.208
74.400	+6.924e+03	+1.992e+03	+9.301e+03	+0.223
74.500	+7.514e+03	+3.354e+03	+9.054e+03	+0.309
74.600	+6.650e+03	+2.988e+03	+9.987e+03	+0.310
74.700	+8.483e+03	+1.929e+03	+1.193e+04	+0.185
74.800	+8.005e+03	+2.363e+03	+9.580e+03	+0.228
74.900	+6.914e+03	+1.957e+03	+1.003e+04	+0.221
75.000	+6.799e+03	+2.351e+03	+1.015e+04	+0.257
75.100	+8.240e+03	+4.128e+03	+9.685e+03	+0.334
75.200	+8.668e+03	+2.282e+03	+1.028e+04	+0.208
75.300	+8.012e+03	+2.612e+03	+9.966e+03	+0.246
75.400	+7.791e+03	+1.500e+03	+1.010e+04	+0.161
75.500	+7.811e+03	+2.146e+03	+1.023e+04	+0.216
75.600	+6.910e+03	+1.769e+03	+1.018e+04	+0.204
75.700	+8.884e+03	+2.533e+03	+1.081e+04	+0.222
75.800	+7.862e+03	+2.504e+03	+9.606e+03	+0.242
75.900	+7.667e+03	+2.814e+03	+1.055e+04	+0.269
76.000	+6.474e+03	+3.332e+03	+9.931e+03	+0.340
76.100	+7.705e+03	+3.197e+03	+1.009e+04	+0.293
76.200	+8.184e+03	+1.456e+03	+9.958e+03	+0.151
76.300	+7.384e+03	+1.357e+03	+1.051e+04	+0.155
76.400	+7.815e+03	+2.791e+03	+1.033e+04	+0.263
76.500	+8.409e+03	+3.065e+03	+1.103e+04	+0.267
76.600	+6.122e+03	+2.381e+03	+9.825e+03	+0.280
76.700	+6.917e+03	+1.553e+03	+1.074e+04	+0.183
76.800	+7.705e+03	+2.968e+03	+1.079e+04	+0.278
76.900	+7.176e+03	+2.819e+03	+1.008e+04	+0.282
77.000	+6.952e+03	+3.343e+03	+1.026e+04	+0.325
77.100	+6.901e+03	+1.200e+03	+1.053e+04	+0.148
77.200	+6.667e+03	+1.900e+03	+9.199e+03	+0.222
77.300	+7.536e+03	+1.861e+03	+9.456e+03	+0.198
77.400	+6.622e+03	+2.433e+03	+8.489e+03	+0.269
77.500	+8.117e+03	+2.657e+03	+9.094e+03	+0.247
77.600	+7.597e+03	+3.082e+03	+1.011e+04	+0.289
77.700	+8.499e+03	+2.967e+03	+1.039e+04	+0.259
77.800	+6.717e+03	+1.892e+03	+9.813e+03	+0.220
77.900	+8.524e+03	+2.244e+03	+9.063e+03	+0.208
78.000	+8.158e+03	+2.438e+03	+1.093e+04	+0.230
78.100	+8.033e+03	+2.957e+03	+8.792e+03	+0.269
78.200	+7.222e+03	+1.666e+03	+1.036e+04	+0.187
78.300	+7.726e+03	+3.170e+03	+1.057e+04	+0.291
78.400	+6.560e+03	+1.302e+03	+1.037e+04	+0.166
78.500	+7.932e+03	+2.323e+03	+9.891e+03	+0.227
78.600	+7.564e+03	+2.337e+03	+9.873e+03	+0.236
78.700	+8.527e+03	+1.789e+03	+1.070e+04	+0.173
78.800	+6.382e+03	+3.272e+03	+9.135e+03	+0.339
78.900	+8.544e+03	+2.480e+03	+9.103e+03	+0.225
79.000	+8.840e+03	+1.880e+03	+1.036e+04	+0.175
79.100	+6.613e+03	+2.862e+03	+9.496e+03	+0.302
79.200	+6.802e+03	+1.221e+03	+9.685e+03	+0.152
79.300	+7.035e+03	+4.001e+03	+1.059e+04	+0.363
79.400	+7.830e+03	+3.072e+03	+1.139e+04	+0.282
79.500	+7.713e+03	+2.938e+03	+1.011e+04	+0.276
79.600	+8.016e+03	+2.720e+03	+1.038e+04	+0.253
79.700	+6.784e+03	+2.700e+03	+1.018e+04	+0.285
79.800	+8.467e+03	+3.557e+03	+1.024e+04	+0.296
79.900	+6.917e+03	+1.477e+03	+9.167e+03	+0.176
80.000	+7.767e+03	+2.469e+03	+8.677e+03	+0.241
80.100	+7.777e+03	+2.689e+03	+1.003e+04	+0.257
80.200	+7.095e+03	+2.672e+03	+1.032e+04	+0.274
80.300	+8.294e+03	+1.770e+03	+8.519e+03	+0.176
80.400	+7.350e+03	+2.732e+03	+1.106e+04	+0.271
80.500	+8.179e+03	+1.461e+03	+1.077e+04	+0.152
80.600	+6.581e+03	+3.777e+03	+1.007e+04	+0.365
80.700	+8.053e+03	+1.908e+03	+1.024e+04	+0.192
80.800	+6.616e+03	+1.278e+03	+9.518e+03	+0.162
80.900	+6.842e+03	+1.254e+03	+8.785e+03	+0.155
81.000	+7.098e+03	+2.004e+03	+9.966e+03	+0.220
81.100	+7.518e+03	+2.181e+03	+1.092e+04	+0.225
81.200	+7.545e+03	+3.238e+03	+1.033e+04	+0.300
81.300	+7.879e+03	+2.371e+03	+1.055e+04	+0.231
81.400	+8.213e+03	+1.709e+03	+1.107e+04	+0.172
81.500	+7.730e+03	+2.472e+03	+1.007e+04	+0.242
81.600	+7.415e+03	+2.341e+03	+9.642e+03	+0.240
81.700	+6.858e+03	+2.930e+03	+1.056e+04	+0.299
81.800	+7.121e+03	+1.477e+03	+1.005e+04	+0.172
81.900	+6.857e+03	+1.708e+03	+9.733e+03	+0.199
82.000	+8.108e+03	+3.534e+03	+9.796e+03	+0.304
82.100	+7.140e+03	+3.153e+03	+9.910e+03	+0.306
82.200	+6.680e+03	+1.675e+03	+1.124e+04	+0.200
82.300	+7.195e+03	+3.594e+03	+8.983e+03	+0.333
82.400	+7.569e+03	+2.868e+03	+9.885e+03	+0.275
82.500	+6.187e+03	+1.602e+03	+9.840e+03	+0.206
82.600	+7.663e+03	+1.606e+03	+9.455e+03	+0.173
82.700	+7.246e+03	+2.135e+03	+9.519e+03	+0.228
82.800	+6.996e+03	+3.189e+03	+1.090e+04	+0.313
82.900	+6.668e+03	+2.434e+03	+1.052e+04	+0.267
83.000	+8.840e+03	+3.277e+03	+9.737e+03	+0.270
83.100	+8.705e+03	+2.179e+03	+1.067e+04	+0.200
83.200	+7.311e+03	+3.636e+03	+9.406e+03	+0.332
83.300	+7.167e+03	+3.265e+03	+1.054e+04	+0.313
83.400	+7.991e+03	+2.581e+03	+1.010e+04	+0.244
83.500	+8.014e+03	+1.510e+03	+1.100e+04	+0.159
83.600	+7.602e+03	+3.574e+03	+1.019e+04	+0.320
83.700	+7.355e+03	+2.862e+03	+1.058e+04	+0.280
83.800	+7.551e+03	+2.209e+03	+9.420e+03	+0.226
83.900	+6.938e+03	+2.092e+03	+9.698e+03	+0.232
84.000	+7.175e+03	+1.770e+03	+1.038e+04	+0.198
84.100	+7.371e+03	+4.059e+03	+9.749e+03	+0.355
84.200	+8.138e+03	+2.488e+03	+1.028e+04	+0.234
84.300	+7.349e+03	+1.857e+03	+9.675e+03	+0.202
84.400	+7.703e+03	+1.894e+03	+1.054e+04	+0.197
84.500	+7.461e+03	+2.338e+03	+9.033e+03	+0.239
84.600	+7.335e+03	+2.834e+03	+9.154e+03	+0.279
84.700	+7.764e+03	+3.317e+03	+1.001e+04	+0.299
84.800	+7.697e+03	+3.372e+03	+1.126e+04	+0.305
84.900	+7.289e+03	+3.167e+03	+9.419e+03	+0.303
85.000	+8.181e+03	+2.565e+03	+9.950e+03	+0.239
85.100	+7.055e+03	+3.265e+03	+9.450e+03	+0.316
85.200	+6.890e+03	+4.078e+03	+8.933e+03	+0.372
85.300	+7.657e+03	+2.397e+03	+9.458e+03	+0.238
85.400	+7.287e+03	+2.181e+03	+9.751e+03	+0.230
85.500	+7.708e+03	+1.659e+03	+9.870e+03	+0.177
85.600	+8.009e+03	+3.272e+03	+1.035e+04	+0.290
85.700	+7.103e+03	+2.225e+03	+9.805e+03	+0.239
85.800	+8.877e+03	+4.234e+03	+1.040e+04	+0.323
85.900	+6.844e+03	+2.036e+03	+1.034e+04	+0.229
86.000	+8.058e+03	+1.833e+03	+1.102e+04	+0.185
86.100	+6.983e+03	+2.412e+03	+1.010e+04	+0.257
86.200	+6.416e+03	+2.881e+03	+8.850e+03	+0.310
86.300	+8.129e+03	+1.850e+03	+1.041e+04	+0.185
86.400	+7.936e+03	+2.696e+03	+1.078e+04	+0.254
86.500	+5.385e+03	+1.226e+03	+1.061e+04	+0.185
86.600	+7.536e+03	+2.010e+03	+1.013e+04	+0.211
86.700	+6.407e+03	+2.191e+03	+9.729e+03	+0.255
86.800	+6.547e+03	+2.068e+03	+8.915e+03	+0.240
86.900	+6.595e+03	+2.579e+03	+8.912e+03	+0.281
87.000	+8.683e+03	+2.354e+03	+1.007e+04	+0.213
87.100	+7.540e+03	+2.348e+03	+9.061e+03	+0.238
87.200	+7.322e+03	+3.308e+03	+1.017e+04	+0.311
87.300	+8.181e+03	+2.390e+03	+1.047e+04	+0.226
87.400	+6.662e+03	+2.004e+03	+9.540e+03	+0.231
87.500	+7.661e+03	+2.212e+03	+9.984e+03	+0.224
87.600	+6.832e+03	+2.178e+03	+9.249e+03	+0.242
87.700	+8.102e+03	+2.605e+03	+1.101e+04	+0.243
87.800	+7.681e+03	+1.977e+03	+9.150e+03	+0.205
87.900	+7.304e+03	+2.322e+03	+9.460e+03	+0.241
88.000	+8.364e+03	+2.027e+03	+1.041e+04	+0.195
88.100	+7.893e+03	+2.170e+03	+9.979e+03	+0.216
88.200	+8.478e+03	+2.325e+03	+9.207e+03	+0.215
88.300	+7.381e+03	+2.155e+03	+1.016e+04	+0.226
88.400	+6.548e+03	+2.738e+03	+9.088e+03	+0.295
88.500	+6.927e+03	+1.862e+03	+8.775e+03	+0.212
88.600	+6.850e+03	+2.078e+03	+1.023e+04	+0.233
88.700	+6.509e+03	+2.261e+03	+1.077e+04	+0.258
88.800	+8.140e+03	+1.332e+03	+9.718e+03	+0.141
88.900	+7.631e+03	+2.654e+03	+9.839e+03	+0.258
89.000	+6.512e+03	+1.540e+03	+1.006e+04	+0.191
89.100	+6.509e+03	+1.243e+03	+9.810e+03	+0.160
89.200	+7.523e+03	+3.016e+03	+9.121e+03	+0.286
89.300	+7.943e+03	+2.226e+03	+9.847e+03	+0.219
89.400	+8.156e+03	+3.061e+03	+1.000e+04	+0.273
89.500	+6.807e+03	+1.792e+03	+1.075e+04	+0.208
89.600	+7.840e+03	+2.366e+03	+9.007e+03	+0.232
89.700	+7.722e+03	+3.450e+03	+9.962e+03	+0.309
89.800	+7.006e+03	+2.660e+03	+9.807e+03	+0.275
89.900	+7.195e+03	+2.364e+03	+9.476e+03	+0.247
90.000	+7.300e+03	+3.067e+03	+1.028e+04	+0.296
90.100	+8.904e+03	+1.310e+03	+1.082e+04	+0.128
90.200	+7.607e+03	+1.856e+03	+9.524e+03	+0.196
90.300	+6.647e+03	+1.813e+03	+1.127e+04	+0.214
90.400	+7.752e+03	+1.997e+03	+1.008e+04	+0.205
90.500	+8.388e+03	+2.868e+03	+1.107e+04	+0.255
90.600	+8.702e+03	+3.616e+03	+8.624e+03	+0.294
90.700	+7.483e+03	+2.377e+03	+1.047e+04	+0.241
90.800	+7.449e+03	+2.023e+03	+9.891e+03	+0.214
90.900	+7.886e+03	+2.350e+03	+1.135e+04	+0.230
91.000	+7.705e+03	+1.781e+03	+9.918e+03	+0.188
91.100	+7.696e+03	+3.319e+03	+8.400e+03	+0.301
91.200	+7.500e+03	+2.141e+03	+1.057e+04	+0.222
91.300	+6.885e+03	+2.229e+03	+9.420e+03	+0.245
91.400	+6.886e+03	+1.829e+03	+1.079e+04	+0.210
91.500	+7.279e+03	+1.641e+03	+9.724e+03	+0.184
91.600	+5.968e+03	+1.477e+03	+1.022e+04	+0.198
91.700	+7.304e+03	+2.510e+03	+1.075e+04	+0.256
91.800	+7.296e+03	+3.823e+03	+1.040e+04	+0.344
91.900	+8.163e+03	+1.439e+03	+9.484e+03	+0.150
92.000	+6.793e+03	+3.874e+03	+9.111e+03	+0.363
92.100	+9.543e+03	+2.167e+03	+1.026e+04	+0.185
92.200	+8.261e+03	+2.291e+03	+9.800e+03	+0.217
92.300	+7.716e+03	+1.500e+03	+9.883e+03	+0.163
92.400	+7.931e+03	+3.889e+03	+9.506e+03	+0.329
92.500	+7.562e+03	+2.987e+03	+9.134e+03	+0.283
92.600	+7.172e+03	+2.969e+03	+8.406e+03	+0.293
92.700	+6.914e+03	+2.838e+03	+9.446e+03	+0.291
92.800	+8.178e+03	+3.446e+03	+1.009e+04	+0.296
92.900	+7.865e+03	+1.651e+03	+9.714e+03	+0.174
93.000	+7.488e+03	+1.969e+03	+1.035e+04	+0.208
93.100	+7.856e+03	+2.598e+03	+9.099e+03	+0.249
93.200	+6.291e+03	+3.687e+03	+1.051e+04	+0.370
93.300	+8.157e+03	+1.257e+03	+1.004e+04	+0.133
93.400	+6.490e+03	+3.370e+03	+9.779e+03	+0.342
93.500	+7.043e+03	+3.039e+03	+9.658e+03	+0.301
93.600	+7.481e+03	+3.284e+03	+1.019e+04	+0.305
93.700	+6.609e+03	+3.451e+03	+1.040e+04	+0.343
93.800	+7.218e+03	+2.945e+03	+1.024e+04	+0.290
93.900	+8.341e+03	+3.290e+03	+1.036e+04	+0.283
94.000	+6.513e+03	+1.065e+03	+1.001e+04	+0.140
94.100	+7.232e+03	+2.355e+03	+1.091e+04	+0.246
94.200	+8.666e+03	+2.827e+03	+1.030e+04	+0.246
94.300	+6.618e+03	+1.688e+03	+1.065e+04	+0.203
94.400	+7.338e+03	+3.839e+03	+1.024e+04	+0.343
94.500	+7.168e+03	+1.740e+03	+9.370e+03	+0.195
94.600	+7.540e+03	+3.963e+03	+9.858e+03	+0.345
94.700	+7.130e+03	+2.304e+03	+9.735e+03	+0.244
94.800	+7.618e+03	+2.641e+03	+9.577e+03	+0.257
94.900	+6.703e+03	+9.911e+02	+9.898e+03	+0.129
95.000	+7.856e+03	+3.264e+03	+9.656e+03	+0.293
95.100	+7.088e+03	+2.392e+03	+9.547e+03	+0.252
95.200	+8.272e+03	+2.175e+03	+9.198e+03	+0.208
95.300	+7.086e+03	+3.069e+03	+8.501e+03	+0.302
95.400	+6.907e+03	+2.269e+03	+1.059e+04	+0.247
95.500	+8.993e+03	+3.237e+03	+9.566e+03	+0.265
95.600	+8.249e+03	+2.788e+03	+9.612e+03	+0.253
95.700	+8.122e+03	+2.727e+03	+8.943e+03	+0.251
95.800	+6.966e+03	+2.177e+03	+9.811e+03	+0.238
95.900	+8.419e+03	+2.582e+03	+9.987e+03	+0.235
96.000	+8.544e+03	+2.783e+03	+9.995e+03	+0.246
96.100	+7.620e+03	+2.209e+03	+1.035e+04	+0.225
96.200	+7.382e+03	+2.088e+03	+9.623e+03	+0.220
96.300	+7.695e+03	+3.044e+03	+1.024e+04	+0.283
96.400	+7.466e+03	+2.435e+03	+9.832e+03	+0.246
96.500	+7.511e+03	+2.525e+03	+1.020e+04	+0.252
96.600	+7.866e+03	+6.922e+02	+9.826e+03	+0.081
96.700	+6.990e+03	+2.367e+03	+1.015e+04	+0.253
96.800	+7.469e+03	+1.719e+03	+1.049e+04	+0.187
96.900	+7.428e+03	+3.374e+03	+8.508e+03	+0.312
97.000	+7.618e+03	+2.829e+03	+9.029e+03	+0.271
97.100	+7.569e+03	+2.267e+03	+9.728e+03	+0.230
97.200	+7.403e+03	+3.107e+03	+1.009e+04	+0.296
97.300	+7.603e+03	+2.221e+03	+1.061e+04	+0.226
97.400	+7.970e+03	+2.366e+03	+9.427e+03	+0.229
97.500	+7.407e+03	+2.162e+03	+1.042e+04	+0.226
97.600	+8.374e+03	+2.646e+03	+1.036e+04	+0.240
97.700	+7.437e+03	+2.193e+03	+1.014e+04	+0.228
97.800	+8.172e+03	+3.354e+03	+1.144e+04	+0.291
97.900	+8.788e+03	+3.316e+03	+8.639e+03	+0.274
98.000	+7.927e+03	+2.827e+03	+1.186e+04	+0.263
98.100	+7.472e+03	+4.397e+03	+1.044e+04	+0.370
98.200	+6.896e+03	+2.569e+03	+9.857e+03	+0.271
98.300	+7.711e+03	+2.674e+03	+1.127e+04	+0.257
98.400	+7.750e+03	+1.326e+03	+9.249e+03	+0.146
98.500	+7.423e+03	+2.322e+03	+1.065e+04	+0.238
98.600	+8.361e+03	+2.336e+03	+1.099e+04	+0.218
98.700	+7.849e+03	+1.567e+03	+1.118e+04	+0.166
98.800	+7.042e+03	+2.730e+03	+8.869e+03	+0.279
98.900	+7.371e+03	+2.345e+03	+8.999e+03	+0.241
99.000	+7.410e+03	+2.764e+03	+1.165e+04	+0.272
99.100	+7.793e+03	+2.120e+03	+9.681e+03	+0.214
99.200	+8.141e+03	+2.570e+03	+9.557e+03	+0.240
99.300	+6.095e+03	+3.456e+03	+1.086e+04	+0.362
99.400	+7.175e+03	+1.807e+03	+1.009e+04	+0.201
99.500	+6.597e+03	+2.229e+03	+9.303e+03	+0.253
99.600	+6.894e+03	+1.874e+03	+9.306e+03	+0.214
99.700	+6.705e+03	+2.507e+03	+9.576e+03	+0.272
99.800	+7.285e+03	+2.788e+03	+1.033e+04	+0.277
99.900	+6.721e+03	+3.590e+03	+1.098e+04	+0.348
100.000	+7.837e+03	+2.304e+03	+8.713e+03	+0.227
100.100	+8.150e+03	+2.419e+03	+1.024e+04	+0.229
100.200	+7.555e+03	+2.631e+03	+9.724e+03	+0.258
100.300	+7.931e+03	+1.094e+03	+1.069e+04	+0.121
100.400	+7.707e+03	+1.881e+03	+1.027e+04	+0.196
100.500	+5.914e+03	+2.654e+03	+1.055e+04	+0.310
100.600	+7.098e+03	+2.002e+03	+9.647e+03	+0.220
100.700	+7.210e+03	+2.797e+03	+8.761e+03	+0.280
100.800	+7.656e+03	+2.758e+03	+8.255e+03	+0.265
100.900	+8.110e+03	+2.302e+03	+9.914e+03	+0.221
101.000	+7.439e+03	+2.319e+03	+1.013e+04	+0.238
101.100	+7.298e+03	+3.376e+03	+1.056e+04	+0.316
101.200	+6.906e+03	+2.162e+03	+1.122e+04	+0.238
101.300	+6.701e+03	+3.291e+03	+9.553e+03	+0.329
101.400	+8.157e+03	+9.512e+02	+9.781e+03	+0.104
101.500	+7.014e+03	+2.632e+03	+1.023e+04	+0.273
101.600	+8.346e+03	+2.479e+03	+1.040e+04	+0.229
101.700	+8.590e+03	+2.635e+03	+1.098e+04	+0.235
101.800	+7.816e+03	+2.288e+03	+1.177e+04	+0.226
101.900	+5.978e+03	+3.063e+03	+9.338e+03	+0.339
102.000	+7.252e+03	+2.794e+03	+1.006e+04	+0.278
102.100	+7.565e+03	+3.914e+03	+1.007e+04	+0.341
102.200	+8.324e+03	+1.974e+03	+9.903e+03	+0.192
102.300	+7.580e+03	+2.387e+03	+1.047e+04	+0.239
102.400	+7.550e+03	+2.627e+03	+9.606e+03	+0.258
102.500	+7.353e+03	+1.898e+03	+9.790e+03	+0.205
102.600	+7.818e+03	+2.939e+03	+1.058e+04	+0.273
102.700	+7.512e+03	+2.567e+03	+9.760e+03	+0.255
102.800	+8.083e+03	+2.905e+03	+1.083e+04	+0.264
102.900	+7.462e+03	+2.172e+03	+9.996e+03	+0.225
103.000	+7.391e+03	+2.444e+03	+9.577e+03	+0.248
103.100	+7.710e+03	+3.844e+03	+1.049e+04	+0.333
103.200	+6.938e+03	+2.667e+03	+1.074e+04	+0.278
103.300	+8.127e+03	+3.343e+03	+9.772e+03	+0.291
103.400	+8.167e+03	+3.866e+03	+9.493e+03	+0.321
103.500	+8.836e+03	+2.577e+03	+9.692e+03	+0.226
103.600	+6.954e+03	+3.730e+03	+9.799e+03	+0.349
103.700	+8.145e+03	+1.440e+03	+9.461e+03	+0.150
103.800	+7.756e+03	+2.648e+03	+1.062e+04	+0.255
103.900	+6.085e+03	+2.319e+03	+8.132e+03	+0.276
104.000	+8.263e+03	+2.386e+03	+1.003e+04	+0.224
104.100	+7.261e+03	+3.113e+03	+1.011e+04	+0.300
104.200	+7.381e+03	+2.824e+03	+9.451e+03	+0.277
104.300	+7.374e+03	+3.627e+03	+1.010e+04	+0.330
104.400	+7.052e+03	+2.929e+03	+8.963e+03	+0.293
104.500	+6.810e+03	+1.548e+03	+9.542e+03	+0.185
104.600	+7.076e+03	+4.406e+03	+9.803e+03	+0.384
104.700	+7.292e+03	+3.927e+03	+1.072e+04	+0.350
104.800	+7.797e+03	+2.756e+03	+9.846e+03	+0.261
104.900	+7.099e+03	+2.772e+03	+9.225e+03	+0.281
105.000	+7.907e+03	+3.334e+03	+8.880e+03	+0.297
105.100	+8.178e+03	+2.444e+03	+1.007e+04	+0.230
105.200	+8.446e+03	+2.938e+03	+9.054e+03	+0.258
105.300	+7.218e+03	+3.829e+03	+9.857e+03	+0.347
105.400	+6.422e+03	+1.970e+03	+1.066e+04	+0.235
105.500	+8.117e+03	+3.498e+03	+9.578e+03	+0.301
105.600	+7.031e+03	+2.285e+03	+1.045e+04	+0.245
105.700	+8.318e+03	+1.339e+03	+9.827e+03	+0.139
105.800	+7.489e+03	+1.354e+03	+9.611e+03	+0.153
105.900	+8.273e+03	+1.892e+03	+9.488e+03	+0.186
106.000	+7.054e+03	+2.117e+03	+9.842e+03	+0.231
106.100	+7.894e+03	+2.773e+03	+1.054e+04	+0.260
106.200	+7.107e+03	+4.279e+03	+1.151e+04	+0.376
106.300	+6.947e+03	+2.210e+03	+1.069e+04	+0.241
106.400	+8.607e+03	+2.088e+03	+1.062e+04	+0.195
106.500	+7.823e+03	+2.872e+03	+1.031e+04	+0.269
106.600	+6.520e+03	+2.000e+03	+1.019e+04	+0.235
106.700	+8.401e+03	+1.845e+03	+1.077e+04	+0.180
106.800	+7.766e+03	+2.982e+03	+8.861e+03	+0.277
106.900	+7.711e+03	+2.948e+03	+9.664e+03	+0.277
107.000	+7.491e+03	+3.885e+03	+1.036e+04	+0.342
107.100	+7.164e+03	+2.815e+03	+9.906e+03	+0.282
107.200	+7.882e+03	+2.631e+03	+1.017e+04	+0.250
107.300	+8.108e+03	+1.690e+03	+9.606e+03	+0.172
107.400	+7.094e+03	+3.175e+03	+9.275e+03	+0.309
107.500	+7.706e+03	+3.950e+03	+9.478e+03	+0.339
107.600	+7.173e+03	+2.893e+03	+1.048e+04	+0.287
107.700	+7.047e+03	+3.227e+03	+8.310e+03	+0.314
107.800	+7.761e+03	+3.025e+03	+1.061e+04	+0.280
107.900	+7.077e+03	+1.029e+03	+1.046e+04	+0.127
108.000	+7.418e+03	+3.010e+03	+8.849e+03	+0.289
108.100	+8.596e+03	+2.088e+03	+1.058e+04	+0.195
108.200	+7.217e+03	+1.556e+03	+8.625e+03	+0.177
108.300	+7.717e+03	+3.299e+03	+9.760e+03	+0.300
108.400	+7.627e+03	+3.467e+03	+1.018e+04	+0.313
108.500	+7.227e+03	+3.720e+03	+9.986e+03	+0.340
108.600	+8.059e+03	+1.286e+03	+9.375e+03	+0.138
108.700	+8.601e+03	+2.668e+03	+1.051e+04	+0.237
108.800	+6.831e+03	+2.222e+03	+9.466e+03	+0.245
108.900	+9.043e+03	+2.721e+03	+1.069e+04	+0.231
109.000	+6.167e+03	+3.318e+03	+1.026e+04	+0.350
109.100	+5.641e+03	+4.201e+03	+9.533e+03	+0.427
109.200	+5.527e+03	+4.082e+03	+1.017e+04	+0.425
109.300	+8.085e+03	+2.032e+03	+9.254e+03	+0.201
109.400	+7.066e+03	+2.067e+03	+9.034e+03	+0.226
109.500	+8.150e+03	+6.611e+02	+9.923e+03	+0.075
109.600	+8.345e+03	+1.865e+03	+1.035e+04	+0.183
109.700	+6.736e+03	+2.742e+03	+8.952e+03	+0.289
109.800	+8.048e+03	+2.812e+03	+1.009e+04	+0.259
109.900	+6.794e+03	+3.189e+03	+9.780e+03	+0.319
110.000	+7.676e+03	+3.051e+03	+1.073e+04	+0.284
110.100	+6.377e+03	+1.515e+03	+1.029e+04	+0.192
110.200	+8.230e+03	+2.675e+03	+9.446e+03	+0.245
110.300	+7.123e+03	+3.434e+03	+8.711e+03	+0.325
110.400	+7.847e+03	+1.545e+03	+1.136e+04	+0.164
110.500	+8.212e+03	+1.704e+03	+9.621e+03	+0.172
110.600	+7.757e+03	+2.070e+03	+1.016e+04	+0.211
110.700	+7.475e+03	+2.783e+03	+1.002e+04	+0.271
110.800	+7.998e+03	+2.252e+03	+9.508e+03	+0.220
110.900	+8.175e+03	+3.178e+03	+9.472e+03	+0.280
111.000	+7.961e+03	+3.055e+03	+1.072e+04	+0.277
111.100	+7.297e+03	+2.143e+03	+1.053e+04	+0.227
111.200	+7.366e+03	+3.150e+03	+1.049e+04	+0.300
111.300	+8.140e+03	+1.762e+03	+1.022e+04	+0.178
111.400	+8.489e+03	+2.827e+03	+8.421e+03	+0.250
111.500	+9.565e+03	+2.044e+03	+9.500e+03	+0.176
111.600	+8.422e+03	+1.502e+03	+1.105e+04	+0.151
111.700	+7.141e+03	+2.012e+03	+8.960e+03	+0.220
111.800	+5.839e+03	+2.013e+03	+8.685e+03	+0.256
111.900	+7.327e+03	+3.523e+03	+9.921e+03	+0.325
112.000	+7.586e+03	+3.205e+03	+9.427e+03	+0.297
112.100	+6.710e+03	+1.534e+03	+1.031e+04	+0.186
112.200	+8.175e+03	+2.305e+03	+1.009e+04	+0.220
112.300	+7.354e+03	+2.765e+03	+1.051e+04	+0.273
112.400	+7.020e+03	+2.768e+03	+1.047e+04	+0.283
112.500	+7.294e+03	+2.767e+03	+1.002e+04	+0.275
112.600	+6.955e+03	+1.472e+03	+9.187e+03	+0.175
112.700	+7.484e+03	+2.188e+03	+8.418e+03	+0.226
112.800	+8.372e+03	+2.544e+03	+9.455e+03	+0.233
112.900	+7.468e+03	+1.526e+03	+9.748e+03	+0.170
113.000	+7.363e+03	+2.946e+03	+9.362e+03	+0.286
113.100	+7.464e+03	+3.162e+03	+9.833e+03	+0.298
113.200	+7.164e+03	+3.197e+03	+1.039e+04	+0.309
113.300	+6.691e+03	+1.644e+03	+1.062e+04	+0.197
113.400	+7.467e+03	+2.423e+03	+1.086e+04	+0.245
113.500	+7.031e+03	+3.662e+03	+8.833e+03	+0.342
113.600	+8.111e+03	+2.797e+03	+1.094e+04	+0.256
113.700	+7.447e+03	+1.805e+03	+9.776e+03	+0.195
113.800	+7.580e+03	+2.105e+03	+1.044e+04	+0.217
113.900	+7.551e+03	+2.704e+03	+1.025e+04	+0.264
114.000	+7.378e+03	+1.668e+03	+9.245e+03	+0.184
114.100	+7.065e+03	+2.322e+03	+9.236e+03	+0.247
114.200	+8.265e+03	+1.869e+03	+1.072e+04	+0.184
114.300	+6.800e+03	+2.041e+03	+1.015e+04	+0.231
114.400	+7.351e+03	+2.234e+03	+8.916e+03	+0.233
114.500	+7.183e+03	+2.534e+03	+9.436e+03	+0.261
114.600	+8.109e+03	+2.416e+03	+9.513e+03	+0.230
114.700	+6.430e+03	+2.359e+03	+9.922e+03	+0.268
114.800	+7.980e+03	+2.865e+03	+9.545e+03	+0.264
114.900	+7.085e+03	+3.705e+03	+9.837e+03	+0.343
115.000	+7.590e+03	+2.287e+03	+9.446e+03	+0.232
115.100	+6.670e+03	+3.542e+03	+1.068e+04	+0.347
115.200	+6.328e+03	+1.318e+03	+8.964e+03	+0.172
115.300	+5.930e+03	+3.178e+03	+1.065e+04	+0.349
115.400	+7.424e+03	+2.919e+03	+1.064e+04	+0.282
115.500	+7.769e+03	+1.505e+03	+9.775e+03	+0.162
115.600	+7.609e+03	+3.316e+03	+8.712e+03	+0.304
115.700	+6.935e+03	+2.116e+03	+1.042e+04	+0.234
115.800	+6.103e+03	+2.255e+03	+9.418e+03	+0.270
115.900	+8.107e+03	+2.352e+03	+9.869e+03	+0.225
116.000	+7.548e+03	+1.808e+03	+9.031e+03	+0.193
116.100	+6.513e+03	+2.533e+03	+1.048e+04	+0.280
116.200	+8.479e+03	+1.528e+03	+8.506e+03	+0.153
116.300	+7.380e+03	+2.708e+03	+1.051e+04	+0.268
116.400	+8.368e+03	+2.165e+03	+1.036e+04	+0.206
116.500	+7.891e+03	+2.837e+03	+9.958e+03	+0.264
116.600	+8.129e+03	+2.573e+03	+1.038e+04	+0.240
116.700	+7.442e+03	+2.434e+03	+9.270e+03	+0.246
116.800	+7.085e+03	+3.230e+03	+1.007e+04	+0.313
116.900	+8.432e+03	+2.796e+03	+9.755e+03	+0.249
117.000	+7.730e+03	+2.252e+03	+9.937e+03	+0.226
117.100	+6.888e+03	+4.476e+03	+9.270e+03	+0.394
117.200	+6.602e+03	+1.696e+03	+1.041e+04	+0.204
117.300	+8.112e+03	+2.634e+03	+1.070e+04	+0.245
117.400	+7.575e+03	+2.402e+03	+9.111e+03	+0.241
117.500	+7.302e+03	+2.718e+03	+1.019e+04	+0.271
117.600	+6.700e+03	+1.948e+03	+1.050e+04	+0.225
117.700	+6.890e+03	+3.369e+03	+1.016e+04	+0.328
117.800	+6.473e+03	+1.876e+03	+1.009e+04	+0.225
117.900	+7.532e+03	+3.455e+03	+8.173e+03	+0.314
118.000	+7.885e+03	+2.478e+03	+1.100e+04	+0.239
118.100	+7.972e+03	+3.798e+03	+1.028e+04	+0.323
118.200	+7.722e+03	+2.183e+03	+1.038e+04	+0.220
118.300	+7.206e+03	+2.360e+03	+1.069e+04	+0.247
118.400	+7.409e+03	+2.303e+03	+9.116e+03	+0.237
118.500	+7.743e+03	+2.910e+03	+9.434e+03	+0.273
118.600	+6.959e+03	+2.452e+03	+9.672e+03	+0.261
118.700	+8.689e+03	+1.912e+03	+1.003e+04	+0.180
118.800	+7.565e+03	+2.825e+03	+9.232e+03	+0.272
118.900	+7.933e+03	+1.831e+03	+1.020e+04	+0.188
119.000	+8.773e+03	+3.808e+03	+9.561e+03	+0.303
119.100	+8.166e+03	+2.394e+03	+9.148e+03	+0.227
119.200	+7.444e+03	+3.607e+03	+8.799e+03	+0.326
119.300	+6.262e+03	+2.398e+03	+9.524e+03	+0.277
119.400	+7.711e+03	+1.764e+03	+1.005e+04	+0.186
119.500	+7.477e+03	+1.441e+03	+8.670e+03	+0.162
119.600	+8.079e+03	+2.190e+03	+1.066e+04	+0.213
119.700	+7.738e+03	+3.086e+03	+9.500e+03	+0.285
119.800	+6.779e+03	+3.961e+03	+1.039e+04	+0.369
119.900	+7.585e+03	+3.260e+03	+1.066e+04	+0.301
120.000	+7.043e+03	+2.924e+03	+1.031e+04	+0.293
120.100	+7.803e+03	+2.714e+03	+1.009e+04	+0.258
120.200	+7.431e+03	+1.759e+03	+1.113e+04	+0.191
120.300	+5.685e+03	+2.544e+03	+1.015e+04	+0.309
120.400	+8.067e+03	+1.538e+03	+9.057e+03	+0.160
120.500	+8.742e+03	+2.068e+03	+9.965e+03	+0.191
120.600	+8.463e+03	+2.100e+03	+1.066e+04	+0.199
120.700	+7.785e+03	+2.443e+03	+8.801e+03	+0.239
120.800	+7.751e+03	+2.505e+03	+9.684e+03	+0.244
120.900	+7.491e+03	+2.892e+03	+9.798e+03	+0.279
121.000	+7.833e+03	+1.867e+03	+1.012e+04	+0.192
121.100	+7.781e+03	+1.853e+03	+1.015e+04	+0.192
121.200	+8.061e+03	+2.233e+03	+1.026e+04	+0.217
121.300	+7.013e+03	+3.261e+03	+8.930e+03	+0.317
121.400	+6.827e+03	+1.479e+03	+9.969e+03	+0.178
121.500	+8.015e+03	+1.059e+03	+8.769e+03	+0.117
121.600	+7.805e+03	+2.367e+03	+1.097e+04	+0.233
121.700	+8.264e+03	+1.669e+03	+9.885e+03	+0.168
121.800	+7.490e+03	+1.779e+03	+9.349e+03	+0.192
121.900	+6.904e+03	+2.798e+03	+1.070e+04	+0.288
122.000	+8.383e+03	+2.705e+03	+1.100e+04	+0.244
122.100	+7.705e+03	+3.078e+03	+9.241e+03	+0.285
122.200	+7.522e+03	+1.967e+03	+1.125e+04	+0.207
122.300	+6.571e+03	+2.665e+03	+1.054e+04	+0.289
122.400	+7.398e+03	+2.459e+03	+9.394e+03	+0.249
122.500	+7.723e+03	+2.395e+03	+1.048e+04	+0.237
122.600	+7.696e+03	+2.851e+03	+9.951e+03	+0.270
122.700	+6.573e+03	+1.320e+03	+1.010e+04	+0.167
122.800	+7.436e+03	+3.473e+03	+9.396e+03	+0.318
122.900	+7.510e+03	+3.641e+03	+9.444e+03	+0.327
123.000	+8.051e+03	+2.839e+03	+1.089e+04	+0.261
123.100	+7.755e+03	+1.824e+03	+8.329e+03	+0.190
123.200	+6.193e+03	+2.911e+03	+8.921e+03	+0.320
123.300	+8.030e+03	+2.695e+03	+1.008e+04	+0.251
123.400	+7.568e+03	+1.295e+03	+9.110e+03	+0.146
123.500	+7.392e+03	+1.445e+03	+8.661e+03	+0.164
123.600	+6.657e+03	+3.285e+03	+1.096e+04	+0.330
123.700	+6.662e+03	+2.257e+03	+1.037e+04	+0.253
123.800	+8.067e+03	+2.910e+03	+9.987e+03	+0.265
123.900	+7.695e+03	+1.929e+03	+1.077e+04	+0.200
124.000	+8.491e+03	+2.665e+03	+1.181e+04	+0.239
124.100	+8.007e+03	+2.099e+03	+1.014e+04	+0.208
124.200	+7.165e+03	+2.296e+03	+9.357e+03	+0.243
124.300	+8.101e+03	+2.722e+03	+1.004e+04	+0.251
124.400	+6.487e+03	+3.406e+03	+8.906e+03	+0.344
124.500	+9.366e+03	+3.631e+03	+1.062e+04	+0.279
124.600	+8.335e+03	+3.240e+03	+1.007e+04	+0.280
124.700	+7.397e+03	+2.832e+03	+9.879e+03	+0.277
124.800	+7.524e+03	+2.295e+03	+1.123e+04	+0.234
124.900	+7.154e+03	+3.004e+03	+9.221e+03	+0.296
125.000	+7.192e+03	+3.036e+03	+9.102e+03	+0.297
125.100	+6.928e+03	+3.353e+03	+1.006e+04	+0.326
125.200	+7.126e+03	+2.360e+03	+9.921e+03	+0.249
125.300	+6.307e+03	+2.217e+03	+1.005e+04	+0.260
125.400	+7.788e+03	+1.843e+03	+9.775e+03	+0.191
125.500	+8.251e+03	+2.046e+03	+9.412e+03	+0.199
125.600	+7.886e+03	+3.950e+03	+1.030e+04	+0.334
125.700	+7.716e+03	+3.080e+03	+9.466e+03	+0.285
125.800	+7.676e+03	+3.173e+03	+9.960e+03	+0.292
125.900	+8.732e+03	+2.136e+03	+1.110e+04	+0.197
126.000	+7.237e+03	+2.018e+03	+9.616e+03	+0.218
126.100	+8.551e+03	+2.659e+03	+9.995e+03	+0.237
126.200	+6.346e+03	+1.786e+03	+9.944e+03	+0.220
126.300	+8.080e+03	+2.744e+03	+9.744e+03	+0.253
126.400	+7.474e+03	+2.368e+03	+1.015e+04	+0.241
126.500	+8.355e+03	+2.287e+03	+9.670e+03	+0.215
126.600	+8.211e+03	+1.674e+03	+9.009e+03	+0.169
126.700	+7.105e+03	+2.377e+03	+9.756e+03	+0.251
126.800	+7.564e+03	+2.925e+03	+9.602e+03	+0.279
126.900	+8.315e+03	+2.488e+03	+9.912e+03	+0.230
127.000	+7.014e+03	+2.350e+03	+9.730e+03	+0.251
127.100	+7.357e+03	+3.650e+03	+1.032e+04	+0.332
127.200	+7.352e+03	+2.080e+03	+1.129e+04	+0.221
127.300	+7.231e+03	+2.476e+03	+1.089e+04	+0.255
127.400	+7.407e+03	+2.053e+03	+1.048e+04	+0.217
127.500	+8.131e+03	+3.169e+03	+9.859e+03	+0.280
127.600	+7.419e+03	+2.366e+03	+1.110e+04	+0.242
127.700	+8.033e+03	+2.928e+03	+1.189e+04	+0.267
127.800	+9.174e+03	+2.879e+03	+9.914e+03	+0.239
127.900	+6.841e+03	+1.560e+03	+9.641e+03	+0.186
128.000	+7.199e+03	+2.572e+03	+1.051e+04	+0.263
128.100	+6.211e+03	+2.224e+03	+9.838e+03	+0.264
128.200	+7.545e+03	+1.519e+03	+8.933e+03	+0.168
128.300	+7.071e+03	+2.608e+03	+8.918e+03	+0.269
128.400	+7.737e+03	+2.306e+03	+9.561e+03	+0.230
128.500	+6.551e+03	+3.112e+03	+9.051e+03	+0.322
128.600	+8.443e+03	+2.512e+03	+9.830e+03	+0.229
128.700	+9.138e+03	+1.374e+03	+9.089e+03	+0.131
128.800	+7.734e+03	+2.365e+03	+9.436e+03	+0.234
128.900	+7.918e+03	+2.745e+03	+1.040e+04	+0.257
129.000	+7.724e+03	+2.607e+03	+1.044e+04	+0.252
129.100	+6.788e+03	+2.601e+03	+1.121e+04	+0.277
129.200	+7.473e+03	+1.852e+03	+9.796e+03	+0.199
129.300	+8.465e+03	+1.280e+03	+8.730e+03	+0.131
129.400	+6.962e+03	+1.364e+03	+9.670e+03	+0.164
129.500	+7.993e+03	+2.397e+03	+9.329e+03	+0.231
129.600	+7.295e+03	+2.501e+03	+1.024e+04	+0.255
129.700	+6.501e+03	+2.668e+03	+1.037e+04	+0.291
129.800	+7.582e+03	+1.356e+03	+1.003e+04	+0.152
129.900	+8.027e+03	+1.698e+03	+9.806e+03	+0.175
130.000	+8.472e+03	+4.074e+03	+9.782e+03	+0.325
130.100	+7.225e+03	+2.419e+03	+9.727e+03	+0.251
130.200	+7.511e+03	+3.242e+03	+9.250e+03	+0.302
130.300	+7.399e+03	+3.216e+03	+8.947e+03	+0.303
130.400	+7.333e+03	+1.576e+03	+1.089e+04	+0.177
130.500	+6.933e+03	+2.698e+03	+9.727e+03	+0.280
130.600	+7.437e+03	+2.264e+03	+9.432e+03	+0.233
130.700	+6.233e+03	+2.998e+03	+9.835e+03	+0.325
130.800	+7.432e+03	+2.328e+03	+1.006e+04	+0.239
130.900	+6.196e+03	+2.434e+03	+9.913e+03	+0.282
131.000	+7.706e+03	+3.605e+03	+1.032e+04	+0.319
131.100	+9.218e+03	+9.659e+02	+9.960e+03	+0.095
131.200	+6.700e+03	+2.267e+03	+9.613e+03	+0.253
131.300	+6.957e+03	+1.276e+03	+9.063e+03	+0.155
131.400	+8.283e+03	+1.349e+03	+1.089e+04	+0.140
131.500	+6.188e+03	+1.923e+03	+1.001e+04	+0.237
131.600	+5.848e+03	+3.771e+03	+9.400e+03	+0.392
131.700	+8.842e+03	+3.073e+03	+9.866e+03	+0.258
131.800	+8.976e+03	+2.829e+03	+1.146e+04	+0.240
131.900	+6.527e+03	+2.479e+03	+1.108e+04	+0.275
132.000	+7.796e+03	+2.980e+03	+9.651e+03	+0.277
132.100	+6.590e+03	+1.446e+03	+9.508e+03	+0.180
132.200	+8.146e+03	+2.352e+03	+9.840e+03	+0.224
132.300	+6.914e+03	+2.717e+03	+9.017e+03	+0.282
132.400	+7.809e+03	+3.041e+03	+9.385e+03	+0.280
132.500	+7.401e+03	+2.492e+03	+1.035e+04	+0.252
132.600	+6.907e+03	+3.068e+03	+9.966e+03	+0.308
132.700	+8.097e+03	+3.451e+03	+1.005e+04	+0.299
132.800	+6.844e+03	+2.063e+03	+9.660e+03	+0.232
132.900	+6.219e+03	+2.424e+03	+9.494e+03	+0.280
133.000	+7.488e+03	+1.924e+03	+1.048e+04	+0.204
133.100	+8.027e+03	+1.956e+03	+9.642e+03	+0.196
133.200	+6.762e+03	+2.367e+03	+9.122e+03	+0.259
133.300	+7.948e+03	+3.145e+03	+9.264e+03	+0.283
133.400	+8.737e+03	+2.994e+03	+1.110e+04	+0.255
133.500	+7.444e+03	+2.228e+03	+8.588e+03	+0.230
133.600	+7.086e+03	+2.408e+03	+9.466e+03	+0.254
133.700	+8.918e+03	+3.746e+03	+9.983e+03	+0.296
133.800	+6.607e+03	+3.029e+03	+9.461e+03	+0.314
133.900	+7.928e+03	+3.626e+03	+9.271e+03	+0.314
134.000	+6.861e+03	+2.035e+03	+1.014e+04	+0.229
134.100	+6.630e+03	+1.808e+03	+9.944e+03	+0.214
134.200	+8.455e+03	+2.394e+03	+1.045e+04	+0.221
134.300	+7.483e+03	+1.656e+03	+1.025e+04	+0.181
134.400	+8.699e+03	+1.705e+03	+9.312e+03	+0.164
134.500	+8.937e+03	+1.672e+03	+1.024e+04	+0.158
134.600	+8.128e+03	+2.641e+03	+9.610e+03	+0.245
134.700	+6.079e+03	+1.581e+03	+8.981e+03	+0.206
134.800	+7.804e+03	+3.076e+03	+9.434e+03	+0.283
134.900	+8.490e+03	+2.166e+03	+1.092e+04	+0.203
135.000	+7.942e+03	+2.334e+03	+9.011e+03	+0.227
135.100	+6.712e+03	+1.960e+03	+1.115e+04	+0.226
135.200	+6.905e+03	+2.776e+03	+8.601e+03	+0.287
135.300	+8.135e+03	+2.806e+03	+1.031e+04	+0.256
135.400	+7.555e+03	+1.637e+03	+9.125e+03	+0.178
135.500	+6.419e+03	+2.806e+03	+9.959e+03	+0.304
135.600	+5.962e+03	+1.450e+03	+9.927e+03	+0.196
135.700	+7.545e+03	+2.687e+03	+9.901e+03	+0.263
135.800	+6.573e+03	+3.383e+03	+9.918e+03	+0.340
135.900	+6.911e+03	+2.075e+03	+9.789e+03	+0.231
136.000	+7.118e+03	+2.963e+03	+9.451e+03	+0.294
136.100	+7.606e+03	+3.325e+03	+9.195e+03	+0.304
136.200	+7.643e+03	+1.832e+03	+9.545e+03	+0.193
136.300	+8.265e+03	+3.000e+03	+1.013e+04	+0.266
136.400	+8.273e+03	+2.033e+03	+9.816e+03	+0.197
136.500	+8.529e+03	+1.288e+03	+1.018e+04	+0.131
136.600	+5.646e+03	+3.187e+03	+1.041e+04	+0.361
136.700	+8.250e+03	+4.172e+03	+1.045e+04	+0.336
136.800	+5.429e+03	+2.190e+03	+9.666e+03	+0.287
136.900	+7.286e+03	+2.069e+03	+1.058e+04	+0.221
137.000	+8.521e+03	+2.764e+03	+1.066e+04	+0.245
137.100	+7.651e+03	+2.092e+03	+8.922e+03	+0.215
137.200	+7.530e+03	+2.580e+03	+9.881e+03	+0.255
137.300	+7.610e+03	+1.581e+03	+1.048e+04	+0.172
137.400	+8.619e+03	+2.144e+03	+1.099e+04	+0.199
137.500	+7.582e+03	+2.694e+03	+1.010e+04	+0.262
137.600	+7.170e+03	+2.541e+03	+1.043e+04	+0.262
137.700	+7.340e+03	+2.291e+03	+9.694e+03	+0.238
137.800	+7.734e+03	+2.123e+03	+1.006e+04	+0.215
137.900	+7.845e+03	+3.887e+03	+1.027e+04	+0.331
138.000	+6.872e+03	+2.354e+03	+1.052e+04	+0.255
138.100	+7.074e+03	+2.263e+03	+1.144e+04	+0.242
138.200	+9.508e+03	+1.712e+03	+1.077e+04	+0.153
138.300	+9.743e+03	+2.096e+03	+9.890e+03	+0.177
138.400	+6.488e+03	+7.695e+02	+1.024e+04	+0.106
138.500	+7.390e+03	+2.058e+03	+1.000e+04	+0.218
138.600	+6.308e+03	+1.794e+03	+1.048e+04	+0.221
138.700	+8.690e+03	+3.439e+03	+1.085e+04	+0.284
138.800	+5.777e+03	+3.466e+03	+9.468e+03	+0.375
138.900	+8.531e+03	+2.707e+03	+1.037e+04	+0.241
139.000	+7.796e+03	+3.865e+03	+1.151e+04	+0.331
139.100	+8.220e+03	+1.782e+03	+1.019e+04	+0.178
139.200	+6.284e+03	+2.812e+03	+9.902e+03	+0.309
139.300	+7.167e+03	+2.406e+03	+1.088e+04	+0.251
139.400	+8.021e+03	+2.115e+03	+1.048e+04	+0.209
139.500	+6.716e+03	+2.350e+03	+9.587e+03	+0.259
139.600	+7.640e+03	+1.764e+03	+9.838e+03	+0.188
139.700	+6.693e+03	+3.501e+03	+1.010e+04	+0.343
139.800	+7.985e+03	+2.101e+03	+1.028e+04	+0.208
139.900	+8.655e+03	+2.987e+03	+9.324e+03	+0.257
140.000	+7.667e+03	+2.761e+03	+8.561e+03	+0.265
140.100	+7.351e+03	+2.511e+03	+1.065e+04	+0.255
140.200	+7.939e+03	+2.324e+03	+1.156e+04	+0.226
140.300	+7.159e+03	+2.583e+03	+1.038e+04	+0.265
140.400	+7.091e+03	+1.683e+03	+1.072e+04	+0.192
140.500	+7.422e+03	+3.117e+03	+9.503e+03	+0.296
140.600	+6.815e+03	+2.517e+03	+9.880e+03	+0.270
140.700	+7.452e+03	+4.113e+03	+1.024e+04	+0.356
140.800	+8.212e+03	+3.023e+03	+1.024e+04	+0.269
140.900	+7.480e+03	+2.064e+03	+1.032e+04	+0.216
141.000	+8.293e+03	+2.249e+03	+9.597e+03	+0.213
141.100	+7.609e+03	+3.345e+03	+9.882e+03	+0.305
141.200	+8.518e+03	+2.699e+03	+1.175e+04	+0.241
141.300	+7.106e+03	+2.496e+03	+9.524e+03	+0.260
141.400	+6.932e+03	+2.164e+03	+9.000e+03	+0.238
141.500	+7.474e+03	+2.445e+03	+1.007e+04	+0.246
141.600	+7.540e+03	+2.779e+03	+9.503e+03	+0.269
141.700	+8.215e+03	+1.882e+03	+8.455e+03	+0.186
141.800	+7.240e+03	+2.067e+03	+1.023e+04	+0.222
141.900	+8.054e+03	+2.407e+03	+1.056e+04	+0.230
142.000	+7.724e+03	+2.233e+03	+9.188e+03	+0.224
142.100	+7.281e+03	+2.973e+03	+1.071e+04	+0.290
142.200	+7.835e+03	+3.470e+03	+1.027e+04	+0.307
142.300	+7.529e+03	+2.378e+03	+9.749e+03	+0.240
142.400	+7.981e+03	+8.705e+02	+9.234e+03	+0.098
142.500	+7.454e+03	+1.998e+03	+1.072e+04	+0.211
142.600	+8.382e+03	+2.281e+03	+9.113e+03	+0.214
142.700	+7.828e+03	+1.587e+03	+9.490e+03	+0.169
142.800	+7.631e+03	+3.062e+03	+9.600e+03	+0.286
142.900	+7.807e+03	+2.744e+03	+8.996e+03	+0.260
143.000	+6.714e+03	+2.255e+03	+1.083e+04	+0.251
143.100	+7.593e+03	+1.468e+03	+1.094e+04	+0.162
143.200	+7.056e+03	+1.998e+03	+1.043e+04	+0.221
143.300	+7.772e+03	+1.866e+03	+8.920e+03	+0.194
143.400	+7.929e+03	+2.483e+03	+9.828e+03	+0.238
143.500	+8.499e+03	+3.396e+03	+1.017e+04	+0.286
143.600	+7.542e+03	+2.508e+03	+1.035e+04	+0.250
143.700	+7.389e+03	+2.579e+03	+1.047e+04	+0.259
143.800	+7.560e+03	+2.533e+03	+9.892e+03	+0.251
143.900	+7.759e+03	+2.238e+03	+1.076e+04	+0.224
144.000	+7.563e+03	+3.070e+03	+1.066e+04	+0.289
144.100	+7.705e+03	+2.684e+03	+1.069e+04	+0.258
144.200	+6.506e+03	+2.384e+03	+1.067e+04	+0.268
144.300	+8.175e+03	+1.771e+03	+9.105e+03	+0.178
144.400	+6.288e+03	+2.250e+03	+1.091e+04	+0.263
144.500	+7.572e+03	+1.575e+03	+9.127e+03	+0.172
144.600	+5.562e+03	+2.121e+03	+1.208e+04	+0.276
144.700	+6.534e+03	+3.712e+03	+1.074e+04	+0.362
144.800	+8.323e+03	+3.629e+03	+1.073e+04	+0.304
144.900	+6.381e+03	+2.264e+03	+1.080e+04	+0.262
145.000	+7.574e+03	+2.234e+03	+9.993e+03	+0.228
145.100	+7.622e+03	+3.255e+03	+9.811e+03	+0.299
145.200	+8.135e+03	+2.866e+03	+9.925e+03	+0.261
145.300	+7.111e+03	+3.197e+03	+1.122e+04	+0.310
145.400	+7.609e+03	+1.941e+03	+1.020e+04	+0.203
145.500	+6.563e+03	+2.270e+03	+9.926e+03	+0.257
145.600	+8.698e+03	+2.351e+03	+9.091e+03	+0.213
145.700	+6.659e+03	+3.651e+03	+9.827e+03	+0.354
145.800	+6.919e+03	+1.647e+03	+1.162e+04	+0.192
145.900	+6.990e+03	+2.400e+03	+1.077e+04	+0.256
146.000	+7.072e+03	+2.784e+03	+7.947e+03	+0.282
146.100	+7.515e+03	+2.528e+03	+1.028e+04	+0.252
146.200	+7.752e+03	+2.086e+03	+1.093e+04	+0.212
146.300	+7.315e+03	+1.693e+03	+1.023e+04	+0.188
146.400	+7.754e+03	+2.403e+03	+9.870e+03	+0.237
146.500	+8.047e+03	+3.262e+03	+1.041e+04	+0.288
146.600	+6.873e+03	+3.406e+03	+9.072e+03	+0.331
146.700	+8.183e+03	+2.675e+03	+9.405e+03	+0.246
146.800	+8.708e+03	+2.038e+03	+1.066e+04	+0.190
146.900	+7.417e+03	+3.627e+03	+8.834e+03	+0.328
147.000	+8.082e+03	+1.197e+03	+9.729e+03	+0.129
147.100	+8.855e+03	+3.046e+03	+1.098e+04	+0.256
147.200	+6.634e+03	+2.071e+03	+9.913e+03	+0.238
147.300	+6.639e+03	+3.427e+03	+9.073e+03	+0.340
147.400	+8.649e+03	+3.755e+03	+1.153e+04	+0.303
147.500	+7.306e+03	+2.705e+03	+9.613e+03	+0.270
147.600	+6.879e+03	+2.542e+03	+9.331e+03	+0.270
147.700	+8.041e+03	+2.126e+03	+9.701e+03	+0.209
147.800	+7.786e+03	+3.354e+03	+1.020e+04	+0.301
147.900	+7.612e+03	+2.126e+03	+1.187e+04	+0.218
148.000	+8.053e+03	+2.155e+03	+1.032e+04	+0.211
148.100	+6.557e+03	+3.694e+03	+1.096e+04	+0.360
148.200	+8.389e+03	+2.015e+03	+1.034e+04	+0.194
148.300	+8.026e+03	+1.581e+03	+9.067e+03	+0.165
148.400	+7.471e+03	+2.811e+03	+1.116e+04	+0.273
148.500	+6.747e+03	+1.746e+03	+1.006e+04	+0.206
148.600	+6.674e+03	+2.495e+03	+1.166e+04	+0.272
148.700	+8.319e+03	+1.536e+03	+1.155e+04	+0.156
148.800	+7.166e+03	+1.733e+03	+8.816e+03	+0.195
148.900	+7.078e+03	+3.332e+03	+9.003e+03	+0.320
149.000	+6.993e+03	+1.586e+03	+9.531e+03	+0.185
149.100	+6.922e+03	+1.296e+03	+9.688e+03	+0.158
149.200	+8.554e+03	+2.930e+03	+1.023e+04	+0.255
149.300	+6.759e+03	+3.153e+03	+1.130e+04	+0.318
149.400	+8.045e+03	+2.393e+03	+1.110e+04	+0.229
149.500	+7.057e+03	+2.213e+03	+9.075e+03	+0.239
149.600	+7.125e+03	+2.298e+03	+9.380e+03	+0.244
149.700	+8.777e+03	+1.192e+03	+9.611e+03	+0.120
149.800	+7.173e+03	+2.559e+03	+9.187e+03	+0.263
149.900	+7.645e+03	+2.499e+03	+9.046e+03	+0.246
150.000	+7.972e+03	+3.745e+03	+9.722e+03	+0.320
150.100	+7.144e+03	+5.313e+02	+9.747e+03	+0.069
150.200	+6.238e+03	+2.262e+03	+1.027e+04	+0.266
150.300	+7.995e+03	+1.658e+03	+9.501e+03	+0.172
150.400	+7.391e+03	+2.541e+03	+1.045e+04	+0.256
150.500	+5.551e+03	+2.753e+03	+1.000e+04	+0.332
150.600	+6.977e+03	+2.400e+03	+1.018e+04	+0.256
150.700	+7.623e+03	+2.687e+03	+9.671e+03	+0.261
150.800	+7.510e+03	+2.135e+03	+9.046e+03	+0.221
150.900	+7.460e+03	+1.515e+03	+9.153e+03	+0.169
151.000	+6.085e+03	+1.911e+03	+8.174e+03	+0.239
151.100	+8.636e+03	+2.248e+03	+8.115e+03	+0.207
151.200	+6.774e+03	+2.113e+03	+9.259e+03	+0.238
151.300	+6.698e+03	+3.142e+03	+9.088e+03	+0.319
151.400	+6.842e+03	+3.189e+03	+8.786e+03	+0.318
151.500	+7.037e+03	+3.006e+03	+1.079e+04	+0.299
151.600	+7.596e+03	+2.282e+03	+1.104e+04	+0.231
151.700	+7.119e+03	+2.879e+03	+1.015e+04	+0.288
151.800	+6.758e+03	+2.398e+03	+9.802e+03	+0.262
151.900	+7.846e+03	+3.660e+03	+1.032e+04	+0.318
152.000	+7.975e+03	+4.241e+03	+8.769e+03	+0.347
152.100	+8.214e+03	+1.854e+03	+8.597e+03	+0.184
152.200	+7.295e+03	+2.662e+03	+1.043e+04	+0.267
152.300	+7.303e+03	+3.438e+03	+1.169e+04	+0.320
152.400	+8.529e+03	+2.587e+03	+8.914e+03	+0.233
152.500	+9.185e+03	+2.475e+03	+1.062e+04	+0.212
152.600	+7.324e+03	+3.139e+03	+1.007e+04	+0.300
152.700	+8.483e+03	+1.329e+03	+9.337e+03	+0.135
152.800	+6.837e+03	+1.479e+03	+9.732e+03	+0.178
152.900	+6.844e+03	+2.977e+03	+9.061e+03	+0.303
153.000	+7.637e+03	+2.031e+03	+1.009e+04	+0.210
153.100	+7.924e+03	+1.051e+03	+9.247e+03	+0.117
153.200	+7.241e+03	+2.462e+03	+9.905e+03	+0.254
153.300	+6.954e+03	+2.247e+03	+1.109e+04	+0.244
153.400	+8.065e+03	+3.721e+03	+1.078e+04	+0.316
153.500	+7.924e+03	+2.981e+03	+1.072e+04	+0.273
153.600	+7.015e+03	+2.313e+03	+1.015e+04	+0.248
153.700	+6.826e+03	+2.739e+03	+1.026e+04	+0.286
153.800	+6.653e+03	+3.556e+03	+9.347e+03	+0.348
153.900	+8.215e+03	+2.078e+03	+1.037e+04	+0.202
154.000	+6.841e+03	+1.060e+03	+1.118e+04	+0.134
154.100	+7.895e+03	+1.618e+03	+1.019e+04	+0.170
154.200	+6.577e+03	+2.248e+03	+1.143e+04	+0.255
154.300	+7.138e+03	+3.683e+03	+1.010e+04	+0.340
154.400	+7.083e+03	+1.741e+03	+9.684e+03	+0.197
154.500	+7.479e+03	+3.664e+03	+8.988e+03	+0.329
154.600	+6.763e+03	+2.406e+03	+1.087e+04	+0.262
154.700	+6.796e+03	+2.376e+03	+9.347e+03	+0.259
154.800	+8.407e+03	+2.435e+03	+8.817e+03	+0.225
154.900	+7.558e+03	+2.999e+03	+9.245e+03	+0.284
155.000	+7.494e+03	+2.894e+03	+8.980e+03	+0.279
155.100	+6.158e+03	+2.858e+03	+9.703e+03	+0.317
155.200	+6.913e+03	+2.971e+03	+1.010e+04	+0.301
155.300	+7.664e+03	+2.489e+03	+1.084e+04	+0.245
155.400	+7.233e+03	+1.777e+03	+9.983e+03	+0.197
155.500	+7.837e+03	+3.400e+03	+1.006e+04	+0.303
155.600	+8.972e+03	+2.130e+03	+9.937e+03	+0.192
155.700	+6.578e+03	+2.450e+03	+1.106e+04	+0.271
155.800	+8.222e+03	+3.544e+03	+1.061e+04	+0.301
155.900	+7.937e+03	+2.207e+03	+1.053e+04	+0.218
156.000	+7.840e+03	+3.571e+03	+9.329e+03	+0.313
156.100	+7.064e+03	+1.681e+03	+9.610e+03	+0.192
156.200	+7.268e+03	+2.571e+03	+9.212e+03	+0.261
156.300	+8.207e+03	+1.657e+03	+9.996e+03	+0.168
156.400	+7.895e+03	+2.012e+03	+1.021e+04	+0.203
156.500	+8.281e+03	+1.979e+03	+1.007e+04	+0.193
156.600	+7.879e+03	+1.897e+03	+1.193e+04	+0.194
156.700	+7.006e+03	+2.735e+03	+9.716e+03	+0.281
156.800	+8.152e+03	+2.193e+03	+1.049e+04	+0.212
156.900	+8.536e+03	+2.559e+03	+1.038e+04	+0.231
157.000	+7.317e+03	+2.226e+03	+1.046e+04	+0.233
157.100	+7.036e+03	+2.917e+03	+9.909e+03	+0.293
157.200	+7.950e+03	+3.782e+03	+1.060e+04	+0.322
157.300	+7.332e+03	+2.432e+03	+1.012e+04	+0.249
157.400	+7.466e+03	+3.071e+03	+1.063e+04	+0.291
157.500	+8.150e+03	+2.951e+03	+1.029e+04	+0.266
157.600	+6.907e+03	+3.261e+03	+9.251e+03	+0.321
157.700	+7.114e+03	+1.999e+03	+1.027e+04	+0.219
157.800	+7.776e+03	+2.655e+03	+9.624e+03	+0.255
157.900	+8.191e+03	+1.757e+03	+1.007e+04	+0.177
158.000	+8.024e+03	+3.320e+03	+9.985e+03	+0.293
158.100	+7.214e+03	+3.609e+03	+1.045e+04	+0.333
158.200	+7.777e+03	+1.695e+03	+1.018e+04	+0.179
158.300	+7.993e+03	+3.794e+03	+1.025e+04	+0.322
158.400	+6.660e+03	+2.474e+03	+1.088e+04	+0.271
158.500	+7.540e+03	+3.091e+03	+9.621e+03	+0.291
158.600	+7.784e+03	+2.114e+03	+7.992e+03	+0.214
158.700	+7.632e+03	+2.726e+03	+1.122e+04	+0.263
158.800	+8.479e+03	+2.335e+03	+9.805e+03	+0.216
158.900	+7.184e+03	+2.060e+03	+9.997e+03	+0.223
159.000	+7.168e+03	+1.876e+03	+1.087e+04	+0.207
159.100	+7.026e+03	+2.190e+03	+9.703e+03	+0.238
159.200	+7.047e+03	+2.389e+03	+8.970e+03	+0.253
159.300	+8.620e+03	+3.329e+03	+1.156e+04	+0.279
159.400	+7.398e+03	+2.270e+03	+9.752e+03	+0.235
159.500	+7.180e+03	+2.372e+03	+9.792e+03	+0.248
159.600	+7.740e+03	+3.801e+03	+8.722e+03	+0.329
159.700	+7.560e+03	+2.048e+03	+1.003e+04	+0.213
159.800	+7.456e+03	+3.000e+03	+1.085e+04	+0.287
159.900	+7.601e+03	+2.955e+03	+1.064e+04	+0.280
160.000	+6.988e+03	+1.978e+03	+1.004e+04	+0.221
160.100	+7.603e+03	+2.455e+03	+9.594e+03	+0.244
160.200	+7.570e+03	+2.264e+03	+9.931e+03	+0.230
160.300	+6.519e+03	+2.768e+03	+1.089e+04	+0.298
160.400	+7.766e+03	+2.851e+03	+9.291e+03	+0.269
160.500	+8.356e+03	+2.040e+03	+9.687e+03	+0.196
160.600	+8.744e+03	+3.531e+03	+1.045e+04	+0.288
160.700	+7.553e+03	+3.903e+03	+1.048e+04	+0.341
160.800	+7.096e+03	+2.862e+03	+8.847e+03	+0.287
160.900	+7.466e+03	+3.441e+03	+1.036e+04	+0.315
161.000	+7.296e+03	+3.375e+03	+1.117e+04	+0.316
161.100	+7.422e+03	+2.440e+03	+1.046e+04	+0.247
161.200	+8.427e+03	+1.846e+03	+9.015e+03	+0.180
161.300	+8.926e+03	+1.522e+03	+9.393e+03	+0.146
161.400	+7.890e+03	+1.877e+03	+1.002e+04	+0.192
161.500	+6.739e+03	+2.991e+03	+9.522e+03	+0.307
161.600	+7.000e+03	+3.077e+03	+9.330e+03	+0.305
161.700	+6.942e+03	+3.407e+03	+9.910e+03	+0.329
161.800	+6.756e+03	+2.713e+03	+8.933e+03	+0.287
161.900	+8.492e+03	+1.723e+03	+1.087e+04	+0.169
162.000	+7.710e+03	+2.222e+03	+1.023e+04	+0.224
162.100	+6.383e+03	+2.803e+03	+9.923e+03	+0.305
162.200	+6.962e+03	+3.718e+03	+1.100e+04	+0.348
162.300	+7.578e+03	+3.116e+03	+9.434e+03	+0.291
162.400	+9.017e+03	+2.606e+03	+8.954e+03	+0.224
162.500	+7.568e+03	+3.258e+03	+9.304e+03	+0.301
162.600	+6.253e+03	+3.450e+03	+9.777e+03	+0.356
162.700	+7.519e+03	+1.830e+03	+9.856e+03	+0.196
162.800	+7.397e+03	+2.956e+03	+1.011e+04	+0.286
162.900	+7.472e+03	+2.709e+03	+1.022e+04	+0.266
163.000	+7.406e+03	+2.663e+03	+9.001e+03	+0.264
163.100	+6.079e+03	+5.987e+02	+9.783e+03	+0.090
163.200	+7.317e+03	+3.430e+03	+9.384e+03	+0.319
163.300	+7.153e+03	+2.198e+03	+9.956e+03	+0.235
163.400	+7.315e+03	+2.165e+03	+1.168e+04	+0.228
163.500	+7.417e+03	+2.359e+03	+8.405e+03	+0.241
163.600	+7.878e+03	+2.597e+03	+1.126e+04	+0.248
163.700	+6.494e+03	+2.610e+03	+9.841e+03	+0.287
163.800	+6.975e+03	+2.136e+03	+1.013e+04	+0.234
163.900	+8.256e+03	+2.058e+03	+9.659e+03	+0.200
164.000	+7.377e+03	+4.459e+03	+1.024e+04	+0.377
164.100	+6.978e+03	+2.298e+03	+9.267e+03	+0.248
164.200	+7.777e+03	+3.218e+03	+9.758e+03	+0.293
164.300	+6.679e+03	+2.786e+03	+9.663e+03	+0.294
164.400	+7.427e+03	+2.509e+03	+9.065e+03	+0.252
164.500	+6.658e+03	+3.191e+03	+9.379e+03	+0.324
164.600	+8.265e+03	+2.782e+03	+9.857e+03	+0.252
164.700	+8.465e+03	+1.556e+03	+1.049e+04	+0.155
164.800	+6.352e+03	+2.410e+03	+9.492e+03	+0.275
164.900	+6.804e+03	+2.100e+03	+9.424e+03	+0.236
165.000	+7.700e+03	+3.019e+03	+9.049e+03	+0.282
165.100	+7.328e+03	+2.717e+03	+1.023e+04	+0.271
165.200	+7.465e+03	+1.635e+03	+8.346e+03	+0.180
165.300	+8.579e+03	+2.198e+03	+1.051e+04	+0.204
165.400	+6.969e+03	+3.699e+03	+9.587e+03	+0.347
165.500	+6.462e+03	+1.545e+03	+1.118e+04	+0.193
165.600	+7.841e+03	+1.320e+03	+9.229e+03	+0.144
165.700	+7.662e+03	+2.743e+03	+1.010e+04	+0.264
165.800	+8.138e+03	+3.272e+03	+1.097e+04	+0.287
165.900	+6.743e+03	+1.653e+03	+1.012e+04	+0.197
166.000	+7.705e+03	+3.315e+03	+9.783e+03	+0.301
166.100	+6.833e+03	+2.090e+03	+1.010e+04	+0.234
166.200	+6.740e+03	+1.871e+03	+1.046e+04	+0.217
166.300	+7.508e+03	+3.017e+03	+1.015e+04	+0.287
166.400	+8.414e+03	+2.662e+03	+1.046e+04	+0.240
166.500	+7.619e+03	+2.428e+03	+1.001e+04	+0.242
166.600	+8.705e+03	+2.036e+03	+8.728e+03	+0.190
166.700	+7.170e+03	+3.348e+03	+1.042e+04	+0.318
166.800	+7.851e+03	+2.097e+03	+8.839e+03	+0.211
166.900	+7.908e+03	+2.194e+03	+9.874e+03	+0.217
167.000	+7.128e+03	+2.085e+03	+9.952e+03	+0.226
167.100	+6.206e+03	+3.176e+03	+9.667e+03	+0.339
167.200	+7.812e+03	+3.238e+03	+1.011e+04	+0.293
167.300	+7.877e+03	+3.027e+03	+1.011e+04	+0.278
167.400	+7.976e+03	+2.521e+03	+8.925e+03	+0.240
167.500	+7.813e+03	+2.627e+03	+9.055e+03	+0.252
167.600	+8.834e+03	+2.426e+03	+1.072e+04	+0.215
167.700	+6.943e+03	+2.491e+03	+1.194e+04	+0.264
167.800	+7.939e+03	+3.235e+03	+1.014e+04	+0.289
167.900	+6.811e+03	+3.239e+03	+1.110e+04	+0.322
168.000	+6.526e+03	+2.121e+03	+1.046e+04	+0.245
168.100	+7.567e+03	+2.976e+03	+1.065e+04	+0.282
168.200	+7.761e+03	+1.929e+03	+8.976e+03	+0.199
168.300	+8.595e+03	+3.815e+03	+9.929e+03	+0.307
168.400	+8.043e+03	+3.696e+03	+1.008e+04	+0.315
168.500	+7.323e+03	+2.492e+03	+9.695e+03	+0.254
168.600	+7.365e+03	+3.452e+03	+9.280e+03	+0.319
168.700	+7.846e+03	+2.631e+03	+9.983e+03	+0.251
168.800	+8.236e+03	+2.369e+03	+1.084e+04	+0.223
168.900	+6.538e+03	+2.747e+03	+9.221e+03	+0.296
169.000	+6.663e+03	+1.930e+03	+9.305e+03	+0.225
169.100	+7.416e+03	+3.134e+03	+8.997e+03	+0.297
169.200	+7.051e+03	+2.914e+03	+9.520e+03	+0.292
169.300	+7.210e+03	+2.741e+03	+9.406e+03	+0.275
169.400	+7.787e+03	+1.219e+03	+1.028e+04	+0.135
169.500	+8.291e+03	+3.443e+03	+1.063e+04	+0.293
169.600	+7.239e+03	+2.293e+03	+1.031e+04	+0.241
169.700	+7.062e+03	+2.924e+03	+9.149e+03	+0.293
169.800	+7.842e+03	+2.017e+03	+8.845e+03	+0.205
169.900	+7.539e+03	+2.274e+03	+9.754e+03	+0.232
170.000	+6.990e+03	+2.859e+03	+9.172e+03	+0.290
170.100	+7.096e+03	+2.709e+03	+9.237e+03	+0.276
170.200	+7.029e+03	+3.750e+03	+1.020e+04	+0.348
170.300	+6.720e+03	+1.456e+03	+1.042e+04	+0.178
170.400	+7.000e+03	+2.702e+03	+1.147e+04	+0.279
170.500	+9.087e+03	+1.932e+03	+9.678e+03	+0.175
170.600	+7.472e+03	+2.511e+03	+9.218e+03	+0.251
170.700	+5.897e+03	+1.976e+03	+8.723e+03	+0.251
170.800	+7.729e+03	+2.099e+03	+1.073e+04	+0.214
170.900	+8.357e+03	+2.986e+03	+8.585e+03	+0.263
171.000	+7.825e+03	+3.595e+03	+9.892e+03	+0.315
171.100	+8.558e+03	+1.832e+03	+9.861e+03	+0.176
171.200	+7.505e+03	+2.749e+03	+8.729e+03	+0.268
171.300	+7.822e+03	+1.069e+03	+1.111e+04	+0.120
171.400	+8.172e+03	+2.740e+03	+1.017e+04	+0.251
171.500	+7.616e+03	+2.193e+03	+9.016e+03	+0.224
171.600	+6.171e+03	+3.770e+03	+1.022e+04	+0.379
171.700	+7.678e+03	+1.838e+03	+1.067e+04	+0.193
171.800	+7.954e+03	+2.723e+03	+1.030e+04	+0.255
171.900	+7.284e+03	+2.858e+03	+9.639e+03	+0.282
172.000	+7.697e+03	+2.839e+03	+9.710e+03	+0.269
172.100	+7.034e+03	+2.453e+03	+1.033e+04	+0.259
172.200	+8.861e+03	+2.263e+03	+9.648e+03	+0.203
172.300	+7.806e+03	+2.540e+03	+9.095e+03	+0.246
172.400	+8.045e+03	+2.977e+03	+9.792e+03	+0.270
172.500	+6.410e+03	+2.931e+03	+1.028e+04	+0.314
172.600	+8.247e+03	+1.719e+03	+1.025e+04	+0.172
172.700	+7.540e+03	+1.364e+03	+8.856e+03	+0.153
172.800	+7.209e+03	+2.918e+03	+9.679e+03	+0.288
172.900	+7.132e+03	+1.828e+03	+1.178e+04	+0.204
173.000	+6.688e+03	+3.326e+03	+1.007e+04	+0.332
173.100	+8.263e+03	+1.908e+03	+1.078e+04	+0.188
173.200	+6.442e+03	+2.781e+03	+1.081e+04	+0.302
173.300	+7.702e+03	+2.243e+03	+1.030e+04	+0.226
173.400	+7.098e+03	+3.343e+03	+9.678e+03	+0.320
173.500	+8.045e+03	+2.784e+03	+1.074e+04	+0.257
173.600	+7.618e+03	+3.655e+03	+1.046e+04	+0.324
173.700	+8.546e+03	+2.448e+03	+9.889e+03	+0.223
173.800	+6.397e+03	+1.697e+03	+1.035e+04	+0.210
173.900	+7.783e+03	+3.028e+03	+1.084e+04	+0.280
174.000	+7.859e+03	+2.392e+03	+1.020e+04	+0.233
174.100	+8.497e+03	+1.571e+03	+1.016e+04	+0.156
174.200	+8.814e+03	+1.934e+03	+9.194e+03	+0.180
174.300	+7.484e+03	+3.079e+03	+9.834e+03	+0.291
174.400	+7.307e+03	+1.412e+03	+1.010e+04	+0.162
174.500	+6.706e+03	+4.004e+03	+1.185e+04	+0.374
174.600	+7.954e+03	+1.978e+03	+1.055e+04	+0.199
174.700	+6.828e+03	+3.300e+03	+8.361e+03	+0.326
174.800	+7.477e+03	+3.533e+03	+1.066e+04	+0.321
174.900	+7.360e+03	+3.091e+03	+8.844e+03	+0.296
175.000	+7.425e+03	+3.865e+03	+1.036e+04	+0.342
175.100	+7.019e+03	+3.818e+03	+8.970e+03	+0.352
175.200	+7.010e+03	+2.938e+03	+9.698e+03	+0.295
175.300	+7.919e+03	+3.353e+03	+1.034e+04	+0.297
175.400	+7.319e+03	+2.553e+03	+9.856e+03	+0.259
175.500	+7.451e+03	+1.782e+03	+9.327e+03	+0.193
175.600	+7.895e+03	+1.581e+03	+1.105e+04	+0.167
175.700	+7.098e+03	+3.570e+03	+9.656e+03	+0.335
175.800	+7.946e+03	+2.064e+03	+9.760e+03	+0.206
175.900	+7.766e+03	+3.047e+03	+1.006e+04	+0.282
176.000	+6.996e+03	+2.432e+03	+9.785e+03	+0.258
176.100	+8.023e+03	+3.551e+03	+9.435e+03	+0.307
176.200	+6.117e+03	+2.976e+03	+9.388e+03	+0.327
176.300	+7.872e+03	+2.378e+03	+1.077e+04	+0.232
176.400	+8.227e+03	+2.709e+03	+9.708e+03	+0.248
176.500	+6.413e+03	+2.968e+03	+1.083e+04	+0.316
176.600	+7.979e+03	+2.002e+03	+1.154e+04	+0.201
176.700	+6.279e+03	+2.866e+03	+1.001e+04	+0.313
176.800	+8.250e+03	+3.473e+03	+1.034e+04	+0.296
176.900	+7.708e+03	+2.210e+03	+9.431e+03	+0.223
177.000	+7.769e+03	+1.057e+03	+1.022e+04	+0.120
177.100	+6.390e+03	+2.261e+03	+1.080e+04	+0.261
177.200	+7.323e+03	+2.349e+03	+9.731e+03	+0.243
177.300	+5.929e+03	+3.211e+03	+9.253e+03	+0.351
177.400	+7.202e+03	+1.678e+03	+1.071e+04	+0.189
177.500	+8.337e+03	+2.860e+03	+8.968e+03	+0.255
177.600	+7.258e+03	+2.029e+03	+9.910e+03	+0.219
177.700	+7.330e+03	+2.398e+03	+1.158e+04	+0.247
177.800	+6.235e+03	+3.684e+03	+1.023e+04	+0.371
177.900	+4.241e+03	+5.568e+03	+1.113e+04	+0.568
178.000	+4.818e+03	+4.198e+03	+9.994e+03	+0.466
178.100	+4.857e+03	+5.343e+03	+1.014e+04	+0.524
178.200	+4.724e+03	+5.526e+03	+9.475e+03	+0.539
178.300	+3.353e+03	+4.833e+03	+9.900e+03	+0.590
178.400	+4.359e+03	+5.112e+03	+9.476e+03	+0.540
178.500	+4.005e+03	+4.522e+03	+1.092e+04	+0.530
178.600	+6.135e+03	+5.478e+03	+1.037e+04	+0.472
178.700	+4.090e+03	+4.907e+03	+1.013e+04	+0.545
178.800	+4.889e+03	+3.736e+03	+1.053e+04	+0.433
178.900	+3.485e+03	+5.589e+03	+9.822e+03	+0.616
179.000	+4.936e+03	+5.699e+03	+9.459e+03	+0.536
179.100	+5.119e+03	+5.431e+03	+9.735e+03	+0.515
179.200	+3.918e+03	+4.842e+03	+1.048e+04	+0.553
179.300	+5.328e+03	+6.481e+03	+1.078e+04	+0.549
179.400	+5.153e+03	+4.898e+03	+1.032e+04	+0.487
179.500	+4.522e+03	+5.934e+03	+1.052e+04	+0.568
179.600	+4.907e+03	+4.841e+03	+1.046e+04	+0.497
179.700	+3.586e+03	+5.745e+03	+9.428e+03	+0.616
179.800	+5.634e+03	+4.347e+03	+9.800e+03	+0.436
179.900	+5.531e+03	+5.387e+03	+9.893e+03	+0.493
180.000	+5.089e+03	+4.278e+03	+9.617e+03	+0.457
180.100	+4.970e+03	+5.773e+03	+1.011e+04	+0.537
180.200	+5.077e+03	+5.041e+03	+9.308e+03	+0.498
180.300	+5.374e+03	+4.912e+03	+9.422e+03	+0.478
180.400	+4.298e+03	+5.377e+03	+9.231e+03	+0.556
180.500	+2.099e+03	+7.290e+03	+9.946e+03	+0.776
180.600	+2.655e+03	+8.110e+03	+9.592e+03	+0.753
180.700	+1.898e+03	+7.645e+03	+1.020e+04	+0.801
180.800	+2.871e+03	+8.265e+03	+9.941e+03	+0.742
180.900	+2.300e+03	+6.900e+03	+1.059e+04	+0.750
181.000	+5.044e+03	+5.712e+03	+1.064e+04	+0.531
181.100	+4.446e+03	+5.898e+03	+9.102e+03	+0.570
181.200	+4.408e+03	+5.155e+03	+9.895e+03	+0.539
181.300	+4.722e+03	+4.472e+03	+9.787e+03	+0.486
181.400	+4.724e+03	+4.699e+03	+9.791e+03	+0.499
181.500	+4.465e+03	+5.095e+03	+9.754e+03	+0.533
181.600	+4.771e+03	+5.202e+03	+1.139e+04	+0.522
181.700	+5.963e+03	+5.504e+03	+9.571e+03	+0.480
181.800	+5.131e+03	+5.524e+03	+1.061e+04	+0.518
181.900	+5.581e+03	+4.053e+03	+1.031e+04	+0.421
182.000	+4.215e+03	+5.563e+03	+9.327e+03	+0.569
182.100	+4.395e+03	+7.025e+03	+9.012e+03	+0.615
182.200	+5.487e+03	+4.115e+03	+9.781e+03	+0.429
182.300	+5.091e+03	+4.202e+03	+1.035e+04	+0.452
182.400	+5.972e+03	+5.042e+03	+1.145e+04	+0.458
182.500	+8.280e+03	+2.763e+03	+9.621e+03	+0.250
182.600	+7.868e+03	+1.598e+03	+1.097e+04	+0.169
182.700	+8.067e+03	+1.512e+03	+9.312e+03	+0.158
182.800	+7.466e+03	+4.070e+03	+1.070e+04	+0.353
182.900	+7.276e+03	+1.139e+03	+8.041e+03	+0.135
183.000	+7.175e+03	+2.097e+03	+9.393e+03	+0.226
183.100	+7.089e+03	+1.632e+03	+9.276e+03	+0.187
183.200	+5.449e+03	+2.472e+03	+9.929e+03	+0.312
183.300	+7.042e+03	+2.910e+03	+9.636e+03	+0.292
183.400	+8.959e+03	+3.030e+03	+1.047e+04	+0.253
183.500	+7.104e+03	+2.417e+03	+9.300e+03	+0.254
183.600	+7.666e+03	+1.959e+03	+1.002e+04	+0.204
183.700	+7.165e+03	+2.679e+03	+9.918e+03	+0.272
183.800	+7.512e+03	+3.786e+03	+1.145e+04	+0.335
183.900	+6.967e+03	+3.706e+03	+9.997e+03	+0.347
184.000	+6.820e+03	+3.073e+03	+1.051e+04	+0.311
184.100	+6.334e+03	+1.736e+03	+9.681e+03	+0.215
184.200	+7.392e+03	+2.707e+03	+1.061e+04	+0.268
184.300	+7.640e+03	+3.952e+03	+8.799e+03	+0.341
184.400	+6.752e+03	+3.209e+03	+1.026e+04	+0.322
184.500	+8.122e+03	+2.523e+03	+8.442e+03	+0.237
184.600	+7.699e+03	+3.710e+03	+8.902e+03	+0.325
184.700	+7.370e+03	+3.027e+03	+9.597e+03	+0.291
184.800	+7.979e+03	+3.053e+03	+1.063e+04	+0.277
184.900	+7.531e+03	+2.904e+03	+1.152e+04	+0.278
185.000	+7.973e+03	+2.711e+03	+9.809e+03	+0.254
185.100	+8.134e+03	+1.976e+03	+8.996e+03	+0.195
185.200	+8.558e+03	+1.659e+03	+1.070e+04	+0.162
185.300	+7.458e+03	+2.808e+03	+1.089e+04	+0.274
185.400	+7.289e+03	+2.489e+03	+9.092e+03	+0.255
185.500	+8.383e+03	+2.887e+03	+9.242e+03	+0.256
185.600	+7.002e+03	+2.516e+03	+8.612e+03	+0.264
185.700	+7.022e+03	+2.153e+03	+7.982e+03	+0.235
185.800	+7.235e+03	+1.932e+03	+9.948e+03	+0.211
185.900	+7.447e+03	+1.614e+03	+1.011e+04	+0.178
186.000	+8.206e+03	+1.656e+03	+9.866e+03	+0.168
186.100	+8.299e+03	+3.250e+03	+9.238e+03	+0.281
186.200	+6.731e+03	+2.604e+03	+9.605e+03	+0.279
186.300	+7.328e+03	+3.273e+03	+1.100e+04	+0.309
186.400	+7.075e+03	+3.605e+03	+1.049e+04	+0.338
186.500	+7.241e+03	+1.849e+03	+1.083e+04	+0.203
186.600	+4.864e+03	+4.509e+03	+1.102e+04	+0.481
186.700	+4.609e+03	+4.084e+03	+1.041e+04	+0.470
186.800	+4.680e+03	+5.423e+03	+9.910e+03	+0.537
186.900	+4.222e+03	+3.458e+03	+9.463e+03	+0.450
187.000	+5.001e+03	+5.112e+03	+1.076e+04	+0.505
187.100	+5.439e+03	+5.743e+03	+1.001e+04	+0.514
187.200	+4.820e+03	+3.880e+03	+1.045e+04	+0.446
187.300	+6.378e+03	+5.046e+03	+9.864e+03	+0.442
187.400	+4.794e+03	+4.616e+03	+1.020e+04	+0.491
187.500	+4.263e+03	+4.828e+03	+8.484e+03	+0.531
187.600	+5.316e+03	+5.377e+03	+9.324e+03	+0.503
187.700	+4.609e+03	+4.884e+03	+1.014e+04	+0.514
187.800	+5.011e+03	+4.418e+03	+9.352e+03	+0.469
187.900	+5.545e+03	+3.121e+03	+1.024e+04	+0.360
188.000	+5.019e+03	+5.423e+03	+1.043e+04	+0.519
188.100	+4.977e+03	+5.263e+03	+1.040e+04	+0.514
188.200	+5.552e+03	+4.536e+03	+9.475e+03	+0.450
188.300	+6.300e+03	+5.085e+03	+9.577e+03	+0.447
188.400	+3.081e+03	+6.565e+03	+9.463e+03	+0.681
188.500	+1.247e+03	+7.594e+03	+9.312e+03	+0.859
188.600	+4.781e+02	+7.795e+03	+1.006e+04	+0.942
188.700	+5.802e+02	+8.095e+03	+9.562e+03	+0.933
188.800	+2.137e+03	+7.285e+03	+9.504e+03	+0.773
188.900	+1.635e+03	+7.720e+03	+1.027e+04	+0.825
189.000	+4.616e+03	+6.569e+03	+1.056e+04	+0.587
189.100	+4.669e+03	+5.344e+03	+9.800e+03	+0.534
189.200	+5.376e+03	+5.011e+03	+9.273e+03	+0.482
189.300	+4.679e+03	+5.089e+03	+1.007e+04	+0.521
189.400	+5.333e+03	+4.905e+03	+9.905e+03	+0.479
189.500	+4.623e+03	+5.646e+03	+9.585e+03	+0.550
189.600	+5.106e+03	+5.563e+03	+9.918e+03	+0.521
189.700	+5.384e+03	+3.737e+03	+9.556e+03	+0.410
189.800	+3.854e+03	+5.714e+03	+1.082e+04	+0.597
189.900	+9.075e+02	+7.907e+03	+9.251e+03	+0.897
190.000	+2.959e+03	+8.398e+03	+8.311e+03	+0.739
190.100	+2.286e+03	+8.387e+03	+9.741e+03	+0.786
190.200	+1.302e+03	+7.355e+03	+1.112e+04	+0.850
190.300	+4.780e+03	+6.252e+03	+1.006e+04	+0.567
190.400	+5.671e+03	+4.447e+03	+1.022e+04	+0.440
190.500	+5.144e+03	+5.003e+03	+9.582e+03	+0.493
190.600	+5.801e+03	+5.037e+03	+9.165e+03	+0.465
190.700	+4.061e+03	+5.753e+03	+8.960e+03	+0.586
190.800	+6.193e+03	+3.205e+03	+1.008e+04	+0.341
190.900	+7.954e+03	+2.816e+03	+9.763e+03	+0.261
191.000	+8.389e+03	+1.636e+03	+1.039e+04	+0.163
191.100	+8.624e+03	+2.845e+03	+9.474e+03	+0.248
191.200	+6.766e+03	+4.456e+03	+9.258e+03	+0.397
191.300	+7.405e+03	+2.652e+03	+1.023e+04	+0.264
191.400	+6.424e+03	+2.983e+03	+1.010e+04	+0.317
191.500	+6.956e+03	+2.069e+03	+9.632e+03	+0.229
191.600	+7.886e+03	+3.019e+03	+8.637e+03	+0.277
191.700	+8.173e+03	+1.837e+03	+1.029e+04	+0.184
191.800	+7.639e+03	+2.045e+03	+1.103e+04	+0.211
191.900	+7.899e+03	+2.361e+03	+9.804e+03	+0.230
192.000	+7.296e+03	+3.584e+03	+9.811e+03	+0.329
192.100	+9.045e+03	+2.227e+03	+9.639e+03	+0.198
192.200	+7.156e+03	+2.130e+03	+9.744e+03	+0.229
192.300	+6.182e+03	+2.850e+03	+9.014e+03	+0.316
192.400	+8.448e+03	+2.060e+03	+1.006e+04	+0.196
192.500	+7.403e+03	+1.852e+03	+1.063e+04	+0.200
192.600	+6.621e+03	+1.886e+03	+1.058e+04	+0.222
192.700	+8.869e+03	+2.700e+03	+9.262e+03	+0.233
192.800	+7.370e+03	+3.063e+03	+1.013e+04	+0.294
192.900	+7.987e+03	+2.636e+03	+9.180e+03	+0.248
193.000	+7.352e+03	+1.020e+03	+8.985e+03	+0.122
193.100	+5.512e+03	+2.193e+03	+9.427e+03	+0.285
193.200	+6.309e+03	+2.983e+03	+1.020e+04	+0.321
193.300	+8.260e+03	+2.954e+03	+9.149e+03	+0.263
193.400	+7.416e+03	+2.308e+03	+1.050e+04	+0.237
193.500	+7.831e+03	+2.754e+03	+9.588e+03	+0.260
193.600	+7.137e+03	+2.871e+03	+1.042e+04	+0.287
193.700	+6.433e+03	+2.827e+03	+1.025e+04	+0.305
193.800	+8.934e+03	+1.403e+03	+1.002e+04	+0.136
193.900	+8.216e+03	+2.115e+03	+9.995e+03	+0.205
194.000	+7.758e+03	+2.608e+03	+1.023e+04	+0.252
194.100	+7.773e+03	+2.141e+03	+9.815e+03	+0.216
194.200	+7.403e+03	+1.531e+03	+1.033e+04	+0.171
194.300	+8.567e+03	+2.345e+03	+9.173e+03	+0.215
194.400	+6.537e+03	+3.334e+03	+1.113e+04	+0.338
194.500	+8.159e+03	+1.883e+03	+8.727e+03	+0.188
194.600	+7.683e+03	+1.605e+03	+1.118e+04	+0.173
194.700	+6.877e+03	+1.632e+03	+1.045e+04	+0.192
194.800	+8.171e+03	+3.614e+03	+9.584e+03	+0.307
194.900	+7.741e+03	+3.459e+03	+9.804e+03	+0.309
195.000	+7.220e+03	+3.141e+03	+1.051e+04	+0.303
195.100	+7.998e+03	+2.830e+03	+9.486e+03	+0.261
195.200	+8.821e+03	+2.947e+03	+9.933e+03	+0.250
195.300	+7.422e+03	+1.483e+03	+9.048e+03	+0.167
195.400	+7.963e+03	+2.698e+03	+1.001e+04	+0.253
195.500	+8.275e+03	+1.749e+03	+1.027e+04	+0.175
195.600	+8.020e+03	+2.187e+03	+9.326e+03	+0.214
195.700	+7.260e+03	+3.887e+03	+9.208e+03	+0.349
195.800	+6.758e+03	+2.732e+03	+1.021e+04	+0.288
195.900	+7.693e+03	+2.400e+03	+1.087e+04	+0.238
196.000	+7.155e+03	+3.105e+03	+9.449e+03	+0.303
196.100	+7.392e+03	+1.647e+03	+9.412e+03	+0.182
196.200	+6.608e+03	+3.101e+03	+9.217e+03	+0.319
196.300	+6.420e+03	+2.032e+03	+9.378e+03	+0.240
196.400	+8.655e+03	+2.378e+03	+1.038e+04	+0.216
196.500	+7.630e+03	+2.216e+03	+1.026e+04	+0.225
196.600	+7.006e+03	+1.745e+03	+9.800e+03	+0.199
196.700	+6.134e+03	+2.875e+03	+8.795e+03	+0.319
196.800	+7.510e+03	+1.340e+03	+8.664e+03	+0.151
196.900	+7.491e+03	+2.203e+03	+9.503e+03	+0.227
197.000	+6.661e+03	+3.163e+03	+8.617e+03	+0.322
197.100	+8.208e+03	+3.483e+03	+9.174e+03	+0.298
197.200	+6.826e+03	+1.491e+03	+1.016e+04	+0.179
197.300	+7.524e+03	+1.900e+03	+9.937e+03	+0.202
197.400	+8.169e+03	+2.561e+03	+1.013e+04	+0.239
197.500	+7.961e+03	+2.108e+03	+9.740e+03	+0.209
197.600	+6.819e+03	+1.561e+03	+9.775e+03	+0.186
197.700	+7.830e+03	+2.216e+03	+1.119e+04	+0.221
197.800	+7.436e+03	+3.103e+03	+9.864e+03	+0.294
197.900	+7.345e+03	+1.969e+03	+1.049e+04	+0.211
198.000	+6.929e+03	+2.572e+03	+1.109e+04	+0.271
198.100	+8.230e+03	+2.581e+03	+1.011e+04	+0.239
198.200	+7.640e+03	+2.922e+03	+1.064e+04	+0.277
198.300	+7.304e+03	+2.698e+03	+9.210e+03	+0.270
198.400	+7.843e+03	+3.636e+03	+9.221e+03	+0.317
198.500	+6.843e+03	+2.664e+03	+9.371e+03	+0.280
198.600	+8.060e+03	+8.677e+02	+1.174e+04	+0.097
198.700	+6.886e+03	+2.429e+03	+1.049e+04	+0.261
198.800	+7.371e+03	+2.356e+03	+8.860e+03	+0.242
198.900	+6.980e+03	+2.947e+03	+1.071e+04	+0.297
199.000	+6.972e+03	+2.628e+03	+9.153e+03	+0.274
199.100	+6.916e+03	+2.778e+03	+8.726e+03	+0.287
199.200	+6.899e+03	+3.506e+03	+9.491e+03	+0.337
199.300	+6.968e+03	+2.326e+03	+7.950e+03	+0.250
199.400	+7.423e+03	+2.577e+03	+1.103e+04	+0.258
199.500	+7.760e+03	+2.758e+03	+1.023e+04	+0.262
199.600	+8.023e+03	+1.885e+03	+1.056e+04	+0.190
199.700	+7.399e+03	+2.603e+03	+9.345e+03	+0.260
199.800	+7.624e+03	+3.346e+03	+1.067e+04	+0.305
