%t (s)	Idd (a.u.)	Ida (a.u.)	Iaa (a.u.)	FRET E
0.000	+6.986e+03	+2.060e+03	+9.922e+03	+0.228
0.100	+7.851e+03	+2.160e+03	+9.324e+03	+0.216
0.200	+6.966e+03	+1.910e+03	+9.865e+03	+0.215
0.300	+8.646e+03	+2.434e+03	+9.663e+03	+0.220
0.400	+7.462e+03	+2.623e+03	+9.683e+03	+0.260
0.500	+7.824e+03	+2.788e+03	+1.082e+04	+0.263
0.600	+6.938e+03	+2.937e+03	+9.477e+03	+0.297
0.700	+7.866e+03	+1.500e+03	+9.507e+03	+0.160
0.800	+7.867e+03	+3.909e+03	+1.043e+04	+0.332
0.900	+7.878e+03	+1.877e+03	+1.071e+04	+0.192
1.000	+6.410e+03	+2.206e+03	+1.040e+04	+0.256
1.100	+8.136e+03	+1.103e+03	+1.018e+04	+0.119
1.200	+8.622e+03	+2.466e+03	+1.006e+04	+0.222
1.300	+7.382e+03	+2.955e+03	+8.819e+03	+0.286
1.400	+6.955e+03	+2.044e+03	+1.034e+04	+0.227
1.500	+7.072e+03	+1.691e+03	+1.011e+04	+0.193
1.600	+7.485e+03	+3.244e+03	+9.560e+03	+0.302
1.700	+6.365e+03	+3.349e+03	+9.553e+03	+0.345
1.800	+7.470e+03	+2.314e+03	+9.928e+03	+0.236
1.900	+7.771e+03	+2.867e+03	+9.473e+03	+0.270
2.000	+7.151e+03	+2.606e+03	+1.002e+04	+0.267
2.100	+7.831e+03	+1.752e+03	+1.012e+04	+0.183
2.200	+7.907e+03	+1.549e+03	+9.893e+03	+0.164
2.300	+6.872e+03	+2.694e+03	+1.087e+04	+0.282
2.400	+7.372e+03	+2.420e+03	+9.916e+03	+0.247
2.500	+8.241e+03	+3.527e+03	+9.905e+03	+0.300
2.600	+7.179e+03	+1.391e+03	+1.068e+04	+0.162
2.700	+7.022e+03	+3.003e+03	+9.875e+03	+0.300
2.800	+6.686e+03	+2.209e+03	+9.530e+03	+0.248
2.900	+7.709e+03	+2.873e+03	+1.052e+04	+0.271
3.000	+8.131e+03	+2.318e+03	+1.003e+04	+0.222
3.100	+7.510e+03	+1.876e+03	+1.030e+04	+0.200
3.200	+7.422e+03	+2.726e+03	+1.124e+04	+0.269
3.300	+7.836e+03	+2.197e+03	+1.094e+04	+0.219
3.400	+8.432e+03	+3.392e+03	+1.019e+04	+0.287
3.500	+6.220e+03	+2.843e+03	+9.108e+03	+0.314
3.600	+7.883e+03	+2.289e+03	+9.449e+03	+0.225
3.700	+7.286e+03	+2.336e+03	+9.814e+03	+0.243
3.800	+7.862e+03	+3.688e+03	+1.107e+04	+0.319
3.900	+8.166e+03	+3.377e+03	+9.369e+03	+0.293
4.000	+7.366e+03	+1.486e+03	+9.908e+03	+0.168
4.100	+8.743e+03	+1.928e+03	+1.075e+04	+0.181
4.200	+6.368e+03	+2.442e+03	+8.753e+03	+0.277
4.300	+7.356e+03	+2.364e+03	+1.036e+04	+0.243
4.400	+6.898e+03	+1.779e+03	+1.019e+04	+0.205
4.500	+8.025e+03	+2.601e+03	+1.114e+04	+0.245
4.600	+5.478e+03	+3.143e+03	+1.098e+04	+0.365
4.700	+7.748e+03	+1.475e+03	+1.051e+04	+0.160
4.800	+6.476e+03	+2.574e+03	+9.885e+03	+0.284
4.900	+7.434e+03	+3.046e+03	+9.476e+03	+0.291
5.000	+7.115e+03	+2.723e+03	+1.034e+04	+0.277
5.100	+8.240e+03	+2.245e+03	+9.604e+03	+0.214
5.200	+6.890e+03	+3.257e+03	+1.069e+04	+0.321
5.300	+8.796e+03	+2.718e+03	+1.167e+04	+0.236
5.400	+7.521e+03	+2.785e+03	+9.453e+03	+0.270
5.500	+8.418e+03	+2.477e+03	+8.963e+03	+0.227
5.600	+7.832e+03	+2.644e+03	+1.056e+04	+0.252
5.700	+6.412e+03	+2.720e+03	+9.554e+03	+0.298
5.800	+7.483e+03	+2.945e+03	+9.262e+03	+0.282
5.900	+6.680e+03	+2.689e+03	+1.053e+04	+0.287
6.000	+7.838e+03	+2.025e+03	+1.049e+04	+0.205
6.100	+7.947e+03	+3.717e+03	+9.945e+03	+0.319
6.200	+6.193e+03	+3.117e+03	+9.934e+03	+0.335
6.300	+7.115e+03	+1.282e+03	+1.019e+04	+0.153
6.400	+7.609e+03	+2.431e+03	+9.352e+03	+0.242
6.500	+7.481e+03	+2.582e+03	+9.681e+03	+0.257
6.600	+8.420e+03	+2.842e+03	+1.029e+04	+0.252
6.700	+6.870e+03	+1.456e+03	+1.039e+04	+0.175
6.800	+7.977e+03	+2.513e+03	+1.060e+04	+0.240
6.900	+6.720e+03	+1.697e+03	+9.039e+03	+0.202
7.000	+8.009e+03	+2.386e+03	+9.605e+03	+0.230
7.100	+7.967e+03	+2.673e+03	+1.052e+04	+0.251
7.200	+6.862e+03	+2.332e+03	+1.110e+04	+0.254
7.300	+7.400e+03	+1.619e+03	+9.225e+03	+0.180
7.400	+8.500e+03	+1.962e+03	+8.979e+03	+0.188
7.500	+6.814e+03	+2.900e+03	+1.073e+04	+0.299
7.600	+6.683e+03	+2.855e+03	+9.301e+03	+0.299
7.700	+7.224e+03	+2.472e+03	+9.464e+03	+0.255
7.800	+7.010e+03	+2.252e+03	+1.046e+04	+0.243
7.900	+7.166e+03	+1.578e+03	+1.051e+04	+0.180
8.000	+8.314e+03	+3.118e+03	+1.026e+04	+0.273
8.100	+7.635e+03	+3.123e+03	+9.967e+03	+0.290
8.200	+6.826e+03	+2.166e+03	+9.488e+03	+0.241
8.300	+6.152e+03	+3.365e+03	+1.077e+04	+0.354
8.400	+8.793e+03	+1.696e+03	+1.007e+04	+0.162
8.500	+5.981e+03	+3.149e+03	+1.016e+04	+0.345
8.600	+8.020e+03	+2.734e+03	+1.117e+04	+0.254
8.700	+6.720e+03	+3.130e+03	+1.171e+04	+0.318
8.800	+7.220e+03	+3.317e+03	+8.894e+03	+0.315
8.900	+7.269e+03	+1.836e+03	+9.654e+03	+0.202
9.000	+7.372e+03	+3.663e+03	+8.415e+03	+0.332
9.100	+7.194e+03	+3.185e+03	+9.216e+03	+0.307
9.200	+7.975e+03	+2.658e+03	+8.857e+03	+0.250
9.300	+6.941e+03	+2.471e+03	+9.880e+03	+0.263
9.400	+7.868e+03	+2.910e+03	+1.052e+04	+0.270
9.500	+7.990e+03	+3.424e+03	+1.002e+04	+0.300
9.600	+8.659e+03	+3.623e+03	+9.501e+03	+0.295
9.700	+7.147e+03	+1.750e+03	+9.649e+03	+0.197
9.800	+7.792e+03	+2.733e+03	+8.629e+03	+0.260
9.900	+7.949e+03	+1.424e+03	+1.018e+04	+0.152
10.000	+7.856e+03	+2.799e+03	+9.858e+03	+0.263
10.100	+6.506e+03	+2.156e+03	+1.021e+04	+0.249
10.200	+6.233e+03	+3.363e+03	+1.057e+04	+0.350
10.300	+7.966e+03	+2.598e+03	+1.064e+04	+0.246
10.400	+7.958e+03	+2.505e+03	+1.096e+04	+0.239
10.500	+8.382e+03	+2.019e+03	+9.993e+03	+0.194
10.600	+7.412e+03	+2.560e+03	+8.460e+03	+0.257
10.700	+7.754e+03	+2.376e+03	+9.950e+03	+0.235
10.800	+7.841e+03	+3.013e+03	+9.318e+03	+0.278
10.900	+7.643e+03	+2.858e+03	+9.451e+03	+0.272
11.000	+6.866e+03	+2.771e+03	+9.742e+03	+0.288
11.100	+8.130e+03	+2.445e+03	+9.047e+03	+0.231
11.200	+7.779e+03	+3.242e+03	+1.120e+04	+0.294
11.300	+8.146e+03	+1.867e+03	+1.027e+04	+0.186
11.400	+7.310e+03	+2.181e+03	+1.001e+04	+0.230
11.500	+7.844e+03	+1.437e+03	+1.037e+04	+0.155
11.600	+7.664e+03	+2.617e+03	+9.211e+03	+0.255
11.700	+7.950e+03	+2.189e+03	+1.034e+04	+0.216
11.800	+8.489e+03	+1.594e+03	+9.799e+03	+0.158
11.900	+8.949e+03	+2.254e+03	+9.890e+03	+0.201
12.000	+7.159e+03	+2.263e+03	+1.119e+04	+0.240
12.100	+7.097e+03	+1.610e+03	+1.121e+04	+0.185
12.200	+7.872e+03	+3.631e+03	+1.053e+04	+0.316
12.300	+6.190e+03	+2.918e+03	+1.024e+04	+0.320
12.400	+7.674e+03	+2.580e+03	+9.282e+03	+0.252
12.500	+8.549e+03	+3.108e+03	+1.020e+04	+0.267
12.600	+6.867e+03	+3.456e+03	+1.010e+04	+0.335
12.700	+7.370e+03	+2.697e+03	+8.927e+03	+0.268
12.800	+7.351e+03	+2.823e+03	+1.047e+04	+0.277
12.900	+7.017e+03	+2.717e+03	+9.471e+03	+0.279
13.000	+7.788e+03	+3.720e+03	+1.003e+04	+0.323
13.100	+7.848e+03	+2.538e+03	+9.439e+03	+0.244
13.200	+8.207e+03	+3.251e+03	+1.012e+04	+0.284
13.300	+7.208e+03	+1.751e+03	+1.129e+04	+0.195
13.400	+6.772e+03	+1.916e+03	+1.115e+04	+0.221
13.500	+7.515e+03	+3.444e+03	+1.122e+04	+0.314
13.600	+6.485e+03	+1.690e+03	+1.062e+04	+0.207
13.700	+6.644e+03	+1.885e+03	+1.016e+04	+0.221
13.800	+7.697e+03	+2.523e+03	+1.002e+04	+0.247
13.900	+7.214e+03	+2.261e+03	+9.627e+03	+0.239
14.000	+6.838e+03	+1.924e+03	+1.004e+04	+0.220
14.100	+6.423e+03	+2.379e+03	+9.893e+03	+0.270
14.200	+7.550e+03	+2.133e+03	+9.643e+03	+0.220
14.300	+8.110e+03	+3.143e+03	+1.005e+04	+0.279
14.400	+6.816e+03	+2.765e+03	+1.075e+04	+0.289
14.500	+6.964e+03	+3.536e+03	+9.708e+03	+0.337
14.600	+6.894e+03	+1.680e+03	+1.020e+04	+0.196
14.700	+7.219e+03	+1.757e+03	+9.256e+03	+0.196
14.800	+7.522e+03	+2.900e+03	+9.884e+03	+0.278
14.900	+6.378e+03	+2.598e+03	+1.079e+04	+0.289
15.000	+6.876e+03	+2.425e+03	+1.028e+04	+0.261
15.100	+8.078e+03	+1.583e+03	+1.040e+04	+0.164
15.200	+7.990e+03	+2.391e+03	+1.053e+04	+0.230
15.300	+7.916e+03	+2.795e+03	+9.708e+03	+0.261
15.400	+7.439e+03	+2.187e+03	+1.020e+04	+0.227
15.500	+7.358e+03	+2.465e+03	+1.035e+04	+0.251
15.600	+7.278e+03	+1.325e+03	+1.022e+04	+0.154
15.700	+7.350e+03	+2.933e+03	+1.003e+04	+0.285
15.800	+6.129e+03	+3.174e+03	+9.670e+03	+0.341
15.900	+7.147e+03	+2.834e+03	+9.490e+03	+0.284
16.000	+8.330e+03	+2.340e+03	+9.420e+03	+0.219
16.100	+7.641e+03	+2.127e+03	+1.046e+04	+0.218
16.200	+7.011e+03	+1.940e+03	+1.069e+04	+0.217
16.300	+7.225e+03	+3.004e+03	+1.050e+04	+0.294
16.400	+7.237e+03	+2.704e+03	+9.828e+03	+0.272
16.500	+8.845e+03	+1.877e+03	+9.020e+03	+0.175
16.600	+8.290e+03	+1.615e+03	+9.081e+03	+0.163
16.700	+8.146e+03	+2.492e+03	+1.074e+04	+0.234
16.800	+6.271e+03	+2.432e+03	+9.467e+03	+0.279
16.900	+6.640e+03	+2.731e+03	+9.476e+03	+0.291
17.000	+6.569e+03	+1.839e+03	+1.069e+04	+0.219
17.100	+7.535e+03	+3.532e+03	+9.478e+03	+0.319
17.200	+7.480e+03	+2.601e+03	+1.063e+04	+0.258
17.300	+7.544e+03	+3.070e+03	+1.016e+04	+0.289
17.400	+7.229e+03	+2.091e+03	+9.787e+03	+0.224
17.500	+7.278e+03	+2.497e+03	+9.878e+03	+0.255
17.600	+8.836e+03	+2.409e+03	+1.008e+04	+0.214
17.700	+7.789e+03	+3.264e+03	+9.623e+03	+0.295
17.800	+6.703e+03	+2.473e+03	+9.544e+03	+0.270
17.900	+7.112e+03	+2.764e+03	+9.508e+03	+0.280
18.000	+7.302e+03	+3.254e+03	+1.124e+04	+0.308
18.100	+7.863e+03	+2.670e+03	+1.075e+04	+0.253
18.200	+7.574e+03	+3.197e+03	+1.064e+04	+0.297
18.300	+8.128e+03	+3.617e+03	+1.112e+04	+0.308
18.400	+8.862e+03	+2.139e+03	+9.849e+03	+0.194
18.500	+7.532e+03	+1.492e+03	+1.005e+04	+0.165
18.600	+8.406e+03	+1.629e+03	+9.317e+03	+0.162
18.700	+6.708e+03	+3.337e+03	+9.915e+03	+0.332
18.800	+7.635e+03	+2.009e+03	+1.041e+04	+0.208
18.900	+7.364e+03	+4.262e+03	+1.067e+04	+0.367
19.000	+6.931e+03	+2.364e+03	+1.000e+04	+0.254
19.100	+7.604e+03	+3.291e+03	+9.030e+03	+0.302
19.200	+7.597e+03	+1.483e+03	+9.946e+03	+0.163
19.300	+6.838e+03	+2.404e+03	+9.813e+03	+0.260
19.400	+7.080e+03	+2.100e+03	+9.901e+03	+0.229
19.500	+6.437e+03	+1.734e+03	+9.552e+03	+0.212
19.600	+6.857e+03	+1.315e+03	+9.216e+03	+0.161
19.700	+8.383e+03	+2.563e+03	+8.462e+03	+0.234
19.800	+8.591e+03	+2.502e+03	+1.000e+04	+0.226
19.900	+8.665e+03	+2.692e+03	+1.028e+04	+0.237
20.000	+5.740e+03	+1.334e+03	+1.096e+04	+0.189
20.100	+8.224e+03	+2.943e+03	+9.275e+03	+0.264
20.200	+7.111e+03	+2.620e+03	+9.995e+03	+0.269
20.300	+6.362e+03	+1.518e+03	+9.657e+03	+0.193
20.400	+7.952e+03	+3.119e+03	+1.000e+04	+0.282
20.500	+7.865e+03	+1.339e+03	+9.758e+03	+0.145
20.600	+8.365e+03	+4.084e+03	+9.896e+03	+0.328
20.700	+7.885e+03	+2.268e+03	+8.649e+03	+0.223
20.800	+7.743e+03	+3.187e+03	+9.135e+03	+0.292
20.900	+7.476e+03	+3.477e+03	+1.062e+04	+0.317
21.000	+7.841e+03	+3.484e+03	+8.955e+03	+0.308
21.100	+8.054e+03	+2.404e+03	+9.861e+03	+0.230
21.200	+7.602e+03	+2.400e+03	+1.081e+04	+0.240
21.300	+6.949e+03	+4.559e+03	+9.823e+03	+0.396
21.400	+7.628e+03	+3.170e+03	+1.050e+04	+0.294
21.500	+6.161e+03	+2.259e+03	+9.470e+03	+0.268
21.600	+7.338e+03	+1.973e+03	+1.149e+04	+0.212
21.700	+7.291e+03	+3.380e+03	+1.060e+04	+0.317
21.800	+7.638e+03	+2.216e+03	+1.065e+04	+0.225
21.900	+7.986e+03	+1.267e+03	+1.006e+04	+0.137
22.000	+7.615e+03	+2.891e+03	+9.458e+03	+0.275
22.100	+6.843e+03	+2.146e+03	+9.992e+03	+0.239
22.200	+9.025e+03	+1.481e+03	+9.918e+03	+0.141
22.300	+7.768e+03	+2.468e+03	+1.114e+04	+0.241
22.400	+6.752e+03	+3.671e+03	+9.036e+03	+0.352
22.500	+7.555e+03	+2.288e+03	+9.465e+03	+0.232
22.600	+7.528e+03	+3.193e+03	+1.016e+04	+0.298
22.700	+6.550e+03	+2.568e+03	+1.008e+04	+0.282
22.800	+7.917e+03	+1.761e+03	+8.749e+03	+0.182
22.900	+8.232e+03	+3.002e+03	+1.107e+04	+0.267
23.000	+7.309e+03	+1.686e+03	+9.891e+03	+0.187
23.100	+7.317e+03	+2.306e+03	+1.009e+04	+0.240
23.200	+7.386e+03	+2.003e+03	+9.265e+03	+0.213
23.300	+7.130e+03	+3.641e+03	+9.417e+03	+0.338
23.400	+7.957e+03	+2.555e+03	+1.056e+04	+0.243
23.500	+7.112e+03	+3.203e+03	+9.754e+03	+0.311
23.600	+7.595e+03	+2.835e+03	+1.050e+04	+0.272
23.700	+6.797e+03	+2.534e+03	+9.771e+03	+0.272
23.800	+6.536e+03	+1.941e+03	+1.063e+04	+0.229
23.900	+7.558e+03	+1.377e+03	+9.612e+03	+0.154
24.000	+7.709e+03	+2.984e+03	+9.968e+03	+0.279
24.100	+8.563e+03	+2.498e+03	+9.461e+03	+0.226
24.200	+6.834e+03	+2.730e+03	+9.542e+03	+0.285
24.300	+7.317e+03	+1.488e+03	+9.221e+03	+0.169
24.400	+7.511e+03	+3.166e+03	+1.043e+04	+0.297
24.500	+7.192e+03	+1.841e+03	+8.665e+03	+0.204
24.600	+7.635e+03	+2.446e+03	+8.746e+03	+0.243
24.700	+7.167e+03	+3.091e+03	+1.065e+04	+0.301
24.800	+7.169e+03	+2.663e+03	+8.901e+03	+0.271
24.900	+7.908e+03	+2.453e+03	+1.082e+04	+0.237
25.000	+7.984e+03	+2.218e+03	+9.030e+03	+0.217
25.100	+8.563e+03	+2.756e+03	+8.546e+03	+0.244
25.200	+7.592e+03	+1.522e+03	+9.734e+03	+0.167
25.300	+7.968e+03	+1.491e+03	+9.813e+03	+0.158
25.400	+6.956e+03	+3.490e+03	+1.007e+04	+0.334
25.500	+6.991e+03	+2.893e+03	+9.300e+03	+0.293
25.600	+8.567e+03	+3.259e+03	+8.936e+03	+0.276
25.700	+7.655e+03	+3.051e+03	+9.154e+03	+0.285
25.800	+7.947e+03	+2.787e+03	+1.074e+04	+0.260
25.900	+7.620e+03	+2.120e+03	+1.093e+04	+0.218
26.000	+7.641e+03	+1.614e+03	+9.993e+03	+0.174
26.100	+6.033e+03	+2.344e+03	+9.053e+03	+0.280
26.200	+7.293e+03	+3.233e+03	+9.967e+03	+0.307
26.300	+8.091e+03	+2.002e+03	+1.069e+04	+0.198
26.400	+7.851e+03	+1.769e+03	+1.157e+04	+0.184
26.500	+8.297e+03	+1.309e+03	+9.886e+03	+0.136
26.600	+7.551e+03	+2.384e+03	+9.232e+03	+0.240
26.700	+7.931e+03	+2.726e+03	+1.038e+04	+0.256
26.800	+7.901e+03	+1.061e+03	+1.038e+04	+0.118
26.900	+7.164e+03	+1.391e+03	+9.800e+03	+0.163
27.000	+7.722e+03	+2.748e+03	+1.067e+04	+0.262
27.100	+7.049e+03	+2.976e+03	+9.167e+03	+0.297
27.200	+8.031e+03	+2.059e+03	+1.083e+04	+0.204
27.300	+6.850e+03	+3.712e+03	+9.575e+03	+0.351
27.400	+8.073e+03	+2.723e+03	+1.102e+04	+0.252
27.500	+7.327e+03	+1.699e+03	+9.800e+03	+0.188
27.600	+6.895e+03	+3.465e+03	+9.229e+03	+0.334
27.700	+8.499e+03	+3.468e+03	+9.957e+03	+0.290
27.800	+7.555e+03	+2.443e+03	+9.249e+03	+0.244
27.900	+7.627e+03	+2.451e+03	+9.601e+03	+0.243
28.000	+7.416e+03	+2.262e+03	+1.116e+04	+0.234
28.100	+7.494e+03	+2.738e+03	+9.390e+03	+0.268
28.200	+7.301e+03	+4.260e+03	+9.878e+03	+0.369
28.300	+7.957e+03	+3.203e+03	+9.797e+03	+0.287
28.400	+7.338e+03	+3.463e+03	+9.241e+03	+0.321
28.500	+7.692e+03	+2.882e+03	+8.100e+03	+0.273
28.600	+7.862e+03	+3.133e+03	+9.374e+03	+0.285
28.700	+7.726e+03	+2.361e+03	+1.070e+04	+0.234
28.800	+6.052e+03	+3.192e+03	+9.695e+03	+0.345
28.900	+7.477e+03	+3.375e+03	+1.000e+04	+0.311
29.000	+8.344e+03	+2.608e+03	+9.967e+03	+0.238
29.100	+6.849e+03	+1.954e+03	+1.082e+04	+0.222
29.200	+6.941e+03	+3.269e+03	+1.014e+04	+0.320
29.300	+6.848e+03	+2.994e+03	+9.129e+03	+0.304
29.400	+7.820e+03	+2.432e+03	+1.075e+04	+0.237
29.500	+7.583e+03	+3.384e+03	+1.095e+04	+0.309
29.600	+7.136e+03	+2.423e+03	+1.051e+04	+0.253
29.700	+6.846e+03	+2.117e+03	+9.438e+03	+0.236
29.800	+6.274e+03	+3.632e+03	+9.800e+03	+0.367
29.900	+7.283e+03	+2.806e+03	+1.008e+04	+0.278
30.000	+7.313e+03	+3.452e+03	+1.009e+04	+0.321
30.100	+7.232e+03	+2.274e+03	+1.141e+04	+0.239
30.200	+6.600e+03	+2.964e+03	+1.062e+04	+0.310
30.300	+5.234e+03	+2.582e+03	+1.155e+04	+0.330
30.400	+7.858e+03	+1.987e+03	+1.035e+04	+0.202
30.500	+8.199e+03	+2.897e+03	+9.652e+03	+0.261
30.600	+7.125e+03	+2.677e+03	+9.772e+03	+0.273
30.700	+6.372e+03	+3.726e+03	+1.033e+04	+0.369
30.800	+7.465e+03	+2.208e+03	+1.017e+04	+0.228
30.900	+8.606e+03	+2.534e+03	+9.891e+03	+0.227
31.000	+6.772e+03	+2.934e+03	+9.829e+03	+0.302
31.100	+7.181e+03	+3.185e+03	+9.899e+03	+0.307
31.200	+8.118e+03	+2.393e+03	+9.667e+03	+0.228
31.300	+5.838e+03	+2.639e+03	+1.117e+04	+0.311
31.400	+6.786e+03	+1.623e+03	+1.060e+04	+0.193
31.500	+8.162e+03	+2.244e+03	+9.596e+03	+0.216
31.600	+7.666e+03	+4.020e+03	+9.602e+03	+0.344
31.700	+7.107e+03	+2.291e+03	+1.066e+04	+0.244
31.800	+6.169e+03	+2.540e+03	+1.029e+04	+0.292
31.900	+6.563e+03	+2.481e+03	+1.094e+04	+0.274
32.000	+7.044e+03	+1.719e+03	+9.608e+03	+0.196
32.100	+7.768e+03	+1.932e+03	+9.611e+03	+0.199
32.200	+7.579e+03	+2.766e+03	+9.122e+03	+0.267
32.300	+8.395e+03	+3.006e+03	+1.038e+04	+0.264
32.400	+8.710e+03	+2.369e+03	+9.409e+03	+0.214
32.500	+8.396e+03	+2.005e+03	+9.512e+03	+0.193
32.600	+6.585e+03	+1.668e+03	+1.019e+04	+0.202
32.700	+8.623e+03	+2.767e+03	+1.059e+04	+0.243
32.800	+6.759e+03	+3.608e+03	+1.154e+04	+0.348
32.900	+8.377e+03	+3.340e+03	+9.173e+03	+0.285
33.000	+8.135e+03	+2.548e+03	+1.168e+04	+0.239
33.100	+7.122e+03	+5.524e+02	+1.019e+04	+0.072
33.200	+7.344e+03	+1.669e+03	+9.864e+03	+0.185
33.300	+5.917e+03	+2.238e+03	+1.104e+04	+0.274
33.400	+8.232e+03	+1.788e+03	+1.045e+04	+0.178
33.500	+7.130e+03	+2.469e+03	+9.529e+03	+0.257
33.600	+9.159e+03	+3.527e+03	+1.103e+04	+0.278
33.700	+6.895e+03	+3.046e+03	+1.013e+04	+0.306
33.800	+8.296e+03	+3.315e+03	+9.661e+03	+0.286
33.900	+7.444e+03	+2.747e+03	+1.030e+04	+0.270
34.000	+6.627e+03	+3.006e+03	+1.038e+04	+0.312
34.100	+8.796e+03	+2.486e+03	+9.468e+03	+0.220
34.200	+8.151e+03	+3.154e+03	+1.044e+04	+0.279
34.300	+7.642e+03	+2.298e+03	+1.066e+04	+0.231
34.400	+7.175e+03	+3.405e+03	+1.018e+04	+0.322
34.500	+7.138e+03	+1.542e+03	+9.244e+03	+0.178
34.600	+6.875e+03	+2.520e+03	+8.934e+03	+0.268
34.700	+7.591e+03	+2.464e+03	+1.064e+04	+0.245
34.800	+7.060e+03	+2.715e+03	+9.488e+03	+0.278
34.900	+7.025e+03	+3.249e+03	+1.106e+04	+0.316
35.000	+7.401e+03	+2.324e+03	+1.002e+04	+0.239
35.100	+6.286e+03	+2.634e+03	+1.011e+04	+0.295
35.200	+8.533e+03	+1.381e+03	+9.307e+03	+0.139
35.300	+6.843e+03	+3.042e+03	+1.070e+04	+0.308
35.400	+5.727e+03	+2.384e+03	+1.034e+04	+0.294
35.500	+7.452e+03	+3.905e+03	+1.026e+04	+0.344
35.600	+8.158e+03	+3.139e+03	+1.067e+04	+0.278
35.700	+8.450e+03	+2.224e+03	+9.999e+03	+0.208
35.800	+7.319e+03	+1.922e+03	+9.897e+03	+0.208
35.900	+5.955e+03	+2.851e+03	+9.314e+03	+0.324
36.000	+6.378e+03	+1.885e+03	+9.659e+03	+0.228
36.100	+8.441e+03	+2.138e+03	+9.637e+03	+0.202
36.200	+8.085e+03	+2.724e+03	+1.096e+04	+0.252
36.300	+8.014e+03	+2.583e+03	+9.590e+03	+0.244
36.400	+6.955e+03	+2.954e+03	+9.755e+03	+0.298
36.500	+8.349e+03	+2.507e+03	+8.581e+03	+0.231
36.600	+6.998e+03	+1.817e+03	+1.163e+04	+0.206
36.700	+6.851e+03	+2.561e+03	+9.860e+03	+0.272
36.800	+7.336e+03	+2.003e+03	+9.602e+03	+0.214
36.900	+6.266e+03	+3.569e+03	+1.004e+04	+0.363
37.000	+8.116e+03	+3.814e+03	+8.662e+03	+0.320
37.100	+7.435e+03	+1.511e+03	+9.009e+03	+0.169
37.200	+7.645e+03	+1.548e+03	+9.355e+03	+0.168
37.300	+9.038e+03	+3.842e+03	+8.747e+03	+0.298
37.400	+5.769e+03	+2.443e+03	+1.003e+04	+0.298
37.500	+6.738e+03	+1.972e+03	+8.762e+03	+0.226
37.600	+7.320e+03	+2.803e+03	+1.078e+04	+0.277
37.700	+6.550e+03	+2.880e+03	+1.153e+04	+0.305
37.800	+6.759e+03	+2.806e+03	+8.978e+03	+0.293
37.900	+6.949e+03	+2.087e+03	+8.999e+03	+0.231
38.000	+8.018e+03	+2.027e+03	+9.102e+03	+0.202
38.100	+7.230e+03	+2.041e+03	+9.245e+03	+0.220
38.200	+7.791e+03	+3.487e+03	+9.725e+03	+0.309
38.300	+7.790e+03	+1.913e+03	+1.011e+04	+0.197
38.400	+6.165e+03	+2.957e+03	+8.739e+03	+0.324
38.500	+7.023e+03	+1.162e+03	+8.537e+03	+0.142
38.600	+7.244e+03	+2.640e+03	+9.969e+03	+0.267
38.700	+4.466e+03	+6.128e+03	+1.074e+04	+0.578
38.800	+3.875e+03	+5.134e+03	+1.037e+04	+0.570
38.900	+5.312e+03	+4.486e+03	+9.835e+03	+0.458
39.000	+6.348e+03	+5.898e+03	+9.751e+03	+0.482
39.100	+5.695e+03	+5.494e+03	+1.011e+04	+0.491
39.200	+5.461e+03	+4.373e+03	+9.664e+03	+0.445
39.300	+4.528e+03	+4.967e+03	+1.046e+04	+0.523
39.400	+4.601e+03	+4.853e+03	+9.380e+03	+0.513
39.500	+5.602e+03	+5.273e+03	+1.005e+04	+0.485
39.600	+5.388e+03	+4.453e+03	+1.114e+04	+0.453
39.700	+4.003e+03	+4.553e+03	+9.482e+03	+0.532
39.800	+5.283e+03	+6.252e+03	+1.006e+04	+0.542
39.900	+4.466e+03	+4.849e+03	+9.278e+03	+0.521
40.000	+4.829e+03	+4.560e+03	+1.014e+04	+0.486
40.100	+3.957e+03	+4.143e+03	+1.045e+04	+0.512
40.200	+4.352e+03	+4.966e+03	+8.812e+03	+0.533
40.300	+5.784e+03	+5.464e+03	+1.061e+04	+0.486
40.400	+6.608e+03	+4.718e+03	+1.094e+04	+0.417
40.500	+5.486e+03	+4.936e+03	+1.022e+04	+0.474
40.600	+4.913e+03	+3.912e+03	+1.109e+04	+0.443
40.700	+4.364e+03	+5.249e+03	+1.032e+04	+0.546
40.800	+4.470e+03	+4.782e+03	+1.021e+04	+0.517
40.900	+6.065e+03	+5.576e+03	+1.021e+04	+0.479
41.000	+3.213e+03	+7.538e+03	+9.467e+03	+0.701
41.100	+2.704e+03	+8.446e+03	+9.555e+03	+0.758
41.200	+2.698e+03	+8.135e+03	+1.051e+04	+0.751
41.300	+1.049e+03	+8.138e+03	+1.018e+04	+0.886
41.400	+2.652e+03	+8.238e+03	+9.617e+03	+0.756
41.500	+3.005e+03	+7.503e+03	+9.804e+03	+0.714
41.600	+2.411e+03	+6.852e+03	+9.697e+03	+0.740
41.700	+2.129e+03	+7.943e+03	+1.008e+04	+0.789
41.800	+1.391e+03	+8.012e+03	+8.860e+03	+0.852
41.900	+3.222e+03	+7.478e+03	+9.670e+03	+0.699
42.000	+3.069e+03	+7.182e+03	+8.988e+03	+0.701
42.100	+5.923e+03	+4.973e+03	+1.057e+04	+0.456
42.200	+5.572e+03	+5.424e+03	+1.028e+04	+0.493
42.300	+5.558e+03	+5.291e+03	+1.000e+04	+0.488
42.400	+5.520e+03	+5.846e+03	+1.016e+04	+0.514
42.500	+4.872e+03	+4.139e+03	+9.796e+03	+0.459
42.600	+3.695e+03	+5.242e+03	+9.169e+03	+0.587
42.700	+5.171e+03	+6.011e+03	+8.928e+03	+0.538
42.800	+5.141e+03	+3.896e+03	+9.963e+03	+0.431
42.900	+3.905e+03	+5.554e+03	+1.005e+04	+0.587
43.000	+5.492e+03	+5.034e+03	+1.036e+04	+0.478
43.100	+5.859e+03	+4.469e+03	+1.145e+04	+0.433
43.200	+4.795e+03	+5.505e+03	+9.248e+03	+0.534
43.300	+3.903e+03	+4.885e+03	+1.054e+04	+0.556
43.400	+6.499e+03	+3.714e+03	+9.429e+03	+0.364
43.500	+7.632e+03	+1.057e+03	+9.361e+03	+0.122
43.600	+7.943e+03	+2.801e+03	+8.169e+03	+0.261
43.700	+8.191e+03	+2.076e+03	+1.005e+04	+0.202
43.800	+8.530e+03	+2.987e+03	+9.947e+03	+0.259
43.900	+7.322e+03	+1.141e+03	+1.074e+04	+0.135
44.000	+8.376e+03	+2.676e+03	+9.865e+03	+0.242
44.100	+7.253e+03	+9.040e+02	+9.262e+03	+0.111
44.200	+6.755e+03	+2.772e+03	+9.913e+03	+0.291
44.300	+7.456e+03	+3.621e+03	+1.046e+04	+0.327
44.400	+7.612e+03	+2.612e+03	+1.030e+04	+0.256
44.500	+7.687e+03	+2.181e+03	+1.052e+04	+0.221
44.600	+7.056e+03	+2.853e+03	+1.034e+04	+0.288
44.700	+6.928e+03	+3.997e+03	+9.261e+03	+0.366
44.800	+5.929e+03	+1.975e+03	+1.029e+04	+0.250
44.900	+6.424e+03	+2.463e+03	+1.044e+04	+0.277
45.000	+7.828e+03	+2.060e+03	+9.858e+03	+0.208
45.100	+7.781e+03	+2.576e+03	+1.051e+04	+0.249
45.200	+7.480e+03	+3.644e+03	+8.541e+03	+0.328
45.300	+6.917e+03	+2.524e+03	+9.827e+03	+0.267
45.400	+7.192e+03	+3.203e+03	+1.006e+04	+0.308
45.500	+8.877e+03	+2.460e+03	+1.105e+04	+0.217
45.600	+9.167e+03	+2.166e+03	+9.670e+03	+0.191
45.700	+9.100e+03	+2.888e+03	+1.013e+04	+0.241
45.800	+7.716e+03	+2.357e+03	+1.100e+04	+0.234
45.900	+8.482e+03	+1.957e+03	+9.983e+03	+0.188
46.000	+8.378e+03	+3.051e+03	+1.017e+04	+0.267
46.100	+6.769e+03	+2.476e+03	+9.809e+03	+0.268
46.200	+7.569e+03	+2.788e+03	+9.968e+03	+0.269
46.300	+8.461e+03	+1.924e+03	+1.086e+04	+0.185
46.400	+6.384e+03	+2.988e+03	+9.784e+03	+0.319
46.500	+8.072e+03	+4.245e+03	+9.051e+03	+0.345
46.600	+7.670e+03	+2.536e+03	+8.805e+03	+0.249
46.700	+7.158e+03	+1.660e+03	+1.012e+04	+0.188
46.800	+7.318e+03	+1.697e+03	+9.756e+03	+0.188
46.900	+9.020e+03	+1.656e+03	+1.059e+04	+0.155
47.000	+8.197e+03	+1.540e+03	+9.382e+03	+0.158
47.100	+7.805e+03	+2.398e+03	+9.318e+03	+0.235
47.200	+8.365e+03	+2.558e+03	+9.712e+03	+0.234
47.300	+8.195e+03	+2.646e+03	+9.189e+03	+0.244
47.400	+7.997e+03	+3.107e+03	+9.061e+03	+0.280
47.500	+8.070e+03	+2.636e+03	+9.779e+03	+0.246
47.600	+7.559e+03	+3.175e+03	+9.892e+03	+0.296
47.700	+7.986e+03	+1.428e+03	+1.019e+04	+0.152
47.800	+5.500e+03	+2.629e+03	+1.040e+04	+0.323
47.900	+7.495e+03	+3.443e+03	+1.090e+04	+0.315
48.000	+7.463e+03	+2.463e+03	+9.068e+03	+0.248
48.100	+9.275e+03	+3.092e+03	+9.460e+03	+0.250
48.200	+6.930e+03	+3.151e+03	+1.135e+04	+0.313
48.300	+7.716e+03	+2.658e+03	+9.811e+03	+0.256
48.400	+6.829e+03	+1.966e+03	+1.011e+04	+0.224
48.500	+8.012e+03	+2.132e+03	+9.520e+03	+0.210
48.600	+6.884e+03	+3.059e+03	+1.174e+04	+0.308
48.700	+7.749e+03	+1.835e+03	+1.089e+04	+0.191
48.800	+7.302e+03	+3.291e+03	+1.054e+04	+0.311
48.900	+8.317e+03	+3.359e+03	+9.198e+03	+0.288
49.000	+7.805e+03	+2.252e+03	+9.675e+03	+0.224
49.100	+6.209e+03	+3.356e+03	+9.723e+03	+0.351
49.200	+7.428e+03	+3.640e+03	+9.243e+03	+0.329
49.300	+6.432e+03	+2.758e+03	+1.125e+04	+0.300
49.400	+7.591e+03	+2.299e+03	+9.554e+03	+0.232
49.500	+8.648e+03	+2.638e+03	+1.022e+04	+0.234
49.600	+6.931e+03	+3.358e+03	+1.071e+04	+0.326
49.700	+8.456e+03	+2.418e+03	+9.113e+03	+0.222
49.800	+8.356e+03	+1.874e+03	+8.968e+03	+0.183
49.900	+8.556e+03	+2.251e+03	+9.945e+03	+0.208
50.000	+6.014e+03	+2.932e+03	+9.842e+03	+0.328
50.100	+7.374e+03	+3.111e+03	+1.089e+04	+0.297
50.200	+7.979e+03	+2.371e+03	+1.019e+04	+0.229
50.300	+7.539e+03	+2.645e+03	+9.883e+03	+0.260
50.400	+7.446e+03	+2.053e+03	+1.056e+04	+0.216
50.500	+6.859e+03	+1.873e+03	+1.009e+04	+0.214
50.600	+8.255e+03	+3.299e+03	+1.051e+04	+0.286
50.700	+9.197e+03	+2.665e+03	+9.737e+03	+0.225
50.800	+7.808e+03	+3.185e+03	+9.757e+03	+0.290
50.900	+6.522e+03	+2.609e+03	+9.820e+03	+0.286
51.000	+6.981e+03	+1.793e+03	+9.984e+03	+0.204
51.100	+8.000e+03	+2.017e+03	+9.697e+03	+0.201
51.200	+8.044e+03	+1.305e+03	+9.777e+03	+0.140
51.300	+6.848e+03	+5.479e+02	+1.043e+04	+0.074
51.400	+9.158e+03	+2.879e+03	+9.684e+03	+0.239
51.500	+7.770e+03	+2.569e+03	+9.312e+03	+0.248
51.600	+7.634e+03	+2.981e+03	+9.592e+03	+0.281
51.700	+7.549e+03	+4.071e+03	+9.335e+03	+0.350
51.800	+9.020e+03	+2.346e+03	+1.016e+04	+0.206
51.900	+7.718e+03	+2.037e+03	+9.960e+03	+0.209
52.000	+7.562e+03	+1.795e+03	+9.405e+03	+0.192
52.100	+8.643e+03	+2.574e+03	+1.031e+04	+0.229
52.200	+7.342e+03	+3.215e+03	+9.418e+03	+0.305
52.300	+8.087e+03	+3.426e+03	+8.718e+03	+0.298
52.400	+7.601e+03	+1.656e+03	+9.783e+03	+0.179
52.500	+7.821e+03	+2.534e+03	+9.764e+03	+0.245
52.600	+6.647e+03	+2.855e+03	+9.501e+03	+0.300
52.700	+8.260e+03	+2.255e+03	+9.797e+03	+0.214
52.800	+7.704e+03	+3.167e+03	+9.560e+03	+0.291
52.900	+7.514e+03	+1.807e+03	+9.392e+03	+0.194
53.000	+7.292e+03	+1.704e+03	+1.000e+04	+0.189
53.100	+7.107e+03	+1.740e+03	+9.470e+03	+0.197
53.200	+7.786e+03	+2.387e+03	+1.013e+04	+0.235
53.300	+5.851e+03	+2.548e+03	+1.097e+04	+0.303
53.400	+7.350e+03	+2.769e+03	+1.127e+04	+0.274
53.500	+8.324e+03	+2.571e+03	+9.985e+03	+0.236
53.600	+6.769e+03	+1.693e+03	+1.075e+04	+0.200
53.700	+7.725e+03	+3.067e+03	+1.129e+04	+0.284
53.800	+6.389e+03	+2.851e+03	+9.726e+03	+0.309
53.900	+8.541e+03	+2.405e+03	+9.738e+03	+0.220
54.000	+8.066e+03	+2.233e+03	+9.124e+03	+0.217
54.100	+6.905e+03	+2.153e+03	+9.657e+03	+0.238
54.200	+6.619e+03	+1.726e+03	+9.811e+03	+0.207
54.300	+7.039e+03	+1.986e+03	+9.965e+03	+0.220
54.400	+7.799e+03	+2.509e+03	+1.090e+04	+0.243
54.500	+6.774e+03	+1.906e+03	+9.947e+03	+0.220
54.600	+9.085e+03	+2.331e+03	+1.036e+04	+0.204
54.700	+7.383e+03	+1.380e+03	+8.537e+03	+0.157
54.800	+7.749e+03	+2.414e+03	+9.709e+03	+0.238
54.900	+7.007e+03	+2.043e+03	+9.497e+03	+0.226
55.000	+6.662e+03	+1.922e+03	+1.081e+04	+0.224
55.100	+7.701e+03	+1.125e+03	+1.007e+04	+0.127
55.200	+6.951e+03	+2.013e+03	+1.059e+04	+0.225
55.300	+7.765e+03	+2.665e+03	+9.675e+03	+0.256
55.400	+6.972e+03	+3.923e+03	+8.793e+03	+0.360
55.500	+7.358e+03	+2.172e+03	+1.035e+04	+0.228
55.600	+7.600e+03	+2.352e+03	+1.025e+04	+0.236
55.700	+8.270e+03	+2.651e+03	+1.016e+04	+0.243
55.800	+6.170e+03	+1.247e+03	+9.490e+03	+0.168
55.900	+8.462e+03	+2.296e+03	+7.637e+03	+0.213
56.000	+7.023e+03	+2.603e+03	+8.969e+03	+0.270
56.100	+7.417e+03	+2.685e+03	+1.056e+04	+0.266
56.200	+7.119e+03	+1.712e+03	+9.711e+03	+0.194
56.300	+7.926e+03	+2.966e+03	+9.635e+03	+0.272
56.400	+7.428e+03	+3.697e+03	+1.062e+04	+0.332
56.500	+7.964e+03	+3.895e+03	+1.083e+04	+0.328
56.600	+8.457e+03	+1.159e+03	+1.075e+04	+0.121
56.700	+6.997e+03	+2.744e+03	+1.035e+04	+0.282
56.800	+7.579e+03	+1.701e+03	+1.077e+04	+0.183
56.900	+8.192e+03	+3.488e+03	+1.003e+04	+0.299
57.000	+8.083e+03	+2.296e+03	+9.162e+03	+0.221
57.100	+8.661e+03	+2.581e+03	+9.748e+03	+0.230
57.200	+7.285e+03	+2.067e+03	+9.194e+03	+0.221
57.300	+7.195e+03	+2.751e+03	+1.113e+04	+0.277
57.400	+6.770e+03	+3.273e+03	+9.309e+03	+0.326
57.500	+6.988e+03	+2.979e+03	+8.938e+03	+0.299
57.600	+7.278e+03	+2.168e+03	+9.369e+03	+0.229
57.700	+7.873e+03	+2.598e+03	+9.783e+03	+0.248
57.800	+6.283e+03	+2.048e+03	+1.013e+04	+0.246
57.900	+8.011e+03	+1.943e+03	+1.151e+04	+0.195
58.000	+7.315e+03	+3.353e+03	+9.432e+03	+0.314
58.100	+7.869e+03	+1.687e+03	+1.105e+04	+0.177
58.200	+7.534e+03	+3.216e+03	+9.478e+03	+0.299
58.300	+7.043e+03	+1.749e+03	+1.009e+04	+0.199
58.400	+6.687e+03	+2.343e+03	+8.388e+03	+0.259
58.500	+6.307e+03	+2.439e+03	+1.087e+04	+0.279
58.600	+6.858e+03	+3.596e+03	+9.503e+03	+0.344
58.700	+8.072e+03	+3.111e+03	+1.004e+04	+0.278
58.800	+7.080e+03	+1.426e+03	+1.037e+04	+0.168
58.900	+6.930e+03	+3.121e+03	+9.760e+03	+0.310
59.000	+7.186e+03	+2.879e+03	+1.028e+04	+0.286
59.100	+8.636e+03	+1.899e+03	+9.859e+03	+0.180
59.200	+7.214e+03	+2.434e+03	+9.676e+03	+0.252
59.300	+8.109e+03	+1.224e+03	+9.627e+03	+0.131
59.400	+7.040e+03	+3.163e+03	+9.591e+03	+0.310
59.500	+6.831e+03	+2.693e+03	+1.055e+04	+0.283
59.600	+6.699e+03	+1.636e+03	+1.041e+04	+0.196
59.700	+8.956e+03	+2.237e+03	+1.012e+04	+0.200
59.800	+7.649e+03	+2.326e+03	+9.879e+03	+0.233
59.900	+6.774e+03	+3.213e+03	+9.775e+03	+0.322
60.000	+7.344e+03	+2.420e+03	+1.099e+04	+0.248
60.100	+8.159e+03	+3.202e+03	+9.758e+03	+0.282
60.200	+7.706e+03	+2.267e+03	+1.091e+04	+0.227
60.300	+5.593e+03	+1.572e+03	+9.178e+03	+0.219
60.400	+8.116e+03	+2.967e+03	+1.016e+04	+0.268
60.500	+8.299e+03	+2.550e+03	+9.141e+03	+0.235
60.600	+8.141e+03	+2.327e+03	+1.046e+04	+0.222
60.700	+7.785e+03	+2.989e+03	+9.556e+03	+0.277
60.800	+6.680e+03	+1.617e+03	+8.460e+03	+0.195
60.900	+7.434e+03	+2.758e+03	+1.030e+04	+0.271
61.000	+7.000e+03	+3.041e+03	+1.064e+04	+0.303
61.100	+6.975e+03	+2.751e+03	+1.038e+04	+0.283
61.200	+6.961e+03	+2.188e+03	+9.817e+03	+0.239
61.300	+7.035e+03	+1.733e+03	+1.050e+04	+0.198
61.400	+6.949e+03	+2.742e+03	+1.012e+04	+0.283
61.500	+7.530e+03	+2.760e+03	+1.037e+04	+0.268
61.600	+7.535e+03	+3.270e+03	+1.004e+04	+0.303
61.700	+9.272e+03	+2.662e+03	+9.596e+03	+0.223
61.800	+7.686e+03	+2.890e+03	+9.357e+03	+0.273
61.900	+6.334e+03	+2.027e+03	+1.054e+04	+0.242
62.000	+7.901e+03	+3.575e+03	+1.064e+04	+0.312
62.100	+7.173e+03	+2.334e+03	+9.892e+03	+0.245
62.200	+8.767e+03	+2.147e+03	+1.009e+04	+0.197
62.300	+8.899e+03	+4.544e+03	+9.877e+03	+0.338
62.400	+7.371e+03	+1.529e+03	+9.174e+03	+0.172
62.500	+7.088e+03	+2.279e+03	+8.705e+03	+0.243
62.600	+7.062e+03	+3.528e+03	+9.830e+03	+0.333
62.700	+6.806e+03	+3.011e+03	+1.013e+04	+0.307
62.800	+8.535e+03	+1.331e+03	+1.041e+04	+0.135
62.900	+5.829e+03	+2.575e+03	+9.241e+03	+0.306
63.000	+8.437e+03	+2.170e+03	+7.878e+03	+0.205
63.100	+8.127e+03	+2.448e+03	+9.370e+03	+0.231
63.200	+6.733e+03	+3.387e+03	+1.000e+04	+0.335
63.300	+7.027e+03	+3.493e+03	+9.278e+03	+0.332
63.400	+8.433e+03	+3.223e+03	+9.330e+03	+0.277
63.500	+6.920e+03	+2.292e+03	+1.066e+04	+0.249
63.600	+7.032e+03	+1.772e+03	+1.064e+04	+0.201
63.700	+8.073e+03	+3.478e+03	+8.223e+03	+0.301
63.800	+8.537e+03	+2.170e+03	+9.547e+03	+0.203
63.900	+7.591e+03	+1.621e+03	+9.914e+03	+0.176
64.000	+5.949e+03	+3.633e+03	+8.482e+03	+0.379
64.100	+7.547e+03	+3.111e+03	+9.599e+03	+0.292
64.200	+8.516e+03	+2.986e+03	+9.805e+03	+0.260
64.300	+6.299e+03	+3.107e+02	+9.700e+03	+0.047
64.400	+7.569e+03	+3.195e+03	+1.183e+04	+0.297
64.500	+8.546e+03	+2.213e+03	+9.403e+03	+0.206
64.600	+7.232e+03	+2.203e+03	+9.105e+03	+0.233
64.700	+8.355e+03	+3.459e+03	+9.993e+03	+0.293
64.800	+8.563e+03	+3.073e+03	+8.734e+03	+0.264
64.900	+6.962e+03	+2.119e+03	+1.128e+04	+0.233
65.000	+7.903e+03	+2.134e+03	+1.005e+04	+0.213
65.100	+7.644e+03	+1.347e+03	+1.012e+04	+0.150
65.200	+6.038e+03	+3.054e+03	+1.071e+04	+0.336
65.300	+6.549e+03	+2.354e+03	+9.562e+03	+0.264
65.400	+8.135e+03	+2.600e+03	+1.068e+04	+0.242
65.500	+7.302e+03	+1.904e+03	+1.090e+04	+0.207
65.600	+6.794e+03	+9.736e+02	+9.724e+03	+0.125
65.700	+7.981e+03	+2.457e+03	+1.125e+04	+0.235
65.800	+6.876e+03	+3.790e+03	+9.797e+03	+0.355
65.900	+8.567e+03	+3.064e+03	+9.672e+03	+0.263
66.000	+7.124e+03	+2.026e+03	+8.842e+03	+0.221
66.100	+6.494e+03	+1.830e+03	+1.001e+04	+0.220
66.200	+8.355e+03	+1.086e+03	+1.014e+04	+0.115
66.300	+6.013e+03	+1.713e+03	+1.135e+04	+0.222
66.400	+7.168e+03	+2.542e+03	+1.066e+04	+0.262
66.500	+7.163e+03	+1.761e+03	+9.809e+03	+0.197
66.600	+6.770e+03	+2.118e+03	+1.107e+04	+0.238
66.700	+8.309e+03	+3.250e+03	+9.831e+03	+0.281
66.800	+8.392e+03	+2.013e+03	+9.104e+03	+0.193
66.900	+7.507e+03	+3.130e+03	+9.913e+03	+0.294
67.000	+7.388e+03	+1.546e+03	+1.056e+04	+0.173
67.100	+7.713e+03	+2.798e+03	+1.088e+04	+0.266
67.200	+8.289e+03	+1.751e+03	+1.030e+04	+0.174
67.300	+8.786e+03	+2.521e+03	+1.019e+04	+0.223
67.400	+6.475e+03	+3.829e+03	+1.045e+04	+0.372
67.500	+7.341e+03	+2.647e+03	+1.056e+04	+0.265
67.600	+7.484e+03	+1.599e+03	+9.269e+03	+0.176
67.700	+6.091e+03	+3.422e+03	+9.996e+03	+0.360
67.800	+7.487e+03	+1.616e+03	+9.732e+03	+0.177
67.900	+6.949e+03	+2.441e+03	+1.079e+04	+0.260
68.000	+7.886e+03	+2.508e+03	+1.006e+04	+0.241
68.100	+7.213e+03	+2.748e+03	+1.072e+04	+0.276
68.200	+7.603e+03	+1.906e+03	+9.227e+03	+0.200
68.300	+8.037e+03	+2.453e+03	+9.112e+03	+0.234
68.400	+7.403e+03	+2.824e+03	+1.039e+04	+0.276
68.500	+7.128e+03	+3.384e+03	+1.069e+04	+0.322
68.600	+6.770e+03	+2.387e+03	+9.158e+03	+0.261
68.700	+8.486e+03	+3.389e+03	+1.107e+04	+0.285
68.800	+7.108e+03	+2.007e+03	+9.234e+03	+0.220
68.900	+6.940e+03	+3.035e+03	+1.068e+04	+0.304
69.000	+6.652e+03	+2.437e+03	+1.025e+04	+0.268
69.100	+6.586e+03	+2.310e+03	+9.459e+03	+0.260
69.200	+7.304e+03	+2.245e+03	+1.009e+04	+0.235
69.300	+6.427e+03	+2.222e+03	+9.840e+03	+0.257
69.400	+8.025e+03	+2.419e+03	+9.866e+03	+0.232
69.500	+7.826e+03	+2.584e+03	+9.214e+03	+0.248
69.600	+7.975e+03	+3.380e+02	+1.079e+04	+0.041
69.700	+6.574e+03	+1.538e+03	+1.020e+04	+0.190
69.800	+7.813e+03	+1.291e+03	+1.081e+04	+0.142
69.900	+8.337e+03	+2.413e+03	+9.780e+03	+0.224
70.000	+8.256e+03	+2.875e+03	+9.896e+03	+0.258
70.100	+7.852e+03	+2.940e+03	+9.135e+03	+0.272
70.200	+8.545e+03	+2.059e+03	+1.064e+04	+0.194
70.300	+7.977e+03	+3.372e+03	+1.055e+04	+0.297
70.400	+7.352e+03	+2.030e+03	+1.003e+04	+0.216
70.500	+6.576e+03	+1.856e+03	+9.730e+03	+0.220
70.600	+7.988e+03	+2.328e+03	+1.146e+04	+0.226
70.700	+7.732e+03	+4.221e+03	+9.083e+03	+0.353
70.800	+6.957e+03	+2.956e+03	+9.812e+03	+0.298
70.900	+8.555e+03	+2.156e+03	+9.828e+03	+0.201
71.000	+7.530e+03	+1.931e+03	+9.285e+03	+0.204
71.100	+9.405e+03	+2.492e+03	+9.870e+03	+0.209
71.200	+8.488e+03	+2.625e+03	+1.048e+04	+0.236
71.300	+7.367e+03	+1.914e+03	+1.071e+04	+0.206
71.400	+7.127e+03	+2.090e+03	+9.348e+03	+0.227
71.500	+7.807e+03	+2.854e+03	+1.005e+04	+0.268
71.600	+7.298e+03	+2.724e+03	+9.238e+03	+0.272
71.700	+7.996e+03	+1.142e+03	+9.985e+03	+0.125
71.800	+7.409e+03	+2.783e+03	+9.171e+03	+0.273
71.900	+8.129e+03	+2.670e+03	+9.365e+03	+0.247
72.000	+6.898e+03	+2.277e+03	+9.132e+03	+0.248
72.100	+7.824e+03	+3.328e+03	+9.121e+03	+0.298
72.200	+8.613e+03	+2.492e+03	+1.184e+04	+0.224
72.300	+9.052e+03	+9.982e+02	+1.008e+04	+0.099
72.400	+7.528e+03	+1.411e+03	+9.162e+03	+0.158
72.500	+5.910e+03	+2.636e+03	+9.676e+03	+0.308
72.600	+6.870e+03	+1.252e+03	+9.534e+03	+0.154
72.700	+7.555e+03	+1.300e+03	+1.071e+04	+0.147
72.800	+7.868e+03	+2.903e+03	+9.591e+03	+0.270
72.900	+8.091e+03	+4.293e+03	+1.013e+04	+0.347
73.000	+7.355e+03	+2.562e+03	+1.152e+04	+0.258
73.100	+8.312e+03	+1.323e+03	+8.585e+03	+0.137
73.200	+7.333e+03	+1.482e+03	+9.285e+03	+0.168
73.300	+8.123e+03	+2.993e+03	+9.120e+03	+0.269
73.400	+8.567e+03	+2.232e+03	+1.024e+04	+0.207
73.500	+8.597e+03	+2.393e+03	+9.370e+03	+0.218
73.600	+7.459e+03	+2.782e+03	+9.534e+03	+0.272
73.700	+6.649e+03	+1.465e+03	+9.524e+03	+0.181
73.800	+7.068e+03	+3.061e+03	+1.105e+04	+0.302
73.900	+8.127e+03	+2.333e+03	+1.028e+04	+0.223
74.000	+7.040e+03	+2.811e+03	+1.160e+04	+0.285
74.100	+8.570e+03	+2.816e+03	+1.090e+04	+0.247
74.200	+7.718e+03	+3.703e+03	+9.893e+03	+0.324
74.300	+7.012e+03	+1.999e+03	+1.080e+04	+0.222
74.400	+6.953e+03	+3.323e+03	+1.045e+04	+0.323
74.500	+6.922e+03	+2.541e+03	+1.027e+04	+0.269
74.600	+8.442e+03	+2.379e+03	+1.019e+04	+0.220
74.700	+7.536e+03	+2.850e+03	+1.071e+04	+0.274
74.800	+9.081e+03	+2.651e+03	+9.552e+03	+0.226
74.900	+9.192e+03	+2.073e+03	+1.148e+04	+0.184
75.000	+8.503e+03	+2.152e+03	+9.449e+03	+0.202
75.100	+7.248e+03	+3.065e+03	+9.426e+03	+0.297
75.200	+7.744e+03	+3.358e+03	+1.037e+04	+0.302
75.300	+7.793e+03	+2.060e+03	+1.059e+04	+0.209
75.400	+6.963e+03	+3.073e+03	+9.942e+03	+0.306
75.500	+7.484e+03	+1.988e+03	+9.501e+03	+0.210
75.600	+7.820e+03	+2.268e+03	+8.964e+03	+0.225
75.700	+6.839e+03	+2.900e+03	+9.524e+03	+0.298
75.800	+7.482e+03	+1.925e+03	+1.011e+04	+0.205
75.900	+8.715e+03	+2.209e+03	+9.558e+03	+0.202
76.000	+7.086e+03	+1.215e+03	+9.005e+03	+0.146
76.100	+8.044e+03	+1.948e+03	+1.071e+04	+0.195
76.200	+8.488e+03	+3.950e+03	+1.030e+04	+0.318
76.300	+7.903e+03	+3.699e+03	+1.050e+04	+0.319
76.400	+7.402e+03	+2.518e+03	+1.043e+04	+0.254
76.500	+7.095e+03	+1.777e+03	+9.336e+03	+0.200
76.600	+8.674e+03	+3.043e+03	+9.556e+03	+0.260
76.700	+8.605e+03	+2.314e+03	+1.090e+04	+0.212
76.800	+6.336e+03	+2.977e+03	+1.076e+04	+0.320
76.900	+8.285e+03	+1.982e+03	+1.146e+04	+0.193
77.000	+8.283e+03	+2.009e+03	+1.023e+04	+0.195
77.100	+7.039e+03	+2.093e+03	+1.028e+04	+0.229
77.200	+7.894e+03	+1.843e+03	+1.180e+04	+0.189
77.300	+6.693e+03	+2.024e+03	+9.207e+03	+0.232
77.400	+6.746e+03	+2.165e+03	+9.431e+03	+0.243
77.500	+6.891e+03	+2.294e+03	+1.018e+04	+0.250
77.600	+7.521e+03	+1.860e+03	+9.632e+03	+0.198
77.700	+7.643e+03	+2.164e+03	+1.091e+04	+0.221
77.800	+7.139e+03	+2.623e+03	+1.003e+04	+0.269
77.900	+7.042e+03	+2.906e+03	+1.140e+04	+0.292
78.000	+8.567e+03	+1.514e+03	+1.034e+04	+0.150
78.100	+7.520e+03	+3.421e+03	+1.023e+04	+0.313
78.200	+8.319e+03	+2.212e+03	+9.519e+03	+0.210
78.300	+6.982e+03	+2.481e+03	+1.156e+04	+0.262
78.400	+7.353e+03	+3.389e+03	+1.122e+04	+0.315
78.500	+7.507e+03	+2.475e+03	+1.055e+04	+0.248
78.600	+8.568e+03	+2.330e+03	+8.717e+03	+0.214
78.700	+7.040e+03	+2.474e+03	+1.035e+04	+0.260
78.800	+6.959e+03	+2.623e+03	+1.020e+04	+0.274
78.900	+7.289e+03	+2.960e+03	+1.005e+04	+0.289
79.000	+6.963e+03	+3.193e+03	+9.953e+03	+0.314
79.100	+7.755e+03	+3.215e+03	+1.069e+04	+0.293
79.200	+7.001e+03	+2.868e+03	+9.449e+03	+0.291
79.300	+7.205e+03	+1.799e+03	+9.922e+03	+0.200
79.400	+7.748e+03	+2.294e+03	+9.378e+03	+0.228
79.500	+6.797e+03	+2.141e+03	+9.435e+03	+0.240
79.600	+8.636e+03	+2.140e+03	+9.576e+03	+0.199
79.700	+7.763e+03	+2.169e+03	+9.814e+03	+0.218
79.800	+6.759e+03	+2.814e+03	+1.021e+04	+0.294
79.900	+6.801e+03	+3.333e+03	+8.453e+03	+0.329
80.000	+7.554e+03	+2.389e+03	+9.254e+03	+0.240
80.100	+7.641e+03	+3.300e+03	+9.667e+03	+0.302
80.200	+7.332e+03	+3.033e+03	+1.026e+04	+0.293
80.300	+7.537e+03	+1.988e+03	+8.822e+03	+0.209
80.400	+7.746e+03	+3.050e+03	+1.013e+04	+0.283
80.500	+6.788e+03	+2.811e+03	+1.050e+04	+0.293
80.600	+6.859e+03	+1.411e+03	+9.774e+03	+0.171
80.700	+6.549e+03	+2.219e+03	+9.217e+03	+0.253
80.800	+7.181e+03	+1.978e+03	+8.937e+03	+0.216
80.900	+8.648e+03	+1.492e+03	+1.029e+04	+0.147
81.000	+7.281e+03	+1.795e+03	+9.367e+03	+0.198
81.100	+7.138e+03	+3.315e+03	+9.722e+03	+0.317
81.200	+7.795e+03	+2.245e+03	+9.756e+03	+0.224
81.300	+8.209e+03	+2.980e+03	+1.011e+04	+0.266
81.400	+7.575e+03	+2.878e+03	+9.678e+03	+0.275
81.500	+6.580e+03	+2.090e+03	+9.141e+03	+0.241
81.600	+8.580e+03	+2.469e+03	+1.041e+04	+0.223
81.700	+8.513e+03	+2.392e+03	+9.498e+03	+0.219
81.800	+8.285e+03	+2.102e+03	+9.438e+03	+0.202
81.900	+7.068e+03	+2.524e+03	+9.146e+03	+0.263
82.000	+8.391e+03	+2.058e+03	+1.009e+04	+0.197
82.100	+7.442e+03	+3.987e+03	+9.560e+03	+0.349
82.200	+7.264e+03	+3.371e+03	+9.661e+03	+0.317
82.300	+6.292e+03	+2.007e+03	+9.388e+03	+0.242
82.400	+7.336e+03	+2.637e+03	+1.110e+04	+0.264
82.500	+8.056e+03	+1.505e+03	+1.045e+04	+0.157
82.600	+7.760e+03	+3.573e+03	+1.074e+04	+0.315
82.700	+8.045e+03	+2.435e+03	+8.266e+03	+0.232
82.800	+6.617e+03	+2.436e+03	+8.770e+03	+0.269
82.900	+7.923e+03	+1.791e+03	+9.562e+03	+0.184
83.000	+7.897e+03	+2.675e+03	+1.012e+04	+0.253
83.100	+7.847e+03	+2.340e+03	+9.137e+03	+0.230
83.200	+7.326e+03	+2.382e+03	+1.124e+04	+0.245
83.300	+7.258e+03	+1.781e+03	+9.934e+03	+0.197
83.400	+6.647e+03	+2.845e+03	+1.004e+04	+0.300
83.500	+7.846e+03	+3.735e+03	+8.741e+03	+0.323
83.600	+6.808e+03	+2.400e+03	+9.736e+03	+0.261
83.700	+7.487e+03	+1.938e+03	+1.016e+04	+0.206
83.800	+8.441e+03	+3.190e+03	+9.644e+03	+0.274
83.900	+7.131e+03	+3.306e+03	+1.052e+04	+0.317
84.000	+7.025e+03	+2.486e+03	+9.576e+03	+0.261
84.100	+6.531e+03	+4.211e+03	+9.968e+03	+0.392
84.200	+7.884e+03	+1.882e+03	+1.049e+04	+0.193
84.300	+8.461e+03	+2.293e+03	+9.564e+03	+0.213
84.400	+7.404e+03	+2.347e+03	+1.002e+04	+0.241
84.500	+8.133e+03	+1.617e+03	+1.062e+04	+0.166
84.600	+7.492e+03	+2.957e+03	+9.597e+03	+0.283
84.700	+6.919e+03	+3.005e+03	+1.009e+04	+0.303
84.800	+5.891e+03	+3.294e+03	+1.019e+04	+0.359
84.900	+6.849e+03	+2.335e+03	+8.702e+03	+0.254
85.000	+6.875e+03	+1.709e+03	+1.041e+04	+0.199
85.100	+6.565e+03	+1.431e+03	+9.671e+03	+0.179
85.200	+7.731e+03	+2.002e+03	+1.037e+04	+0.206
85.300	+7.517e+03	+2.127e+03	+1.006e+04	+0.221
85.400	+7.541e+03	+2.085e+03	+9.880e+03	+0.217
85.500	+8.522e+03	+7.529e+02	+9.794e+03	+0.081
85.600	+7.609e+03	+2.510e+03	+1.045e+04	+0.248
85.700	+8.357e+03	+2.815e+03	+9.679e+03	+0.252
85.800	+8.823e+03	+3.177e+03	+1.081e+04	+0.265
85.900	+7.762e+03	+2.098e+03	+1.061e+04	+0.213
86.000	+7.380e+03	+2.718e+03	+1.030e+04	+0.269
86.100	+8.397e+03	+2.669e+03	+9.620e+03	+0.241
86.200	+6.892e+03	+2.871e+03	+1.147e+04	+0.294
86.300	+6.874e+03	+2.379e+03	+1.125e+04	+0.257
86.400	+8.515e+03	+2.590e+03	+1.004e+04	+0.233
86.500	+7.913e+03	+2.937e+03	+1.150e+04	+0.271
86.600	+6.535e+03	+2.937e+03	+9.488e+03	+0.310
86.700	+7.871e+03	+2.511e+03	+9.913e+03	+0.242
86.800	+7.438e+03	+1.145e+03	+1.028e+04	+0.133
86.900	+8.303e+03	+2.683e+03	+1.096e+04	+0.244
87.000	+8.027e+03	+2.250e+03	+1.049e+04	+0.219
87.100	+6.918e+03	+3.912e+03	+1.085e+04	+0.361
87.200	+8.353e+03	+2.500e+03	+1.031e+04	+0.230
87.300	+8.164e+03	+2.082e+03	+1.015e+04	+0.203
87.400	+7.584e+03	+2.636e+03	+9.159e+03	+0.258
87.500	+6.128e+03	+2.636e+03	+9.364e+03	+0.301
87.600	+6.546e+03	+2.686e+03	+1.078e+04	+0.291
87.700	+7.662e+03	+2.012e+03	+1.010e+04	+0.208
87.800	+6.638e+03	+2.077e+03	+1.015e+04	+0.238
87.900	+7.212e+03	+1.707e+03	+1.148e+04	+0.191
88.000	+7.945e+03	+2.568e+03	+9.964e+03	+0.244
88.100	+6.593e+03	+2.279e+03	+9.928e+03	+0.257
88.200	+6.861e+03	+4.302e+03	+1.103e+04	+0.385
88.300	+8.222e+03	+3.370e+03	+1.114e+04	+0.291
88.400	+8.712e+03	+1.831e+03	+9.824e+03	+0.174
88.500	+6.726e+03	+3.064e+03	+9.584e+03	+0.313
88.600	+7.461e+03	+2.653e+03	+1.019e+04	+0.262
88.700	+6.165e+03	+2.970e+03	+1.030e+04	+0.325
88.800	+6.678e+03	+2.708e+03	+1.049e+04	+0.289
88.900	+7.237e+03	+1.707e+03	+9.346e+03	+0.191
89.000	+7.089e+03	+2.257e+03	+1.005e+04	+0.241
89.100	+7.276e+03	+2.797e+03	+1.010e+04	+0.278
89.200	+8.294e+03	+2.337e+03	+8.815e+03	+0.220
89.300	+7.303e+03	+1.858e+03	+9.394e+03	+0.203
89.400	+6.733e+03	+3.347e+03	+1.080e+04	+0.332
89.500	+7.960e+03	+1.254e+03	+9.257e+03	+0.136
89.600	+6.217e+03	+1.528e+03	+9.077e+03	+0.197
89.700	+7.426e+03	+2.838e+03	+1.041e+04	+0.277
89.800	+7.698e+03	+1.987e+03	+9.501e+03	+0.205
89.900	+8.578e+03	+2.890e+03	+1.053e+04	+0.252
90.000	+8.314e+03	+1.539e+03	+9.695e+03	+0.156
90.100	+6.622e+03	+2.843e+03	+9.299e+03	+0.300
90.200	+9.177e+03	+2.519e+03	+1.080e+04	+0.215
90.300	+8.392e+03	+2.288e+03	+1.004e+04	+0.214
90.400	+7.688e+03	+2.609e+03	+1.081e+04	+0.253
90.500	+7.692e+03	+1.840e+03	+1.047e+04	+0.193
90.600	+8.586e+03	+2.908e+03	+9.861e+03	+0.253
90.700	+7.404e+03	+2.820e+03	+1.063e+04	+0.276
90.800	+7.068e+03	+2.937e+03	+8.943e+03	+0.294
90.900	+7.322e+03	+2.281e+03	+1.039e+04	+0.237
91.000	+7.519e+03	+3.189e+03	+1.034e+04	+0.298
91.100	+7.392e+03	+3.008e+03	+1.107e+04	+0.289
91.200	+6.815e+03	+3.051e+03	+9.454e+03	+0.309
91.300	+7.003e+03	+1.413e+03	+8.888e+03	+0.168
91.400	+7.035e+03	+8.654e+02	+1.028e+04	+0.110
91.500	+7.544e+03	+1.413e+03	+9.291e+03	+0.158
91.600	+8.221e+03	+3.486e+03	+1.092e+04	+0.298
91.700	+8.555e+03	+2.725e+03	+9.490e+03	+0.242
91.800	+7.511e+03	+2.752e+03	+1.084e+04	+0.268
91.900	+7.297e+03	+1.154e+03	+1.009e+04	+0.137
92.000	+7.473e+03	+1.842e+03	+9.295e+03	+0.198
92.100	+7.184e+03	+1.891e+03	+1.013e+04	+0.208
92.200	+7.708e+03	+2.179e+03	+9.106e+03	+0.220
92.300	+8.406e+03	+2.114e+03	+1.007e+04	+0.201
92.400	+8.074e+03	+3.685e+03	+1.054e+04	+0.313
92.500	+7.526e+03	+2.585e+03	+1.011e+04	+0.256
92.600	+7.570e+03	+1.781e+03	+9.692e+03	+0.190
92.700	+8.123e+03	+2.849e+03	+1.009e+04	+0.260
92.800	+7.004e+03	+2.145e+03	+1.024e+04	+0.234
92.900	+8.047e+03	+2.732e+03	+9.350e+03	+0.253
93.000	+8.500e+03	+2.771e+03	+9.477e+03	+0.246
93.100	+6.002e+03	+1.906e+03	+1.065e+04	+0.241
93.200	+8.277e+03	+3.123e+03	+1.066e+04	+0.274
93.300	+8.286e+03	+2.469e+03	+1.033e+04	+0.230
93.400	+7.370e+03	+3.318e+03	+1.063e+04	+0.310
93.500	+8.230e+03	+2.711e+03	+9.523e+03	+0.248
93.600	+7.299e+03	+1.965e+03	+1.049e+04	+0.212
93.700	+7.128e+03	+2.655e+03	+9.632e+03	+0.271
93.800	+7.935e+03	+2.429e+03	+1.012e+04	+0.234
93.900	+6.871e+03	+2.538e+03	+1.004e+04	+0.270
94.000	+8.547e+03	+2.768e+03	+9.564e+03	+0.245
94.100	+7.255e+03	+3.384e+03	+1.096e+04	+0.318
94.200	+7.233e+03	+2.045e+03	+1.065e+04	+0.220
94.300	+7.664e+03	+3.701e+03	+1.036e+04	+0.326
94.400	+7.990e+03	+1.577e+03	+1.032e+04	+0.165
94.500	+7.292e+03	+2.315e+03	+9.810e+03	+0.241
94.600	+6.846e+03	+3.767e+03	+9.945e+03	+0.355
94.700	+6.952e+03	+1.491e+03	+9.413e+03	+0.177
94.800	+6.086e+03	+3.410e+03	+9.728e+03	+0.359
94.900	+6.919e+03	+3.483e+03	+1.048e+04	+0.335
95.000	+6.844e+03	+2.896e+03	+1.020e+04	+0.297
95.100	+7.451e+03	+3.304e+03	+1.057e+04	+0.307
95.200	+7.610e+03	+2.530e+03	+1.008e+04	+0.250
95.300	+7.334e+03	+1.954e+03	+1.001e+04	+0.210
95.400	+8.608e+03	+2.035e+03	+9.261e+03	+0.191
95.500	+8.037e+03	+3.679e+03	+1.041e+04	+0.314
95.600	+6.677e+03	+1.626e+03	+9.249e+03	+0.196
95.700	+7.346e+03	+2.316e+03	+1.019e+04	+0.240
95.800	+6.604e+03	+1.345e+03	+1.041e+04	+0.169
95.900	+7.682e+03	+2.406e+03	+9.853e+03	+0.239
96.000	+7.282e+03	+2.429e+03	+1.042e+04	+0.250
96.100	+6.602e+03	+2.476e+03	+1.050e+04	+0.273
96.200	+6.583e+03	+3.092e+03	+1.002e+04	+0.320
96.300	+8.523e+03	+2.907e+03	+1.194e+04	+0.254
96.400	+7.067e+03	+3.145e+03	+9.631e+03	+0.308
96.500	+6.974e+03	+1.421e+03	+1.044e+04	+0.169
96.600	+7.502e+03	+1.951e+03	+9.249e+03	+0.206
96.700	+7.131e+03	+2.432e+03	+1.178e+04	+0.254
96.800	+8.278e+03	+2.034e+03	+9.996e+03	+0.197
96.900	+7.208e+03	+2.872e+03	+1.001e+04	+0.285
97.000	+7.096e+03	+2.718e+03	+9.325e+03	+0.277
97.100	+7.820e+03	+3.012e+03	+8.942e+03	+0.278
97.200	+6.829e+03	+1.874e+03	+1.058e+04	+0.215
97.300	+7.402e+03	+3.435e+03	+9.663e+03	+0.317
97.400	+7.925e+03	+3.119e+03	+9.844e+03	+0.282
97.500	+7.756e+03	+1.750e+03	+1.005e+04	+0.184
97.600	+6.739e+03	+2.296e+03	+8.895e+03	+0.254
97.700	+6.724e+03	+3.017e+03	+1.100e+04	+0.310
97.800	+8.630e+03	+1.731e+03	+8.424e+03	+0.167
97.900	+8.670e+03	+1.558e+03	+1.062e+04	+0.152
98.000	+7.747e+03	+2.202e+03	+9.540e+03	+0.221
98.100	+7.257e+03	+2.326e+03	+8.944e+03	+0.243
98.200	+6.882e+03	+2.382e+03	+9.628e+03	+0.257
98.300	+8.076e+03	+2.636e+03	+9.873e+03	+0.246
98.400	+7.083e+03	+3.406e+03	+8.401e+03	+0.325
98.500	+7.682e+03	+3.595e+03	+1.044e+04	+0.319
98.600	+7.944e+03	+2.940e+03	+9.775e+03	+0.270
98.700	+8.114e+03	+2.018e+03	+9.230e+03	+0.199
98.800	+7.958e+03	+2.177e+03	+1.109e+04	+0.215
98.900	+7.966e+03	+2.428e+03	+1.062e+04	+0.234
99.000	+6.446e+03	+2.901e+03	+9.833e+03	+0.310
99.100	+8.149e+03	+1.910e+03	+8.869e+03	+0.190
99.200	+6.492e+03	+2.055e+03	+9.491e+03	+0.240
99.300	+7.159e+03	+2.591e+03	+1.030e+04	+0.266
99.400	+7.125e+03	+1.978e+03	+9.889e+03	+0.217
99.500	+6.608e+03	+2.357e+03	+1.040e+04	+0.263
99.600	+7.273e+03	+2.229e+03	+1.062e+04	+0.235
99.700	+6.438e+03	+2.783e+03	+8.713e+03	+0.302
99.800	+7.141e+03	+1.783e+03	+1.090e+04	+0.200
99.900	+5.946e+03	+2.238e+03	+9.626e+03	+0.273
100.000	+6.533e+03	+2.563e+03	+8.330e+03	+0.282
100.100	+7.199e+03	+1.615e+03	+1.064e+04	+0.183
100.200	+7.460e+03	+3.568e+03	+1.074e+04	+0.324
100.300	+6.699e+03	+2.394e+03	+9.120e+03	+0.263
100.400	+7.087e+03	+1.606e+03	+9.690e+03	+0.185
100.500	+6.713e+03	+2.984e+03	+9.728e+03	+0.308
100.600	+7.168e+03	+3.735e+03	+1.030e+04	+0.343
100.700	+7.666e+03	+2.471e+03	+9.565e+03	+0.244
100.800	+6.925e+03	+1.565e+03	+9.770e+03	+0.184
100.900	+7.827e+03	+1.970e+03	+1.096e+04	+0.201
101.000	+8.125e+03	+3.968e+03	+1.001e+04	+0.328
101.100	+6.683e+03	+1.861e+03	+9.800e+03	+0.218
101.200	+7.808e+03	+2.069e+03	+1.035e+04	+0.209
101.300	+7.617e+03	+2.563e+03	+1.101e+04	+0.252
101.400	+7.656e+03	+1.278e+03	+1.056e+04	+0.143
101.500	+8.025e+03	+3.752e+03	+1.116e+04	+0.319
101.600	+7.887e+03	+2.782e+03	+1.029e+04	+0.261
101.700	+7.810e+03	+2.978e+03	+9.649e+03	+0.276
101.800	+7.778e+03	+3.354e+03	+9.309e+03	+0.301
101.900	+6.207e+03	+2.682e+03	+1.097e+04	+0.302
102.000	+8.271e+03	+3.201e+03	+1.099e+04	+0.279
102.100	+6.402e+03	+5.203e+02	+9.259e+03	+0.075
102.200	+8.060e+03	+2.162e+03	+9.434e+03	+0.211
102.300	+6.843e+03	+3.321e+03	+1.052e+04	+0.327
102.400	+7.677e+03	+2.555e+03	+9.804e+03	+0.250
102.500	+8.113e+03	+2.602e+03	+1.057e+04	+0.243
102.600	+6.988e+03	+1.702e+03	+9.201e+03	+0.196
102.700	+7.196e+03	+7.105e+02	+1.052e+04	+0.090
102.800	+7.262e+03	+2.579e+03	+1.036e+04	+0.262
102.900	+8.311e+03	+2.788e+03	+9.648e+03	+0.251
103.000	+7.097e+03	+1.190e+03	+1.005e+04	+0.144
103.100	+7.824e+03	+3.212e+03	+1.037e+04	+0.291
103.200	+7.978e+03	+2.118e+03	+9.038e+03	+0.210
103.300	+7.114e+03	+2.612e+03	+9.070e+03	+0.269
103.400	+7.931e+03	+3.039e+03	+9.998e+03	+0.277
103.500	+7.026e+03	+9.179e+02	+9.828e+03	+0.116
103.600	+5.719e+03	+3.597e+03	+1.022e+04	+0.386
103.700	+7.790e+03	+1.834e+03	+9.353e+03	+0.191
103.800	+6.258e+03	+4.150e+03	+8.688e+03	+0.399
103.900	+7.277e+03	+2.108e+03	+1.077e+04	+0.225
104.000	+7.649e+03	+3.813e+03	+8.872e+03	+0.333
104.100	+7.201e+03	+1.442e+03	+1.014e+04	+0.167
104.200	+7.581e+03	+3.906e+03	+1.054e+04	+0.340
104.300	+7.373e+03	+2.263e+03	+9.758e+03	+0.235
104.400	+9.093e+03	+2.639e+03	+9.786e+03	+0.225
104.500	+7.370e+03	+3.348e+03	+9.501e+03	+0.312
104.600	+6.207e+03	+1.713e+03	+9.420e+03	+0.216
104.700	+6.948e+03	+3.122e+03	+1.009e+04	+0.310
104.800	+8.586e+03	+3.346e+03	+1.004e+04	+0.280
104.900	+7.379e+03	+1.148e+03	+9.327e+03	+0.135
105.000	+6.732e+03	+1.600e+03	+9.540e+03	+0.192
105.100	+8.783e+03	+2.808e+03	+9.753e+03	+0.242
105.200	+7.467e+03	+2.545e+03	+9.159e+03	+0.254
105.300	+7.250e+03	+2.509e+03	+9.748e+03	+0.257
105.400	+7.169e+03	+1.053e+03	+9.259e+03	+0.128
105.500	+8.607e+03	+1.423e+03	+1.111e+04	+0.142
105.600	+7.127e+03	+2.916e+03	+1.031e+04	+0.290
105.700	+8.603e+03	+3.373e+03	+1.044e+04	+0.282
105.800	+7.644e+03	+2.014e+03	+9.733e+03	+0.209
105.900	+7.805e+03	+3.027e+03	+9.055e+03	+0.279
106.000	+9.100e+03	+2.106e+03	+1.034e+04	+0.188
106.100	+8.018e+03	+2.667e+03	+9.239e+03	+0.250
106.200	+7.517e+03	+2.616e+03	+1.037e+04	+0.258
106.300	+7.590e+03	+1.797e+03	+9.928e+03	+0.191
106.400	+8.049e+03	+2.986e+03	+9.217e+03	+0.271
106.500	+7.313e+03	+2.853e+03	+1.010e+04	+0.281
106.600	+8.058e+03	+3.769e+03	+1.123e+04	+0.319
106.700	+7.583e+03	+2.061e+03	+9.951e+03	+0.214
106.800	+7.220e+03	+2.251e+03	+9.553e+03	+0.238
106.900	+8.242e+03	+2.880e+03	+1.091e+04	+0.259
107.000	+6.149e+03	+3.142e+03	+9.593e+03	+0.338
107.100	+6.323e+03	+3.215e+03	+1.014e+04	+0.337
107.200	+7.167e+03	+1.472e+03	+1.047e+04	+0.170
107.300	+8.047e+03	+2.737e+03	+9.624e+03	+0.254
107.400	+7.581e+03	+4.136e+03	+9.265e+03	+0.353
107.500	+7.211e+03	+1.843e+03	+9.191e+03	+0.204
107.600	+8.805e+03	+1.958e+03	+1.014e+04	+0.182
107.700	+8.176e+03	+2.881e+03	+1.003e+04	+0.261
107.800	+8.154e+03	+1.548e+03	+1.034e+04	+0.160
107.900	+7.324e+03	+2.005e+03	+1.058e+04	+0.215
108.000	+7.270e+03	+2.057e+03	+9.497e+03	+0.221
108.100	+8.158e+03	+2.718e+03	+8.067e+03	+0.250
108.200	+8.067e+03	+3.381e+03	+1.064e+04	+0.295
108.300	+7.557e+03	+2.851e+03	+1.041e+04	+0.274
108.400	+7.004e+03	+1.416e+03	+9.777e+03	+0.168
108.500	+7.309e+03	+2.289e+03	+9.239e+03	+0.238
108.600	+7.090e+03	+3.392e+03	+1.074e+04	+0.324
108.700	+7.473e+03	+3.239e+03	+9.406e+03	+0.302
108.800	+7.648e+03	+3.297e+03	+9.044e+03	+0.301
108.900	+6.687e+03	+1.657e+03	+1.037e+04	+0.199
109.000	+6.953e+03	+2.290e+03	+1.009e+04	+0.248
109.100	+8.105e+03	+2.882e+03	+1.001e+04	+0.262
109.200	+6.977e+03	+2.517e+03	+1.030e+04	+0.265
109.300	+6.103e+03	+2.568e+03	+1.049e+04	+0.296
109.400	+6.779e+03	+3.537e+03	+1.092e+04	+0.343
109.500	+6.845e+03	+1.725e+03	+1.029e+04	+0.201
109.600	+7.816e+03	+3.744e+03	+9.270e+03	+0.324
109.700	+7.549e+03	+2.726e+03	+9.491e+03	+0.265
109.800	+6.433e+03	+1.871e+03	+9.111e+03	+0.225
109.900	+6.756e+03	+3.457e+03	+9.821e+03	+0.338
110.000	+8.604e+03	+1.938e+03	+9.694e+03	+0.184
110.100	+6.532e+03	+1.803e+03	+9.363e+03	+0.216
110.200	+6.502e+03	+3.685e+03	+9.830e+03	+0.362
110.300	+6.267e+03	+2.742e+03	+9.608e+03	+0.304
110.400	+6.818e+03	+2.245e+03	+9.527e+03	+0.248
110.500	+8.051e+03	+2.173e+03	+9.479e+03	+0.213
110.600	+8.119e+03	+2.539e+03	+1.065e+04	+0.238
110.700	+7.796e+03	+3.321e+03	+1.022e+04	+0.299
110.800	+6.936e+03	+3.225e+03	+1.168e+04	+0.317
110.900	+8.491e+03	+1.720e+03	+1.067e+04	+0.168
111.000	+6.820e+03	+3.472e+03	+9.693e+03	+0.337
111.100	+6.734e+03	+2.769e+03	+9.947e+03	+0.291
111.200	+6.988e+03	+2.778e+03	+1.087e+04	+0.284
111.300	+7.026e+03	+2.163e+03	+8.592e+03	+0.235
111.400	+6.992e+03	+1.486e+03	+9.019e+03	+0.175
111.500	+7.094e+03	+1.898e+03	+1.018e+04	+0.211
111.600	+8.065e+03	+1.244e+03	+1.013e+04	+0.134
111.700	+8.002e+03	+2.269e+03	+9.255e+03	+0.221
111.800	+8.304e+03	+3.286e+03	+1.079e+04	+0.284
111.900	+7.976e+03	+1.504e+03	+1.076e+04	+0.159
112.000	+6.633e+03	+1.282e+03	+1.185e+04	+0.162
112.100	+7.548e+03	+2.902e+03	+1.060e+04	+0.278
112.200	+6.352e+03	+1.504e+03	+9.577e+03	+0.191
112.300	+7.022e+03	+2.907e+03	+9.649e+03	+0.293
112.400	+6.540e+03	+2.487e+03	+1.028e+04	+0.275
112.500	+7.865e+03	+3.008e+03	+1.054e+04	+0.277
112.600	+7.908e+03	+1.573e+03	+8.966e+03	+0.166
112.700	+7.115e+03	+2.789e+03	+1.082e+04	+0.282
112.800	+7.934e+03	+1.954e+03	+1.106e+04	+0.198
112.900	+8.312e+03	+4.164e+03	+9.665e+03	+0.334
113.000	+8.301e+03	+2.650e+03	+1.095e+04	+0.242
113.100	+6.407e+03	+2.254e+03	+9.706e+03	+0.260
113.200	+7.842e+03	+2.824e+03	+1.045e+04	+0.265
113.300	+8.063e+03	+3.239e+03	+1.032e+04	+0.287
113.400	+7.507e+03	+1.366e+03	+1.016e+04	+0.154
113.500	+7.791e+03	+2.786e+03	+1.065e+04	+0.263
113.600	+8.860e+03	+2.975e+03	+1.097e+04	+0.251
113.700	+7.466e+03	+2.145e+03	+9.699e+03	+0.223
113.800	+6.710e+03	+2.643e+03	+9.667e+03	+0.283
113.900	+7.493e+03	+2.885e+03	+8.892e+03	+0.278
114.000	+7.674e+03	+1.753e+03	+9.940e+03	+0.186
114.100	+8.336e+03	+2.061e+03	+9.969e+03	+0.198
114.200	+7.446e+03	+3.620e+03	+9.914e+03	+0.327
114.300	+7.262e+03	+3.067e+03	+8.706e+03	+0.297
114.400	+7.318e+03	+8.946e+02	+1.057e+04	+0.109
114.500	+7.886e+03	+3.026e+03	+1.131e+04	+0.277
114.600	+6.988e+03	+2.091e+03	+1.063e+04	+0.230
114.700	+7.204e+03	+2.018e+03	+9.345e+03	+0.219
114.800	+6.939e+03	+3.088e+03	+1.031e+04	+0.308
114.900	+8.138e+03	+7.902e+02	+9.670e+03	+0.089
115.000	+8.193e+03	+2.982e+03	+1.017e+04	+0.267
115.100	+7.649e+03	+2.573e+03	+9.245e+03	+0.252
115.200	+6.770e+03	+3.091e+03	+9.837e+03	+0.313
115.300	+7.407e+03	+1.554e+03	+1.135e+04	+0.173
115.400	+6.184e+03	+2.072e+03	+1.094e+04	+0.251
115.500	+8.256e+03	+1.671e+03	+9.295e+03	+0.168
115.600	+7.006e+03	+1.905e+03	+1.057e+04	+0.214
115.700	+8.652e+03	+2.578e+03	+1.021e+04	+0.230
115.800	+7.033e+03	+3.517e+03	+9.800e+03	+0.333
115.900	+6.902e+03	+1.953e+03	+1.108e+04	+0.221
116.000	+6.064e+03	+2.553e+03	+9.742e+03	+0.296
116.100	+8.968e+03	+2.557e+03	+1.113e+04	+0.222
116.200	+6.679e+03	+2.955e+03	+9.282e+03	+0.307
116.300	+7.529e+03	+2.462e+03	+1.038e+04	+0.246
116.400	+7.805e+03	+2.021e+03	+9.617e+03	+0.206
116.500	+8.093e+03	+2.227e+03	+1.052e+04	+0.216
116.600	+7.551e+03	+1.485e+03	+9.786e+03	+0.164
116.700	+6.319e+03	+3.221e+03	+9.257e+03	+0.338
116.800	+7.695e+03	+3.197e+03	+1.016e+04	+0.294
116.900	+7.067e+03	+4.178e+03	+1.065e+04	+0.372
117.000	+7.429e+03	+3.125e+03	+1.010e+04	+0.296
117.100	+8.349e+03	+3.012e+03	+9.826e+03	+0.265
117.200	+6.675e+03	+2.018e+03	+8.696e+03	+0.232
117.300	+8.062e+03	+3.588e+03	+1.007e+04	+0.308
117.400	+7.108e+03	+2.615e+03	+8.733e+03	+0.269
117.500	+8.695e+03	+1.377e+03	+1.051e+04	+0.137
117.600	+7.492e+03	+2.288e+03	+1.003e+04	+0.234
117.700	+6.945e+03	+1.984e+03	+1.100e+04	+0.222
117.800	+7.213e+03	+2.068e+03	+1.053e+04	+0.223
117.900	+6.965e+03	+2.917e+03	+9.761e+03	+0.295
118.000	+8.075e+03	+1.934e+03	+9.156e+03	+0.193
118.100	+6.952e+03	+2.561e+03	+1.043e+04	+0.269
118.200	+5.479e+03	+2.055e+03	+1.116e+04	+0.273
118.300	+9.306e+03	+3.590e+03	+1.022e+04	+0.278
118.400	+7.386e+03	+2.749e+03	+1.094e+04	+0.271
118.500	+7.011e+03	+1.853e+03	+9.706e+03	+0.209
118.600	+7.361e+03	+1.094e+03	+1.071e+04	+0.129
118.700	+6.882e+03	+3.089e+03	+9.026e+03	+0.310
118.800	+7.904e+03	+4.339e+03	+1.073e+04	+0.354
118.900	+7.548e+03	+1.578e+03	+1.132e+04	+0.173
119.000	+6.581e+03	+3.605e+03	+9.586e+03	+0.354
119.100	+7.741e+03	+2.825e+03	+9.520e+03	+0.267
119.200	+7.838e+03	+2.672e+03	+1.025e+04	+0.254
119.300	+7.351e+03	+1.919e+03	+8.748e+03	+0.207
119.400	+8.494e+03	+1.625e+03	+9.723e+03	+0.161
119.500	+7.173e+03	+2.672e+03	+9.192e+03	+0.271
119.600	+8.578e+03	+9.800e+02	+1.099e+04	+0.103
119.700	+7.498e+03	+2.341e+03	+1.062e+04	+0.238
119.800	+7.564e+03	+2.143e+03	+9.961e+03	+0.221
119.900	+7.063e+03	+1.409e+03	+9.385e+03	+0.166
120.000	+6.701e+03	+3.076e+03	+9.691e+03	+0.315
120.100	+7.717e+03	+3.466e+03	+9.668e+03	+0.310
120.200	+6.461e+03	+3.014e+03	+9.920e+03	+0.318
120.300	+8.520e+03	+2.926e+03	+8.804e+03	+0.256
120.400	+7.960e+03	+4.155e+03	+9.297e+03	+0.343
120.500	+8.283e+03	+3.215e+03	+1.012e+04	+0.280
120.600	+7.839e+03	+2.463e+03	+9.830e+03	+0.239
120.700	+7.024e+03	+2.934e+03	+1.141e+04	+0.295
120.800	+7.486e+03	+1.284e+03	+1.049e+04	+0.146
120.900	+7.981e+03	+2.151e+03	+9.631e+03	+0.212
121.000	+7.045e+03	+1.992e+03	+9.419e+03	+0.220
121.100	+8.702e+03	+2.944e+03	+1.020e+04	+0.253
121.200	+8.942e+03	+2.911e+03	+9.181e+03	+0.246
121.300	+7.555e+03	+2.941e+03	+1.029e+04	+0.280
121.400	+7.146e+03	+3.888e+03	+1.119e+04	+0.352
121.500	+8.019e+03	+2.498e+03	+1.034e+04	+0.238
121.600	+7.206e+03	+2.153e+03	+9.575e+03	+0.230
121.700	+7.232e+03	+3.187e+03	+8.582e+03	+0.306
121.800	+7.304e+03	+2.169e+03	+1.146e+04	+0.229
121.900	+7.234e+03	+2.960e+03	+9.797e+03	+0.290
122.000	+7.585e+03	+2.880e+03	+9.566e+03	+0.275
122.100	+7.734e+03	+1.435e+03	+1.107e+04	+0.157
122.200	+7.808e+03	+2.539e+03	+9.481e+03	+0.245
122.300	+6.674e+03	+3.122e+03	+9.124e+03	+0.319
122.400	+6.935e+03	+1.990e+03	+1.005e+04	+0.223
122.500	+7.503e+03	+2.666e+03	+1.045e+04	+0.262
122.600	+7.717e+03	+2.029e+03	+9.678e+03	+0.208
122.700	+7.212e+03	+2.823e+03	+9.416e+03	+0.281
122.800	+7.445e+03	+2.170e+03	+9.603e+03	+0.226
122.900	+7.781e+03	+2.532e+03	+8.092e+03	+0.246
123.000	+7.702e+03	+2.886e+03	+9.499e+03	+0.273
123.100	+6.163e+03	+2.139e+03	+9.287e+03	+0.258
123.200	+6.795e+03	+2.675e+03	+9.564e+03	+0.282
123.300	+7.855e+03	+1.418e+03	+1.013e+04	+0.153
123.400	+6.612e+03	+1.831e+03	+1.086e+04	+0.217
123.500	+8.571e+03	+2.895e+03	+8.881e+03	+0.252
123.600	+7.357e+03	+2.333e+03	+9.439e+03	+0.241
123.700	+8.346e+03	+4.507e+03	+1.146e+04	+0.351
123.800	+7.369e+03	+2.866e+03	+1.034e+04	+0.280
123.900	+9.002e+03	+1.339e+03	+1.054e+04	+0.130
124.000	+7.100e+03	+2.663e+03	+1.033e+04	+0.273
124.100	+7.099e+03	+3.877e+03	+1.040e+04	+0.353
124.200	+7.502e+03	+3.514e+03	+8.465e+03	+0.319
124.300	+7.733e+03	+3.557e+03	+9.123e+03	+0.315
124.400	+7.451e+03	+2.056e+03	+9.650e+03	+0.216
124.500	+8.703e+03	+2.647e+03	+1.033e+04	+0.233
124.600	+7.548e+03	+1.670e+03	+1.059e+04	+0.181
124.700	+7.036e+03	+2.479e+03	+8.941e+03	+0.261
124.800	+7.447e+03	+2.476e+03	+9.365e+03	+0.249
124.900	+7.983e+03	+2.422e+03	+8.536e+03	+0.233
125.000	+6.263e+03	+2.946e+03	+1.077e+04	+0.320
125.100	+7.065e+03	+2.608e+03	+1.031e+04	+0.270
125.200	+7.425e+03	+2.287e+03	+9.073e+03	+0.235
125.300	+8.320e+03	+2.036e+03	+1.027e+04	+0.197
125.400	+7.088e+03	+1.222e+03	+9.028e+03	+0.147
125.500	+8.165e+03	+3.452e+03	+9.800e+03	+0.297
125.600	+6.779e+03	+1.630e+03	+1.050e+04	+0.194
125.700	+8.369e+03	+2.085e+03	+1.095e+04	+0.199
125.800	+7.391e+03	+3.050e+03	+1.008e+04	+0.292
125.900	+7.569e+03	+2.632e+03	+9.585e+03	+0.258
126.000	+8.019e+03	+2.722e+03	+9.778e+03	+0.253
126.100	+8.395e+03	+2.856e+03	+8.361e+03	+0.254
126.200	+6.661e+03	+1.957e+03	+8.171e+03	+0.227
126.300	+7.403e+03	+2.772e+03	+8.900e+03	+0.272
126.400	+6.594e+03	+1.338e+03	+8.942e+03	+0.169
126.500	+7.575e+03	+1.948e+03	+8.892e+03	+0.205
126.600	+7.977e+03	+2.552e+03	+9.940e+03	+0.242
126.700	+7.004e+03	+2.085e+03	+9.970e+03	+0.229
126.800	+6.668e+03	+2.439e+03	+8.317e+03	+0.268
126.900	+8.105e+03	+2.030e+03	+1.116e+04	+0.200
127.000	+7.406e+03	+1.128e+03	+1.048e+04	+0.132
127.100	+6.665e+03	+1.812e+03	+8.570e+03	+0.214
127.200	+7.921e+03	+2.958e+03	+9.742e+03	+0.272
127.300	+8.524e+03	+2.441e+03	+9.134e+03	+0.223
127.400	+7.918e+03	+2.131e+03	+1.069e+04	+0.212
127.500	+8.214e+03	+3.506e+03	+9.450e+03	+0.299
127.600	+7.012e+03	+2.285e+03	+9.743e+03	+0.246
127.700	+9.018e+03	+1.806e+03	+1.052e+04	+0.167
127.800	+7.276e+03	+3.147e+03	+1.109e+04	+0.302
127.900	+7.547e+03	+2.630e+03	+1.139e+04	+0.258
128.000	+7.761e+03	+2.795e+03	+1.023e+04	+0.265
128.100	+7.786e+03	+2.900e+03	+9.838e+03	+0.271
128.200	+6.727e+03	+3.132e+03	+1.083e+04	+0.318
128.300	+7.159e+03	+8.905e+02	+9.841e+03	+0.111
128.400	+7.740e+03	+2.503e+03	+9.244e+03	+0.244
128.500	+6.847e+03	+3.440e+03	+1.002e+04	+0.334
128.600	+7.274e+03	+2.712e+03	+9.742e+03	+0.272
128.700	+7.046e+03	+1.485e+03	+9.703e+03	+0.174
128.800	+8.646e+03	+2.869e+03	+9.576e+03	+0.249
128.900	+8.382e+03	+3.715e+03	+9.626e+03	+0.307
129.000	+7.039e+03	+2.228e+03	+9.404e+03	+0.240
129.100	+7.439e+03	+1.710e+03	+9.861e+03	+0.187
129.200	+7.379e+03	+3.316e+03	+1.005e+04	+0.310
129.300	+7.151e+03	+2.590e+03	+1.031e+04	+0.266
129.400	+8.395e+03	+3.373e+03	+8.909e+03	+0.287
129.500	+6.753e+03	+2.432e+03	+1.088e+04	+0.265
129.600	+6.488e+03	+1.990e+03	+1.108e+04	+0.235
129.700	+7.735e+03	+2.271e+03	+9.488e+03	+0.227
129.800	+7.601e+03	+3.237e+03	+1.056e+04	+0.299
129.900	+7.599e+03	+3.895e+03	+9.560e+03	+0.339
130.000	+6.352e+03	+1.991e+03	+1.030e+04	+0.239
130.100	+7.300e+03	+1.905e+03	+1.079e+04	+0.207
130.200	+6.499e+03	+2.046e+03	+9.019e+03	+0.239
130.300	+7.909e+03	+1.462e+03	+1.023e+04	+0.156
130.400	+7.230e+03	+3.483e+03	+1.073e+04	+0.325
130.500	+7.674e+03	+1.479e+03	+9.396e+03	+0.162
130.600	+8.210e+03	+3.504e+03	+1.085e+04	+0.299
130.700	+7.186e+03	+3.062e+03	+1.015e+04	+0.299
130.800	+6.918e+03	+3.460e+03	+1.145e+04	+0.333
130.900	+7.610e+03	+1.406e+03	+9.465e+03	+0.156
131.000	+6.486e+03	+1.916e+03	+1.141e+04	+0.228
131.100	+7.414e+03	+2.358e+03	+1.074e+04	+0.241
131.200	+8.157e+03	+1.516e+03	+1.051e+04	+0.157
131.300	+5.909e+03	+2.802e+03	+1.031e+04	+0.322
131.400	+5.278e+03	+3.998e+03	+9.985e+03	+0.431
131.500	+6.955e+03	+2.770e+03	+1.089e+04	+0.285
131.600	+7.339e+03	+2.485e+03	+1.010e+04	+0.253
131.700	+8.993e+03	+3.146e+03	+9.772e+03	+0.259
131.800	+7.786e+03	+3.173e+03	+9.558e+03	+0.290
131.900	+7.643e+03	+2.802e+03	+1.055e+04	+0.268
132.000	+6.203e+03	+3.362e+03	+1.004e+04	+0.351
132.100	+7.025e+03	+2.519e+03	+9.474e+03	+0.264
132.200	+8.107e+03	+1.508e+03	+1.051e+04	+0.157
132.300	+7.605e+03	+1.850e+03	+1.017e+04	+0.196
132.400	+7.140e+03	+2.126e+03	+8.497e+03	+0.229
132.500	+7.312e+03	+1.602e+03	+8.592e+03	+0.180
132.600	+8.425e+03	+2.145e+03	+9.138e+03	+0.203
132.700	+8.347e+03	+1.634e+03	+9.982e+03	+0.164
132.800	+7.402e+03	+3.939e+03	+1.078e+04	+0.347
132.900	+7.509e+03	+2.448e+03	+1.071e+04	+0.246
133.000	+6.958e+03	+2.511e+03	+9.540e+03	+0.265
133.100	+7.425e+03	+2.829e+03	+9.064e+03	+0.276
133.200	+8.103e+03	+4.318e+03	+9.791e+03	+0.348
133.300	+8.060e+03	+2.906e+03	+1.035e+04	+0.265
133.400	+7.815e+03	+2.288e+03	+9.863e+03	+0.226
133.500	+7.384e+03	+2.206e+03	+9.325e+03	+0.230
133.600	+6.959e+03	+1.900e+03	+1.013e+04	+0.215
133.700	+7.349e+03	+2.069e+03	+9.671e+03	+0.220
133.800	+8.099e+03	+2.013e+03	+8.642e+03	+0.199
133.900	+6.621e+03	+1.397e+03	+1.071e+04	+0.174
134.000	+8.740e+03	+1.712e+03	+8.795e+03	+0.164
134.100	+7.989e+03	+2.214e+03	+9.679e+03	+0.217
134.200	+7.154e+03	+2.900e+03	+1.010e+04	+0.288
134.300	+8.705e+03	+2.824e+03	+9.636e+03	+0.245
134.400	+7.352e+03	+2.905e+03	+1.172e+04	+0.283
134.500	+8.262e+03	+2.159e+03	+9.775e+03	+0.207
134.600	+7.495e+03	+2.097e+03	+9.275e+03	+0.219
134.700	+6.744e+03	+2.328e+03	+1.055e+04	+0.257
134.800	+6.638e+03	+1.862e+03	+8.818e+03	+0.219
134.900	+6.992e+03	+2.194e+03	+1.043e+04	+0.239
135.000	+7.333e+03	+2.159e+03	+8.707e+03	+0.227
135.100	+6.595e+03	+4.262e+03	+1.121e+04	+0.393
135.200	+7.374e+03	+2.482e+03	+1.079e+04	+0.252
135.300	+7.553e+03	+3.328e+03	+1.075e+04	+0.306
135.400	+7.407e+03	+3.054e+03	+9.771e+03	+0.292
135.500	+8.030e+03	+2.271e+03	+9.573e+03	+0.220
135.600	+6.905e+03	+2.313e+03	+1.073e+04	+0.251
135.700	+7.661e+03	+2.114e+03	+9.764e+03	+0.216
135.800	+8.519e+03	+2.487e+03	+9.764e+03	+0.226
135.900	+7.664e+03	+2.495e+03	+1.113e+04	+0.246
136.000	+7.994e+03	+2.359e+03	+1.016e+04	+0.228
136.100	+7.896e+03	+3.472e+03	+9.837e+03	+0.305
136.200	+8.275e+03	+3.104e+03	+1.002e+04	+0.273
136.300	+8.105e+03	+3.375e+03	+1.059e+04	+0.294
136.400	+8.044e+03	+2.588e+03	+1.043e+04	+0.243
136.500	+7.450e+03	+2.788e+03	+8.638e+03	+0.272
136.600	+8.797e+03	+2.746e+03	+1.045e+04	+0.238
136.700	+8.106e+03	+3.464e+03	+1.005e+04	+0.299
136.800	+7.008e+03	+3.940e+03	+9.969e+03	+0.360
136.900	+8.411e+03	+1.206e+03	+9.749e+03	+0.125
137.000	+7.900e+03	+1.981e+03	+9.256e+03	+0.200
137.100	+7.275e+03	+1.625e+03	+9.900e+03	+0.183
137.200	+8.361e+03	+2.591e+03	+1.059e+04	+0.237
137.300	+8.546e+03	+2.192e+03	+1.048e+04	+0.204
137.400	+8.011e+03	+2.510e+03	+1.013e+04	+0.239
137.500	+7.447e+03	+2.383e+03	+1.163e+04	+0.242
137.600	+6.005e+03	+2.166e+03	+9.013e+03	+0.265
137.700	+7.684e+03	+1.142e+03	+1.023e+04	+0.129
137.800	+6.120e+03	+1.939e+03	+9.536e+03	+0.241
137.900	+6.581e+03	+2.399e+03	+8.532e+03	+0.267
138.000	+8.156e+03	+3.389e+03	+1.080e+04	+0.294
138.100	+6.822e+03	+2.471e+03	+1.047e+04	+0.266
138.200	+7.336e+03	+1.578e+03	+9.853e+03	+0.177
138.300	+7.866e+03	+2.820e+03	+9.288e+03	+0.264
138.400	+8.316e+03	+2.565e+03	+1.105e+04	+0.236
138.500	+6.443e+03	+2.447e+03	+1.081e+04	+0.275
138.600	+6.711e+03	+1.105e+03	+1.058e+04	+0.141
138.700	+7.928e+03	+1.293e+03	+9.728e+03	+0.140
138.800	+6.798e+03	+2.755e+03	+9.851e+03	+0.288
138.900	+7.066e+03	+2.146e+03	+8.838e+03	+0.233
139.000	+6.472e+03	+2.777e+03	+1.077e+04	+0.300
139.100	+6.959e+03	+1.118e+03	+8.515e+03	+0.138
139.200	+7.557e+03	+2.114e+03	+8.294e+03	+0.219
139.300	+7.026e+03	+2.411e+03	+9.997e+03	+0.255
139.400	+7.499e+03	+1.921e+03	+1.013e+04	+0.204
139.500	+6.997e+03	+2.819e+03	+1.044e+04	+0.287
139.600	+6.547e+03	+2.036e+03	+1.035e+04	+0.237
139.700	+6.431e+03	+2.802e+03	+1.081e+04	+0.304
139.800	+7.429e+03	+2.243e+03	+1.010e+04	+0.232
139.900	+7.659e+03	+1.998e+03	+1.049e+04	+0.207
140.000	+8.366e+03	+2.074e+03	+9.976e+03	+0.199
140.100	+8.432e+03	+2.792e+03	+9.723e+03	+0.249
140.200	+6.471e+03	+2.447e+03	+9.810e+03	+0.274
140.300	+8.235e+03	+2.081e+03	+9.398e+03	+0.202
140.400	+6.086e+03	+2.894e+03	+1.044e+04	+0.322
140.500	+6.034e+03	+2.901e+03	+9.368e+03	+0.325
140.600	+8.345e+03	+2.066e+03	+9.882e+03	+0.198
140.700	+6.144e+03	+1.735e+03	+1.033e+04	+0.220
140.800	+5.967e+03	+2.629e+03	+1.076e+04	+0.306
140.900	+7.031e+03	+1.990e+03	+1.081e+04	+0.221
141.000	+7.765e+03	+2.885e+03	+9.446e+03	+0.271
141.100	+7.356e+03	+1.808e+03	+8.222e+03	+0.197
141.200	+6.927e+03	+2.013e+03	+9.775e+03	+0.225
141.300	+6.595e+03	+3.595e+03	+1.044e+04	+0.353
141.400	+7.727e+03	+2.868e+03	+9.092e+03	+0.271
141.500	+7.461e+03	+2.662e+03	+1.039e+04	+0.263
141.600	+7.960e+03	+1.931e+03	+1.023e+04	+0.195
141.700	+7.539e+03	+2.412e+03	+1.067e+04	+0.242
141.800	+6.627e+03	+2.041e+03	+1.012e+04	+0.235
141.900	+8.363e+03	+3.191e+03	+9.114e+03	+0.276
142.000	+8.000e+03	+2.685e+03	+9.973e+03	+0.251
142.100	+7.117e+03	+1.714e+03	+8.384e+03	+0.194
142.200	+8.590e+03	+1.680e+03	+9.034e+03	+0.164
142.300	+8.239e+03	+2.002e+03	+1.071e+04	+0.195
142.400	+7.642e+03	+3.590e+03	+9.308e+03	+0.320
142.500	+8.792e+03	+2.105e+03	+1.087e+04	+0.193
142.600	+7.564e+03	+2.791e+03	+8.429e+03	+0.270
142.700	+8.226e+03	+2.281e+03	+8.900e+03	+0.217
142.800	+7.112e+03	+2.475e+03	+8.825e+03	+0.258
142.900	+5.474e+03	+2.829e+03	+9.165e+03	+0.341
143.000	+7.064e+03	+1.735e+03	+9.435e+03	+0.197
143.100	+7.848e+03	+3.526e+03	+1.000e+04	+0.310
143.200	+7.999e+03	+4.122e+03	+9.248e+03	+0.340
143.300	+8.254e+03	+2.478e+03	+1.058e+04	+0.231
143.400	+7.115e+03	+2.665e+03	+8.681e+03	+0.272
143.500	+8.310e+03	+2.090e+03	+9.606e+03	+0.201
143.600	+7.280e+03	+2.147e+03	+9.987e+03	+0.228
143.700	+7.060e+03	+1.485e+03	+9.139e+03	+0.174
143.800	+8.701e+03	+2.895e+03	+8.956e+03	+0.250
143.900	+9.234e+03	+2.456e+03	+1.006e+04	+0.210
144.000	+6.988e+03	+2.172e+03	+9.626e+03	+0.237
144.100	+7.823e+03	+3.189e+03	+9.252e+03	+0.290
144.200	+7.529e+03	+2.705e+03	+9.506e+03	+0.264
144.300	+8.517e+03	+1.916e+03	+1.033e+04	+0.184
144.400	+8.154e+03	+3.518e+03	+9.866e+03	+0.301
144.500	+7.652e+03	+2.385e+03	+1.078e+04	+0.238
144.600	+6.051e+03	+2.845e+03	+1.056e+04	+0.320
144.700	+7.989e+03	+1.988e+03	+9.529e+03	+0.199
144.800	+6.818e+03	+2.882e+03	+9.709e+03	+0.297
144.900	+7.510e+03	+3.930e+03	+1.099e+04	+0.344
145.000	+6.013e+03	+4.156e+03	+1.065e+04	+0.409
145.100	+5.079e+03	+5.463e+03	+1.136e+04	+0.518
145.200	+5.859e+03	+5.126e+03	+8.778e+03	+0.467
145.300	+5.896e+03	+5.674e+03	+1.102e+04	+0.490
145.400	+5.167e+03	+6.440e+03	+9.854e+03	+0.555
145.500	+4.621e+03	+4.749e+03	+9.733e+03	+0.507
145.600	+5.515e+03	+5.764e+03	+9.928e+03	+0.511
145.700	+4.688e+03	+5.807e+03	+1.011e+04	+0.553
145.800	+5.464e+03	+5.037e+03	+1.019e+04	+0.480
145.900	+5.100e+03	+4.876e+03	+9.813e+03	+0.489
146.000	+5.189e+03	+5.388e+03	+1.102e+04	+0.509
146.100	+4.372e+03	+5.051e+03	+9.533e+03	+0.536
146.200	+4.293e+03	+3.958e+03	+1.025e+04	+0.480
146.300	+4.155e+03	+3.768e+03	+8.771e+03	+0.476
146.400	+4.967e+03	+5.369e+03	+1.020e+04	+0.519
146.500	+5.047e+03	+4.617e+03	+1.129e+04	+0.478
146.600	+5.177e+03	+4.166e+03	+9.816e+03	+0.446
146.700	+5.507e+03	+6.486e+03	+9.753e+03	+0.541
146.800	+3.691e+03	+5.096e+03	+9.713e+03	+0.580
146.900	+5.564e+03	+6.095e+03	+1.005e+04	+0.523
147.000	+5.460e+03	+4.957e+03	+9.870e+03	+0.476
147.100	+5.632e+03	+4.707e+03	+9.527e+03	+0.455
147.200	+3.747e+03	+3.830e+03	+9.544e+03	+0.505
147.300	+5.534e+03	+5.368e+03	+8.812e+03	+0.492
147.400	+3.969e+03	+4.639e+03	+1.145e+04	+0.539
147.500	+6.110e+03	+4.442e+03	+9.609e+03	+0.421
147.600	+4.039e+03	+5.584e+03	+1.165e+04	+0.580
147.700	+5.306e+03	+4.801e+03	+1.104e+04	+0.475
147.800	+4.858e+03	+5.988e+03	+9.990e+03	+0.552
147.900	+5.515e+03	+5.180e+03	+1.038e+04	+0.484
148.000	+5.183e+03	+4.538e+03	+9.938e+03	+0.467
148.100	+6.044e+03	+6.050e+03	+9.363e+03	+0.500
148.200	+5.249e+03	+4.097e+03	+9.707e+03	+0.438
148.300	+3.547e+03	+6.343e+03	+1.052e+04	+0.641
148.400	+1.943e+03	+9.675e+03	+9.511e+03	+0.833
148.500	+1.984e+03	+8.822e+03	+9.005e+03	+0.816
148.600	+1.332e+03	+7.144e+03	+9.793e+03	+0.843
148.700	+2.126e+03	+9.088e+03	+9.820e+03	+0.810
148.800	+2.353e+03	+7.896e+03	+1.051e+04	+0.770
148.900	+2.154e+03	+7.500e+03	+9.694e+03	+0.777
149.000	+2.443e+03	+8.801e+03	+9.491e+03	+0.783
149.100	+5.939e+02	+7.635e+03	+1.032e+04	+0.928
149.200	+2.070e+03	+7.567e+03	+9.855e+03	+0.785
149.300	+1.808e+03	+8.373e+03	+9.194e+03	+0.822
149.400	+1.154e+03	+7.671e+03	+1.040e+04	+0.869
149.500	+1.038e+03	+8.191e+03	+1.017e+04	+0.888
149.600	+1.990e+03	+7.077e+03	+1.002e+04	+0.781
149.700	+2.649e+03	+8.457e+03	+1.062e+04	+0.761
149.800	+2.026e+03	+7.054e+03	+1.037e+04	+0.777
149.900	+9.062e+02	+9.017e+03	+1.010e+04	+0.909
150.000	+2.950e+03	+8.009e+03	+9.454e+03	+0.731
150.100	+2.160e+03	+9.630e+03	+1.034e+04	+0.817
150.200	+8.125e+02	+8.613e+03	+9.460e+03	+0.914
150.300	+1.256e+03	+8.557e+03	+1.002e+04	+0.872
150.400	+2.462e+03	+7.798e+03	+9.523e+03	+0.760
150.500	+2.156e+03	+8.006e+03	+9.836e+03	+0.788
150.600	+1.704e+03	+7.645e+03	+1.004e+04	+0.818
150.700	+1.349e+03	+8.324e+03	+1.004e+04	+0.861
150.800	+2.031e+03	+8.711e+03	+1.149e+04	+0.811
150.900	+1.588e+03	+7.524e+03	+9.438e+03	+0.826
151.000	+1.151e+03	+8.202e+03	+1.123e+04	+0.877
151.100	+2.154e+03	+8.086e+03	+1.062e+04	+0.790
151.200	+2.104e+03	+8.876e+03	+1.021e+04	+0.808
151.300	+1.850e+03	+6.994e+03	+1.083e+04	+0.791
151.400	+9.116e+02	+7.190e+03	+1.064e+04	+0.887
151.500	+1.207e+03	+8.090e+03	+9.274e+03	+0.870
151.600	+2.291e+03	+8.338e+03	+1.007e+04	+0.784
151.700	+2.883e+03	+8.417e+03	+9.934e+03	+0.745
151.800	+1.998e+03	+7.611e+03	+1.002e+04	+0.792
151.900	+1.665e+03	+7.165e+03	+9.847e+03	+0.811
152.000	+1.332e+03	+6.288e+03	+9.204e+03	+0.825
152.100	+1.429e+03	+9.111e+03	+1.048e+04	+0.864
152.200	+2.216e+03	+8.332e+03	+9.474e+03	+0.790
152.300	+2.961e+03	+7.389e+03	+9.690e+03	+0.714
152.400	+1.755e+03	+7.158e+03	+9.786e+03	+0.803
152.500	+3.179e+03	+8.182e+03	+8.920e+03	+0.720
152.600	+1.719e+03	+7.638e+03	+1.045e+04	+0.816
152.700	+2.120e+03	+7.126e+03	+9.516e+03	+0.771
152.800	+1.110e+03	+7.860e+03	+9.637e+03	+0.876
152.900	+1.787e+03	+8.836e+03	+1.059e+04	+0.832
153.000	+1.078e+03	+8.676e+03	+8.537e+03	+0.890
153.100	+1.887e+03	+7.569e+03	+9.181e+03	+0.800
153.200	+2.312e+03	+6.409e+03	+1.019e+04	+0.735
153.300	+1.984e+03	+7.883e+03	+9.562e+03	+0.799
153.400	+1.588e+03	+7.559e+03	+1.049e+04	+0.826
153.500	+2.407e+03	+6.966e+03	+9.627e+03	+0.743
153.600	+1.184e+03	+7.937e+03	+1.036e+04	+0.870
153.700	+1.804e+03	+6.217e+03	+8.536e+03	+0.775
153.800	+2.174e+03	+7.751e+03	+1.099e+04	+0.781
153.900	+3.069e+03	+7.884e+03	+9.711e+03	+0.720
154.000	+2.335e+03	+8.721e+03	+9.891e+03	+0.789
154.100	+1.448e+03	+8.199e+03	+9.907e+03	+0.850
154.200	+3.108e+03	+6.939e+03	+1.017e+04	+0.691
154.300	+5.737e+02	+7.760e+03	+1.013e+04	+0.931
154.400	+1.090e+03	+7.720e+03	+9.996e+03	+0.876
154.500	+2.619e+03	+8.378e+03	+1.039e+04	+0.762
154.600	+1.230e+03	+9.883e+03	+8.409e+03	+0.889
154.700	+3.084e+03	+7.734e+03	+1.051e+04	+0.715
154.800	+4.764e+03	+3.386e+03	+1.011e+04	+0.415
154.900	+4.650e+03	+4.972e+03	+9.269e+03	+0.517
155.000	+4.904e+03	+4.946e+03	+1.046e+04	+0.502
155.100	+6.403e+03	+4.281e+03	+1.001e+04	+0.401
155.200	+4.542e+03	+4.587e+03	+1.010e+04	+0.502
155.300	+4.463e+03	+5.305e+03	+9.985e+03	+0.543
155.400	+4.924e+03	+2.932e+03	+1.001e+04	+0.373
155.500	+5.645e+03	+4.958e+03	+9.751e+03	+0.468
155.600	+6.792e+03	+5.341e+03	+9.641e+03	+0.440
155.700	+4.053e+03	+5.281e+03	+1.078e+04	+0.566
155.800	+4.307e+03	+4.734e+03	+9.309e+03	+0.524
155.900	+6.256e+03	+4.306e+03	+9.554e+03	+0.408
156.000	+4.849e+03	+4.964e+03	+1.231e+04	+0.506
156.100	+4.624e+03	+4.263e+03	+1.018e+04	+0.480
156.200	+6.059e+03	+5.222e+03	+1.055e+04	+0.463
156.300	+5.474e+03	+5.268e+03	+1.047e+04	+0.490
156.400	+3.444e+03	+5.430e+03	+1.055e+04	+0.612
156.500	+4.695e+03	+4.361e+03	+9.131e+03	+0.482
156.600	+3.675e+03	+6.948e+03	+9.418e+03	+0.654
156.700	+4.961e+03	+5.036e+03	+1.005e+04	+0.504
156.800	+3.505e+03	+5.444e+03	+1.011e+04	+0.608
156.900	+4.916e+03	+6.653e+03	+1.006e+04	+0.575
157.000	+3.079e+03	+8.518e+03	+1.036e+04	+0.735
157.100	+3.337e+03	+8.002e+03	+1.015e+04	+0.706
157.200	+1.884e+03	+8.403e+03	+1.019e+04	+0.817
157.300	+1.491e+03	+8.056e+03	+1.061e+04	+0.844
157.400	+1.913e+03	+9.245e+03	+1.062e+04	+0.829
157.500	+2.030e+03	+8.333e+03	+9.810e+03	+0.804
157.600	+1.861e+03	+8.215e+03	+9.445e+03	+0.815
157.700	+1.762e+03	+7.954e+03	+9.477e+03	+0.819
157.800	+1.726e+03	+8.106e+03	+9.845e+03	+0.824
157.900	+2.786e+03	+8.141e+03	+1.093e+04	+0.745
158.000	+4.835e+02	+7.772e+03	+9.252e+03	+0.941
158.100	+1.174e+03	+8.851e+03	+1.103e+04	+0.883
158.200	+1.208e+03	+7.593e+03	+9.956e+03	+0.863
158.300	+3.113e+03	+8.353e+03	+1.027e+04	+0.729
158.400	+2.760e+03	+8.790e+03	+1.036e+04	+0.761
158.500	+5.246e+03	+5.437e+03	+9.999e+03	+0.509
158.600	+5.642e+03	+3.720e+03	+9.279e+03	+0.397
158.700	+5.381e+03	+4.758e+03	+9.810e+03	+0.469
158.800	+5.379e+03	+4.969e+03	+1.034e+04	+0.480
158.900	+2.205e+03	+7.879e+03	+1.003e+04	+0.781
159.000	+2.300e+03	+9.148e+03	+8.859e+03	+0.799
159.100	+1.833e+03	+7.452e+03	+9.780e+03	+0.803
159.200	+2.174e+03	+8.592e+03	+1.023e+04	+0.798
159.300	+2.748e+03	+8.312e+03	+1.020e+04	+0.752
159.400	+1.580e+03	+7.940e+03	+1.000e+04	+0.834
159.500	+1.944e+03	+6.831e+03	+9.942e+03	+0.778
159.600	+1.651e+03	+7.184e+03	+8.665e+03	+0.813
159.700	+1.096e+03	+7.417e+03	+1.070e+04	+0.871
159.800	+1.703e+03	+7.176e+03	+1.031e+04	+0.808
159.900	+1.934e+03	+7.996e+03	+1.047e+04	+0.805
160.000	+2.286e+03	+8.236e+03	+9.479e+03	+0.783
160.100	+2.152e+03	+8.891e+03	+9.991e+03	+0.805
160.200	+2.569e+03	+6.996e+03	+1.091e+04	+0.731
160.300	+1.964e+03	+7.527e+03	+9.647e+03	+0.793
160.400	+2.428e+03	+7.950e+03	+1.070e+04	+0.766
160.500	+7.407e+02	+8.724e+03	+1.132e+04	+0.922
160.600	+2.650e+03	+6.951e+03	+1.010e+04	+0.724
160.700	+3.334e+03	+7.924e+03	+9.466e+03	+0.704
160.800	+1.252e+03	+8.623e+03	+1.011e+04	+0.873
160.900	+1.631e+03	+7.028e+03	+1.013e+04	+0.812
161.000	+1.832e+03	+7.781e+03	+9.545e+03	+0.809
161.100	+2.362e+03	+7.370e+03	+1.014e+04	+0.757
161.200	+6.954e+02	+9.280e+03	+9.441e+03	+0.930
161.300	+2.754e+03	+7.832e+03	+9.802e+03	+0.740
161.400	+2.213e+03	+1.024e+04	+1.033e+04	+0.822
161.500	+2.539e+03	+7.133e+03	+1.016e+04	+0.737
161.600	+1.899e+03	+7.226e+03	+1.068e+04	+0.792
161.700	+2.039e+03	+7.602e+03	+9.151e+03	+0.789
161.800	+1.766e+03	+8.302e+03	+9.263e+03	+0.825
161.900	+2.434e+03	+8.004e+03	+9.817e+03	+0.767
162.000	+1.486e+03	+7.861e+03	+9.596e+03	+0.841
162.100	+2.521e+03	+8.098e+03	+9.816e+03	+0.763
162.200	+2.921e+03	+7.287e+03	+1.130e+04	+0.714
162.300	+1.775e+03	+9.119e+03	+1.106e+04	+0.837
162.400	+9.688e+02	+8.086e+03	+9.566e+03	+0.893
162.500	+2.109e+03	+7.326e+03	+1.003e+04	+0.777
162.600	+1.980e+03	+7.364e+03	+1.008e+04	+0.788
162.700	+1.709e+03	+7.742e+03	+9.381e+03	+0.819
162.800	+7.701e+02	+6.907e+03	+1.165e+04	+0.900
162.900	+1.350e+03	+7.640e+03	+1.005e+04	+0.850
163.000	+2.116e+03	+7.942e+03	+8.913e+03	+0.790
163.100	+2.888e+03	+6.362e+03	+1.004e+04	+0.688
163.200	+4.954e+03	+4.846e+03	+9.625e+03	+0.494
163.300	+4.922e+03	+3.925e+03	+1.029e+04	+0.444
163.400	+6.292e+03	+4.749e+03	+8.229e+03	+0.430
163.500	+5.001e+03	+4.069e+03	+1.054e+04	+0.449
163.600	+3.979e+03	+4.572e+03	+1.016e+04	+0.535
163.700	+5.106e+03	+5.700e+03	+1.140e+04	+0.527
163.800	+5.114e+03	+4.969e+03	+1.005e+04	+0.493
163.900	+6.205e+03	+4.762e+03	+1.087e+04	+0.434
164.000	+5.344e+03	+4.267e+03	+9.826e+03	+0.444
164.100	+4.735e+03	+4.214e+03	+1.064e+04	+0.471
164.200	+5.827e+03	+2.671e+03	+8.833e+03	+0.314
164.300	+5.013e+03	+4.629e+03	+9.578e+03	+0.480
164.400	+4.639e+03	+3.992e+03	+9.164e+03	+0.463
164.500	+3.001e+03	+5.185e+03	+1.010e+04	+0.633
164.600	+3.203e+03	+7.616e+03	+9.880e+03	+0.704
164.700	+1.823e+03	+8.897e+03	+9.816e+03	+0.830
164.800	+2.475e+03	+7.186e+03	+9.777e+03	+0.744
164.900	+1.448e+03	+7.601e+03	+8.849e+03	+0.840
165.000	+2.763e+03	+7.108e+03	+9.695e+03	+0.720
165.100	+4.523e+03	+4.787e+03	+1.045e+04	+0.514
165.200	+4.991e+03	+4.441e+03	+9.756e+03	+0.471
165.300	+5.361e+03	+3.976e+03	+9.487e+03	+0.426
165.400	+5.064e+03	+5.876e+03	+9.262e+03	+0.537
165.500	+3.927e+03	+6.107e+03	+1.035e+04	+0.609
165.600	+4.965e+03	+4.622e+03	+1.057e+04	+0.482
165.700	+4.684e+03	+5.370e+03	+1.015e+04	+0.534
165.800	+4.797e+03	+4.590e+03	+9.756e+03	+0.489
165.900	+4.492e+03	+4.789e+03	+9.772e+03	+0.516
166.000	+6.003e+03	+3.950e+03	+1.018e+04	+0.397
166.100	+5.914e+03	+5.610e+03	+9.011e+03	+0.487
166.200	+5.640e+03	+5.441e+03	+9.971e+03	+0.491
166.300	+5.508e+03	+4.769e+03	+1.035e+04	+0.464
166.400	+5.238e+03	+4.890e+03	+1.151e+04	+0.483
166.500	+5.270e+03	+6.122e+03	+9.784e+03	+0.537
166.600	+5.643e+03	+4.622e+03	+1.031e+04	+0.450
166.700	+4.384e+03	+5.114e+03	+1.052e+04	+0.538
166.800	+6.331e+03	+4.963e+03	+1.043e+04	+0.439
166.900	+4.877e+03	+5.147e+03	+1.025e+04	+0.513
167.000	+4.449e+03	+5.111e+03	+9.977e+03	+0.535
167.100	+4.214e+03	+5.055e+03	+1.115e+04	+0.545
167.200	+6.290e+03	+5.111e+03	+9.086e+03	+0.448
167.300	+4.693e+03	+4.855e+03	+9.625e+03	+0.508
167.400	+4.330e+03	+4.800e+03	+9.071e+03	+0.526
167.500	+5.588e+03	+5.531e+03	+1.046e+04	+0.497
167.600	+5.658e+03	+4.223e+03	+9.933e+03	+0.427
167.700	+5.060e+03	+4.929e+03	+1.014e+04	+0.493
167.800	+5.395e+03	+5.424e+03	+1.040e+04	+0.501
167.900	+4.441e+03	+5.221e+03	+1.122e+04	+0.540
168.000	+4.953e+03	+5.681e+03	+1.036e+04	+0.534
168.100	+6.115e+03	+5.453e+03	+1.076e+04	+0.471
168.200	+6.101e+03	+4.543e+03	+1.038e+04	+0.427
168.300	+4.070e+03	+4.868e+03	+9.355e+03	+0.545
168.400	+4.364e+03	+4.744e+03	+1.021e+04	+0.521
168.500	+5.841e+03	+4.699e+03	+1.077e+04	+0.446
168.600	+5.278e+03	+4.734e+03	+9.840e+03	+0.473
168.700	+5.929e+03	+4.888e+03	+9.162e+03	+0.452
168.800	+5.305e+03	+5.050e+03	+1.012e+04	+0.488
168.900	+4.687e+03	+5.391e+03	+8.993e+03	+0.535
169.000	+4.934e+03	+4.093e+03	+9.642e+03	+0.453
169.100	+5.865e+03	+5.586e+03	+9.574e+03	+0.488
169.200	+3.971e+03	+4.820e+03	+9.400e+03	+0.548
169.300	+5.895e+03	+4.549e+03	+9.818e+03	+0.436
169.400	+4.863e+03	+5.220e+03	+1.023e+04	+0.518
169.500	+5.184e+03	+4.547e+03	+9.285e+03	+0.467
169.600	+3.916e+03	+4.449e+03	+9.531e+03	+0.532
169.700	+7.270e+03	+3.618e+03	+9.543e+03	+0.332
169.800	+4.336e+03	+5.034e+03	+1.085e+04	+0.537
169.900	+4.510e+03	+5.059e+03	+9.531e+03	+0.529
170.000	+4.836e+03	+4.754e+03	+1.043e+04	+0.496
170.100	+4.722e+03	+5.670e+03	+1.028e+04	+0.546
170.200	+5.922e+03	+5.194e+03	+1.048e+04	+0.467
170.300	+4.955e+03	+4.150e+03	+9.578e+03	+0.456
170.400	+4.931e+03	+5.199e+03	+9.479e+03	+0.513
170.500	+5.896e+03	+4.722e+03	+1.091e+04	+0.445
170.600	+4.833e+03	+4.377e+03	+9.541e+03	+0.475
170.700	+4.805e+03	+5.278e+03	+1.064e+04	+0.523
170.800	+4.267e+03	+4.725e+03	+1.079e+04	+0.525
170.900	+4.274e+03	+3.798e+03	+1.016e+04	+0.471
171.000	+6.083e+03	+5.553e+03	+9.717e+03	+0.477
171.100	+5.244e+03	+3.944e+03	+9.614e+03	+0.429
171.200	+5.498e+03	+5.414e+03	+9.790e+03	+0.496
171.300	+5.000e+03	+5.016e+03	+1.072e+04	+0.501
171.400	+4.887e+03	+5.333e+03	+1.052e+04	+0.522
171.500	+4.906e+03	+4.924e+03	+1.132e+04	+0.501
171.600	+6.168e+03	+5.860e+03	+1.005e+04	+0.487
171.700	+4.800e+03	+4.586e+03	+9.997e+03	+0.489
171.800	+5.403e+03	+5.585e+03	+8.905e+03	+0.508
171.900	+4.849e+03	+4.982e+03	+9.469e+03	+0.507
172.000	+4.658e+03	+3.999e+03	+1.021e+04	+0.462
172.100	+5.956e+03	+5.583e+03	+9.552e+03	+0.484
172.200	+5.417e+03	+5.331e+03	+9.201e+03	+0.496
172.300	+5.513e+03	+5.994e+03	+1.011e+04	+0.521
172.400	+6.209e+03	+4.949e+03	+9.678e+03	+0.444
172.500	+4.062e+03	+4.513e+03	+1.114e+04	+0.526
172.600	+5.406e+03	+3.286e+03	+9.144e+03	+0.378
172.700	+6.316e+03	+5.224e+03	+1.005e+04	+0.453
172.800	+6.201e+03	+4.587e+03	+8.718e+03	+0.425
172.900	+5.426e+03	+3.865e+03	+9.389e+03	+0.416
173.000	+4.021e+03	+5.080e+03	+9.688e+03	+0.558
173.100	+4.956e+03	+3.701e+03	+1.040e+04	+0.428
173.200	+6.149e+03	+5.564e+03	+9.707e+03	+0.475
173.300	+4.538e+03	+5.301e+03	+1.048e+04	+0.539
173.400	+5.281e+03	+5.079e+03	+1.124e+04	+0.490
173.500	+5.013e+03	+3.806e+03	+1.033e+04	+0.432
173.600	+4.881e+03	+6.173e+03	+9.851e+03	+0.558
173.700	+5.778e+03	+4.027e+03	+1.049e+04	+0.411
173.800	+4.940e+03	+5.016e+03	+9.842e+03	+0.504
173.900	+5.477e+03	+4.697e+03	+1.067e+04	+0.462
174.000	+4.247e+03	+6.673e+03	+1.080e+04	+0.611
174.100	+3.612e+03	+6.147e+03	+9.879e+03	+0.630
174.200	+5.193e+03	+5.901e+03	+9.278e+03	+0.532
174.300	+6.466e+03	+3.794e+03	+1.015e+04	+0.370
174.400	+4.803e+03	+5.396e+03	+1.026e+04	+0.529
174.500	+4.760e+03	+4.393e+03	+9.557e+03	+0.480
174.600	+5.020e+03	+5.352e+03	+1.063e+04	+0.516
174.700	+6.147e+03	+5.455e+03	+1.021e+04	+0.470
174.800	+6.236e+03	+6.346e+03	+9.125e+03	+0.504
174.900	+4.965e+03	+5.049e+03	+9.402e+03	+0.504
175.000	+5.301e+03	+4.585e+03	+1.008e+04	+0.464
175.100	+3.658e+03	+6.737e+03	+9.777e+03	+0.648
175.200	+1.378e+03	+7.868e+03	+1.103e+04	+0.851
175.300	+1.180e+03	+7.757e+03	+9.422e+03	+0.868
175.400	+1.585e+03	+8.438e+03	+1.095e+04	+0.842
175.500	+2.075e+03	+6.605e+03	+1.014e+04	+0.761
175.600	+2.215e+03	+7.822e+03	+1.014e+04	+0.779
175.700	+2.324e+03	+8.768e+03	+9.731e+03	+0.791
175.800	+2.818e+03	+8.220e+03	+9.266e+03	+0.745
175.900	+1.724e+03	+7.762e+03	+1.028e+04	+0.818
176.000	+7.536e+02	+7.705e+03	+9.652e+03	+0.911
176.100	+1.957e+03	+8.356e+03	+9.940e+03	+0.810
176.200	+2.292e+03	+8.313e+03	+1.080e+04	+0.784
176.300	+4.245e+03	+5.760e+03	+1.110e+04	+0.576
176.400	+5.407e+03	+4.341e+03	+1.065e+04	+0.445
176.500	+5.945e+03	+5.084e+03	+9.887e+03	+0.461
176.600	+5.293e+03	+5.771e+03	+1.008e+04	+0.522
176.700	+5.351e+03	+5.398e+03	+9.622e+03	+0.502
176.800	+5.204e+03	+4.785e+03	+9.770e+03	+0.479
176.900	+5.325e+03	+4.591e+03	+9.070e+03	+0.463
177.000	+5.094e+03	+6.238e+03	+9.861e+03	+0.550
177.100	+5.143e+03	+4.449e+03	+1.061e+04	+0.464
177.200	+1.442e+03	+8.535e+03	+1.044e+04	+0.855
177.300	+1.153e+03	+7.349e+03	+9.936e+03	+0.864
177.400	+2.502e+03	+8.655e+03	+1.106e+04	+0.776
177.500	+2.011e+03	+6.577e+03	+1.062e+04	+0.766
177.600	+6.047e+03	+4.438e+03	+9.934e+03	+0.423
177.700	+4.195e+03	+5.480e+03	+9.161e+03	+0.566
177.800	+4.678e+03	+5.773e+03	+1.001e+04	+0.552
177.900	+4.295e+03	+4.747e+03	+9.854e+03	+0.525
178.000	+4.881e+03	+4.243e+03	+1.061e+04	+0.465
178.100	+6.532e+03	+1.234e+03	+1.114e+04	+0.159
178.200	+7.726e+03	+2.421e+03	+9.706e+03	+0.239
178.300	+6.354e+03	+2.509e+03	+1.047e+04	+0.283
178.400	+7.272e+03	+3.645e+03	+1.050e+04	+0.334
178.500	+7.087e+03	+2.596e+03	+1.062e+04	+0.268
178.600	+8.801e+03	+2.183e+03	+9.911e+03	+0.199
178.700	+7.851e+03	+1.850e+03	+1.083e+04	+0.191
178.800	+6.177e+03	+1.947e+03	+1.048e+04	+0.240
178.900	+6.090e+03	+2.099e+03	+9.382e+03	+0.256
179.000	+7.653e+03	+1.140e+03	+9.841e+03	+0.130
179.100	+6.764e+03	+2.871e+03	+9.210e+03	+0.298
179.200	+7.992e+03	+2.425e+03	+9.950e+03	+0.233
179.300	+7.564e+03	+1.784e+03	+8.554e+03	+0.191
179.400	+7.771e+03	+3.001e+03	+1.122e+04	+0.279
179.500	+6.931e+03	+3.244e+03	+1.080e+04	+0.319
179.600	+6.797e+03	+2.591e+03	+9.550e+03	+0.276
179.700	+6.936e+03	+3.155e+03	+1.087e+04	+0.313
179.800	+6.453e+03	+2.116e+03	+1.043e+04	+0.247
179.900	+8.731e+03	+1.992e+03	+9.339e+03	+0.186
180.000	+6.567e+03	+1.024e+03	+1.045e+04	+0.135
180.100	+8.138e+03	+2.789e+03	+9.694e+03	+0.255
180.200	+8.141e+03	+2.279e+03	+1.118e+04	+0.219
180.300	+7.252e+03	+1.655e+03	+1.040e+04	+0.186
180.400	+7.280e+03	+1.188e+03	+8.995e+03	+0.140
180.500	+7.677e+03	+3.353e+03	+9.529e+03	+0.304
180.600	+8.622e+03	+2.809e+03	+8.471e+03	+0.246
180.700	+6.104e+03	+1.887e+03	+1.081e+04	+0.236
180.800	+7.852e+03	+3.319e+03	+9.951e+03	+0.297
180.900	+8.010e+03	+3.315e+03	+1.028e+04	+0.293
181.000	+6.835e+03	+2.897e+03	+9.915e+03	+0.298
181.100	+7.181e+03	+2.470e+03	+1.038e+04	+0.256
181.200	+7.646e+03	+2.195e+03	+1.019e+04	+0.223
181.300	+8.288e+03	+2.284e+03	+1.067e+04	+0.216
181.400	+7.240e+03	+3.062e+03	+1.004e+04	+0.297
181.500	+7.559e+03	+2.121e+03	+1.049e+04	+0.219
181.600	+7.178e+03	+2.595e+03	+9.860e+03	+0.266
181.700	+7.080e+03	+2.031e+03	+9.552e+03	+0.223
181.800	+7.525e+03	+3.371e+03	+8.665e+03	+0.309
181.900	+7.190e+03	+2.601e+03	+1.080e+04	+0.266
182.000	+7.275e+03	+4.149e+03	+9.461e+03	+0.363
182.100	+6.366e+03	+2.561e+03	+9.420e+03	+0.287
182.200	+8.033e+03	+2.718e+03	+9.836e+03	+0.253
182.300	+7.985e+03	+1.264e+03	+1.043e+04	+0.137
182.400	+7.749e+03	+3.744e+03	+1.037e+04	+0.326
182.500	+8.487e+03	+2.962e+03	+1.114e+04	+0.259
182.600	+8.514e+03	+1.178e+03	+1.060e+04	+0.122
182.700	+8.202e+03	+2.067e+03	+9.653e+03	+0.201
182.800	+7.510e+03	+2.850e+03	+1.057e+04	+0.275
182.900	+7.878e+03	+2.794e+03	+9.105e+03	+0.262
183.000	+7.441e+03	+3.076e+03	+8.858e+03	+0.292
183.100	+7.468e+03	+3.191e+03	+1.033e+04	+0.299
183.200	+7.907e+03	+1.627e+03	+9.240e+03	+0.171
183.300	+6.877e+03	+2.252e+03	+1.024e+04	+0.247
183.400	+6.665e+03	+2.070e+03	+9.921e+03	+0.237
183.500	+7.672e+03	+2.947e+03	+1.032e+04	+0.278
183.600	+7.877e+03	+2.233e+03	+1.061e+04	+0.221
183.700	+8.345e+03	+2.746e+03	+9.317e+03	+0.248
183.800	+8.230e+03	+3.382e+03	+9.648e+03	+0.291
183.900	+6.332e+03	+2.859e+03	+9.713e+03	+0.311
184.000	+7.461e+03	+2.359e+03	+9.901e+03	+0.240
184.100	+8.117e+03	+2.910e+03	+9.438e+03	+0.264
184.200	+8.344e+03	+2.445e+03	+9.384e+03	+0.227
184.300	+5.735e+03	+1.069e+03	+9.334e+03	+0.157
184.400	+8.013e+03	+3.322e+03	+1.085e+04	+0.293
184.500	+6.832e+03	+3.702e+03	+1.021e+04	+0.351
184.600	+7.052e+03	+2.488e+03	+1.006e+04	+0.261
184.700	+7.308e+03	+1.780e+03	+9.580e+03	+0.196
184.800	+6.861e+03	+2.688e+03	+1.068e+04	+0.282
184.900	+6.067e+03	+2.708e+03	+9.105e+03	+0.309
185.000	+7.856e+03	+2.670e+03	+9.416e+03	+0.254
185.100	+7.345e+03	+3.099e+03	+1.104e+04	+0.297
185.200	+8.661e+03	+2.949e+03	+1.003e+04	+0.254
185.300	+7.566e+03	+3.191e+03	+1.188e+04	+0.297
185.400	+6.387e+03	+3.196e+03	+8.929e+03	+0.333
185.500	+7.061e+03	+1.415e+03	+1.015e+04	+0.167
185.600	+7.172e+03	+2.908e+03	+1.039e+04	+0.288
185.700	+6.849e+03	+2.638e+03	+1.000e+04	+0.278
185.800	+6.835e+03	+2.355e+03	+9.201e+03	+0.256
185.900	+6.886e+03	+2.288e+03	+1.067e+04	+0.249
186.000	+7.832e+03	+2.286e+03	+9.890e+03	+0.226
186.100	+8.260e+03	+2.336e+03	+1.058e+04	+0.220
186.200	+7.983e+03	+2.665e+03	+1.088e+04	+0.250
186.300	+7.618e+03	+3.294e+03	+1.071e+04	+0.302
186.400	+8.023e+03	+2.224e+03	+1.050e+04	+0.217
186.500	+8.258e+03	+2.241e+03	+9.766e+03	+0.213
186.600	+7.485e+03	+3.291e+03	+1.016e+04	+0.305
186.700	+7.779e+03	+3.693e+03	+1.006e+04	+0.322
186.800	+7.318e+03	+2.058e+03	+9.708e+03	+0.219
186.900	+7.789e+03	+1.800e+03	+1.004e+04	+0.188
187.000	+8.003e+03	+3.484e+03	+9.595e+03	+0.303
187.100	+8.293e+03	+1.833e+03	+1.015e+04	+0.181
187.200	+7.152e+03	+1.342e+03	+1.055e+04	+0.158
187.300	+8.209e+03	+1.453e+03	+9.242e+03	+0.150
187.400	+7.792e+03	+1.641e+03	+9.589e+03	+0.174
187.500	+6.309e+03	+2.056e+03	+1.012e+04	+0.246
187.600	+7.313e+03	+2.617e+03	+9.844e+03	+0.264
187.700	+7.229e+03	+2.628e+03	+1.042e+04	+0.267
187.800	+6.901e+03	+2.312e+03	+9.843e+03	+0.251
187.900	+8.700e+03	+2.314e+03	+9.329e+03	+0.210
188.000	+7.631e+03	+2.777e+03	+9.519e+03	+0.267
188.100	+7.757e+03	+2.703e+03	+1.013e+04	+0.258
188.200	+7.752e+03	+3.031e+03	+1.024e+04	+0.281
188.300	+6.589e+03	+4.016e+03	+1.074e+04	+0.379
188.400	+8.852e+03	+3.356e+03	+1.017e+04	+0.275
188.500	+7.474e+03	+3.849e+03	+9.484e+03	+0.340
188.600	+8.572e+03	+1.490e+03	+9.806e+03	+0.148
188.700	+7.298e+03	+2.926e+03	+9.772e+03	+0.286
188.800	+8.216e+03	+2.954e+03	+9.635e+03	+0.264
188.900	+7.710e+03	+2.152e+03	+9.814e+03	+0.218
189.000	+7.105e+03	+2.222e+03	+9.112e+03	+0.238
189.100	+8.113e+03	+2.159e+03	+9.968e+03	+0.210
189.200	+9.325e+03	+2.914e+03	+9.827e+03	+0.238
189.300	+5.866e+03	+2.737e+03	+9.240e+03	+0.318
189.400	+8.267e+03	+2.360e+03	+1.000e+04	+0.222
189.500	+8.305e+03	+3.259e+03	+1.119e+04	+0.282
189.600	+6.896e+03	+2.146e+03	+9.579e+03	+0.237
189.700	+7.799e+03	+1.599e+03	+9.334e+03	+0.170
189.800	+8.197e+03	+2.148e+03	+1.069e+04	+0.208
189.900	+7.880e+03	+3.099e+03	+1.019e+04	+0.282
190.000	+7.876e+03	+2.228e+03	+1.027e+04	+0.221
190.100	+7.904e+03	+3.807e+03	+1.043e+04	+0.325
190.200	+8.306e+03	+3.508e+03	+1.063e+04	+0.297
190.300	+6.536e+03	+3.099e+03	+9.605e+03	+0.322
190.400	+6.610e+03	+2.756e+03	+1.037e+04	+0.294
190.500	+7.425e+03	+1.871e+03	+1.041e+04	+0.201
190.600	+7.252e+03	+1.992e+03	+9.185e+03	+0.216
190.700	+7.119e+03	+1.621e+03	+1.037e+04	+0.186
190.800	+8.853e+03	+1.262e+03	+1.044e+04	+0.125
190.900	+7.784e+03	+2.438e+03	+9.344e+03	+0.239
191.000	+7.459e+03	+3.303e+03	+1.081e+04	+0.307
191.100	+5.450e+03	+1.853e+03	+1.029e+04	+0.254
191.200	+7.488e+03	+2.306e+03	+1.033e+04	+0.235
191.300	+8.041e+03	+1.938e+03	+1.050e+04	+0.194
191.400	+7.347e+03	+2.281e+03	+1.082e+04	+0.237
191.500	+7.152e+03	+2.241e+03	+9.427e+03	+0.239
191.600	+6.389e+03	+3.254e+02	+1.101e+04	+0.048
191.700	+7.435e+03	+1.215e+03	+1.001e+04	+0.140
191.800	+8.783e+03	+3.618e+03	+9.355e+03	+0.292
191.900	+7.661e+03	+3.206e+03	+1.109e+04	+0.295
192.000	+7.232e+03	+3.062e+03	+1.089e+04	+0.297
192.100	+7.416e+03	+1.626e+03	+9.655e+03	+0.180
192.200	+7.587e+03	+2.507e+03	+1.089e+04	+0.248
192.300	+6.471e+03	+2.761e+03	+9.935e+03	+0.299
192.400	+8.821e+03	+2.677e+03	+1.126e+04	+0.233
192.500	+6.975e+03	+3.124e+03	+9.687e+03	+0.309
192.600	+8.622e+03	+1.416e+03	+9.440e+03	+0.141
192.700	+7.707e+03	+1.971e+03	+1.066e+04	+0.204
192.800	+5.728e+03	+2.451e+03	+1.033e+04	+0.300
192.900	+7.860e+03	+1.881e+03	+1.062e+04	+0.193
193.000	+6.356e+03	+2.452e+03	+1.010e+04	+0.278
193.100	+6.055e+03	+9.635e+02	+8.974e+03	+0.137
193.200	+7.185e+03	+2.497e+03	+1.082e+04	+0.258
193.300	+8.462e+03	+1.721e+03	+9.120e+03	+0.169
193.400	+6.325e+03	+2.050e+03	+9.961e+03	+0.245
193.500	+7.324e+03	+2.542e+03	+9.724e+03	+0.258
193.600	+6.992e+03	+3.289e+03	+9.373e+03	+0.320
193.700	+8.036e+03	+1.421e+03	+9.883e+03	+0.150
193.800	+7.784e+03	+2.233e+03	+1.056e+04	+0.223
193.900	+5.877e+03	+2.418e+03	+1.018e+04	+0.291
194.000	+7.909e+03	+3.433e+03	+9.797e+03	+0.303
194.100	+7.115e+03	+3.086e+03	+9.510e+03	+0.303
194.200	+7.921e+03	+1.327e+03	+1.081e+04	+0.143
194.300	+7.771e+03	+2.690e+03	+1.071e+04	+0.257
194.400	+7.614e+03	+2.248e+03	+1.146e+04	+0.228
194.500	+8.032e+03	+2.929e+03	+9.857e+03	+0.267
194.600	+7.900e+03	+3.027e+03	+1.052e+04	+0.277
194.700	+7.386e+03	+2.747e+03	+9.703e+03	+0.271
194.800	+7.747e+03	+2.412e+03	+1.039e+04	+0.237
194.900	+7.003e+03	+4.245e+03	+1.096e+04	+0.377
195.000	+6.815e+03	+2.693e+03	+1.048e+04	+0.283
195.100	+7.884e+03	+2.895e+03	+1.104e+04	+0.269
195.200	+6.321e+03	+3.504e+03	+9.129e+03	+0.357
195.300	+8.894e+03	+2.518e+03	+1.086e+04	+0.221
195.400	+7.872e+03	+2.036e+03	+9.375e+03	+0.206
195.500	+7.095e+03	+2.747e+03	+9.794e+03	+0.279
195.600	+6.115e+03	+2.098e+03	+1.064e+04	+0.255
195.700	+9.255e+03	+2.246e+03	+9.229e+03	+0.195
195.800	+7.138e+03	+2.594e+03	+9.877e+03	+0.267
195.900	+7.724e+03	+3.543e+03	+8.789e+03	+0.314
196.000	+7.967e+03	+1.953e+03	+9.117e+03	+0.197
196.100	+6.233e+03	+2.312e+03	+1.052e+04	+0.271
196.200	+8.384e+03	+2.989e+03	+1.057e+04	+0.263
196.300	+6.783e+03	+3.010e+03	+8.823e+03	+0.307
196.400	+6.651e+03	+3.457e+03	+9.263e+03	+0.342
196.500	+6.774e+03	+1.742e+03	+1.048e+04	+0.205
196.600	+7.956e+03	+2.945e+03	+1.056e+04	+0.270
196.700	+6.599e+03	+2.193e+03	+9.505e+03	+0.249
196.800	+7.316e+03	+3.102e+03	+1.031e+04	+0.298
196.900	+6.899e+03	+1.289e+03	+1.132e+04	+0.157
197.000	+7.590e+03	+1.985e+03	+9.914e+03	+0.207
197.100	+7.432e+03	+2.743e+03	+9.729e+03	+0.270
197.200	+7.282e+03	+1.876e+03	+1.033e+04	+0.205
197.300	+7.182e+03	+2.867e+03	+1.020e+04	+0.285
197.400	+8.325e+03	+2.517e+03	+9.879e+03	+0.232
197.500	+7.980e+03	+1.057e+03	+1.107e+04	+0.117
197.600	+8.019e+03	+2.355e+03	+9.955e+03	+0.227
197.700	+8.063e+03	+4.013e+03	+9.355e+03	+0.332
197.800	+7.673e+03	+3.738e+03	+1.048e+04	+0.328
197.900	+7.176e+03	+3.250e+03	+9.963e+03	+0.312
198.000	+6.910e+03	+3.055e+03	+9.929e+03	+0.307
198.100	+7.254e+03	+3.333e+03	+9.415e+03	+0.315
198.200	+6.693e+03	+2.283e+03	+1.023e+04	+0.254
198.300	+8.668e+03	+3.149e+03	+1.114e+04	+0.266
198.400	+7.146e+03	+2.502e+03	+9.826e+03	+0.259
198.500	+7.105e+03	+2.682e+03	+1.050e+04	+0.274
198.600	+8.057e+03	+2.088e+03	+1.052e+04	+0.206
198.700	+7.346e+03	+3.228e+03	+8.445e+03	+0.305
198.800	+8.036e+03	+2.964e+03	+8.934e+03	+0.269
198.900	+8.074e+03	+2.555e+03	+9.235e+03	+0.240
199.000	+8.036e+03	+2.251e+03	+1.053e+04	+0.219
199.100	+7.355e+03	+3.672e+03	+1.144e+04	+0.333
199.200	+6.283e+03	+3.918e+03	+9.512e+03	+0.384
199.300	+8.252e+03	+1.990e+03	+9.319e+03	+0.194
199.400	+7.671e+03	+3.027e+03	+1.143e+04	+0.283
199.500	+6.851e+03	+1.877e+03	+8.834e+03	+0.215
199.600	+7.770e+03	+2.344e+03	+1.037e+04	+0.232
199.700	+7.569e+03	+2.332e+03	+9.161e+03	+0.236
199.800	+7.081e+03	+1.700e+03	+1.006e+04	+0.194
