%t (s)	Idd (a.u.)	Ida (a.u.)	Iaa (a.u.)	FRET E
0.000	+7.764e+03	+7.876e+02	+9.500e+03	+0.092
0.100	+6.615e+03	+2.837e+03	+9.900e+03	+0.300
0.200	+6.689e+03	+1.482e+03	+1.119e+04	+0.181
0.300	+6.981e+03	+2.570e+03	+1.039e+04	+0.269
0.400	+6.789e+03	+1.938e+03	+9.641e+03	+0.222
0.500	+8.894e+03	+3.245e+03	+9.757e+03	+0.267
0.600	+7.301e+03	+3.876e+03	+1.055e+04	+0.347
0.700	+7.783e+03	+1.514e+03	+1.018e+04	+0.163
0.800	+7.634e+03	+2.638e+03	+8.555e+03	+0.257
0.900	+7.850e+03	+2.225e+03	+1.031e+04	+0.221
1.000	+7.777e+03	+1.700e+03	+1.008e+04	+0.179
1.100	+7.749e+03	+1.196e+03	+9.854e+03	+0.134
1.200	+7.220e+03	+1.014e+03	+1.048e+04	+0.123
1.300	+8.375e+03	+3.237e+03	+1.022e+04	+0.279
1.400	+8.047e+03	+3.100e+03	+1.079e+04	+0.278
1.500	+6.588e+03	+3.439e+03	+1.014e+04	+0.343
1.600	+7.787e+03	+2.653e+03	+9.695e+03	+0.254
1.700	+7.823e+03	+2.445e+03	+9.579e+03	+0.238
1.800	+6.616e+03	+1.995e+03	+1.091e+04	+0.232
1.900	+6.575e+03	+2.713e+03	+1.008e+04	+0.292
2.000	+7.898e+03	+2.073e+03	+1.050e+04	+0.208
2.100	+7.745e+03	+2.540e+03	+1.087e+04	+0.247
2.200	+6.419e+03	+2.770e+03	+8.901e+03	+0.301
2.300	+6.368e+03	+4.051e+03	+1.163e+04	+0.389
2.400	+7.516e+03	+3.480e+03	+9.261e+03	+0.316
2.500	+7.746e+03	+2.026e+03	+1.075e+04	+0.207
2.600	+6.883e+03	+2.541e+03	+1.047e+04	+0.270
2.700	+7.513e+03	+1.695e+03	+1.060e+04	+0.184
2.800	+7.304e+03	+2.451e+03	+1.005e+04	+0.251
2.900	+7.886e+03	+1.805e+03	+1.062e+04	+0.186
3.000	+7.907e+03	+3.737e+03	+1.013e+04	+0.321
3.100	+7.835e+03	+2.670e+03	+1.107e+04	+0.254
3.200	+7.451e+03	+2.483e+03	+8.757e+03	+0.250
3.300	+8.215e+03	+2.865e+03	+9.566e+03	+0.259
3.400	+7.863e+03	+3.270e+03	+9.336e+03	+0.294
3.500	+7.141e+03	+1.550e+03	+8.625e+03	+0.178
3.600	+6.264e+03	+2.974e+03	+1.014e+04	+0.322
3.700	+7.464e+03	+3.121e+03	+1.044e+04	+0.295
3.800	+7.272e+03	+2.471e+03	+8.344e+03	+0.254
3.900	+8.128e+03	+2.497e+03	+1.061e+04	+0.235
4.000	+7.164e+03	+3.158e+03	+1.027e+04	+0.306
4.100	+7.354e+03	+2.296e+03	+9.974e+03	+0.238
4.200	+7.381e+03	+2.375e+03	+9.234e+03	+0.243
4.300	+7.212e+03	+2.047e+03	+1.002e+04	+0.221
4.400	+6.953e+03	+3.493e+03	+8.775e+03	+0.334
4.500	+8.126e+03	+3.365e+03	+1.042e+04	+0.293
4.600	+7.068e+03	+1.756e+03	+1.046e+04	+0.199
4.700	+7.190e+03	+1.647e+03	+9.581e+03	+0.186
4.800	+7.308e+03	+2.822e+03	+1.020e+04	+0.279
4.900	+8.371e+03	+3.102e+03	+1.002e+04	+0.270
5.000	+7.367e+03	+1.341e+03	+8.708e+03	+0.154
5.100	+6.622e+03	+2.767e+03	+9.454e+03	+0.295
5.200	+7.583e+03	+3.145e+03	+8.884e+03	+0.293
5.300	+7.083e+03	+2.553e+03	+9.164e+03	+0.265
5.400	+6.322e+03	+2.895e+03	+1.002e+04	+0.314
5.500	+8.007e+03	+2.352e+03	+1.011e+04	+0.227
5.600	+6.050e+03	+3.477e+03	+1.022e+04	+0.365
5.700	+5.822e+03	+2.452e+03	+1.081e+04	+0.296
5.800	+7.505e+03	+2.530e+03	+1.082e+04	+0.252
5.900	+7.052e+03	+2.464e+03	+9.090e+03	+0.259
6.000	+7.522e+03	+2.309e+03	+1.044e+04	+0.235
6.100	+6.782e+03	+2.434e+03	+9.887e+03	+0.264
6.200	+7.780e+03	+2.828e+03	+1.106e+04	+0.267
6.300	+8.576e+03	+2.773e+03	+1.048e+04	+0.244
6.400	+7.729e+03	+1.384e+03	+9.872e+03	+0.152
6.500	+8.019e+03	+1.916e+03	+9.666e+03	+0.193
6.600	+7.038e+03	+2.352e+03	+9.910e+03	+0.250
6.700	+8.964e+03	+2.463e+03	+1.110e+04	+0.216
6.800	+6.974e+03	+3.160e+03	+9.604e+03	+0.312
6.900	+7.232e+03	+7.962e+02	+1.005e+04	+0.099
7.000	+7.824e+03	+2.679e+03	+1.104e+04	+0.255
7.100	+7.887e+03	+2.500e+03	+8.859e+03	+0.241
7.200	+6.704e+03	+2.201e+03	+1.003e+04	+0.247
7.300	+7.248e+03	+6.566e+02	+1.026e+04	+0.083
7.400	+7.835e+03	+2.196e+03	+9.499e+03	+0.219
7.500	+8.017e+03	+1.440e+03	+1.105e+04	+0.152
7.600	+5.721e+03	+2.146e+03	+1.011e+04	+0.273
7.700	+7.601e+03	+1.423e+03	+1.082e+04	+0.158
7.800	+7.091e+03	+3.152e+03	+9.917e+03	+0.308
7.900	+7.967e+03	+2.473e+03	+1.034e+04	+0.237
8.000	+7.327e+03	+1.231e+03	+1.062e+04	+0.144
8.100	+7.531e+03	+3.609e+03	+8.882e+03	+0.324
8.200	+7.763e+03	+3.474e+03	+1.088e+04	+0.309
8.300	+7.778e+03	+2.960e+03	+9.512e+03	+0.276
8.400	+6.196e+03	+1.707e+03	+9.580e+03	+0.216
8.500	+7.298e+03	+3.239e+03	+1.049e+04	+0.307
8.600	+7.372e+03	+2.036e+03	+1.128e+04	+0.216
8.700	+6.813e+03	+2.590e+03	+9.035e+03	+0.275
8.800	+8.309e+03	+1.628e+03	+9.434e+03	+0.164
8.900	+9.016e+03	+2.338e+03	+1.119e+04	+0.206
9.000	+8.120e+03	+2.413e+03	+9.508e+03	+0.229
9.100	+7.826e+03	+2.690e+03	+8.613e+03	+0.256
9.200	+6.787e+03	+2.475e+03	+1.036e+04	+0.267
9.300	+8.884e+03	+3.124e+03	+1.079e+04	+0.260
9.400	+6.446e+03	+2.151e+03	+1.060e+04	+0.250
9.500	+8.748e+03	+7.304e+02	+1.021e+04	+0.077
9.600	+7.291e+03	+2.841e+03	+9.910e+03	+0.280
9.700	+7.294e+03	+2.938e+03	+9.543e+03	+0.287
9.800	+8.056e+03	+3.900e+03	+9.814e+03	+0.326
9.900	+8.658e+03	+1.967e+03	+1.023e+04	+0.185
10.000	+7.496e+03	+2.820e+03	+1.082e+04	+0.273
10.100	+7.872e+03	+2.705e+03	+8.338e+03	+0.256
10.200	+6.708e+03	+2.854e+03	+9.288e+03	+0.298
10.300	+6.461e+03	+2.955e+03	+9.626e+03	+0.314
10.400	+6.842e+03	+2.471e+03	+1.029e+04	+0.265
10.500	+6.852e+03	+3.108e+03	+1.024e+04	+0.312
10.600	+6.881e+03	+2.916e+03	+1.120e+04	+0.298
10.700	+6.670e+03	+2.790e+03	+9.575e+03	+0.295
10.800	+7.720e+03	+2.136e+03	+9.715e+03	+0.217
10.900	+8.101e+03	+3.136e+03	+9.214e+03	+0.279
11.000	+7.865e+03	+3.177e+03	+1.048e+04	+0.288
11.100	+6.730e+03	+3.368e+03	+1.157e+04	+0.334
11.200	+8.003e+03	+3.587e+03	+9.066e+03	+0.310
11.300	+8.493e+03	+2.306e+03	+9.951e+03	+0.214
11.400	+7.773e+03	+3.294e+03	+1.037e+04	+0.298
11.500	+7.968e+03	+2.166e+03	+1.138e+04	+0.214
11.600	+7.152e+03	+2.293e+03	+9.685e+03	+0.243
11.700	+7.326e+03	+2.539e+03	+9.548e+03	+0.257
11.800	+8.044e+03	+3.274e+03	+9.005e+03	+0.289
11.900	+7.664e+03	+1.809e+03	+1.017e+04	+0.191
12.000	+7.388e+03	+2.233e+03	+1.053e+04	+0.232
12.100	+6.783e+03	+3.061e+03	+8.809e+03	+0.311
12.200	+8.578e+03	+2.416e+03	+8.830e+03	+0.220
12.300	+7.360e+03	+2.712e+03	+9.544e+03	+0.269
12.400	+6.248e+03	+2.483e+03	+9.930e+03	+0.284
12.500	+7.602e+03	+1.004e+03	+9.096e+03	+0.117
12.600	+6.441e+03	+2.553e+03	+9.977e+03	+0.284
12.700	+8.045e+03	+2.893e+03	+9.339e+03	+0.264
12.800	+7.407e+03	+2.770e+03	+9.163e+03	+0.272
12.900	+7.742e+03	+2.842e+03	+1.012e+04	+0.268
13.000	+8.383e+03	+3.287e+03	+9.636e+03	+0.282
13.100	+6.767e+03	+2.480e+03	+1.082e+04	+0.268
13.200	+7.936e+03	+2.233e+03	+9.348e+03	+0.220
13.300	+6.598e+03	+2.334e+03	+1.024e+04	+0.261
13.400	+7.869e+03	+2.387e+03	+9.752e+03	+0.233
13.500	+7.495e+03	+2.204e+03	+1.006e+04	+0.227
13.600	+7.246e+03	+3.033e+03	+1.000e+04	+0.295
13.700	+6.709e+03	+2.849e+03	+9.690e+03	+0.298
13.800	+7.265e+03	+2.842e+03	+9.396e+03	+0.281
13.900	+7.414e+03	+1.925e+03	+1.142e+04	+0.206
14.000	+7.589e+03	+3.052e+03	+9.770e+03	+0.287
14.100	+8.515e+03	+2.428e+03	+1.160e+04	+0.222
14.200	+7.967e+03	+3.085e+03	+9.593e+03	+0.279
14.300	+8.717e+03	+2.516e+03	+1.015e+04	+0.224
14.400	+8.178e+03	+3.635e+03	+1.022e+04	+0.308
14.500	+5.512e+03	+3.384e+03	+9.410e+03	+0.380
14.600	+4.484e+03	+4.557e+03	+1.052e+04	+0.504
14.700	+5.640e+03	+4.537e+03	+1.016e+04	+0.446
14.800	+4.977e+03	+3.953e+03	+9.884e+03	+0.443
14.900	+4.955e+03	+4.556e+03	+1.106e+04	+0.479
15.000	+5.253e+03	+5.589e+03	+9.412e+03	+0.516
15.100	+4.011e+03	+5.694e+03	+1.064e+04	+0.587
15.200	+4.666e+03	+5.699e+03	+9.526e+03	+0.550
15.300	+5.687e+03	+5.737e+03	+1.123e+04	+0.502
15.400	+4.304e+03	+5.955e+03	+1.033e+04	+0.580
15.500	+4.610e+03	+4.073e+03	+1.076e+04	+0.469
15.600	+5.308e+03	+5.122e+03	+1.031e+04	+0.491
15.700	+4.861e+03	+4.813e+03	+8.798e+03	+0.497
15.800	+5.629e+03	+4.923e+03	+9.263e+03	+0.467
15.900	+6.844e+03	+3.744e+03	+1.080e+04	+0.354
16.000	+5.142e+03	+4.288e+03	+1.037e+04	+0.455
16.100	+5.032e+03	+5.105e+03	+1.075e+04	+0.504
16.200	+5.326e+03	+6.467e+03	+8.582e+03	+0.548
16.300	+5.572e+03	+4.722e+03	+1.020e+04	+0.459
16.400	+5.192e+03	+3.741e+03	+1.177e+04	+0.419
16.500	+3.400e+03	+6.941e+03	+9.646e+03	+0.671
16.600	+2.707e+03	+8.411e+03	+1.097e+04	+0.757
16.700	+2.661e+03	+7.617e+03	+8.954e+03	+0.741
16.800	+2.416e+03	+8.413e+03	+8.814e+03	+0.777
16.900	+2.264e+03	+7.837e+03	+1.077e+04	+0.776
17.000	+2.700e+03	+8.387e+03	+1.046e+04	+0.756
17.100	+1.740e+03	+8.347e+03	+9.808e+03	+0.828
17.200	+1.613e+03	+7.812e+03	+1.158e+04	+0.829
17.300	+1.876e+03	+7.930e+03	+1.069e+04	+0.809
17.400	+2.460e+03	+7.129e+03	+9.031e+03	+0.743
17.500	+1.004e+03	+8.198e+03	+1.050e+04	+0.891
17.600	+2.112e+03	+8.375e+03	+1.077e+04	+0.799
17.700	+1.783e+03	+7.320e+03	+9.981e+03	+0.804
17.800	+1.131e+03	+8.110e+03	+9.954e+03	+0.878
17.900	+1.490e+03	+6.960e+03	+1.001e+04	+0.824
18.000	+2.657e+03	+7.154e+03	+1.038e+04	+0.729
18.100	+2.401e+03	+7.611e+03	+9.209e+03	+0.760
18.200	+1.433e+03	+7.818e+03	+9.899e+03	+0.845
18.300	+1.590e+03	+8.172e+03	+1.048e+04	+0.837
18.400	+1.390e+03	+9.075e+03	+1.028e+04	+0.867
18.500	+2.217e+03	+8.195e+03	+9.307e+03	+0.787
18.600	+1.383e+03	+8.479e+03	+9.516e+03	+0.860
18.700	+2.190e+03	+7.894e+03	+1.058e+04	+0.783
18.800	+2.795e+03	+7.248e+03	+1.017e+04	+0.722
18.900	+1.616e+03	+8.368e+03	+1.080e+04	+0.838
19.000	+1.036e+03	+7.177e+03	+1.058e+04	+0.874
19.100	+3.456e+03	+8.823e+03	+9.821e+03	+0.719
19.200	+1.461e+03	+8.818e+03	+9.911e+03	+0.858
19.300	+3.528e+03	+7.069e+03	+1.018e+04	+0.667
19.400	+8.964e+02	+8.371e+03	+1.142e+04	+0.903
19.500	+2.217e+03	+7.868e+03	+1.002e+04	+0.780
19.600	+1.356e+03	+7.669e+03	+8.953e+03	+0.850
19.700	+2.822e+03	+8.581e+03	+9.801e+03	+0.752
19.800	+2.787e+03	+8.501e+03	+1.007e+04	+0.753
19.900	+2.373e+03	+9.076e+03	+9.839e+03	+0.793
20.000	+1.988e+03	+8.623e+03	+9.928e+03	+0.813
20.100	+1.855e+03	+7.488e+03	+1.017e+04	+0.801
20.200	+1.848e+03	+8.887e+03	+1.058e+04	+0.828
20.300	+2.916e+03	+6.984e+03	+9.940e+03	+0.705
20.400	+2.255e+03	+7.229e+03	+1.150e+04	+0.762
20.500	+2.569e+03	+8.557e+03	+1.025e+04	+0.769
20.600	+3.085e+03	+8.546e+03	+1.093e+04	+0.735
20.700	+2.541e+03	+7.505e+03	+9.590e+03	+0.747
20.800	+2.101e+03	+8.184e+03	+9.867e+03	+0.796
20.900	+7.674e+02	+8.588e+03	+1.058e+04	+0.918
21.000	+2.959e+03	+7.855e+03	+1.149e+04	+0.726
21.100	+2.479e+03	+8.783e+03	+1.098e+04	+0.780
21.200	+1.689e+03	+9.116e+03	+9.566e+03	+0.844
21.300	+2.526e+03	+8.486e+03	+9.552e+03	+0.771
21.400	+1.406e+03	+7.640e+03	+9.380e+03	+0.845
21.500	+3.340e+03	+8.318e+03	+1.023e+04	+0.714
21.600	+2.466e+03	+7.547e+03	+1.003e+04	+0.754
21.700	+2.905e+03	+8.308e+03	+1.023e+04	+0.741
21.800	+2.708e+03	+8.997e+03	+9.549e+03	+0.769
21.900	+1.871e+03	+6.644e+03	+1.018e+04	+0.780
22.000	+2.605e+03	+8.470e+03	+8.832e+03	+0.765
22.100	+2.628e+03	+7.628e+03	+9.859e+03	+0.744
22.200	+2.724e+03	+7.598e+03	+1.001e+04	+0.736
22.300	+2.357e+03	+7.856e+03	+1.028e+04	+0.769
22.400	+9.360e+02	+8.540e+03	+1.056e+04	+0.901
22.500	+9.093e+02	+7.468e+03	+9.583e+03	+0.891
22.600	+5.236e+02	+7.628e+03	+9.533e+03	+0.936
22.700	+1.507e+03	+7.933e+03	+1.009e+04	+0.840
22.800	+2.032e+03	+9.013e+03	+1.061e+04	+0.816
22.900	+2.159e+03	+7.983e+03	+1.058e+04	+0.787
23.000	+2.073e+03	+8.209e+03	+9.878e+03	+0.798
23.100	+9.263e+02	+8.420e+03	+9.909e+03	+0.901
23.200	+3.278e+03	+7.412e+03	+9.851e+03	+0.693
23.300	+4.005e+03	+5.097e+03	+1.057e+04	+0.560
23.400	+6.523e+03	+4.098e+03	+9.943e+03	+0.386
23.500	+5.746e+03	+5.001e+03	+9.903e+03	+0.465
23.600	+5.181e+03	+5.861e+03	+1.031e+04	+0.531
23.700	+5.400e+03	+5.506e+03	+1.142e+04	+0.505
23.800	+2.062e+03	+7.000e+03	+9.898e+03	+0.772
23.900	+2.727e+03	+6.673e+03	+1.116e+04	+0.710
24.000	+2.237e+03	+9.250e+03	+1.104e+04	+0.805
24.100	+2.291e+03	+7.761e+03	+1.025e+04	+0.772
24.200	+2.721e+03	+8.115e+03	+9.648e+03	+0.749
24.300	+1.952e+03	+8.490e+03	+9.422e+03	+0.813
24.400	+1.597e+03	+8.439e+03	+9.071e+03	+0.841
24.500	+2.294e+03	+8.065e+03	+9.346e+03	+0.779
24.600	+1.771e+03	+8.614e+03	+1.118e+04	+0.829
24.700	+2.148e+03	+8.024e+03	+8.861e+03	+0.789
24.800	+1.346e+03	+7.752e+03	+1.021e+04	+0.852
24.900	+9.381e+02	+8.046e+03	+9.635e+03	+0.896
25.000	+1.303e+03	+8.221e+03	+1.135e+04	+0.863
25.100	+3.120e+03	+6.515e+03	+9.465e+03	+0.676
25.200	+2.528e+03	+8.535e+03	+9.644e+03	+0.771
25.300	+1.706e+03	+8.570e+03	+9.199e+03	+0.834
25.400	+1.759e+03	+7.758e+03	+1.018e+04	+0.815
25.500	+4.904e+03	+6.441e+03	+1.072e+04	+0.568
25.600	+5.204e+03	+5.303e+03	+1.104e+04	+0.505
25.700	+5.675e+03	+5.543e+03	+1.074e+04	+0.494
25.800	+5.865e+03	+5.455e+03	+9.856e+03	+0.482
25.900	+5.568e+03	+4.207e+03	+8.764e+03	+0.430
26.000	+4.016e+03	+5.300e+03	+9.445e+03	+0.569
26.100	+5.457e+03	+4.377e+03	+1.048e+04	+0.445
26.200	+4.953e+03	+4.151e+03	+9.520e+03	+0.456
26.300	+4.747e+03	+5.286e+03	+1.038e+04	+0.527
26.400	+4.936e+03	+4.271e+03	+9.216e+03	+0.464
26.500	+6.783e+03	+4.889e+03	+1.126e+04	+0.419
26.600	+4.549e+03	+4.937e+03	+1.092e+04	+0.520
26.700	+5.125e+03	+4.593e+03	+1.059e+04	+0.473
26.800	+5.056e+03	+3.992e+03	+9.307e+03	+0.441
26.900	+5.173e+03	+5.406e+03	+8.307e+03	+0.511
27.000	+5.041e+03	+4.516e+03	+1.051e+04	+0.473
27.100	+3.835e+03	+8.216e+03	+9.698e+03	+0.682
27.200	+2.350e+03	+6.705e+03	+1.021e+04	+0.740
27.300	+4.587e+03	+4.517e+03	+1.030e+04	+0.496
27.400	+4.847e+03	+5.170e+03	+1.070e+04	+0.516
27.500	+4.656e+03	+5.652e+03	+1.050e+04	+0.548
27.600	+4.818e+03	+4.789e+03	+1.104e+04	+0.498
27.700	+4.753e+03	+4.110e+03	+1.002e+04	+0.464
27.800	+4.680e+03	+5.649e+03	+1.015e+04	+0.547
27.900	+5.081e+03	+4.204e+03	+9.407e+03	+0.453
28.000	+4.105e+03	+5.562e+03	+1.053e+04	+0.575
28.100	+5.270e+03	+3.961e+03	+8.841e+03	+0.429
28.200	+4.056e+03	+4.343e+03	+1.002e+04	+0.517
28.300	+5.697e+03	+3.935e+03	+8.316e+03	+0.409
28.400	+4.733e+03	+5.437e+03	+1.062e+04	+0.535
28.500	+4.947e+03	+6.100e+03	+1.042e+04	+0.552
28.600	+4.962e+03	+4.769e+03	+9.157e+03	+0.490
28.700	+5.605e+03	+5.351e+03	+1.039e+04	+0.488
28.800	+5.812e+03	+5.429e+03	+1.051e+04	+0.483
28.900	+2.073e+03	+8.469e+03	+1.058e+04	+0.803
29.000	+2.794e+03	+7.565e+03	+1.019e+04	+0.730
29.100	+4.915e+03	+5.428e+03	+9.231e+03	+0.525
29.200	+4.924e+03	+4.911e+03	+9.725e+03	+0.499
29.300	+4.388e+03	+5.436e+03	+1.021e+04	+0.553
29.400	+5.540e+03	+4.698e+03	+9.550e+03	+0.459
29.500	+5.918e+03	+4.213e+03	+1.124e+04	+0.416
29.600	+3.700e+03	+5.138e+03	+1.090e+04	+0.581
29.700	+5.240e+03	+4.252e+03	+9.681e+03	+0.448
29.800	+5.430e+03	+5.456e+03	+9.265e+03	+0.501
29.900	+4.304e+03	+4.855e+03	+1.004e+04	+0.530
30.000	+5.197e+03	+5.388e+03	+1.101e+04	+0.509
30.100	+6.014e+03	+4.960e+03	+9.751e+03	+0.452
30.200	+5.222e+03	+6.448e+03	+8.837e+03	+0.553
30.300	+5.305e+03	+5.380e+03	+9.725e+03	+0.503
30.400	+4.358e+03	+3.946e+03	+1.012e+04	+0.475
30.500	+4.504e+03	+4.684e+03	+1.015e+04	+0.510
30.600	+4.071e+03	+5.440e+03	+1.020e+04	+0.572
30.700	+1.960e+03	+7.737e+03	+1.106e+04	+0.798
30.800	+1.097e+03	+8.447e+03	+8.645e+03	+0.885
30.900	+1.726e+03	+9.078e+03	+9.516e+03	+0.840
31.000	+2.317e+03	+8.030e+03	+9.695e+03	+0.776
31.100	+2.520e+03	+8.134e+03	+9.736e+03	+0.763
31.200	+1.033e+03	+8.127e+03	+1.083e+04	+0.887
31.300	+2.926e+03	+8.212e+03	+9.210e+03	+0.737
31.400	+1.575e+03	+7.982e+03	+9.155e+03	+0.835
31.500	+2.393e+03	+6.954e+03	+1.076e+04	+0.744
31.600	+2.267e+03	+7.580e+03	+9.545e+03	+0.770
31.700	+2.693e+03	+7.922e+03	+9.989e+03	+0.746
31.800	+1.983e+03	+6.830e+03	+1.033e+04	+0.775
31.900	+9.135e+02	+8.307e+03	+9.258e+03	+0.901
32.000	+2.318e+03	+8.000e+03	+9.367e+03	+0.775
32.100	+2.162e+03	+6.864e+03	+9.371e+03	+0.760
32.200	+2.637e+03	+8.163e+03	+1.090e+04	+0.756
32.300	+1.134e+03	+7.648e+03	+1.088e+04	+0.871
32.400	+1.103e+03	+6.698e+03	+1.041e+04	+0.859
32.500	+2.063e+03	+8.020e+03	+1.009e+04	+0.795
32.600	+1.257e+03	+8.423e+03	+1.012e+04	+0.870
32.700	+2.319e+03	+8.196e+03	+9.429e+03	+0.779
32.800	+3.249e+03	+7.872e+03	+1.035e+04	+0.708
32.900	+1.065e+03	+8.363e+03	+9.468e+03	+0.887
33.000	+1.362e+03	+8.318e+03	+9.018e+03	+0.859
33.100	+2.194e+03	+6.537e+03	+9.993e+03	+0.749
33.200	+4.120e+03	+7.231e+03	+1.004e+04	+0.637
33.300	+5.949e+03	+4.280e+03	+9.026e+03	+0.418
33.400	+5.306e+03	+5.306e+03	+9.075e+03	+0.500
33.500	+5.341e+03	+5.322e+03	+1.030e+04	+0.499
33.600	+4.454e+03	+3.267e+03	+1.028e+04	+0.423
33.700	+5.226e+03	+5.236e+03	+1.035e+04	+0.500
33.800	+6.279e+03	+4.715e+03	+1.026e+04	+0.429
33.900	+4.822e+03	+5.199e+03	+1.045e+04	+0.519
34.000	+4.585e+03	+5.557e+03	+9.709e+03	+0.548
34.100	+4.239e+03	+5.660e+03	+9.876e+03	+0.572
34.200	+4.844e+03	+5.956e+03	+1.043e+04	+0.551
34.300	+5.818e+03	+5.178e+03	+9.913e+03	+0.471
34.400	+5.496e+03	+6.601e+03	+1.020e+04	+0.546
34.500	+5.183e+03	+5.015e+03	+9.067e+03	+0.492
34.600	+4.894e+03	+3.731e+03	+8.597e+03	+0.433
34.700	+4.639e+03	+6.156e+03	+1.050e+04	+0.570
34.800	+4.992e+03	+6.275e+03	+1.158e+04	+0.557
34.900	+6.327e+03	+5.097e+03	+1.016e+04	+0.446
35.000	+4.511e+03	+4.755e+03	+1.111e+04	+0.513
35.100	+5.123e+03	+4.777e+03	+1.040e+04	+0.483
35.200	+5.266e+03	+5.114e+03	+9.850e+03	+0.493
35.300	+4.881e+03	+4.281e+03	+1.052e+04	+0.467
35.400	+4.423e+03	+5.133e+03	+1.041e+04	+0.537
35.500	+4.879e+03	+4.789e+03	+9.895e+03	+0.495
35.600	+4.339e+03	+4.828e+03	+8.932e+03	+0.527
35.700	+3.530e+03	+6.345e+03	+9.147e+03	+0.643
35.800	+5.804e+03	+5.308e+03	+9.149e+03	+0.478
35.900	+5.714e+03	+5.648e+03	+9.213e+03	+0.497
36.000	+4.352e+03	+5.126e+03	+9.801e+03	+0.541
36.100	+4.684e+03	+3.670e+03	+1.002e+04	+0.439
36.200	+5.736e+03	+5.336e+03	+1.052e+04	+0.482
36.300	+4.720e+03	+4.937e+03	+9.071e+03	+0.511
36.400	+5.035e+03	+5.896e+03	+9.537e+03	+0.539
36.500	+5.885e+03	+5.439e+03	+1.105e+04	+0.480
36.600	+2.409e+03	+7.136e+03	+9.421e+03	+0.748
36.700	+4.884e+03	+4.678e+03	+9.801e+03	+0.489
36.800	+5.564e+03	+4.826e+03	+1.055e+04	+0.464
36.900	+5.919e+03	+5.037e+03	+1.017e+04	+0.460
37.000	+4.966e+03	+4.261e+03	+1.111e+04	+0.462
37.100	+4.619e+03	+5.351e+03	+9.832e+03	+0.537
37.200	+4.589e+03	+5.570e+03	+8.697e+03	+0.548
37.300	+5.450e+03	+4.458e+03	+8.758e+03	+0.450
37.400	+4.981e+03	+5.336e+03	+9.952e+03	+0.517
37.500	+5.144e+03	+4.697e+03	+9.364e+03	+0.477
37.600	+5.942e+03	+4.974e+03	+9.937e+03	+0.456
37.700	+3.696e+03	+4.885e+03	+1.035e+04	+0.569
37.800	+5.342e+03	+5.193e+03	+1.023e+04	+0.493
37.900	+4.904e+03	+4.572e+03	+9.028e+03	+0.482
38.000	+5.599e+03	+6.464e+03	+9.978e+03	+0.536
38.100	+4.823e+03	+5.133e+03	+8.690e+03	+0.516
38.200	+4.448e+03	+5.520e+03	+1.001e+04	+0.554
38.300	+4.355e+03	+4.133e+03	+9.824e+03	+0.487
38.400	+5.621e+03	+5.993e+03	+1.140e+04	+0.516
38.500	+5.321e+03	+5.465e+03	+9.274e+03	+0.507
38.600	+5.166e+03	+5.761e+03	+1.031e+04	+0.527
38.700	+4.830e+03	+5.798e+03	+9.786e+03	+0.546
38.800	+5.723e+03	+5.079e+03	+9.694e+03	+0.470
38.900	+6.299e+03	+5.665e+03	+1.093e+04	+0.473
39.000	+5.078e+03	+6.080e+03	+8.705e+03	+0.545
39.100	+4.433e+03	+5.157e+03	+9.462e+03	+0.538
39.200	+2.793e+03	+7.134e+03	+1.003e+04	+0.719
39.300	+1.250e+03	+8.167e+03	+9.572e+03	+0.867
39.400	+1.578e+03	+7.369e+03	+8.842e+03	+0.824
39.500	+1.697e+02	+7.516e+03	+9.581e+03	+0.978
39.600	+2.078e+03	+6.933e+03	+1.046e+04	+0.769
39.700	+1.989e+03	+7.453e+03	+9.721e+03	+0.789
39.800	+1.878e+03	+9.281e+03	+9.777e+03	+0.832
39.900	+2.172e+03	+6.676e+03	+9.254e+03	+0.755
40.000	+9.450e+02	+7.761e+03	+9.734e+03	+0.891
40.100	+3.868e+03	+5.684e+03	+1.062e+04	+0.595
40.200	+5.832e+03	+5.530e+03	+9.217e+03	+0.487
40.300	+5.925e+03	+3.903e+03	+9.404e+03	+0.397
40.400	+5.016e+03	+5.397e+03	+9.234e+03	+0.518
40.500	+5.836e+03	+5.089e+03	+9.722e+03	+0.466
40.600	+4.812e+03	+4.394e+03	+8.832e+03	+0.477
40.700	+3.939e+03	+4.571e+03	+9.766e+03	+0.537
40.800	+4.702e+03	+4.954e+03	+9.105e+03	+0.513
40.900	+4.017e+03	+6.275e+03	+1.043e+04	+0.610
41.000	+5.267e+03	+6.359e+03	+1.141e+04	+0.547
41.100	+5.843e+03	+5.314e+03	+1.028e+04	+0.476
41.200	+4.520e+03	+5.621e+03	+9.467e+03	+0.554
41.300	+5.362e+03	+5.146e+03	+8.878e+03	+0.490
41.400	+3.941e+03	+4.110e+03	+1.029e+04	+0.510
41.500	+5.002e+03	+5.078e+03	+8.357e+03	+0.504
41.600	+4.843e+03	+4.430e+03	+9.429e+03	+0.478
41.700	+5.238e+03	+5.776e+03	+9.542e+03	+0.524
41.800	+3.935e+03	+6.243e+03	+9.858e+03	+0.613
41.900	+1.396e+03	+7.966e+03	+9.972e+03	+0.851
42.000	+1.503e+03	+7.718e+03	+9.126e+03	+0.837
42.100	+1.731e+03	+7.874e+03	+1.010e+04	+0.820
42.200	+2.489e+03	+7.675e+03	+1.134e+04	+0.755
42.300	+1.832e+03	+8.176e+03	+1.082e+04	+0.817
42.400	+1.109e+03	+8.123e+03	+1.019e+04	+0.880
42.500	+3.704e+03	+7.186e+03	+9.741e+03	+0.660
42.600	+2.475e+03	+7.640e+03	+8.909e+03	+0.755
42.700	+8.081e+02	+9.104e+03	+1.090e+04	+0.918
42.800	+1.017e+03	+6.256e+03	+1.083e+04	+0.860
42.900	+2.202e+03	+7.554e+03	+1.143e+04	+0.774
43.000	+3.255e+03	+7.933e+03	+8.668e+03	+0.709
43.100	+1.713e+03	+7.607e+03	+9.955e+03	+0.816
43.200	+1.020e+03	+7.578e+03	+1.028e+04	+0.881
43.300	+1.294e+03	+8.416e+03	+1.116e+04	+0.867
43.400	+2.284e+03	+7.944e+03	+1.028e+04	+0.777
43.500	+2.498e+03	+7.239e+03	+1.070e+04	+0.743
43.600	+3.416e+03	+6.078e+03	+1.061e+04	+0.640
43.700	+4.530e+03	+4.100e+03	+9.461e+03	+0.475
43.800	+5.427e+03	+5.287e+03	+1.065e+04	+0.493
43.900	+4.920e+03	+3.942e+03	+9.181e+03	+0.445
44.000	+5.016e+03	+6.091e+03	+1.001e+04	+0.548
44.100	+5.222e+03	+4.621e+03	+1.021e+04	+0.469
44.200	+9.285e+02	+8.017e+03	+8.767e+03	+0.896
44.300	+1.839e+03	+8.300e+03	+9.946e+03	+0.819
44.400	+3.836e+03	+7.730e+03	+9.815e+03	+0.668
44.500	+2.081e+03	+6.980e+03	+1.179e+04	+0.770
44.600	+2.161e+03	+7.394e+03	+9.430e+03	+0.774
44.700	+3.381e+03	+6.770e+03	+9.417e+03	+0.667
44.800	+5.648e+03	+3.250e+03	+1.076e+04	+0.365
44.900	+4.575e+03	+5.771e+03	+1.016e+04	+0.558
45.000	+4.444e+03	+5.315e+03	+1.002e+04	+0.545
45.100	+5.329e+03	+4.723e+03	+1.090e+04	+0.470
45.200	+4.672e+03	+6.158e+03	+9.710e+03	+0.569
45.300	+5.055e+03	+5.029e+03	+8.801e+03	+0.499
45.400	+2.782e+03	+5.037e+03	+9.811e+03	+0.644
45.500	+4.802e+03	+4.882e+03	+9.205e+03	+0.504
45.600	+4.958e+03	+4.205e+03	+9.954e+03	+0.459
45.700	+3.611e+03	+4.446e+03	+1.091e+04	+0.552
45.800	+5.007e+03	+5.293e+03	+9.802e+03	+0.514
45.900	+4.742e+03	+5.380e+03	+1.125e+04	+0.532
46.000	+5.122e+03	+4.664e+03	+1.055e+04	+0.477
46.100	+4.398e+03	+5.073e+03	+1.067e+04	+0.536
46.200	+4.433e+03	+5.490e+03	+8.789e+03	+0.553
46.300	+5.784e+03	+4.056e+03	+1.001e+04	+0.412
46.400	+4.544e+03	+5.886e+03	+9.722e+03	+0.564
46.500	+4.966e+03	+5.696e+03	+9.072e+03	+0.534
46.600	+6.676e+03	+4.876e+03	+8.568e+03	+0.422
46.700	+4.155e+03	+3.764e+03	+9.262e+03	+0.475
46.800	+5.159e+03	+5.462e+03	+1.092e+04	+0.514
46.900	+4.841e+03	+4.580e+03	+1.038e+04	+0.486
47.000	+4.783e+03	+5.627e+03	+1.033e+04	+0.541
47.100	+5.223e+03	+3.199e+03	+9.234e+03	+0.380
47.200	+6.352e+03	+3.713e+03	+9.885e+03	+0.369
47.300	+5.025e+03	+3.584e+03	+1.011e+04	+0.416
47.400	+3.862e+03	+5.646e+03	+1.016e+04	+0.594
47.500	+4.939e+03	+4.640e+03	+9.375e+03	+0.484
47.600	+4.643e+03	+3.846e+03	+1.031e+04	+0.453
47.700	+6.364e+03	+4.425e+03	+1.110e+04	+0.410
47.800	+4.849e+03	+4.316e+03	+9.772e+03	+0.471
47.900	+5.506e+03	+6.144e+03	+1.051e+04	+0.527
48.000	+5.127e+03	+4.618e+03	+1.018e+04	+0.474
48.100	+4.578e+03	+5.032e+03	+1.120e+04	+0.524
48.200	+5.229e+03	+5.376e+03	+1.058e+04	+0.507
48.300	+5.320e+03	+4.213e+03	+9.616e+03	+0.442
48.400	+5.340e+03	+5.431e+03	+1.057e+04	+0.504
48.500	+3.924e+03	+4.448e+03	+1.063e+04	+0.531
48.600	+4.369e+03	+5.454e+03	+1.069e+04	+0.555
48.700	+4.126e+03	+5.232e+03	+1.021e+04	+0.559
48.800	+4.433e+03	+5.288e+03	+1.013e+04	+0.544
48.900	+5.223e+03	+4.352e+03	+9.849e+03	+0.455
49.000	+4.345e+03	+4.682e+03	+1.005e+04	+0.519
49.100	+6.300e+03	+5.336e+03	+1.051e+04	+0.459
49.200	+5.390e+03	+4.408e+03	+9.357e+03	+0.450
49.300	+5.441e+03	+4.689e+03	+1.099e+04	+0.463
49.400	+3.441e+03	+4.934e+03	+9.278e+03	+0.589
49.500	+4.629e+03	+5.378e+03	+1.049e+04	+0.537
49.600	+3.884e+03	+5.119e+03	+9.805e+03	+0.569
49.700	+6.054e+03	+4.694e+03	+9.717e+03	+0.437
49.800	+3.292e+03	+4.800e+03	+9.207e+03	+0.593
49.900	+4.379e+03	+2.899e+03	+9.814e+03	+0.398
50.000	+5.001e+03	+4.988e+03	+9.556e+03	+0.499
50.100	+5.623e+03	+4.746e+03	+1.085e+04	+0.458
50.200	+4.451e+03	+4.612e+03	+9.526e+03	+0.509
50.300	+4.077e+03	+4.824e+03	+9.262e+03	+0.542
50.400	+1.275e+03	+9.012e+03	+9.870e+03	+0.876
50.500	+1.561e+03	+8.159e+03	+9.070e+03	+0.839
50.600	+2.416e+03	+7.379e+03	+1.021e+04	+0.753
50.700	+2.880e+03	+8.109e+03	+9.403e+03	+0.738
50.800	+2.375e+03	+9.084e+03	+1.027e+04	+0.793
50.900	+1.217e+03	+7.845e+03	+1.103e+04	+0.866
51.000	+3.206e+03	+5.247e+03	+9.533e+03	+0.621
51.100	+5.360e+03	+5.275e+03	+9.726e+03	+0.496
51.200	+5.153e+03	+4.636e+03	+1.149e+04	+0.474
51.300	+4.819e+03	+5.311e+03	+8.780e+03	+0.524
51.400	+4.983e+03	+5.010e+03	+1.101e+04	+0.501
51.500	+4.583e+03	+4.339e+03	+1.050e+04	+0.486
51.600	+6.107e+03	+4.649e+03	+9.657e+03	+0.432
51.700	+4.633e+03	+5.255e+03	+1.030e+04	+0.531
51.800	+5.072e+03	+3.317e+03	+9.251e+03	+0.395
51.900	+5.552e+03	+5.506e+03	+1.016e+04	+0.498
52.000	+5.355e+03	+4.723e+03	+1.010e+04	+0.469
52.100	+4.606e+03	+6.114e+03	+1.039e+04	+0.570
52.200	+4.844e+03	+5.442e+03	+1.006e+04	+0.529
52.300	+5.598e+03	+5.459e+03	+9.817e+03	+0.494
52.400	+5.029e+03	+6.162e+03	+1.033e+04	+0.551
52.500	+4.671e+03	+5.168e+03	+9.362e+03	+0.525
52.600	+5.003e+03	+4.116e+03	+1.031e+04	+0.451
52.700	+4.210e+03	+4.276e+03	+1.025e+04	+0.504
52.800	+4.043e+03	+4.769e+03	+9.967e+03	+0.541
52.900	+5.073e+03	+5.387e+03	+1.083e+04	+0.515
53.000	+5.583e+03	+4.830e+03	+1.010e+04	+0.464
53.100	+4.888e+03	+5.450e+03	+1.061e+04	+0.527
53.200	+4.926e+03	+4.293e+03	+1.184e+04	+0.466
53.300	+5.559e+03	+6.095e+03	+9.953e+03	+0.523
53.400	+4.528e+03	+4.884e+03	+1.130e+04	+0.519
53.500	+3.377e+03	+7.932e+03	+1.042e+04	+0.701
53.600	+2.433e+03	+7.646e+03	+1.011e+04	+0.759
53.700	+2.436e+03	+7.993e+03	+1.038e+04	+0.766
53.800	+2.016e+03	+8.666e+03	+1.013e+04	+0.811
53.900	+1.218e+03	+7.515e+03	+9.791e+03	+0.860
54.000	+2.951e+03	+8.229e+03	+1.013e+04	+0.736
54.100	+1.627e+03	+9.496e+03	+9.481e+03	+0.854
54.200	+2.541e+03	+7.253e+03	+1.002e+04	+0.741
54.300	+4.552e+03	+5.070e+03	+8.966e+03	+0.527
54.400	+4.214e+03	+4.078e+03	+1.022e+04	+0.492
54.500	+4.011e+03	+5.406e+03	+1.051e+04	+0.574
54.600	+5.394e+03	+4.834e+03	+9.650e+03	+0.473
54.700	+4.341e+03	+4.308e+03	+7.976e+03	+0.498
54.800	+4.784e+03	+5.319e+03	+9.607e+03	+0.526
54.900	+3.655e+03	+5.380e+03	+1.038e+04	+0.595
55.000	+4.899e+03	+5.933e+03	+1.055e+04	+0.548
55.100	+4.110e+03	+4.972e+03	+9.619e+03	+0.547
55.200	+5.447e+03	+4.356e+03	+1.031e+04	+0.444
55.300	+4.326e+03	+5.041e+03	+1.104e+04	+0.538
55.400	+5.026e+03	+4.072e+03	+9.784e+03	+0.448
55.500	+5.720e+03	+3.522e+03	+9.356e+03	+0.381
55.600	+5.696e+03	+4.632e+03	+9.256e+03	+0.449
55.700	+5.935e+03	+4.418e+03	+1.055e+04	+0.427
55.800	+4.364e+03	+5.447e+03	+9.527e+03	+0.555
55.900	+2.726e+03	+8.012e+03	+1.011e+04	+0.746
56.000	+1.004e+03	+8.185e+03	+1.152e+04	+0.891
56.100	+2.415e+03	+8.003e+03	+1.038e+04	+0.768
56.200	+2.350e+03	+8.150e+03	+9.366e+03	+0.776
56.300	+7.689e+02	+7.923e+03	+1.045e+04	+0.912
56.400	+1.779e+03	+7.358e+03	+1.012e+04	+0.805
56.500	+1.659e+03	+8.013e+03	+1.118e+04	+0.828
56.600	+2.387e+03	+6.938e+03	+9.257e+03	+0.744
56.700	+1.872e+03	+7.503e+03	+1.018e+04	+0.800
56.800	+2.360e+03	+7.269e+03	+9.881e+03	+0.755
56.900	+5.895e+03	+5.064e+03	+1.036e+04	+0.462
57.000	+4.994e+03	+4.228e+03	+8.999e+03	+0.458
57.100	+4.698e+03	+5.701e+03	+8.890e+03	+0.548
57.200	+4.772e+03	+3.933e+03	+9.652e+03	+0.452
57.300	+5.674e+03	+5.149e+03	+1.001e+04	+0.476
57.400	+5.311e+03	+5.980e+03	+1.011e+04	+0.530
57.500	+6.084e+03	+5.600e+03	+9.365e+03	+0.479
57.600	+4.791e+03	+5.018e+03	+9.579e+03	+0.512
57.700	+3.953e+03	+5.127e+03	+1.096e+04	+0.565
57.800	+1.146e+03	+6.961e+03	+1.111e+04	+0.859
57.900	+3.204e+03	+7.065e+03	+1.048e+04	+0.688
58.000	+1.536e+03	+7.765e+03	+1.020e+04	+0.835
58.100	+1.292e+03	+8.865e+03	+1.197e+04	+0.873
58.200	+1.021e+03	+8.177e+03	+9.884e+03	+0.889
58.300	+2.219e+03	+9.124e+03	+1.004e+04	+0.804
58.400	+1.285e+03	+7.213e+03	+1.000e+04	+0.849
58.500	+1.212e+03	+8.842e+03	+1.147e+04	+0.879
58.600	+2.702e+03	+7.675e+03	+9.698e+03	+0.740
58.700	+2.244e+03	+8.644e+03	+9.690e+03	+0.794
58.800	+2.691e+03	+6.743e+03	+1.008e+04	+0.715
58.900	+2.849e+03	+7.236e+03	+9.060e+03	+0.717
59.000	+1.568e+03	+7.557e+03	+1.042e+04	+0.828
59.100	+2.837e+03	+7.648e+03	+1.013e+04	+0.729
59.200	+2.960e+03	+6.980e+03	+1.006e+04	+0.702
59.300	+5.896e+03	+4.470e+03	+9.760e+03	+0.431
59.400	+4.507e+03	+6.182e+03	+9.089e+03	+0.578
59.500	+4.866e+03	+3.956e+03	+9.207e+03	+0.448
59.600	+3.880e+03	+4.770e+03	+9.424e+03	+0.551
59.700	+4.767e+03	+6.406e+03	+1.147e+04	+0.573
59.800	+5.046e+03	+5.095e+03	+1.007e+04	+0.502
59.900	+5.291e+03	+4.521e+03	+9.552e+03	+0.461
60.000	+5.863e+03	+4.140e+03	+1.040e+04	+0.414
60.100	+4.894e+03	+5.617e+03	+1.095e+04	+0.534
60.200	+3.408e+03	+5.700e+03	+1.064e+04	+0.626
60.300	+4.681e+03	+5.588e+03	+9.526e+03	+0.544
60.400	+6.300e+03	+4.377e+03	+9.675e+03	+0.410
60.500	+4.939e+03	+4.453e+03	+9.831e+03	+0.474
60.600	+5.078e+03	+4.163e+03	+9.431e+03	+0.450
60.700	+5.538e+03	+5.131e+03	+1.051e+04	+0.481
60.800	+3.981e+03	+4.803e+03	+9.969e+03	+0.547
60.900	+5.542e+03	+5.211e+03	+1.009e+04	+0.485
61.000	+4.499e+03	+4.218e+03	+9.831e+03	+0.484
61.100	+4.240e+03	+4.717e+03	+1.058e+04	+0.527
61.200	+5.235e+03	+5.165e+03	+1.086e+04	+0.497
61.300	+5.679e+03	+4.069e+03	+1.034e+04	+0.417
61.400	+3.779e+03	+5.166e+03	+9.987e+03	+0.578
61.500	+5.713e+03	+5.580e+03	+9.339e+03	+0.494
61.600	+5.445e+03	+4.717e+03	+1.001e+04	+0.464
61.700	+5.062e+03	+5.082e+03	+9.904e+03	+0.501
61.800	+4.815e+03	+5.370e+03	+1.024e+04	+0.527
61.900	+3.992e+03	+4.619e+03	+9.870e+03	+0.536
62.000	+5.613e+03	+4.126e+03	+1.030e+04	+0.424
62.100	+4.677e+03	+5.183e+03	+8.840e+03	+0.526
62.200	+4.316e+03	+5.701e+03	+9.814e+03	+0.569
62.300	+4.231e+03	+4.233e+03	+9.771e+03	+0.500
62.400	+4.346e+03	+4.355e+03	+9.006e+03	+0.501
62.500	+4.206e+03	+4.962e+03	+1.019e+04	+0.541
62.600	+4.460e+03	+3.332e+03	+9.581e+03	+0.428
62.700	+5.607e+03	+5.958e+03	+1.098e+04	+0.515
62.800	+4.614e+03	+3.919e+03	+1.070e+04	+0.459
62.900	+4.438e+03	+5.505e+03	+9.522e+03	+0.554
63.000	+5.308e+03	+5.364e+03	+9.522e+03	+0.503
63.100	+4.857e+03	+5.565e+03	+1.075e+04	+0.534
63.200	+3.160e+03	+5.009e+03	+1.121e+04	+0.613
63.300	+4.723e+03	+4.538e+03	+9.984e+03	+0.490
63.400	+3.856e+03	+5.878e+03	+1.035e+04	+0.604
63.500	+4.947e+03	+5.417e+03	+9.831e+03	+0.523
63.600	+5.883e+03	+5.448e+03	+9.323e+03	+0.481
63.700	+4.709e+03	+5.369e+03	+9.859e+03	+0.533
63.800	+4.131e+03	+5.295e+03	+1.019e+04	+0.562
63.900	+5.308e+03	+5.289e+03	+1.107e+04	+0.499
64.000	+5.688e+03	+5.098e+03	+9.722e+03	+0.473
64.100	+4.618e+03	+4.305e+03	+9.919e+03	+0.482
64.200	+5.032e+03	+4.751e+03	+1.097e+04	+0.486
64.300	+4.759e+03	+5.368e+03	+1.045e+04	+0.530
64.400	+4.952e+03	+6.165e+03	+8.216e+03	+0.555
64.500	+5.077e+03	+5.449e+03	+9.768e+03	+0.518
64.600	+5.269e+03	+5.546e+03	+1.155e+04	+0.513
64.700	+4.997e+03	+4.360e+03	+8.990e+03	+0.466
64.800	+3.548e+03	+5.192e+03	+1.077e+04	+0.594
64.900	+6.100e+03	+4.909e+03	+8.527e+03	+0.446
65.000	+5.211e+03	+5.106e+03	+9.863e+03	+0.495
65.100	+5.723e+03	+5.051e+03	+9.659e+03	+0.469
65.200	+5.434e+03	+5.473e+03	+1.068e+04	+0.502
65.300	+4.988e+03	+4.511e+03	+1.010e+04	+0.475
65.400	+5.381e+03	+4.534e+03	+1.066e+04	+0.457
65.500	+8.483e+03	+3.250e+03	+1.049e+04	+0.277
65.600	+7.458e+03	+2.142e+03	+9.696e+03	+0.223
65.700	+7.851e+03	+2.454e+03	+9.887e+03	+0.238
65.800	+7.703e+03	+1.550e+03	+1.044e+04	+0.167
65.900	+7.752e+03	+2.918e+03	+9.884e+03	+0.274
66.000	+7.083e+03	+2.336e+03	+8.237e+03	+0.248
66.100	+7.993e+03	+2.670e+03	+1.020e+04	+0.250
66.200	+7.806e+03	+2.637e+03	+1.007e+04	+0.253
66.300	+7.312e+03	+2.092e+03	+9.261e+03	+0.222
66.400	+6.986e+03	+2.169e+03	+9.810e+03	+0.237
66.500	+7.663e+03	+3.087e+03	+1.114e+04	+0.287
66.600	+7.756e+03	+2.698e+03	+1.035e+04	+0.258
66.700	+7.868e+03	+2.384e+03	+1.108e+04	+0.233
66.800	+7.094e+03	+3.234e+03	+1.012e+04	+0.313
66.900	+8.064e+03	+2.272e+03	+9.788e+03	+0.220
67.000	+8.270e+03	+2.569e+03	+1.008e+04	+0.237
67.100	+6.515e+03	+1.933e+03	+9.131e+03	+0.229
67.200	+7.953e+03	+2.705e+03	+9.665e+03	+0.254
67.300	+8.029e+03	+2.662e+03	+8.878e+03	+0.249
67.400	+7.004e+03	+1.774e+03	+9.835e+03	+0.202
67.500	+8.208e+03	+2.077e+03	+1.089e+04	+0.202
67.600	+7.077e+03	+2.675e+03	+9.829e+03	+0.274
67.700	+7.704e+03	+1.976e+03	+1.064e+04	+0.204
67.800	+8.229e+03	+2.439e+03	+1.116e+04	+0.229
67.900	+7.558e+03	+1.276e+03	+1.038e+04	+0.144
68.000	+8.134e+03	+4.090e+03	+9.496e+03	+0.335
68.100	+6.761e+03	+3.664e+03	+1.066e+04	+0.351
68.200	+7.568e+03	+3.236e+03	+9.863e+03	+0.299
68.300	+9.229e+03	+2.939e+03	+1.088e+04	+0.242
68.400	+8.096e+03	+3.554e+03	+1.035e+04	+0.305
68.500	+7.959e+03	+1.091e+03	+9.344e+03	+0.121
68.600	+7.342e+03	+2.902e+03	+1.007e+04	+0.283
68.700	+8.418e+03	+2.365e+03	+1.031e+04	+0.219
68.800	+7.065e+03	+2.858e+03	+1.055e+04	+0.288
68.900	+7.367e+03	+2.956e+03	+1.015e+04	+0.286
69.000	+7.812e+03	+3.068e+03	+9.397e+03	+0.282
69.100	+7.373e+03	+1.652e+03	+8.903e+03	+0.183
69.200	+8.139e+03	+2.157e+03	+1.043e+04	+0.209
69.300	+7.441e+03	+2.205e+03	+1.008e+04	+0.229
69.400	+7.284e+03	+2.622e+03	+9.857e+03	+0.265
69.500	+7.731e+03	+2.402e+03	+9.772e+03	+0.237
69.600	+7.316e+03	+2.451e+03	+1.035e+04	+0.251
69.700	+7.165e+03	+2.825e+03	+8.613e+03	+0.283
69.800	+6.965e+03	+2.568e+03	+1.008e+04	+0.269
69.900	+6.926e+03	+3.215e+03	+1.008e+04	+0.317
70.000	+7.454e+03	+2.078e+03	+1.019e+04	+0.218
70.100	+7.446e+03	+2.210e+03	+1.002e+04	+0.229
70.200	+7.462e+03	+2.702e+03	+9.590e+03	+0.266
70.300	+7.751e+03	+1.629e+03	+1.005e+04	+0.174
70.400	+7.288e+03	+3.404e+03	+1.033e+04	+0.318
70.500	+7.843e+03	+1.606e+03	+1.011e+04	+0.170
70.600	+7.408e+03	+3.267e+03	+1.068e+04	+0.306
70.700	+7.626e+03	+1.685e+03	+9.590e+03	+0.181
70.800	+7.259e+03	+9.535e+02	+9.059e+03	+0.116
70.900	+7.194e+03	+2.515e+03	+1.002e+04	+0.259
71.000	+7.232e+03	+1.967e+03	+1.042e+04	+0.214
71.100	+7.991e+03	+2.893e+03	+1.111e+04	+0.266
71.200	+7.450e+03	+1.770e+03	+1.027e+04	+0.192
71.300	+7.074e+03	+2.552e+03	+9.898e+03	+0.265
71.400	+7.490e+03	+2.771e+03	+9.552e+03	+0.270
71.500	+7.687e+03	+2.020e+03	+9.663e+03	+0.208
71.600	+7.472e+03	+2.025e+03	+1.000e+04	+0.213
71.700	+7.977e+03	+3.120e+03	+9.409e+03	+0.281
71.800	+7.014e+03	+2.896e+03	+9.252e+03	+0.292
71.900	+9.018e+03	+2.770e+03	+9.658e+03	+0.235
72.000	+7.744e+03	+2.155e+03	+1.050e+04	+0.218
72.100	+7.778e+03	+1.554e+03	+9.081e+03	+0.167
72.200	+7.244e+03	+1.798e+03	+1.040e+04	+0.199
72.300	+7.234e+03	+1.844e+03	+1.082e+04	+0.203
72.400	+7.338e+03	+3.118e+03	+9.969e+03	+0.298
72.500	+8.568e+03	+3.311e+03	+1.033e+04	+0.279
72.600	+8.281e+03	+1.843e+03	+1.010e+04	+0.182
72.700	+7.125e+03	+8.562e+02	+1.158e+04	+0.107
72.800	+8.031e+03	+2.757e+03	+9.839e+03	+0.256
72.900	+8.709e+03	+1.871e+03	+8.351e+03	+0.177
73.000	+7.626e+03	+2.324e+03	+1.119e+04	+0.234
73.100	+7.315e+03	+2.858e+03	+9.293e+03	+0.281
73.200	+7.639e+03	+1.622e+03	+1.097e+04	+0.175
73.300	+7.292e+03	+3.440e+03	+1.046e+04	+0.321
73.400	+7.439e+03	+2.977e+03	+1.002e+04	+0.286
73.500	+8.107e+03	+2.291e+03	+1.025e+04	+0.220
73.600	+7.092e+03	+1.629e+03	+9.731e+03	+0.187
73.700	+8.386e+03	+1.897e+03	+1.085e+04	+0.184
73.800	+8.690e+03	+3.237e+03	+1.069e+04	+0.271
73.900	+6.821e+03	+2.149e+03	+1.049e+04	+0.240
74.000	+7.725e+03	+2.602e+03	+1.029e+04	+0.252
74.100	+7.386e+03	+2.652e+03	+1.099e+04	+0.264
74.200	+7.096e+03	+2.595e+03	+1.107e+04	+0.268
74.300	+8.061e+03	+2.294e+03	+1.153e+04	+0.222
74.400	+6.841e+03	+1.464e+03	+1.070e+04	+0.176
74.500	+7.808e+03	+2.982e+03	+1.010e+04	+0.276
74.600	+7.532e+03	+1.807e+03	+1.004e+04	+0.194
74.700	+8.545e+03	+2.828e+03	+1.190e+04	+0.249
74.800	+7.106e+03	+3.110e+03	+1.002e+04	+0.304
74.900	+7.223e+03	+3.162e+03	+9.425e+03	+0.305
75.000	+7.950e+03	+3.517e+03	+1.038e+04	+0.307
75.100	+7.431e+03	+3.068e+03	+1.165e+04	+0.292
75.200	+7.340e+03	+1.069e+03	+9.281e+03	+0.127
75.300	+6.722e+03	+2.878e+03	+1.023e+04	+0.300
75.400	+7.686e+03	+2.625e+03	+9.892e+03	+0.255
75.500	+8.009e+03	+2.352e+03	+1.030e+04	+0.227
75.600	+7.811e+03	+2.040e+03	+9.700e+03	+0.207
75.700	+8.467e+03	+4.076e+03	+9.340e+03	+0.325
75.800	+6.969e+03	+2.599e+03	+9.628e+03	+0.272
75.900	+6.986e+03	+1.951e+03	+1.030e+04	+0.218
76.000	+8.145e+03	+2.528e+03	+1.035e+04	+0.237
76.100	+7.097e+03	+2.320e+03	+9.389e+03	+0.246
76.200	+7.343e+03	+2.527e+03	+9.700e+03	+0.256
76.300	+7.650e+03	+2.240e+03	+1.076e+04	+0.226
76.400	+7.573e+03	+2.099e+03	+9.347e+03	+0.217
76.500	+6.943e+03	+2.486e+03	+1.044e+04	+0.264
76.600	+8.170e+03	+2.815e+03	+9.926e+03	+0.256
76.700	+6.453e+03	+4.354e+03	+8.904e+03	+0.403
76.800	+7.007e+03	+2.450e+03	+9.325e+03	+0.259
76.900	+7.540e+03	+1.865e+03	+9.273e+03	+0.198
77.000	+6.767e+03	+3.162e+03	+9.851e+03	+0.318
77.100	+5.957e+03	+1.923e+03	+9.781e+03	+0.244
77.200	+7.489e+03	+1.821e+03	+1.075e+04	+0.196
77.300	+7.391e+03	+3.143e+03	+9.137e+03	+0.298
77.400	+7.689e+03	+2.682e+03	+1.115e+04	+0.259
77.500	+7.472e+03	+2.117e+03	+1.112e+04	+0.221
77.600	+7.025e+03	+1.275e+03	+8.713e+03	+0.154
77.700	+6.419e+03	+1.793e+03	+1.062e+04	+0.218
77.800	+7.501e+03	+2.239e+03	+1.021e+04	+0.230
77.900	+8.665e+03	+1.783e+03	+9.714e+03	+0.171
78.000	+5.977e+03	+2.210e+03	+9.587e+03	+0.270
78.100	+6.766e+03	+4.388e+03	+8.849e+03	+0.393
78.200	+6.267e+03	+2.388e+03	+1.006e+04	+0.276
78.300	+6.640e+03	+2.409e+03	+1.126e+04	+0.266
78.400	+8.155e+03	+1.749e+03	+1.046e+04	+0.177
78.500	+7.143e+03	+3.024e+03	+9.811e+03	+0.297
78.600	+8.214e+03	+3.280e+03	+9.570e+03	+0.285
78.700	+6.974e+03	+2.173e+03	+1.084e+04	+0.238
78.800	+7.097e+03	+3.480e+03	+1.026e+04	+0.329
78.900	+7.382e+03	+2.076e+03	+1.092e+04	+0.219
79.000	+6.334e+03	+3.879e+03	+1.115e+04	+0.380
79.100	+7.364e+03	+1.725e+03	+8.222e+03	+0.190
79.200	+9.009e+03	+2.283e+03	+9.827e+03	+0.202
79.300	+8.749e+03	+2.511e+03	+1.074e+04	+0.223
79.400	+7.807e+03	+2.060e+03	+9.071e+03	+0.209
79.500	+6.307e+03	+2.793e+03	+9.828e+03	+0.307
79.600	+7.747e+03	+2.324e+03	+9.580e+03	+0.231
79.700	+6.745e+03	+2.383e+03	+9.655e+03	+0.261
79.800	+7.645e+03	+1.782e+03	+1.019e+04	+0.189
79.900	+8.370e+03	+2.337e+03	+1.092e+04	+0.218
80.000	+8.189e+03	+1.109e+03	+8.735e+03	+0.119
80.100	+7.060e+03	+2.652e+03	+1.052e+04	+0.273
80.200	+8.601e+03	+2.322e+03	+9.943e+03	+0.213
80.300	+6.965e+03	+2.424e+03	+1.063e+04	+0.258
80.400	+6.942e+03	+3.495e+03	+1.010e+04	+0.335
80.500	+8.311e+03	+2.139e+03	+1.033e+04	+0.205
80.600	+8.315e+03	+2.202e+03	+9.585e+03	+0.209
80.700	+6.791e+03	+3.234e+03	+9.115e+03	+0.323
80.800	+8.333e+03	+2.389e+03	+8.573e+03	+0.223
80.900	+7.272e+03	+2.947e+03	+1.066e+04	+0.288
81.000	+7.799e+03	+2.580e+03	+1.024e+04	+0.249
81.100	+7.242e+03	+2.135e+03	+1.049e+04	+0.228
81.200	+7.693e+03	+2.137e+03	+9.995e+03	+0.217
81.300	+6.559e+03	+1.770e+03	+9.745e+03	+0.213
81.400	+7.283e+03	+1.231e+03	+1.091e+04	+0.145
81.500	+8.008e+03	+1.114e+03	+9.154e+03	+0.122
81.600	+6.878e+03	+2.494e+03	+1.001e+04	+0.266
81.700	+6.933e+03	+2.737e+03	+9.145e+03	+0.283
81.800	+7.987e+03	+1.327e+03	+1.034e+04	+0.142
81.900	+7.832e+03	+1.702e+03	+8.810e+03	+0.179
82.000	+8.705e+03	+2.333e+03	+9.367e+03	+0.211
82.100	+8.465e+03	+2.023e+03	+1.157e+04	+0.193
82.200	+7.788e+03	+2.518e+03	+1.002e+04	+0.244
82.300	+7.062e+03	+3.503e+03	+1.024e+04	+0.332
82.400	+7.279e+03	+1.989e+03	+9.719e+03	+0.215
82.500	+7.514e+03	+2.034e+03	+1.018e+04	+0.213
82.600	+6.711e+03	+2.838e+03	+9.358e+03	+0.297
82.700	+8.575e+03	+1.930e+03	+9.080e+03	+0.184
82.800	+6.708e+03	+1.597e+03	+1.006e+04	+0.192
82.900	+8.496e+03	+3.223e+03	+1.074e+04	+0.275
83.000	+7.491e+03	+4.495e+03	+9.092e+03	+0.375
83.100	+8.187e+03	+2.988e+03	+9.443e+03	+0.267
83.200	+6.679e+03	+2.122e+03	+8.543e+03	+0.241
83.300	+8.098e+03	+3.021e+03	+1.087e+04	+0.272
83.400	+9.447e+03	+2.112e+03	+9.924e+03	+0.183
83.500	+6.447e+03	+2.684e+03	+9.321e+03	+0.294
83.600	+6.566e+03	+3.232e+03	+9.790e+03	+0.330
83.700	+5.950e+03	+2.635e+03	+8.842e+03	+0.307
83.800	+8.202e+03	+1.687e+03	+1.043e+04	+0.171
83.900	+7.563e+03	+1.383e+03	+9.261e+03	+0.155
84.000	+7.977e+03	+1.933e+03	+9.137e+03	+0.195
84.100	+7.480e+03	+2.171e+03	+9.486e+03	+0.225
84.200	+8.179e+03	+1.898e+03	+9.662e+03	+0.188
84.300	+7.855e+03	+2.755e+03	+9.757e+03	+0.260
84.400	+7.282e+03	+2.012e+03	+1.122e+04	+0.217
84.500	+8.192e+03	+3.143e+03	+1.038e+04	+0.277
84.600	+6.836e+03	+3.415e+03	+9.616e+03	+0.333
84.700	+6.939e+03	+1.930e+03	+1.055e+04	+0.218
84.800	+7.681e+03	+2.888e+03	+9.875e+03	+0.273
84.900	+7.757e+03	+3.122e+03	+9.800e+03	+0.287
85.000	+7.086e+03	+2.576e+03	+9.794e+03	+0.267
85.100	+7.731e+03	+1.175e+03	+9.425e+03	+0.132
85.200	+7.255e+03	+1.936e+03	+9.139e+03	+0.211
85.300	+6.958e+03	+2.187e+03	+1.036e+04	+0.239
85.400	+6.926e+03	+2.672e+03	+1.072e+04	+0.278
85.500	+6.803e+03	+2.588e+03	+9.838e+03	+0.276
85.600	+8.683e+03	+2.508e+03	+9.345e+03	+0.224
85.700	+7.754e+03	+1.902e+03	+1.096e+04	+0.197
85.800	+7.226e+03	+1.213e+03	+9.596e+03	+0.144
85.900	+6.945e+03	+2.833e+03	+9.142e+03	+0.290
86.000	+7.070e+03	+2.526e+03	+1.027e+04	+0.263
86.100	+8.086e+03	+2.913e+03	+1.084e+04	+0.265
86.200	+6.620e+03	+2.063e+03	+9.737e+03	+0.238
86.300	+8.330e+03	+3.159e+03	+8.833e+03	+0.275
86.400	+7.425e+03	+1.474e+03	+9.472e+03	+0.166
86.500	+6.233e+03	+1.709e+03	+9.623e+03	+0.215
86.600	+7.344e+03	+3.361e+03	+1.091e+04	+0.314
86.700	+7.743e+03	+2.908e+03	+9.343e+03	+0.273
86.800	+6.802e+03	+3.102e+03	+9.700e+03	+0.313
86.900	+6.648e+03	+2.310e+03	+1.047e+04	+0.258
87.000	+7.749e+03	+1.597e+03	+1.006e+04	+0.171
87.100	+8.069e+03	+1.878e+03	+9.557e+03	+0.189
87.200	+6.623e+03	+3.141e+03	+1.017e+04	+0.322
87.300	+7.491e+03	+2.007e+03	+9.625e+03	+0.211
87.400	+7.288e+03	+3.080e+03	+9.720e+03	+0.297
87.500	+8.012e+03	+1.630e+03	+1.098e+04	+0.169
87.600	+7.466e+03	+9.548e+02	+9.658e+03	+0.113
87.700	+7.017e+03	+3.567e+03	+1.045e+04	+0.337
87.800	+7.665e+03	+2.849e+03	+9.825e+03	+0.271
87.900	+8.798e+03	+2.211e+03	+9.274e+03	+0.201
88.000	+6.596e+03	+3.320e+03	+1.036e+04	+0.335
88.100	+7.133e+03	+2.220e+03	+9.344e+03	+0.237
88.200	+7.581e+03	+2.140e+03	+9.780e+03	+0.220
88.300	+6.764e+03	+1.773e+03	+9.197e+03	+0.208
88.400	+6.680e+03	+1.038e+03	+1.037e+04	+0.134
88.500	+6.304e+03	+1.941e+03	+9.978e+03	+0.235
88.600	+7.223e+03	+1.152e+03	+1.012e+04	+0.138
88.700	+8.101e+03	+3.024e+03	+9.610e+03	+0.272
88.800	+8.415e+03	+2.660e+03	+1.002e+04	+0.240
88.900	+8.886e+03	+2.934e+03	+1.039e+04	+0.248
89.000	+7.995e+03	+2.300e+03	+9.266e+03	+0.223
89.100	+7.595e+03	+2.943e+03	+8.477e+03	+0.279
89.200	+7.295e+03	+2.076e+03	+1.004e+04	+0.222
89.300	+6.236e+03	+2.128e+03	+9.822e+03	+0.254
89.400	+6.478e+03	+2.453e+03	+8.795e+03	+0.275
89.500	+6.276e+03	+3.092e+03	+9.719e+03	+0.330
89.600	+7.272e+03	+1.486e+03	+9.269e+03	+0.170
89.700	+7.077e+03	+2.723e+03	+9.162e+03	+0.278
89.800	+7.819e+03	+3.173e+03	+1.044e+04	+0.289
89.900	+7.264e+03	+1.741e+03	+1.070e+04	+0.193
90.000	+8.421e+03	+2.919e+03	+9.015e+03	+0.257
90.100	+7.610e+03	+2.133e+03	+9.415e+03	+0.219
90.200	+7.856e+03	+1.218e+03	+1.012e+04	+0.134
90.300	+8.196e+03	+3.483e+03	+9.390e+03	+0.298
90.400	+7.981e+03	+2.457e+03	+1.020e+04	+0.235
90.500	+7.334e+03	+2.708e+03	+1.006e+04	+0.270
90.600	+9.175e+03	+1.841e+03	+1.013e+04	+0.167
90.700	+8.987e+03	+1.570e+03	+9.821e+03	+0.149
90.800	+6.543e+03	+2.326e+03	+1.082e+04	+0.262
90.900	+6.819e+03	+1.759e+03	+1.054e+04	+0.205
91.000	+7.373e+03	+2.460e+03	+8.384e+03	+0.250
91.100	+7.464e+03	+2.855e+03	+1.117e+04	+0.277
91.200	+7.210e+03	+2.064e+03	+1.012e+04	+0.223
91.300	+8.172e+03	+1.759e+03	+9.832e+03	+0.177
91.400	+7.620e+03	+1.855e+03	+9.908e+03	+0.196
91.500	+7.994e+03	+1.504e+03	+1.029e+04	+0.158
91.600	+7.727e+03	+3.242e+03	+9.864e+03	+0.296
91.700	+6.488e+03	+2.471e+03	+8.639e+03	+0.276
91.800	+6.646e+03	+2.226e+03	+1.018e+04	+0.251
91.900	+7.892e+03	+2.806e+03	+9.926e+03	+0.262
92.000	+7.930e+03	+3.675e+03	+9.201e+03	+0.317
92.100	+8.156e+03	+3.682e+03	+1.035e+04	+0.311
92.200	+7.334e+03	+1.796e+03	+1.006e+04	+0.197
92.300	+8.459e+03	+1.958e+03	+9.881e+03	+0.188
92.400	+7.053e+03	+1.535e+03	+1.039e+04	+0.179
92.500	+8.660e+03	+2.488e+03	+9.228e+03	+0.223
92.600	+7.312e+03	+2.295e+03	+9.812e+03	+0.239
92.700	+7.082e+03	+1.555e+03	+8.609e+03	+0.180
92.800	+6.566e+03	+2.536e+03	+9.301e+03	+0.279
92.900	+8.663e+03	+3.194e+03	+1.031e+04	+0.269
93.000	+6.698e+03	+2.461e+03	+8.240e+03	+0.269
93.100	+6.654e+03	+3.449e+03	+9.785e+03	+0.341
93.200	+6.519e+03	+2.268e+03	+8.885e+03	+0.258
93.300	+7.043e+03	+3.440e+03	+9.927e+03	+0.328
93.400	+8.730e+03	+1.979e+03	+9.620e+03	+0.185
93.500	+8.303e+03	+2.299e+03	+9.675e+03	+0.217
93.600	+8.531e+03	+1.496e+03	+9.079e+03	+0.149
93.700	+8.183e+03	+1.608e+03	+9.602e+03	+0.164
93.800	+7.290e+03	+2.592e+03	+1.148e+04	+0.262
93.900	+6.856e+03	+4.074e+03	+9.321e+03	+0.373
94.000	+6.580e+03	+3.366e+03	+1.016e+04	+0.338
94.100	+6.695e+03	+2.308e+03	+9.889e+03	+0.256
94.200	+8.718e+03	+2.820e+03	+9.524e+03	+0.244
94.300	+8.075e+03	+2.507e+03	+9.702e+03	+0.237
94.400	+8.067e+03	+3.714e+03	+1.123e+04	+0.315
94.500	+7.263e+03	+2.484e+03	+1.086e+04	+0.255
94.600	+6.954e+03	+2.559e+03	+1.015e+04	+0.269
94.700	+8.294e+03	+2.848e+03	+1.004e+04	+0.256
94.800	+6.413e+03	+2.804e+03	+1.051e+04	+0.304
94.900	+7.233e+03	+1.625e+03	+9.088e+03	+0.183
95.000	+8.164e+03	+1.785e+03	+9.687e+03	+0.179
95.100	+7.231e+03	+3.204e+03	+8.689e+03	+0.307
95.200	+7.485e+03	+1.564e+03	+1.018e+04	+0.173
95.300	+8.280e+03	+4.445e+03	+9.640e+03	+0.349
95.400	+7.277e+03	+1.433e+03	+9.049e+03	+0.165
95.500	+7.703e+03	+1.825e+03	+1.071e+04	+0.192
95.600	+7.617e+03	+3.830e+03	+1.103e+04	+0.335
95.700	+6.126e+03	+2.089e+03	+1.140e+04	+0.254
95.800	+7.717e+03	+2.837e+03	+9.334e+03	+0.269
95.900	+6.523e+03	+3.331e+03	+9.259e+03	+0.338
96.000	+7.926e+03	+1.501e+03	+1.071e+04	+0.159
96.100	+7.632e+03	+3.580e+03	+1.050e+04	+0.319
96.200	+7.585e+03	+2.593e+03	+9.580e+03	+0.255
96.300	+7.736e+03	+2.349e+03	+1.110e+04	+0.233
96.400	+8.716e+03	+1.919e+03	+9.856e+03	+0.180
96.500	+7.953e+03	+3.253e+03	+1.038e+04	+0.290
96.600	+8.015e+03	+2.074e+03	+9.143e+03	+0.206
96.700	+7.023e+03	+2.381e+03	+1.148e+04	+0.253
96.800	+7.569e+03	+2.522e+03	+9.995e+03	+0.250
96.900	+6.913e+03	+2.339e+03	+1.013e+04	+0.253
97.000	+7.594e+03	+3.227e+03	+9.761e+03	+0.298
97.100	+7.106e+03	+2.745e+03	+9.860e+03	+0.279
97.200	+6.618e+03	+2.423e+03	+1.084e+04	+0.268
97.300	+7.091e+03	+3.444e+03	+1.065e+04	+0.327
97.400	+6.604e+03	+2.357e+03	+1.124e+04	+0.263
97.500	+8.390e+03	+1.224e+03	+9.779e+03	+0.127
97.600	+8.545e+03	+2.631e+03	+1.059e+04	+0.235
97.700	+6.528e+03	+1.771e+03	+1.005e+04	+0.213
97.800	+7.438e+03	+2.327e+03	+1.095e+04	+0.238
97.900	+7.325e+03	+3.000e+03	+9.297e+03	+0.291
98.000	+7.042e+03	+3.076e+03	+1.132e+04	+0.304
98.100	+6.805e+03	+3.109e+03	+9.818e+03	+0.314
98.200	+6.713e+03	+2.587e+03	+9.765e+03	+0.278
98.300	+7.731e+03	+1.354e+03	+1.078e+04	+0.149
98.400	+7.339e+03	+2.340e+03	+9.513e+03	+0.242
98.500	+7.467e+03	+2.745e+03	+9.499e+03	+0.269
98.600	+7.583e+03	+1.934e+03	+9.485e+03	+0.203
98.700	+7.451e+03	+2.124e+03	+1.028e+04	+0.222
98.800	+6.426e+03	+2.045e+03	+1.015e+04	+0.241
98.900	+8.365e+03	+2.373e+03	+1.045e+04	+0.221
99.000	+8.313e+03	+2.238e+03	+1.055e+04	+0.212
99.100	+7.336e+03	+2.615e+03	+9.417e+03	+0.263
99.200	+7.703e+03	+2.445e+03	+1.022e+04	+0.241
99.300	+8.273e+03	+1.834e+03	+1.005e+04	+0.181
99.400	+7.259e+03	+2.641e+03	+9.855e+03	+0.267
99.500	+8.644e+03	+1.291e+03	+1.089e+04	+0.130
99.600	+7.817e+03	+2.335e+03	+8.769e+03	+0.230
99.700	+5.956e+03	+2.972e+03	+9.559e+03	+0.333
99.800	+8.220e+03	+1.817e+03	+8.799e+03	+0.181
99.900	+7.844e+03	+2.926e+03	+1.084e+04	+0.272
100.000	+8.114e+03	+2.943e+03	+9.547e+03	+0.266
100.100	+7.058e+03	+2.518e+03	+1.058e+04	+0.263
100.200	+7.332e+03	+2.833e+03	+1.007e+04	+0.279
100.300	+8.301e+03	+1.197e+03	+1.094e+04	+0.126
100.400	+6.586e+03	+1.951e+03	+8.548e+03	+0.229
100.500	+7.459e+03	+3.433e+03	+9.873e+03	+0.315
100.600	+7.100e+03	+1.549e+03	+9.339e+03	+0.179
100.700	+8.101e+03	+2.088e+03	+8.658e+03	+0.205
100.800	+7.086e+03	+2.140e+03	+9.647e+03	+0.232
100.900	+8.430e+03	+2.336e+03	+1.012e+04	+0.217
101.000	+7.197e+03	+2.481e+03	+9.867e+03	+0.256
101.100	+9.155e+03	+2.447e+03	+9.978e+03	+0.211
101.200	+6.509e+03	+2.516e+03	+1.002e+04	+0.279
101.300	+7.001e+03	+3.297e+03	+1.059e+04	+0.320
101.400	+7.862e+03	+2.551e+03	+1.012e+04	+0.245
101.500	+7.999e+03	+2.619e+03	+9.881e+03	+0.247
101.600	+7.988e+03	+2.523e+03	+1.078e+04	+0.240
101.700	+6.352e+03	+3.611e+03	+8.952e+03	+0.362
101.800	+6.483e+03	+3.125e+03	+1.028e+04	+0.325
101.900	+8.394e+03	+1.263e+03	+1.092e+04	+0.131
102.000	+6.987e+03	+2.175e+03	+9.462e+03	+0.237
102.100	+7.872e+03	+2.276e+03	+9.818e+03	+0.224
102.200	+6.982e+03	+2.646e+03	+9.438e+03	+0.275
102.300	+7.409e+03	+2.893e+03	+8.446e+03	+0.281
102.400	+7.374e+03	+2.029e+03	+9.436e+03	+0.216
102.500	+7.617e+03	+1.175e+03	+1.073e+04	+0.134
102.600	+8.010e+03	+2.213e+03	+9.283e+03	+0.217
102.700	+8.201e+03	+1.286e+03	+1.071e+04	+0.136
102.800	+7.874e+03	+2.567e+03	+1.007e+04	+0.246
102.900	+8.551e+03	+3.036e+03	+8.743e+03	+0.262
103.000	+8.517e+03	+1.185e+03	+1.079e+04	+0.122
103.100	+7.103e+03	+3.828e+03	+9.483e+03	+0.350
103.200	+8.255e+03	+3.146e+03	+9.642e+03	+0.276
103.300	+6.888e+03	+2.884e+03	+9.234e+03	+0.295
103.400	+7.089e+03	+3.191e+03	+1.024e+04	+0.310
103.500	+6.555e+03	+1.859e+03	+9.126e+03	+0.221
103.600	+6.000e+03	+1.752e+03	+1.108e+04	+0.226
103.700	+6.074e+03	+2.837e+03	+9.865e+03	+0.318
103.800	+7.818e+03	+3.156e+03	+1.102e+04	+0.288
103.900	+7.936e+03	+2.446e+03	+9.657e+03	+0.236
104.000	+7.145e+03	+2.800e+03	+1.065e+04	+0.282
104.100	+6.961e+03	+2.979e+03	+1.021e+04	+0.300
104.200	+8.793e+03	+3.837e+03	+1.123e+04	+0.304
104.300	+8.011e+03	+3.053e+03	+9.142e+03	+0.276
104.400	+7.381e+03	+2.803e+03	+7.884e+03	+0.275
104.500	+7.857e+03	+1.464e+03	+8.617e+03	+0.157
104.600	+8.711e+03	+2.500e+03	+1.145e+04	+0.223
104.700	+7.641e+03	+2.151e+03	+8.947e+03	+0.220
104.800	+7.310e+03	+1.817e+03	+1.088e+04	+0.199
104.900	+6.962e+03	+4.002e+03	+1.013e+04	+0.365
105.000	+6.267e+03	+2.281e+03	+1.025e+04	+0.267
105.100	+6.673e+03	+2.347e+03	+1.090e+04	+0.260
105.200	+7.170e+03	+3.237e+03	+9.960e+03	+0.311
105.300	+6.999e+03	+2.779e+03	+9.336e+03	+0.284
105.400	+8.654e+03	+2.741e+03	+1.052e+04	+0.241
105.500	+6.249e+03	+3.303e+03	+1.035e+04	+0.346
105.600	+7.579e+03	+7.642e+02	+9.661e+03	+0.092
105.700	+8.274e+03	+3.176e+03	+8.436e+03	+0.277
105.800	+6.697e+03	+3.598e+03	+9.841e+03	+0.349
105.900	+7.841e+03	+2.839e+03	+1.041e+04	+0.266
106.000	+7.917e+03	+3.899e+03	+9.928e+03	+0.330
106.100	+6.660e+03	+2.490e+03	+1.023e+04	+0.272
106.200	+6.992e+03	+2.588e+03	+1.080e+04	+0.270
106.300	+7.453e+03	+3.347e+03	+9.269e+03	+0.310
106.400	+7.867e+03	+2.169e+03	+9.614e+03	+0.216
106.500	+6.966e+03	+2.131e+03	+1.110e+04	+0.234
106.600	+8.496e+03	+3.236e+03	+1.002e+04	+0.276
106.700	+7.035e+03	+1.916e+03	+1.124e+04	+0.214
106.800	+7.726e+03	+2.464e+03	+1.087e+04	+0.242
106.900	+7.262e+03	+3.105e+03	+9.539e+03	+0.300
107.000	+6.809e+03	+2.878e+03	+1.034e+04	+0.297
107.100	+6.726e+03	+3.318e+03	+9.604e+03	+0.330
107.200	+7.353e+03	+2.416e+03	+8.870e+03	+0.247
107.300	+6.266e+03	+2.629e+03	+9.907e+03	+0.296
107.400	+7.587e+03	+3.748e+03	+1.032e+04	+0.331
107.500	+8.107e+03	+2.126e+03	+9.708e+03	+0.208
107.600	+6.309e+03	+2.511e+03	+9.973e+03	+0.285
107.700	+6.995e+03	+3.990e+03	+8.683e+03	+0.363
107.800	+7.455e+03	+2.947e+03	+1.059e+04	+0.283
107.900	+7.194e+03	+2.636e+03	+1.014e+04	+0.268
108.000	+8.322e+03	+2.258e+03	+9.503e+03	+0.213
108.100	+7.725e+03	+3.248e+03	+9.749e+03	+0.296
108.200	+6.830e+03	+2.343e+03	+9.619e+03	+0.255
108.300	+7.805e+03	+2.816e+03	+9.486e+03	+0.265
108.400	+7.167e+03	+2.461e+03	+1.014e+04	+0.256
108.500	+8.045e+03	+1.727e+03	+9.482e+03	+0.177
108.600	+6.561e+03	+2.817e+03	+9.071e+03	+0.300
108.700	+9.076e+03	+2.349e+03	+1.044e+04	+0.206
108.800	+6.421e+03	+1.949e+03	+1.054e+04	+0.233
108.900	+8.690e+03	+3.886e+03	+1.097e+04	+0.309
109.000	+8.295e+03	+1.929e+03	+1.085e+04	+0.189
109.100	+7.686e+03	+2.073e+03	+1.122e+04	+0.212
109.200	+7.746e+03	+2.223e+03	+7.999e+03	+0.223
109.300	+7.715e+03	+2.462e+03	+8.998e+03	+0.242
109.400	+9.175e+03	+2.877e+03	+1.113e+04	+0.239
109.500	+7.408e+03	+2.572e+03	+9.001e+03	+0.258
109.600	+7.007e+03	+2.227e+03	+1.013e+04	+0.241
109.700	+7.360e+03	+3.158e+03	+9.566e+03	+0.300
109.800	+6.361e+03	+2.815e+03	+1.033e+04	+0.307
109.900	+8.152e+03	+3.604e+03	+9.973e+03	+0.307
110.000	+8.167e+03	+3.500e+03	+9.219e+03	+0.300
110.100	+8.393e+03	+3.396e+03	+9.843e+03	+0.288
110.200	+7.934e+03	+2.606e+03	+1.104e+04	+0.247
110.300	+9.358e+03	+3.141e+03	+9.441e+03	+0.251
110.400	+7.272e+03	+3.165e+03	+9.470e+03	+0.303
110.500	+7.495e+03	+2.015e+03	+1.007e+04	+0.212
110.600	+7.048e+03	+2.571e+03	+1.077e+04	+0.267
110.700	+9.075e+03	+2.177e+03	+9.996e+03	+0.193
110.800	+6.413e+03	+2.306e+03	+9.785e+03	+0.265
110.900	+6.971e+03	+3.295e+03	+9.637e+03	+0.321
111.000	+7.501e+03	+2.634e+03	+1.123e+04	+0.260
111.100	+8.734e+03	+2.190e+03	+9.805e+03	+0.200
111.200	+6.671e+03	+1.071e+03	+9.475e+03	+0.138
111.300	+6.807e+03	+1.548e+03	+1.040e+04	+0.185
111.400	+8.690e+03	+2.454e+03	+1.004e+04	+0.220
111.500	+6.865e+03	+2.347e+03	+9.296e+03	+0.255
111.600	+6.469e+03	+3.692e+03	+1.107e+04	+0.363
111.700	+7.022e+03	+2.256e+03	+1.013e+04	+0.243
111.800	+6.977e+03	+3.272e+03	+1.086e+04	+0.319
111.900	+9.194e+03	+1.489e+03	+1.055e+04	+0.139
112.000	+6.971e+03	+1.535e+03	+8.975e+03	+0.180
112.100	+7.831e+03	+1.619e+03	+1.062e+04	+0.171
112.200	+7.704e+03	+3.650e+03	+1.117e+04	+0.321
112.300	+6.913e+03	+3.204e+03	+8.774e+03	+0.317
112.400	+7.435e+03	+3.342e+03	+1.118e+04	+0.310
112.500	+7.391e+03	+3.644e+03	+1.045e+04	+0.330
112.600	+7.607e+03	+1.934e+03	+1.075e+04	+0.203
112.700	+6.249e+03	+2.125e+03	+1.018e+04	+0.254
112.800	+7.782e+03	+2.218e+03	+9.904e+03	+0.222
112.900	+7.480e+03	+2.297e+03	+9.404e+03	+0.235
113.000	+6.197e+03	+2.962e+03	+9.901e+03	+0.323
113.100	+7.992e+03	+3.228e+03	+9.789e+03	+0.288
113.200	+6.554e+03	+2.581e+03	+9.627e+03	+0.283
113.300	+7.180e+03	+1.800e+03	+1.127e+04	+0.200
113.400	+6.203e+03	+3.436e+03	+9.821e+03	+0.356
113.500	+7.615e+03	+2.876e+03	+9.444e+03	+0.274
113.600	+6.516e+03	+3.792e+03	+9.734e+03	+0.368
113.700	+6.749e+03	+1.695e+03	+9.857e+03	+0.201
113.800	+6.649e+03	+3.559e+03	+1.002e+04	+0.349
113.900	+7.984e+03	+2.365e+03	+1.069e+04	+0.229
114.000	+7.315e+03	+2.118e+03	+9.826e+03	+0.225
114.100	+7.334e+03	+2.169e+03	+9.156e+03	+0.228
114.200	+7.732e+03	+1.387e+03	+9.792e+03	+0.152
114.300	+8.046e+03	+2.166e+03	+1.134e+04	+0.212
114.400	+6.822e+03	+3.007e+03	+1.004e+04	+0.306
114.500	+8.721e+03	+2.883e+03	+1.038e+04	+0.248
114.600	+6.402e+03	+3.052e+03	+9.407e+03	+0.323
114.700	+8.170e+03	+3.495e+03	+9.586e+03	+0.300
114.800	+8.797e+03	+1.822e+03	+1.053e+04	+0.172
114.900	+7.980e+03	+1.037e+03	+1.106e+04	+0.115
115.000	+7.567e+03	+3.550e+03	+9.306e+03	+0.319
115.100	+7.034e+03	+2.829e+03	+9.398e+03	+0.287
115.200	+6.866e+03	+1.794e+03	+1.038e+04	+0.207
115.300	+6.692e+03	+2.268e+03	+1.003e+04	+0.253
115.400	+7.307e+03	+2.043e+03	+1.006e+04	+0.218
115.500	+7.768e+03	+2.842e+03	+9.495e+03	+0.268
115.600	+7.891e+03	+2.815e+03	+8.275e+03	+0.263
115.700	+8.946e+03	+3.564e+03	+1.013e+04	+0.285
115.800	+8.617e+03	+3.867e+03	+9.600e+03	+0.310
115.900	+8.293e+03	+2.216e+03	+9.625e+03	+0.211
116.000	+5.400e+03	+3.032e+03	+1.073e+04	+0.360
116.100	+7.310e+03	+2.771e+03	+1.008e+04	+0.275
116.200	+7.648e+03	+8.519e+02	+1.018e+04	+0.100
116.300	+8.127e+03	+2.897e+03	+1.006e+04	+0.263
116.400	+7.402e+03	+2.981e+03	+8.443e+03	+0.287
116.500	+7.522e+03	+3.214e+03	+9.473e+03	+0.299
116.600	+7.179e+03	+2.049e+03	+1.059e+04	+0.222
116.700	+8.055e+03	+3.193e+03	+1.031e+04	+0.284
116.800	+6.781e+03	+1.345e+03	+9.461e+03	+0.166
116.900	+7.399e+03	+2.864e+03	+1.114e+04	+0.279
117.000	+7.529e+03	+8.168e+02	+1.018e+04	+0.098
117.100	+7.680e+03	+2.903e+03	+1.087e+04	+0.274
117.200	+7.105e+03	+3.613e+03	+9.969e+03	+0.337
117.300	+7.319e+03	+2.980e+03	+9.951e+03	+0.289
117.400	+8.314e+03	+2.168e+03	+9.458e+03	+0.207
117.500	+7.458e+03	+2.058e+03	+1.056e+04	+0.216
117.600	+7.524e+03	+2.797e+03	+1.010e+04	+0.271
117.700	+8.884e+03	+3.524e+03	+1.098e+04	+0.284
117.800	+7.227e+03	+2.714e+03	+1.115e+04	+0.273
117.900	+7.463e+03	+2.232e+03	+1.021e+04	+0.230
118.000	+7.421e+03	+1.384e+03	+1.043e+04	+0.157
118.100	+8.105e+03	+2.252e+03	+9.924e+03	+0.217
118.200	+8.183e+03	+3.092e+03	+9.974e+03	+0.274
118.300	+7.413e+03	+2.675e+03	+1.007e+04	+0.265
118.400	+7.953e+03	+2.448e+03	+9.845e+03	+0.235
118.500	+8.174e+03	+2.366e+03	+9.776e+03	+0.224
118.600	+8.027e+03	+2.589e+03	+1.038e+04	+0.244
118.700	+8.709e+03	+2.835e+03	+9.180e+03	+0.246
118.800	+7.721e+03	+1.986e+03	+9.486e+03	+0.205
118.900	+7.364e+03	+2.095e+03	+1.031e+04	+0.221
119.000	+7.554e+03	+1.955e+03	+1.051e+04	+0.206
119.100	+7.602e+03	+1.221e+03	+8.745e+03	+0.138
119.200	+6.835e+03	+1.651e+03	+9.192e+03	+0.195
119.300	+7.885e+03	+2.228e+03	+9.682e+03	+0.220
119.400	+6.679e+03	+3.337e+03	+1.026e+04	+0.333
119.500	+6.587e+03	+2.275e+03	+1.101e+04	+0.257
119.600	+7.422e+03	+2.998e+03	+9.899e+03	+0.288
119.700	+8.150e+03	+2.552e+03	+9.131e+03	+0.238
119.800	+7.762e+03	+2.120e+03	+9.772e+03	+0.215
119.900	+7.798e+03	+8.416e+02	+9.698e+03	+0.097
120.000	+6.813e+03	+1.938e+03	+9.811e+03	+0.221
120.100	+8.031e+03	+1.698e+03	+1.103e+04	+0.175
120.200	+7.461e+03	+3.262e+03	+1.121e+04	+0.304
120.300	+8.373e+03	+1.483e+03	+1.016e+04	+0.150
120.400	+8.641e+03	+2.967e+03	+9.744e+03	+0.256
120.500	+9.172e+03	+2.154e+03	+9.712e+03	+0.190
120.600	+7.523e+03	+2.481e+03	+1.162e+04	+0.248
120.700	+6.957e+03	+3.204e+03	+1.106e+04	+0.315
120.800	+7.534e+03	+2.476e+03	+1.021e+04	+0.247
120.900	+7.371e+03	+3.076e+03	+9.764e+03	+0.294
121.000	+7.161e+03	+1.092e+03	+9.282e+03	+0.132
121.100	+7.558e+03	+3.558e+03	+8.872e+03	+0.320
121.200	+7.501e+03	+2.906e+03	+1.128e+04	+0.279
121.300	+7.230e+03	+1.227e+03	+1.140e+04	+0.145
121.400	+8.494e+03	+9.025e+02	+9.226e+03	+0.096
121.500	+7.479e+03	+2.361e+03	+9.365e+03	+0.240
121.600	+7.849e+03	+2.909e+03	+9.836e+03	+0.270
121.700	+7.227e+03	+1.753e+03	+9.166e+03	+0.195
121.800	+6.823e+03	+2.500e+03	+8.770e+03	+0.268
121.900	+7.184e+03	+2.324e+03	+9.576e+03	+0.244
122.000	+7.492e+03	+2.888e+03	+9.872e+03	+0.278
122.100	+7.030e+03	+1.760e+03	+9.241e+03	+0.200
122.200	+8.369e+03	+3.038e+03	+9.624e+03	+0.266
122.300	+6.967e+03	+3.700e+03	+9.697e+03	+0.347
122.400	+6.064e+03	+3.628e+03	+8.724e+03	+0.374
122.500	+8.086e+03	+2.256e+03	+1.015e+04	+0.218
122.600	+7.252e+03	+2.763e+03	+1.080e+04	+0.276
122.700	+8.354e+03	+1.128e+03	+9.771e+03	+0.119
122.800	+7.970e+03	+2.929e+03	+9.449e+03	+0.269
122.900	+7.480e+03	+3.634e+03	+1.023e+04	+0.327
123.000	+7.392e+03	+2.078e+03	+9.348e+03	+0.219
123.100	+6.750e+03	+3.028e+03	+9.366e+03	+0.310
123.200	+7.795e+03	+2.530e+03	+9.714e+03	+0.245
123.300	+7.783e+03	+3.111e+03	+9.827e+03	+0.286
123.400	+6.589e+03	+2.488e+03	+1.019e+04	+0.274
123.500	+7.271e+03	+2.006e+03	+9.300e+03	+0.216
123.600	+7.101e+03	+2.668e+03	+9.297e+03	+0.273
123.700	+6.480e+03	+2.477e+03	+9.676e+03	+0.277
123.800	+7.166e+03	+3.389e+03	+9.433e+03	+0.321
123.900	+7.154e+03	+2.211e+03	+9.171e+03	+0.236
124.000	+8.438e+03	+2.343e+03	+1.096e+04	+0.217
124.100	+7.480e+03	+3.171e+03	+9.734e+03	+0.298
124.200	+7.159e+03	+2.604e+03	+9.998e+03	+0.267
124.300	+6.421e+03	+4.578e+03	+9.949e+03	+0.416
124.400	+8.568e+03	+2.741e+03	+9.461e+03	+0.242
124.500	+6.545e+03	+2.567e+03	+9.844e+03	+0.282
124.600	+8.015e+03	+2.800e+03	+9.555e+03	+0.259
124.700	+6.862e+03	+3.021e+03	+9.949e+03	+0.306
124.800	+6.712e+03	+1.733e+03	+9.543e+03	+0.205
124.900	+7.517e+03	+2.222e+03	+9.654e+03	+0.228
125.000	+6.845e+03	+2.503e+03	+1.016e+04	+0.268
125.100	+6.664e+03	+2.079e+03	+9.045e+03	+0.238
125.200	+7.215e+03	+1.798e+03	+1.010e+04	+0.200
125.300	+7.495e+03	+1.498e+03	+8.589e+03	+0.167
125.400	+7.892e+03	+2.673e+03	+1.053e+04	+0.253
125.500	+7.139e+03	+2.932e+03	+9.313e+03	+0.291
125.600	+6.821e+03	+3.069e+03	+9.437e+03	+0.310
125.700	+6.919e+03	+2.860e+03	+1.057e+04	+0.292
125.800	+7.751e+03	+2.322e+03	+9.546e+03	+0.231
125.900	+7.498e+03	+1.682e+03	+9.766e+03	+0.183
126.000	+8.281e+03	+2.399e+03	+9.292e+03	+0.225
126.100	+7.343e+03	+3.001e+03	+9.842e+03	+0.290
126.200	+8.020e+03	+2.931e+03	+1.034e+04	+0.268
126.300	+9.246e+03	+3.582e+03	+9.315e+03	+0.279
126.400	+7.306e+03	+3.439e+03	+1.041e+04	+0.320
126.500	+6.835e+03	+4.467e+03	+1.081e+04	+0.395
126.600	+6.724e+03	+2.786e+03	+9.710e+03	+0.293
126.700	+6.730e+03	+3.016e+03	+1.084e+04	+0.309
126.800	+7.626e+03	+2.372e+03	+1.002e+04	+0.237
126.900	+7.361e+03	+2.295e+03	+1.045e+04	+0.238
127.000	+7.491e+03	+1.364e+03	+8.853e+03	+0.154
127.100	+6.334e+03	+1.572e+03	+8.861e+03	+0.199
127.200	+5.980e+03	+2.032e+03	+9.627e+03	+0.254
127.300	+7.803e+03	+1.100e+03	+9.847e+03	+0.124
127.400	+6.943e+03	+2.788e+03	+9.251e+03	+0.286
127.500	+6.796e+03	+2.169e+03	+9.661e+03	+0.242
127.600	+7.833e+03	+2.777e+03	+1.033e+04	+0.262
127.700	+7.166e+03	+1.659e+03	+8.842e+03	+0.188
127.800	+7.598e+03	+2.041e+03	+1.042e+04	+0.212
127.900	+7.034e+03	+2.799e+03	+9.707e+03	+0.285
128.000	+7.952e+03	+1.989e+03	+1.113e+04	+0.200
128.100	+7.071e+03	+2.560e+03	+1.029e+04	+0.266
128.200	+7.006e+03	+2.177e+03	+1.015e+04	+0.237
128.300	+9.910e+03	+2.087e+03	+8.814e+03	+0.174
128.400	+6.732e+03	+1.676e+03	+1.005e+04	+0.199
128.500	+7.395e+03	+1.310e+03	+9.923e+03	+0.151
128.600	+8.014e+03	+3.420e+03	+8.550e+03	+0.299
128.700	+7.320e+03	+2.537e+03	+1.000e+04	+0.257
128.800	+6.897e+03	+1.567e+03	+9.028e+03	+0.185
128.900	+7.686e+03	+2.178e+03	+1.026e+04	+0.221
129.000	+8.400e+03	+1.200e+03	+1.078e+04	+0.125
129.100	+7.514e+03	+2.982e+03	+9.473e+03	+0.284
129.200	+7.712e+03	+1.713e+03	+1.020e+04	+0.182
129.300	+8.122e+03	+2.515e+03	+9.587e+03	+0.236
129.400	+6.716e+03	+2.640e+03	+9.471e+03	+0.282
129.500	+7.623e+03	+2.164e+03	+1.113e+04	+0.221
129.600	+7.040e+03	+2.324e+03	+9.450e+03	+0.248
129.700	+7.418e+03	+3.670e+03	+9.927e+03	+0.331
129.800	+6.911e+03	+1.810e+03	+1.017e+04	+0.208
129.900	+7.928e+03	+2.768e+03	+9.887e+03	+0.259
130.000	+7.843e+03	+2.236e+03	+1.013e+04	+0.222
130.100	+7.421e+03	+3.575e+03	+9.313e+03	+0.325
130.200	+7.273e+03	+1.504e+03	+9.420e+03	+0.171
130.300	+5.875e+03	+3.164e+03	+9.682e+03	+0.350
130.400	+8.015e+03	+2.656e+03	+9.662e+03	+0.249
130.500	+6.965e+03	+2.227e+03	+9.871e+03	+0.242
130.600	+6.848e+03	+3.412e+03	+8.392e+03	+0.333
130.700	+7.065e+03	+3.215e+03	+1.033e+04	+0.313
130.800	+7.464e+03	+1.878e+03	+9.614e+03	+0.201
130.900	+8.180e+03	+2.349e+03	+8.171e+03	+0.223
131.000	+7.281e+03	+1.452e+03	+9.525e+03	+0.166
131.100	+7.878e+03	+2.173e+03	+9.620e+03	+0.216
131.200	+6.632e+03	+3.013e+03	+9.903e+03	+0.312
131.300	+7.131e+03	+3.830e+03	+1.005e+04	+0.349
131.400	+7.122e+03	+2.693e+03	+9.782e+03	+0.274
131.500	+7.942e+03	+2.815e+03	+1.025e+04	+0.262
131.600	+7.456e+03	+3.686e+03	+9.098e+03	+0.331
131.700	+7.353e+03	+2.544e+03	+9.474e+03	+0.257
131.800	+7.518e+03	+3.125e+03	+9.790e+03	+0.294
131.900	+7.744e+03	+2.672e+03	+1.092e+04	+0.257
132.000	+6.683e+03	+3.134e+03	+9.356e+03	+0.319
132.100	+7.722e+03	+2.607e+03	+9.958e+03	+0.252
132.200	+7.512e+03	+2.545e+03	+9.739e+03	+0.253
132.300	+7.560e+03	+3.833e+03	+1.124e+04	+0.336
132.400	+7.751e+03	+1.931e+03	+1.008e+04	+0.199
132.500	+8.732e+03	+3.348e+03	+9.964e+03	+0.277
132.600	+7.758e+03	+1.376e+03	+9.430e+03	+0.151
132.700	+6.628e+03	+3.404e+03	+1.097e+04	+0.339
132.800	+7.090e+03	+1.920e+03	+9.788e+03	+0.213
132.900	+7.430e+03	+2.672e+03	+1.025e+04	+0.265
133.000	+8.666e+03	+3.838e+03	+1.058e+04	+0.307
133.100	+6.842e+03	+3.536e+03	+8.544e+03	+0.341
133.200	+6.773e+03	+2.563e+03	+1.031e+04	+0.275
133.300	+8.449e+03	+3.310e+03	+1.018e+04	+0.282
133.400	+7.455e+03	+2.580e+03	+1.067e+04	+0.257
133.500	+7.166e+03	+1.365e+03	+1.021e+04	+0.160
133.600	+7.753e+03	+1.637e+03	+9.556e+03	+0.174
133.700	+7.928e+03	+1.802e+03	+1.089e+04	+0.185
133.800	+6.849e+03	+2.698e+03	+1.085e+04	+0.283
133.900	+6.368e+03	+2.461e+03	+1.070e+04	+0.279
134.000	+8.774e+03	+2.147e+03	+9.154e+03	+0.197
134.100	+8.747e+03	+1.389e+03	+1.006e+04	+0.137
134.200	+7.648e+03	+2.732e+03	+1.017e+04	+0.263
134.300	+7.671e+03	+1.901e+03	+9.109e+03	+0.199
134.400	+6.995e+03	+1.528e+03	+1.058e+04	+0.179
134.500	+6.291e+03	+3.324e+03	+1.055e+04	+0.346
134.600	+7.560e+03	+1.351e+03	+1.015e+04	+0.152
134.700	+6.306e+03	+2.549e+03	+9.536e+03	+0.288
134.800	+8.333e+03	+2.971e+03	+1.056e+04	+0.263
134.900	+7.287e+03	+1.396e+03	+9.454e+03	+0.161
135.000	+7.518e+03	+2.508e+03	+1.038e+04	+0.250
135.100	+7.870e+03	+2.562e+03	+9.881e+03	+0.246
135.200	+8.250e+03	+2.141e+03	+9.460e+03	+0.206
135.300	+6.872e+03	+2.571e+03	+8.918e+03	+0.272
135.400	+8.306e+03	+3.470e+03	+9.714e+03	+0.295
135.500	+8.394e+03	+3.311e+03	+9.730e+03	+0.283
135.600	+6.557e+03	+1.703e+03	+1.124e+04	+0.206
135.700	+6.746e+03	+2.909e+03	+1.007e+04	+0.301
135.800	+7.699e+03	+2.896e+03	+9.860e+03	+0.273
135.900	+7.625e+03	+2.549e+03	+9.547e+03	+0.251
136.000	+7.797e+03	+3.368e+03	+8.721e+03	+0.302
136.100	+6.031e+03	+3.061e+03	+9.815e+03	+0.337
136.200	+7.579e+03	+2.007e+03	+1.098e+04	+0.209
136.300	+8.215e+03	+2.070e+03	+9.818e+03	+0.201
136.400	+8.344e+03	+3.014e+03	+9.393e+03	+0.265
136.500	+6.961e+03	+2.410e+03	+9.135e+03	+0.257
136.600	+7.687e+03	+2.344e+03	+1.020e+04	+0.234
136.700	+7.542e+03	+3.325e+03	+9.973e+03	+0.306
136.800	+7.992e+03	+2.300e+03	+1.127e+04	+0.223
136.900	+7.623e+03	+1.783e+03	+9.937e+03	+0.190
137.000	+7.784e+03	+3.596e+03	+9.728e+03	+0.316
137.100	+8.894e+03	+3.974e+03	+8.747e+03	+0.309
137.200	+7.959e+03	+2.179e+03	+1.016e+04	+0.215
137.300	+6.950e+03	+2.544e+03	+1.045e+04	+0.268
137.400	+5.942e+03	+4.109e+03	+8.884e+03	+0.409
137.500	+7.937e+03	+4.118e+03	+9.306e+03	+0.342
137.600	+8.054e+03	+1.634e+03	+9.691e+03	+0.169
137.700	+7.627e+03	+2.560e+03	+1.014e+04	+0.251
137.800	+8.320e+03	+2.125e+03	+1.053e+04	+0.203
137.900	+7.666e+03	+2.908e+03	+9.587e+03	+0.275
138.000	+7.255e+03	+1.847e+03	+9.746e+03	+0.203
138.100	+7.125e+03	+2.033e+03	+9.474e+03	+0.222
138.200	+8.561e+03	+2.681e+03	+9.591e+03	+0.238
138.300	+7.066e+03	+1.955e+03	+9.536e+03	+0.217
138.400	+7.465e+03	+2.114e+03	+1.045e+04	+0.221
138.500	+8.448e+03	+2.752e+03	+1.046e+04	+0.246
138.600	+7.682e+03	+1.413e+03	+9.880e+03	+0.155
138.700	+7.561e+03	+2.795e+03	+1.005e+04	+0.270
138.800	+7.938e+03	+2.954e+03	+9.697e+03	+0.271
138.900	+7.880e+03	+2.060e+03	+1.001e+04	+0.207
139.000	+7.319e+03	+2.437e+03	+1.049e+04	+0.250
139.100	+6.499e+03	+1.908e+03	+1.096e+04	+0.227
139.200	+8.331e+03	+1.847e+03	+8.940e+03	+0.181
139.300	+6.100e+03	+1.065e+03	+8.685e+03	+0.149
139.400	+8.340e+03	+4.028e+03	+1.026e+04	+0.326
139.500	+8.302e+03	+2.998e+03	+9.785e+03	+0.265
139.600	+6.636e+03	+2.513e+03	+1.022e+04	+0.275
139.700	+8.927e+03	+2.486e+03	+1.139e+04	+0.218
139.800	+6.899e+03	+2.225e+03	+1.048e+04	+0.244
139.900	+7.415e+03	+2.516e+03	+9.780e+03	+0.253
140.000	+6.604e+03	+2.425e+03	+1.120e+04	+0.269
140.100	+7.095e+03	+1.273e+03	+9.407e+03	+0.152
140.200	+7.153e+03	+2.730e+03	+1.067e+04	+0.276
140.300	+8.680e+03	+2.974e+03	+8.626e+03	+0.255
140.400	+7.389e+03	+3.173e+03	+1.002e+04	+0.300
140.500	+8.341e+03	+3.919e+03	+9.290e+03	+0.320
140.600	+7.768e+03	+3.436e+03	+8.824e+03	+0.307
140.700	+7.234e+03	+3.834e+03	+1.024e+04	+0.346
140.800	+6.735e+03	+3.864e+03	+1.020e+04	+0.365
140.900	+6.917e+03	+1.832e+03	+1.128e+04	+0.209
141.000	+6.447e+03	+1.525e+03	+9.953e+03	+0.191
141.100	+7.230e+03	+1.754e+03	+1.167e+04	+0.195
141.200	+7.490e+03	+1.749e+03	+9.910e+03	+0.189
141.300	+5.201e+03	+2.778e+03	+9.411e+03	+0.348
141.400	+7.981e+03	+2.653e+03	+1.172e+04	+0.249
141.500	+7.954e+03	+3.689e+03	+1.011e+04	+0.317
141.600	+7.184e+03	+1.694e+03	+9.390e+03	+0.191
141.700	+7.569e+03	+2.562e+03	+1.020e+04	+0.253
141.800	+7.366e+03	+2.412e+03	+1.046e+04	+0.247
141.900	+7.319e+03	+1.923e+03	+9.982e+03	+0.208
142.000	+7.301e+03	+3.544e+03	+1.051e+04	+0.327
142.100	+7.255e+03	+9.380e+02	+1.040e+04	+0.114
142.200	+6.496e+03	+3.112e+03	+1.080e+04	+0.324
142.300	+7.000e+03	+2.937e+03	+1.155e+04	+0.296
142.400	+6.683e+03	+1.839e+03	+9.962e+03	+0.216
142.500	+7.798e+03	+2.679e+03	+1.058e+04	+0.256
142.600	+6.942e+03	+2.491e+03	+9.961e+03	+0.264
142.700	+7.034e+03	+1.965e+03	+1.159e+04	+0.218
142.800	+8.270e+03	+1.958e+03	+9.835e+03	+0.191
142.900	+6.907e+03	+2.987e+03	+8.236e+03	+0.302
143.000	+7.819e+03	+2.841e+03	+1.015e+04	+0.267
143.100	+8.606e+03	+3.428e+03	+9.675e+03	+0.285
143.200	+7.040e+03	+3.825e+03	+1.005e+04	+0.352
143.300	+7.462e+03	+5.227e+03	+1.012e+04	+0.412
143.400	+7.239e+03	+2.370e+03	+1.119e+04	+0.247
143.500	+7.753e+03	+2.835e+03	+9.822e+03	+0.268
143.600	+8.167e+03	+3.611e+03	+9.391e+03	+0.307
143.700	+7.408e+03	+2.804e+03	+1.072e+04	+0.275
143.800	+7.178e+03	+3.242e+03	+9.136e+03	+0.311
143.900	+7.164e+03	+1.480e+03	+9.500e+03	+0.171
144.000	+8.511e+03	+1.930e+03	+1.027e+04	+0.185
144.100	+6.739e+03	+9.536e+02	+1.109e+04	+0.124
144.200	+6.940e+03	+3.229e+03	+1.041e+04	+0.318
144.300	+7.252e+03	+1.424e+03	+1.024e+04	+0.164
144.400	+7.811e+03	+2.777e+03	+1.063e+04	+0.262
144.500	+8.049e+03	+2.767e+03	+9.741e+03	+0.256
144.600	+7.003e+03	+4.135e+03	+9.061e+03	+0.371
144.700	+7.087e+03	+2.161e+03	+1.093e+04	+0.234
144.800	+6.402e+03	+1.013e+03	+9.439e+03	+0.137
144.900	+8.639e+03	+3.229e+03	+1.104e+04	+0.272
145.000	+7.223e+03	+3.314e+03	+9.810e+03	+0.315
145.100	+6.997e+03	+2.312e+03	+1.032e+04	+0.248
145.200	+8.499e+03	+3.586e+03	+9.098e+03	+0.297
145.300	+7.755e+03	+1.953e+03	+9.816e+03	+0.201
145.400	+7.824e+03	+1.909e+03	+1.069e+04	+0.196
145.500	+6.708e+03	+1.304e+03	+1.137e+04	+0.163
145.600	+6.902e+03	+2.649e+03	+1.074e+04	+0.277
145.700	+8.098e+03	+2.504e+03	+1.083e+04	+0.236
145.800	+8.049e+03	+2.804e+03	+1.031e+04	+0.258
145.900	+7.763e+03	+3.286e+03	+9.800e+03	+0.297
146.000	+6.874e+03	+4.604e+03	+1.026e+04	+0.401
146.100	+6.003e+03	+2.680e+03	+9.287e+03	+0.309
146.200	+6.611e+03	+3.315e+03	+1.076e+04	+0.334
146.300	+7.238e+03	+2.782e+03	+9.830e+03	+0.278
146.400	+6.914e+03	+3.097e+03	+1.166e+04	+0.309
146.500	+7.825e+03	+3.282e+03	+1.100e+04	+0.295
146.600	+8.281e+03	+2.051e+03	+1.071e+04	+0.198
146.700	+7.785e+03	+2.825e+03	+1.001e+04	+0.266
146.800	+7.510e+03	+2.224e+03	+9.025e+03	+0.228
146.900	+6.855e+03	+1.390e+03	+9.626e+03	+0.169
147.000	+7.872e+03	+2.872e+03	+9.647e+03	+0.267
147.100	+7.205e+03	+2.468e+03	+9.227e+03	+0.255
147.200	+7.410e+03	+1.603e+03	+1.045e+04	+0.178
147.300	+8.035e+03	+2.694e+02	+1.032e+04	+0.032
147.400	+7.063e+03	+1.331e+03	+1.015e+04	+0.159
147.500	+6.713e+03	+1.732e+03	+9.955e+03	+0.205
147.600	+7.252e+03	+2.780e+03	+9.471e+03	+0.277
147.700	+7.731e+03	+3.556e+03	+1.001e+04	+0.315
147.800	+8.114e+03	+1.445e+03	+1.136e+04	+0.151
147.900	+7.566e+03	+2.712e+03	+1.021e+04	+0.264
148.000	+8.246e+03	+3.053e+03	+9.544e+03	+0.270
148.100	+6.966e+03	+2.242e+03	+1.036e+04	+0.244
148.200	+7.498e+03	+2.572e+03	+8.839e+03	+0.255
148.300	+6.365e+03	+3.733e+03	+1.048e+04	+0.370
148.400	+7.944e+03	+1.793e+03	+1.102e+04	+0.184
148.500	+8.319e+03	+1.801e+03	+9.731e+03	+0.178
148.600	+7.837e+03	+2.687e+03	+9.410e+03	+0.255
148.700	+7.334e+03	+2.599e+03	+1.103e+04	+0.262
148.800	+7.653e+03	+1.954e+03	+1.129e+04	+0.203
148.900	+5.579e+03	+2.818e+03	+1.116e+04	+0.336
149.000	+7.331e+03	+2.723e+03	+1.035e+04	+0.271
149.100	+7.158e+03	+3.713e+03	+9.440e+03	+0.342
149.200	+7.279e+03	+1.207e+03	+1.073e+04	+0.142
149.300	+7.173e+03	+2.006e+03	+1.007e+04	+0.219
149.400	+8.213e+03	+2.912e+03	+1.138e+04	+0.262
149.500	+7.166e+03	+1.655e+03	+1.040e+04	+0.188
149.600	+8.510e+03	+2.386e+03	+1.057e+04	+0.219
149.700	+6.254e+03	+1.977e+03	+9.763e+03	+0.240
149.800	+8.562e+03	+2.663e+03	+1.094e+04	+0.237
149.900	+7.827e+03	+3.394e+03	+9.367e+03	+0.302
150.000	+7.853e+03	+2.346e+03	+1.115e+04	+0.230
150.100	+7.417e+03	+1.565e+03	+9.575e+03	+0.174
150.200	+6.615e+03	+2.791e+03	+9.162e+03	+0.297
150.300	+6.478e+03	+2.742e+03	+9.648e+03	+0.297
150.400	+8.865e+03	+2.420e+03	+1.008e+04	+0.214
150.500	+7.388e+03	+2.161e+03	+1.010e+04	+0.226
150.600	+9.119e+03	+2.322e+03	+9.316e+03	+0.203
150.700	+8.399e+03	+2.821e+03	+1.074e+04	+0.251
150.800	+6.548e+03	+1.395e+03	+9.529e+03	+0.176
150.900	+8.320e+03	+3.165e+03	+9.501e+03	+0.276
151.000	+8.155e+03	+1.816e+03	+1.035e+04	+0.182
151.100	+7.817e+03	+2.512e+03	+1.027e+04	+0.243
151.200	+7.696e+03	+2.561e+03	+1.004e+04	+0.250
151.300	+7.441e+03	+2.397e+03	+1.093e+04	+0.244
151.400	+5.935e+03	+1.729e+03	+9.973e+03	+0.226
151.500	+6.423e+03	+2.561e+03	+8.920e+03	+0.285
151.600	+7.769e+03	+3.159e+03	+9.908e+03	+0.289
151.700	+7.754e+03	+2.407e+03	+1.012e+04	+0.237
151.800	+7.068e+03	+1.788e+03	+1.098e+04	+0.202
151.900	+7.160e+03	+2.384e+03	+1.030e+04	+0.250
152.000	+7.488e+03	+2.781e+03	+1.029e+04	+0.271
152.100	+7.879e+03	+2.585e+03	+9.832e+03	+0.247
152.200	+7.410e+03	+3.201e+03	+9.211e+03	+0.302
152.300	+7.146e+03	+2.114e+03	+1.127e+04	+0.228
152.400	+7.404e+03	+2.531e+03	+9.680e+03	+0.255
152.500	+6.106e+03	+1.916e+03	+8.131e+03	+0.239
152.600	+7.789e+03	+2.971e+03	+1.012e+04	+0.276
152.700	+7.246e+03	+1.877e+03	+1.110e+04	+0.206
152.800	+7.079e+03	+1.197e+03	+9.459e+03	+0.145
152.900	+8.144e+03	+2.362e+03	+1.017e+04	+0.225
153.000	+8.556e+03	+2.603e+03	+1.020e+04	+0.233
153.100	+7.374e+03	+2.606e+03	+8.551e+03	+0.261
153.200	+7.774e+03	+3.066e+03	+1.060e+04	+0.283
153.300	+7.326e+03	+2.996e+03	+9.846e+03	+0.290
153.400	+8.187e+03	+3.813e+03	+9.906e+03	+0.318
153.500	+7.854e+03	+2.556e+03	+8.277e+03	+0.246
153.600	+8.166e+03	+4.255e+03	+8.775e+03	+0.343
153.700	+8.604e+03	+2.460e+03	+1.059e+04	+0.222
153.800	+6.820e+03	+2.985e+03	+1.044e+04	+0.304
153.900	+6.729e+03	+2.383e+03	+9.845e+03	+0.261
154.000	+7.476e+03	+3.131e+03	+9.686e+03	+0.295
154.100	+7.941e+03	+2.077e+03	+9.876e+03	+0.207
154.200	+6.757e+03	+1.481e+03	+1.069e+04	+0.180
154.300	+9.416e+03	+3.518e+03	+9.740e+03	+0.272
154.400	+7.273e+03	+3.334e+03	+1.056e+04	+0.314
154.500	+6.980e+03	+2.541e+03	+9.605e+03	+0.267
154.600	+6.791e+03	+3.999e+03	+1.067e+04	+0.371
154.700	+8.908e+03	+2.715e+03	+9.957e+03	+0.234
154.800	+6.991e+03	+2.851e+03	+1.032e+04	+0.290
154.900	+6.947e+03	+2.312e+03	+9.887e+03	+0.250
155.000	+6.828e+03	+1.086e+03	+1.035e+04	+0.137
155.100	+8.411e+03	+2.964e+03	+1.027e+04	+0.261
155.200	+7.080e+03	+3.319e+03	+9.774e+03	+0.319
155.300	+7.573e+03	+2.207e+03	+9.215e+03	+0.226
155.400	+6.741e+03	+2.287e+03	+1.044e+04	+0.253
155.500	+7.971e+03	+2.458e+03	+9.734e+03	+0.236
155.600	+6.752e+03	+2.862e+03	+9.306e+03	+0.298
155.700	+8.753e+03	+2.654e+03	+9.864e+03	+0.233
155.800	+7.601e+03	+1.297e+03	+9.916e+03	+0.146
155.900	+6.896e+03	+2.510e+03	+9.812e+03	+0.267
156.000	+7.806e+03	+3.229e+03	+1.074e+04	+0.293
156.100	+7.887e+03	+2.076e+03	+1.047e+04	+0.208
156.200	+7.289e+03	+2.779e+03	+1.007e+04	+0.276
156.300	+8.017e+03	+2.593e+03	+9.719e+03	+0.244
156.400	+7.364e+03	+3.059e+03	+1.050e+04	+0.293
156.500	+8.036e+03	+2.462e+03	+9.449e+03	+0.235
156.600	+6.575e+03	+1.279e+03	+9.512e+03	+0.163
156.700	+6.648e+03	+2.844e+03	+1.010e+04	+0.300
156.800	+8.935e+03	+2.697e+03	+1.068e+04	+0.232
156.900	+7.918e+03	+2.439e+03	+1.087e+04	+0.235
157.000	+7.233e+03	+2.585e+03	+9.707e+03	+0.263
157.100	+6.980e+03	+1.380e+03	+1.079e+04	+0.165
157.200	+8.107e+03	+2.527e+03	+1.002e+04	+0.238
157.300	+7.695e+03	+1.574e+03	+1.026e+04	+0.170
157.400	+7.063e+03	+4.001e+03	+1.084e+04	+0.362
157.500	+7.084e+03	+3.618e+03	+1.032e+04	+0.338
157.600	+7.875e+03	+3.623e+03	+1.052e+04	+0.315
157.700	+7.959e+03	+3.892e+03	+9.982e+03	+0.328
157.800	+7.989e+03	+2.856e+03	+9.581e+03	+0.263
157.900	+7.700e+03	+2.469e+03	+1.009e+04	+0.243
158.000	+7.746e+03	+1.476e+03	+9.119e+03	+0.160
158.100	+6.229e+03	+2.453e+03	+1.015e+04	+0.282
158.200	+6.423e+03	+3.078e+03	+1.017e+04	+0.324
158.300	+8.456e+03	+1.741e+03	+9.226e+03	+0.171
158.400	+7.334e+03	+2.812e+03	+8.776e+03	+0.277
158.500	+7.072e+03	+2.569e+03	+8.651e+03	+0.266
158.600	+7.739e+03	+2.921e+03	+1.020e+04	+0.274
158.700	+7.949e+03	+3.716e+03	+1.098e+04	+0.319
158.800	+6.801e+03	+2.328e+03	+1.069e+04	+0.255
158.900	+7.427e+03	+2.520e+03	+1.027e+04	+0.253
159.000	+8.017e+03	+3.956e+03	+1.021e+04	+0.330
159.100	+6.810e+03	+1.825e+03	+1.124e+04	+0.211
159.200	+7.570e+03	+1.707e+03	+8.886e+03	+0.184
159.300	+6.954e+03	+2.597e+03	+1.020e+04	+0.272
159.400	+6.648e+03	+2.041e+03	+1.101e+04	+0.235
159.500	+7.913e+03	+2.695e+03	+1.008e+04	+0.254
159.600	+7.422e+03	+2.052e+03	+1.035e+04	+0.217
159.700	+8.541e+03	+3.736e+03	+9.742e+03	+0.304
159.800	+7.585e+03	+2.787e+03	+8.923e+03	+0.269
159.900	+7.171e+03	+3.365e+03	+1.011e+04	+0.319
160.000	+7.380e+03	+3.574e+03	+9.161e+03	+0.326
160.100	+6.962e+03	+2.207e+03	+1.010e+04	+0.241
160.200	+7.469e+03	+3.477e+03	+1.032e+04	+0.318
160.300	+7.310e+03	+3.881e+03	+1.114e+04	+0.347
160.400	+7.205e+03	+2.517e+03	+9.787e+03	+0.259
160.500	+7.879e+03	+3.296e+03	+8.961e+03	+0.295
160.600	+8.238e+03	+3.730e+03	+9.612e+03	+0.312
160.700	+7.932e+03	+2.095e+03	+1.134e+04	+0.209
160.800	+7.932e+03	+3.136e+03	+1.039e+04	+0.283
160.900	+8.266e+03	+2.638e+03	+9.319e+03	+0.242
161.000	+7.016e+03	+2.797e+03	+9.348e+03	+0.285
161.100	+7.288e+03	+1.847e+03	+1.086e+04	+0.202
161.200	+7.780e+03	+2.919e+03	+9.631e+03	+0.273
161.300	+8.216e+03	+4.111e+03	+1.085e+04	+0.334
161.400	+7.581e+03	+2.167e+03	+9.991e+03	+0.222
161.500	+7.372e+03	+1.601e+03	+1.050e+04	+0.178
161.600	+6.837e+03	+1.803e+03	+1.101e+04	+0.209
161.700	+8.040e+03	+2.140e+03	+9.690e+03	+0.210
161.800	+7.107e+03	+4.268e+03	+1.014e+04	+0.375
161.900	+8.091e+03	+2.197e+03	+1.035e+04	+0.214
162.000	+8.140e+03	+2.860e+03	+1.010e+04	+0.260
162.100	+7.918e+03	+2.807e+03	+1.009e+04	+0.262
162.200	+7.191e+03	+3.063e+03	+1.020e+04	+0.299
162.300	+7.927e+03	+3.008e+03	+1.007e+04	+0.275
162.400	+7.502e+03	+2.830e+03	+9.077e+03	+0.274
162.500	+7.581e+03	+2.387e+03	+1.008e+04	+0.239
162.600	+7.578e+03	+2.695e+03	+1.057e+04	+0.262
162.700	+7.268e+03	+1.833e+03	+9.445e+03	+0.201
162.800	+8.031e+03	+4.321e+03	+9.553e+03	+0.350
162.900	+6.343e+03	+2.676e+03	+1.147e+04	+0.297
163.000	+8.857e+03	+3.228e+03	+9.610e+03	+0.267
163.100	+6.161e+03	+2.578e+03	+9.184e+03	+0.295
163.200	+6.115e+03	+3.585e+03	+9.929e+03	+0.370
163.300	+6.558e+03	+4.183e+03	+9.936e+03	+0.389
163.400	+6.848e+03	+2.531e+03	+9.751e+03	+0.270
163.500	+7.538e+03	+1.166e+03	+1.174e+04	+0.134
163.600	+8.464e+03	+2.132e+03	+9.780e+03	+0.201
163.700	+7.187e+03	+2.297e+03	+9.725e+03	+0.242
163.800	+7.124e+03	+1.634e+03	+9.448e+03	+0.187
163.900	+6.341e+03	+3.014e+03	+8.871e+03	+0.322
164.000	+7.114e+03	+2.182e+03	+1.023e+04	+0.235
164.100	+7.555e+03	+1.632e+03	+8.933e+03	+0.178
164.200	+7.034e+03	+7.105e+02	+1.014e+04	+0.092
164.300	+7.743e+03	+2.924e+03	+1.054e+04	+0.274
164.400	+7.045e+03	+2.327e+03	+1.135e+04	+0.248
164.500	+7.325e+03	+2.027e+03	+1.028e+04	+0.217
164.600	+7.421e+03	+1.438e+03	+1.003e+04	+0.162
164.700	+7.591e+03	+3.787e+03	+9.448e+03	+0.333
164.800	+7.668e+03	+2.442e+03	+9.633e+03	+0.242
164.900	+7.615e+03	+1.339e+03	+1.040e+04	+0.150
165.000	+7.528e+03	+2.054e+03	+1.049e+04	+0.214
165.100	+7.991e+03	+2.014e+03	+8.620e+03	+0.201
165.200	+5.888e+03	+2.451e+03	+1.012e+04	+0.294
165.300	+7.316e+03	+3.103e+03	+9.857e+03	+0.298
165.400	+8.139e+03	+1.505e+03	+1.064e+04	+0.156
165.500	+6.647e+03	+2.107e+03	+9.510e+03	+0.241
165.600	+7.999e+03	+2.685e+03	+9.488e+03	+0.251
165.700	+7.823e+03	+3.487e+03	+1.048e+04	+0.308
165.800	+8.564e+03	+1.900e+03	+1.022e+04	+0.182
165.900	+7.409e+03	+2.798e+03	+1.050e+04	+0.274
166.000	+7.512e+03	+2.742e+03	+8.884e+03	+0.267
166.100	+7.889e+03	+3.734e+03	+1.013e+04	+0.321
166.200	+8.435e+03	+2.509e+03	+1.121e+04	+0.229
166.300	+7.068e+03	+1.993e+03	+1.015e+04	+0.220
166.400	+6.939e+03	+2.530e+03	+1.038e+04	+0.267
166.500	+7.173e+03	+1.593e+03	+1.044e+04	+0.182
166.600	+7.805e+03	+1.979e+03	+1.050e+04	+0.202
166.700	+8.370e+03	+1.759e+03	+9.713e+03	+0.174
166.800	+8.197e+03	+1.545e+03	+1.067e+04	+0.159
166.900	+8.214e+03	+1.168e+03	+1.055e+04	+0.125
167.000	+8.468e+03	+1.064e+03	+8.976e+03	+0.112
167.100	+8.603e+03	+2.984e+03	+1.082e+04	+0.258
167.200	+8.405e+03	+3.127e+03	+1.120e+04	+0.271
167.300	+8.102e+03	+3.086e+03	+9.816e+03	+0.276
167.400	+6.903e+03	+3.482e+03	+9.499e+03	+0.335
167.500	+7.781e+03	+1.710e+03	+1.085e+04	+0.180
167.600	+8.455e+03	+2.259e+03	+1.099e+04	+0.211
167.700	+6.127e+03	+3.167e+03	+1.011e+04	+0.341
167.800	+6.703e+03	+2.658e+03	+1.115e+04	+0.284
167.900	+7.607e+03	+2.889e+03	+9.926e+03	+0.275
168.000	+7.561e+03	+2.846e+03	+1.060e+04	+0.273
168.100	+8.767e+03	+2.188e+03	+9.898e+03	+0.200
168.200	+8.000e+03	+9.865e+02	+1.083e+04	+0.110
168.300	+6.386e+03	+2.141e+03	+1.034e+04	+0.251
168.400	+7.687e+03	+2.668e+03	+8.264e+03	+0.258
168.500	+7.786e+03	+3.371e+03	+9.240e+03	+0.302
168.600	+8.057e+03	+3.054e+03	+1.038e+04	+0.275
168.700	+8.435e+03	+2.582e+03	+1.048e+04	+0.234
168.800	+7.311e+03	+1.887e+03	+1.031e+04	+0.205
168.900	+7.467e+03	+1.684e+03	+1.020e+04	+0.184
169.000	+7.878e+03	+3.737e+03	+8.851e+03	+0.322
169.100	+8.046e+03	+2.130e+03	+9.900e+03	+0.209
169.200	+8.245e+03	+2.736e+03	+1.004e+04	+0.249
169.300	+7.383e+03	+2.897e+03	+1.071e+04	+0.282
169.400	+6.358e+03	+2.196e+03	+1.092e+04	+0.257
169.500	+6.887e+03	+2.404e+03	+1.011e+04	+0.259
169.600	+7.426e+03	+1.698e+03	+1.058e+04	+0.186
169.700	+7.621e+03	+1.824e+03	+9.480e+03	+0.193
169.800	+7.376e+03	+2.841e+03	+1.012e+04	+0.278
169.900	+8.536e+03	+1.937e+03	+1.070e+04	+0.185
170.000	+8.107e+03	+1.591e+03	+9.664e+03	+0.164
170.100	+7.145e+03	+3.681e+03	+1.005e+04	+0.340
170.200	+6.646e+03	+2.360e+03	+1.039e+04	+0.262
170.300	+6.787e+03	+3.380e+03	+9.892e+03	+0.332
170.400	+7.632e+03	+2.885e+03	+1.045e+04	+0.274
170.500	+7.098e+03	+2.532e+03	+1.030e+04	+0.263
170.600	+8.103e+03	+1.567e+03	+1.013e+04	+0.162
170.700	+8.155e+03	+1.930e+03	+9.078e+03	+0.191
170.800	+7.803e+03	+4.111e+03	+8.578e+03	+0.345
170.900	+8.302e+03	+2.605e+03	+1.057e+04	+0.239
171.000	+6.765e+03	+3.844e+03	+1.050e+04	+0.362
171.100	+8.947e+03	+3.136e+03	+1.009e+04	+0.260
171.200	+6.783e+03	+2.926e+03	+1.057e+04	+0.301
171.300	+7.839e+03	+1.331e+03	+1.075e+04	+0.145
171.400	+8.202e+03	+2.548e+03	+9.460e+03	+0.237
171.500	+7.233e+03	+2.199e+03	+1.068e+04	+0.233
171.600	+7.976e+03	+2.428e+03	+1.047e+04	+0.233
171.700	+6.068e+03	+1.987e+03	+9.543e+03	+0.247
171.800	+7.709e+03	+3.447e+03	+1.008e+04	+0.309
171.900	+7.397e+03	+2.960e+03	+1.051e+04	+0.286
172.000	+6.925e+03	+1.656e+03	+1.070e+04	+0.193
172.100	+7.406e+03	+2.593e+03	+9.631e+03	+0.259
172.200	+8.170e+03	+3.132e+03	+1.028e+04	+0.277
172.300	+7.108e+03	+2.479e+03	+1.004e+04	+0.259
172.400	+7.326e+03	+3.134e+03	+1.069e+04	+0.300
172.500	+7.035e+03	+1.343e+03	+1.149e+04	+0.160
172.600	+6.771e+03	+2.238e+03	+9.913e+03	+0.248
172.700	+8.951e+03	+2.236e+03	+9.466e+03	+0.200
172.800	+8.519e+03	+1.818e+03	+1.072e+04	+0.176
172.900	+7.673e+03	+1.174e+03	+1.113e+04	+0.133
173.000	+7.339e+03	+2.301e+03	+9.827e+03	+0.239
173.100	+6.715e+03	+1.723e+03	+1.083e+04	+0.204
173.200	+6.945e+03	+3.858e+03	+9.687e+03	+0.357
173.300	+6.905e+03	+3.513e+03	+1.058e+04	+0.337
173.400	+7.297e+03	+1.575e+03	+1.035e+04	+0.178
173.500	+7.658e+03	+2.025e+03	+1.068e+04	+0.209
173.600	+7.802e+03	+3.176e+03	+9.474e+03	+0.289
173.700	+7.042e+03	+2.301e+03	+8.853e+03	+0.246
173.800	+7.030e+03	+2.483e+03	+1.024e+04	+0.261
173.900	+6.936e+03	+3.057e+03	+1.037e+04	+0.306
174.000	+7.794e+03	+2.520e+03	+1.011e+04	+0.244
174.100	+6.245e+03	+1.356e+03	+1.067e+04	+0.178
174.200	+7.434e+03	+2.604e+03	+1.057e+04	+0.259
174.300	+7.183e+03	+2.613e+03	+1.010e+04	+0.267
174.400	+7.844e+03	+3.015e+03	+8.011e+03	+0.278
174.500	+7.291e+03	+2.627e+03	+1.040e+04	+0.265
174.600	+6.409e+03	+1.108e+03	+8.684e+03	+0.147
174.700	+6.622e+03	+3.475e+03	+9.140e+03	+0.344
174.800	+7.588e+03	+1.742e+03	+8.899e+03	+0.187
174.900	+7.506e+03	+1.660e+03	+8.989e+03	+0.181
175.000	+7.111e+03	+2.342e+03	+1.061e+04	+0.248
175.100	+7.121e+03	+2.456e+03	+9.701e+03	+0.256
175.200	+7.692e+03	+3.710e+03	+1.069e+04	+0.325
175.300	+7.507e+03	+2.618e+03	+1.007e+04	+0.259
175.400	+7.911e+03	+2.842e+03	+9.922e+03	+0.264
175.500	+7.902e+03	+7.448e+02	+9.785e+03	+0.086
175.600	+7.176e+03	+3.900e+03	+1.121e+04	+0.352
175.700	+7.455e+03	+2.586e+03	+1.099e+04	+0.258
175.800	+8.824e+03	+1.769e+03	+1.045e+04	+0.167
175.900	+6.222e+03	+2.672e+03	+9.941e+03	+0.300
176.000	+8.132e+03	+3.162e+03	+9.854e+03	+0.280
176.100	+8.945e+03	+2.271e+03	+9.871e+03	+0.203
176.200	+7.340e+03	+2.264e+03	+9.942e+03	+0.236
176.300	+7.883e+03	+1.403e+03	+1.088e+04	+0.151
176.400	+7.408e+03	+1.523e+03	+1.114e+04	+0.170
176.500	+7.822e+03	+2.826e+03	+9.645e+03	+0.265
176.600	+6.989e+03	+3.333e+03	+9.253e+03	+0.323
176.700	+7.685e+03	+2.663e+03	+9.087e+03	+0.257
176.800	+8.620e+03	+2.860e+03	+9.814e+03	+0.249
176.900	+7.553e+03	+2.789e+03	+1.036e+04	+0.270
177.000	+7.253e+03	+2.262e+03	+8.749e+03	+0.238
177.100	+7.541e+03	+2.135e+03	+9.356e+03	+0.221
177.200	+6.814e+03	+1.428e+03	+1.032e+04	+0.173
177.300	+7.787e+03	+2.906e+03	+9.397e+03	+0.272
177.400	+7.373e+03	+2.244e+03	+1.005e+04	+0.233
177.500	+6.972e+03	+2.436e+03	+1.046e+04	+0.259
177.600	+7.399e+03	+2.028e+03	+1.088e+04	+0.215
177.700	+6.357e+03	+2.294e+03	+9.367e+03	+0.265
177.800	+7.962e+03	+2.688e+03	+1.092e+04	+0.252
177.900	+7.321e+03	+3.273e+03	+9.674e+03	+0.309
178.000	+7.112e+03	+1.232e+03	+1.014e+04	+0.148
178.100	+7.501e+03	+2.558e+03	+1.204e+04	+0.254
178.200	+6.626e+03	+1.996e+03	+1.018e+04	+0.231
178.300	+8.617e+03	+2.098e+03	+9.929e+03	+0.196
178.400	+6.446e+03	+3.364e+03	+1.045e+04	+0.343
178.500	+7.197e+03	+2.850e+03	+9.865e+03	+0.284
178.600	+7.480e+03	+2.665e+03	+1.112e+04	+0.263
178.700	+7.828e+03	+2.638e+03	+9.482e+03	+0.252
178.800	+7.563e+03	+2.940e+03	+1.060e+04	+0.280
178.900	+7.380e+03	+2.645e+03	+9.053e+03	+0.264
179.000	+7.635e+03	+2.901e+03	+1.021e+04	+0.275
179.100	+6.892e+03	+3.238e+03	+9.904e+03	+0.320
179.200	+5.888e+03	+1.702e+03	+9.541e+03	+0.224
179.300	+8.016e+03	+1.776e+03	+1.076e+04	+0.181
179.400	+7.677e+03	+2.588e+03	+1.016e+04	+0.252
179.500	+7.520e+03	+3.001e+03	+1.040e+04	+0.285
179.600	+8.052e+03	+3.012e+03	+1.001e+04	+0.272
179.700	+7.665e+03	+2.478e+03	+9.424e+03	+0.244
179.800	+7.583e+03	+3.458e+03	+9.721e+03	+0.313
179.900	+8.069e+03	+1.736e+03	+1.061e+04	+0.177
180.000	+7.600e+03	+2.404e+03	+9.929e+03	+0.240
180.100	+7.340e+03	+1.899e+03	+8.945e+03	+0.206
180.200	+7.256e+03	+3.451e+03	+1.009e+04	+0.322
180.300	+8.546e+03	+1.527e+03	+9.116e+03	+0.152
180.400	+8.056e+03	+1.223e+03	+9.005e+03	+0.132
180.500	+7.467e+03	+2.804e+03	+9.204e+03	+0.273
180.600	+8.457e+03	+3.335e+03	+1.098e+04	+0.283
180.700	+8.035e+03	+3.489e+03	+9.872e+03	+0.303
180.800	+7.457e+03	+2.036e+03	+1.117e+04	+0.215
180.900	+6.972e+03	+3.559e+03	+9.750e+03	+0.338
181.000	+6.453e+03	+2.691e+03	+9.449e+03	+0.294
181.100	+8.699e+03	+1.510e+03	+9.855e+03	+0.148
181.200	+7.025e+03	+2.535e+03	+9.275e+03	+0.265
181.300	+7.207e+03	+1.057e+03	+1.034e+04	+0.128
181.400	+6.932e+03	+3.603e+03	+1.107e+04	+0.342
181.500	+6.811e+03	+2.748e+03	+9.663e+03	+0.287
181.600	+7.229e+03	+2.996e+03	+1.119e+04	+0.293
181.700	+6.769e+03	+2.647e+03	+9.637e+03	+0.281
181.800	+7.501e+03	+2.784e+03	+9.288e+03	+0.271
181.900	+7.526e+03	+1.770e+03	+1.054e+04	+0.190
182.000	+8.517e+03	+2.613e+03	+1.077e+04	+0.235
182.100	+5.766e+03	+1.982e+03	+9.945e+03	+0.256
182.200	+6.584e+03	+3.620e+03	+1.079e+04	+0.355
182.300	+7.285e+03	+3.227e+03	+1.047e+04	+0.307
182.400	+7.401e+03	+3.957e+03	+1.022e+04	+0.348
182.500	+8.151e+03	+1.512e+03	+9.202e+03	+0.156
182.600	+7.145e+03	+2.946e+03	+1.085e+04	+0.292
182.700	+7.022e+03	+2.287e+03	+1.121e+04	+0.246
182.800	+8.988e+03	+2.402e+03	+8.853e+03	+0.211
182.900	+7.214e+03	+1.752e+03	+9.640e+03	+0.195
183.000	+8.076e+03	+3.124e+03	+1.080e+04	+0.279
183.100	+7.023e+03	+2.595e+03	+9.983e+03	+0.270
183.200	+7.628e+03	+2.982e+03	+1.077e+04	+0.281
183.300	+6.429e+03	+2.912e+03	+9.769e+03	+0.312
183.400	+7.371e+03	+3.626e+03	+9.585e+03	+0.330
183.500	+6.745e+03	+1.908e+03	+1.028e+04	+0.220
183.600	+7.112e+03	+2.808e+03	+1.030e+04	+0.283
183.700	+7.685e+03	+4.328e+03	+9.476e+03	+0.360
183.800	+8.329e+03	+1.820e+03	+9.688e+03	+0.179
183.900	+7.657e+03	+2.263e+03	+9.615e+03	+0.228
184.000	+8.618e+03	+1.892e+03	+1.095e+04	+0.180
184.100	+7.032e+03	+1.748e+03	+1.049e+04	+0.199
184.200	+7.698e+03	+2.233e+03	+9.844e+03	+0.225
184.300	+6.797e+03	+1.999e+03	+8.741e+03	+0.227
184.400	+8.016e+03	+2.000e+03	+9.185e+03	+0.200
184.500	+8.305e+03	+2.800e+03	+9.741e+03	+0.252
184.600	+8.520e+03	+2.902e+03	+1.001e+04	+0.254
184.700	+7.375e+03	+3.795e+03	+8.722e+03	+0.340
184.800	+8.287e+03	+1.866e+03	+8.633e+03	+0.184
184.900	+7.586e+03	+2.678e+03	+1.135e+04	+0.261
185.000	+7.385e+03	+3.245e+03	+9.031e+03	+0.305
185.100	+7.261e+03	+1.890e+03	+9.262e+03	+0.206
185.200	+6.814e+03	+2.255e+03	+1.014e+04	+0.249
185.300	+6.872e+03	+2.772e+03	+9.230e+03	+0.287
185.400	+7.393e+03	+3.946e+03	+9.043e+03	+0.348
185.500	+9.027e+03	+2.135e+03	+8.456e+03	+0.191
185.600	+6.808e+03	+2.719e+03	+1.074e+04	+0.285
185.700	+8.203e+03	+2.988e+03	+1.033e+04	+0.267
185.800	+8.331e+03	+2.409e+03	+9.970e+03	+0.224
185.900	+7.190e+03	+2.729e+03	+1.013e+04	+0.275
186.000	+8.182e+03	+3.129e+03	+1.003e+04	+0.277
186.100	+8.307e+03	+2.736e+03	+8.616e+03	+0.248
186.200	+7.317e+03	+4.095e+02	+1.016e+04	+0.053
186.300	+7.988e+03	+2.982e+03	+1.011e+04	+0.272
186.400	+7.724e+03	+3.059e+03	+1.053e+04	+0.284
186.500	+8.280e+03	+3.155e+03	+1.056e+04	+0.276
186.600	+7.088e+03	+2.825e+03	+1.084e+04	+0.285
186.700	+6.730e+03	+2.379e+03	+9.975e+03	+0.261
186.800	+7.026e+03	+2.839e+03	+9.439e+03	+0.288
186.900	+7.847e+03	+2.632e+03	+1.131e+04	+0.251
187.000	+7.235e+03	+2.554e+03	+1.003e+04	+0.261
187.100	+7.282e+03	+3.641e+03	+9.363e+03	+0.333
187.200	+8.666e+03	+3.357e+03	+1.110e+04	+0.279
187.300	+6.942e+03	+2.756e+03	+1.038e+04	+0.284
187.400	+7.940e+03	+2.178e+03	+9.904e+03	+0.215
187.500	+7.851e+03	+3.820e+03	+1.076e+04	+0.327
187.600	+7.349e+03	+1.984e+03	+9.221e+03	+0.213
187.700	+8.033e+03	+3.537e+03	+9.953e+03	+0.306
187.800	+7.532e+03	+3.012e+03	+8.901e+03	+0.286
187.900	+6.984e+03	+2.165e+03	+9.150e+03	+0.237
188.000	+6.333e+03	+2.000e+03	+1.034e+04	+0.240
188.100	+7.797e+03	+1.925e+03	+9.136e+03	+0.198
188.200	+7.684e+03	+2.072e+03	+1.076e+04	+0.212
188.300	+6.367e+03	+1.876e+03	+9.334e+03	+0.228
188.400	+7.422e+03	+2.467e+03	+9.369e+03	+0.249
188.500	+7.929e+03	+1.698e+03	+1.108e+04	+0.176
188.600	+7.550e+03	+3.442e+03	+1.061e+04	+0.313
188.700	+7.891e+03	+2.200e+03	+9.879e+03	+0.218
188.800	+8.190e+03	+2.502e+03	+9.486e+03	+0.234
188.900	+7.665e+03	+3.141e+03	+1.019e+04	+0.291
189.000	+7.237e+03	+4.868e+03	+1.102e+04	+0.402
189.100	+8.069e+03	+2.587e+03	+1.088e+04	+0.243
189.200	+7.051e+03	+2.405e+03	+9.560e+03	+0.254
189.300	+7.567e+03	+2.690e+03	+8.956e+03	+0.262
189.400	+7.195e+03	+2.976e+03	+1.018e+04	+0.293
189.500	+7.540e+03	+1.804e+03	+1.106e+04	+0.193
189.600	+7.705e+03	+3.353e+03	+9.844e+03	+0.303
189.700	+7.978e+03	+3.636e+03	+1.026e+04	+0.313
189.800	+6.943e+03	+3.583e+03	+9.734e+03	+0.340
189.900	+6.535e+03	+1.531e+03	+9.134e+03	+0.190
190.000	+7.004e+03	+2.005e+03	+9.242e+03	+0.223
190.100	+7.339e+03	+2.281e+03	+1.041e+04	+0.237
190.200	+7.680e+03	+1.817e+03	+8.697e+03	+0.191
190.300	+7.494e+03	+2.865e+03	+1.013e+04	+0.277
190.400	+7.036e+03	+3.590e+03	+9.527e+03	+0.338
190.500	+6.871e+03	+2.730e+03	+1.084e+04	+0.284
190.600	+8.912e+03	+3.489e+03	+1.029e+04	+0.281
190.700	+8.213e+03	+1.730e+03	+1.028e+04	+0.174
190.800	+6.732e+03	+2.836e+03	+8.665e+03	+0.296
190.900	+7.071e+03	+2.319e+03	+9.471e+03	+0.247
191.000	+8.044e+03	+2.951e+03	+9.588e+03	+0.268
191.100	+7.333e+03	+3.369e+03	+9.992e+03	+0.315
191.200	+7.082e+03	+2.606e+03	+1.037e+04	+0.269
191.300	+6.861e+03	+2.522e+03	+8.920e+03	+0.269
