%t (s)	Idd (a.u.)	Ida (a.u.)	Iaa (a.u.)	FRET E
0.000	+3.907e+03	+4.337e+03	+9.438e+03	+0.526
0.100	+5.309e+03	+5.171e+03	+9.030e+03	+0.493
0.200	+4.341e+03	+5.914e+03	+1.077e+04	+0.577
0.300	+5.596e+03	+6.491e+03	+9.857e+03	+0.537
0.400	+3.718e+03	+4.624e+03	+1.042e+04	+0.554
0.500	+4.289e+03	+3.581e+03	+1.202e+04	+0.455
0.600	+5.146e+03	+4.604e+03	+1.031e+04	+0.472
0.700	+5.643e+03	+6.185e+03	+9.709e+03	+0.523
0.800	+5.213e+03	+5.142e+03	+1.105e+04	+0.497
0.900	+5.390e+03	+4.486e+03	+1.057e+04	+0.454
1.000	+5.059e+03	+4.537e+03	+9.186e+03	+0.473
1.100	+4.805e+03	+4.664e+03	+9.884e+03	+0.493
1.200	+6.284e+03	+5.809e+03	+1.011e+04	+0.480
1.300	+5.223e+03	+3.320e+03	+1.005e+04	+0.389
1.400	+5.198e+03	+5.612e+03	+1.014e+04	+0.519
1.500	+4.378e+03	+5.273e+03	+1.015e+04	+0.546
1.600	+7.203e+03	+2.241e+03	+9.577e+03	+0.237
1.700	+7.349e+03	+3.613e+03	+9.042e+03	+0.330
1.800	+8.025e+03	+2.067e+03	+1.047e+04	+0.205
1.900	+6.622e+03	+3.559e+03	+1.027e+04	+0.350
2.000	+8.193e+03	+1.318e+03	+9.682e+03	+0.139
2.100	+7.596e+03	+3.477e+03	+8.896e+03	+0.314
2.200	+7.223e+03	+2.525e+03	+1.107e+04	+0.259
2.300	+7.540e+03	+2.265e+03	+9.777e+03	+0.231
2.400	+7.691e+03	+1.564e+03	+9.298e+03	+0.169
2.500	+7.327e+03	+2.320e+03	+1.043e+04	+0.240
2.600	+7.572e+03	+2.581e+03	+1.084e+04	+0.254
2.700	+7.647e+03	+2.700e+03	+1.020e+04	+0.261
2.800	+6.673e+03	+4.207e+03	+9.965e+03	+0.387
2.900	+7.465e+03	+1.839e+03	+1.005e+04	+0.198
3.000	+7.245e+03	+2.298e+03	+1.044e+04	+0.241
3.100	+6.937e+03	+3.192e+03	+9.108e+03	+0.315
3.200	+6.537e+03	+1.716e+03	+1.060e+04	+0.208
3.300	+8.349e+03	+3.777e+03	+9.458e+03	+0.311
3.400	+6.763e+03	+1.318e+03	+1.090e+04	+0.163
3.500	+6.971e+03	+3.374e+03	+1.087e+04	+0.326
3.600	+7.655e+03	+2.673e+03	+1.034e+04	+0.259
3.700	+7.185e+03	+2.761e+03	+9.211e+03	+0.278
3.800	+6.725e+03	+3.210e+03	+8.717e+03	+0.323
3.900	+7.342e+03	+2.513e+03	+1.067e+04	+0.255
4.000	+6.959e+03	+1.636e+03	+9.673e+03	+0.190
4.100	+8.161e+03	+2.291e+03	+9.715e+03	+0.219
4.200	+7.207e+03	+2.419e+03	+1.090e+04	+0.251
4.300	+7.100e+03	+1.902e+03	+9.981e+03	+0.211
4.400	+7.136e+03	+2.101e+03	+9.738e+03	+0.227
4.500	+7.128e+03	+2.641e+03	+1.018e+04	+0.270
4.600	+6.961e+03	+2.676e+03	+1.117e+04	+0.278
4.700	+6.083e+03	+2.965e+03	+1.152e+04	+0.328
4.800	+8.214e+03	+3.116e+03	+1.021e+04	+0.275
4.900	+6.785e+03	+4.027e+03	+1.002e+04	+0.372
5.000	+6.113e+03	+3.821e+03	+1.013e+04	+0.385
5.100	+6.632e+03	+3.182e+03	+9.038e+03	+0.324
5.200	+7.891e+03	+1.980e+03	+9.729e+03	+0.201
5.300	+7.533e+03	+2.456e+03	+9.227e+03	+0.246
5.400	+8.392e+03	+3.223e+03	+1.059e+04	+0.277
5.500	+8.333e+03	+2.356e+03	+9.085e+03	+0.220
5.600	+7.237e+03	+3.230e+03	+9.624e+03	+0.309
5.700	+7.981e+03	+1.934e+03	+1.070e+04	+0.195
5.800	+7.537e+03	+2.075e+03	+1.093e+04	+0.216
5.900	+7.627e+03	+1.273e+03	+1.058e+04	+0.143
6.000	+6.962e+03	+2.707e+03	+1.007e+04	+0.280
6.100	+6.930e+03	+1.726e+03	+8.554e+03	+0.199
6.200	+7.089e+03	+3.339e+03	+9.416e+03	+0.320
6.300	+7.265e+03	+2.161e+03	+1.045e+04	+0.229
6.400	+7.504e+03	+1.905e+03	+9.464e+03	+0.202
6.500	+8.387e+03	+3.301e+03	+1.001e+04	+0.282
6.600	+6.996e+03	+1.680e+03	+9.949e+03	+0.194
6.700	+6.846e+03	+2.756e+03	+1.089e+04	+0.287
6.800	+8.040e+03	+2.894e+03	+9.622e+03	+0.265
6.900	+8.952e+03	+2.471e+03	+9.744e+03	+0.216
7.000	+7.759e+03	+3.352e+03	+1.059e+04	+0.302
7.100	+7.906e+03	+1.882e+03	+9.254e+03	+0.192
7.200	+7.996e+03	+2.519e+03	+1.093e+04	+0.240
7.300	+7.867e+03	+3.030e+03	+1.081e+04	+0.278
7.400	+6.640e+03	+2.594e+03	+1.080e+04	+0.281
7.500	+7.130e+03	+1.659e+03	+1.010e+04	+0.189
7.600	+7.896e+03	+2.576e+03	+1.135e+04	+0.246
7.700	+6.636e+03	+2.969e+03	+9.449e+03	+0.309
7.800	+7.259e+03	+1.816e+03	+1.084e+04	+0.200
7.900	+6.272e+03	+2.753e+03	+1.029e+04	+0.305
8.000	+7.554e+03	+2.756e+03	+1.087e+04	+0.267
8.100	+7.288e+03	+2.772e+03	+1.013e+04	+0.276
8.200	+8.245e+03	+2.678e+03	+9.728e+03	+0.245
8.300	+7.306e+03	+2.198e+03	+8.698e+03	+0.231
8.400	+7.938e+03	+2.419e+03	+1.077e+04	+0.234
8.500	+8.784e+03	+3.270e+03	+1.013e+04	+0.271
8.600	+8.365e+03	+3.026e+03	+1.103e+04	+0.266
8.700	+6.742e+03	+1.646e+03	+9.034e+03	+0.196
8.800	+6.511e+03	+3.363e+03	+9.720e+03	+0.341
8.900	+7.355e+03	+2.894e+03	+1.048e+04	+0.282
9.000	+7.410e+03	+2.042e+03	+1.003e+04	+0.216
9.100	+7.423e+03	+2.362e+03	+1.003e+04	+0.241
9.200	+8.615e+03	+1.308e+03	+9.978e+03	+0.132
9.300	+7.371e+03	+2.520e+03	+9.596e+03	+0.255
9.400	+7.894e+03	+3.707e+03	+9.341e+03	+0.320
9.500	+7.575e+03	+2.214e+03	+1.015e+04	+0.226
9.600	+7.804e+03	+3.109e+03	+9.797e+03	+0.285
9.700	+7.489e+03	+3.225e+03	+9.775e+03	+0.301
9.800	+7.811e+03	+2.625e+03	+1.078e+04	+0.252
9.900	+7.782e+03	+2.624e+03	+9.259e+03	+0.252
10.000	+6.886e+03	+3.710e+03	+1.110e+04	+0.350
10.100	+7.565e+03	+2.107e+03	+9.447e+03	+0.218
10.200	+7.052e+03	+2.532e+03	+9.209e+03	+0.264
10.300	+8.361e+03	+2.293e+03	+1.001e+04	+0.215
10.400	+7.396e+03	+1.995e+03	+9.128e+03	+0.212
10.500	+6.946e+03	+2.849e+03	+9.915e+03	+0.291
10.600	+7.734e+03	+3.019e+03	+1.043e+04	+0.281
10.700	+7.412e+03	+3.105e+03	+1.031e+04	+0.295
10.800	+7.716e+03	+2.656e+03	+1.018e+04	+0.256
10.900	+7.666e+03	+1.523e+03	+1.008e+04	+0.166
11.000	+5.650e+03	+2.073e+03	+1.035e+04	+0.268
11.100	+5.245e+03	+3.162e+03	+9.573e+03	+0.376
11.200	+6.806e+03	+1.751e+03	+8.880e+03	+0.205
11.300	+7.149e+03	+1.653e+03	+9.917e+03	+0.188
11.400	+8.104e+03	+2.230e+03	+9.180e+03	+0.216
11.500	+7.707e+03	+2.419e+03	+1.015e+04	+0.239
11.600	+7.491e+03	+3.601e+03	+9.644e+03	+0.325
11.700	+7.560e+03	+2.524e+03	+1.018e+04	+0.250
11.800	+7.117e+03	+3.561e+03	+9.208e+03	+0.333
11.900	+6.951e+03	+2.369e+03	+9.559e+03	+0.254
12.000	+7.417e+03	+2.650e+03	+9.661e+03	+0.263
12.100	+7.029e+03	+2.912e+03	+8.725e+03	+0.293
12.200	+7.492e+03	+3.389e+03	+9.388e+03	+0.311
12.300	+7.537e+03	+2.333e+03	+1.095e+04	+0.236
12.400	+5.800e+03	+1.806e+03	+1.060e+04	+0.237
12.500	+7.623e+03	+2.769e+03	+9.406e+03	+0.266
12.600	+7.529e+03	+2.550e+03	+1.125e+04	+0.253
12.700	+6.871e+03	+1.720e+03	+1.054e+04	+0.200
12.800	+7.940e+03	+1.366e+03	+9.665e+03	+0.147
12.900	+7.930e+03	+3.461e+03	+8.741e+03	+0.304
13.000	+6.633e+03	+2.114e+03	+1.106e+04	+0.242
13.100	+5.641e+03	+2.165e+03	+9.927e+03	+0.277
13.200	+8.652e+03	+2.739e+03	+1.007e+04	+0.240
13.300	+8.389e+03	+1.836e+03	+1.018e+04	+0.180
13.400	+7.982e+03	+1.755e+03	+9.435e+03	+0.180
13.500	+6.399e+03	+2.789e+03	+1.007e+04	+0.304
13.600	+7.433e+03	+2.310e+03	+1.049e+04	+0.237
13.700	+6.858e+03	+1.379e+03	+9.967e+03	+0.167
13.800	+7.491e+03	+2.625e+03	+9.734e+03	+0.259
13.900	+7.059e+03	+2.672e+03	+1.071e+04	+0.275
14.000	+5.973e+03	+2.657e+03	+1.108e+04	+0.308
14.100	+7.985e+03	+2.190e+03	+1.045e+04	+0.215
14.200	+6.972e+03	+3.588e+03	+1.077e+04	+0.340
14.300	+7.130e+03	+2.159e+03	+9.837e+03	+0.232
14.400	+7.558e+03	+3.150e+03	+9.762e+03	+0.294
14.500	+7.747e+03	+2.647e+03	+9.138e+03	+0.255
14.600	+7.851e+03	+2.463e+03	+1.011e+04	+0.239
14.700	+7.976e+03	+3.413e+03	+9.554e+03	+0.300
14.800	+7.983e+03	+2.254e+03	+1.046e+04	+0.220
14.900	+8.088e+03	+1.400e+03	+9.789e+03	+0.148
15.000	+7.468e+03	+2.322e+03	+1.014e+04	+0.237
15.100	+7.894e+03	+3.019e+03	+9.841e+03	+0.277
15.200	+7.569e+03	+2.259e+03	+9.326e+03	+0.230
15.300	+7.263e+03	+2.205e+03	+9.317e+03	+0.233
15.400	+8.126e+03	+1.872e+03	+1.064e+04	+0.187
15.500	+7.650e+03	+2.807e+03	+1.079e+04	+0.268
15.600	+7.577e+03	+3.542e+03	+1.037e+04	+0.319
15.700	+7.677e+03	+3.458e+03	+9.762e+03	+0.311
15.800	+8.143e+03	+2.806e+03	+1.101e+04	+0.256
15.900	+6.557e+03	+2.577e+03	+9.576e+03	+0.282
16.000	+7.889e+03	+3.431e+03	+1.004e+04	+0.303
16.100	+8.724e+03	+4.203e+03	+1.024e+04	+0.325
16.200	+7.883e+03	+3.401e+03	+1.029e+04	+0.301
16.300	+7.465e+03	+2.151e+03	+1.066e+04	+0.224
16.400	+7.895e+03	+2.398e+03	+9.141e+03	+0.233
16.500	+7.332e+03	+3.157e+03	+1.039e+04	+0.301
16.600	+8.477e+03	+2.982e+03	+9.709e+03	+0.260
16.700	+6.348e+03	+1.590e+03	+8.891e+03	+0.200
16.800	+8.360e+03	+3.157e+03	+9.600e+03	+0.274
16.900	+7.277e+03	+1.945e+03	+1.044e+04	+0.211
17.000	+8.154e+03	+1.808e+03	+1.005e+04	+0.181
17.100	+7.890e+03	+3.673e+03	+1.017e+04	+0.318
17.200	+6.931e+03	+2.396e+03	+9.709e+03	+0.257
17.300	+5.854e+03	+1.993e+03	+9.970e+03	+0.254
17.400	+7.302e+03	+1.397e+03	+9.905e+03	+0.161
17.500	+5.977e+03	+3.604e+03	+1.003e+04	+0.376
17.600	+6.988e+03	+4.412e+01	+8.800e+03	+0.006
17.700	+8.444e+03	+2.487e+03	+1.047e+04	+0.228
17.800	+6.575e+03	+2.352e+03	+9.383e+03	+0.263
17.900	+8.385e+03	+2.853e+03	+9.080e+03	+0.254
18.000	+6.264e+03	+1.896e+03	+1.038e+04	+0.232
18.100	+7.131e+03	+2.242e+03	+9.736e+03	+0.239
18.200	+6.906e+03	+1.431e+03	+1.075e+04	+0.172
18.300	+6.002e+03	+3.180e+03	+1.100e+04	+0.346
18.400	+8.384e+03	+2.890e+03	+9.964e+03	+0.256
18.500	+7.301e+03	+2.596e+03	+1.155e+04	+0.262
18.600	+7.284e+03	+1.887e+03	+7.592e+03	+0.206
18.700	+7.397e+03	+1.606e+03	+8.821e+03	+0.178
18.800	+7.130e+03	+2.331e+03	+8.670e+03	+0.246
18.900	+8.147e+03	+2.409e+03	+9.651e+03	+0.228
19.000	+7.180e+03	+3.959e+03	+9.793e+03	+0.355
19.100	+8.372e+03	+3.128e+03	+1.009e+04	+0.272
19.200	+8.157e+03	+2.674e+03	+1.056e+04	+0.247
19.300	+7.806e+03	+2.752e+03	+9.433e+03	+0.261
19.400	+7.131e+03	+3.738e+03	+1.055e+04	+0.344
19.500	+7.362e+03	+2.286e+03	+9.743e+03	+0.237
19.600	+7.788e+03	+1.691e+03	+8.823e+03	+0.178
19.700	+7.815e+03	+2.754e+03	+9.464e+03	+0.261
19.800	+6.812e+03	+1.110e+03	+1.078e+04	+0.140
19.900	+7.507e+03	+2.266e+03	+1.067e+04	+0.232
20.000	+7.136e+03	+3.340e+03	+8.606e+03	+0.319
20.100	+7.735e+03	+1.488e+03	+9.461e+03	+0.161
20.200	+7.978e+03	+1.677e+03	+9.081e+03	+0.174
20.300	+8.203e+03	+2.603e+03	+1.052e+04	+0.241
20.400	+7.831e+03	+2.950e+03	+1.108e+04	+0.274
20.500	+7.493e+03	+3.384e+03	+1.013e+04	+0.311
20.600	+7.118e+03	+2.959e+03	+9.405e+03	+0.294
20.700	+7.827e+03	+2.513e+03	+9.826e+03	+0.243
20.800	+6.581e+03	+2.528e+03	+1.048e+04	+0.278
20.900	+7.875e+03	+2.994e+03	+1.037e+04	+0.275
21.000	+7.017e+03	+2.595e+03	+9.786e+03	+0.270
21.100	+8.436e+03	+1.608e+03	+1.090e+04	+0.160
21.200	+7.419e+03	+2.629e+03	+1.041e+04	+0.262
21.300	+7.457e+03	+2.316e+03	+1.010e+04	+0.237
21.400	+7.981e+03	+2.543e+03	+9.105e+03	+0.242
21.500	+7.371e+03	+2.723e+03	+1.050e+04	+0.270
21.600	+6.631e+03	+2.594e+03	+8.868e+03	+0.281
21.700	+8.213e+03	+2.047e+03	+1.009e+04	+0.199
21.800	+8.300e+03	+3.616e+03	+1.064e+04	+0.303
21.900	+7.049e+03	+3.377e+03	+9.732e+03	+0.324
22.000	+6.872e+03	+3.559e+03	+1.085e+04	+0.341
22.100	+7.415e+03	+3.220e+03	+1.019e+04	+0.303
22.200	+7.903e+03	+2.375e+03	+1.048e+04	+0.231
22.300	+7.482e+03	+2.577e+03	+9.968e+03	+0.256
22.400	+8.310e+03	+2.205e+03	+9.644e+03	+0.210
22.500	+7.307e+03	+3.022e+03	+1.003e+04	+0.293
22.600	+7.510e+03	+4.745e+03	+1.012e+04	+0.387
22.700	+7.406e+03	+1.669e+03	+9.905e+03	+0.184
22.800	+7.118e+03	+1.569e+03	+1.032e+04	+0.181
22.900	+6.967e+03	+2.794e+03	+1.017e+04	+0.286
23.000	+7.325e+03	+3.538e+03	+1.063e+04	+0.326
23.100	+7.439e+03	+1.952e+03	+8.534e+03	+0.208
23.200	+7.035e+03	+1.061e+03	+1.007e+04	+0.131
23.300	+7.080e+03	+2.829e+03	+1.046e+04	+0.285
23.400	+6.882e+03	+2.992e+03	+1.170e+04	+0.303
23.500	+7.820e+03	+1.492e+03	+9.485e+03	+0.160
23.600	+7.911e+03	+3.550e+03	+9.535e+03	+0.310
23.700	+6.995e+03	+2.510e+03	+1.098e+04	+0.264
23.800	+8.538e+03	+2.857e+03	+1.050e+04	+0.251
23.900	+6.936e+03	+2.893e+03	+1.058e+04	+0.294
24.000	+7.878e+03	+3.446e+03	+1.080e+04	+0.304
24.100	+7.409e+03	+2.611e+03	+9.661e+03	+0.261
24.200	+7.789e+03	+3.184e+03	+9.921e+03	+0.290
24.300	+7.844e+03	+1.480e+03	+1.018e+04	+0.159
24.400	+6.496e+03	+1.686e+03	+1.087e+04	+0.206
24.500	+7.491e+03	+3.596e+03	+9.441e+03	+0.324
24.600	+6.008e+03	+3.634e+03	+9.918e+03	+0.377
24.700	+8.019e+03	+3.477e+03	+9.144e+03	+0.302
24.800	+6.578e+03	+1.969e+03	+1.037e+04	+0.230
24.900	+6.947e+03	+2.044e+03	+1.068e+04	+0.227
25.000	+8.350e+03	+2.479e+03	+1.080e+04	+0.229
25.100	+7.732e+03	+1.469e+03	+1.089e+04	+0.160
25.200	+8.453e+03	+3.251e+03	+1.094e+04	+0.278
25.300	+7.610e+03	+2.815e+03	+8.964e+03	+0.270
25.400	+7.489e+03	+2.749e+03	+1.003e+04	+0.269
25.500	+7.208e+03	+3.535e+03	+1.064e+04	+0.329
25.600	+8.522e+03	+2.842e+03	+1.042e+04	+0.250
25.700	+8.178e+03	+5.821e+02	+9.733e+03	+0.066
25.800	+8.039e+03	+1.938e+03	+1.126e+04	+0.194
25.900	+9.470e+03	+3.977e+03	+1.024e+04	+0.296
26.000	+6.431e+03	+2.753e+03	+9.156e+03	+0.300
26.100	+7.681e+03	+2.618e+03	+9.381e+03	+0.254
26.200	+7.793e+03	+2.462e+03	+1.020e+04	+0.240
26.300	+7.300e+03	+2.455e+03	+9.977e+03	+0.252
26.400	+7.272e+03	+2.220e+03	+1.072e+04	+0.234
26.500	+7.806e+03	+1.752e+03	+1.034e+04	+0.183
26.600	+6.832e+03	+2.392e+03	+9.671e+03	+0.259
26.700	+8.172e+03	+2.487e+03	+1.017e+04	+0.233
26.800	+8.167e+03	+2.521e+03	+9.798e+03	+0.236
26.900	+6.727e+03	+1.310e+03	+9.410e+03	+0.163
27.000	+6.989e+03	+3.526e+03	+1.040e+04	+0.335
27.100	+7.148e+03	+1.904e+03	+1.123e+04	+0.210
27.200	+7.781e+03	+2.282e+03	+9.665e+03	+0.227
27.300	+7.563e+03	+1.655e+03	+9.685e+03	+0.180
27.400	+7.103e+03	+2.025e+03	+9.238e+03	+0.222
27.500	+6.355e+03	+2.752e+03	+9.432e+03	+0.302
27.600	+7.735e+03	+1.633e+03	+1.075e+04	+0.174
27.700	+6.723e+03	+3.246e+03	+9.907e+03	+0.326
27.800	+7.131e+03	+2.459e+03	+9.038e+03	+0.256
27.900	+6.746e+03	+1.487e+03	+9.659e+03	+0.181
28.000	+7.974e+03	+3.648e+03	+1.110e+04	+0.314
28.100	+8.920e+03	+2.048e+03	+9.658e+03	+0.187
28.200	+9.566e+03	+1.195e+03	+9.693e+03	+0.111
28.300	+7.549e+03	+2.287e+03	+9.015e+03	+0.232
28.400	+8.095e+03	+3.331e+03	+9.713e+03	+0.292
28.500	+7.616e+03	+2.853e+03	+1.031e+04	+0.273
28.600	+8.367e+03	+2.520e+03	+1.167e+04	+0.232
28.700	+8.002e+03	+2.926e+03	+9.931e+03	+0.268
28.800	+6.934e+03	+3.154e+03	+1.039e+04	+0.313
28.900	+7.954e+03	+1.537e+03	+1.166e+04	+0.162
29.000	+7.960e+03	+2.443e+03	+1.010e+04	+0.235
29.100	+8.550e+03	+3.003e+03	+1.081e+04	+0.260
29.200	+7.782e+03	+2.433e+03	+1.040e+04	+0.238
29.300	+6.287e+03	+3.283e+03	+9.321e+03	+0.343
29.400	+7.859e+03	+2.855e+03	+1.073e+04	+0.266
29.500	+7.401e+03	+2.299e+03	+1.056e+04	+0.237
29.600	+7.044e+03	+2.143e+03	+8.525e+03	+0.233
29.700	+6.177e+03	+3.105e+03	+1.094e+04	+0.335
29.800	+8.519e+03	+2.132e+03	+1.007e+04	+0.200
29.900	+7.094e+03	+2.457e+03	+9.412e+03	+0.257
30.000	+7.805e+03	+2.470e+03	+1.052e+04	+0.240
30.100	+7.836e+03	+3.758e+03	+9.449e+03	+0.324
30.200	+8.384e+03	+3.011e+03	+9.524e+03	+0.264
30.300	+8.898e+03	+2.374e+03	+1.031e+04	+0.211
30.400	+7.737e+03	+3.671e+03	+1.126e+04	+0.322
30.500	+7.157e+03	+2.535e+03	+9.453e+03	+0.262
30.600	+6.754e+03	+1.490e+03	+8.690e+03	+0.181
30.700	+6.627e+03	+2.379e+03	+1.121e+04	+0.264
30.800	+6.772e+03	+2.704e+03	+1.039e+04	+0.285
30.900	+8.397e+03	+3.364e+03	+9.445e+03	+0.286
31.000	+7.954e+03	+1.456e+03	+1.023e+04	+0.155
31.100	+7.478e+03	+2.501e+03	+1.012e+04	+0.251
31.200	+7.159e+03	+2.059e+03	+9.715e+03	+0.223
31.300	+6.409e+03	+3.514e+03	+9.679e+03	+0.354
31.400	+7.470e+03	+2.426e+03	+1.052e+04	+0.245
31.500	+7.247e+03	+3.476e+03	+1.015e+04	+0.324
31.600	+8.605e+03	+1.692e+03	+9.119e+03	+0.164
31.700	+7.600e+03	+2.004e+03	+8.939e+03	+0.209
31.800	+8.115e+03	+3.141e+03	+9.068e+03	+0.279
31.900	+7.041e+03	+2.531e+03	+1.067e+04	+0.264
32.000	+6.936e+03	+1.020e+03	+8.977e+03	+0.128
32.100	+6.682e+03	+3.726e+03	+1.018e+04	+0.358
32.200	+8.197e+03	+2.429e+03	+9.668e+03	+0.229
32.300	+7.517e+03	+4.095e+03	+9.719e+03	+0.353
32.400	+7.564e+03	+2.972e+03	+9.091e+03	+0.282
32.500	+8.223e+03	+3.285e+03	+9.979e+03	+0.285
32.600	+7.080e+03	+3.517e+03	+9.495e+03	+0.332
32.700	+7.104e+03	+2.741e+03	+1.063e+04	+0.278
32.800	+9.170e+03	+1.851e+03	+8.883e+03	+0.168
32.900	+7.647e+03	+2.502e+03	+1.027e+04	+0.247
33.000	+7.287e+03	+2.631e+03	+1.021e+04	+0.265
33.100	+8.870e+03	+2.393e+03	+8.901e+03	+0.212
33.200	+7.674e+03	+2.566e+03	+1.027e+04	+0.251
33.300	+8.260e+03	+2.620e+03	+9.672e+03	+0.241
33.400	+7.972e+03	+5.024e+02	+9.793e+03	+0.059
33.500	+8.288e+03	+2.049e+03	+1.007e+04	+0.198
33.600	+8.004e+03	+1.358e+03	+1.015e+04	+0.145
33.700	+7.191e+03	+2.638e+03	+9.700e+03	+0.268
33.800	+7.513e+03	+3.203e+03	+9.597e+03	+0.299
33.900	+8.334e+03	+3.497e+03	+9.491e+03	+0.296
34.000	+7.434e+03	+2.467e+03	+1.019e+04	+0.249
34.100	+7.411e+03	+2.422e+03	+1.127e+04	+0.246
34.200	+8.065e+03	+3.078e+03	+1.015e+04	+0.276
34.300	+7.621e+03	+3.308e+03	+1.006e+04	+0.303
34.400	+7.631e+03	+3.777e+03	+1.038e+04	+0.331
34.500	+7.474e+03	+1.080e+03	+1.019e+04	+0.126
34.600	+5.679e+03	+3.866e+03	+1.012e+04	+0.405
34.700	+7.245e+03	+3.708e+03	+1.120e+04	+0.339
34.800	+7.958e+03	+1.946e+03	+1.022e+04	+0.196
34.900	+8.470e+03	+2.065e+03	+9.121e+03	+0.196
35.000	+7.744e+03	+2.338e+03	+8.341e+03	+0.232
35.100	+7.819e+03	+2.352e+03	+1.174e+04	+0.231
35.200	+6.527e+03	+2.368e+03	+9.947e+03	+0.266
35.300	+7.750e+03	+3.692e+03	+9.984e+03	+0.323
35.400	+6.541e+03	+2.171e+03	+9.001e+03	+0.249
35.500	+7.422e+03	+2.293e+03	+1.138e+04	+0.236
35.600	+7.621e+03	+2.877e+03	+9.969e+03	+0.274
35.700	+7.710e+03	+1.892e+03	+1.043e+04	+0.197
35.800	+6.833e+03	+3.027e+03	+1.012e+04	+0.307
35.900	+6.592e+03	+2.483e+03	+1.120e+04	+0.274
36.000	+7.176e+03	+2.739e+03	+1.116e+04	+0.276
36.100	+7.322e+03	+1.252e+03	+9.180e+03	+0.146
36.200	+9.244e+03	+1.796e+03	+1.038e+04	+0.163
36.300	+7.959e+03	+2.827e+03	+9.567e+03	+0.262
36.400	+8.101e+03	+2.707e+03	+1.012e+04	+0.250
36.500	+7.251e+03	+2.003e+03	+1.024e+04	+0.216
36.600	+7.227e+03	+1.778e+03	+9.514e+03	+0.197
36.700	+6.119e+03	+2.687e+03	+9.153e+03	+0.305
36.800	+7.594e+03	+2.872e+03	+9.768e+03	+0.274
36.900	+7.642e+03	+2.800e+03	+9.387e+03	+0.268
37.000	+8.449e+03	+1.686e+03	+1.008e+04	+0.166
37.100	+7.596e+03	+2.576e+03	+1.011e+04	+0.253
37.200	+7.543e+03	+2.238e+03	+1.167e+04	+0.229
37.300	+8.357e+03	+2.935e+03	+1.005e+04	+0.260
37.400	+6.993e+03	+2.185e+03	+9.394e+03	+0.238
37.500	+5.894e+03	+2.676e+03	+1.117e+04	+0.312
37.600	+7.796e+03	+3.590e+03	+1.001e+04	+0.315
37.700	+6.609e+03	+2.942e+03	+1.150e+04	+0.308
37.800	+7.057e+03	+2.974e+03	+1.035e+04	+0.296
37.900	+6.950e+03	+2.363e+03	+1.019e+04	+0.254
38.000	+8.160e+03	+2.090e+03	+1.041e+04	+0.204
38.100	+5.477e+03	+8.570e+02	+9.780e+03	+0.135
38.200	+7.262e+03	+1.912e+03	+1.095e+04	+0.208
38.300	+9.177e+03	+4.315e+03	+1.055e+04	+0.320
38.400	+7.480e+03	+2.685e+03	+9.291e+03	+0.264
38.500	+7.677e+03	+2.952e+03	+1.018e+04	+0.278
38.600	+8.465e+03	+2.117e+03	+9.442e+03	+0.200
38.700	+7.261e+03	+2.767e+03	+1.060e+04	+0.276
38.800	+8.456e+03	+3.289e+03	+1.061e+04	+0.280
38.900	+7.417e+03	+3.002e+03	+9.920e+03	+0.288
39.000	+7.403e+03	+2.907e+03	+1.075e+04	+0.282
39.100	+8.093e+03	+2.770e+03	+1.151e+04	+0.255
39.200	+8.264e+03	+2.343e+03	+9.627e+03	+0.221
39.300	+7.399e+03	+1.633e+03	+9.746e+03	+0.181
39.400	+6.895e+03	+3.642e+03	+1.058e+04	+0.346
39.500	+7.126e+03	+2.960e+03	+8.995e+03	+0.293
39.600	+7.428e+03	+2.533e+03	+9.439e+03	+0.254
39.700	+6.461e+03	+2.316e+03	+1.016e+04	+0.264
39.800	+8.392e+03	+2.822e+03	+1.003e+04	+0.252
39.900	+8.353e+03	+2.868e+03	+8.643e+03	+0.256
40.000	+7.959e+03	+2.387e+03	+9.888e+03	+0.231
40.100	+7.550e+03	+2.805e+03	+1.022e+04	+0.271
40.200	+5.756e+03	+2.473e+03	+9.904e+03	+0.301
40.300	+7.584e+03	+2.499e+03	+1.081e+04	+0.248
40.400	+7.518e+03	+1.795e+03	+9.077e+03	+0.193
40.500	+8.960e+03	+1.376e+03	+9.860e+03	+0.133
40.600	+7.762e+03	+2.225e+03	+9.723e+03	+0.223
40.700	+8.026e+03	+2.058e+03	+9.244e+03	+0.204
40.800	+7.287e+03	+2.831e+03	+9.559e+03	+0.280
40.900	+7.001e+03	+3.887e+03	+1.027e+04	+0.357
41.000	+8.324e+03	+2.694e+03	+8.085e+03	+0.245
41.100	+8.113e+03	+2.175e+03	+9.629e+03	+0.211
41.200	+7.752e+03	+2.406e+03	+1.040e+04	+0.237
41.300	+7.242e+03	+3.406e+03	+9.667e+03	+0.320
41.400	+7.987e+03	+3.016e+03	+1.030e+04	+0.274
41.500	+7.692e+03	+3.536e+03	+9.683e+03	+0.315
41.600	+7.233e+03	+2.687e+03	+1.009e+04	+0.271
41.700	+5.881e+03	+3.515e+03	+1.012e+04	+0.374
41.800	+8.415e+03	+1.978e+03	+1.107e+04	+0.190
41.900	+7.225e+03	+3.047e+03	+1.045e+04	+0.297
42.000	+7.484e+03	+2.422e+03	+9.853e+03	+0.244
42.100	+7.244e+03	+1.380e+03	+1.006e+04	+0.160
42.200	+6.629e+03	+1.920e+03	+9.429e+03	+0.225
42.300	+6.992e+03	+1.575e+03	+1.024e+04	+0.184
42.400	+7.246e+03	+2.268e+03	+1.100e+04	+0.238
42.500	+7.110e+03	+2.351e+03	+9.700e+03	+0.248
42.600	+7.818e+03	+3.383e+03	+9.409e+03	+0.302
42.700	+5.936e+03	+2.397e+03	+9.596e+03	+0.288
42.800	+8.069e+03	+2.461e+03	+9.580e+03	+0.234
42.900	+6.996e+03	+1.984e+03	+1.046e+04	+0.221
43.000	+8.239e+03	+3.243e+03	+1.012e+04	+0.282
43.100	+7.782e+03	+1.283e+03	+1.051e+04	+0.142
43.200	+6.423e+03	+2.786e+03	+1.041e+04	+0.303
43.300	+7.428e+03	+3.367e+03	+1.093e+04	+0.312
43.400	+8.250e+03	+5.556e+02	+9.038e+03	+0.063
43.500	+7.889e+03	+3.038e+03	+1.069e+04	+0.278
43.600	+8.911e+03	+2.743e+03	+1.015e+04	+0.235
43.700	+8.626e+03	+2.866e+03	+1.086e+04	+0.249
43.800	+8.769e+03	+2.322e+03	+1.048e+04	+0.209
43.900	+6.909e+03	+1.248e+03	+1.071e+04	+0.153
44.000	+6.641e+03	+3.331e+03	+1.005e+04	+0.334
44.100	+7.960e+03	+2.148e+03	+8.483e+03	+0.213
44.200	+8.837e+03	+3.133e+03	+1.043e+04	+0.262
44.300	+7.842e+03	+1.708e+03	+1.041e+04	+0.179
44.400	+9.123e+03	+3.454e+03	+8.661e+03	+0.275
44.500	+7.392e+03	+2.251e+03	+1.014e+04	+0.233
44.600	+8.967e+03	+2.703e+03	+1.063e+04	+0.232
44.700	+6.076e+03	+2.273e+03	+9.351e+03	+0.272
44.800	+7.141e+03	+2.579e+03	+1.044e+04	+0.265
44.900	+8.218e+03	+2.965e+03	+9.932e+03	+0.265
45.000	+7.414e+03	+3.213e+03	+9.485e+03	+0.302
45.100	+7.851e+03	+3.353e+03	+1.105e+04	+0.299
45.200	+7.502e+03	+2.118e+03	+8.488e+03	+0.220
45.300	+7.491e+03	+3.535e+03	+1.093e+04	+0.321
45.400	+8.559e+03	+1.638e+03	+9.788e+03	+0.161
45.500	+8.296e+03	+1.565e+03	+9.895e+03	+0.159
45.600	+8.499e+03	+2.661e+03	+9.983e+03	+0.238
45.700	+6.919e+03	+2.410e+03	+9.464e+03	+0.258
45.800	+7.134e+03	+1.841e+03	+1.118e+04	+0.205
45.900	+8.798e+03	+1.704e+03	+1.053e+04	+0.162
46.000	+7.948e+03	+2.756e+03	+9.024e+03	+0.257
46.100	+7.790e+03	+2.553e+03	+9.577e+03	+0.247
46.200	+7.201e+03	+3.001e+03	+9.080e+03	+0.294
46.300	+6.512e+03	+2.825e+03	+1.035e+04	+0.303
46.400	+6.732e+03	+2.663e+03	+1.055e+04	+0.283
46.500	+7.318e+03	+2.245e+03	+1.004e+04	+0.235
46.600	+6.569e+03	+2.337e+03	+9.904e+03	+0.262
46.700	+7.173e+03	+1.200e+03	+1.147e+04	+0.143
46.800	+7.286e+03	+2.040e+03	+8.934e+03	+0.219
46.900	+8.553e+03	+2.426e+03	+9.595e+03	+0.221
47.000	+7.461e+03	+2.341e+03	+9.073e+03	+0.239
47.100	+7.125e+03	+2.709e+03	+1.017e+04	+0.275
47.200	+7.810e+03	+3.091e+03	+1.086e+04	+0.284
47.300	+7.845e+03	+3.026e+03	+9.697e+03	+0.278
47.400	+6.778e+03	+1.643e+03	+9.636e+03	+0.195
47.500	+8.432e+03	+1.946e+03	+1.000e+04	+0.187
47.600	+7.348e+03	+1.742e+03	+1.081e+04	+0.192
47.700	+8.872e+03	+2.957e+03	+1.067e+04	+0.250
47.800	+8.146e+03	+2.762e+03	+9.101e+03	+0.253
47.900	+7.819e+03	+2.965e+03	+1.085e+04	+0.275
48.000	+8.170e+03	+3.034e+03	+1.110e+04	+0.271
48.100	+7.622e+03	+1.723e+03	+9.924e+03	+0.184
48.200	+6.040e+03	+3.066e+03	+1.036e+04	+0.337
48.300	+6.808e+03	+2.600e+03	+9.951e+03	+0.276
48.400	+7.745e+03	+1.985e+03	+9.979e+03	+0.204
48.500	+6.553e+03	+2.116e+03	+9.445e+03	+0.244
48.600	+7.456e+03	+2.041e+03	+1.035e+04	+0.215
48.700	+6.918e+03	+2.781e+03	+9.608e+03	+0.287
48.800	+6.409e+03	+2.783e+03	+1.056e+04	+0.303
48.900	+6.862e+03	+3.518e+03	+9.259e+03	+0.339
49.000	+7.407e+03	+3.006e+03	+9.613e+03	+0.289
49.100	+7.471e+03	+2.436e+03	+1.039e+04	+0.246
49.200	+6.872e+03	+2.430e+03	+9.734e+03	+0.261
49.300	+7.321e+03	+2.344e+03	+1.067e+04	+0.243
49.400	+7.683e+03	+3.529e+03	+9.722e+03	+0.315
49.500	+7.496e+03	+1.974e+03	+1.006e+04	+0.208
49.600	+7.097e+03	+2.079e+03	+9.109e+03	+0.227
49.700	+5.861e+03	+1.923e+03	+9.738e+03	+0.247
49.800	+8.165e+03	+1.128e+03	+9.661e+03	+0.121
49.900	+6.088e+03	+2.417e+03	+1.103e+04	+0.284
50.000	+6.506e+03	+1.897e+03	+1.007e+04	+0.226
50.100	+8.178e+03	+1.209e+03	+1.057e+04	+0.129
50.200	+7.616e+03	+1.027e+03	+1.053e+04	+0.119
50.300	+6.407e+03	+3.059e+03	+8.965e+03	+0.323
50.400	+7.114e+03	+2.351e+03	+1.053e+04	+0.248
50.500	+7.051e+03	+2.970e+03	+9.772e+03	+0.296
50.600	+8.011e+03	+2.901e+03	+9.491e+03	+0.266
50.700	+7.446e+03	+2.749e+03	+9.190e+03	+0.270
50.800	+8.289e+03	+2.318e+03	+1.044e+04	+0.219
50.900	+6.982e+03	+2.727e+03	+1.032e+04	+0.281
51.000	+7.529e+03	+2.428e+03	+1.008e+04	+0.244
51.100	+7.154e+03	+1.896e+03	+9.479e+03	+0.210
51.200	+8.720e+03	+1.433e+03	+1.147e+04	+0.141
51.300	+8.073e+03	+2.465e+03	+1.178e+04	+0.234
51.400	+7.860e+03	+3.280e+03	+1.016e+04	+0.294
51.500	+8.102e+03	+1.829e+03	+1.091e+04	+0.184
51.600	+8.131e+03	+1.916e+03	+9.371e+03	+0.191
51.700	+7.233e+03	+1.674e+03	+8.969e+03	+0.188
51.800	+6.120e+03	+2.247e+03	+1.041e+04	+0.269
51.900	+8.007e+03	+2.518e+03	+9.762e+03	+0.239
52.000	+6.758e+03	+2.630e+03	+9.269e+03	+0.280
52.100	+7.828e+03	+2.590e+03	+8.574e+03	+0.249
52.200	+7.425e+03	+2.633e+03	+9.309e+03	+0.262
52.300	+7.769e+03	+1.492e+03	+9.972e+03	+0.161
52.400	+7.701e+03	+2.175e+03	+9.925e+03	+0.220
52.500	+7.056e+03	+3.364e+03	+9.370e+03	+0.323
52.600	+7.359e+03	+2.465e+03	+9.520e+03	+0.251
52.700	+7.657e+03	+2.513e+03	+1.048e+04	+0.247
52.800	+8.865e+03	+2.245e+03	+1.038e+04	+0.202
52.900	+6.865e+03	+3.293e+03	+8.446e+03	+0.324
53.000	+7.284e+03	+2.901e+03	+1.016e+04	+0.285
53.100	+7.144e+03	+3.426e+03	+9.698e+03	+0.324
53.200	+5.846e+03	+3.617e+03	+9.024e+03	+0.382
53.300	+6.527e+03	+1.377e+03	+8.985e+03	+0.174
53.400	+7.127e+03	+3.454e+03	+1.076e+04	+0.326
53.500	+7.789e+03	+3.433e+03	+9.266e+03	+0.306
53.600	+8.077e+03	+2.332e+03	+8.110e+03	+0.224
53.700	+7.362e+03	+2.935e+03	+1.099e+04	+0.285
53.800	+8.220e+03	+2.327e+03	+9.168e+03	+0.221
53.900	+7.450e+03	+2.491e+03	+1.054e+04	+0.251
54.000	+7.177e+03	+2.346e+03	+1.045e+04	+0.246
54.100	+7.650e+03	+2.394e+03	+9.555e+03	+0.238
54.200	+8.343e+03	+2.590e+03	+1.031e+04	+0.237
54.300	+6.824e+03	+7.795e+02	+1.112e+04	+0.103
54.400	+7.308e+03	+1.261e+03	+8.945e+03	+0.147
54.500	+8.072e+03	+1.873e+03	+9.872e+03	+0.188
54.600	+7.640e+03	+2.740e+03	+1.060e+04	+0.264
54.700	+8.505e+03	+2.526e+03	+1.038e+04	+0.229
54.800	+8.987e+03	+3.331e+03	+1.025e+04	+0.270
54.900	+6.912e+03	+2.592e+03	+1.004e+04	+0.273
55.000	+7.562e+03	+3.036e+03	+9.595e+03	+0.286
55.100	+7.332e+03	+3.052e+03	+1.105e+04	+0.294
55.200	+7.369e+03	+1.220e+03	+1.015e+04	+0.142
55.300	+5.853e+03	+2.317e+03	+1.052e+04	+0.284
55.400	+7.120e+03	+1.919e+03	+9.914e+03	+0.212
55.500	+7.387e+03	+2.743e+03	+1.050e+04	+0.271
55.600	+7.184e+03	+2.311e+03	+9.808e+03	+0.243
55.700	+7.934e+03	+3.131e+03	+1.098e+04	+0.283
55.800	+6.188e+03	+3.289e+03	+9.333e+03	+0.347
55.900	+7.568e+03	+2.736e+03	+1.126e+04	+0.265
56.000	+7.818e+03	+2.523e+03	+9.574e+03	+0.244
56.100	+6.338e+03	+3.067e+03	+1.104e+04	+0.326
56.200	+8.343e+03	+2.897e+03	+1.002e+04	+0.258
56.300	+7.796e+03	+2.249e+03	+9.360e+03	+0.224
56.400	+7.361e+03	+2.975e+03	+9.785e+03	+0.288
56.500	+5.815e+03	+2.829e+03	+1.149e+04	+0.327
56.600	+8.107e+03	+1.991e+03	+1.050e+04	+0.197
56.700	+6.641e+03	+3.108e+03	+9.471e+03	+0.319
56.800	+6.355e+03	+2.737e+03	+1.061e+04	+0.301
56.900	+8.259e+03	+1.973e+03	+8.904e+03	+0.193
57.000	+8.279e+03	+1.890e+03	+9.801e+03	+0.186
57.100	+7.632e+03	+1.738e+03	+1.029e+04	+0.185
57.200	+8.366e+03	+2.755e+03	+1.064e+04	+0.248
57.300	+7.480e+03	+1.906e+03	+9.475e+03	+0.203
57.400	+7.879e+03	+1.182e+03	+9.370e+03	+0.130
57.500	+7.336e+03	+3.027e+03	+1.012e+04	+0.292
57.600	+8.800e+03	+2.996e+03	+9.799e+03	+0.254
57.700	+7.607e+03	+4.040e+03	+9.105e+03	+0.347
57.800	+7.731e+03	+2.694e+03	+1.027e+04	+0.258
57.900	+8.668e+03	+3.835e+03	+9.931e+03	+0.307
58.000	+6.058e+03	+2.829e+03	+9.711e+03	+0.318
58.100	+6.663e+03	+4.032e+03	+1.067e+04	+0.377
58.200	+7.579e+03	+1.813e+03	+1.084e+04	+0.193
58.300	+7.565e+03	+2.604e+03	+1.011e+04	+0.256
58.400	+7.482e+03	+3.236e+03	+9.729e+03	+0.302
58.500	+8.560e+03	+1.329e+03	+9.582e+03	+0.134
58.600	+7.346e+03	+2.103e+03	+1.034e+04	+0.223
58.700	+7.994e+03	+1.845e+03	+1.115e+04	+0.188
58.800	+7.780e+03	+3.474e+03	+8.760e+03	+0.309
58.900	+7.237e+03	+4.201e+03	+9.319e+03	+0.367
59.000	+6.953e+03	+2.565e+03	+1.008e+04	+0.270
59.100	+7.980e+03	+2.478e+03	+9.804e+03	+0.237
59.200	+7.774e+03	+3.020e+03	+9.058e+03	+0.280
59.300	+6.516e+03	+2.419e+03	+1.053e+04	+0.271
59.400	+7.606e+03	+2.395e+03	+1.031e+04	+0.239
59.500	+8.422e+03	+2.857e+03	+9.529e+03	+0.253
59.600	+7.122e+03	+1.879e+03	+1.017e+04	+0.209
59.700	+7.064e+03	+3.337e+03	+8.571e+03	+0.321
59.800	+8.614e+03	+2.550e+03	+1.008e+04	+0.228
59.900	+7.911e+03	+3.162e+03	+9.455e+03	+0.286
60.000	+7.046e+03	+3.713e+03	+1.118e+04	+0.345
60.100	+6.322e+03	+2.768e+03	+9.691e+03	+0.305
60.200	+8.156e+03	+3.645e+03	+9.190e+03	+0.309
60.300	+8.728e+03	+1.494e+03	+9.523e+03	+0.146
60.400	+7.382e+03	+2.447e+03	+1.039e+04	+0.249
60.500	+7.580e+03	+2.494e+03	+1.097e+04	+0.248
60.600	+8.658e+03	+3.200e+03	+1.091e+04	+0.270
60.700	+6.637e+03	+2.186e+03	+1.001e+04	+0.248
60.800	+7.374e+03	+2.016e+03	+1.059e+04	+0.215
60.900	+7.097e+03	+2.415e+03	+9.830e+03	+0.254
61.000	+6.867e+03	+1.858e+03	+9.195e+03	+0.213
61.100	+9.328e+03	+1.685e+03	+1.048e+04	+0.153
61.200	+6.424e+03	+2.312e+03	+8.796e+03	+0.265
61.300	+7.060e+03	+3.228e+03	+8.903e+03	+0.314
61.400	+8.147e+03	+4.066e+03	+9.765e+03	+0.333
61.500	+7.745e+03	+2.504e+03	+9.742e+03	+0.244
61.600	+6.709e+03	+2.772e+03	+9.131e+03	+0.292
61.700	+7.752e+03	+2.068e+03	+1.121e+04	+0.211
61.800	+7.628e+03	+3.142e+03	+1.085e+04	+0.292
61.900	+8.085e+03	+2.298e+03	+1.033e+04	+0.221
62.000	+7.039e+03	+2.790e+03	+1.020e+04	+0.284
62.100	+7.578e+03	+2.175e+03	+9.726e+03	+0.223
62.200	+7.963e+03	+3.263e+03	+1.153e+04	+0.291
62.300	+6.982e+03	+2.342e+03	+1.005e+04	+0.251
62.400	+6.875e+03	+2.491e+03	+9.605e+03	+0.266
62.500	+9.004e+03	+2.538e+03	+9.445e+03	+0.220
62.600	+6.514e+03	+3.736e+03	+1.149e+04	+0.365
62.700	+7.555e+03	+2.279e+03	+1.042e+04	+0.232
62.800	+7.125e+03	+2.469e+03	+9.843e+03	+0.257
62.900	+5.988e+03	+2.485e+03	+9.741e+03	+0.293
63.000	+7.724e+03	+3.195e+03	+1.003e+04	+0.293
63.100	+6.639e+03	+2.591e+03	+9.829e+03	+0.281
63.200	+8.338e+03	+1.890e+03	+1.071e+04	+0.185
63.300	+7.514e+03	+2.406e+03	+1.115e+04	+0.243
63.400	+5.867e+03	+3.027e+03	+9.493e+03	+0.340
63.500	+7.273e+03	+3.386e+03	+9.923e+03	+0.318
63.600	+8.251e+03	+1.831e+03	+8.560e+03	+0.182
63.700	+7.302e+03	+1.780e+03	+1.070e+04	+0.196
63.800	+7.139e+03	+1.904e+03	+8.077e+03	+0.211
63.900	+7.945e+03	+1.784e+03	+1.007e+04	+0.183
64.000	+6.711e+03	+2.546e+03	+1.015e+04	+0.275
64.100	+7.133e+03	+2.663e+03	+9.451e+03	+0.272
64.200	+8.119e+03	+3.076e+03	+1.048e+04	+0.275
64.300	+6.574e+03	+2.448e+03	+1.058e+04	+0.271
64.400	+8.172e+03	+1.169e+03	+1.003e+04	+0.125
64.500	+7.201e+03	+3.020e+03	+1.013e+04	+0.295
64.600	+7.607e+03	+3.482e+03	+9.981e+03	+0.314
64.700	+7.436e+03	+8.099e+02	+9.682e+03	+0.098
64.800	+6.400e+03	+3.001e+03	+9.397e+03	+0.319
64.900	+6.957e+03	+1.463e+03	+1.001e+04	+0.174
65.000	+7.109e+03	+2.495e+03	+1.049e+04	+0.260
65.100	+7.504e+03	+2.680e+03	+1.033e+04	+0.263
65.200	+5.821e+03	+1.496e+03	+9.160e+03	+0.204
65.300	+5.565e+03	+3.633e+03	+9.498e+03	+0.395
65.400	+7.742e+03	+2.757e+03	+1.056e+04	+0.263
65.500	+7.572e+03	+2.861e+03	+9.482e+03	+0.274
65.600	+9.099e+03	+2.658e+03	+9.783e+03	+0.226
65.700	+8.000e+03	+2.543e+03	+1.084e+04	+0.241
65.800	+8.025e+03	+2.450e+03	+9.200e+03	+0.234
65.900	+7.372e+03	+2.773e+03	+1.098e+04	+0.273
66.000	+6.711e+03	+2.643e+03	+9.617e+03	+0.283
66.100	+6.566e+03	+2.294e+03	+9.323e+03	+0.259
66.200	+7.618e+03	+3.297e+03	+8.795e+03	+0.302
66.300	+8.873e+03	+2.425e+03	+1.100e+04	+0.215
66.400	+7.636e+03	+2.410e+03	+9.358e+03	+0.240
66.500	+6.641e+03	+2.686e+03	+9.717e+03	+0.288
66.600	+6.798e+03	+8.996e+02	+8.696e+03	+0.117
66.700	+7.380e+03	+2.422e+03	+9.507e+03	+0.247
66.800	+8.033e+03	+3.717e+03	+8.581e+03	+0.316
66.900	+8.026e+03	+1.282e+03	+1.006e+04	+0.138
67.000	+7.490e+03	+1.596e+03	+8.888e+03	+0.176
67.100	+6.048e+03	+3.844e+03	+1.058e+04	+0.389
67.200	+7.019e+03	+2.816e+03	+8.255e+03	+0.286
67.300	+6.532e+03	+3.237e+03	+9.576e+03	+0.331
67.400	+7.862e+03	+3.039e+03	+1.009e+04	+0.279
67.500	+8.005e+03	+2.166e+03	+1.013e+04	+0.213
67.600	+6.256e+03	+1.776e+03	+9.994e+03	+0.221
67.700	+7.478e+03	+3.337e+03	+1.076e+04	+0.309
67.800	+7.708e+03	+4.274e+03	+9.179e+03	+0.357
67.900	+8.014e+03	+2.407e+03	+1.003e+04	+0.231
68.000	+7.959e+03	+2.225e+03	+1.010e+04	+0.219
68.100	+7.429e+03	+3.380e+03	+1.080e+04	+0.313
68.200	+6.980e+03	+3.352e+03	+1.106e+04	+0.324
68.300	+7.489e+03	+2.282e+03	+1.019e+04	+0.234
68.400	+6.929e+03	+1.908e+03	+1.064e+04	+0.216
68.500	+6.991e+03	+2.840e+03	+9.530e+03	+0.289
68.600	+7.116e+03	+2.204e+03	+8.896e+03	+0.236
68.700	+8.417e+03	+2.960e+03	+9.678e+03	+0.260
68.800	+7.445e+03	+2.599e+03	+1.194e+04	+0.259
68.900	+7.614e+03	+1.830e+03	+9.467e+03	+0.194
69.000	+8.901e+03	+2.869e+03	+1.030e+04	+0.244
69.100	+6.784e+03	+2.050e+03	+1.065e+04	+0.232
69.200	+6.265e+03	+2.259e+03	+1.015e+04	+0.265
69.300	+7.246e+03	+2.915e+03	+9.695e+03	+0.287
69.400	+6.612e+03	+1.523e+03	+9.173e+03	+0.187
69.500	+7.736e+03	+2.053e+03	+1.047e+04	+0.210
69.600	+6.214e+03	+1.206e+03	+9.999e+03	+0.163
69.700	+8.098e+03	+2.778e+03	+1.047e+04	+0.255
69.800	+6.825e+03	+2.326e+03	+1.085e+04	+0.254
69.900	+6.917e+03	+2.847e+03	+1.005e+04	+0.292
70.000	+8.480e+03	+3.480e+03	+1.014e+04	+0.291
70.100	+7.073e+03	+2.152e+03	+9.916e+03	+0.233
70.200	+6.213e+03	+3.099e+03	+8.427e+03	+0.333
70.300	+7.494e+03	+3.300e+03	+9.891e+03	+0.306
70.400	+7.104e+03	+2.172e+03	+1.012e+04	+0.234
70.500	+6.857e+03	+3.337e+03	+1.045e+04	+0.327
70.600	+6.887e+03	+3.135e+03	+1.115e+04	+0.313
70.700	+6.680e+03	+2.904e+03	+1.148e+04	+0.303
70.800	+7.170e+03	+2.627e+03	+9.934e+03	+0.268
70.900	+7.741e+03	+2.376e+03	+9.809e+03	+0.235
71.000	+8.082e+03	+1.506e+03	+1.004e+04	+0.157
71.100	+9.241e+03	+2.651e+03	+1.077e+04	+0.223
71.200	+8.217e+03	+1.837e+03	+9.982e+03	+0.183
71.300	+7.169e+03	+1.881e+03	+8.804e+03	+0.208
71.400	+7.100e+03	+2.698e+03	+9.811e+03	+0.275
71.500	+7.998e+03	+2.407e+03	+8.953e+03	+0.231
71.600	+8.143e+03	+2.397e+03	+1.012e+04	+0.227
71.700	+7.962e+03	+1.716e+03	+1.005e+04	+0.177
71.800	+7.153e+03	+3.010e+03	+1.045e+04	+0.296
71.900	+7.711e+03	+2.365e+03	+9.484e+03	+0.235
72.000	+8.994e+03	+1.865e+03	+9.348e+03	+0.172
72.100	+6.977e+03	+3.175e+03	+1.018e+04	+0.313
72.200	+5.530e+03	+2.271e+03	+1.041e+04	+0.291
72.300	+7.044e+03	+1.320e+03	+8.734e+03	+0.158
72.400	+8.076e+03	+2.880e+03	+9.497e+03	+0.263
72.500	+7.492e+03	+3.371e+03	+1.065e+04	+0.310
72.600	+7.327e+03	+1.566e+03	+1.133e+04	+0.176
72.700	+7.324e+03	+3.004e+03	+9.061e+03	+0.291
72.800	+7.777e+03	+2.617e+03	+1.006e+04	+0.252
72.900	+7.447e+03	+2.993e+03	+1.017e+04	+0.287
73.000	+7.354e+03	+1.952e+03	+9.735e+03	+0.210
73.100	+7.438e+03	+2.051e+03	+9.066e+03	+0.216
73.200	+7.093e+03	+1.851e+03	+1.036e+04	+0.207
73.300	+6.543e+03	+2.790e+03	+1.006e+04	+0.299
73.400	+6.499e+03	+2.510e+03	+9.427e+03	+0.279
73.500	+8.122e+03	+3.971e+03	+9.973e+03	+0.328
73.600	+7.483e+03	+2.258e+03	+9.370e+03	+0.232
73.700	+6.752e+03	+2.761e+03	+8.897e+03	+0.290
73.800	+7.274e+03	+2.485e+03	+1.059e+04	+0.255
73.900	+7.388e+03	+3.108e+03	+9.220e+03	+0.296
74.000	+6.982e+03	+3.643e+03	+9.813e+03	+0.343
74.100	+8.577e+03	+2.597e+03	+7.986e+03	+0.232
74.200	+7.504e+03	+3.141e+03	+9.443e+03	+0.295
74.300	+5.882e+03	+2.920e+03	+9.871e+03	+0.332
74.400	+8.216e+03	+2.418e+03	+9.940e+03	+0.227
74.500	+7.470e+03	+1.335e+03	+1.119e+04	+0.152
74.600	+7.922e+03	+2.086e+03	+9.832e+03	+0.208
74.700	+7.753e+03	+3.095e+03	+1.068e+04	+0.285
74.800	+7.939e+03	+2.440e+03	+1.131e+04	+0.235
74.900	+7.818e+03	+2.530e+03	+9.609e+03	+0.244
75.000	+8.116e+03	+1.985e+03	+1.106e+04	+0.197
75.100	+7.928e+03	+1.480e+03	+8.946e+03	+0.157
75.200	+6.625e+03	+3.099e+03	+1.043e+04	+0.319
75.300	+7.529e+03	+2.978e+03	+1.071e+04	+0.283
75.400	+7.431e+03	+2.739e+03	+8.468e+03	+0.269
75.500	+7.019e+03	+1.516e+03	+1.012e+04	+0.178
75.600	+6.894e+03	+3.053e+03	+8.323e+03	+0.307
75.700	+6.846e+03	+2.705e+03	+1.036e+04	+0.283
75.800	+7.460e+03	+1.666e+03	+1.009e+04	+0.183
75.900	+7.387e+03	+1.368e+03	+9.169e+03	+0.156
76.000	+7.650e+03	+2.123e+03	+9.345e+03	+0.217
76.100	+7.418e+03	+3.622e+03	+9.194e+03	+0.328
76.200	+7.704e+03	+2.887e+03	+1.053e+04	+0.273
76.300	+6.925e+03	+3.932e+03	+9.221e+03	+0.362
76.400	+6.854e+03	+2.197e+03	+9.939e+03	+0.243
76.500	+6.863e+03	+1.742e+03	+1.025e+04	+0.202
76.600	+7.253e+03	+2.180e+03	+9.766e+03	+0.231
76.700	+7.471e+03	+2.189e+03	+9.381e+03	+0.227
76.800	+7.969e+03	+3.196e+03	+9.146e+03	+0.286
76.900	+8.488e+03	+2.474e+03	+1.047e+04	+0.226
77.000	+8.544e+03	+2.632e+03	+9.155e+03	+0.236
77.100	+6.796e+03	+1.965e+03	+9.630e+03	+0.224
77.200	+7.804e+03	+2.368e+03	+9.543e+03	+0.233
77.300	+7.617e+03	+2.554e+03	+1.031e+04	+0.251
77.400	+7.707e+03	+2.202e+03	+1.033e+04	+0.222
77.500	+7.228e+03	+2.429e+03	+9.470e+03	+0.252
77.600	+8.519e+03	+2.418e+03	+9.270e+03	+0.221
77.700	+8.501e+03	+1.897e+03	+1.004e+04	+0.182
77.800	+7.916e+03	+2.239e+03	+1.078e+04	+0.220
77.900	+7.126e+03	+2.169e+03	+9.435e+03	+0.233
78.000	+7.819e+03	+2.835e+03	+1.015e+04	+0.266
78.100	+7.681e+03	+3.210e+03	+9.566e+03	+0.295
78.200	+6.950e+03	+2.792e+03	+1.112e+04	+0.287
78.300	+7.210e+03	+2.325e+03	+9.751e+03	+0.244
78.400	+8.016e+03	+2.548e+03	+1.027e+04	+0.241
78.500	+7.592e+03	+1.712e+03	+1.113e+04	+0.184
78.600	+7.745e+03	+2.868e+03	+9.983e+03	+0.270
78.700	+7.638e+03	+1.876e+03	+1.001e+04	+0.197
78.800	+8.592e+03	+3.536e+03	+9.539e+03	+0.292
78.900	+7.558e+03	+1.742e+03	+9.704e+03	+0.187
79.000	+7.973e+03	+2.897e+03	+9.238e+03	+0.267
79.100	+8.182e+03	+2.778e+03	+8.412e+03	+0.253
79.200	+8.058e+03	+2.570e+03	+9.034e+03	+0.242
79.300	+6.749e+03	+2.798e+03	+1.065e+04	+0.293
79.400	+7.544e+03	+3.603e+03	+1.031e+04	+0.323
79.500	+6.173e+03	+3.435e+03	+8.879e+03	+0.357
79.600	+7.692e+03	+2.352e+03	+1.018e+04	+0.234
79.700	+8.280e+03	+1.607e+03	+9.857e+03	+0.162
79.800	+8.144e+03	+2.287e+03	+9.510e+03	+0.219
79.900	+7.873e+03	+2.643e+03	+1.086e+04	+0.251
80.000	+7.126e+03	+3.041e+03	+1.078e+04	+0.299
80.100	+6.474e+03	+3.447e+03	+8.888e+03	+0.347
80.200	+8.727e+03	+2.859e+03	+9.708e+03	+0.247
80.300	+6.974e+03	+2.103e+03	+9.342e+03	+0.232
80.400	+7.183e+03	+2.061e+03	+9.872e+03	+0.223
80.500	+8.092e+03	+2.211e+03	+1.086e+04	+0.215
80.600	+6.867e+03	+2.375e+03	+1.004e+04	+0.257
80.700	+8.068e+03	+3.488e+03	+9.426e+03	+0.302
80.800	+7.371e+03	+2.476e+03	+1.084e+04	+0.251
80.900	+7.806e+03	+2.042e+03	+8.985e+03	+0.207
81.000	+7.351e+03	+3.245e+03	+1.048e+04	+0.306
81.100	+8.240e+03	+1.695e+03	+9.998e+03	+0.171
81.200	+7.931e+03	+2.024e+03	+9.344e+03	+0.203
81.300	+8.280e+03	+2.228e+03	+1.001e+04	+0.212
81.400	+7.993e+03	+2.232e+03	+9.550e+03	+0.218
81.500	+7.035e+03	+2.467e+03	+9.494e+03	+0.260
81.600	+6.806e+03	+2.516e+03	+1.058e+04	+0.270
81.700	+7.462e+03	+3.182e+03	+1.010e+04	+0.299
81.800	+7.680e+03	+4.360e+03	+1.140e+04	+0.362
81.900	+7.483e+03	+2.003e+03	+1.094e+04	+0.211
82.000	+7.102e+03	+2.373e+03	+9.662e+03	+0.250
82.100	+6.295e+03	+2.420e+03	+1.067e+04	+0.278
82.200	+6.040e+03	+1.318e+03	+1.059e+04	+0.179
82.300	+6.861e+03	+1.620e+03	+9.545e+03	+0.191
82.400	+6.930e+03	+3.571e+03	+9.542e+03	+0.340
82.500	+7.267e+03	+2.264e+03	+1.064e+04	+0.238
82.600	+7.062e+03	+1.882e+03	+9.529e+03	+0.210
82.700	+6.830e+03	+2.834e+03	+1.053e+04	+0.293
82.800	+8.412e+03	+3.004e+03	+9.712e+03	+0.263
82.900	+6.916e+03	+1.856e+03	+9.771e+03	+0.212
83.000	+7.424e+03	+3.119e+03	+9.586e+03	+0.296
83.100	+6.861e+03	+2.385e+03	+9.925e+03	+0.258
83.200	+8.338e+03	+2.360e+03	+9.403e+03	+0.221
83.300	+7.754e+03	+1.985e+03	+1.051e+04	+0.204
83.400	+7.434e+03	+2.150e+03	+9.011e+03	+0.224
83.500	+7.866e+03	+2.509e+03	+1.074e+04	+0.242
83.600	+7.388e+03	+3.054e+03	+9.402e+03	+0.292
83.700	+7.078e+03	+2.280e+03	+1.011e+04	+0.244
83.800	+7.288e+03	+2.650e+03	+9.986e+03	+0.267
83.900	+7.081e+03	+2.279e+03	+1.013e+04	+0.243
84.000	+7.789e+03	+1.471e+03	+1.069e+04	+0.159
84.100	+7.800e+03	+2.815e+03	+1.037e+04	+0.265
84.200	+7.100e+03	+3.523e+03	+1.075e+04	+0.332
84.300	+7.378e+03	+3.220e+03	+1.032e+04	+0.304
84.400	+6.329e+03	+1.787e+03	+1.063e+04	+0.220
84.500	+8.023e+03	+3.339e+03	+1.084e+04	+0.294
84.600	+7.912e+03	+3.138e+03	+1.050e+04	+0.284
84.700	+8.177e+03	+2.296e+03	+9.152e+03	+0.219
84.800	+6.711e+03	+2.726e+03	+1.026e+04	+0.289
84.900	+7.282e+03	+2.114e+03	+1.037e+04	+0.225
85.000	+8.895e+03	+2.180e+03	+1.082e+04	+0.197
85.100	+7.545e+03	+2.344e+03	+9.379e+03	+0.237
85.200	+7.067e+03	+2.999e+03	+1.012e+04	+0.298
85.300	+6.870e+03	+1.397e+03	+1.163e+04	+0.169
85.400	+6.629e+03	+2.402e+03	+9.656e+03	+0.266
85.500	+6.420e+03	+2.296e+03	+9.732e+03	+0.263
85.600	+7.905e+03	+2.668e+03	+8.639e+03	+0.252
85.700	+9.089e+03	+2.290e+03	+1.016e+04	+0.201
85.800	+7.275e+03	+1.741e+03	+9.322e+03	+0.193
85.900	+8.541e+03	+2.001e+03	+9.963e+03	+0.190
86.000	+7.804e+03	+3.135e+03	+1.055e+04	+0.287
86.100	+7.297e+03	+2.022e+03	+9.819e+03	+0.217
86.200	+7.446e+03	+2.139e+03	+9.328e+03	+0.223
86.300	+7.956e+03	+3.052e+03	+1.008e+04	+0.277
86.400	+6.297e+03	+3.212e+03	+8.888e+03	+0.338
86.500	+7.121e+03	+1.779e+03	+1.019e+04	+0.200
86.600	+8.146e+03	+1.863e+03	+1.012e+04	+0.186
86.700	+6.476e+03	+1.344e+03	+1.111e+04	+0.172
86.800	+7.082e+03	+1.781e+03	+9.946e+03	+0.201
86.900	+7.021e+03	+2.402e+03	+1.035e+04	+0.255
87.000	+7.145e+03	+2.289e+03	+1.014e+04	+0.243
87.100	+6.676e+03	+1.828e+03	+1.013e+04	+0.215
87.200	+8.966e+03	+2.250e+03	+1.009e+04	+0.201
87.300	+7.598e+03	+2.902e+03	+9.061e+03	+0.276
87.400	+6.941e+03	+2.860e+03	+9.579e+03	+0.292
87.500	+7.788e+03	+2.182e+03	+9.603e+03	+0.219
87.600	+6.865e+03	+3.274e+03	+9.795e+03	+0.323
87.700	+7.933e+03	+3.332e+03	+1.042e+04	+0.296
87.800	+6.754e+03	+2.270e+03	+9.657e+03	+0.252
87.900	+8.110e+03	+2.503e+03	+9.568e+03	+0.236
88.000	+6.347e+03	+2.073e+03	+8.974e+03	+0.246
88.100	+7.397e+03	+2.072e+03	+1.153e+04	+0.219
88.200	+7.823e+03	+1.681e+03	+9.734e+03	+0.177
88.300	+7.987e+03	+3.800e+03	+9.585e+03	+0.322
88.400	+6.897e+03	+2.166e+03	+9.751e+03	+0.239
88.500	+8.492e+03	+2.119e+03	+1.006e+04	+0.200
88.600	+8.025e+03	+1.151e+03	+9.725e+03	+0.125
88.700	+7.516e+03	+2.345e+03	+1.006e+04	+0.238
88.800	+7.753e+03	+3.394e+03	+8.981e+03	+0.304
88.900	+7.370e+03	+1.832e+03	+9.815e+03	+0.199
89.000	+6.920e+03	+1.667e+03	+1.011e+04	+0.194
89.100	+7.606e+03	+2.644e+03	+8.895e+03	+0.258
89.200	+6.049e+03	+3.466e+03	+1.070e+04	+0.364
89.300	+8.214e+03	+2.520e+03	+9.366e+03	+0.235
89.400	+6.739e+03	+1.726e+03	+9.269e+03	+0.204
89.500	+6.201e+03	+3.198e+03	+9.916e+03	+0.340
89.600	+8.482e+03	+2.121e+03	+9.588e+03	+0.200
89.700	+7.572e+03	+2.119e+03	+1.086e+04	+0.219
89.800	+6.742e+03	+2.079e+03	+9.692e+03	+0.236
89.900	+7.057e+03	+2.680e+03	+9.453e+03	+0.275
90.000	+7.218e+03	+2.754e+03	+1.079e+04	+0.276
90.100	+7.640e+03	+2.325e+03	+1.012e+04	+0.233
90.200	+7.288e+03	+3.267e+03	+1.038e+04	+0.310
90.300	+6.801e+03	+2.505e+03	+9.203e+03	+0.269
90.400	+7.693e+03	+1.624e+03	+9.857e+03	+0.174
90.500	+6.422e+03	+2.480e+03	+1.012e+04	+0.279
90.600	+6.506e+03	+2.086e+03	+9.118e+03	+0.243
90.700	+7.995e+03	+1.366e+03	+1.068e+04	+0.146
90.800	+7.459e+03	+1.757e+03	+1.002e+04	+0.191
90.900	+7.272e+03	+2.496e+03	+1.126e+04	+0.256
91.000	+7.618e+03	+1.785e+03	+9.405e+03	+0.190
91.100	+6.670e+03	+3.325e+03	+1.002e+04	+0.333
91.200	+7.805e+03	+2.759e+03	+9.643e+03	+0.261
91.300	+6.455e+03	+2.175e+03	+9.814e+03	+0.252
91.400	+7.183e+03	+3.164e+03	+8.697e+03	+0.306
91.500	+6.747e+03	+1.279e+03	+1.065e+04	+0.159
91.600	+7.753e+03	+3.103e+03	+1.052e+04	+0.286
91.700	+7.193e+03	+2.684e+03	+1.049e+04	+0.272
91.800	+7.143e+03	+2.202e+03	+8.757e+03	+0.236
91.900	+8.282e+03	+1.925e+03	+9.531e+03	+0.189
92.000	+6.227e+03	+1.663e+03	+1.102e+04	+0.211
92.100	+8.915e+03	+2.734e+03	+9.457e+03	+0.235
92.200	+6.954e+03	+3.087e+03	+9.974e+03	+0.307
92.300	+8.392e+03	+2.199e+03	+9.833e+03	+0.208
92.400	+7.394e+03	+2.565e+03	+9.523e+03	+0.258
92.500	+7.394e+03	+1.875e+03	+1.062e+04	+0.202
92.600	+6.950e+03	+2.902e+03	+9.756e+03	+0.295
92.700	+7.227e+03	+1.387e+03	+1.085e+04	+0.161
92.800	+5.840e+03	+1.955e+03	+1.009e+04	+0.251
92.900	+8.798e+03	+2.427e+03	+1.015e+04	+0.216
93.000	+6.840e+03	+2.600e+03	+9.522e+03	+0.275
93.100	+7.554e+03	+2.794e+03	+9.819e+03	+0.270
93.200	+6.738e+03	+1.779e+03	+9.728e+03	+0.209
93.300	+9.529e+03	+2.510e+03	+9.859e+03	+0.208
93.400	+8.561e+03	+2.923e+03	+1.131e+04	+0.255
93.500	+7.037e+03	+1.955e+03	+9.436e+03	+0.217
93.600	+7.019e+03	+2.990e+03	+1.058e+04	+0.299
93.700	+8.060e+03	+2.737e+03	+9.817e+03	+0.253
93.800	+7.768e+03	+2.751e+03	+8.366e+03	+0.262
93.900	+7.217e+03	+2.885e+03	+1.119e+04	+0.286
94.000	+8.074e+03	+3.439e+03	+9.126e+03	+0.299
94.100	+7.395e+03	+1.800e+03	+8.669e+03	+0.196
94.200	+7.559e+03	+2.065e+03	+9.596e+03	+0.215
94.300	+8.348e+03	+2.862e+03	+9.731e+03	+0.255
94.400	+7.010e+03	+1.231e+03	+1.136e+04	+0.149
94.500	+7.054e+03	+3.787e+03	+9.041e+03	+0.349
94.600	+6.875e+03	+2.244e+03	+9.066e+03	+0.246
94.700	+7.506e+03	+2.454e+03	+1.063e+04	+0.246
94.800	+7.992e+03	+3.755e+03	+1.027e+04	+0.320
94.900	+7.290e+03	+2.616e+03	+1.072e+04	+0.264
95.000	+7.161e+03	+2.688e+03	+8.836e+03	+0.273
95.100	+6.504e+03	+2.376e+03	+1.034e+04	+0.268
95.200	+7.234e+03	+3.339e+03	+1.092e+04	+0.316
95.300	+6.939e+03	+2.849e+03	+9.272e+03	+0.291
95.400	+6.983e+03	+2.086e+03	+1.029e+04	+0.230
95.500	+7.730e+03	+2.833e+03	+9.996e+03	+0.268
95.600	+8.297e+03	+2.141e+02	+1.004e+04	+0.025
95.700	+7.566e+03	+1.251e+03	+9.833e+03	+0.142
95.800	+6.242e+03	+2.457e+03	+1.048e+04	+0.282
95.900	+7.823e+03	+2.704e+03	+9.240e+03	+0.257
96.000	+9.279e+03	+2.495e+03	+1.046e+04	+0.212
96.100	+7.859e+03	+1.152e+03	+1.006e+04	+0.128
96.200	+8.114e+03	+3.259e+03	+9.719e+03	+0.287
96.300	+6.882e+03	+2.309e+03	+1.079e+04	+0.251
96.400	+6.914e+03	+2.363e+03	+9.313e+03	+0.255
96.500	+8.680e+03	+2.453e+03	+1.005e+04	+0.220
96.600	+7.612e+03	+2.867e+03	+9.366e+03	+0.274
96.700	+7.719e+03	+2.016e+03	+9.573e+03	+0.207
96.800	+8.231e+03	+1.900e+03	+9.789e+03	+0.188
96.900	+7.790e+03	+1.802e+03	+9.465e+03	+0.188
97.000	+7.165e+03	+2.639e+03	+1.097e+04	+0.269
97.100	+7.663e+03	+2.921e+03	+1.010e+04	+0.276
97.200	+7.169e+03	+2.437e+03	+1.048e+04	+0.254
97.300	+7.361e+03	+2.308e+03	+1.026e+04	+0.239
97.400	+7.213e+03	+2.394e+03	+9.690e+03	+0.249
97.500	+6.480e+03	+3.426e+03	+9.630e+03	+0.346
97.600	+8.464e+03	+2.875e+03	+1.027e+04	+0.254
97.700	+7.891e+03	+2.897e+03	+1.059e+04	+0.269
97.800	+7.699e+03	+3.312e+03	+1.047e+04	+0.301
97.900	+6.537e+03	+2.907e+03	+1.131e+04	+0.308
98.000	+7.060e+03	+3.059e+03	+1.008e+04	+0.302
98.100	+6.958e+03	+3.655e+03	+8.332e+03	+0.344
98.200	+6.726e+03	+3.096e+03	+1.042e+04	+0.315
98.300	+7.699e+03	+2.916e+03	+1.027e+04	+0.275
98.400	+8.130e+03	+3.232e+03	+1.051e+04	+0.284
98.500	+8.066e+03	+2.180e+03	+1.025e+04	+0.213
98.600	+6.700e+03	+3.421e+03	+1.047e+04	+0.338
98.700	+7.223e+03	+3.692e+03	+1.143e+04	+0.338
98.800	+6.314e+03	+1.646e+03	+1.046e+04	+0.207
98.900	+7.502e+03	+2.744e+03	+9.313e+03	+0.268
99.000	+7.786e+03	+1.841e+03	+1.053e+04	+0.191
99.100	+8.106e+03	+2.256e+03	+9.506e+03	+0.218
99.200	+8.913e+03	+2.154e+03	+1.072e+04	+0.195
99.300	+7.785e+03	+2.304e+03	+9.032e+03	+0.228
99.400	+6.929e+03	+1.626e+03	+9.899e+03	+0.190
99.500	+6.997e+03	+2.478e+03	+9.600e+03	+0.262
99.600	+8.807e+03	+2.616e+03	+9.417e+03	+0.229
99.700	+7.843e+03	+2.495e+03	+9.898e+03	+0.241
99.800	+6.523e+03	+2.757e+03	+9.766e+03	+0.297
99.900	+7.388e+03	+1.858e+03	+1.031e+04	+0.201
100.000	+7.488e+03	+2.965e+03	+1.078e+04	+0.284
100.100	+6.519e+03	+1.157e+03	+9.867e+03	+0.151
100.200	+7.012e+03	+1.886e+03	+1.036e+04	+0.212
100.300	+7.562e+03	+1.876e+03	+7.928e+03	+0.199
100.400	+8.516e+03	+2.236e+03	+9.277e+03	+0.208
100.500	+7.148e+03	+2.284e+03	+9.591e+03	+0.242
100.600	+7.082e+03	+2.960e+03	+9.545e+03	+0.295
100.700	+8.766e+03	+1.952e+03	+1.173e+04	+0.182
100.800	+7.222e+03	+1.921e+03	+9.371e+03	+0.210
100.900	+7.188e+03	+2.133e+03	+8.902e+03	+0.229
101.000	+7.365e+03	+2.230e+03	+1.018e+04	+0.232
101.100	+8.154e+03	+2.589e+03	+9.954e+03	+0.241
101.200	+7.482e+03	+1.688e+03	+1.030e+04	+0.184
101.300	+7.682e+03	+2.589e+03	+1.021e+04	+0.252
101.400	+7.086e+03	+2.367e+03	+9.998e+03	+0.250
101.500	+7.548e+03	+1.584e+03	+8.859e+03	+0.173
101.600	+6.969e+03	+1.693e+03	+1.088e+04	+0.195
101.700	+7.701e+03	+2.372e+03	+9.566e+03	+0.236
101.800	+8.191e+03	+4.088e+03	+1.047e+04	+0.333
101.900	+7.590e+03	+3.647e+03	+1.072e+04	+0.325
102.000	+7.777e+03	+4.790e+03	+1.016e+04	+0.381
102.100	+7.913e+03	+1.485e+03	+8.933e+03	+0.158
102.200	+6.847e+03	+1.821e+03	+9.836e+03	+0.210
102.300	+7.492e+03	+2.639e+03	+9.541e+03	+0.260
102.400	+7.381e+03	+2.934e+03	+9.968e+03	+0.284
102.500	+7.286e+03	+1.769e+03	+1.156e+04	+0.195
102.600	+6.743e+03	+2.323e+03	+9.450e+03	+0.256
102.700	+8.104e+03	+2.093e+03	+1.194e+04	+0.205
102.800	+7.166e+03	+2.988e+03	+1.027e+04	+0.294
102.900	+8.376e+03	+2.571e+03	+1.056e+04	+0.235
103.000	+6.728e+03	+2.413e+03	+8.508e+03	+0.264
103.100	+7.679e+03	+1.677e+03	+9.027e+03	+0.179
103.200	+7.685e+03	+3.440e+03	+8.472e+03	+0.309
103.300	+7.026e+03	+2.265e+03	+1.140e+04	+0.244
103.400	+7.070e+03	+2.040e+03	+8.949e+03	+0.224
103.500	+7.876e+03	+3.755e+03	+9.969e+03	+0.323
103.600	+7.300e+03	+1.414e+03	+1.020e+04	+0.162
103.700	+7.393e+03	+2.912e+03	+9.786e+03	+0.283
103.800	+7.803e+03	+2.940e+03	+8.658e+03	+0.274
103.900	+7.824e+03	+2.864e+03	+1.046e+04	+0.268
104.000	+7.920e+03	+3.122e+03	+9.164e+03	+0.283
104.100	+6.666e+03	+3.056e+03	+1.018e+04	+0.314
104.200	+7.975e+03	+1.414e+03	+1.063e+04	+0.151
104.300	+8.152e+03	+2.806e+03	+1.094e+04	+0.256
104.400	+7.606e+03	+3.502e+03	+8.733e+03	+0.315
104.500	+6.955e+03	+2.290e+03	+9.979e+03	+0.248
104.600	+7.531e+03	+2.873e+03	+1.082e+04	+0.276
104.700	+7.510e+03	+2.087e+03	+1.038e+04	+0.217
104.800	+6.873e+03	+6.491e+02	+8.779e+03	+0.086
104.900	+7.918e+03	+3.771e+03	+8.903e+03	+0.323
105.000	+7.676e+03	+1.588e+03	+9.657e+03	+0.171
105.100	+7.365e+03	+2.359e+03	+1.082e+04	+0.243
105.200	+7.793e+03	+8.882e+02	+1.151e+04	+0.102
105.300	+7.352e+03	+3.378e+03	+1.015e+04	+0.315
105.400	+7.224e+03	+3.222e+03	+9.361e+03	+0.308
105.500	+8.159e+03	+3.136e+03	+1.009e+04	+0.278
105.600	+8.343e+03	+2.085e+03	+1.024e+04	+0.200
105.700	+7.152e+03	+2.490e+03	+1.040e+04	+0.258
105.800	+7.681e+03	+2.272e+03	+1.137e+04	+0.228
105.900	+8.152e+03	+2.247e+03	+1.043e+04	+0.216
106.000	+7.886e+03	+2.831e+03	+1.043e+04	+0.264
106.100	+7.588e+03	+1.277e+03	+1.169e+04	+0.144
106.200	+7.795e+03	+1.717e+03	+9.769e+03	+0.181
106.300	+7.766e+03	+2.561e+03	+9.815e+03	+0.248
106.400	+7.114e+03	+1.181e+03	+1.009e+04	+0.142
106.500	+7.497e+03	+2.625e+03	+1.110e+04	+0.259
106.600	+7.005e+03	+1.710e+03	+9.944e+03	+0.196
106.700	+8.553e+03	+3.947e+03	+1.066e+04	+0.316
106.800	+8.433e+03	+1.296e+03	+9.786e+03	+0.133
106.900	+7.205e+03	+1.781e+03	+1.017e+04	+0.198
107.000	+7.010e+03	+3.762e+03	+1.051e+04	+0.349
107.100	+8.271e+03	+2.743e+03	+1.136e+04	+0.249
107.200	+7.646e+03	+2.300e+03	+9.585e+03	+0.231
107.300	+8.565e+03	+2.465e+03	+9.656e+03	+0.223
107.400	+7.747e+03	+2.299e+03	+1.132e+04	+0.229
107.500	+6.160e+03	+2.164e+03	+1.099e+04	+0.260
107.600	+7.657e+03	+2.161e+03	+1.023e+04	+0.220
107.700	+7.574e+03	+1.826e+03	+8.817e+03	+0.194
107.800	+7.367e+03	+3.184e+03	+1.034e+04	+0.302
107.900	+7.430e+03	+1.253e+03	+1.033e+04	+0.144
108.000	+7.893e+03	+2.601e+03	+1.030e+04	+0.248
108.100	+7.876e+03	+2.362e+03	+1.031e+04	+0.231
108.200	+7.954e+03	+2.544e+03	+9.211e+03	+0.242
108.300	+8.115e+03	+1.800e+03	+1.014e+04	+0.182
108.400	+7.618e+03	+2.358e+03	+9.348e+03	+0.236
108.500	+7.271e+03	+1.940e+03	+1.052e+04	+0.211
108.600	+7.049e+03	+2.636e+03	+1.035e+04	+0.272
108.700	+7.032e+03	+2.669e+03	+9.120e+03	+0.275
108.800	+6.922e+03	+3.344e+03	+1.035e+04	+0.326
108.900	+6.925e+03	+1.749e+03	+1.092e+04	+0.202
109.000	+7.399e+03	+1.162e+03	+1.036e+04	+0.136
109.100	+7.940e+03	+3.121e+03	+9.355e+03	+0.282
109.200	+8.278e+03	+3.262e+03	+1.120e+04	+0.283
109.300	+7.805e+03	+1.873e+03	+1.149e+04	+0.194
109.400	+6.806e+03	+1.673e+03	+9.231e+03	+0.197
109.500	+7.030e+03	+2.309e+03	+1.069e+04	+0.247
109.600	+7.916e+03	+3.764e+03	+1.008e+04	+0.322
109.700	+8.130e+03	+1.906e+03	+9.344e+03	+0.190
109.800	+6.797e+03	+2.277e+03	+1.022e+04	+0.251
109.900	+8.230e+03	+1.990e+03	+9.099e+03	+0.195
110.000	+6.912e+03	+2.371e+03	+1.008e+04	+0.255
110.100	+6.031e+03	+1.938e+03	+9.833e+03	+0.243
110.200	+7.352e+03	+4.241e+03	+1.048e+04	+0.366
110.300	+8.231e+03	+2.470e+03	+9.254e+03	+0.231
110.400	+8.249e+03	+2.525e+03	+9.981e+03	+0.234
110.500	+6.603e+03	+1.428e+03	+1.082e+04	+0.178
110.600	+7.210e+03	+2.378e+03	+1.089e+04	+0.248
110.700	+7.992e+03	+2.811e+03	+8.689e+03	+0.260
110.800	+7.503e+03	+1.949e+03	+1.129e+04	+0.206
110.900	+7.339e+03	+1.879e+03	+9.439e+03	+0.204
111.000	+8.489e+03	+2.486e+03	+1.100e+04	+0.227
111.100	+8.251e+03	+2.195e+03	+1.030e+04	+0.210
111.200	+7.961e+03	+3.913e+03	+7.677e+03	+0.330
111.300	+7.034e+03	+3.933e+03	+9.690e+03	+0.359
111.400	+8.276e+03	+2.295e+03	+1.017e+04	+0.217
111.500	+7.794e+03	+1.631e+03	+9.590e+03	+0.173
111.600	+8.142e+03	+1.797e+03	+8.897e+03	+0.181
111.700	+8.578e+03	+1.580e+03	+1.021e+04	+0.156
111.800	+7.510e+03	+2.080e+03	+1.031e+04	+0.217
111.900	+7.359e+03	+3.265e+03	+1.062e+04	+0.307
112.000	+7.044e+03	+3.613e+03	+9.467e+03	+0.339
112.100	+7.187e+03	+3.621e+03	+9.413e+03	+0.335
112.200	+8.102e+03	+2.442e+03	+1.049e+04	+0.232
112.300	+6.349e+03	+2.907e+03	+1.042e+04	+0.314
112.400	+7.525e+03	+1.529e+03	+1.093e+04	+0.169
112.500	+7.023e+03	+2.808e+03	+9.136e+03	+0.286
112.600	+7.960e+03	+2.126e+03	+1.032e+04	+0.211
112.700	+7.166e+03	+2.884e+03	+9.616e+03	+0.287
112.800	+7.495e+03	+2.655e+03	+9.437e+03	+0.262
112.900	+6.481e+03	+1.900e+03	+9.494e+03	+0.227
113.000	+7.915e+03	+1.911e+03	+9.233e+03	+0.195
113.100	+7.835e+03	+2.686e+03	+9.980e+03	+0.255
113.200	+7.052e+03	+3.094e+03	+9.790e+03	+0.305
113.300	+7.324e+03	+4.645e+03	+9.798e+03	+0.388
113.400	+7.789e+03	+3.566e+03	+1.065e+04	+0.314
113.500	+8.368e+03	+2.281e+03	+1.028e+04	+0.214
113.600	+7.952e+03	+1.481e+03	+1.023e+04	+0.157
113.700	+6.524e+03	+1.802e+03	+8.963e+03	+0.216
113.800	+7.441e+03	+8.974e+02	+9.722e+03	+0.108
113.900	+7.542e+03	+2.573e+03	+1.059e+04	+0.254
114.000	+7.188e+03	+3.022e+03	+1.055e+04	+0.296
114.100	+8.532e+03	+2.060e+03	+9.511e+03	+0.194
114.200	+7.150e+03	+2.394e+03	+1.046e+04	+0.251
114.300	+6.579e+03	+1.550e+03	+9.573e+03	+0.191
114.400	+7.441e+03	+1.652e+03	+1.001e+04	+0.182
114.500	+7.816e+03	+2.169e+03	+1.034e+04	+0.217
114.600	+7.504e+03	+2.071e+03	+9.884e+03	+0.216
114.700	+6.954e+03	+1.452e+03	+1.019e+04	+0.173
114.800	+7.289e+03	+2.926e+03	+1.072e+04	+0.286
114.900	+8.210e+03	+4.181e+03	+1.036e+04	+0.337
115.000	+8.002e+03	+3.073e+03	+9.212e+03	+0.277
115.100	+6.674e+03	+3.298e+03	+1.030e+04	+0.331
115.200	+7.755e+03	+2.261e+03	+9.460e+03	+0.226
115.300	+7.514e+03	+3.774e+03	+9.238e+03	+0.334
115.400	+8.387e+03	+2.783e+03	+1.034e+04	+0.249
115.500	+7.862e+03	+2.339e+03	+1.004e+04	+0.229
115.600	+7.780e+03	+2.204e+03	+1.074e+04	+0.221
115.700	+7.626e+03	+2.225e+03	+1.064e+04	+0.226
115.800	+7.695e+03	+2.088e+03	+1.031e+04	+0.213
115.900	+6.622e+03	+2.399e+03	+9.511e+03	+0.266
116.000	+7.230e+03	+3.344e+03	+9.207e+03	+0.316
116.100	+6.998e+03	+2.448e+03	+9.803e+03	+0.259
116.200	+7.110e+03	+1.555e+03	+1.011e+04	+0.179
116.300	+6.285e+03	+1.622e+03	+9.402e+03	+0.205
116.400	+7.256e+03	+1.845e+03	+9.830e+03	+0.203
116.500	+6.204e+03	+1.847e+03	+1.081e+04	+0.229
116.600	+7.392e+03	+1.872e+03	+9.826e+03	+0.202
116.700	+7.640e+03	+2.138e+03	+9.603e+03	+0.219
116.800	+8.507e+03	+3.135e+03	+9.694e+03	+0.269
116.900	+8.557e+03	+2.357e+03	+1.036e+04	+0.216
117.000	+6.184e+03	+2.568e+03	+9.641e+03	+0.293
117.100	+7.377e+03	+1.656e+03	+9.993e+03	+0.183
117.200	+7.161e+03	+2.699e+03	+9.832e+03	+0.274
117.300	+6.845e+03	+3.283e+03	+1.046e+04	+0.324
117.400	+8.396e+03	+2.398e+03	+1.007e+04	+0.222
117.500	+7.663e+03	+2.984e+03	+1.083e+04	+0.280
117.600	+7.328e+03	+1.954e+03	+1.135e+04	+0.210
117.700	+9.105e+03	+3.445e+03	+1.013e+04	+0.275
117.800	+8.001e+03	+1.362e+03	+8.923e+03	+0.146
117.900	+8.371e+03	+3.032e+03	+1.065e+04	+0.266
118.000	+6.977e+03	+1.237e+03	+1.020e+04	+0.151
118.100	+8.285e+03	+2.884e+03	+9.973e+03	+0.258
118.200	+6.667e+03	+2.491e+03	+1.084e+04	+0.272
118.300	+7.214e+03	+3.455e+03	+1.014e+04	+0.324
118.400	+7.963e+03	+3.355e+03	+1.009e+04	+0.296
118.500	+7.160e+03	+1.730e+03	+9.928e+03	+0.195
118.600	+7.526e+03	+1.020e+03	+1.026e+04	+0.119
118.700	+6.950e+03	+2.854e+03	+9.763e+03	+0.291
118.800	+6.989e+03	+1.482e+03	+1.041e+04	+0.175
118.900	+7.154e+03	+3.651e+03	+1.034e+04	+0.338
119.000	+6.378e+03	+1.931e+03	+1.048e+04	+0.232
119.100	+6.807e+03	+2.691e+03	+1.096e+04	+0.283
119.200	+7.812e+03	+2.503e+03	+9.925e+03	+0.243
119.300	+6.896e+03	+2.585e+03	+9.973e+03	+0.273
119.400	+8.634e+03	+3.223e+03	+1.073e+04	+0.272
119.500	+8.427e+03	+2.773e+03	+1.018e+04	+0.248
119.600	+8.385e+03	+2.065e+03	+1.103e+04	+0.198
119.700	+7.434e+03	+4.017e+03	+1.128e+04	+0.351
119.800	+7.779e+03	+1.897e+03	+9.189e+03	+0.196
119.900	+7.489e+03	+1.335e+03	+1.001e+04	+0.151
120.000	+6.358e+03	+2.717e+03	+8.761e+03	+0.299
120.100	+7.438e+03	+2.394e+03	+1.070e+04	+0.243
120.200	+6.761e+03	+3.721e+03	+9.287e+03	+0.355
120.300	+6.811e+03	+1.316e+03	+1.013e+04	+0.162
120.400	+7.778e+03	+1.079e+03	+9.202e+03	+0.122
120.500	+6.597e+03	+1.123e+03	+9.794e+03	+0.146
120.600	+7.278e+03	+3.530e+03	+8.763e+03	+0.327
120.700	+8.149e+03	+3.032e+03	+9.427e+03	+0.271
120.800	+7.302e+03	+1.873e+03	+9.756e+03	+0.204
120.900	+7.982e+03	+2.392e+03	+9.371e+03	+0.231
121.000	+7.753e+03	+2.546e+03	+1.081e+04	+0.247
121.100	+7.235e+03	+2.753e+03	+7.816e+03	+0.276
121.200	+6.719e+03	+3.201e+03	+1.110e+04	+0.323
121.300	+7.528e+03	+3.439e+03	+9.708e+03	+0.314
121.400	+7.756e+03	+2.446e+03	+9.953e+03	+0.240
121.500	+6.823e+03	+2.839e+03	+8.467e+03	+0.294
121.600	+7.641e+03	+2.054e+03	+1.049e+04	+0.212
121.700	+6.326e+03	+3.685e+03	+1.077e+04	+0.368
121.800	+7.785e+03	+2.705e+03	+9.296e+03	+0.258
121.900	+7.851e+03	+1.893e+03	+9.637e+03	+0.194
122.000	+8.222e+03	+1.541e+03	+1.044e+04	+0.158
122.100	+7.402e+03	+2.407e+03	+1.090e+04	+0.245
122.200	+6.970e+03	+2.157e+03	+9.420e+03	+0.236
122.300	+7.055e+03	+1.997e+03	+1.129e+04	+0.221
122.400	+7.642e+03	+2.725e+03	+9.760e+03	+0.263
122.500	+7.799e+03	+2.152e+03	+1.062e+04	+0.216
122.600	+7.834e+03	+1.942e+03	+9.581e+03	+0.199
122.700	+5.389e+03	+2.395e+03	+1.029e+04	+0.308
122.800	+8.075e+03	+2.248e+03	+1.023e+04	+0.218
122.900	+7.568e+03	+2.659e+03	+9.806e+03	+0.260
123.000	+7.598e+03	+3.015e+03	+9.679e+03	+0.284
123.100	+6.397e+03	+2.759e+03	+1.017e+04	+0.301
123.200	+8.018e+03	+1.300e+03	+9.699e+03	+0.139
123.300	+6.700e+03	+1.044e+03	+1.144e+04	+0.135
123.400	+8.598e+03	+1.924e+03	+1.102e+04	+0.183
123.500	+8.789e+03	+2.326e+03	+9.473e+03	+0.209
123.600	+7.124e+03	+3.399e+03	+1.098e+04	+0.323
123.700	+6.922e+03	+3.120e+03	+1.022e+04	+0.311
123.800	+6.843e+03	+2.461e+03	+9.978e+03	+0.265
123.900	+7.722e+03	+1.182e+03	+1.027e+04	+0.133
124.000	+6.619e+03	+1.466e+03	+9.777e+03	+0.181
124.100	+6.614e+03	+2.385e+03	+9.059e+03	+0.265
124.200	+7.718e+03	+3.810e+03	+9.581e+03	+0.331
124.300	+6.629e+03	+3.973e+03	+9.403e+03	+0.375
124.400	+6.978e+03	+2.669e+03	+1.004e+04	+0.277
124.500	+7.029e+03	+1.352e+03	+8.437e+03	+0.161
124.600	+6.680e+03	+3.653e+03	+8.366e+03	+0.354
124.700	+8.165e+03	+2.002e+03	+9.582e+03	+0.197
124.800	+7.255e+03	+2.538e+03	+1.190e+04	+0.259
124.900	+8.104e+03	+2.393e+03	+1.012e+04	+0.228
125.000	+8.055e+03	+1.934e+03	+1.013e+04	+0.194
125.100	+7.831e+03	+1.391e+03	+8.576e+03	+0.151
125.200	+6.800e+03	+2.647e+03	+9.083e+03	+0.280
125.300	+8.088e+03	+3.352e+03	+9.720e+03	+0.293
125.400	+7.122e+03	+2.575e+03	+1.067e+04	+0.266
125.500	+9.163e+03	+3.063e+03	+1.069e+04	+0.251
125.600	+7.139e+03	+3.157e+03	+8.744e+03	+0.307
125.700	+8.668e+03	+2.360e+03	+9.944e+03	+0.214
125.800	+8.206e+03	+2.500e+03	+1.011e+04	+0.234
125.900	+7.483e+03	+3.450e+03	+9.222e+03	+0.316
126.000	+8.728e+03	+3.094e+03	+1.077e+04	+0.262
126.100	+8.422e+03	+2.423e+03	+1.129e+04	+0.223
126.200	+7.571e+03	+2.780e+03	+9.226e+03	+0.269
126.300	+7.506e+03	+2.137e+03	+1.003e+04	+0.222
126.400	+7.458e+03	+1.644e+03	+1.087e+04	+0.181
126.500	+7.830e+03	+1.412e+03	+1.007e+04	+0.153
126.600	+9.138e+03	+3.456e+03	+9.291e+03	+0.274
126.700	+7.339e+03	+1.489e+03	+8.578e+03	+0.169
126.800	+8.584e+03	+1.794e+03	+9.486e+03	+0.173
126.900	+7.256e+03	+2.634e+03	+9.768e+03	+0.266
127.000	+8.128e+03	+2.172e+03	+1.022e+04	+0.211
127.100	+6.641e+03	+2.876e+03	+9.334e+03	+0.302
127.200	+7.341e+03	+2.489e+03	+1.147e+04	+0.253
127.300	+7.061e+03	+3.188e+03	+8.737e+03	+0.311
127.400	+7.615e+03	+2.901e+03	+1.023e+04	+0.276
127.500	+7.499e+03	+2.523e+03	+1.052e+04	+0.252
127.600	+8.470e+03	+2.949e+03	+9.629e+03	+0.258
127.700	+7.062e+03	+1.995e+03	+1.058e+04	+0.220
127.800	+7.694e+03	+2.080e+03	+9.797e+03	+0.213
127.900	+7.729e+03	+1.670e+03	+9.666e+03	+0.178
128.000	+8.787e+03	+2.872e+03	+1.017e+04	+0.246
128.100	+7.365e+03	+1.729e+03	+1.041e+04	+0.190
128.200	+7.841e+03	+4.032e+03	+9.981e+03	+0.340
128.300	+6.967e+03	+4.510e+03	+9.827e+03	+0.393
128.400	+7.118e+03	+3.093e+03	+9.632e+03	+0.303
128.500	+7.561e+03	+2.364e+03	+1.089e+04	+0.238
128.600	+8.246e+03	+2.316e+03	+1.005e+04	+0.219
128.700	+7.682e+03	+2.004e+03	+9.215e+03	+0.207
128.800	+7.903e+03	+3.442e+03	+1.006e+04	+0.303
128.900	+6.857e+03	+1.924e+03	+1.037e+04	+0.219
129.000	+6.417e+03	+3.203e+03	+1.081e+04	+0.333
129.100	+7.915e+03	+3.665e+03	+1.007e+04	+0.316
129.200	+9.003e+03	+1.919e+03	+1.114e+04	+0.176
129.300	+7.836e+03	+2.181e+03	+1.017e+04	+0.218
129.400	+6.928e+03	+2.014e+03	+1.042e+04	+0.225
129.500	+7.828e+03	+3.812e+03	+1.049e+04	+0.328
129.600	+6.894e+03	+3.193e+03	+1.139e+04	+0.317
129.700	+8.224e+03	+3.299e+03	+9.441e+03	+0.286
129.800	+7.385e+03	+1.954e+03	+8.538e+03	+0.209
129.900	+7.693e+03	+1.990e+03	+9.861e+03	+0.205
130.000	+6.192e+03	+2.358e+03	+8.989e+03	+0.276
130.100	+7.897e+03	+3.022e+03	+9.664e+03	+0.277
130.200	+7.938e+03	+2.678e+03	+9.459e+03	+0.252
130.300	+6.265e+03	+3.214e+03	+9.589e+03	+0.339
130.400	+7.562e+03	+2.032e+03	+9.805e+03	+0.212
130.500	+8.068e+03	+1.841e+03	+1.000e+04	+0.186
130.600	+8.771e+03	+2.346e+03	+9.874e+03	+0.211
130.700	+8.059e+03	+3.369e+03	+1.027e+04	+0.295
130.800	+7.787e+03	+1.103e+03	+8.730e+03	+0.124
130.900	+7.117e+03	+2.685e+03	+1.003e+04	+0.274
131.000	+8.839e+03	+3.216e+03	+1.023e+04	+0.267
131.100	+6.547e+03	+2.563e+03	+9.049e+03	+0.281
131.200	+8.211e+03	+2.095e+03	+1.021e+04	+0.203
131.300	+6.465e+03	+3.359e+03	+1.024e+04	+0.342
131.400	+7.423e+03	+2.354e+03	+1.002e+04	+0.241
131.500	+7.073e+03	+1.183e+03	+8.974e+03	+0.143
131.600	+7.866e+03	+3.150e+03	+9.468e+03	+0.286
131.700	+9.276e+03	+1.736e+03	+1.043e+04	+0.158
131.800	+7.078e+03	+2.671e+03	+1.046e+04	+0.274
131.900	+7.433e+03	+3.443e+03	+1.052e+04	+0.317
132.000	+7.926e+03	+2.404e+03	+1.008e+04	+0.233
132.100	+8.716e+03	+1.443e+03	+1.055e+04	+0.142
132.200	+6.958e+03	+3.217e+03	+8.709e+03	+0.316
132.300	+6.802e+03	+1.995e+03	+9.862e+03	+0.227
132.400	+7.274e+03	+2.323e+03	+9.319e+03	+0.242
132.500	+7.073e+03	+3.391e+03	+1.099e+04	+0.324
132.600	+8.057e+03	+2.334e+03	+1.019e+04	+0.225
132.700	+7.845e+03	+2.762e+03	+1.059e+04	+0.260
132.800	+8.281e+03	+2.397e+03	+1.079e+04	+0.224
132.900	+6.230e+03	+3.552e+03	+1.074e+04	+0.363
133.000	+9.024e+03	+2.055e+03	+9.356e+03	+0.185
133.100	+8.931e+03	+2.394e+03	+1.063e+04	+0.211
133.200	+7.308e+03	+2.059e+03	+9.329e+03	+0.220
133.300	+8.244e+03	+2.860e+03	+9.047e+03	+0.258
133.400	+6.333e+03	+1.872e+03	+1.018e+04	+0.228
133.500	+7.505e+03	+3.548e+03	+8.038e+03	+0.321
133.600	+7.040e+03	+2.231e+03	+9.007e+03	+0.241
133.700	+7.019e+03	+1.740e+03	+1.009e+04	+0.199
133.800	+8.216e+03	+2.181e+03	+1.005e+04	+0.210
133.900	+7.611e+03	+1.524e+03	+1.000e+04	+0.167
134.000	+7.614e+03	+2.968e+03	+1.019e+04	+0.280
134.100	+7.150e+03	+2.261e+03	+9.804e+03	+0.240
134.200	+7.011e+03	+2.074e+03	+8.399e+03	+0.228
134.300	+7.574e+03	+1.912e+03	+1.003e+04	+0.202
134.400	+7.591e+03	+3.653e+03	+1.051e+04	+0.325
134.500	+7.202e+03	+2.673e+03	+9.004e+03	+0.271
134.600	+7.878e+03	+2.242e+03	+1.010e+04	+0.222
134.700	+7.382e+03	+2.130e+03	+1.013e+04	+0.224
134.800	+6.994e+03	+2.086e+03	+9.348e+03	+0.230
134.900	+6.681e+03	+2.328e+03	+9.264e+03	+0.258
135.000	+8.443e+03	+3.931e+03	+9.824e+03	+0.318
135.100	+7.102e+03	+2.787e+03	+9.500e+03	+0.282
135.200	+8.011e+03	+2.637e+03	+9.491e+03	+0.248
135.300	+8.227e+03	+1.893e+03	+9.804e+03	+0.187
135.400	+7.338e+03	+1.901e+03	+1.007e+04	+0.206
135.500	+7.645e+03	+3.989e+03	+1.010e+04	+0.343
135.600	+8.067e+03	+3.438e+03	+1.093e+04	+0.299
135.700	+7.507e+03	+2.614e+03	+9.546e+03	+0.258
135.800	+8.889e+03	+3.115e+03	+1.071e+04	+0.260
135.900	+7.023e+03	+2.214e+03	+1.020e+04	+0.240
136.000	+7.186e+03	+3.357e+03	+9.789e+03	+0.318
136.100	+8.492e+03	+1.458e+03	+1.119e+04	+0.147
136.200	+7.818e+03	+1.841e+03	+8.963e+03	+0.191
136.300	+7.119e+03	+2.003e+03	+1.016e+04	+0.220
136.400	+8.660e+03	+3.109e+03	+9.590e+03	+0.264
136.500	+6.584e+03	+2.612e+03	+9.900e+03	+0.284
136.600	+8.274e+03	+2.317e+03	+1.032e+04	+0.219
136.700	+7.481e+03	+1.378e+03	+1.031e+04	+0.156
136.800	+7.682e+03	+1.649e+03	+9.709e+03	+0.177
136.900	+7.388e+03	+1.697e+03	+9.369e+03	+0.187
137.000	+7.245e+03	+1.689e+03	+1.038e+04	+0.189
137.100	+8.792e+03	+2.376e+03	+1.003e+04	+0.213
137.200	+6.744e+03	+2.061e+03	+9.931e+03	+0.234
137.300	+8.064e+03	+3.400e+03	+1.020e+04	+0.297
137.400	+8.158e+03	+2.861e+03	+1.066e+04	+0.260
137.500	+6.592e+03	+2.522e+03	+1.065e+04	+0.277
137.600	+5.984e+03	+1.258e+03	+1.097e+04	+0.174
137.700	+8.648e+03	+2.952e+03	+9.566e+03	+0.255
137.800	+8.543e+03	+7.171e+02	+9.841e+03	+0.077
137.900	+7.818e+03	+2.547e+03	+1.038e+04	+0.246
138.000	+7.743e+03	+2.532e+03	+9.852e+03	+0.246
138.100	+6.451e+03	+3.136e+03	+9.801e+03	+0.327
138.200	+7.194e+03	+4.322e+03	+1.000e+04	+0.375
138.300	+7.542e+03	+3.049e+03	+1.061e+04	+0.288
138.400	+6.320e+03	+3.077e+03	+9.903e+03	+0.327
138.500	+8.031e+03	+1.552e+03	+9.436e+03	+0.162
138.600	+7.835e+03	+2.162e+03	+1.045e+04	+0.216
138.700	+6.802e+03	+1.710e+03	+9.237e+03	+0.201
138.800	+7.787e+03	+2.338e+03	+8.848e+03	+0.231
138.900	+8.484e+03	+3.608e+03	+9.881e+03	+0.298
139.000	+6.615e+03	+2.972e+03	+9.892e+03	+0.310
139.100	+7.854e+03	+1.835e+03	+1.102e+04	+0.189
139.200	+9.243e+03	+2.276e+03	+8.972e+03	+0.198
139.300	+8.435e+03	+3.125e+03	+9.120e+03	+0.270
139.400	+7.683e+03	+3.773e+03	+8.761e+03	+0.329
139.500	+7.201e+03	+3.378e+03	+9.967e+03	+0.319
139.600	+8.253e+03	+2.406e+03	+1.021e+04	+0.226
139.700	+8.959e+03	+2.259e+03	+9.065e+03	+0.201
139.800	+7.544e+03	+4.061e+03	+9.511e+03	+0.350
139.900	+7.382e+03	+1.474e+03	+1.035e+04	+0.166
140.000	+8.282e+03	+2.798e+03	+9.236e+03	+0.252
140.100	+6.661e+03	+2.006e+03	+1.008e+04	+0.231
140.200	+6.646e+03	+2.125e+03	+1.082e+04	+0.242
140.300	+8.082e+03	+1.875e+03	+1.040e+04	+0.188
140.400	+7.821e+03	+1.390e+03	+9.516e+03	+0.151
140.500	+5.756e+03	+1.480e+03	+9.179e+03	+0.205
140.600	+8.435e+03	+2.754e+03	+9.874e+03	+0.246
140.700	+7.565e+03	+1.852e+03	+1.028e+04	+0.197
140.800	+8.379e+03	+2.455e+03	+1.055e+04	+0.227
140.900	+7.221e+03	+3.019e+03	+9.653e+03	+0.295
141.000	+7.346e+03	+1.836e+03	+1.121e+04	+0.200
141.100	+7.612e+03	+3.087e+03	+8.938e+03	+0.289
141.200	+6.870e+03	+3.605e+03	+1.078e+04	+0.344
141.300	+6.534e+03	+8.958e+02	+1.009e+04	+0.121
141.400	+7.112e+03	+1.827e+03	+1.008e+04	+0.204
141.500	+8.047e+03	+3.097e+03	+1.053e+04	+0.278
141.600	+8.050e+03	+3.500e+03	+1.088e+04	+0.303
141.700	+8.073e+03	+2.539e+03	+9.874e+03	+0.239
141.800	+6.505e+03	+2.534e+03	+1.024e+04	+0.280
141.900	+8.273e+03	+2.978e+03	+1.078e+04	+0.265
142.000	+6.825e+03	+2.832e+03	+9.501e+03	+0.293
142.100	+6.908e+03	+1.768e+03	+9.889e+03	+0.204
142.200	+7.282e+03	+1.944e+03	+9.673e+03	+0.211
142.300	+7.047e+03	+1.838e+03	+1.046e+04	+0.207
142.400	+7.691e+03	+1.689e+03	+1.050e+04	+0.180
142.500	+7.586e+03	+3.037e+03	+1.195e+04	+0.286
142.600	+8.206e+03	+1.480e+03	+1.047e+04	+0.153
142.700	+6.863e+03	+2.250e+03	+1.144e+04	+0.247
142.800	+6.576e+03	+2.452e+03	+1.066e+04	+0.272
142.900	+8.389e+03	+2.114e+03	+9.740e+03	+0.201
143.000	+7.396e+03	+2.973e+03	+9.559e+03	+0.287
143.100	+8.571e+03	+2.683e+03	+9.891e+03	+0.238
143.200	+7.590e+03	+2.580e+03	+9.297e+03	+0.254
143.300	+6.712e+03	+2.235e+03	+9.778e+03	+0.250
143.400	+7.632e+03	+3.229e+03	+1.161e+04	+0.297
143.500	+7.868e+03	+1.126e+03	+1.041e+04	+0.125
143.600	+5.912e+03	+2.943e+03	+9.616e+03	+0.332
143.700	+7.569e+03	+3.492e+03	+1.030e+04	+0.316
143.800	+6.310e+03	+1.912e+03	+1.080e+04	+0.233
143.900	+7.400e+03	+1.497e+03	+8.862e+03	+0.168
144.000	+6.428e+03	+2.926e+03	+1.037e+04	+0.313
144.100	+8.106e+03	+2.086e+03	+8.730e+03	+0.205
144.200	+7.951e+03	+1.631e+03	+9.728e+03	+0.170
144.300	+7.796e+03	+2.283e+03	+9.722e+03	+0.227
144.400	+5.886e+03	+1.152e+03	+8.736e+03	+0.164
144.500	+6.846e+03	+1.836e+03	+1.032e+04	+0.211
144.600	+7.466e+03	+2.333e+03	+9.342e+03	+0.238
144.700	+7.552e+03	+2.732e+03	+1.114e+04	+0.266
144.800	+6.638e+03	+3.115e+03	+9.367e+03	+0.319
144.900	+7.801e+03	+3.582e+03	+1.083e+04	+0.315
145.000	+6.681e+03	+3.644e+03	+9.628e+03	+0.353
145.100	+7.576e+03	+2.963e+03	+9.940e+03	+0.281
145.200	+7.677e+03	+2.501e+03	+1.043e+04	+0.246
145.300	+7.928e+03	+2.382e+03	+1.040e+04	+0.231
145.400	+6.650e+03	+7.739e+02	+9.460e+03	+0.104
145.500	+7.532e+03	+1.456e+03	+1.031e+04	+0.162
145.600	+8.412e+03	+3.211e+03	+9.383e+03	+0.276
145.700	+7.541e+03	+2.965e+03	+9.689e+03	+0.282
145.800	+8.201e+03	+1.989e+03	+9.710e+03	+0.195
145.900	+8.035e+03	+3.508e+03	+1.088e+04	+0.304
146.000	+7.409e+03	+2.243e+03	+1.008e+04	+0.232
146.100	+7.420e+03	+2.680e+03	+9.347e+03	+0.265
146.200	+7.706e+03	+2.605e+03	+1.152e+04	+0.253
146.300	+6.670e+03	+3.198e+03	+8.411e+03	+0.324
146.400	+8.074e+03	+3.885e+03	+9.666e+03	+0.325
146.500	+8.036e+03	+1.452e+03	+9.182e+03	+0.153
146.600	+7.614e+03	+2.614e+03	+1.073e+04	+0.256
146.700	+7.785e+03	+1.571e+03	+9.494e+03	+0.168
146.800	+7.767e+03	+2.393e+03	+9.222e+03	+0.236
146.900	+8.727e+03	+2.856e+03	+1.090e+04	+0.247
147.000	+7.266e+03	+2.466e+03	+1.001e+04	+0.253
147.100	+7.101e+03	+3.734e+03	+1.067e+04	+0.345
147.200	+7.272e+03	+3.446e+03	+9.135e+03	+0.322
147.300	+7.526e+03	+3.220e+03	+1.047e+04	+0.300
147.400	+7.460e+03	+1.939e+03	+1.027e+04	+0.206
147.500	+6.870e+03	+3.297e+03	+9.727e+03	+0.324
147.600	+8.297e+03	+1.826e+03	+9.940e+03	+0.180
147.700	+6.667e+03	+3.440e+03	+9.711e+03	+0.340
147.800	+8.687e+03	+2.227e+03	+1.138e+04	+0.204
147.900	+8.204e+03	+2.143e+03	+1.040e+04	+0.207
148.000	+7.081e+03	+1.857e+03	+1.038e+04	+0.208
148.100	+6.801e+03	+1.824e+03	+8.427e+03	+0.211
148.200	+8.857e+03	+2.556e+03	+1.033e+04	+0.224
148.300	+7.924e+03	+2.678e+03	+9.724e+03	+0.253
148.400	+8.300e+03	+2.367e+03	+9.513e+03	+0.222
148.500	+7.497e+03	+3.195e+03	+1.027e+04	+0.299
148.600	+6.942e+03	+2.069e+03	+1.079e+04	+0.230
148.700	+6.313e+03	+2.750e+03	+1.080e+04	+0.303
148.800	+7.914e+03	+2.492e+03	+1.096e+04	+0.239
148.900	+7.290e+03	+6.894e+02	+9.900e+03	+0.086
149.000	+6.575e+03	+2.636e+03	+9.653e+03	+0.286
149.100	+7.577e+03	+1.620e+03	+1.050e+04	+0.176
149.200	+6.362e+03	+2.839e+03	+9.425e+03	+0.309
149.300	+6.167e+03	+2.779e+03	+9.090e+03	+0.311
149.400	+7.133e+03	+1.055e+03	+1.013e+04	+0.129
149.500	+7.452e+03	+1.944e+03	+9.522e+03	+0.207
149.600	+6.114e+03	+3.214e+03	+1.067e+04	+0.345
149.700	+7.741e+03	+2.233e+03	+9.353e+03	+0.224
149.800	+6.528e+03	+3.271e+03	+1.054e+04	+0.334
149.900	+6.631e+03	+1.483e+03	+8.267e+03	+0.183
150.000	+7.932e+03	+1.570e+03	+1.011e+04	+0.165
150.100	+7.830e+03	+1.834e+03	+1.110e+04	+0.190
150.200	+7.231e+03	+3.189e+03	+9.413e+03	+0.306
150.300	+7.403e+03	+2.533e+03	+9.638e+03	+0.255
150.400	+7.223e+03	+2.775e+03	+8.757e+03	+0.278
150.500	+8.423e+03	+2.155e+03	+9.857e+03	+0.204
150.600	+6.212e+03	+2.830e+03	+1.098e+04	+0.313
150.700	+7.324e+03	+2.329e+03	+9.700e+03	+0.241
150.800	+6.527e+03	+2.182e+03	+1.133e+04	+0.251
150.900	+6.932e+03	+2.124e+03	+9.513e+03	+0.235
151.000	+8.039e+03	+1.830e+03	+8.971e+03	+0.185
151.100	+8.563e+03	+2.212e+03	+1.097e+04	+0.205
151.200	+7.199e+03	+1.882e+03	+9.638e+03	+0.207
151.300	+9.152e+03	+4.227e+03	+1.010e+04	+0.316
151.400	+7.889e+03	+2.511e+03	+1.131e+04	+0.241
151.500	+6.515e+03	+1.880e+03	+1.013e+04	+0.224
151.600	+6.681e+03	+3.469e+03	+1.052e+04	+0.342
151.700	+8.606e+03	+4.410e+03	+9.856e+03	+0.339
151.800	+6.868e+03	+2.377e+03	+9.367e+03	+0.257
151.900	+6.708e+03	+2.474e+03	+9.311e+03	+0.269
152.000	+7.812e+03	+2.691e+03	+1.083e+04	+0.256
152.100	+7.652e+03	+1.920e+03	+1.059e+04	+0.201
152.200	+7.338e+03	+3.027e+03	+9.751e+03	+0.292
152.300	+7.859e+03	+1.823e+03	+8.923e+03	+0.188
152.400	+7.146e+03	+2.156e+03	+1.052e+04	+0.232
152.500	+7.727e+03	+1.956e+03	+1.016e+04	+0.202
152.600	+6.379e+03	+2.641e+03	+9.856e+03	+0.293
152.700	+6.782e+03	+1.267e+03	+9.918e+03	+0.157
152.800	+7.470e+03	+2.473e+03	+1.079e+04	+0.249
152.900	+7.246e+03	+1.015e+03	+1.020e+04	+0.123
153.000	+7.715e+03	+3.366e+03	+9.077e+03	+0.304
153.100	+8.362e+03	+2.341e+03	+1.121e+04	+0.219
153.200	+7.555e+03	+2.347e+03	+1.043e+04	+0.237
153.300	+7.833e+03	+1.480e+03	+9.438e+03	+0.159
153.400	+6.771e+03	+2.747e+03	+8.982e+03	+0.289
153.500	+6.613e+03	+3.604e+03	+1.066e+04	+0.353
153.600	+6.990e+03	+1.357e+03	+9.744e+03	+0.163
153.700	+7.158e+03	+2.817e+03	+1.000e+04	+0.282
153.800	+6.628e+03	+2.527e+03	+9.762e+03	+0.276
153.900	+6.686e+03	+2.382e+03	+8.842e+03	+0.263
154.000	+7.737e+03	+2.209e+03	+9.516e+03	+0.222
154.100	+8.711e+03	+1.867e+03	+1.050e+04	+0.177
154.200	+8.015e+03	+7.314e+02	+9.946e+03	+0.084
154.300	+8.117e+03	+3.790e+03	+9.895e+03	+0.318
154.400	+8.535e+03	+1.196e+03	+1.057e+04	+0.123
154.500	+7.305e+03	+2.916e+03	+9.021e+03	+0.285
154.600	+7.127e+03	+3.477e+03	+9.360e+03	+0.328
154.700	+8.736e+03	+2.601e+03	+1.045e+04	+0.229
154.800	+7.138e+03	+2.856e+03	+9.355e+03	+0.286
154.900	+7.168e+03	+8.602e+02	+9.702e+03	+0.107
155.000	+6.018e+03	+3.782e+03	+9.980e+03	+0.386
155.100	+7.807e+03	+4.127e+03	+8.469e+03	+0.346
155.200	+7.242e+03	+2.690e+03	+9.608e+03	+0.271
155.300	+7.708e+03	+2.433e+03	+1.029e+04	+0.240
155.400	+7.804e+03	+3.030e+03	+1.054e+04	+0.280
155.500	+7.265e+03	+3.676e+03	+1.033e+04	+0.336
155.600	+8.197e+03	+2.121e+03	+9.490e+03	+0.206
155.700	+6.905e+03	+3.235e+03	+1.114e+04	+0.319
155.800	+6.341e+03	+1.750e+03	+1.065e+04	+0.216
155.900	+7.800e+03	+2.643e+03	+9.424e+03	+0.253
156.000	+7.649e+03	+1.926e+03	+8.986e+03	+0.201
156.100	+7.562e+03	+2.347e+03	+9.580e+03	+0.237
156.200	+7.905e+03	+3.384e+03	+1.047e+04	+0.300
156.300	+8.266e+03	+1.697e+03	+9.722e+03	+0.170
156.400	+7.018e+03	+2.422e+03	+1.109e+04	+0.257
156.500	+7.393e+03	+3.714e+03	+1.130e+04	+0.334
156.600	+7.224e+03	+8.410e+02	+9.293e+03	+0.104
156.700	+7.540e+03	+1.626e+03	+9.611e+03	+0.177
156.800	+6.756e+03	+1.497e+03	+1.105e+04	+0.181
156.900	+6.715e+03	+1.456e+03	+1.001e+04	+0.178
157.000	+7.219e+03	+1.753e+03	+9.302e+03	+0.195
157.100	+7.482e+03	+1.237e+03	+9.890e+03	+0.142
157.200	+8.440e+03	+2.350e+03	+9.361e+03	+0.218
157.300	+7.858e+03	+1.764e+03	+1.011e+04	+0.183
157.400	+8.000e+03	+3.124e+03	+1.022e+04	+0.281
157.500	+8.597e+03	+2.691e+03	+8.974e+03	+0.238
157.600	+7.698e+03	+1.782e+03	+1.051e+04	+0.188
157.700	+7.473e+03	+2.266e+03	+9.976e+03	+0.233
157.800	+7.117e+03	+3.384e+03	+1.023e+04	+0.322
157.900	+8.960e+03	+1.805e+03	+9.037e+03	+0.168
158.000	+7.030e+03	+3.710e+03	+9.639e+03	+0.345
158.100	+7.491e+03	+2.349e+03	+9.915e+03	+0.239
158.200	+6.940e+03	+2.603e+03	+1.009e+04	+0.273
158.300	+8.355e+03	+3.737e+03	+9.873e+03	+0.309
158.400	+5.621e+03	+2.175e+03	+1.030e+04	+0.279
158.500	+8.306e+03	+1.795e+03	+1.117e+04	+0.178
158.600	+6.778e+03	+1.075e+03	+9.102e+03	+0.137
158.700	+8.662e+03	+1.021e+03	+9.535e+03	+0.105
158.800	+8.064e+03	+2.308e+03	+9.949e+03	+0.223
158.900	+7.959e+03	+3.138e+03	+9.423e+03	+0.283
159.000	+7.346e+03	+2.445e+03	+1.000e+04	+0.250
159.100	+7.911e+03	+1.960e+03	+9.554e+03	+0.199
159.200	+7.956e+03	+4.824e+02	+1.074e+04	+0.057
159.300	+7.226e+03	+1.402e+03	+1.070e+04	+0.162
159.400	+8.324e+03	+2.525e+03	+9.825e+03	+0.233
159.500	+8.970e+03	+1.660e+03	+8.717e+03	+0.156
159.600	+6.627e+03	+2.521e+03	+1.191e+04	+0.276
159.700	+6.331e+03	+2.604e+03	+8.865e+03	+0.291
159.800	+7.044e+03	+2.076e+03	+1.072e+04	+0.228
159.900	+7.967e+03	+1.820e+03	+1.043e+04	+0.186
160.000	+8.220e+03	+1.806e+03	+8.870e+03	+0.180
160.100	+8.074e+03	+1.944e+03	+1.012e+04	+0.194
160.200	+7.366e+03	+3.189e+03	+9.167e+03	+0.302
160.300	+7.397e+03	+1.072e+03	+1.011e+04	+0.127
160.400	+7.016e+03	+2.625e+03	+1.148e+04	+0.272
160.500	+8.000e+03	+2.817e+03	+9.699e+03	+0.260
160.600	+6.131e+03	+2.518e+03	+1.057e+04	+0.291
160.700	+8.111e+03	+1.987e+03	+1.056e+04	+0.197
160.800	+7.419e+03	+2.177e+03	+9.721e+03	+0.227
160.900	+8.058e+03	+2.116e+03	+1.025e+04	+0.208
161.000	+8.487e+03	+3.538e+03	+9.513e+03	+0.294
161.100	+7.566e+03	+1.525e+03	+8.868e+03	+0.168
161.200	+7.011e+03	+2.559e+03	+1.028e+04	+0.267
161.300	+8.514e+03	+2.780e+03	+9.076e+03	+0.246
161.400	+7.044e+03	+1.502e+03	+8.498e+03	+0.176
161.500	+7.330e+03	+1.420e+03	+8.686e+03	+0.162
161.600	+7.963e+03	+2.727e+03	+9.944e+03	+0.255
161.700	+6.558e+03	+2.977e+03	+9.235e+03	+0.312
161.800	+6.964e+03	+1.885e+03	+9.467e+03	+0.213
161.900	+8.049e+03	+2.239e+03	+9.124e+03	+0.218
162.000	+7.668e+03	+3.137e+03	+1.034e+04	+0.290
162.100	+6.997e+03	+1.977e+03	+1.142e+04	+0.220
162.200	+7.414e+03	+2.322e+03	+1.022e+04	+0.238
162.300	+6.832e+03	+2.247e+03	+1.046e+04	+0.248
162.400	+5.767e+03	+4.425e+03	+9.447e+03	+0.434
162.500	+4.917e+03	+4.380e+03	+1.037e+04	+0.471
162.600	+5.753e+03	+5.150e+03	+9.270e+03	+0.472
162.700	+4.857e+03	+5.084e+03	+1.079e+04	+0.511
162.800	+3.370e+03	+5.376e+03	+1.048e+04	+0.615
162.900	+4.686e+03	+5.420e+03	+9.142e+03	+0.536
163.000	+3.762e+03	+4.845e+03	+9.748e+03	+0.563
163.100	+5.273e+03	+5.155e+03	+9.108e+03	+0.494
163.200	+5.497e+03	+4.750e+03	+9.203e+03	+0.464
163.300	+4.329e+03	+6.568e+03	+9.021e+03	+0.603
163.400	+1.579e+03	+7.971e+03	+9.274e+03	+0.835
163.500	+3.016e+03	+7.388e+03	+1.129e+04	+0.710
163.600	+2.376e+03	+8.924e+03	+9.381e+03	+0.790
163.700	+3.025e+03	+7.300e+03	+9.524e+03	+0.707
163.800	+2.705e+03	+7.295e+03	+9.675e+03	+0.730
163.900	+8.386e+02	+8.879e+03	+1.069e+04	+0.914
164.000	+1.920e+03	+7.763e+03	+8.637e+03	+0.802
164.100	+7.147e+02	+7.089e+03	+1.049e+04	+0.908
164.200	+2.064e+03	+8.062e+03	+9.895e+03	+0.796
164.300	+1.891e+03	+8.102e+03	+1.020e+04	+0.811
164.400	+2.171e+03	+7.462e+03	+9.487e+03	+0.775
164.500	+1.819e+03	+8.115e+03	+1.052e+04	+0.817
164.600	+1.328e+03	+7.645e+03	+1.120e+04	+0.852
164.700	+3.369e+03	+5.233e+03	+9.247e+03	+0.608
164.800	+4.861e+03	+4.700e+03	+1.063e+04	+0.492
164.900	+5.794e+03	+4.402e+03	+1.075e+04	+0.432
165.000	+4.814e+03	+6.284e+03	+9.592e+03	+0.566
165.100	+4.154e+03	+5.009e+03	+1.083e+04	+0.547
165.200	+6.222e+03	+5.009e+03	+1.005e+04	+0.446
165.300	+5.375e+03	+5.116e+03	+9.133e+03	+0.488
165.400	+5.971e+03	+5.509e+03	+1.009e+04	+0.480
165.500	+5.575e+03	+5.533e+03	+9.997e+03	+0.498
165.600	+5.210e+03	+4.712e+03	+1.027e+04	+0.475
165.700	+4.357e+03	+4.377e+03	+1.023e+04	+0.501
165.800	+4.393e+03	+4.279e+03	+9.762e+03	+0.493
165.900	+4.337e+03	+4.951e+03	+9.614e+03	+0.533
166.000	+5.032e+03	+5.111e+03	+1.022e+04	+0.504
166.100	+6.231e+03	+4.406e+03	+9.173e+03	+0.414
166.200	+4.652e+03	+4.544e+03	+1.012e+04	+0.494
166.300	+4.992e+03	+4.252e+03	+1.029e+04	+0.460
166.400	+4.609e+03	+5.099e+03	+1.010e+04	+0.525
166.500	+4.938e+03	+5.572e+03	+9.462e+03	+0.530
166.600	+5.050e+03	+5.051e+03	+1.082e+04	+0.500
166.700	+5.762e+03	+5.058e+03	+1.025e+04	+0.467
166.800	+5.573e+03	+5.588e+03	+9.930e+03	+0.501
166.900	+4.615e+03	+4.881e+03	+1.020e+04	+0.514
167.000	+5.078e+03	+4.979e+03	+9.421e+03	+0.495
167.100	+3.842e+03	+4.932e+03	+9.723e+03	+0.562
167.200	+4.645e+03	+5.134e+03	+1.136e+04	+0.525
167.300	+4.149e+03	+3.948e+03	+1.066e+04	+0.488
167.400	+4.600e+03	+6.644e+03	+1.116e+04	+0.591
167.500	+3.915e+03	+4.143e+03	+1.022e+04	+0.514
167.600	+7.519e+03	+4.995e+03	+9.962e+03	+0.399
167.700	+4.489e+03	+4.576e+03	+1.004e+04	+0.505
167.800	+3.502e+03	+4.962e+03	+9.077e+03	+0.586
167.900	+5.315e+03	+5.550e+03	+1.003e+04	+0.511
168.000	+5.113e+03	+4.734e+03	+1.022e+04	+0.481
168.100	+4.825e+03	+3.973e+03	+1.051e+04	+0.452
168.200	+3.569e+03	+4.866e+03	+1.109e+04	+0.577
168.300	+5.934e+03	+4.534e+03	+1.008e+04	+0.433
168.400	+4.545e+03	+4.905e+03	+9.483e+03	+0.519
168.500	+5.934e+03	+4.905e+03	+1.020e+04	+0.453
168.600	+4.773e+03	+4.484e+03	+1.020e+04	+0.484
168.700	+4.574e+03	+3.909e+03	+9.774e+03	+0.461
168.800	+4.760e+03	+4.681e+03	+1.004e+04	+0.496
168.900	+2.726e+03	+7.197e+03	+1.104e+04	+0.725
169.000	+2.789e+03	+6.231e+03	+1.025e+04	+0.691
169.100	+2.152e+03	+7.310e+03	+9.494e+03	+0.773
169.200	+1.833e+03	+8.703e+03	+9.533e+03	+0.826
169.300	+1.537e+03	+8.045e+03	+9.518e+03	+0.840
169.400	+2.380e+03	+7.614e+03	+8.843e+03	+0.762
169.500	+9.305e+02	+8.875e+03	+9.366e+03	+0.905
169.600	+1.134e+03	+7.884e+03	+9.231e+03	+0.874
169.700	+2.363e+03	+8.907e+03	+1.025e+04	+0.790
169.800	+1.096e+03	+8.020e+03	+9.687e+03	+0.880
169.900	+1.877e+03	+7.606e+03	+1.012e+04	+0.802
170.000	+1.493e+03	+8.767e+03	+1.088e+04	+0.854
170.100	+3.497e+03	+8.214e+03	+1.005e+04	+0.701
170.200	+1.344e+03	+9.488e+03	+8.840e+03	+0.876
170.300	+2.258e+03	+7.802e+03	+9.207e+03	+0.776
170.400	+1.642e+03	+8.029e+03	+1.126e+04	+0.830
170.500	+2.298e+03	+8.636e+03	+7.948e+03	+0.790
170.600	+2.514e+03	+6.773e+03	+9.519e+03	+0.729
170.700	+1.473e+03	+6.889e+03	+1.092e+04	+0.824
170.800	+2.033e+03	+9.654e+03	+1.172e+04	+0.826
170.900	+3.372e+03	+7.506e+03	+1.033e+04	+0.690
171.000	+2.102e+03	+9.316e+03	+9.064e+03	+0.816
171.100	+1.440e+03	+7.951e+03	+1.078e+04	+0.847
171.200	+3.636e+03	+7.768e+03	+1.045e+04	+0.681
171.300	+2.078e+03	+8.388e+03	+9.445e+03	+0.801
171.400	+2.696e+03	+7.725e+03	+1.086e+04	+0.741
171.500	+2.200e+03	+8.069e+03	+9.814e+03	+0.786
171.600	+1.471e+03	+7.407e+03	+9.764e+03	+0.834
171.700	+2.203e+03	+7.641e+03	+8.795e+03	+0.776
171.800	+2.266e+03	+8.859e+03	+9.636e+03	+0.796
171.900	+1.948e+03	+9.721e+03	+9.654e+03	+0.833
172.000	+1.874e+03	+7.249e+03	+1.068e+04	+0.795
172.100	+3.504e+03	+6.780e+03	+9.559e+03	+0.659
172.200	+1.383e+03	+7.451e+03	+1.031e+04	+0.843
172.300	+1.893e+03	+8.509e+03	+1.083e+04	+0.818
172.400	+2.113e+02	+7.535e+03	+1.128e+04	+0.973
172.500	+2.594e+03	+7.960e+03	+8.831e+03	+0.754
172.600	+2.522e+03	+7.904e+03	+1.071e+04	+0.758
172.700	+1.360e+03	+8.117e+03	+1.054e+04	+0.856
172.800	+2.593e+03	+7.333e+03	+9.092e+03	+0.739
172.900	+2.940e+03	+7.309e+03	+8.991e+03	+0.713
173.000	+3.120e+03	+8.955e+03	+9.698e+03	+0.742
173.100	+1.234e+03	+7.689e+03	+1.009e+04	+0.862
173.200	+3.089e+03	+8.598e+03	+9.893e+03	+0.736
173.300	+1.979e+03	+6.696e+03	+9.422e+03	+0.772
173.400	+2.323e+03	+7.923e+03	+1.028e+04	+0.773
173.500	+1.195e+03	+7.792e+03	+9.966e+03	+0.867
173.600	+3.092e+03	+7.652e+03	+9.696e+03	+0.712
173.700	+2.351e+03	+8.262e+03	+9.632e+03	+0.778
173.800	+3.052e+03	+8.457e+03	+9.452e+03	+0.735
173.900	+2.987e+03	+8.101e+03	+1.016e+04	+0.731
174.000	+2.498e+03	+7.837e+03	+9.806e+03	+0.758
174.100	+3.436e+03	+7.754e+03	+9.020e+03	+0.693
174.200	+1.204e+03	+6.867e+03	+9.773e+03	+0.851
174.300	+1.629e+03	+7.416e+03	+9.967e+03	+0.820
174.400	+1.519e+03	+8.827e+03	+9.715e+03	+0.853
174.500	+1.828e+03	+8.299e+03	+9.372e+03	+0.820
174.600	+1.440e+03	+7.762e+03	+9.012e+03	+0.844
174.700	+1.985e+03	+7.696e+03	+1.025e+04	+0.795
174.800	+6.780e+02	+8.541e+03	+1.041e+04	+0.926
174.900	+2.162e+03	+8.508e+03	+1.001e+04	+0.797
175.000	+2.852e+03	+8.559e+03	+1.016e+04	+0.750
175.100	+2.010e+03	+8.232e+03	+1.017e+04	+0.804
175.200	+8.438e+02	+8.510e+03	+9.713e+03	+0.910
175.300	+4.006e+02	+7.269e+03	+1.078e+04	+0.948
175.400	+1.221e+03	+7.809e+03	+9.488e+03	+0.865
175.500	+2.537e+03	+8.083e+03	+9.720e+03	+0.761
175.600	+2.647e+03	+8.005e+03	+9.046e+03	+0.752
175.700	+5.410e+02	+7.522e+03	+1.134e+04	+0.933
175.800	+3.156e+03	+9.682e+03	+1.067e+04	+0.754
175.900	+1.303e+03	+8.021e+03	+1.034e+04	+0.860
176.000	+4.081e+03	+5.729e+03	+1.058e+04	+0.584
176.100	+4.405e+03	+4.588e+03	+9.877e+03	+0.510
176.200	+4.702e+03	+4.267e+03	+1.129e+04	+0.476
176.300	+3.142e+03	+5.663e+03	+9.772e+03	+0.643
176.400	+7.480e+02	+9.685e+03	+9.694e+03	+0.928
176.500	+1.744e+03	+7.939e+03	+1.006e+04	+0.820
176.600	+2.181e+03	+7.549e+03	+1.090e+04	+0.776
176.700	+1.245e+03	+9.065e+03	+9.469e+03	+0.879
176.800	+3.268e+03	+7.591e+03	+9.597e+03	+0.699
176.900	+1.767e+03	+7.576e+03	+9.084e+03	+0.811
177.000	+6.079e+03	+5.138e+03	+8.895e+03	+0.458
177.100	+6.398e+03	+5.200e+03	+9.666e+03	+0.448
177.200	+4.307e+03	+3.954e+03	+9.576e+03	+0.479
177.300	+5.293e+03	+5.486e+03	+9.726e+03	+0.509
177.400	+5.179e+03	+5.542e+03	+9.387e+03	+0.517
177.500	+4.583e+03	+4.656e+03	+9.712e+03	+0.504
177.600	+4.705e+03	+4.271e+03	+1.019e+04	+0.476
177.700	+5.540e+03	+5.053e+03	+1.045e+04	+0.477
177.800	+4.051e+03	+4.201e+03	+1.019e+04	+0.509
177.900	+6.484e+03	+4.467e+03	+9.736e+03	+0.408
178.000	+5.059e+03	+5.364e+03	+1.024e+04	+0.515
178.100	+3.908e+03	+4.783e+03	+1.039e+04	+0.550
178.200	+4.211e+03	+5.425e+03	+1.001e+04	+0.563
178.300	+6.342e+03	+5.558e+03	+8.812e+03	+0.467
178.400	+4.400e+03	+3.515e+03	+9.028e+03	+0.444
178.500	+5.820e+03	+5.934e+03	+9.787e+03	+0.505
178.600	+5.224e+03	+5.628e+03	+9.625e+03	+0.519
178.700	+3.952e+03	+5.760e+03	+1.080e+04	+0.593
178.800	+4.745e+03	+4.052e+03	+9.754e+03	+0.461
178.900	+4.758e+03	+4.992e+03	+1.052e+04	+0.512
179.000	+6.367e+03	+4.665e+03	+9.433e+03	+0.423
179.100	+4.016e+03	+6.773e+03	+9.286e+03	+0.628
179.200	+5.802e+03	+4.996e+03	+1.040e+04	+0.463
179.300	+4.322e+03	+5.241e+03	+9.465e+03	+0.548
179.400	+5.820e+03	+4.575e+03	+8.828e+03	+0.440
179.500	+5.926e+03	+4.740e+03	+1.039e+04	+0.444
179.600	+4.264e+03	+5.220e+03	+1.023e+04	+0.550
179.700	+5.298e+03	+5.231e+03	+1.082e+04	+0.497
179.800	+7.722e+03	+3.168e+03	+1.026e+04	+0.291
179.900	+7.912e+03	+2.023e+03	+9.316e+03	+0.204
180.000	+7.598e+03	+2.277e+03	+8.770e+03	+0.231
180.100	+8.525e+03	+2.086e+03	+1.103e+04	+0.197
180.200	+6.752e+03	+2.603e+03	+1.012e+04	+0.278
180.300	+7.151e+03	+3.159e+03	+1.105e+04	+0.306
180.400	+8.067e+03	+1.006e+03	+1.009e+04	+0.111
180.500	+6.656e+03	+1.955e+03	+9.136e+03	+0.227
180.600	+7.477e+03	+2.748e+03	+1.081e+04	+0.269
180.700	+7.452e+03	+2.183e+03	+9.029e+03	+0.227
180.800	+7.091e+03	+2.761e+03	+9.648e+03	+0.280
180.900	+6.140e+03	+1.850e+03	+1.070e+04	+0.232
181.000	+6.971e+03	+2.639e+03	+8.905e+03	+0.275
181.100	+7.725e+03	+2.888e+03	+9.267e+03	+0.272
181.200	+7.348e+03	+1.860e+03	+1.014e+04	+0.202
181.300	+7.430e+03	+2.344e+03	+9.157e+03	+0.240
181.400	+7.910e+03	+2.591e+03	+1.120e+04	+0.247
181.500	+7.927e+03	+2.227e+03	+1.043e+04	+0.219
181.600	+7.829e+03	+3.421e+03	+1.047e+04	+0.304
181.700	+6.955e+03	+3.255e+03	+1.033e+04	+0.319
181.800	+7.537e+03	+2.194e+03	+1.007e+04	+0.225
181.900	+7.485e+03	+6.838e+02	+1.052e+04	+0.084
182.000	+7.875e+03	+1.805e+03	+9.829e+03	+0.186
182.100	+6.920e+03	+1.741e+03	+1.157e+04	+0.201
182.200	+7.289e+03	+3.134e+03	+9.989e+03	+0.301
182.300	+7.151e+03	+3.017e+03	+8.613e+03	+0.297
182.400	+7.388e+03	+2.033e+03	+9.654e+03	+0.216
182.500	+7.766e+03	+2.530e+03	+8.193e+03	+0.246
182.600	+7.834e+03	+3.673e+03	+1.114e+04	+0.319
182.700	+7.678e+03	+3.091e+03	+9.590e+03	+0.287
182.800	+6.630e+03	+3.244e+03	+9.332e+03	+0.329
182.900	+7.520e+03	+2.954e+03	+1.092e+04	+0.282
183.000	+7.316e+03	+2.824e+03	+1.053e+04	+0.279
183.100	+7.451e+03	+2.296e+03	+1.045e+04	+0.236
183.200	+7.784e+03	+2.399e+03	+1.105e+04	+0.236
183.300	+7.043e+03	+2.786e+03	+1.047e+04	+0.283
183.400	+7.144e+03	+1.706e+03	+9.735e+03	+0.193
183.500	+7.793e+03	+2.254e+03	+1.082e+04	+0.224
183.600	+7.292e+03	+1.562e+03	+9.989e+03	+0.176
183.700	+8.482e+03	+2.439e+03	+1.009e+04	+0.223
183.800	+7.220e+03	+1.836e+03	+9.745e+03	+0.203
183.900	+7.432e+03	+1.773e+03	+9.321e+03	+0.193
184.000	+7.236e+03	+3.020e+03	+9.021e+03	+0.294
184.100	+7.336e+03	+1.721e+03	+9.680e+03	+0.190
184.200	+7.386e+03	+2.334e+03	+8.880e+03	+0.240
184.300	+9.031e+03	+1.727e+03	+1.037e+04	+0.161
184.400	+8.121e+03	+2.037e+03	+9.349e+03	+0.201
184.500	+6.636e+03	+3.481e+03	+9.600e+03	+0.344
184.600	+5.928e+03	+2.041e+03	+9.321e+03	+0.256
184.700	+7.351e+03	+2.000e+03	+9.473e+03	+0.214
184.800	+6.910e+03	+2.506e+03	+9.569e+03	+0.266
184.900	+6.781e+03	+3.661e+03	+9.833e+03	+0.351
185.000	+8.178e+03	+1.972e+03	+1.085e+04	+0.194
185.100	+7.599e+03	+2.267e+03	+9.661e+03	+0.230
185.200	+5.984e+03	+3.512e+03	+8.813e+03	+0.370
185.300	+8.939e+03	+2.071e+03	+9.597e+03	+0.188
185.400	+6.919e+03	+2.165e+03	+1.003e+04	+0.238
185.500	+7.837e+03	+4.044e+03	+9.399e+03	+0.340
185.600	+8.693e+03	+2.079e+03	+1.005e+04	+0.193
185.700	+7.370e+03	+2.690e+03	+9.909e+03	+0.267
185.800	+7.652e+03	+5.063e+02	+9.104e+03	+0.062
185.900	+6.592e+03	+2.155e+03	+1.023e+04	+0.246
186.000	+8.437e+03	+3.084e+03	+9.830e+03	+0.268
186.100	+7.034e+03	+2.580e+03	+9.966e+03	+0.268
186.200	+7.383e+03	+2.392e+03	+1.082e+04	+0.245
186.300	+6.072e+03	+3.585e+03	+1.089e+04	+0.371
186.400	+9.030e+03	+1.543e+03	+9.390e+03	+0.146
186.500	+8.339e+03	+2.068e+03	+1.022e+04	+0.199
186.600	+7.276e+03	+1.766e+03	+9.843e+03	+0.195
186.700	+6.470e+03	+3.285e+03	+1.011e+04	+0.337
186.800	+7.660e+03	+2.172e+03	+1.005e+04	+0.221
186.900	+6.671e+03	+2.982e+03	+1.037e+04	+0.309
187.000	+8.356e+03	+2.461e+03	+8.945e+03	+0.228
187.100	+7.429e+03	+2.042e+03	+9.373e+03	+0.216
187.200	+7.564e+03	+2.262e+03	+1.021e+04	+0.230
187.300	+8.160e+03	+1.486e+03	+1.019e+04	+0.154
187.400	+6.629e+03	+2.790e+03	+1.065e+04	+0.296
187.500	+6.777e+03	+2.450e+03	+1.071e+04	+0.266
187.600	+8.153e+03	+2.660e+03	+1.072e+04	+0.246
187.700	+7.846e+03	+2.434e+03	+1.017e+04	+0.237
187.800	+7.331e+03	+1.402e+03	+1.054e+04	+0.161
187.900	+7.078e+03	+2.193e+03	+9.589e+03	+0.237
188.000	+6.717e+03	+2.178e+03	+1.033e+04	+0.245
188.100	+8.856e+03	+1.955e+03	+1.016e+04	+0.181
188.200	+7.311e+03	+2.879e+03	+1.010e+04	+0.283
188.300	+6.649e+03	+2.212e+03	+1.092e+04	+0.250
188.400	+7.055e+03	+3.068e+03	+9.530e+03	+0.303
188.500	+7.746e+03	+2.692e+03	+1.045e+04	+0.258
188.600	+6.391e+03	+1.541e+03	+9.828e+03	+0.194
188.700	+6.872e+03	+2.764e+03	+1.051e+04	+0.287
188.800	+7.616e+03	+1.625e+03	+9.319e+03	+0.176
188.900	+8.107e+03	+3.175e+03	+1.045e+04	+0.281
189.000	+6.709e+03	+3.065e+03	+1.041e+04	+0.314
189.100	+7.216e+03	+2.273e+03	+9.115e+03	+0.240
189.200	+7.803e+03	+3.329e+03	+9.424e+03	+0.299
189.300	+7.598e+03	+3.241e+03	+9.507e+03	+0.299
189.400	+7.212e+03	+3.806e+03	+1.067e+04	+0.345
189.500	+7.206e+03	+2.012e+03	+1.085e+04	+0.218
189.600	+7.431e+03	+1.008e+03	+9.841e+03	+0.119
189.700	+7.508e+03	+2.405e+03	+1.196e+04	+0.243
189.800	+6.944e+03	+8.431e+02	+1.071e+04	+0.108
189.900	+6.861e+03	+3.545e+03	+1.036e+04	+0.341
190.000	+7.717e+03	+2.363e+03	+9.572e+03	+0.234
190.100	+6.751e+03	+3.026e+03	+9.074e+03	+0.310
190.200	+6.493e+03	+3.817e+03	+1.020e+04	+0.370
190.300	+5.098e+03	+5.718e+03	+1.015e+04	+0.529
190.400	+6.123e+03	+5.784e+03	+1.070e+04	+0.486
190.500	+4.314e+03	+4.795e+03	+1.064e+04	+0.526
190.600	+4.069e+03	+4.063e+03	+1.042e+04	+0.500
190.700	+4.973e+03	+5.438e+03	+1.032e+04	+0.522
190.800	+5.537e+03	+5.355e+03	+1.041e+04	+0.492
190.900	+4.664e+03	+5.644e+03	+8.548e+03	+0.548
191.000	+5.930e+03	+5.481e+03	+1.101e+04	+0.480
191.100	+5.462e+03	+4.688e+03	+9.196e+03	+0.462
191.200	+6.375e+03	+6.206e+03	+9.922e+03	+0.493
191.300	+3.128e+03	+5.486e+03	+9.855e+03	+0.637
191.400	+2.515e+03	+7.028e+03	+1.005e+04	+0.736
191.500	+2.844e+03	+8.408e+03	+9.997e+03	+0.747
191.600	+1.103e+03	+8.200e+03	+1.064e+04	+0.881
191.700	+1.796e+03	+8.672e+03	+9.498e+03	+0.828
191.800	+1.132e+03	+7.919e+03	+8.439e+03	+0.875
191.900	+1.531e+03	+7.724e+03	+9.167e+03	+0.835
192.000	+1.880e+03	+8.651e+03	+9.861e+03	+0.821
192.100	+2.789e+03	+8.591e+03	+1.097e+04	+0.755
192.200	+2.568e+03	+8.064e+03	+1.041e+04	+0.758
192.300	+2.847e+03	+6.708e+03	+1.078e+04	+0.702
192.400	+2.551e+03	+1.020e+04	+8.562e+03	+0.800
192.500	+1.822e+03	+8.710e+03	+9.183e+03	+0.827
192.600	+1.589e+03	+8.085e+03	+1.073e+04	+0.836
192.700	+2.415e+03	+8.253e+03	+1.052e+04	+0.774
192.800	+2.900e+03	+7.796e+03	+9.261e+03	+0.729
192.900	+1.729e+03	+7.232e+03	+1.012e+04	+0.807
193.000	+1.526e+03	+8.227e+03	+1.045e+04	+0.844
193.100	+3.240e+03	+6.896e+03	+9.570e+03	+0.680
193.200	+1.290e+03	+8.520e+03	+8.245e+03	+0.869
193.300	+2.073e+03	+8.451e+03	+9.249e+03	+0.803
193.400	+1.857e+03	+7.993e+03	+1.044e+04	+0.811
193.500	+2.226e+03	+7.321e+03	+1.071e+04	+0.767
193.600	+2.754e+03	+8.504e+03	+9.050e+03	+0.755
193.700	+4.724e+03	+5.924e+03	+1.006e+04	+0.556
193.800	+4.469e+03	+5.874e+03	+9.188e+03	+0.568
193.900	+5.494e+03	+4.380e+03	+9.707e+03	+0.444
194.000	+3.819e+03	+5.838e+03	+1.055e+04	+0.605
194.100	+5.039e+03	+4.713e+03	+9.501e+03	+0.483
194.200	+5.723e+03	+4.678e+03	+1.036e+04	+0.450
194.300	+5.150e+03	+4.771e+03	+1.090e+04	+0.481
194.400	+5.101e+03	+5.364e+03	+1.110e+04	+0.513
194.500	+4.882e+03	+4.735e+03	+1.081e+04	+0.492
194.600	+4.622e+03	+4.268e+03	+9.217e+03	+0.480
194.700	+3.615e+03	+4.602e+03	+7.451e+03	+0.560
194.800	+4.120e+03	+4.150e+03	+1.035e+04	+0.502
194.900	+3.566e+03	+4.325e+03	+9.902e+03	+0.548
195.000	+5.086e+03	+4.457e+03	+1.071e+04	+0.467
195.100	+5.643e+03	+4.438e+03	+1.076e+04	+0.440
195.200	+4.320e+03	+4.755e+03	+1.154e+04	+0.524
195.300	+5.310e+03	+5.795e+03	+9.660e+03	+0.522
195.400	+6.039e+03	+6.398e+03	+9.399e+03	+0.514
195.500	+4.918e+03	+4.461e+03	+1.051e+04	+0.476
195.600	+5.264e+03	+5.402e+03	+1.102e+04	+0.506
195.700	+4.563e+03	+5.108e+03	+1.112e+04	+0.528
195.800	+4.772e+03	+4.351e+03	+9.891e+03	+0.477
195.900	+3.843e+03	+4.461e+03	+9.819e+03	+0.537
196.000	+4.106e+03	+4.607e+03	+1.021e+04	+0.529
196.100	+4.661e+03	+3.695e+03	+8.886e+03	+0.442
196.200	+6.026e+03	+6.124e+03	+9.291e+03	+0.504
196.300	+3.530e+03	+5.137e+03	+1.087e+04	+0.593
196.400	+5.726e+03	+4.722e+03	+9.926e+03	+0.452
196.500	+3.896e+03	+5.150e+03	+8.971e+03	+0.569
196.600	+4.869e+03	+4.723e+03	+9.389e+03	+0.492
196.700	+5.572e+03	+5.228e+03	+9.400e+03	+0.484
196.800	+4.355e+03	+5.917e+03	+1.052e+04	+0.576
196.900	+5.495e+03	+5.977e+03	+9.514e+03	+0.521
197.000	+5.117e+03	+6.664e+03	+1.053e+04	+0.566
197.100	+5.187e+03	+3.936e+03	+1.001e+04	+0.431
197.200	+5.217e+03	+5.495e+03	+9.016e+03	+0.513
197.300	+3.939e+03	+4.621e+03	+1.081e+04	+0.540
197.400	+5.908e+03	+3.968e+03	+1.011e+04	+0.402
197.500	+4.034e+03	+4.430e+03	+8.729e+03	+0.523
197.600	+5.131e+03	+6.493e+03	+1.050e+04	+0.559
197.700	+5.467e+03	+5.588e+03	+9.794e+03	+0.505
197.800	+5.221e+03	+5.301e+03	+9.625e+03	+0.504
197.900	+6.199e+03	+5.478e+03	+1.122e+04	+0.469
198.000	+4.596e+03	+3.737e+03	+1.044e+04	+0.448
198.100	+8.079e+02	+6.732e+03	+1.034e+04	+0.893
198.200	+1.668e+03	+8.853e+03	+1.002e+04	+0.841
198.300	+3.632e+03	+8.467e+03	+8.545e+03	+0.700
198.400	+2.339e+03	+8.565e+03	+9.150e+03	+0.785
198.500	+2.592e+03	+8.474e+03	+9.594e+03	+0.766
198.600	+1.981e+03	+8.114e+03	+9.858e+03	+0.804
198.700	+2.205e+03	+7.341e+03	+8.908e+03	+0.769
198.800	+1.153e+03	+8.701e+03	+8.060e+03	+0.883
198.900	+2.124e+03	+7.706e+03	+9.586e+03	+0.784
199.000	+2.516e+03	+7.832e+03	+9.476e+03	+0.757
199.100	+2.042e+03	+7.668e+03	+9.817e+03	+0.790
199.200	+2.302e+03	+7.575e+03	+1.095e+04	+0.767
199.300	+2.202e+03	+7.825e+03	+9.520e+03	+0.780
199.400	+3.059e+03	+7.318e+03	+1.107e+04	+0.705
199.500	+3.008e+03	+1.132e+04	+1.056e+04	+0.790
199.600	+1.074e+03	+8.931e+03	+9.603e+03	+0.893
199.700	+1.003e+03	+9.446e+03	+1.003e+04	+0.904
199.800	+1.344e+03	+8.220e+03	+9.776e+03	+0.859
