%t (s)	Idd (a.u.)	Ida (a.u.)	Iaa (a.u.)	FRET E
0.000	+1.906e+03	+8.059e+03	+9.505e+03	+0.809
0.100	+3.102e+03	+8.448e+03	+9.486e+03	+0.731
0.200	+1.620e+03	+9.560e+03	+9.897e+03	+0.855
0.300	+4.304e+03	+5.401e+03	+1.066e+04	+0.556
0.400	+4.807e+03	+5.355e+03	+9.145e+03	+0.527
0.500	+4.648e+03	+4.178e+03	+9.465e+03	+0.473
0.600	+4.771e+03	+4.853e+03	+9.300e+03	+0.504
0.700	+3.963e+03	+6.140e+03	+9.580e+03	+0.608
0.800	+4.185e+03	+4.791e+03	+8.900e+03	+0.534
0.900	+5.113e+03	+3.987e+03	+1.081e+04	+0.438
1.000	+4.582e+03	+3.493e+03	+9.797e+03	+0.433
1.100	+5.450e+03	+5.685e+03	+1.034e+04	+0.511
1.200	+7.409e+03	+4.933e+03	+1.005e+04	+0.400
1.300	+6.019e+03	+5.164e+03	+1.100e+04	+0.462
1.400	+4.358e+03	+4.456e+03	+1.011e+04	+0.506
1.500	+6.442e+03	+4.888e+03	+9.743e+03	+0.431
1.600	+4.285e+03	+2.673e+03	+1.030e+04	+0.384
1.700	+5.367e+03	+4.943e+03	+1.020e+04	+0.479
1.800	+4.928e+03	+4.287e+03	+9.069e+03	+0.465
1.900	+6.262e+03	+5.812e+03	+9.797e+03	+0.481
2.000	+6.181e+03	+6.085e+03	+1.095e+04	+0.496
2.100	+5.461e+03	+5.559e+03	+9.993e+03	+0.504
2.200	+5.246e+03	+6.312e+03	+8.391e+03	+0.546
2.300	+4.558e+03	+5.153e+03	+1.017e+04	+0.531
2.400	+5.143e+03	+5.352e+03	+8.612e+03	+0.510
2.500	+3.638e+03	+4.100e+03	+1.036e+04	+0.530
2.600	+2.727e+03	+6.772e+03	+9.520e+03	+0.713
2.700	+8.704e+02	+8.785e+03	+1.052e+04	+0.910
2.800	+2.243e+03	+7.291e+03	+8.373e+03	+0.765
2.900	+1.701e+03	+9.544e+03	+1.083e+04	+0.849
3.000	+2.552e+03	+8.193e+03	+9.961e+03	+0.762
3.100	+1.680e+03	+7.912e+03	+9.932e+03	+0.825
3.200	+1.715e+03	+9.391e+03	+1.109e+04	+0.846
3.300	+2.091e+03	+8.007e+03	+1.050e+04	+0.793
3.400	+2.081e+03	+7.125e+03	+9.458e+03	+0.774
3.500	+8.161e+02	+8.586e+03	+9.232e+03	+0.913
3.600	+2.312e+03	+7.525e+03	+9.533e+03	+0.765
3.700	+1.507e+03	+9.296e+03	+1.043e+04	+0.861
3.800	+8.632e+02	+7.457e+03	+1.004e+04	+0.896
3.900	+2.102e+03	+7.707e+03	+8.362e+03	+0.786
4.000	+2.248e+03	+7.794e+03	+9.648e+03	+0.776
4.100	+1.589e+03	+8.097e+03	+1.051e+04	+0.836
4.200	+1.592e+03	+7.192e+03	+8.396e+03	+0.819
4.300	+1.742e+03	+8.025e+03	+9.413e+03	+0.822
4.400	+8.010e+02	+7.964e+03	+1.150e+04	+0.909
4.500	+2.028e+03	+8.665e+03	+9.822e+03	+0.810
4.600	+1.241e+03	+7.272e+03	+9.899e+03	+0.854
4.700	+1.497e+03	+7.961e+03	+9.461e+03	+0.842
4.800	+2.056e+03	+7.320e+03	+8.931e+03	+0.781
4.900	+1.898e+03	+8.375e+03	+1.032e+04	+0.815
5.000	+1.739e+03	+7.895e+03	+1.042e+04	+0.820
5.100	+1.128e+03	+7.190e+03	+1.046e+04	+0.864
5.200	+2.418e+03	+8.476e+03	+9.111e+03	+0.778
5.300	+2.730e+03	+6.601e+03	+9.914e+03	+0.707
5.400	+1.841e+03	+8.218e+03	+9.862e+03	+0.817
5.500	+7.227e+02	+8.730e+03	+9.354e+03	+0.924
5.600	+1.446e+03	+8.719e+03	+9.702e+03	+0.858
5.700	+6.494e+02	+6.945e+03	+1.100e+04	+0.914
5.800	+1.754e+03	+7.374e+03	+9.641e+03	+0.808
5.900	+2.413e+03	+8.156e+03	+1.031e+04	+0.772
6.000	+5.931e+03	+5.841e+03	+1.021e+04	+0.496
6.100	+5.350e+03	+5.733e+03	+1.042e+04	+0.517
6.200	+3.674e+03	+5.381e+03	+1.121e+04	+0.594
6.300	+4.797e+03	+5.218e+03	+9.342e+03	+0.521
6.400	+5.260e+03	+5.511e+03	+1.084e+04	+0.512
6.500	+7.146e+03	+3.716e+03	+9.665e+03	+0.342
6.600	+5.728e+03	+5.136e+03	+9.858e+03	+0.473
6.700	+5.413e+03	+4.872e+03	+1.039e+04	+0.474
6.800	+4.383e+03	+5.270e+03	+1.003e+04	+0.546
6.900	+5.508e+03	+5.347e+03	+1.066e+04	+0.493
7.000	+5.450e+03	+5.060e+03	+8.368e+03	+0.481
7.100	+4.533e+03	+5.154e+03	+1.048e+04	+0.532
7.200	+4.481e+03	+5.633e+03	+8.388e+03	+0.557
7.300	+5.042e+03	+4.691e+03	+1.030e+04	+0.482
7.400	+4.600e+03	+4.495e+03	+1.024e+04	+0.494
7.500	+5.072e+03	+4.190e+03	+9.180e+03	+0.452
7.600	+4.547e+03	+5.706e+03	+1.013e+04	+0.557
7.700	+5.059e+03	+4.785e+03	+1.023e+04	+0.486
7.800	+4.647e+03	+5.490e+03	+9.695e+03	+0.542
7.900	+4.763e+03	+5.972e+03	+1.068e+04	+0.556
8.000	+5.404e+03	+5.555e+03	+1.060e+04	+0.507
8.100	+4.511e+03	+3.912e+03	+9.426e+03	+0.464
8.200	+4.973e+03	+4.547e+03	+9.900e+03	+0.478
8.300	+4.491e+03	+5.851e+03	+8.883e+03	+0.566
8.400	+4.478e+03	+4.980e+03	+1.066e+04	+0.527
8.500	+5.714e+03	+4.011e+03	+9.983e+03	+0.412
8.600	+3.515e+03	+4.394e+03	+9.695e+03	+0.556
8.700	+4.634e+03	+6.166e+03	+1.078e+04	+0.571
8.800	+5.541e+03	+4.673e+03	+1.058e+04	+0.457
8.900	+5.081e+03	+5.070e+03	+9.801e+03	+0.499
9.000	+3.955e+03	+6.592e+03	+1.002e+04	+0.625
9.100	+1.351e+03	+8.402e+03	+9.268e+03	+0.861
9.200	+2.049e+03	+8.077e+03	+9.673e+03	+0.798
9.300	+2.153e+03	+8.019e+03	+1.056e+04	+0.788
9.400	+1.211e+03	+7.567e+03	+9.803e+03	+0.862
9.500	+2.622e+03	+9.463e+03	+1.080e+04	+0.783
9.600	+1.731e+03	+8.215e+03	+9.765e+03	+0.826
9.700	+2.299e+03	+7.735e+03	+9.992e+03	+0.771
9.800	+1.281e+03	+9.471e+03	+1.118e+04	+0.881
9.900	+2.726e+03	+8.516e+03	+9.567e+03	+0.758
10.000	+2.183e+03	+7.841e+03	+9.196e+03	+0.782
10.100	+1.510e+03	+8.331e+03	+1.018e+04	+0.847
10.200	+1.195e+03	+7.836e+03	+1.020e+04	+0.868
10.300	+2.213e+03	+8.046e+03	+1.014e+04	+0.784
10.400	+3.471e+03	+7.485e+03	+9.615e+03	+0.683
10.500	+2.484e+03	+8.148e+03	+9.967e+03	+0.766
10.600	+1.642e+03	+8.599e+03	+1.073e+04	+0.840
10.700	+1.039e+03	+8.400e+03	+1.020e+04	+0.890
10.800	+1.574e+03	+7.941e+03	+9.457e+03	+0.835
10.900	+8.417e+02	+6.788e+03	+9.086e+03	+0.890
11.000	+1.725e+03	+8.443e+03	+1.067e+04	+0.830
11.100	+1.632e+03	+7.339e+03	+1.020e+04	+0.818
11.200	+1.304e+03	+8.237e+03	+9.670e+03	+0.863
11.300	+3.106e+03	+7.809e+03	+1.004e+04	+0.715
11.400	+3.875e+03	+5.301e+03	+9.657e+03	+0.578
11.500	+5.101e+03	+5.417e+03	+9.903e+03	+0.515
11.600	+6.341e+03	+4.184e+03	+1.038e+04	+0.398
11.700	+4.581e+03	+5.106e+03	+1.033e+04	+0.527
11.800	+5.093e+03	+3.979e+03	+1.011e+04	+0.439
11.900	+4.993e+03	+5.259e+03	+1.056e+04	+0.513
12.000	+3.832e+03	+4.772e+03	+9.351e+03	+0.555
12.100	+4.920e+03	+3.853e+03	+1.008e+04	+0.439
12.200	+3.859e+03	+4.393e+03	+1.110e+04	+0.532
12.300	+2.529e+03	+7.401e+03	+1.015e+04	+0.745
12.400	+1.966e+03	+7.526e+03	+1.003e+04	+0.793
12.500	+2.596e+03	+7.817e+03	+1.011e+04	+0.751
12.600	+1.508e+03	+8.818e+03	+1.106e+04	+0.854
12.700	+2.627e+03	+7.776e+03	+1.094e+04	+0.748
12.800	+1.856e+03	+6.582e+03	+1.017e+04	+0.780
12.900	+6.332e+03	+5.144e+03	+1.018e+04	+0.448
13.000	+4.475e+03	+6.223e+03	+9.604e+03	+0.582
13.100	+2.734e+02	+8.227e+03	+1.000e+04	+0.968
13.200	+2.055e+03	+7.857e+03	+8.559e+03	+0.793
13.300	+1.692e+03	+8.154e+03	+1.038e+04	+0.828
13.400	+5.596e+02	+7.660e+03	+1.030e+04	+0.932
13.500	+8.517e+02	+8.053e+03	+9.359e+03	+0.904
13.600	+1.942e+03	+7.011e+03	+1.039e+04	+0.783
13.700	+2.803e+03	+7.047e+03	+1.018e+04	+0.715
13.800	+2.413e+03	+8.392e+03	+1.071e+04	+0.777
13.900	+2.365e+03	+8.567e+03	+1.025e+04	+0.784
14.000	+5.225e+02	+8.648e+03	+9.318e+03	+0.943
14.100	+1.729e+03	+6.761e+03	+1.033e+04	+0.796
14.200	+2.131e+03	+8.050e+03	+1.070e+04	+0.791
14.300	+7.151e+01	+8.394e+03	+1.038e+04	+0.992
14.400	+2.472e+03	+7.086e+03	+9.556e+03	+0.741
14.500	+1.888e+03	+8.260e+03	+9.527e+03	+0.814
14.600	+2.545e+03	+7.528e+03	+9.855e+03	+0.747
14.700	+4.901e+03	+5.551e+03	+1.016e+04	+0.531
14.800	+2.813e+03	+8.161e+03	+9.576e+03	+0.744
14.900	+1.088e+03	+8.702e+03	+1.088e+04	+0.889
15.000	+3.092e+03	+7.440e+03	+9.904e+03	+0.706
15.100	+9.732e+02	+7.093e+03	+9.262e+03	+0.879
15.200	+2.614e+03	+8.762e+03	+9.531e+03	+0.770
15.300	+1.576e+03	+7.314e+03	+8.710e+03	+0.823
15.400	+2.962e+03	+6.902e+03	+9.902e+03	+0.700
15.500	+2.060e+03	+5.896e+03	+1.067e+04	+0.741
15.600	+2.828e+03	+6.808e+03	+9.483e+03	+0.707
15.700	+9.971e+02	+8.657e+03	+1.046e+04	+0.897
15.800	+2.802e+03	+7.758e+03	+9.735e+03	+0.735
15.900	+1.796e+03	+8.502e+03	+9.889e+03	+0.826
16.000	+2.587e+03	+7.991e+03	+1.058e+04	+0.755
16.100	+8.077e+02	+8.656e+03	+1.046e+04	+0.915
16.200	+1.734e+03	+6.588e+03	+1.018e+04	+0.792
16.300	+2.056e+03	+8.139e+03	+9.949e+03	+0.798
16.400	+1.059e+03	+7.019e+03	+9.811e+03	+0.869
16.500	+1.822e+03	+6.806e+03	+1.079e+04	+0.789
16.600	+2.913e+03	+7.560e+03	+1.028e+04	+0.722
16.700	+1.849e+03	+7.358e+03	+9.602e+03	+0.799
16.800	+2.752e+03	+7.521e+03	+9.358e+03	+0.732
16.900	+2.116e+03	+7.879e+03	+1.009e+04	+0.788
17.000	+2.428e+03	+7.792e+03	+9.274e+03	+0.762
17.100	+1.797e+03	+7.156e+03	+9.883e+03	+0.799
17.200	+1.898e+03	+7.200e+03	+9.817e+03	+0.791
17.300	+2.798e+03	+8.683e+03	+1.084e+04	+0.756
17.400	+1.279e+03	+7.224e+03	+8.857e+03	+0.850
17.500	+3.302e+03	+7.690e+03	+9.412e+03	+0.700
17.600	+5.020e+03	+5.435e+03	+9.501e+03	+0.520
17.700	+5.247e+03	+5.450e+03	+1.116e+04	+0.509
17.800	+4.466e+03	+5.510e+03	+9.931e+03	+0.552
17.900	+4.253e+03	+5.071e+03	+1.067e+04	+0.544
18.000	+3.582e+03	+4.749e+03	+9.682e+03	+0.570
18.100	+6.132e+03	+5.951e+03	+1.124e+04	+0.493
18.200	+4.176e+03	+4.991e+03	+1.044e+04	+0.544
18.300	+5.505e+03	+4.761e+03	+9.862e+03	+0.464
18.400	+5.344e+03	+5.546e+03	+9.914e+03	+0.509
18.500	+5.619e+03	+6.269e+03	+1.036e+04	+0.527
18.600	+5.253e+03	+5.165e+03	+8.688e+03	+0.496
18.700	+5.487e+03	+4.464e+03	+1.047e+04	+0.449
18.800	+3.767e+03	+4.785e+03	+9.429e+03	+0.559
18.900	+5.275e+03	+6.139e+03	+1.070e+04	+0.538
19.000	+4.776e+03	+4.984e+03	+9.598e+03	+0.511
19.100	+5.132e+03	+5.642e+03	+9.422e+03	+0.524
19.200	+3.929e+03	+4.471e+03	+1.064e+04	+0.532
19.300	+4.714e+03	+4.888e+03	+1.056e+04	+0.509
19.400	+5.416e+03	+5.482e+03	+1.060e+04	+0.503
19.500	+4.499e+03	+5.582e+03	+8.619e+03	+0.554
19.600	+5.634e+03	+4.515e+03	+1.009e+04	+0.445
19.700	+5.304e+03	+5.775e+03	+1.050e+04	+0.521
19.800	+3.770e+03	+3.956e+03	+9.010e+03	+0.512
19.900	+4.474e+03	+4.974e+03	+9.855e+03	+0.526
20.000	+5.422e+03	+4.558e+03	+8.749e+03	+0.457
20.100	+4.981e+03	+4.817e+03	+1.049e+04	+0.492
20.200	+4.696e+03	+4.799e+03	+1.001e+04	+0.505
20.300	+4.943e+03	+4.495e+03	+8.733e+03	+0.476
20.400	+5.062e+03	+5.552e+03	+9.764e+03	+0.523
20.500	+5.260e+03	+4.954e+03	+9.488e+03	+0.485
20.600	+4.278e+03	+4.818e+03	+9.839e+03	+0.530
20.700	+6.085e+03	+5.123e+03	+9.533e+03	+0.457
20.800	+5.230e+03	+5.353e+03	+9.552e+03	+0.506
20.900	+5.595e+03	+5.197e+03	+8.697e+03	+0.482
21.000	+4.587e+03	+6.255e+03	+9.976e+03	+0.577
21.100	+6.244e+03	+4.614e+03	+9.207e+03	+0.425
21.200	+3.705e+03	+5.218e+03	+1.000e+04	+0.585
21.300	+5.390e+03	+5.003e+03	+1.010e+04	+0.481
21.400	+3.735e+03	+3.976e+03	+1.011e+04	+0.516
21.500	+5.543e+03	+4.065e+03	+1.005e+04	+0.423
21.600	+3.912e+03	+6.348e+03	+9.150e+03	+0.619
21.700	+5.236e+03	+4.413e+03	+1.128e+04	+0.457
21.800	+5.351e+03	+4.364e+03	+9.817e+03	+0.449
21.900	+5.439e+03	+4.076e+03	+8.628e+03	+0.428
22.000	+5.033e+03	+4.782e+03	+1.045e+04	+0.487
22.100	+4.424e+03	+4.317e+03	+1.017e+04	+0.494
22.200	+2.398e+03	+7.243e+03	+1.110e+04	+0.751
22.300	+2.156e+03	+8.187e+03	+8.719e+03	+0.792
22.400	+2.907e+03	+6.985e+03	+1.021e+04	+0.706
22.500	+2.667e+03	+6.956e+03	+1.024e+04	+0.723
22.600	+1.858e+03	+6.965e+03	+1.001e+04	+0.789
22.700	+1.697e+03	+7.422e+03	+1.086e+04	+0.814
22.800	+1.796e+03	+8.495e+03	+9.627e+03	+0.825
22.900	+2.642e+03	+8.988e+03	+1.081e+04	+0.773
23.000	+2.322e+03	+7.826e+03	+1.068e+04	+0.771
23.100	+1.439e+03	+8.987e+03	+9.366e+03	+0.862
23.200	+2.854e+03	+8.845e+03	+8.818e+03	+0.756
23.300	+1.897e+03	+8.022e+03	+9.937e+03	+0.809
23.400	+2.875e+03	+8.327e+03	+9.922e+03	+0.743
23.500	+3.603e+03	+6.954e+03	+9.874e+03	+0.659
23.600	+1.730e+03	+6.633e+03	+1.127e+04	+0.793
23.700	+2.532e+03	+7.298e+03	+1.002e+04	+0.742
23.800	+4.501e+03	+5.916e+03	+1.020e+04	+0.568
23.900	+4.506e+03	+4.575e+03	+9.275e+03	+0.504
24.000	+5.497e+03	+5.629e+03	+1.011e+04	+0.506
24.100	+5.164e+03	+5.110e+03	+9.721e+03	+0.497
24.200	+3.735e+03	+5.251e+03	+9.377e+03	+0.584
24.300	+2.735e+03	+7.979e+03	+1.113e+04	+0.745
24.400	+7.370e+02	+7.950e+03	+1.042e+04	+0.915
24.500	+3.450e+03	+6.851e+03	+9.654e+03	+0.665
24.600	+1.960e+03	+7.369e+03	+9.215e+03	+0.790
24.700	+2.397e+03	+8.467e+03	+1.005e+04	+0.779
24.800	+1.342e+03	+8.219e+03	+9.717e+03	+0.860
24.900	+1.450e+03	+7.394e+03	+9.777e+03	+0.836
25.000	+2.048e+03	+6.855e+03	+9.623e+03	+0.770
25.100	+2.402e+03	+7.189e+03	+9.150e+03	+0.750
25.200	+2.285e+03	+8.198e+03	+1.026e+04	+0.782
25.300	+2.665e+03	+7.473e+03	+9.355e+03	+0.737
25.400	+3.343e+03	+8.167e+03	+9.775e+03	+0.710
25.500	+1.386e+03	+7.843e+03	+9.555e+03	+0.850
25.600	+2.949e+03	+8.566e+03	+1.062e+04	+0.744
25.700	+3.152e+03	+6.274e+03	+1.002e+04	+0.666
25.800	+4.807e+03	+4.891e+03	+1.019e+04	+0.504
25.900	+4.273e+03	+5.833e+03	+9.759e+03	+0.577
26.000	+5.997e+03	+4.727e+03	+1.038e+04	+0.441
26.100	+4.973e+03	+4.779e+03	+1.096e+04	+0.490
26.200	+4.425e+03	+4.092e+03	+1.059e+04	+0.480
26.300	+5.990e+03	+4.985e+03	+1.074e+04	+0.454
26.400	+5.497e+03	+5.787e+03	+9.651e+03	+0.513
26.500	+5.028e+03	+3.937e+03	+9.492e+03	+0.439
26.600	+4.435e+03	+5.474e+03	+1.000e+04	+0.552
26.700	+5.302e+03	+6.058e+03	+1.150e+04	+0.533
26.800	+5.784e+03	+5.379e+03	+9.468e+03	+0.482
26.900	+5.011e+03	+4.849e+03	+9.532e+03	+0.492
27.000	+4.729e+03	+4.815e+03	+1.066e+04	+0.505
27.100	+5.086e+03	+4.679e+03	+1.000e+04	+0.479
27.200	+4.414e+03	+5.389e+03	+9.801e+03	+0.550
27.300	+3.808e+03	+4.762e+03	+9.388e+03	+0.556
27.400	+4.425e+03	+4.305e+03	+9.246e+03	+0.493
27.500	+4.855e+03	+4.619e+03	+9.862e+03	+0.488
27.600	+4.743e+03	+5.887e+03	+1.021e+04	+0.554
27.700	+4.731e+03	+5.501e+03	+9.813e+03	+0.538
27.800	+3.958e+03	+5.093e+03	+9.708e+03	+0.563
27.900	+4.803e+03	+4.709e+03	+1.073e+04	+0.495
28.000	+4.776e+03	+5.292e+03	+8.714e+03	+0.526
28.100	+3.828e+03	+4.625e+03	+9.800e+03	+0.547
28.200	+4.268e+03	+5.290e+03	+9.721e+03	+0.553
28.300	+4.921e+03	+5.487e+03	+1.014e+04	+0.527
28.400	+4.462e+03	+4.056e+03	+9.402e+03	+0.476
28.500	+5.405e+03	+5.486e+03	+1.001e+04	+0.504
28.600	+4.463e+03	+4.213e+03	+1.013e+04	+0.486
28.700	+4.205e+03	+5.842e+03	+1.109e+04	+0.581
28.800	+6.775e+03	+3.039e+03	+9.412e+03	+0.310
28.900	+7.524e+03	+2.452e+03	+1.086e+04	+0.246
29.000	+7.335e+03	+2.298e+03	+1.051e+04	+0.239
29.100	+6.986e+03	+1.817e+03	+9.799e+03	+0.206
29.200	+7.839e+03	+1.141e+03	+9.822e+03	+0.127
29.300	+7.015e+03	+3.139e+03	+9.998e+03	+0.309
29.400	+7.457e+03	+2.887e+03	+1.022e+04	+0.279
29.500	+6.562e+03	+1.307e+03	+9.740e+03	+0.166
29.600	+8.761e+03	+2.202e+03	+1.041e+04	+0.201
29.700	+6.315e+03	+2.652e+03	+9.399e+03	+0.296
29.800	+6.963e+03	+2.061e+03	+9.288e+03	+0.228
29.900	+6.357e+03	+2.178e+03	+9.929e+03	+0.255
30.000	+7.074e+03	+1.593e+03	+8.705e+03	+0.184
30.100	+8.240e+03	+1.673e+03	+1.005e+04	+0.169
30.200	+7.816e+03	+1.523e+03	+1.081e+04	+0.163
30.300	+7.240e+03	+3.147e+03	+1.048e+04	+0.303
30.400	+6.768e+03	+3.763e+03	+1.072e+04	+0.357
30.500	+6.308e+03	+2.858e+03	+9.974e+03	+0.312
30.600	+8.207e+03	+3.013e+03	+9.651e+03	+0.269
30.700	+8.553e+03	+2.217e+03	+9.810e+03	+0.206
30.800	+7.194e+03	+3.036e+03	+9.145e+03	+0.297
30.900	+6.655e+03	+1.513e+03	+8.756e+03	+0.185
31.000	+7.768e+03	+2.772e+03	+1.097e+04	+0.263
31.100	+8.129e+03	+2.533e+03	+1.079e+04	+0.238
31.200	+6.283e+03	+3.125e+03	+1.021e+04	+0.332
31.300	+7.633e+03	+1.217e+03	+9.917e+03	+0.138
31.400	+8.045e+03	+2.294e+03	+1.037e+04	+0.222
31.500	+7.399e+03	+1.716e+03	+9.972e+03	+0.188
31.600	+6.714e+03	+3.371e+03	+9.546e+03	+0.334
31.700	+6.856e+03	+3.035e+03	+1.085e+04	+0.307
31.800	+7.685e+03	+2.999e+03	+1.020e+04	+0.281
31.900	+7.456e+03	+4.004e+03	+1.085e+04	+0.349
32.000	+7.148e+03	+3.291e+03	+7.914e+03	+0.315
32.100	+8.451e+03	+3.317e+03	+1.028e+04	+0.282
32.200	+7.511e+03	+2.473e+03	+9.950e+03	+0.248
32.300	+6.420e+03	+2.394e+03	+8.984e+03	+0.272
32.400	+7.623e+03	+2.305e+03	+9.486e+03	+0.232
32.500	+7.538e+03	+2.562e+03	+9.747e+03	+0.254
32.600	+7.613e+03	+1.653e+03	+1.132e+04	+0.178
32.700	+7.451e+03	+2.052e+03	+1.093e+04	+0.216
32.800	+7.743e+03	+1.656e+03	+9.241e+03	+0.176
32.900	+7.968e+03	+1.093e+03	+1.047e+04	+0.121
33.000	+6.614e+03	+4.067e+03	+1.015e+04	+0.381
33.100	+7.835e+03	+2.348e+03	+9.123e+03	+0.231
33.200	+8.064e+03	+1.642e+03	+1.052e+04	+0.169
33.300	+6.922e+03	+1.463e+03	+1.045e+04	+0.174
33.400	+7.226e+03	+2.785e+03	+1.043e+04	+0.278
33.500	+6.980e+03	+2.039e+03	+1.002e+04	+0.226
33.600	+8.153e+03	+2.298e+03	+9.931e+03	+0.220
33.700	+7.772e+03	+2.318e+03	+1.081e+04	+0.230
33.800	+7.952e+03	+3.030e+03	+9.791e+03	+0.276
33.900	+7.604e+03	+2.896e+03	+1.034e+04	+0.276
34.000	+6.718e+03	+2.928e+03	+9.692e+03	+0.304
34.100	+8.759e+03	+2.162e+03	+1.022e+04	+0.198
34.200	+7.899e+03	+2.192e+03	+9.605e+03	+0.217
34.300	+8.280e+03	+2.592e+03	+1.091e+04	+0.238
34.400	+7.616e+03	+2.681e+03	+9.181e+03	+0.260
34.500	+8.205e+03	+3.349e+03	+1.046e+04	+0.290
34.600	+7.291e+03	+2.949e+03	+1.017e+04	+0.288
34.700	+7.173e+03	+2.533e+03	+8.672e+03	+0.261
34.800	+8.523e+03	+3.050e+03	+1.050e+04	+0.264
34.900	+8.528e+03	+2.872e+03	+1.154e+04	+0.252
35.000	+6.753e+03	+2.486e+03	+9.931e+03	+0.269
35.100	+6.372e+03	+1.399e+03	+9.810e+03	+0.180
35.200	+8.106e+03	+3.633e+03	+1.069e+04	+0.310
35.300	+7.373e+03	+2.342e+03	+9.996e+03	+0.241
35.400	+7.726e+03	+2.506e+03	+9.476e+03	+0.245
35.500	+6.894e+03	+1.758e+03	+1.007e+04	+0.203
35.600	+8.140e+03	+2.598e+03	+8.710e+03	+0.242
35.700	+7.965e+03	+1.292e+03	+9.788e+03	+0.140
35.800	+6.463e+03	+1.868e+03	+9.655e+03	+0.224
35.900	+6.507e+03	+1.260e+03	+1.022e+04	+0.162
36.000	+7.799e+03	+2.309e+03	+9.910e+03	+0.228
36.100	+6.697e+03	+2.938e+03	+1.107e+04	+0.305
36.200	+5.848e+03	+2.189e+03	+1.040e+04	+0.272
36.300	+7.818e+03	+1.796e+03	+9.401e+03	+0.187
36.400	+7.626e+03	+2.539e+03	+1.013e+04	+0.250
36.500	+6.649e+03	+2.202e+03	+9.770e+03	+0.249
36.600	+7.606e+03	+3.672e+03	+9.913e+03	+0.326
36.700	+7.848e+03	+2.515e+03	+9.790e+03	+0.243
36.800	+7.991e+03	+2.273e+03	+1.103e+04	+0.221
36.900	+8.358e+03	+1.918e+03	+1.006e+04	+0.187
37.000	+8.365e+03	+8.986e+02	+1.016e+04	+0.097
37.100	+7.718e+03	+2.425e+03	+1.022e+04	+0.239
37.200	+8.703e+03	+2.196e+03	+8.008e+03	+0.201
37.300	+9.229e+03	+3.073e+03	+9.563e+03	+0.250
37.400	+8.235e+03	+3.034e+03	+1.015e+04	+0.269
37.500	+8.342e+03	+4.312e+03	+1.055e+04	+0.341
37.600	+6.300e+03	+3.866e+03	+1.052e+04	+0.380
37.700	+4.982e+03	+4.061e+03	+9.190e+03	+0.449
37.800	+4.431e+03	+4.933e+03	+9.708e+03	+0.527
37.900	+5.043e+03	+3.899e+03	+1.032e+04	+0.436
38.000	+6.866e+03	+1.626e+03	+9.988e+03	+0.192
38.100	+8.122e+03	+2.140e+03	+9.895e+03	+0.209
38.200	+8.730e+03	+2.055e+03	+1.015e+04	+0.191
38.300	+6.408e+03	+2.363e+03	+1.032e+04	+0.269
38.400	+7.326e+03	+2.282e+03	+1.106e+04	+0.238
38.500	+8.355e+03	+2.441e+03	+1.100e+04	+0.226
38.600	+6.938e+03	+3.369e+03	+9.285e+03	+0.327
38.700	+8.789e+03	+9.974e+02	+9.851e+03	+0.102
38.800	+6.571e+03	+3.494e+03	+1.041e+04	+0.347
38.900	+7.749e+03	+3.577e+03	+9.779e+03	+0.316
39.000	+5.435e+03	+2.062e+03	+9.342e+03	+0.275
39.100	+7.624e+03	+1.065e+03	+1.057e+04	+0.123
39.200	+6.744e+03	+1.268e+03	+9.978e+03	+0.158
39.300	+7.450e+03	+1.940e+03	+1.032e+04	+0.207
39.400	+8.383e+03	+1.929e+03	+1.107e+04	+0.187
39.500	+6.666e+03	+3.575e+03	+1.001e+04	+0.349
39.600	+6.446e+03	+3.257e+03	+1.081e+04	+0.336
39.700	+6.666e+03	+2.840e+03	+1.031e+04	+0.299
39.800	+6.229e+03	+2.253e+03	+9.380e+03	+0.266
39.900	+7.227e+03	+3.465e+03	+1.049e+04	+0.324
40.000	+7.396e+03	+1.813e+03	+1.095e+04	+0.197
40.100	+8.760e+03	+1.795e+03	+8.518e+03	+0.170
40.200	+7.236e+03	+3.774e+03	+1.049e+04	+0.343
40.300	+5.886e+03	+2.940e+03	+1.044e+04	+0.333
40.400	+7.975e+03	+2.778e+03	+9.360e+03	+0.258
40.500	+7.603e+03	+2.497e+03	+1.052e+04	+0.247
40.600	+8.275e+03	+1.730e+03	+1.047e+04	+0.173
40.700	+7.820e+03	+3.078e+03	+9.708e+03	+0.282
40.800	+7.755e+03	+2.168e+03	+1.135e+04	+0.219
40.900	+6.812e+03	+3.309e+03	+9.917e+03	+0.327
41.000	+6.944e+03	+2.817e+03	+9.810e+03	+0.289
41.100	+7.441e+03	+1.861e+03	+1.015e+04	+0.200
41.200	+7.610e+03	+3.031e+03	+1.049e+04	+0.285
41.300	+6.929e+03	+1.588e+03	+9.598e+03	+0.186
41.400	+8.367e+03	+2.161e+03	+1.016e+04	+0.205
41.500	+8.403e+03	+2.314e+03	+9.489e+03	+0.216
41.600	+7.511e+03	+2.030e+03	+9.448e+03	+0.213
41.700	+7.551e+03	+2.567e+03	+8.900e+03	+0.254
41.800	+8.500e+03	+2.334e+03	+9.809e+03	+0.215
41.900	+8.635e+03	+3.261e+03	+9.325e+03	+0.274
42.000	+8.115e+03	+2.405e+03	+8.636e+03	+0.229
42.100	+7.048e+03	+2.800e+03	+9.696e+03	+0.284
42.200	+6.908e+03	+2.338e+03	+1.112e+04	+0.253
42.300	+7.877e+03	+3.270e+03	+1.050e+04	+0.293
42.400	+6.753e+03	+2.920e+03	+8.883e+03	+0.302
42.500	+8.919e+03	+2.841e+03	+1.084e+04	+0.242
42.600	+6.944e+03	+2.853e+03	+1.008e+04	+0.291
42.700	+6.225e+03	+3.617e+03	+1.096e+04	+0.367
42.800	+7.419e+03	+1.885e+03	+9.049e+03	+0.203
42.900	+7.802e+03	+3.181e+03	+1.101e+04	+0.290
43.000	+7.191e+03	+2.541e+03	+1.051e+04	+0.261
43.100	+8.188e+03	+3.669e+03	+8.870e+03	+0.309
43.200	+7.988e+03	+2.888e+03	+9.268e+03	+0.266
43.300	+7.160e+03	+1.923e+03	+9.249e+03	+0.212
43.400	+6.603e+03	+1.316e+03	+1.043e+04	+0.166
43.500	+8.492e+03	+3.500e+03	+1.094e+04	+0.292
43.600	+7.724e+03	+1.674e+03	+1.020e+04	+0.178
43.700	+8.815e+03	+1.668e+03	+1.069e+04	+0.159
43.800	+7.771e+03	+4.106e+03	+9.310e+03	+0.346
43.900	+6.941e+03	+2.560e+03	+9.702e+03	+0.269
44.000	+8.350e+03	+2.682e+03	+8.893e+03	+0.243
44.100	+7.517e+03	+3.789e+03	+9.358e+03	+0.335
44.200	+8.735e+03	+2.485e+03	+9.337e+03	+0.221
44.300	+8.444e+03	+2.627e+03	+1.095e+04	+0.237
44.400	+7.361e+03	+3.342e+03	+9.927e+03	+0.312
44.500	+7.104e+03	+2.173e+03	+1.000e+04	+0.234
44.600	+7.720e+03	+2.557e+03	+1.099e+04	+0.249
44.700	+8.475e+03	+1.258e+03	+9.324e+03	+0.129
44.800	+6.978e+03	+3.496e+03	+9.981e+03	+0.334
44.900	+7.740e+03	+2.784e+03	+1.039e+04	+0.265
45.000	+7.905e+03	+2.179e+03	+9.637e+03	+0.216
45.100	+6.916e+03	+2.711e+03	+1.099e+04	+0.282
45.200	+5.909e+03	+2.203e+03	+9.444e+03	+0.272
45.300	+8.521e+03	+2.171e+03	+9.079e+03	+0.203
45.400	+8.303e+03	+1.561e+03	+9.499e+03	+0.158
45.500	+7.935e+03	+1.082e+03	+9.067e+03	+0.120
45.600	+8.371e+03	+3.587e+03	+9.837e+03	+0.300
45.700	+7.599e+03	+1.688e+03	+1.145e+04	+0.182
45.800	+8.474e+03	+3.330e+03	+1.085e+04	+0.282
45.900	+8.854e+03	+3.233e+03	+1.110e+04	+0.267
46.000	+9.199e+03	+2.283e+03	+1.025e+04	+0.199
46.100	+7.261e+03	+3.596e+03	+9.907e+03	+0.331
46.200	+7.339e+03	+2.557e+03	+1.018e+04	+0.258
46.300	+7.853e+03	+8.638e+02	+9.650e+03	+0.099
46.400	+7.093e+03	+2.419e+03	+1.098e+04	+0.254
46.500	+7.221e+03	+1.747e+03	+1.076e+04	+0.195
46.600	+8.172e+03	+2.833e+03	+8.956e+03	+0.257
46.700	+7.003e+03	+2.060e+03	+9.633e+03	+0.227
46.800	+6.579e+03	+1.755e+03	+1.090e+04	+0.211
46.900	+7.622e+03	+2.459e+03	+1.010e+04	+0.244
47.000	+6.424e+03	+1.829e+03	+9.689e+03	+0.222
47.100	+8.741e+03	+2.465e+03	+9.862e+03	+0.220
47.200	+7.498e+03	+2.632e+03	+1.071e+04	+0.260
47.300	+7.859e+03	+2.632e+03	+9.609e+03	+0.251
47.400	+7.583e+03	+1.326e+03	+9.921e+03	+0.149
47.500	+7.412e+03	+2.699e+03	+1.028e+04	+0.267
47.600	+7.573e+03	+1.506e+03	+8.703e+03	+0.166
47.700	+8.109e+03	+2.916e+03	+1.042e+04	+0.265
47.800	+7.856e+03	+2.682e+03	+9.603e+03	+0.255
47.900	+7.088e+03	+9.146e+02	+9.449e+03	+0.114
48.000	+7.176e+03	+3.785e+03	+1.077e+04	+0.345
48.100	+7.997e+03	+1.272e+03	+9.416e+03	+0.137
48.200	+8.013e+03	+2.967e+03	+1.058e+04	+0.270
48.300	+8.610e+03	+3.237e+03	+9.406e+03	+0.273
48.400	+7.738e+03	+2.360e+03	+1.067e+04	+0.234
48.500	+7.389e+03	+2.535e+03	+9.943e+03	+0.255
48.600	+7.270e+03	+1.386e+03	+1.072e+04	+0.160
48.700	+7.565e+03	+2.552e+03	+1.004e+04	+0.252
48.800	+7.887e+03	+1.553e+03	+8.888e+03	+0.164
48.900	+8.040e+03	+3.541e+03	+1.062e+04	+0.306
49.000	+7.432e+03	+2.217e+03	+9.464e+03	+0.230
49.100	+7.133e+03	+3.705e+03	+1.058e+04	+0.342
49.200	+7.040e+03	+2.672e+03	+9.415e+03	+0.275
49.300	+8.546e+03	+3.643e+03	+9.988e+03	+0.299
49.400	+6.006e+03	+2.340e+03	+9.260e+03	+0.280
49.500	+7.047e+03	+1.428e+03	+1.165e+04	+0.168
49.600	+6.224e+03	+1.064e+03	+1.024e+04	+0.146
49.700	+7.506e+03	+2.238e+03	+8.918e+03	+0.230
49.800	+7.464e+03	+2.260e+03	+9.772e+03	+0.232
49.900	+7.444e+03	+1.442e+03	+9.693e+03	+0.162
50.000	+6.555e+03	+9.359e+02	+9.131e+03	+0.125
50.100	+7.503e+03	+2.140e+03	+9.612e+03	+0.222
50.200	+8.641e+03	+2.277e+03	+8.995e+03	+0.209
50.300	+7.432e+03	+2.871e+03	+1.132e+04	+0.279
50.400	+7.940e+03	+2.381e+03	+1.037e+04	+0.231
50.500	+8.596e+03	+3.280e+03	+1.085e+04	+0.276
50.600	+7.544e+03	+3.649e+03	+8.983e+03	+0.326
50.700	+6.320e+03	+3.466e+03	+1.064e+04	+0.354
50.800	+6.655e+03	+8.219e+02	+9.178e+03	+0.110
50.900	+7.601e+03	+2.680e+03	+9.094e+03	+0.261
51.000	+7.437e+03	+2.211e+03	+1.056e+04	+0.229
51.100	+7.272e+03	+3.104e+03	+1.060e+04	+0.299
51.200	+7.385e+03	+2.617e+03	+8.227e+03	+0.262
51.300	+6.771e+03	+1.501e+03	+9.593e+03	+0.181
51.400	+8.111e+03	+2.704e+03	+1.019e+04	+0.250
51.500	+6.233e+03	+2.485e+03	+1.010e+04	+0.285
51.600	+7.419e+03	+2.369e+03	+1.051e+04	+0.242
51.700	+7.737e+03	+3.102e+03	+9.602e+03	+0.286
51.800	+7.746e+03	+1.467e+03	+1.014e+04	+0.159
51.900	+7.616e+03	+2.374e+03	+9.647e+03	+0.238
52.000	+7.062e+03	+2.157e+03	+9.597e+03	+0.234
52.100	+7.001e+03	+1.800e+03	+9.918e+03	+0.204
52.200	+6.651e+03	+3.064e+03	+9.540e+03	+0.315
52.300	+8.042e+03	+2.244e+03	+1.192e+04	+0.218
52.400	+7.509e+03	+2.806e+03	+1.103e+04	+0.272
52.500	+6.283e+03	+2.340e+03	+9.669e+03	+0.271
52.600	+7.736e+03	+2.623e+03	+9.649e+03	+0.253
52.700	+7.337e+03	+2.923e+03	+1.003e+04	+0.285
52.800	+6.264e+03	+2.222e+03	+9.441e+03	+0.262
52.900	+8.581e+03	+1.276e+03	+8.561e+03	+0.129
53.000	+7.827e+03	+3.365e+03	+9.448e+03	+0.301
53.100	+8.048e+03	+3.098e+03	+9.587e+03	+0.278
53.200	+7.489e+03	+1.656e+03	+1.074e+04	+0.181
53.300	+6.821e+03	+2.690e+03	+1.014e+04	+0.283
53.400	+7.175e+03	+3.442e+03	+9.702e+03	+0.324
53.500	+8.023e+03	+2.355e+03	+9.309e+03	+0.227
53.600	+7.832e+03	+1.999e+03	+9.082e+03	+0.203
53.700	+7.015e+03	+2.186e+03	+9.835e+03	+0.238
53.800	+9.465e+03	+1.155e+03	+9.013e+03	+0.109
53.900	+8.274e+03	+2.388e+03	+9.962e+03	+0.224
54.000	+5.892e+03	+3.181e+03	+1.097e+04	+0.351
54.100	+7.401e+03	+2.249e+03	+9.624e+03	+0.233
54.200	+7.528e+03	+2.905e+03	+1.093e+04	+0.278
54.300	+8.500e+03	+1.631e+03	+9.671e+03	+0.161
54.400	+8.089e+03	+2.520e+03	+9.485e+03	+0.238
54.500	+7.813e+03	+1.853e+03	+1.143e+04	+0.192
54.600	+8.908e+03	+2.682e+03	+1.005e+04	+0.231
54.700	+7.865e+03	+2.006e+03	+1.035e+04	+0.203
54.800	+7.023e+03	+2.859e+03	+9.628e+03	+0.289
54.900	+8.159e+03	+3.144e+03	+1.034e+04	+0.278
55.000	+7.488e+03	+1.720e+03	+1.060e+04	+0.187
55.100	+7.907e+03	+2.490e+03	+1.026e+04	+0.240
55.200	+7.831e+03	+1.801e+03	+1.015e+04	+0.187
55.300	+6.605e+03	+2.656e+03	+1.037e+04	+0.287
55.400	+8.001e+03	+2.105e+03	+9.863e+03	+0.208
55.500	+7.832e+03	+2.579e+03	+1.006e+04	+0.248
55.600	+7.175e+03	+2.778e+03	+1.149e+04	+0.279
55.700	+7.153e+03	+2.814e+03	+1.045e+04	+0.282
55.800	+7.352e+03	+2.608e+03	+9.316e+03	+0.262
55.900	+7.114e+03	+2.037e+03	+9.591e+03	+0.223
56.000	+6.833e+03	+1.787e+03	+1.017e+04	+0.207
56.100	+8.727e+03	+4.921e+03	+9.509e+03	+0.361
56.200	+7.572e+03	+2.298e+03	+1.089e+04	+0.233
56.300	+8.347e+03	+2.426e+03	+1.035e+04	+0.225
56.400	+7.096e+03	+3.933e+03	+1.070e+04	+0.357
56.500	+9.007e+03	+2.644e+03	+1.059e+04	+0.227
56.600	+6.896e+03	+1.566e+03	+9.945e+03	+0.185
56.700	+7.893e+03	+2.132e+03	+1.046e+04	+0.213
56.800	+7.447e+03	+2.532e+03	+1.100e+04	+0.254
56.900	+7.657e+03	+2.357e+03	+1.008e+04	+0.235
57.000	+6.158e+03	+2.484e+03	+7.906e+03	+0.287
57.100	+8.057e+03	+2.880e+03	+1.062e+04	+0.263
57.200	+6.568e+03	+2.359e+03	+1.148e+04	+0.264
57.300	+8.376e+03	+2.602e+03	+1.004e+04	+0.237
57.400	+7.714e+03	+2.435e+03	+1.045e+04	+0.240
57.500	+8.342e+03	+2.961e+03	+9.071e+03	+0.262
57.600	+7.233e+03	+2.373e+03	+1.049e+04	+0.247
57.700	+6.610e+03	+2.274e+03	+9.644e+03	+0.256
57.800	+8.569e+03	+2.128e+03	+9.770e+03	+0.199
57.900	+7.388e+03	+3.339e+03	+1.007e+04	+0.311
58.000	+8.034e+03	+1.625e+03	+1.105e+04	+0.168
58.100	+6.917e+03	+1.925e+03	+1.019e+04	+0.218
58.200	+8.366e+03	+2.389e+03	+9.157e+03	+0.222
58.300	+8.819e+03	+8.208e+02	+9.099e+03	+0.085
58.400	+7.087e+03	+3.027e+03	+1.079e+04	+0.299
58.500	+6.449e+03	+3.055e+03	+9.725e+03	+0.321
58.600	+7.276e+03	+2.239e+03	+9.571e+03	+0.235
58.700	+8.174e+03	+2.795e+03	+1.069e+04	+0.255
58.800	+8.450e+03	+1.957e+03	+1.110e+04	+0.188
58.900	+7.160e+03	+1.772e+03	+1.033e+04	+0.198
59.000	+8.291e+03	+2.498e+03	+1.081e+04	+0.232
59.100	+7.424e+03	+1.580e+03	+1.072e+04	+0.175
59.200	+7.639e+03	+8.084e+02	+9.942e+03	+0.096
59.300	+7.814e+03	+2.459e+03	+9.455e+03	+0.239
59.400	+7.569e+03	+2.798e+03	+1.001e+04	+0.270
59.500	+7.368e+03	+2.437e+03	+1.002e+04	+0.249
59.600	+6.999e+03	+2.235e+03	+1.013e+04	+0.242
59.700	+7.543e+03	+2.970e+03	+1.057e+04	+0.283
59.800	+6.471e+03	+2.503e+03	+9.478e+03	+0.279
59.900	+6.853e+03	+1.420e+03	+1.072e+04	+0.172
60.000	+6.599e+03	+2.548e+03	+9.197e+03	+0.279
60.100	+6.562e+03	+3.064e+03	+9.929e+03	+0.318
60.200	+7.840e+03	+2.733e+03	+9.634e+03	+0.258
60.300	+6.916e+03	+2.037e+03	+9.771e+03	+0.228
60.400	+8.957e+03	+2.058e+03	+1.044e+04	+0.187
60.500	+7.054e+03	+1.401e+03	+9.462e+03	+0.166
60.600	+7.796e+03	+3.639e+03	+1.111e+04	+0.318
60.700	+7.368e+03	+1.241e+03	+1.027e+04	+0.144
60.800	+7.756e+03	+2.706e+03	+9.145e+03	+0.259
60.900	+7.533e+03	+2.471e+03	+9.910e+03	+0.247
61.000	+8.188e+03	+2.912e+03	+9.760e+03	+0.262
61.100	+7.452e+03	+1.768e+03	+9.698e+03	+0.192
61.200	+6.843e+03	+3.428e+03	+9.872e+03	+0.334
61.300	+7.925e+03	+3.020e+03	+9.094e+03	+0.276
61.400	+6.875e+03	+1.393e+03	+1.127e+04	+0.168
61.500	+7.186e+03	+2.871e+03	+1.004e+04	+0.286
61.600	+7.432e+03	+2.530e+03	+9.583e+03	+0.254
61.700	+8.112e+03	+3.115e+03	+9.782e+03	+0.277
61.800	+7.720e+03	+2.522e+03	+1.069e+04	+0.246
61.900	+7.072e+03	+2.944e+03	+1.001e+04	+0.294
62.000	+7.358e+03	+2.870e+03	+9.647e+03	+0.281
62.100	+6.797e+03	+2.027e+03	+1.053e+04	+0.230
62.200	+7.247e+03	+3.112e+03	+9.701e+03	+0.300
62.300	+7.404e+03	+3.661e+03	+9.911e+03	+0.331
62.400	+7.543e+03	+3.983e+03	+1.047e+04	+0.346
62.500	+8.430e+03	+1.776e+03	+8.612e+03	+0.174
62.600	+7.779e+03	+2.587e+03	+9.315e+03	+0.250
62.700	+6.802e+03	+3.111e+03	+1.076e+04	+0.314
62.800	+7.524e+03	+2.636e+03	+1.015e+04	+0.259
62.900	+8.986e+03	+2.576e+03	+1.028e+04	+0.223
63.000	+7.482e+03	+2.154e+03	+1.063e+04	+0.224
63.100	+6.942e+03	+1.570e+03	+9.995e+03	+0.184
63.200	+7.585e+03	+2.412e+03	+1.013e+04	+0.241
63.300	+7.612e+03	+2.380e+03	+8.940e+03	+0.238
63.400	+7.232e+03	+3.222e+03	+1.127e+04	+0.308
63.500	+5.872e+03	+2.483e+03	+1.014e+04	+0.297
63.600	+8.907e+03	+2.323e+03	+9.214e+03	+0.207
63.700	+8.279e+03	+2.614e+03	+1.096e+04	+0.240
63.800	+6.996e+03	+2.807e+03	+1.084e+04	+0.286
63.900	+7.373e+03	+2.522e+03	+1.009e+04	+0.255
64.000	+6.947e+03	+2.139e+03	+1.047e+04	+0.235
64.100	+6.696e+03	+2.748e+03	+8.815e+03	+0.291
64.200	+8.277e+03	+1.749e+03	+1.069e+04	+0.174
64.300	+8.038e+03	+2.703e+03	+1.012e+04	+0.252
64.400	+7.047e+03	+3.041e+03	+9.250e+03	+0.301
64.500	+7.806e+03	+2.843e+03	+1.088e+04	+0.267
64.600	+8.845e+03	+5.793e+02	+9.986e+03	+0.061
64.700	+6.923e+03	+3.316e+03	+9.851e+03	+0.324
64.800	+7.328e+03	+2.767e+03	+1.041e+04	+0.274
64.900	+5.844e+03	+3.030e+03	+1.091e+04	+0.341
65.000	+5.837e+03	+2.654e+03	+1.021e+04	+0.313
65.100	+8.776e+03	+1.118e+03	+1.072e+04	+0.113
65.200	+6.462e+03	+3.313e+03	+9.436e+03	+0.339
65.300	+9.059e+03	+1.899e+03	+1.082e+04	+0.173
65.400	+7.643e+03	+3.360e+03	+1.014e+04	+0.305
65.500	+6.152e+03	+2.318e+03	+1.194e+04	+0.274
65.600	+8.116e+03	+3.858e+03	+1.046e+04	+0.322
65.700	+6.567e+03	+4.509e+03	+9.963e+03	+0.407
65.800	+7.805e+03	+2.290e+03	+1.019e+04	+0.227
65.900	+8.644e+03	+5.270e+02	+1.011e+04	+0.057
66.000	+7.205e+03	+2.403e+03	+9.909e+03	+0.250
66.100	+7.645e+03	+3.341e+03	+1.051e+04	+0.304
66.200	+7.534e+03	+2.019e+03	+9.477e+03	+0.211
66.300	+7.666e+03	+2.688e+03	+1.144e+04	+0.260
66.400	+6.923e+03	+3.578e+03	+8.865e+03	+0.341
66.500	+7.733e+03	+1.814e+03	+9.847e+03	+0.190
66.600	+7.726e+03	+2.124e+03	+1.138e+04	+0.216
66.700	+6.424e+03	+3.464e+03	+9.815e+03	+0.350
66.800	+7.694e+03	+2.565e+03	+1.107e+04	+0.250
66.900	+8.908e+03	+4.124e+03	+1.082e+04	+0.316
67.000	+7.724e+03	+1.988e+03	+1.070e+04	+0.205
67.100	+8.555e+03	+1.796e+03	+1.124e+04	+0.174
67.200	+6.634e+03	+3.324e+03	+1.119e+04	+0.334
67.300	+5.930e+03	+2.360e+03	+9.558e+03	+0.285
67.400	+7.199e+03	+3.015e+03	+9.398e+03	+0.295
67.500	+6.972e+03	+1.780e+03	+9.719e+03	+0.203
67.600	+7.676e+03	+3.597e+03	+8.726e+03	+0.319
67.700	+8.091e+03	+2.993e+03	+9.307e+03	+0.270
67.800	+7.265e+03	+1.780e+03	+9.860e+03	+0.197
67.900	+7.427e+03	+1.945e+03	+9.650e+03	+0.208
68.000	+6.801e+03	+4.017e+03	+1.011e+04	+0.371
68.100	+8.757e+03	+3.295e+03	+9.609e+03	+0.273
68.200	+7.305e+03	+2.310e+03	+1.078e+04	+0.240
68.300	+7.120e+03	+2.491e+03	+9.770e+03	+0.259
68.400	+5.763e+03	+2.076e+03	+1.007e+04	+0.265
68.500	+8.361e+03	+3.537e+03	+9.831e+03	+0.297
68.600	+7.134e+03	+1.748e+03	+9.231e+03	+0.197
68.700	+7.651e+03	+2.391e+03	+9.932e+03	+0.238
68.800	+8.879e+03	+1.922e+03	+1.025e+04	+0.178
68.900	+6.479e+03	+3.867e+03	+1.031e+04	+0.374
69.000	+7.578e+03	+2.175e+03	+9.780e+03	+0.223
69.100	+6.890e+03	+3.168e+03	+1.040e+04	+0.315
69.200	+8.653e+03	+2.120e+03	+9.885e+03	+0.197
69.300	+6.314e+03	+8.433e+02	+1.056e+04	+0.118
69.400	+7.359e+03	+1.834e+03	+9.677e+03	+0.200
69.500	+8.294e+03	+3.307e+03	+9.824e+03	+0.285
69.600	+7.928e+03	+2.926e+03	+9.683e+03	+0.270
69.700	+7.391e+03	+1.913e+03	+1.029e+04	+0.206
69.800	+8.056e+03	+3.178e+03	+9.377e+03	+0.283
69.900	+7.137e+03	+1.480e+03	+1.038e+04	+0.172
70.000	+6.617e+03	+3.745e+03	+9.529e+03	+0.361
70.100	+7.049e+03	+3.123e+03	+1.016e+04	+0.307
70.200	+7.052e+03	+3.305e+03	+1.008e+04	+0.319
70.300	+8.024e+03	+2.692e+03	+1.042e+04	+0.251
70.400	+8.663e+03	+2.622e+03	+1.103e+04	+0.232
70.500	+7.912e+03	+2.660e+03	+9.744e+03	+0.252
70.600	+6.910e+03	+2.522e+03	+9.478e+03	+0.267
70.700	+7.357e+03	+2.047e+03	+9.480e+03	+0.218
70.800	+7.215e+03	+2.212e+03	+1.103e+04	+0.235
70.900	+7.829e+03	+2.008e+03	+1.035e+04	+0.204
71.000	+7.633e+03	+1.887e+03	+1.083e+04	+0.198
71.100	+7.922e+03	+2.491e+03	+1.064e+04	+0.239
71.200	+7.977e+03	+3.438e+03	+1.101e+04	+0.301
71.300	+6.439e+03	+2.001e+03	+1.039e+04	+0.237
71.400	+6.842e+03	+2.963e+03	+1.003e+04	+0.302
71.500	+7.781e+03	+3.115e+03	+9.741e+03	+0.286
71.600	+8.198e+03	+2.083e+03	+1.028e+04	+0.203
71.700	+8.205e+03	+2.085e+03	+1.060e+04	+0.203
71.800	+6.539e+03	+2.198e+03	+9.673e+03	+0.252
71.900	+7.605e+03	+3.175e+03	+1.026e+04	+0.295
72.000	+6.173e+03	+3.472e+03	+9.776e+03	+0.360
72.100	+8.033e+03	+2.994e+03	+1.022e+04	+0.271
72.200	+6.017e+03	+3.344e+03	+1.022e+04	+0.357
72.300	+7.395e+03	+2.472e+03	+9.722e+03	+0.251
72.400	+7.302e+03	+4.432e+03	+9.209e+03	+0.378
72.500	+7.017e+03	+2.446e+03	+1.019e+04	+0.258
72.600	+7.349e+03	+2.854e+03	+9.322e+03	+0.280
72.700	+9.493e+03	+2.542e+03	+9.762e+03	+0.211
72.800	+7.990e+03	+1.784e+03	+1.018e+04	+0.182
72.900	+9.660e+03	+2.938e+03	+1.032e+04	+0.233
73.000	+7.901e+03	+3.618e+03	+1.009e+04	+0.314
73.100	+8.174e+03	+3.652e+03	+1.001e+04	+0.309
73.200	+7.364e+03	+1.975e+03	+1.000e+04	+0.211
73.300	+7.241e+03	+3.229e+03	+8.273e+03	+0.308
73.400	+8.528e+03	+2.087e+03	+1.032e+04	+0.197
73.500	+5.917e+03	+1.363e+03	+1.031e+04	+0.187
73.600	+6.476e+03	+3.848e+03	+9.854e+03	+0.373
73.700	+8.061e+03	+3.140e+03	+9.940e+03	+0.280
73.800	+6.577e+03	+2.754e+03	+1.015e+04	+0.295
73.900	+8.008e+03	+2.886e+03	+9.219e+03	+0.265
74.000	+7.038e+03	+3.806e+03	+9.637e+03	+0.351
74.100	+6.821e+03	+2.722e+03	+9.370e+03	+0.285
74.200	+6.066e+03	+3.018e+03	+1.000e+04	+0.332
74.300	+7.361e+03	+2.257e+03	+1.024e+04	+0.235
74.400	+7.527e+03	+3.629e+03	+1.023e+04	+0.325
74.500	+7.060e+03	+3.431e+03	+9.675e+03	+0.327
74.600	+7.355e+03	+3.604e+03	+9.710e+03	+0.329
74.700	+6.696e+03	+1.408e+03	+9.281e+03	+0.174
74.800	+6.648e+03	+2.357e+03	+1.077e+04	+0.262
74.900	+7.396e+03	+3.066e+03	+9.616e+03	+0.293
75.000	+6.442e+03	+2.226e+03	+9.516e+03	+0.257
75.100	+7.628e+03	+1.467e+03	+1.062e+04	+0.161
75.200	+5.574e+03	+2.175e+03	+9.368e+03	+0.281
75.300	+7.965e+03	+2.131e+03	+1.030e+04	+0.211
75.400	+6.919e+03	+2.001e+03	+1.088e+04	+0.224
75.500	+7.967e+03	+2.015e+03	+9.902e+03	+0.202
75.600	+7.344e+03	+3.101e+03	+9.789e+03	+0.297
75.700	+7.394e+03	+3.421e+03	+1.061e+04	+0.316
75.800	+6.831e+03	+2.616e+03	+1.001e+04	+0.277
75.900	+6.882e+03	+2.527e+03	+8.708e+03	+0.269
76.000	+6.228e+03	+2.720e+03	+1.030e+04	+0.304
76.100	+8.007e+03	+2.166e+03	+1.105e+04	+0.213
76.200	+8.365e+03	+2.130e+03	+9.006e+03	+0.203
76.300	+6.948e+03	+2.415e+03	+1.025e+04	+0.258
76.400	+6.616e+03	+2.445e+03	+1.043e+04	+0.270
76.500	+8.202e+03	+3.095e+03	+9.392e+03	+0.274
76.600	+7.673e+03	+3.665e+03	+1.044e+04	+0.323
76.700	+7.347e+03	+2.802e+03	+1.062e+04	+0.276
76.800	+6.759e+03	+2.923e+03	+9.466e+03	+0.302
76.900	+7.469e+03	+3.671e+03	+1.065e+04	+0.330
77.000	+7.670e+03	+3.222e+03	+8.949e+03	+0.296
77.100	+7.022e+03	+1.292e+03	+9.888e+03	+0.155
77.200	+7.190e+03	+3.705e+03	+1.009e+04	+0.340
77.300	+6.393e+03	+2.623e+03	+1.194e+04	+0.291
77.400	+7.940e+03	+2.436e+03	+9.301e+03	+0.235
77.500	+6.456e+03	+2.840e+03	+1.008e+04	+0.306
77.600	+7.318e+03	+3.289e+03	+1.026e+04	+0.310
77.700	+5.919e+03	+2.851e+03	+9.318e+03	+0.325
77.800	+7.152e+03	+2.822e+03	+9.525e+03	+0.283
77.900	+7.591e+03	+3.522e+03	+8.799e+03	+0.317
78.000	+7.538e+03	+2.850e+03	+1.005e+04	+0.274
78.100	+7.186e+03	+1.711e+03	+8.847e+03	+0.192
78.200	+6.929e+03	+3.239e+03	+1.071e+04	+0.319
78.300	+7.600e+03	+2.378e+03	+1.010e+04	+0.238
78.400	+6.991e+03	+3.703e+03	+9.942e+03	+0.346
78.500	+7.973e+03	+1.937e+03	+1.057e+04	+0.195
78.600	+7.423e+03	+2.223e+03	+1.127e+04	+0.230
78.700	+8.295e+03	+2.545e+03	+9.668e+03	+0.235
78.800	+7.929e+03	+2.111e+03	+1.044e+04	+0.210
78.900	+7.968e+03	+3.596e+03	+1.001e+04	+0.311
79.000	+7.249e+03	+3.925e+03	+1.124e+04	+0.351
79.100	+8.604e+03	+3.545e+03	+9.303e+03	+0.292
79.200	+8.195e+03	+2.240e+03	+1.063e+04	+0.215
79.300	+6.105e+03	+2.811e+03	+1.024e+04	+0.315
79.400	+8.603e+03	+2.899e+03	+9.202e+03	+0.252
79.500	+7.616e+03	+2.263e+03	+9.248e+03	+0.229
79.600	+7.343e+03	+2.390e+03	+9.615e+03	+0.246
79.700	+6.776e+03	+3.258e+03	+8.859e+03	+0.325
79.800	+7.939e+03	+3.855e+03	+1.184e+04	+0.327
79.900	+6.193e+03	+2.023e+03	+9.062e+03	+0.246
80.000	+8.440e+03	+2.493e+03	+9.745e+03	+0.228
80.100	+7.534e+03	+3.277e+03	+1.073e+04	+0.303
80.200	+7.382e+03	+7.028e+02	+1.055e+04	+0.087
80.300	+6.887e+03	+3.254e+03	+1.102e+04	+0.321
80.400	+7.695e+03	+2.037e+03	+9.975e+03	+0.209
80.500	+8.028e+03	+2.529e+03	+8.993e+03	+0.240
80.600	+6.792e+03	+1.062e+03	+1.055e+04	+0.135
80.700	+6.417e+03	+3.537e+03	+1.060e+04	+0.355
80.800	+6.229e+03	+3.049e+03	+9.845e+03	+0.329
80.900	+6.915e+03	+2.405e+03	+9.757e+03	+0.258
81.000	+7.806e+03	+3.088e+03	+8.901e+03	+0.283
81.100	+6.889e+03	+4.134e+03	+1.014e+04	+0.375
81.200	+7.515e+03	+3.545e+03	+1.047e+04	+0.321
81.300	+8.834e+03	+3.180e+03	+9.245e+03	+0.265
81.400	+7.748e+03	+1.035e+03	+9.712e+03	+0.118
81.500	+7.303e+03	+2.244e+03	+1.005e+04	+0.235
81.600	+6.875e+03	+3.392e+03	+1.035e+04	+0.330
81.700	+6.999e+03	+2.505e+03	+9.931e+03	+0.264
81.800	+9.092e+03	+1.918e+03	+1.048e+04	+0.174
81.900	+7.089e+03	+2.431e+03	+1.123e+04	+0.255
82.000	+6.919e+03	+3.116e+03	+1.016e+04	+0.311
82.100	+6.649e+03	+1.403e+03	+1.005e+04	+0.174
82.200	+6.394e+03	+2.854e+03	+9.461e+03	+0.309
82.300	+6.993e+03	+2.586e+03	+1.045e+04	+0.270
82.400	+7.041e+03	+1.727e+03	+1.029e+04	+0.197
82.500	+6.878e+03	+2.596e+03	+9.549e+03	+0.274
82.600	+7.654e+03	+3.519e+03	+9.550e+03	+0.315
82.700	+7.714e+03	+2.085e+03	+1.024e+04	+0.213
82.800	+7.236e+03	+2.692e+03	+1.152e+04	+0.271
82.900	+5.967e+03	+1.803e+03	+1.061e+04	+0.232
83.000	+7.952e+03	+2.907e+03	+1.035e+04	+0.268
83.100	+8.014e+03	+1.876e+03	+1.125e+04	+0.190
83.200	+6.724e+03	+2.771e+03	+9.596e+03	+0.292
83.300	+6.907e+03	+3.462e+03	+9.105e+03	+0.334
83.400	+7.507e+03	+2.816e+03	+9.997e+03	+0.273
83.500	+6.654e+03	+2.557e+03	+1.003e+04	+0.278
83.600	+8.428e+03	+1.814e+03	+9.910e+03	+0.177
83.700	+7.363e+03	+1.616e+03	+1.098e+04	+0.180
83.800	+8.890e+03	+3.230e+03	+1.076e+04	+0.267
83.900	+7.268e+03	+3.195e+03	+1.032e+04	+0.305
84.000	+7.844e+03	+3.117e+03	+9.412e+03	+0.284
84.100	+7.829e+03	+1.392e+03	+9.772e+03	+0.151
84.200	+7.353e+03	+2.985e+03	+1.011e+04	+0.289
84.300	+7.852e+03	+2.317e+03	+1.042e+04	+0.228
84.400	+7.802e+03	+2.411e+03	+1.150e+04	+0.236
84.500	+7.282e+03	+1.893e+03	+9.749e+03	+0.206
84.600	+7.825e+03	+2.515e+03	+9.666e+03	+0.243
84.700	+7.860e+03	+1.282e+03	+1.064e+04	+0.140
84.800	+7.347e+03	+2.682e+03	+9.448e+03	+0.267
84.900	+6.918e+03	+1.509e+03	+9.165e+03	+0.179
85.000	+6.891e+03	+2.548e+03	+9.302e+03	+0.270
85.100	+7.511e+03	+9.310e+02	+9.466e+03	+0.110
85.200	+8.215e+03	+3.201e+03	+8.528e+03	+0.280
85.300	+8.146e+03	+2.092e+03	+1.039e+04	+0.204
85.400	+7.990e+03	+4.091e+03	+1.024e+04	+0.339
85.500	+7.662e+03	+2.833e+03	+1.025e+04	+0.270
85.600	+7.186e+03	+2.243e+03	+1.031e+04	+0.238
85.700	+8.465e+03	+1.664e+03	+9.747e+03	+0.164
85.800	+8.198e+03	+1.289e+03	+1.027e+04	+0.136
85.900	+7.966e+03	+2.433e+03	+9.876e+03	+0.234
86.000	+6.393e+03	+2.878e+03	+1.006e+04	+0.310
86.100	+7.620e+03	+1.974e+03	+1.067e+04	+0.206
86.200	+7.259e+03	+3.118e+03	+9.911e+03	+0.300
86.300	+7.664e+03	+2.257e+03	+9.655e+03	+0.228
86.400	+8.320e+03	+3.600e+03	+9.797e+03	+0.302
86.500	+8.666e+03	+2.287e+03	+1.104e+04	+0.209
86.600	+7.188e+03	+2.734e+03	+1.052e+04	+0.276
86.700	+8.073e+03	+2.538e+03	+1.015e+04	+0.239
86.800	+7.447e+03	+1.986e+03	+8.910e+03	+0.211
86.900	+7.702e+03	+4.347e+03	+8.756e+03	+0.361
87.000	+8.383e+03	+2.972e+03	+9.125e+03	+0.262
87.100	+6.838e+03	+3.733e+03	+1.053e+04	+0.353
87.200	+6.508e+03	+2.487e+03	+9.197e+03	+0.276
87.300	+6.899e+03	+1.765e+03	+9.391e+03	+0.204
87.400	+6.735e+03	+4.197e+03	+1.053e+04	+0.384
87.500	+7.808e+03	+2.764e+03	+1.118e+04	+0.261
87.600	+7.505e+03	+2.070e+03	+1.045e+04	+0.216
87.700	+7.361e+03	+2.397e+03	+9.740e+03	+0.246
87.800	+7.665e+03	+1.596e+03	+1.082e+04	+0.172
87.900	+7.465e+03	+2.612e+03	+1.056e+04	+0.259
88.000	+7.807e+03	+2.355e+03	+1.074e+04	+0.232
88.100	+7.850e+03	+2.315e+03	+1.061e+04	+0.228
88.200	+6.187e+03	+3.095e+03	+9.151e+03	+0.333
88.300	+7.755e+03	+2.996e+03	+9.876e+03	+0.279
88.400	+7.525e+03	+3.551e+03	+1.048e+04	+0.321
88.500	+7.299e+03	+2.596e+03	+1.019e+04	+0.262
88.600	+8.236e+03	+1.666e+03	+1.033e+04	+0.168
88.700	+6.170e+03	+3.014e+03	+9.738e+03	+0.328
88.800	+6.945e+03	+1.658e+03	+1.055e+04	+0.193
88.900	+6.600e+03	+2.153e+03	+1.092e+04	+0.246
89.000	+6.843e+03	+1.634e+03	+9.715e+03	+0.193
89.100	+8.341e+03	+1.393e+03	+9.573e+03	+0.143
89.200	+7.702e+03	+2.899e+03	+1.004e+04	+0.273
89.300	+8.461e+03	+1.936e+03	+9.411e+03	+0.186
89.400	+7.528e+03	+3.066e+03	+1.127e+04	+0.289
89.500	+8.413e+03	+2.252e+03	+8.946e+03	+0.211
89.600	+9.014e+03	+2.427e+03	+9.478e+03	+0.212
89.700	+7.704e+03	+3.907e+03	+9.777e+03	+0.337
89.800	+7.195e+03	+2.986e+03	+9.926e+03	+0.293
89.900	+7.491e+03	+3.110e+03	+1.070e+04	+0.293
90.000	+8.058e+03	+2.709e+03	+9.948e+03	+0.252
90.100	+7.585e+03	+2.159e+03	+1.066e+04	+0.222
90.200	+7.847e+03	+2.240e+03	+9.554e+03	+0.222
90.300	+7.595e+03	+2.300e+03	+9.772e+03	+0.232
90.400	+8.176e+03	+2.232e+03	+1.021e+04	+0.214
90.500	+6.870e+03	+3.231e+03	+1.101e+04	+0.320
90.600	+7.729e+03	+3.846e+03	+9.625e+03	+0.332
90.700	+7.344e+03	+4.193e+03	+1.059e+04	+0.363
90.800	+7.008e+03	+2.663e+03	+9.699e+03	+0.275
90.900	+6.704e+03	+2.919e+03	+1.018e+04	+0.303
91.000	+8.307e+03	+3.468e+03	+9.227e+03	+0.295
91.100	+8.478e+03	+2.874e+03	+1.115e+04	+0.253
91.200	+7.202e+03	+3.094e+03	+1.087e+04	+0.300
91.300	+7.597e+03	+1.486e+03	+1.113e+04	+0.164
91.400	+7.546e+03	+2.655e+03	+9.938e+03	+0.260
91.500	+7.446e+03	+2.560e+03	+9.807e+03	+0.256
91.600	+7.371e+03	+1.787e+03	+9.110e+03	+0.195
91.700	+7.594e+03	+2.168e+03	+1.022e+04	+0.222
91.800	+7.586e+03	+1.582e+03	+9.632e+03	+0.173
91.900	+6.891e+03	+2.565e+03	+9.706e+03	+0.271
92.000	+7.941e+03	+1.418e+03	+9.179e+03	+0.152
92.100	+7.531e+03	+3.158e+03	+9.039e+03	+0.295
92.200	+6.221e+03	+2.455e+03	+9.341e+03	+0.283
92.300	+7.912e+03	+2.031e+03	+1.019e+04	+0.204
92.400	+7.173e+03	+1.386e+03	+1.001e+04	+0.162
92.500	+9.091e+03	+1.699e+03	+9.770e+03	+0.157
92.600	+6.160e+03	+2.328e+03	+1.030e+04	+0.274
92.700	+7.028e+03	+3.239e+03	+1.116e+04	+0.315
92.800	+7.727e+03	+1.273e+03	+9.188e+03	+0.141
92.900	+7.830e+03	+2.462e+03	+9.264e+03	+0.239
93.000	+8.179e+03	+3.377e+03	+8.886e+03	+0.292
93.100	+7.044e+03	+2.326e+03	+9.566e+03	+0.248
93.200	+8.428e+03	+2.434e+03	+9.215e+03	+0.224
93.300	+8.023e+03	+2.284e+03	+1.021e+04	+0.222
93.400	+7.548e+03	+3.352e+03	+9.826e+03	+0.308
93.500	+8.211e+03	+1.567e+03	+9.487e+03	+0.160
93.600	+7.886e+03	+2.056e+03	+9.631e+03	+0.207
93.700	+9.679e+03	+3.278e+03	+1.124e+04	+0.253
93.800	+7.168e+03	+3.368e+03	+1.075e+04	+0.320
93.900	+5.472e+03	+6.680e+03	+1.047e+04	+0.550
94.000	+4.815e+03	+4.590e+03	+1.114e+04	+0.488
94.100	+5.335e+03	+4.043e+03	+9.413e+03	+0.431
94.200	+5.495e+03	+5.114e+03	+9.787e+03	+0.482
94.300	+3.883e+03	+5.930e+03	+9.606e+03	+0.604
94.400	+2.117e+03	+8.085e+03	+1.008e+04	+0.792
94.500	+2.539e+03	+7.609e+03	+9.333e+03	+0.750
94.600	+1.540e+03	+7.230e+03	+1.057e+04	+0.824
94.700	+2.324e+03	+7.882e+03	+9.711e+03	+0.772
94.800	+3.659e+03	+5.731e+03	+9.872e+03	+0.610
94.900	+4.702e+03	+5.839e+03	+9.696e+03	+0.554
95.000	+2.447e+03	+7.365e+03	+8.850e+03	+0.751
95.100	+2.918e+03	+9.194e+03	+8.960e+03	+0.759
95.200	+1.360e+03	+8.400e+03	+9.793e+03	+0.861
95.300	+2.702e+03	+8.347e+03	+1.014e+04	+0.755
95.400	+2.488e+03	+7.037e+03	+9.043e+03	+0.739
95.500	+2.226e+03	+8.733e+03	+1.023e+04	+0.797
95.600	+2.112e+03	+8.082e+03	+9.122e+03	+0.793
95.700	+1.545e+03	+9.714e+03	+1.103e+04	+0.863
95.800	+1.888e+03	+8.181e+03	+9.841e+03	+0.813
95.900	+2.765e+03	+8.380e+03	+1.027e+04	+0.752
96.000	+1.224e+03	+7.753e+03	+9.215e+03	+0.864
96.100	+2.244e+03	+8.656e+03	+9.960e+03	+0.794
96.200	+2.332e+03	+7.006e+03	+1.025e+04	+0.750
96.300	+4.331e+03	+5.729e+03	+9.810e+03	+0.569
96.400	+5.272e+03	+5.010e+03	+9.927e+03	+0.487
96.500	+5.714e+03	+5.231e+03	+7.977e+03	+0.478
96.600	+5.104e+03	+4.930e+03	+1.062e+04	+0.491
96.700	+5.639e+03	+4.459e+03	+1.091e+04	+0.442
96.800	+6.045e+03	+5.288e+03	+1.023e+04	+0.467
96.900	+5.671e+03	+5.565e+03	+9.411e+03	+0.495
97.000	+5.413e+03	+4.389e+03	+1.004e+04	+0.448
97.100	+4.759e+03	+5.547e+03	+9.493e+03	+0.538
97.200	+6.118e+03	+4.920e+03	+1.121e+04	+0.446
97.300	+5.458e+03	+5.490e+03	+1.044e+04	+0.501
97.400	+4.443e+03	+5.977e+03	+1.152e+04	+0.574
97.500	+4.367e+03	+4.352e+03	+1.074e+04	+0.499
97.600	+4.249e+03	+5.155e+03	+8.983e+03	+0.548
97.700	+5.376e+03	+5.683e+03	+1.082e+04	+0.514
97.800	+5.539e+03	+4.563e+03	+9.991e+03	+0.452
97.900	+4.331e+03	+4.113e+03	+1.030e+04	+0.487
98.000	+2.872e+03	+7.906e+03	+9.061e+03	+0.734
98.100	+2.366e+03	+7.350e+03	+1.032e+04	+0.756
98.200	+2.550e+03	+7.846e+03	+9.270e+03	+0.755
98.300	+7.281e+02	+8.032e+03	+1.073e+04	+0.917
98.400	+2.646e+03	+7.816e+03	+1.170e+04	+0.747
98.500	+1.485e+03	+7.332e+03	+8.440e+03	+0.832
98.600	+1.521e+03	+8.306e+03	+9.905e+03	+0.845
98.700	+9.126e+02	+9.180e+03	+9.607e+03	+0.910
98.800	+2.700e+03	+7.868e+03	+1.031e+04	+0.745
98.900	+4.184e+03	+6.510e+03	+9.296e+03	+0.609
99.000	+5.862e+03	+4.431e+03	+9.308e+03	+0.431
99.100	+4.841e+03	+5.720e+03	+1.015e+04	+0.542
99.200	+1.575e+03	+9.064e+03	+9.706e+03	+0.852
99.300	+4.535e+03	+5.453e+03	+9.841e+03	+0.546
99.400	+4.386e+03	+5.301e+03	+1.028e+04	+0.547
99.500	+4.066e+03	+5.135e+03	+1.048e+04	+0.558
99.600	+5.680e+03	+4.813e+03	+1.028e+04	+0.459
99.700	+5.540e+03	+5.477e+03	+1.058e+04	+0.497
99.800	+4.763e+03	+4.929e+03	+1.102e+04	+0.509
99.900	+4.134e+03	+5.895e+03	+9.968e+03	+0.588
100.000	+4.884e+03	+4.450e+03	+1.092e+04	+0.477
100.100	+4.323e+03	+4.056e+03	+1.022e+04	+0.484
100.200	+5.191e+03	+4.385e+03	+1.090e+04	+0.458
100.300	+4.837e+03	+4.849e+03	+1.111e+04	+0.501
100.400	+4.388e+03	+4.251e+03	+9.609e+03	+0.492
100.500	+6.245e+03	+5.935e+03	+1.003e+04	+0.487
100.600	+4.849e+03	+4.270e+03	+9.422e+03	+0.468
100.700	+5.616e+03	+3.478e+03	+9.742e+03	+0.382
100.800	+6.297e+03	+6.206e+03	+1.062e+04	+0.496
100.900	+5.995e+03	+4.951e+03	+9.609e+03	+0.452
101.000	+5.639e+03	+5.557e+03	+1.029e+04	+0.496
101.100	+4.332e+03	+6.003e+03	+1.020e+04	+0.581
101.200	+4.610e+03	+5.668e+03	+9.823e+03	+0.551
101.300	+5.604e+03	+5.041e+03	+9.103e+03	+0.474
101.400	+4.653e+03	+5.341e+03	+9.721e+03	+0.534
101.500	+5.932e+03	+5.654e+03	+1.031e+04	+0.488
101.600	+4.885e+03	+4.864e+03	+1.050e+04	+0.499
101.700	+5.250e+03	+4.727e+03	+1.069e+04	+0.474
101.800	+6.176e+03	+5.029e+03	+8.782e+03	+0.449
101.900	+4.495e+03	+5.861e+03	+1.085e+04	+0.566
102.000	+3.000e+03	+7.371e+03	+1.059e+04	+0.711
102.100	+3.058e+03	+8.039e+03	+1.005e+04	+0.724
102.200	+1.618e+03	+8.147e+03	+9.831e+03	+0.834
102.300	+2.037e+03	+7.619e+03	+1.132e+04	+0.789
102.400	+3.199e+03	+7.238e+03	+9.363e+03	+0.694
102.500	+2.027e+03	+6.739e+03	+1.018e+04	+0.769
102.600	+2.182e+03	+6.857e+03	+1.061e+04	+0.759
102.700	+1.299e+03	+8.202e+03	+1.036e+04	+0.863
102.800	+3.190e+03	+8.309e+03	+8.780e+03	+0.723
102.900	+2.098e+03	+7.483e+03	+1.006e+04	+0.781
103.000	+4.999e+03	+5.497e+03	+1.068e+04	+0.524
103.100	+5.566e+03	+5.864e+03	+1.061e+04	+0.513
103.200	+5.256e+03	+6.095e+03	+1.074e+04	+0.537
103.300	+5.292e+03	+5.906e+03	+1.042e+04	+0.527
103.400	+5.905e+03	+4.429e+03	+9.441e+03	+0.429
103.500	+6.138e+03	+3.657e+03	+9.812e+03	+0.373
103.600	+7.484e+03	+3.578e+03	+1.063e+04	+0.323
103.700	+7.384e+03	+2.183e+03	+1.090e+04	+0.228
103.800	+7.080e+03	+1.468e+03	+9.867e+03	+0.172
103.900	+8.571e+03	+2.028e+03	+8.662e+03	+0.191
104.000	+7.323e+03	+2.032e+03	+8.968e+03	+0.217
104.100	+8.918e+03	+2.378e+03	+1.038e+04	+0.210
104.200	+8.294e+03	+2.894e+03	+9.697e+03	+0.259
104.300	+7.178e+03	+3.231e+03	+8.400e+03	+0.310
104.400	+7.342e+03	+2.369e+03	+1.057e+04	+0.244
104.500	+7.241e+03	+2.270e+03	+1.042e+04	+0.239
104.600	+6.234e+03	+2.910e+03	+8.613e+03	+0.318
104.700	+8.488e+03	+2.042e+03	+9.206e+03	+0.194
104.800	+7.747e+03	+2.713e+03	+1.128e+04	+0.259
104.900	+7.966e+03	+1.917e+03	+9.692e+03	+0.194
105.000	+9.284e+03	+3.825e+03	+9.805e+03	+0.292
105.100	+7.726e+03	+2.306e+03	+9.634e+03	+0.230
105.200	+7.532e+03	+2.008e+03	+9.629e+03	+0.210
105.300	+6.956e+03	+2.918e+03	+9.637e+03	+0.296
105.400	+7.539e+03	+2.933e+03	+9.547e+03	+0.280
105.500	+5.458e+03	+1.153e+03	+1.129e+04	+0.174
105.600	+8.065e+03	+2.742e+03	+1.065e+04	+0.254
105.700	+8.811e+03	+2.530e+03	+9.657e+03	+0.223
105.800	+6.647e+03	+2.188e+03	+1.041e+04	+0.248
105.900	+7.461e+03	+2.833e+03	+1.037e+04	+0.275
106.000	+8.033e+03	+2.501e+03	+9.667e+03	+0.237
106.100	+7.596e+03	+1.782e+03	+9.687e+03	+0.190
106.200	+6.918e+03	+2.989e+03	+8.197e+03	+0.302
106.300	+7.000e+03	+2.096e+03	+1.022e+04	+0.230
106.400	+8.658e+03	+2.629e+03	+1.104e+04	+0.233
106.500	+7.768e+03	+2.629e+03	+9.131e+03	+0.253
106.600	+7.872e+03	+3.559e+03	+1.061e+04	+0.311
106.700	+7.694e+03	+3.910e+03	+1.012e+04	+0.337
106.800	+7.334e+03	+3.168e+03	+9.901e+03	+0.302
106.900	+7.408e+03	+3.003e+03	+9.578e+03	+0.288
107.000	+7.518e+03	+4.294e+03	+1.034e+04	+0.364
107.100	+6.976e+03	+3.139e+03	+1.030e+04	+0.310
107.200	+8.118e+03	+3.261e+03	+9.736e+03	+0.287
107.300	+9.353e+03	+2.079e+03	+1.048e+04	+0.182
107.400	+7.761e+03	+3.096e+03	+8.540e+03	+0.285
107.500	+7.151e+03	+2.096e+03	+9.892e+03	+0.227
107.600	+8.865e+03	+3.848e+03	+1.020e+04	+0.303
107.700	+7.062e+03	+2.685e+03	+1.049e+04	+0.275
107.800	+6.886e+03	+2.395e+03	+1.095e+04	+0.258
107.900	+7.426e+03	+2.558e+03	+1.062e+04	+0.256
108.000	+7.863e+03	+1.837e+03	+9.579e+03	+0.189
108.100	+7.943e+03	+9.715e+02	+1.070e+04	+0.109
108.200	+8.028e+03	+3.100e+03	+1.069e+04	+0.279
108.300	+6.951e+03	+2.108e+03	+9.326e+03	+0.233
108.400	+7.677e+03	+3.360e+03	+9.194e+03	+0.304
108.500	+8.011e+03	+1.244e+03	+1.003e+04	+0.134
108.600	+6.845e+03	+2.502e+03	+1.037e+04	+0.268
108.700	+7.043e+03	+3.195e+03	+9.627e+03	+0.312
108.800	+7.829e+03	+3.000e+03	+1.052e+04	+0.277
108.900	+7.193e+03	+1.153e+03	+1.068e+04	+0.138
109.000	+6.532e+03	+3.040e+03	+1.090e+04	+0.318
109.100	+6.860e+03	+2.309e+03	+1.004e+04	+0.252
109.200	+7.699e+03	+3.144e+03	+9.232e+03	+0.290
109.300	+6.799e+03	+1.946e+03	+1.105e+04	+0.223
109.400	+6.497e+03	+3.417e+03	+9.467e+03	+0.345
109.500	+7.441e+03	+1.710e+03	+9.698e+03	+0.187
109.600	+8.236e+03	+7.407e+02	+1.014e+04	+0.083
109.700	+7.050e+03	+3.153e+03	+9.687e+03	+0.309
109.800	+8.523e+03	+2.190e+03	+9.602e+03	+0.204
109.900	+7.686e+03	+2.894e+03	+8.708e+03	+0.274
110.000	+6.873e+03	+2.840e+03	+9.441e+03	+0.292
110.100	+7.802e+03	+2.648e+03	+1.018e+04	+0.253
110.200	+8.306e+03	+2.516e+03	+1.077e+04	+0.232
110.300	+8.561e+03	+3.072e+03	+9.824e+03	+0.264
110.400	+7.945e+03	+1.661e+03	+9.659e+03	+0.173
110.500	+8.344e+03	+1.872e+03	+9.713e+03	+0.183
110.600	+7.747e+03	+3.962e+03	+9.833e+03	+0.338
110.700	+8.261e+03	+3.065e+03	+1.043e+04	+0.271
110.800	+7.866e+03	+2.911e+03	+9.482e+03	+0.270
110.900	+7.082e+03	+2.005e+03	+9.638e+03	+0.221
111.000	+7.588e+03	+3.068e+03	+1.036e+04	+0.288
111.100	+6.541e+03	+3.603e+03	+9.602e+03	+0.355
111.200	+7.379e+03	+1.482e+03	+1.037e+04	+0.167
111.300	+7.550e+03	+2.785e+03	+1.012e+04	+0.269
111.400	+5.326e+03	+2.769e+03	+1.023e+04	+0.342
111.500	+7.248e+03	+1.408e+03	+9.541e+03	+0.163
111.600	+7.138e+03	+1.790e+03	+9.327e+03	+0.200
111.700	+8.226e+03	+3.531e+03	+9.830e+03	+0.300
111.800	+7.976e+03	+2.565e+03	+1.003e+04	+0.243
111.900	+7.023e+03	+2.455e+03	+9.531e+03	+0.259
112.000	+8.525e+03	+2.416e+03	+1.046e+04	+0.221
112.100	+6.925e+03	+2.381e+03	+9.757e+03	+0.256
112.200	+7.419e+03	+3.752e+03	+1.042e+04	+0.336
112.300	+6.522e+03	+2.654e+03	+1.065e+04	+0.289
112.400	+7.882e+03	+2.802e+03	+1.067e+04	+0.262
112.500	+8.875e+03	+3.735e+03	+9.172e+03	+0.296
112.600	+8.178e+03	+3.869e+03	+1.084e+04	+0.321
112.700	+8.054e+03	+1.991e+03	+1.049e+04	+0.198
112.800	+6.985e+03	+1.956e+03	+1.079e+04	+0.219
112.900	+7.909e+03	+3.079e+03	+1.128e+04	+0.280
113.000	+6.309e+03	+2.712e+03	+1.085e+04	+0.301
113.100	+8.094e+03	+1.956e+03	+8.879e+03	+0.195
113.200	+7.352e+03	+2.283e+03	+1.109e+04	+0.237
113.300	+7.102e+03	+2.448e+03	+1.017e+04	+0.256
113.400	+7.885e+03	+2.204e+03	+9.852e+03	+0.218
113.500	+6.785e+03	+3.310e+03	+9.246e+03	+0.328
113.600	+6.961e+03	+2.385e+03	+9.060e+03	+0.255
113.700	+6.964e+03	+3.633e+03	+1.160e+04	+0.343
113.800	+7.112e+03	+2.908e+03	+9.908e+03	+0.290
113.900	+7.122e+03	+3.443e+03	+9.612e+03	+0.326
114.000	+7.578e+03	+2.743e+03	+1.042e+04	+0.266
114.100	+7.503e+03	+2.742e+03	+9.731e+03	+0.268
114.200	+7.221e+03	+3.115e+03	+9.987e+03	+0.301
114.300	+7.211e+03	+2.502e+03	+8.960e+03	+0.258
114.400	+6.823e+03	+2.635e+03	+1.128e+04	+0.279
114.500	+8.628e+03	+2.436e+03	+9.206e+03	+0.220
114.600	+7.753e+03	+2.126e+03	+9.199e+03	+0.215
114.700	+8.910e+03	+1.392e+03	+9.280e+03	+0.135
114.800	+6.671e+03	+2.994e+03	+9.327e+03	+0.310
114.900	+6.203e+03	+3.054e+03	+1.069e+04	+0.330
115.000	+7.014e+03	+3.381e+03	+1.004e+04	+0.325
115.100	+8.257e+03	+2.006e+03	+9.067e+03	+0.195
115.200	+8.557e+03	+1.856e+03	+1.030e+04	+0.178
115.300	+7.806e+03	+1.953e+03	+9.424e+03	+0.200
115.400	+6.939e+03	+1.989e+03	+1.011e+04	+0.223
115.500	+7.900e+03	+1.916e+03	+1.091e+04	+0.195
115.600	+7.956e+03	+2.365e+03	+1.000e+04	+0.229
115.700	+7.199e+03	+2.426e+03	+9.443e+03	+0.252
115.800	+7.877e+03	+1.083e+03	+9.490e+03	+0.121
115.900	+8.070e+03	+2.514e+03	+9.028e+03	+0.237
116.000	+7.695e+03	+2.452e+03	+1.053e+04	+0.242
116.100	+6.980e+03	+2.949e+03	+1.005e+04	+0.297
116.200	+6.884e+03	+2.649e+03	+9.347e+03	+0.278
116.300	+6.811e+03	+2.987e+03	+9.321e+03	+0.305
116.400	+7.537e+03	+1.622e+03	+1.030e+04	+0.177
116.500	+8.137e+03	+2.011e+03	+8.837e+03	+0.198
116.600	+7.243e+03	+3.204e+03	+1.024e+04	+0.307
116.700	+8.462e+03	+3.007e+03	+9.919e+03	+0.262
116.800	+7.052e+03	+3.762e+03	+9.907e+03	+0.348
116.900	+6.833e+03	+1.882e+03	+9.604e+03	+0.216
117.000	+7.363e+03	+3.151e+03	+1.002e+04	+0.300
117.100	+7.933e+03	+2.311e+03	+9.764e+03	+0.226
117.200	+7.439e+03	+3.507e+03	+1.050e+04	+0.320
117.300	+7.669e+03	+1.254e+03	+1.084e+04	+0.141
117.400	+7.324e+03	+3.732e+03	+9.757e+03	+0.338
117.500	+8.174e+03	+1.618e+03	+9.966e+03	+0.165
117.600	+7.756e+03	+1.743e+03	+1.013e+04	+0.183
117.700	+6.223e+03	+2.551e+03	+1.021e+04	+0.291
117.800	+8.000e+03	+2.862e+03	+9.644e+03	+0.263
117.900	+7.018e+03	+2.953e+03	+9.555e+03	+0.296
118.000	+6.840e+03	+2.852e+03	+8.957e+03	+0.294
118.100	+8.066e+03	+2.582e+03	+1.061e+04	+0.243
118.200	+6.635e+03	+2.803e+03	+9.459e+03	+0.297
118.300	+7.436e+03	+3.218e+03	+1.014e+04	+0.302
118.400	+7.716e+03	+1.744e+03	+1.058e+04	+0.184
118.500	+6.532e+03	+2.250e+03	+9.793e+03	+0.256
118.600	+8.367e+03	+1.040e+03	+9.536e+03	+0.111
118.700	+6.823e+03	+3.172e+03	+1.130e+04	+0.317
118.800	+8.023e+03	+3.252e+03	+1.061e+04	+0.288
118.900	+7.873e+03	+3.152e+03	+1.024e+04	+0.286
119.000	+8.150e+03	+2.778e+03	+1.064e+04	+0.254
119.100	+6.731e+03	+3.131e+03	+1.012e+04	+0.318
119.200	+7.499e+03	+2.363e+03	+1.063e+04	+0.240
119.300	+7.402e+03	+2.158e+03	+9.658e+03	+0.226
119.400	+8.021e+03	+2.572e+03	+1.037e+04	+0.243
119.500	+7.516e+03	+2.609e+03	+9.478e+03	+0.258
119.600	+8.335e+03	+2.705e+03	+9.876e+03	+0.245
119.700	+7.555e+03	+1.817e+03	+9.450e+03	+0.194
119.800	+6.606e+03	+1.503e+03	+1.027e+04	+0.185
119.900	+6.528e+03	+2.999e+03	+1.065e+04	+0.315
120.000	+8.270e+03	+2.271e+03	+9.066e+03	+0.215
120.100	+8.323e+03	+2.945e+03	+9.329e+03	+0.261
120.200	+7.145e+03	+2.473e+03	+1.081e+04	+0.257
120.300	+7.432e+03	+3.028e+03	+9.085e+03	+0.290
120.400	+6.568e+03	+2.288e+03	+1.064e+04	+0.258
120.500	+7.903e+03	+7.319e+02	+1.035e+04	+0.085
120.600	+7.451e+03	+2.468e+03	+1.045e+04	+0.249
120.700	+7.812e+03	+2.492e+03	+9.759e+03	+0.242
120.800	+6.913e+03	+1.900e+03	+1.036e+04	+0.216
120.900	+6.949e+03	+2.956e+03	+9.121e+03	+0.298
121.000	+6.821e+03	+2.076e+03	+9.127e+03	+0.233
121.100	+6.561e+03	+3.502e+03	+1.005e+04	+0.348
121.200	+6.559e+03	+1.515e+03	+1.028e+04	+0.188
121.300	+7.680e+03	+1.418e+03	+8.392e+03	+0.156
121.400	+8.027e+03	+8.394e+02	+8.818e+03	+0.095
121.500	+7.722e+03	+3.723e+03	+1.001e+04	+0.325
121.600	+7.182e+03	+2.397e+03	+9.957e+03	+0.250
121.700	+6.568e+03	+2.287e+03	+9.253e+03	+0.258
121.800	+8.053e+03	+2.598e+03	+9.286e+03	+0.244
121.900	+7.644e+03	+3.141e+03	+9.871e+03	+0.291
122.000	+7.105e+03	+2.390e+03	+1.097e+04	+0.252
122.100	+6.948e+03	+2.575e+03	+9.661e+03	+0.270
122.200	+6.197e+03	+3.285e+03	+9.288e+03	+0.346
122.300	+6.200e+03	+3.283e+03	+9.463e+03	+0.346
122.400	+9.144e+03	+2.050e+03	+1.001e+04	+0.183
122.500	+7.244e+03	+1.998e+03	+1.024e+04	+0.216
122.600	+8.153e+03	+1.722e+03	+9.290e+03	+0.174
122.700	+5.804e+03	+2.364e+03	+1.117e+04	+0.289
122.800	+7.356e+03	+2.659e+03	+9.437e+03	+0.265
122.900	+7.455e+03	+2.385e+03	+1.101e+04	+0.242
123.000	+7.745e+03	+2.265e+03	+1.067e+04	+0.226
123.100	+6.820e+03	+2.853e+03	+1.101e+04	+0.295
123.200	+7.424e+03	+3.396e+03	+9.554e+03	+0.314
123.300	+8.098e+03	+2.269e+03	+1.027e+04	+0.219
123.400	+7.342e+03	+2.435e+03	+9.942e+03	+0.249
123.500	+8.055e+03	+2.917e+03	+1.056e+04	+0.266
123.600	+6.695e+03	+2.844e+03	+9.381e+03	+0.298
123.700	+7.157e+03	+3.151e+03	+1.017e+04	+0.306
123.800	+8.079e+03	+2.264e+03	+9.382e+03	+0.219
123.900	+7.405e+03	+1.466e+03	+8.692e+03	+0.165
124.000	+7.560e+03	+3.638e+03	+9.286e+03	+0.325
124.100	+6.284e+03	+3.118e+03	+1.038e+04	+0.332
124.200	+6.977e+03	+3.143e+03	+9.843e+03	+0.311
124.300	+6.517e+03	+2.154e+03	+1.041e+04	+0.248
124.400	+7.034e+03	+2.350e+03	+9.990e+03	+0.250
124.500	+8.491e+03	+3.250e+03	+9.204e+03	+0.277
124.600	+7.468e+03	+2.324e+03	+1.015e+04	+0.237
124.700	+7.649e+03	+2.317e+03	+1.064e+04	+0.232
124.800	+7.596e+03	+2.394e+03	+9.546e+03	+0.240
124.900	+8.097e+03	+2.315e+03	+9.901e+03	+0.222
125.000	+8.143e+03	+2.017e+03	+9.362e+03	+0.198
125.100	+7.178e+03	+3.909e+03	+9.256e+03	+0.353
125.200	+6.792e+03	+2.497e+03	+9.514e+03	+0.269
125.300	+6.959e+03	+2.628e+03	+9.898e+03	+0.274
125.400	+8.052e+03	+1.235e+03	+9.883e+03	+0.133
125.500	+8.709e+03	+2.751e+03	+9.848e+03	+0.240
125.600	+6.645e+03	+3.072e+03	+1.039e+04	+0.316
125.700	+6.521e+03	+3.095e+03	+1.096e+04	+0.322
125.800	+7.730e+03	+1.796e+03	+1.005e+04	+0.188
125.900	+7.443e+03	+2.138e+03	+9.462e+03	+0.223
126.000	+6.528e+03	+3.085e+03	+9.511e+03	+0.321
126.100	+7.318e+03	+2.139e+03	+1.040e+04	+0.226
126.200	+6.872e+03	+3.347e+03	+9.758e+03	+0.328
126.300	+7.990e+03	+2.142e+03	+1.047e+04	+0.211
126.400	+8.578e+03	+2.134e+03	+1.004e+04	+0.199
126.500	+7.343e+03	+2.183e+03	+9.154e+03	+0.229
126.600	+6.578e+03	+2.805e+03	+1.172e+04	+0.299
126.700	+6.428e+03	+3.487e+03	+1.120e+04	+0.352
126.800	+7.270e+03	+1.863e+03	+1.056e+04	+0.204
126.900	+7.414e+03	+3.502e+03	+9.647e+03	+0.321
127.000	+7.658e+03	+1.816e+03	+9.432e+03	+0.192
127.100	+8.372e+03	+2.134e+03	+8.068e+03	+0.203
127.200	+7.738e+03	+1.535e+03	+9.498e+03	+0.166
127.300	+8.588e+03	+3.035e+03	+1.017e+04	+0.261
127.400	+7.119e+03	+2.124e+03	+9.945e+03	+0.230
127.500	+8.214e+03	+2.313e+03	+9.495e+03	+0.220
127.600	+8.040e+03	+2.892e+03	+9.333e+03	+0.265
127.700	+6.692e+03	+3.664e+03	+1.002e+04	+0.354
127.800	+8.720e+03	+2.029e+03	+9.002e+03	+0.189
127.900	+6.035e+03	+2.455e+03	+9.630e+03	+0.289
128.000	+7.651e+03	+3.974e+03	+1.022e+04	+0.342
128.100	+6.813e+03	+2.780e+03	+1.013e+04	+0.290
128.200	+7.078e+03	+4.015e+03	+9.982e+03	+0.362
128.300	+7.787e+03	+2.055e+03	+1.013e+04	+0.209
128.400	+7.386e+03	+2.773e+03	+1.031e+04	+0.273
128.500	+8.245e+03	+2.543e+03	+9.109e+03	+0.236
128.600	+7.272e+03	+3.324e+03	+9.939e+03	+0.314
128.700	+6.733e+03	+2.322e+03	+9.476e+03	+0.256
128.800	+6.509e+03	+2.188e+03	+9.881e+03	+0.252
128.900	+7.158e+03	+2.516e+03	+1.006e+04	+0.260
129.000	+5.668e+03	+2.236e+03	+1.162e+04	+0.283
129.100	+7.292e+03	+1.469e+03	+9.547e+03	+0.168
129.200	+8.331e+03	+3.051e+03	+8.750e+03	+0.268
129.300	+7.299e+03	+2.038e+03	+1.013e+04	+0.218
129.400	+7.795e+03	+1.885e+03	+9.516e+03	+0.195
129.500	+6.911e+03	+4.230e+03	+1.014e+04	+0.380
129.600	+6.420e+03	+2.670e+03	+9.355e+03	+0.294
129.700	+8.449e+03	+3.451e+03	+9.847e+03	+0.290
129.800	+7.156e+03	+2.334e+03	+9.840e+03	+0.246
129.900	+7.138e+03	+2.678e+03	+1.167e+04	+0.273
130.000	+6.831e+03	+1.944e+03	+1.123e+04	+0.222
130.100	+7.450e+03	+2.728e+03	+9.640e+03	+0.268
130.200	+7.631e+03	+3.773e+03	+9.663e+03	+0.331
130.300	+6.898e+03	+3.060e+03	+1.078e+04	+0.307
130.400	+7.380e+03	+2.478e+03	+9.774e+03	+0.251
130.500	+8.040e+03	+3.048e+03	+9.993e+03	+0.275
130.600	+7.616e+03	+2.833e+03	+9.807e+03	+0.271
130.700	+8.296e+03	+3.570e+03	+9.485e+03	+0.301
130.800	+7.422e+03	+3.042e+03	+9.653e+03	+0.291
130.900	+8.353e+03	+2.641e+03	+1.078e+04	+0.240
131.000	+7.747e+03	+2.863e+03	+1.079e+04	+0.270
131.100	+7.009e+03	+3.076e+03	+7.738e+03	+0.305
131.200	+7.293e+03	+3.078e+03	+1.058e+04	+0.297
131.300	+8.534e+03	+2.629e+03	+1.025e+04	+0.235
131.400	+7.806e+03	+4.011e+03	+9.498e+03	+0.339
131.500	+7.272e+03	+2.006e+03	+9.869e+03	+0.216
131.600	+6.670e+03	+2.205e+03	+9.758e+03	+0.248
131.700	+8.495e+03	+2.783e+03	+9.987e+03	+0.247
131.800	+7.542e+03	+1.920e+03	+1.074e+04	+0.203
131.900	+7.279e+03	+1.744e+03	+9.772e+03	+0.193
132.000	+8.206e+03	+2.035e+03	+9.675e+03	+0.199
132.100	+8.919e+03	+7.413e+02	+1.009e+04	+0.077
132.200	+8.549e+03	+2.790e+03	+9.953e+03	+0.246
132.300	+8.177e+03	+2.736e+03	+9.234e+03	+0.251
132.400	+7.680e+03	+2.948e+03	+1.081e+04	+0.277
132.500	+7.418e+03	+3.038e+03	+9.835e+03	+0.291
132.600	+8.059e+03	+1.704e+03	+9.309e+03	+0.175
132.700	+7.477e+03	+1.391e+03	+1.054e+04	+0.157
132.800	+8.293e+03	+2.617e+03	+1.011e+04	+0.240
132.900	+7.732e+03	+2.147e+03	+9.898e+03	+0.217
133.000	+6.854e+03	+2.065e+03	+1.126e+04	+0.231
133.100	+7.302e+03	+2.471e+03	+9.723e+03	+0.253
133.200	+8.158e+03	+2.413e+03	+1.103e+04	+0.228
133.300	+7.454e+03	+3.530e+03	+1.027e+04	+0.321
133.400	+7.797e+03	+2.167e+03	+1.023e+04	+0.217
133.500	+4.910e+03	+2.248e+03	+1.002e+04	+0.314
133.600	+6.723e+03	+2.509e+03	+1.040e+04	+0.272
133.700	+6.924e+03	+3.123e+03	+1.023e+04	+0.311
133.800	+7.138e+03	+3.079e+03	+8.534e+03	+0.301
133.900	+7.030e+03	+2.468e+03	+8.264e+03	+0.260
134.000	+6.833e+03	+2.815e+03	+9.899e+03	+0.292
134.100	+6.099e+03	+2.844e+03	+1.091e+04	+0.318
134.200	+7.009e+03	+1.173e+03	+8.882e+03	+0.143
134.300	+7.569e+03	+2.829e+03	+1.068e+04	+0.272
134.400	+7.497e+03	+1.711e+03	+1.101e+04	+0.186
134.500	+8.095e+03	+2.967e+03	+1.148e+04	+0.268
134.600	+7.680e+03	+3.216e+03	+1.144e+04	+0.295
134.700	+8.044e+03	+1.977e+03	+1.039e+04	+0.197
134.800	+5.641e+03	+2.866e+03	+9.784e+03	+0.337
134.900	+7.307e+03	+1.816e+03	+9.956e+03	+0.199
135.000	+8.478e+03	+2.850e+03	+9.637e+03	+0.252
135.100	+8.369e+03	+2.285e+03	+1.063e+04	+0.214
135.200	+6.127e+03	+1.911e+03	+1.105e+04	+0.238
135.300	+8.251e+03	+2.282e+03	+1.120e+04	+0.217
135.400	+6.300e+03	+2.893e+03	+9.423e+03	+0.315
135.500	+7.013e+03	+1.600e+03	+1.116e+04	+0.186
135.600	+6.964e+03	+2.852e+03	+9.257e+03	+0.291
135.700	+7.884e+03	+1.373e+03	+1.012e+04	+0.148
135.800	+7.245e+03	+3.262e+03	+1.060e+04	+0.310
135.900	+7.675e+03	+3.066e+03	+9.661e+03	+0.285
136.000	+6.669e+03	+2.444e+03	+9.749e+03	+0.268
136.100	+6.911e+03	+3.741e+03	+9.352e+03	+0.351
136.200	+7.470e+03	+1.669e+03	+1.025e+04	+0.183
136.300	+7.756e+03	+2.115e+03	+1.019e+04	+0.214
136.400	+7.822e+03	+1.122e+03	+9.820e+03	+0.125
136.500	+7.903e+03	+3.200e+03	+9.650e+03	+0.288
136.600	+7.875e+03	+1.312e+03	+9.713e+03	+0.143
136.700	+7.616e+03	+1.714e+03	+9.408e+03	+0.184
136.800	+8.166e+03	+2.197e+03	+1.123e+04	+0.212
136.900	+8.837e+03	+3.185e+03	+9.174e+03	+0.265
137.000	+7.831e+03	+2.376e+03	+1.106e+04	+0.233
137.100	+7.382e+03	+2.327e+03	+1.186e+04	+0.240
137.200	+7.682e+03	+2.206e+03	+9.737e+03	+0.223
137.300	+8.076e+03	+3.269e+03	+8.971e+03	+0.288
137.400	+7.315e+03	+2.289e+03	+1.024e+04	+0.238
137.500	+6.786e+03	+2.887e+03	+1.005e+04	+0.298
137.600	+6.760e+03	+2.544e+03	+9.957e+03	+0.273
137.700	+8.975e+03	+2.160e+03	+1.034e+04	+0.194
137.800	+7.671e+03	+2.818e+03	+1.005e+04	+0.269
137.900	+7.639e+03	+2.059e+03	+9.355e+03	+0.212
138.000	+6.978e+03	+2.782e+03	+1.013e+04	+0.285
138.100	+8.544e+03	+1.954e+03	+1.027e+04	+0.186
138.200	+8.298e+03	+2.562e+03	+9.887e+03	+0.236
138.300	+7.262e+03	+2.525e+03	+1.038e+04	+0.258
138.400	+7.260e+03	+2.468e+03	+9.915e+03	+0.254
138.500	+6.617e+03	+1.355e+03	+9.734e+03	+0.170
138.600	+8.290e+03	+3.138e+03	+1.018e+04	+0.275
138.700	+6.609e+03	+2.312e+03	+1.060e+04	+0.259
138.800	+7.337e+03	+2.080e+03	+1.022e+04	+0.221
138.900	+6.825e+03	+1.762e+03	+1.043e+04	+0.205
139.000	+7.052e+03	+2.126e+03	+8.779e+03	+0.232
139.100	+5.926e+03	+1.388e+03	+9.807e+03	+0.190
139.200	+6.419e+03	+2.663e+03	+9.322e+03	+0.293
139.300	+7.490e+03	+1.868e+03	+1.054e+04	+0.200
139.400	+7.682e+03	+2.317e+03	+1.061e+04	+0.232
139.500	+7.990e+03	+2.486e+03	+1.036e+04	+0.237
139.600	+7.294e+03	+2.125e+03	+1.036e+04	+0.226
139.700	+7.164e+03	+2.984e+03	+9.441e+03	+0.294
139.800	+7.105e+03	+2.533e+03	+9.583e+03	+0.263
139.900	+8.346e+03	+2.702e+03	+1.009e+04	+0.245
140.000	+7.250e+03	+3.229e+03	+9.185e+03	+0.308
140.100	+8.089e+03	+1.122e+03	+8.420e+03	+0.122
140.200	+7.353e+03	+2.060e+03	+9.927e+03	+0.219
140.300	+8.112e+03	+2.147e+03	+1.114e+04	+0.209
140.400	+6.837e+03	+2.452e+03	+1.007e+04	+0.264
140.500	+7.999e+03	+2.692e+03	+9.700e+03	+0.252
140.600	+7.312e+03	+2.898e+03	+1.035e+04	+0.284
140.700	+7.652e+03	+1.535e+03	+1.096e+04	+0.167
140.800	+8.573e+03	+2.115e+03	+9.292e+03	+0.198
140.900	+7.618e+03	+1.743e+03	+1.018e+04	+0.186
141.000	+9.330e+03	+1.969e+03	+9.734e+03	+0.174
141.100	+6.244e+03	+2.650e+03	+8.897e+03	+0.298
141.200	+7.031e+03	+1.682e+03	+9.178e+03	+0.193
141.300	+6.940e+03	+2.292e+03	+1.030e+04	+0.248
141.400	+7.161e+03	+2.773e+03	+9.585e+03	+0.279
141.500	+6.558e+03	+2.209e+03	+1.036e+04	+0.252
141.600	+7.001e+03	+2.928e+03	+1.076e+04	+0.295
141.700	+5.726e+03	+1.716e+03	+9.981e+03	+0.231
141.800	+8.421e+03	+2.668e+03	+1.110e+04	+0.241
141.900	+7.795e+03	+2.812e+03	+1.019e+04	+0.265
142.000	+7.041e+03	+1.954e+03	+1.048e+04	+0.217
142.100	+6.839e+03	+3.619e+03	+9.346e+03	+0.346
142.200	+6.902e+03	+2.333e+03	+9.452e+03	+0.253
142.300	+7.032e+03	+2.281e+03	+9.772e+03	+0.245
142.400	+8.034e+03	+1.804e+03	+1.045e+04	+0.183
142.500	+6.585e+03	+2.122e+03	+9.920e+03	+0.244
142.600	+7.917e+03	+3.017e+03	+1.064e+04	+0.276
142.700	+8.758e+03	+3.021e+03	+1.151e+04	+0.256
142.800	+5.210e+03	+3.790e+03	+1.032e+04	+0.421
142.900	+7.370e+03	+3.010e+03	+9.149e+03	+0.290
143.000	+8.335e+03	+1.980e+03	+8.505e+03	+0.192
143.100	+7.425e+03	+3.502e+03	+9.970e+03	+0.320
143.200	+7.947e+03	+3.758e+03	+1.019e+04	+0.321
143.300	+6.749e+03	+2.272e+03	+9.505e+03	+0.252
143.400	+7.802e+03	+2.429e+03	+9.878e+03	+0.237
143.500	+6.838e+03	+1.498e+03	+8.735e+03	+0.180
143.600	+8.655e+03	+2.670e+03	+1.094e+04	+0.236
143.700	+7.680e+03	+2.981e+03	+1.082e+04	+0.280
143.800	+7.907e+03	+3.218e+03	+1.040e+04	+0.289
143.900	+6.544e+03	+2.804e+03	+1.169e+04	+0.300
144.000	+6.600e+03	+2.666e+03	+1.040e+04	+0.288
144.100	+7.460e+03	+2.746e+03	+1.008e+04	+0.269
144.200	+7.609e+03	+2.711e+03	+9.646e+03	+0.263
144.300	+6.420e+03	+2.160e+03	+9.120e+03	+0.252
144.400	+7.023e+03	+1.253e+03	+1.034e+04	+0.151
144.500	+7.777e+03	+2.548e+03	+1.020e+04	+0.247
144.600	+6.697e+03	+2.030e+03	+9.136e+03	+0.233
144.700	+6.621e+03	+2.221e+03	+9.190e+03	+0.251
144.800	+6.891e+03	+2.132e+03	+9.516e+03	+0.236
144.900	+6.954e+03	+2.914e+03	+1.106e+04	+0.295
145.000	+7.655e+03	+2.266e+03	+9.823e+03	+0.228
145.100	+6.180e+03	+2.755e+03	+9.969e+03	+0.308
145.200	+7.042e+03	+2.855e+03	+9.214e+03	+0.288
145.300	+7.032e+03	+2.713e+03	+1.092e+04	+0.278
145.400	+6.252e+03	+2.411e+03	+1.128e+04	+0.278
145.500	+7.348e+03	+1.605e+03	+9.936e+03	+0.179
145.600	+7.594e+03	+2.984e+03	+9.465e+03	+0.282
145.700	+6.797e+03	+2.953e+03	+1.037e+04	+0.303
145.800	+6.369e+03	+2.409e+03	+1.025e+04	+0.274
145.900	+7.406e+03	+2.905e+03	+9.167e+03	+0.282
146.000	+7.937e+03	+3.064e+03	+1.035e+04	+0.279
146.100	+7.408e+03	+2.738e+03	+1.022e+04	+0.270
146.200	+6.914e+03	+2.674e+03	+9.236e+03	+0.279
146.300	+7.247e+03	+2.268e+03	+1.070e+04	+0.238
146.400	+8.190e+03	+2.818e+03	+1.047e+04	+0.256
146.500	+7.276e+03	+2.475e+03	+1.128e+04	+0.254
146.600	+8.246e+03	+2.801e+03	+1.002e+04	+0.254
146.700	+7.459e+03	+1.446e+03	+9.991e+03	+0.162
146.800	+7.761e+03	+2.077e+03	+1.004e+04	+0.211
146.900	+6.546e+03	+2.154e+03	+9.703e+03	+0.248
147.000	+9.126e+03	+9.819e+02	+9.597e+03	+0.097
147.100	+7.134e+03	+1.258e+03	+1.046e+04	+0.150
147.200	+6.466e+03	+3.086e+03	+1.019e+04	+0.323
147.300	+7.462e+03	+2.805e+03	+9.968e+03	+0.273
147.400	+8.425e+03	+2.598e+03	+9.296e+03	+0.236
147.500	+8.576e+03	+1.296e+03	+8.900e+03	+0.131
147.600	+6.856e+03	+7.275e+02	+1.092e+04	+0.096
147.700	+7.986e+03	+3.709e+03	+9.765e+03	+0.317
147.800	+6.630e+03	+1.530e+03	+1.004e+04	+0.188
147.900	+7.446e+03	+1.561e+03	+9.704e+03	+0.173
148.000	+9.083e+03	+3.415e+03	+9.323e+03	+0.273
148.100	+6.613e+03	+1.577e+03	+1.103e+04	+0.193
148.200	+7.089e+03	+3.169e+03	+1.046e+04	+0.309
148.300	+7.815e+03	+3.482e+03	+1.000e+04	+0.308
148.400	+7.393e+03	+2.956e+03	+9.889e+03	+0.286
148.500	+7.231e+03	+2.995e+03	+1.036e+04	+0.293
148.600	+7.839e+03	+3.792e+03	+1.006e+04	+0.326
148.700	+7.207e+03	+3.109e+03	+9.434e+03	+0.301
148.800	+7.268e+03	+2.424e+03	+9.676e+03	+0.250
148.900	+6.638e+03	+1.998e+03	+1.047e+04	+0.231
149.000	+6.383e+03	+2.087e+03	+1.177e+04	+0.246
149.100	+6.384e+03	+1.497e+03	+1.194e+04	+0.190
149.200	+6.879e+03	+2.700e+03	+1.036e+04	+0.282
149.300	+7.619e+03	+2.648e+03	+1.148e+04	+0.258
149.400	+8.444e+03	+3.216e+03	+1.095e+04	+0.276
149.500	+6.670e+03	+3.793e+03	+9.780e+03	+0.363
149.600	+8.087e+03	+2.534e+03	+9.858e+03	+0.239
149.700	+5.370e+03	+4.879e+03	+1.109e+04	+0.476
149.800	+6.799e+03	+2.953e+03	+9.656e+03	+0.303
149.900	+6.451e+03	+2.375e+03	+1.088e+04	+0.269
150.000	+6.695e+03	+3.196e+03	+9.647e+03	+0.323
150.100	+7.471e+03	+3.078e+03	+1.019e+04	+0.292
150.200	+8.142e+03	+3.228e+03	+1.094e+04	+0.284
150.300	+6.227e+03	+2.948e+03	+1.013e+04	+0.321
150.400	+8.787e+03	+2.105e+03	+1.110e+04	+0.193
150.500	+8.061e+03	+2.281e+03	+9.792e+03	+0.221
150.600	+6.887e+03	+2.299e+03	+1.090e+04	+0.250
150.700	+8.171e+03	+2.425e+03	+9.506e+03	+0.229
150.800	+7.937e+03	+3.163e+03	+1.036e+04	+0.285
150.900	+7.347e+03	+2.261e+03	+1.070e+04	+0.235
151.000	+7.792e+03	+1.953e+03	+1.013e+04	+0.200
151.100	+8.393e+03	+1.418e+03	+8.414e+03	+0.145
151.200	+7.025e+03	+1.995e+03	+9.249e+03	+0.221
151.300	+8.653e+03	+1.716e+03	+1.051e+04	+0.165
151.400	+7.723e+03	+2.256e+03	+1.081e+04	+0.226
151.500	+7.091e+03	+2.213e+03	+9.332e+03	+0.238
151.600	+7.296e+03	+1.714e+03	+1.074e+04	+0.190
151.700	+6.763e+03	+2.656e+03	+1.052e+04	+0.282
151.800	+6.885e+03	+2.116e+03	+9.912e+03	+0.235
151.900	+6.932e+03	+3.200e+03	+1.021e+04	+0.316
152.000	+7.918e+03	+2.336e+03	+8.839e+03	+0.228
152.100	+7.267e+03	+2.526e+03	+1.053e+04	+0.258
152.200	+7.961e+03	+3.495e+03	+9.123e+03	+0.305
152.300	+6.801e+03	+3.730e+03	+1.082e+04	+0.354
152.400	+7.648e+03	+2.296e+03	+9.182e+03	+0.231
152.500	+7.718e+03	+2.315e+03	+1.036e+04	+0.231
152.600	+7.951e+03	+2.683e+03	+9.827e+03	+0.252
152.700	+7.566e+03	+3.241e+03	+1.165e+04	+0.300
152.800	+7.173e+03	+3.865e+03	+9.892e+03	+0.350
152.900	+7.986e+03	+1.896e+03	+9.561e+03	+0.192
153.000	+6.777e+03	+2.801e+03	+1.047e+04	+0.292
153.100	+6.957e+03	+3.377e+03	+1.008e+04	+0.327
153.200	+7.039e+03	+2.280e+03	+1.019e+04	+0.245
153.300	+7.495e+03	+3.250e+03	+1.028e+04	+0.302
153.400	+8.549e+03	+2.885e+03	+1.008e+04	+0.252
153.500	+7.385e+03	+3.479e+03	+1.083e+04	+0.320
153.600	+7.183e+03	+2.192e+03	+8.649e+03	+0.234
153.700	+8.011e+03	+1.715e+03	+9.310e+03	+0.176
153.800	+7.857e+03	+2.824e+03	+1.012e+04	+0.264
153.900	+8.078e+03	+2.027e+03	+9.981e+03	+0.201
154.000	+6.629e+03	+1.989e+03	+1.003e+04	+0.231
154.100	+6.414e+03	+1.936e+03	+9.970e+03	+0.232
154.200	+6.505e+03	+1.767e+03	+1.005e+04	+0.214
154.300	+8.297e+03	+2.394e+03	+8.914e+03	+0.224
154.400	+7.689e+03	+2.097e+03	+9.034e+03	+0.214
154.500	+6.648e+03	+2.011e+03	+1.019e+04	+0.232
154.600	+6.718e+03	+3.419e+03	+9.859e+03	+0.337
154.700	+8.000e+03	+1.572e+03	+9.952e+03	+0.164
154.800	+7.466e+03	+2.059e+03	+9.795e+03	+0.216
154.900	+7.318e+03	+2.631e+03	+9.773e+03	+0.264
155.000	+7.540e+03	+2.306e+03	+1.026e+04	+0.234
155.100	+6.961e+03	+2.247e+03	+1.041e+04	+0.244
155.200	+7.324e+03	+2.007e+03	+9.904e+03	+0.215
155.300	+6.644e+03	+1.922e+03	+8.908e+03	+0.224
155.400	+7.441e+03	+3.002e+03	+9.938e+03	+0.287
155.500	+7.409e+03	+2.461e+03	+1.143e+04	+0.249
155.600	+7.774e+03	+2.291e+03	+1.041e+04	+0.228
155.700	+7.230e+03	+2.176e+03	+9.565e+03	+0.231
155.800	+8.400e+03	+2.979e+03	+9.382e+03	+0.262
155.900	+7.625e+03	+2.154e+03	+8.558e+03	+0.220
156.000	+7.201e+03	+2.083e+03	+9.692e+03	+0.224
156.100	+7.410e+03	+1.400e+03	+1.060e+04	+0.159
156.200	+5.194e+03	+3.808e+03	+1.077e+04	+0.423
156.300	+7.036e+03	+2.964e+03	+8.905e+03	+0.296
156.400	+6.502e+03	+2.667e+03	+8.901e+03	+0.291
156.500	+8.111e+03	+2.441e+03	+9.842e+03	+0.231
156.600	+7.234e+03	+3.848e+03	+1.068e+04	+0.347
156.700	+7.771e+03	+3.424e+03	+1.072e+04	+0.306
156.800	+7.595e+03	+2.975e+03	+9.853e+03	+0.281
156.900	+7.154e+03	+3.022e+03	+1.070e+04	+0.297
157.000	+6.696e+03	+3.336e+03	+9.334e+03	+0.333
157.100	+6.645e+03	+2.221e+03	+1.058e+04	+0.250
157.200	+9.015e+03	+2.231e+03	+7.350e+03	+0.198
157.300	+7.622e+03	+3.221e+03	+9.491e+03	+0.297
157.400	+8.305e+03	+2.127e+03	+1.050e+04	+0.204
157.500	+7.577e+03	+2.166e+03	+1.039e+04	+0.222
157.600	+6.867e+03	+2.443e+03	+9.032e+03	+0.262
157.700	+7.417e+03	+3.796e+03	+9.274e+03	+0.339
157.800	+8.304e+03	+2.741e+03	+9.864e+03	+0.248
157.900	+7.711e+03	+1.428e+03	+1.064e+04	+0.156
158.000	+8.365e+03	+2.333e+03	+9.574e+03	+0.218
158.100	+7.770e+03	+1.797e+03	+1.013e+04	+0.188
158.200	+6.620e+03	+1.532e+03	+1.020e+04	+0.188
158.300	+8.580e+03	+1.030e+03	+1.068e+04	+0.107
158.400	+8.285e+03	+2.129e+03	+9.886e+03	+0.204
158.500	+7.214e+03	+1.577e+02	+1.023e+04	+0.021
158.600	+7.913e+03	+2.219e+03	+9.036e+03	+0.219
158.700	+7.132e+03	+2.590e+03	+1.036e+04	+0.266
158.800	+6.902e+03	+2.785e+03	+1.011e+04	+0.287
158.900	+7.651e+03	+2.500e+03	+9.274e+03	+0.246
159.000	+7.477e+03	+2.326e+03	+9.909e+03	+0.237
159.100	+8.099e+03	+3.430e+03	+9.964e+03	+0.298
159.200	+6.668e+03	+3.011e+03	+9.729e+03	+0.311
159.300	+7.173e+03	+1.326e+03	+1.044e+04	+0.156
159.400	+7.481e+03	+2.965e+03	+8.095e+03	+0.284
159.500	+7.476e+03	+2.314e+03	+1.055e+04	+0.236
159.600	+7.764e+03	+3.162e+03	+1.072e+04	+0.289
159.700	+8.659e+03	+2.578e+03	+1.009e+04	+0.229
159.800	+7.844e+03	+1.124e+03	+9.414e+03	+0.125
159.900	+5.950e+03	+2.054e+03	+1.092e+04	+0.257
160.000	+8.076e+03	+2.769e+03	+9.574e+03	+0.255
160.100	+7.751e+03	+2.131e+03	+9.119e+03	+0.216
160.200	+7.942e+03	+2.250e+03	+1.069e+04	+0.221
160.300	+8.357e+03	+3.451e+03	+9.700e+03	+0.292
160.400	+7.676e+03	+1.496e+03	+1.071e+04	+0.163
160.500	+7.611e+03	+2.496e+03	+1.164e+04	+0.247
160.600	+6.705e+03	+2.513e+03	+1.002e+04	+0.273
160.700	+8.346e+03	+2.821e+03	+1.003e+04	+0.253
160.800	+8.444e+03	+2.767e+03	+1.102e+04	+0.247
160.900	+6.540e+03	+2.683e+03	+1.110e+04	+0.291
161.000	+6.909e+03	+2.712e+03	+1.030e+04	+0.282
161.100	+6.586e+03	+2.742e+03	+8.211e+03	+0.294
161.200	+6.571e+03	+2.736e+03	+9.409e+03	+0.294
161.300	+5.677e+03	+2.793e+03	+1.008e+04	+0.330
161.400	+7.999e+03	+3.656e+03	+1.135e+04	+0.314
161.500	+9.544e+03	+2.453e+03	+1.067e+04	+0.204
161.600	+7.239e+03	+1.595e+03	+9.197e+03	+0.181
161.700	+8.013e+03	+1.434e+03	+1.001e+04	+0.152
161.800	+9.123e+03	+1.750e+03	+1.003e+04	+0.161
161.900	+8.074e+03	+1.890e+03	+1.039e+04	+0.190
162.000	+7.211e+03	+3.516e+03	+1.049e+04	+0.328
162.100	+7.183e+03	+3.072e+03	+1.080e+04	+0.300
162.200	+7.053e+03	+3.274e+03	+1.099e+04	+0.317
162.300	+8.113e+03	+1.910e+03	+1.007e+04	+0.191
162.400	+8.189e+03	+2.491e+03	+9.737e+03	+0.233
162.500	+7.484e+03	+2.952e+03	+1.016e+04	+0.283
162.600	+7.228e+03	+2.733e+03	+9.401e+03	+0.274
162.700	+8.148e+03	+2.485e+03	+1.025e+04	+0.234
162.800	+8.136e+03	+2.238e+03	+1.019e+04	+0.216
162.900	+8.056e+03	+1.618e+03	+9.429e+03	+0.167
163.000	+7.599e+03	+2.979e+03	+1.132e+04	+0.282
163.100	+7.619e+03	+2.240e+03	+9.512e+03	+0.227
163.200	+6.934e+03	+2.363e+03	+1.015e+04	+0.254
163.300	+7.790e+03	+2.583e+03	+8.664e+03	+0.249
163.400	+6.803e+03	+1.245e+03	+1.006e+04	+0.155
163.500	+7.842e+03	+1.722e+03	+8.572e+03	+0.180
163.600	+7.277e+03	+1.944e+03	+1.031e+04	+0.211
163.700	+6.773e+03	+2.805e+03	+8.888e+03	+0.293
163.800	+8.437e+03	+2.573e+03	+1.090e+04	+0.234
163.900	+7.328e+03	+3.030e+03	+1.001e+04	+0.293
164.000	+7.813e+03	+4.164e+03	+1.004e+04	+0.348
164.100	+6.979e+03	+1.573e+03	+1.018e+04	+0.184
164.200	+7.209e+03	+2.800e+03	+9.441e+03	+0.280
164.300	+7.157e+03	+2.837e+03	+9.465e+03	+0.284
164.400	+9.009e+03	+3.107e+03	+1.104e+04	+0.256
164.500	+7.900e+03	+2.581e+03	+1.085e+04	+0.246
164.600	+7.318e+03	+3.009e+03	+1.014e+04	+0.291
164.700	+7.045e+03	+2.458e+03	+9.121e+03	+0.259
164.800	+6.822e+03	+3.852e+03	+1.032e+04	+0.361
164.900	+6.734e+03	+2.435e+03	+9.658e+03	+0.266
165.000	+7.525e+03	+3.811e+03	+1.093e+04	+0.336
165.100	+7.117e+03	+3.084e+03	+1.094e+04	+0.302
165.200	+8.211e+03	+1.120e+03	+9.963e+03	+0.120
165.300	+7.050e+03	+3.179e+03	+1.042e+04	+0.311
165.400	+7.535e+03	+3.040e+03	+9.571e+03	+0.287
165.500	+6.859e+03	+1.735e+03	+8.472e+03	+0.202
165.600	+6.846e+03	+1.702e+03	+1.034e+04	+0.199
165.700	+8.527e+03	+2.209e+03	+9.748e+03	+0.206
165.800	+7.978e+03	+3.227e+03	+1.013e+04	+0.288
165.900	+7.914e+03	+2.077e+03	+9.954e+03	+0.208
166.000	+5.860e+03	+3.025e+03	+9.843e+03	+0.340
166.100	+8.546e+03	+2.575e+03	+1.031e+04	+0.232
166.200	+7.434e+03	+9.971e+02	+9.777e+03	+0.118
166.300	+7.996e+03	+2.493e+03	+1.018e+04	+0.238
166.400	+9.607e+03	+2.202e+03	+9.971e+03	+0.186
166.500	+8.085e+03	+2.479e+03	+9.785e+03	+0.235
166.600	+8.123e+03	+3.054e+03	+9.852e+03	+0.273
166.700	+6.894e+03	+2.799e+03	+1.084e+04	+0.289
166.800	+6.169e+03	+2.379e+03	+1.071e+04	+0.278
166.900	+7.870e+03	+2.059e+03	+9.288e+03	+0.207
167.000	+8.024e+03	+4.004e+03	+9.868e+03	+0.333
167.100	+8.225e+03	+1.753e+03	+1.010e+04	+0.176
167.200	+7.657e+03	+3.325e+03	+9.994e+03	+0.303
167.300	+6.463e+03	+2.715e+03	+1.043e+04	+0.296
167.400	+8.141e+03	+2.110e+03	+9.296e+03	+0.206
167.500	+7.251e+03	+1.614e+03	+9.350e+03	+0.182
167.600	+7.412e+03	+1.299e+03	+9.544e+03	+0.149
167.700	+7.320e+03	+2.317e+03	+1.070e+04	+0.240
167.800	+6.572e+03	+2.493e+03	+8.542e+03	+0.275
167.900	+6.632e+03	+3.095e+03	+9.292e+03	+0.318
168.000	+6.449e+03	+1.871e+03	+1.046e+04	+0.225
168.100	+7.096e+03	+2.794e+03	+9.417e+03	+0.283
168.200	+7.744e+03	+2.055e+03	+9.756e+03	+0.210
168.300	+7.433e+03	+3.432e+03	+8.814e+03	+0.316
168.400	+7.196e+03	+1.964e+03	+9.723e+03	+0.214
168.500	+7.331e+03	+2.110e+03	+9.822e+03	+0.223
168.600	+8.141e+03	+2.747e+03	+9.118e+03	+0.252
168.700	+7.630e+03	+1.226e+03	+8.877e+03	+0.138
168.800	+8.858e+03	+1.710e+03	+9.526e+03	+0.162
168.900	+6.943e+03	+3.256e+03	+9.658e+03	+0.319
169.000	+6.912e+03	+2.477e+03	+1.089e+04	+0.264
169.100	+7.733e+03	+1.968e+03	+1.087e+04	+0.203
169.200	+7.764e+03	+2.615e+03	+8.463e+03	+0.252
169.300	+7.430e+03	+3.959e+03	+1.039e+04	+0.348
169.400	+6.674e+03	+1.437e+03	+9.649e+03	+0.177
169.500	+7.367e+03	+2.195e+03	+1.077e+04	+0.230
169.600	+7.728e+03	+2.209e+03	+1.074e+04	+0.222
169.700	+7.370e+03	+2.969e+03	+9.876e+03	+0.287
169.800	+8.455e+03	+5.087e+02	+9.861e+03	+0.057
169.900	+7.712e+03	+2.538e+03	+1.020e+04	+0.248
170.000	+7.987e+03	+2.658e+03	+9.392e+03	+0.250
170.100	+7.012e+03	+2.939e+03	+1.052e+04	+0.295
170.200	+7.229e+03	+2.534e+03	+9.924e+03	+0.260
170.300	+8.801e+03	+3.253e+03	+9.009e+03	+0.270
170.400	+7.115e+03	+1.605e+03	+9.504e+03	+0.184
170.500	+8.825e+03	+2.622e+03	+1.054e+04	+0.229
170.600	+6.851e+03	+3.403e+03	+1.098e+04	+0.332
170.700	+6.800e+03	+1.990e+03	+9.523e+03	+0.226
170.800	+6.572e+03	+3.285e+03	+9.060e+03	+0.333
170.900	+6.806e+03	+1.760e+03	+1.054e+04	+0.205
171.000	+7.186e+03	+1.017e+03	+9.941e+03	+0.124
171.100	+8.602e+03	+2.773e+03	+1.007e+04	+0.244
171.200	+8.434e+03	+2.478e+03	+9.907e+03	+0.227
171.300	+7.525e+03	+2.457e+03	+1.066e+04	+0.246
171.400	+7.746e+03	+2.310e+03	+8.449e+03	+0.230
171.500	+6.918e+03	+1.385e+03	+9.464e+03	+0.167
171.600	+8.501e+03	+2.078e+03	+9.912e+03	+0.196
171.700	+6.897e+03	+3.033e+03	+1.104e+04	+0.305
171.800	+7.431e+03	+3.004e+03	+9.267e+03	+0.288
171.900	+7.344e+03	+2.007e+03	+1.045e+04	+0.215
172.000	+7.036e+03	+1.898e+03	+9.700e+03	+0.212
172.100	+7.704e+03	+2.861e+03	+1.037e+04	+0.271
172.200	+6.299e+03	+4.016e+03	+9.451e+03	+0.389
172.300	+7.463e+03	+2.930e+03	+9.194e+03	+0.282
172.400	+7.827e+03	+2.194e+03	+1.002e+04	+0.219
172.500	+6.758e+03	+2.259e+03	+9.670e+03	+0.251
172.600	+7.510e+03	+2.102e+03	+1.008e+04	+0.219
172.700	+8.059e+03	+3.040e+03	+1.037e+04	+0.274
172.800	+7.488e+03	+1.843e+03	+1.054e+04	+0.197
172.900	+8.222e+03	+2.255e+03	+9.056e+03	+0.215
173.000	+7.496e+03	+2.472e+03	+9.800e+03	+0.248
173.100	+7.694e+03	+2.567e+03	+1.126e+04	+0.250
173.200	+9.047e+03	+3.032e+03	+9.421e+03	+0.251
173.300	+7.758e+03	+2.007e+03	+9.632e+03	+0.206
173.400	+7.625e+03	+2.404e+03	+1.073e+04	+0.240
173.500	+7.960e+03	+1.770e+03	+1.129e+04	+0.182
173.600	+8.004e+03	+3.839e+03	+1.144e+04	+0.324
173.700	+8.250e+03	+1.685e+03	+1.102e+04	+0.170
173.800	+7.811e+03	+1.703e+03	+9.483e+03	+0.179
173.900	+8.955e+03	+2.318e+03	+1.129e+04	+0.206
174.000	+7.543e+03	+3.152e+03	+8.501e+03	+0.295
174.100	+8.053e+03	+2.546e+03	+1.054e+04	+0.240
174.200	+7.817e+03	+4.014e+03	+1.063e+04	+0.339
174.300	+7.939e+03	+2.032e+03	+1.046e+04	+0.204
174.400	+7.860e+03	+3.107e+03	+1.075e+04	+0.283
174.500	+8.254e+03	+1.997e+03	+8.527e+03	+0.195
174.600	+7.039e+03	+2.339e+03	+9.487e+03	+0.249
174.700	+8.477e+03	+1.661e+03	+9.212e+03	+0.164
174.800	+6.370e+03	+2.516e+03	+9.172e+03	+0.283
174.900	+8.464e+03	+3.541e+03	+1.028e+04	+0.295
175.000	+8.064e+03	+2.338e+03	+1.083e+04	+0.225
175.100	+6.889e+03	+2.024e+03	+9.516e+03	+0.227
175.200	+6.712e+03	+2.170e+03	+9.567e+03	+0.244
175.300	+7.715e+03	+3.078e+03	+8.928e+03	+0.285
175.400	+6.998e+03	+2.540e+03	+1.017e+04	+0.266
175.500	+7.882e+03	+2.337e+03	+1.073e+04	+0.229
175.600	+7.369e+03	+3.424e+03	+8.783e+03	+0.317
175.700	+7.692e+03	+2.893e+03	+1.107e+04	+0.273
175.800	+8.730e+03	+2.460e+03	+9.117e+03	+0.220
175.900	+7.565e+03	+1.948e+03	+9.460e+03	+0.205
176.000	+7.306e+03	+1.529e+03	+9.087e+03	+0.173
176.100	+8.109e+03	+2.933e+03	+9.746e+03	+0.266
176.200	+7.083e+03	+2.265e+03	+9.910e+03	+0.242
176.300	+7.554e+03	+2.188e+03	+1.009e+04	+0.225
176.400	+7.816e+03	+2.970e+03	+1.034e+04	+0.275
176.500	+7.387e+03	+2.842e+03	+9.174e+03	+0.278
176.600	+7.580e+03	+3.003e+03	+9.581e+03	+0.284
176.700	+7.890e+03	+3.672e+03	+1.072e+04	+0.318
176.800	+7.466e+03	+3.529e+03	+1.039e+04	+0.321
176.900	+7.195e+03	+2.769e+03	+1.053e+04	+0.278
177.000	+8.015e+03	+3.268e+03	+9.820e+03	+0.290
177.100	+7.010e+03	+3.481e+03	+1.018e+04	+0.332
177.200	+7.477e+03	+2.332e+03	+9.780e+03	+0.238
177.300	+7.316e+03	+4.209e+03	+1.007e+04	+0.365
177.400	+8.797e+03	+2.614e+03	+9.320e+03	+0.229
177.500	+7.992e+03	+3.135e+03	+9.842e+03	+0.282
177.600	+7.808e+03	+1.530e+03	+1.022e+04	+0.164
177.700	+8.725e+03	+2.694e+03	+1.118e+04	+0.236
177.800	+6.014e+03	+2.350e+03	+1.026e+04	+0.281
177.900	+8.847e+03	+2.190e+03	+9.629e+03	+0.198
178.000	+7.912e+03	+2.061e+03	+8.995e+03	+0.207
178.100	+8.523e+03	+2.483e+03	+9.902e+03	+0.226
178.200	+6.873e+03	+2.754e+03	+1.016e+04	+0.286
178.300	+8.143e+03	+1.149e+03	+1.047e+04	+0.124
178.400	+7.157e+03	+1.945e+03	+8.976e+03	+0.214
178.500	+7.895e+03	+4.194e+03	+1.010e+04	+0.347
178.600	+7.422e+03	+1.125e+03	+1.007e+04	+0.132
178.700	+9.050e+03	+1.794e+03	+1.006e+04	+0.165
178.800	+7.617e+03	+1.922e+03	+9.041e+03	+0.201
178.900	+6.737e+03	+1.116e+03	+1.087e+04	+0.142
179.000	+7.510e+03	+2.101e+03	+9.050e+03	+0.219
179.100	+8.271e+03	+2.555e+03	+1.051e+04	+0.236
179.200	+6.601e+03	+2.414e+03	+1.044e+04	+0.268
179.300	+7.371e+03	+8.025e+02	+1.003e+04	+0.098
179.400	+8.203e+03	+2.318e+03	+1.060e+04	+0.220
179.500	+7.807e+03	+2.580e+03	+1.066e+04	+0.248
179.600	+6.514e+03	+3.058e+03	+1.012e+04	+0.319
179.700	+7.611e+03	+3.230e+03	+9.801e+03	+0.298
179.800	+7.409e+03	+2.651e+03	+9.361e+03	+0.264
179.900	+7.208e+03	+2.792e+03	+9.994e+03	+0.279
180.000	+7.079e+03	+3.889e+03	+1.015e+04	+0.355
180.100	+7.117e+03	+1.636e+03	+9.180e+03	+0.187
180.200	+7.230e+03	+3.655e+03	+9.717e+03	+0.336
180.300	+7.653e+03	+2.385e+03	+1.044e+04	+0.238
180.400	+7.903e+03	+2.711e+03	+1.006e+04	+0.255
180.500	+7.749e+03	+2.472e+03	+1.083e+04	+0.242
180.600	+8.074e+03	+3.759e+03	+9.065e+03	+0.318
180.700	+6.739e+03	+2.773e+03	+1.097e+04	+0.292
180.800	+7.475e+03	+2.788e+03	+8.953e+03	+0.272
180.900	+8.565e+03	+3.241e+03	+9.467e+03	+0.275
181.000	+7.874e+03	+1.622e+03	+1.051e+04	+0.171
181.100	+8.524e+03	+2.533e+03	+1.057e+04	+0.229
181.200	+7.571e+03	+2.673e+03	+1.075e+04	+0.261
181.300	+7.514e+03	+3.091e+03	+9.265e+03	+0.291
181.400	+7.115e+03	+2.778e+03	+1.034e+04	+0.281
181.500	+8.212e+03	+1.682e+03	+1.046e+04	+0.170
181.600	+7.122e+03	+2.594e+03	+1.004e+04	+0.267
181.700	+6.392e+03	+3.310e+03	+1.019e+04	+0.341
181.800	+8.795e+03	+2.064e+03	+8.951e+03	+0.190
181.900	+7.294e+03	+1.810e+03	+1.043e+04	+0.199
182.000	+6.706e+03	+2.377e+03	+1.103e+04	+0.262
182.100	+8.609e+03	+1.881e+03	+1.097e+04	+0.179
182.200	+7.605e+03	+2.268e+03	+9.839e+03	+0.230
182.300	+8.095e+03	+1.813e+03	+1.008e+04	+0.183
182.400	+5.925e+03	+1.976e+03	+8.922e+03	+0.250
182.500	+7.398e+03	+2.757e+03	+9.163e+03	+0.271
182.600	+7.468e+03	+2.463e+03	+1.016e+04	+0.248
182.700	+7.531e+03	+1.305e+03	+1.006e+04	+0.148
182.800	+8.357e+03	+2.798e+03	+9.504e+03	+0.251
182.900	+7.149e+03	+1.762e+03	+9.663e+03	+0.198
183.000	+7.044e+03	+3.065e+03	+9.952e+03	+0.303
183.100	+7.468e+03	+2.783e+03	+9.666e+03	+0.272
183.200	+7.739e+03	+2.339e+03	+1.042e+04	+0.232
183.300	+7.732e+03	+3.234e+03	+9.397e+03	+0.295
183.400	+7.062e+03	+1.170e+03	+9.456e+03	+0.142
183.500	+7.018e+03	+3.090e+03	+9.345e+03	+0.306
183.600	+7.889e+03	+2.148e+03	+7.634e+03	+0.214
183.700	+7.378e+03	+1.597e+03	+8.426e+03	+0.178
183.800	+7.318e+03	+2.591e+03	+8.979e+03	+0.262
183.900	+7.153e+03	+1.655e+03	+1.022e+04	+0.188
184.000	+8.166e+03	+2.302e+03	+8.491e+03	+0.220
184.100	+8.158e+03	+2.182e+03	+9.588e+03	+0.211
184.200	+6.954e+03	+3.466e+03	+8.950e+03	+0.333
184.300	+6.140e+03	+3.686e+03	+1.050e+04	+0.375
184.400	+6.933e+03	+2.180e+03	+8.842e+03	+0.239
184.500	+6.613e+03	+2.475e+03	+1.050e+04	+0.272
184.600	+8.848e+03	+2.563e+03	+9.130e+03	+0.225
184.700	+6.883e+03	+2.748e+03	+8.685e+03	+0.285
184.800	+7.827e+03	+2.161e+03	+9.306e+03	+0.216
184.900	+7.692e+03	+3.202e+03	+1.059e+04	+0.294
185.000	+7.344e+03	+1.717e+03	+1.046e+04	+0.189
185.100	+5.894e+03	+3.197e+03	+8.904e+03	+0.352
185.200	+7.408e+03	+4.306e+03	+8.877e+03	+0.368
185.300	+8.124e+03	+2.742e+03	+9.080e+03	+0.252
185.400	+8.462e+03	+3.532e+03	+8.671e+03	+0.294
185.500	+7.126e+03	+1.719e+03	+8.195e+03	+0.194
185.600	+6.840e+03	+1.999e+03	+1.057e+04	+0.226
185.700	+8.350e+03	+2.288e+03	+1.082e+04	+0.215
185.800	+8.626e+03	+2.645e+03	+1.103e+04	+0.235
185.900	+7.549e+03	+2.729e+03	+1.104e+04	+0.266
186.000	+7.342e+03	+3.244e+03	+8.866e+03	+0.306
186.100	+6.410e+03	+1.076e+03	+9.853e+03	+0.144
186.200	+7.601e+03	+1.735e+03	+9.382e+03	+0.186
186.300	+8.953e+03	+2.533e+03	+9.698e+03	+0.221
186.400	+8.077e+03	+2.620e+03	+9.188e+03	+0.245
186.500	+7.102e+03	+2.634e+03	+1.140e+04	+0.271
186.600	+8.458e+03	+2.977e+03	+9.933e+03	+0.260
186.700	+7.384e+03	+2.808e+03	+9.982e+03	+0.275
186.800	+6.711e+03	+3.165e+03	+9.526e+03	+0.320
186.900	+7.807e+03	+3.228e+03	+9.859e+03	+0.293
187.000	+6.844e+03	+1.913e+03	+1.032e+04	+0.218
187.100	+7.925e+03	+2.861e+03	+9.873e+03	+0.265
187.200	+7.154e+03	+1.544e+03	+9.743e+03	+0.178
187.300	+8.101e+03	+1.002e+03	+1.093e+04	+0.110
187.400	+7.169e+03	+1.320e+03	+9.803e+03	+0.155
187.500	+7.324e+03	+2.435e+03	+1.053e+04	+0.250
187.600	+6.844e+03	+1.161e+03	+1.014e+04	+0.145
187.700	+6.607e+03	+2.779e+03	+1.083e+04	+0.296
187.800	+8.853e+03	+2.412e+03	+1.069e+04	+0.214
187.900	+7.138e+03	+2.324e+03	+1.018e+04	+0.246
188.000	+7.432e+03	+1.517e+03	+9.937e+03	+0.169
188.100	+6.602e+03	+3.058e+03	+9.753e+03	+0.317
188.200	+6.823e+03	+2.164e+03	+1.056e+04	+0.241
188.300	+7.089e+03	+3.318e+03	+1.128e+04	+0.319
188.400	+8.416e+03	+4.170e+03	+1.006e+04	+0.331
188.500	+8.657e+03	+2.258e+03	+9.431e+03	+0.207
188.600	+8.091e+03	+2.182e+03	+9.290e+03	+0.212
188.700	+8.530e+03	+3.135e+03	+9.823e+03	+0.269
188.800	+8.132e+03	+2.803e+03	+1.003e+04	+0.256
188.900	+7.379e+03	+1.271e+03	+1.008e+04	+0.147
189.000	+7.757e+03	+2.712e+03	+1.002e+04	+0.259
189.100	+7.897e+03	+2.384e+03	+9.939e+03	+0.232
189.200	+7.287e+03	+2.240e+03	+1.110e+04	+0.235
189.300	+6.953e+03	+1.603e+03	+1.024e+04	+0.187
189.400	+6.630e+03	+1.502e+03	+9.127e+03	+0.185
189.500	+6.255e+03	+2.959e+03	+1.135e+04	+0.321
189.600	+8.657e+03	+2.771e+03	+1.173e+04	+0.242
189.700	+7.634e+03	+1.759e+03	+1.047e+04	+0.187
189.800	+8.200e+03	+2.093e+03	+1.104e+04	+0.203
189.900	+8.157e+03	+1.562e+03	+1.041e+04	+0.161
190.000	+7.653e+03	+1.834e+03	+9.368e+03	+0.193
190.100	+8.041e+03	+3.241e+03	+1.062e+04	+0.287
190.200	+8.287e+03	+2.835e+03	+9.949e+03	+0.255
190.300	+7.661e+03	+2.140e+03	+9.994e+03	+0.218
190.400	+6.739e+03	+4.003e+03	+9.303e+03	+0.373
190.500	+8.123e+03	+1.964e+03	+1.121e+04	+0.195
190.600	+7.027e+03	+2.589e+03	+9.984e+03	+0.269
190.700	+7.811e+03	+2.316e+03	+1.126e+04	+0.229
190.800	+7.729e+03	+2.942e+03	+9.156e+03	+0.276
190.900	+6.698e+03	+1.025e+03	+8.295e+03	+0.133
191.000	+8.170e+03	+3.122e+03	+1.089e+04	+0.277
191.100	+8.549e+03	+2.875e+03	+1.052e+04	+0.252
191.200	+7.605e+03	+3.572e+03	+1.019e+04	+0.320
191.300	+7.537e+03	+1.571e+03	+1.053e+04	+0.173
191.400	+7.962e+03	+2.538e+03	+1.085e+04	+0.242
191.500	+7.762e+03	+3.885e+03	+1.098e+04	+0.334
191.600	+6.730e+03	+1.873e+03	+1.029e+04	+0.218
191.700	+7.559e+03	+2.412e+03	+9.301e+03	+0.242
191.800	+7.454e+03	+2.958e+03	+1.091e+04	+0.284
191.900	+7.476e+03	+3.564e+03	+1.088e+04	+0.323
192.000	+7.720e+03	+2.273e+03	+1.059e+04	+0.227
192.100	+7.180e+03	+1.887e+03	+9.984e+03	+0.208
192.200	+8.430e+03	+2.859e+03	+9.823e+03	+0.253
192.300	+8.427e+03	+1.986e+03	+9.498e+03	+0.191
192.400	+6.506e+03	+3.744e+03	+1.097e+04	+0.365
192.500	+7.239e+03	+3.045e+03	+9.833e+03	+0.296
192.600	+7.884e+03	+2.648e+03	+9.433e+03	+0.251
192.700	+6.635e+03	+2.732e+03	+9.859e+03	+0.292
192.800	+8.296e+03	+2.005e+03	+9.904e+03	+0.195
192.900	+7.743e+03	+1.474e+03	+9.506e+03	+0.160
193.000	+7.330e+03	+2.537e+03	+1.076e+04	+0.257
193.100	+8.092e+03	+3.392e+03	+1.128e+04	+0.295
193.200	+7.607e+03	+2.804e+03	+9.176e+03	+0.269
193.300	+6.801e+03	+3.974e+03	+9.803e+03	+0.369
193.400	+7.168e+03	+3.327e+03	+9.979e+03	+0.317
193.500	+8.361e+03	+3.126e+03	+1.039e+04	+0.272
193.600	+7.631e+03	+2.486e+03	+9.679e+03	+0.246
193.700	+7.091e+03	+3.153e+03	+1.036e+04	+0.308
193.800	+7.498e+03	+2.740e+03	+1.023e+04	+0.268
193.900	+7.195e+03	+3.383e+03	+9.795e+03	+0.320
194.000	+7.354e+03	+2.235e+03	+1.050e+04	+0.233
194.100	+6.706e+03	+2.683e+03	+9.772e+03	+0.286
194.200	+6.976e+03	+2.081e+03	+1.044e+04	+0.230
194.300	+7.812e+03	+2.789e+03	+9.905e+03	+0.263
194.400	+8.112e+03	+3.086e+03	+9.102e+03	+0.276
194.500	+8.800e+03	+3.070e+03	+1.025e+04	+0.259
194.600	+7.052e+03	+1.676e+03	+1.021e+04	+0.192
194.700	+8.198e+03	+3.520e+03	+1.058e+04	+0.300
194.800	+7.425e+03	+2.105e+03	+1.024e+04	+0.221
194.900	+7.336e+03	+3.517e+03	+1.057e+04	+0.324
195.000	+7.594e+03	+2.048e+03	+1.173e+04	+0.212
195.100	+8.409e+03	+2.403e+03	+1.014e+04	+0.222
195.200	+6.510e+03	+3.599e+03	+1.005e+04	+0.356
195.300	+7.905e+03	+3.852e+03	+9.513e+03	+0.328
195.400	+8.575e+03	+2.410e+03	+1.032e+04	+0.219
195.500	+7.155e+03	+1.483e+03	+9.173e+03	+0.172
195.600	+6.765e+03	+2.742e+03	+7.952e+03	+0.288
195.700	+6.503e+03	+3.151e+03	+1.033e+04	+0.326
195.800	+7.107e+03	+2.930e+03	+9.584e+03	+0.292
195.900	+6.561e+03	+1.028e+02	+9.177e+03	+0.015
196.000	+6.822e+03	+1.850e+03	+9.965e+03	+0.213
196.100	+6.696e+03	+3.852e+03	+9.806e+03	+0.365
196.200	+6.504e+03	+3.119e+03	+9.548e+03	+0.324
196.300	+6.510e+03	+3.194e+03	+1.025e+04	+0.329
196.400	+7.201e+03	+2.898e+03	+1.041e+04	+0.287
196.500	+6.727e+03	+2.333e+03	+9.641e+03	+0.257
196.600	+6.512e+03	+2.662e+03	+8.196e+03	+0.290
196.700	+6.748e+03	+1.942e+03	+1.073e+04	+0.223
196.800	+6.904e+03	+2.199e+03	+1.015e+04	+0.242
196.900	+8.507e+03	+1.855e+03	+9.513e+03	+0.179
197.000	+7.088e+03	+2.458e+03	+1.015e+04	+0.257
197.100	+6.265e+03	+1.737e+03	+1.083e+04	+0.217
197.200	+8.822e+03	+2.847e+03	+9.136e+03	+0.244
197.300	+7.828e+03	+2.630e+03	+9.471e+03	+0.251
197.400	+7.632e+03	+1.895e+03	+9.330e+03	+0.199
197.500	+7.985e+03	+1.829e+03	+1.016e+04	+0.186
197.600	+6.485e+03	+3.595e+03	+9.486e+03	+0.357
197.700	+7.113e+03	+1.830e+03	+1.019e+04	+0.205
197.800	+7.200e+03	+3.326e+03	+8.940e+03	+0.316
197.900	+7.981e+03	+2.094e+03	+9.008e+03	+0.208
198.000	+7.250e+03	+2.033e+03	+8.656e+03	+0.219
198.100	+8.195e+03	+2.985e+03	+9.975e+03	+0.267
198.200	+7.761e+03	+3.419e+03	+1.000e+04	+0.306
198.300	+7.657e+03	+2.609e+03	+1.034e+04	+0.254
198.400	+7.385e+03	+2.833e+03	+1.006e+04	+0.277
198.500	+7.553e+03	+4.399e+02	+1.048e+04	+0.055
198.600	+8.204e+03	+3.565e+03	+1.099e+04	+0.303
198.700	+8.172e+03	+2.584e+03	+1.040e+04	+0.240
198.800	+6.970e+03	+2.455e+03	+1.065e+04	+0.261
198.900	+7.041e+03	+2.526e+03	+9.882e+03	+0.264
199.000	+8.127e+03	+3.655e+03	+9.839e+03	+0.310
199.100	+6.933e+03	+2.248e+03	+9.409e+03	+0.245
199.200	+8.275e+03	+1.620e+03	+9.057e+03	+0.164
199.300	+8.295e+03	+2.248e+03	+1.049e+04	+0.213
199.400	+9.001e+03	+2.615e+03	+9.891e+03	+0.225
199.500	+6.638e+03	+1.968e+03	+9.485e+03	+0.229
199.600	+8.931e+03	+2.052e+03	+1.013e+04	+0.187
199.700	+6.651e+03	+3.482e+03	+9.620e+03	+0.344
199.800	+7.991e+03	+2.542e+03	+1.013e+04	+0.241
