%t (s)	Idd (a.u.)	Ida (a.u.)	Iaa (a.u.)	FRET E
0.000	+6.255e+03	+3.638e+03	+9.898e+03	+0.368
0.100	+6.728e+03	+2.797e+03	+9.410e+03	+0.294
0.200	+8.879e+03	+2.440e+03	+9.312e+03	+0.216
0.300	+7.210e+03	+1.899e+03	+1.106e+04	+0.208
0.400	+6.631e+03	+2.435e+03	+1.035e+04	+0.269
0.500	+7.371e+03	+1.735e+03	+1.180e+04	+0.191
0.600	+7.372e+03	+2.256e+03	+1.007e+04	+0.234
0.700	+7.449e+03	+2.269e+03	+1.075e+04	+0.233
0.800	+6.697e+03	+2.386e+03	+1.015e+04	+0.263
0.900	+8.294e+03	+3.034e+03	+8.734e+03	+0.268
1.000	+7.460e+03	+3.123e+03	+9.196e+03	+0.295
1.100	+8.332e+03	+2.700e+03	+1.042e+04	+0.245
1.200	+7.088e+03	+3.218e+03	+8.671e+03	+0.312
1.300	+7.143e+03	+2.812e+03	+8.750e+03	+0.282
1.400	+8.465e+03	+1.641e+03	+8.792e+03	+0.162
1.500	+7.554e+03	+1.781e+03	+8.917e+03	+0.191
1.600	+7.447e+03	+1.720e+03	+1.055e+04	+0.188
1.700	+8.011e+03	+1.452e+03	+1.137e+04	+0.153
1.800	+6.887e+03	+2.319e+03	+1.086e+04	+0.252
1.900	+7.783e+03	+2.798e+03	+9.935e+03	+0.264
2.000	+6.959e+03	+2.341e+03	+9.818e+03	+0.252
2.100	+7.244e+03	+2.263e+03	+9.485e+03	+0.238
2.200	+7.985e+03	+2.403e+03	+1.033e+04	+0.231
2.300	+7.752e+03	+2.429e+03	+9.830e+03	+0.239
2.400	+7.050e+03	+2.080e+03	+9.817e+03	+0.228
2.500	+6.586e+03	+2.554e+03	+9.935e+03	+0.279
2.600	+7.212e+03	+2.958e+03	+1.017e+04	+0.291
2.700	+7.071e+03	+1.880e+03	+1.055e+04	+0.210
2.800	+8.622e+03	+2.173e+03	+9.281e+03	+0.201
2.900	+6.777e+03	+2.755e+03	+9.733e+03	+0.289
3.000	+7.863e+03	+3.711e+03	+9.497e+03	+0.321
3.100	+7.346e+03	+2.364e+03	+9.975e+03	+0.243
3.200	+6.103e+03	+2.517e+03	+1.030e+04	+0.292
3.300	+6.266e+03	+5.379e+03	+1.034e+04	+0.462
3.400	+4.811e+03	+4.963e+03	+9.364e+03	+0.508
3.500	+4.344e+03	+5.797e+03	+1.109e+04	+0.572
3.600	+4.454e+03	+4.939e+03	+1.100e+04	+0.526
3.700	+1.995e+03	+7.805e+03	+9.592e+03	+0.796
3.800	+2.130e+03	+8.760e+03	+1.144e+04	+0.804
3.900	+2.486e+03	+7.524e+03	+1.030e+04	+0.752
4.000	+1.466e+03	+8.185e+03	+9.317e+03	+0.848
4.100	+1.415e+03	+8.094e+03	+9.154e+03	+0.851
4.200	+1.963e+03	+7.603e+03	+1.025e+04	+0.795
4.300	+2.518e+03	+8.563e+03	+9.640e+03	+0.773
4.400	+2.659e+03	+8.065e+03	+8.239e+03	+0.752
4.500	+8.689e+02	+7.674e+03	+1.026e+04	+0.898
4.600	+2.843e+03	+7.043e+03	+1.007e+04	+0.712
4.700	+5.123e+03	+4.324e+03	+1.125e+04	+0.458
4.800	+5.222e+03	+5.389e+03	+1.055e+04	+0.508
4.900	+4.830e+03	+4.454e+03	+9.123e+03	+0.480
5.000	+5.494e+03	+5.633e+03	+9.868e+03	+0.506
5.100	+5.243e+03	+4.490e+03	+9.829e+03	+0.461
5.200	+5.770e+03	+4.922e+03	+9.912e+03	+0.460
5.300	+5.150e+03	+4.118e+03	+1.019e+04	+0.444
5.400	+4.725e+03	+5.742e+03	+1.114e+04	+0.549
5.500	+3.849e+03	+4.792e+03	+1.079e+04	+0.555
5.600	+4.710e+03	+4.945e+03	+9.679e+03	+0.512
5.700	+6.424e+03	+4.795e+03	+1.035e+04	+0.427
5.800	+5.214e+03	+4.811e+03	+1.024e+04	+0.480
5.900	+4.882e+03	+3.524e+03	+9.188e+03	+0.419
6.000	+4.294e+03	+4.837e+03	+1.016e+04	+0.530
6.100	+4.277e+03	+4.946e+03	+1.067e+04	+0.536
6.200	+4.634e+03	+5.709e+03	+1.052e+04	+0.552
6.300	+4.675e+03	+5.555e+03	+9.412e+03	+0.543
6.400	+4.791e+03	+4.759e+03	+1.005e+04	+0.498
6.500	+4.414e+03	+5.236e+03	+1.082e+04	+0.543
6.600	+6.089e+03	+5.268e+03	+1.037e+04	+0.464
6.700	+7.621e+03	+2.284e+03	+1.052e+04	+0.231
6.800	+7.949e+03	+2.216e+03	+9.973e+03	+0.218
6.900	+6.243e+03	+2.561e+03	+1.051e+04	+0.291
7.000	+7.218e+03	+2.264e+03	+9.867e+03	+0.239
7.100	+7.095e+03	+2.683e+03	+1.065e+04	+0.274
7.200	+6.136e+03	+2.154e+03	+1.077e+04	+0.260
7.300	+9.132e+03	+2.988e+03	+1.007e+04	+0.247
7.400	+8.353e+03	+1.164e+03	+1.086e+04	+0.122
7.500	+7.734e+03	+3.384e+03	+9.876e+03	+0.304
7.600	+7.033e+03	+2.664e+03	+1.004e+04	+0.275
7.700	+7.376e+03	+3.273e+03	+1.053e+04	+0.307
7.800	+8.327e+03	+3.103e+03	+9.868e+03	+0.272
7.900	+8.132e+03	+1.444e+03	+9.592e+03	+0.151
8.000	+6.834e+03	+3.287e+03	+9.769e+03	+0.325
8.100	+9.316e+03	+2.334e+03	+1.015e+04	+0.200
8.200	+8.518e+03	+2.831e+03	+9.552e+03	+0.249
8.300	+7.791e+03	+1.638e+03	+9.326e+03	+0.174
8.400	+7.398e+03	+2.802e+03	+9.313e+03	+0.275
8.500	+7.673e+03	+1.674e+03	+1.132e+04	+0.179
8.600	+8.100e+03	+2.570e+03	+1.044e+04	+0.241
8.700	+8.894e+03	+3.972e+03	+9.502e+03	+0.309
8.800	+7.819e+03	+2.912e+03	+1.006e+04	+0.271
8.900	+8.389e+03	+2.346e+03	+9.589e+03	+0.219
9.000	+6.877e+03	+1.977e+03	+1.144e+04	+0.223
9.100	+6.842e+03	+3.346e+03	+9.476e+03	+0.328
9.200	+7.685e+03	+1.207e+03	+1.131e+04	+0.136
9.300	+7.018e+03	+1.767e+03	+1.044e+04	+0.201
9.400	+6.764e+03	+1.988e+03	+8.422e+03	+0.227
9.500	+7.297e+03	+3.385e+03	+1.006e+04	+0.317
9.600	+5.786e+03	+4.054e+03	+1.048e+04	+0.412
9.700	+5.286e+03	+5.169e+03	+9.461e+03	+0.494
9.800	+5.633e+03	+4.640e+03	+9.085e+03	+0.452
9.900	+4.078e+03	+4.651e+03	+1.030e+04	+0.533
10.000	+5.901e+03	+7.361e+03	+9.897e+03	+0.555
10.100	+4.417e+03	+6.040e+03	+9.834e+03	+0.578
10.200	+5.061e+03	+5.921e+03	+1.103e+04	+0.539
10.300	+4.804e+03	+5.260e+03	+1.012e+04	+0.523
10.400	+5.479e+03	+5.564e+03	+9.722e+03	+0.504
10.500	+4.781e+03	+5.484e+03	+1.031e+04	+0.534
10.600	+5.099e+03	+3.930e+03	+9.545e+03	+0.435
10.700	+4.794e+03	+5.474e+03	+1.056e+04	+0.533
10.800	+5.592e+03	+4.740e+03	+1.042e+04	+0.459
10.900	+5.152e+03	+5.168e+03	+9.706e+03	+0.501
11.000	+4.250e+03	+4.991e+03	+9.641e+03	+0.540
11.100	+4.924e+03	+5.000e+03	+9.283e+03	+0.504
11.200	+4.692e+03	+6.388e+03	+1.007e+04	+0.577
11.300	+4.602e+03	+4.764e+03	+9.817e+03	+0.509
11.400	+5.217e+03	+4.604e+03	+9.964e+03	+0.469
11.500	+5.846e+03	+5.897e+03	+9.750e+03	+0.502
11.600	+5.900e+03	+4.385e+03	+1.085e+04	+0.426
11.700	+5.719e+03	+4.500e+03	+9.579e+03	+0.440
11.800	+8.338e+03	+2.690e+03	+1.007e+04	+0.244
11.900	+6.295e+03	+1.130e+03	+9.666e+03	+0.152
12.000	+6.606e+03	+3.883e+03	+9.639e+03	+0.370
12.100	+8.039e+03	+3.573e+03	+8.934e+03	+0.308
12.200	+7.825e+03	+2.490e+03	+9.956e+03	+0.241
12.300	+7.657e+03	+2.532e+03	+9.410e+03	+0.249
12.400	+7.843e+03	+3.266e+03	+1.075e+04	+0.294
12.500	+8.763e+03	+1.843e+03	+1.021e+04	+0.174
12.600	+7.818e+03	+3.416e+03	+9.870e+03	+0.304
12.700	+8.069e+03	+1.853e+03	+9.748e+03	+0.187
12.800	+7.018e+03	+2.114e+03	+9.067e+03	+0.231
12.900	+8.053e+03	+2.083e+03	+9.610e+03	+0.205
13.000	+7.530e+03	+1.801e+03	+9.647e+03	+0.193
13.100	+6.437e+03	+2.218e+03	+1.044e+04	+0.256
13.200	+7.560e+03	+1.988e+03	+9.350e+03	+0.208
13.300	+8.462e+03	+2.650e+03	+9.686e+03	+0.238
13.400	+7.421e+03	+2.952e+03	+9.160e+03	+0.285
13.500	+7.102e+03	+2.799e+03	+1.138e+04	+0.283
13.600	+7.857e+03	+2.812e+03	+9.267e+03	+0.264
13.700	+7.495e+03	+1.068e+03	+9.559e+03	+0.125
13.800	+6.981e+03	+2.823e+03	+9.891e+03	+0.288
13.900	+6.696e+03	+1.980e+03	+1.080e+04	+0.228
14.000	+8.001e+03	+2.902e+03	+8.998e+03	+0.266
14.100	+8.473e+03	+2.694e+03	+9.484e+03	+0.241
14.200	+6.843e+03	+3.152e+03	+9.221e+03	+0.315
14.300	+7.787e+03	+2.442e+03	+9.687e+03	+0.239
14.400	+7.612e+03	+3.410e+03	+9.632e+03	+0.309
14.500	+7.418e+03	+2.453e+03	+9.864e+03	+0.248
14.600	+5.275e+03	+5.737e+03	+8.972e+03	+0.521
14.700	+7.022e+03	+4.876e+03	+1.001e+04	+0.410
14.800	+4.400e+03	+4.707e+03	+9.076e+03	+0.517
14.900	+5.284e+03	+4.518e+03	+1.091e+04	+0.461
15.000	+6.488e+03	+4.971e+03	+1.101e+04	+0.434
15.100	+4.534e+03	+5.525e+03	+1.036e+04	+0.549
15.200	+4.770e+03	+4.536e+03	+9.053e+03	+0.487
15.300	+5.911e+03	+4.743e+03	+1.085e+04	+0.445
15.400	+4.840e+03	+5.085e+03	+9.353e+03	+0.512
15.500	+5.744e+03	+4.908e+03	+1.075e+04	+0.461
15.600	+4.842e+03	+4.770e+03	+9.243e+03	+0.496
15.700	+5.002e+03	+4.330e+03	+1.057e+04	+0.464
15.800	+5.801e+03	+4.312e+03	+1.158e+04	+0.426
15.900	+4.781e+03	+6.937e+03	+1.108e+04	+0.592
16.000	+4.726e+03	+4.649e+03	+8.733e+03	+0.496
16.100	+5.247e+03	+3.600e+03	+8.814e+03	+0.407
16.200	+5.226e+03	+4.528e+03	+9.846e+03	+0.464
16.300	+5.063e+03	+6.159e+03	+1.032e+04	+0.549
16.400	+6.123e+03	+2.967e+03	+1.015e+04	+0.326
16.500	+4.137e+03	+4.552e+03	+1.046e+04	+0.524
16.600	+5.430e+03	+4.513e+03	+1.073e+04	+0.454
16.700	+4.131e+03	+5.176e+03	+1.043e+04	+0.556
16.800	+4.755e+03	+6.028e+03	+8.423e+03	+0.559
16.900	+5.900e+03	+4.968e+03	+9.078e+03	+0.457
17.000	+5.237e+03	+5.801e+03	+8.854e+03	+0.526
17.100	+4.701e+03	+5.216e+03	+1.136e+04	+0.526
17.200	+4.218e+03	+5.500e+03	+1.015e+04	+0.566
17.300	+5.731e+03	+3.952e+03	+9.995e+03	+0.408
17.400	+4.277e+03	+3.630e+03	+1.099e+04	+0.459
17.500	+5.194e+03	+4.996e+03	+1.013e+04	+0.490
17.600	+4.582e+03	+4.289e+03	+1.093e+04	+0.484
17.700	+4.844e+03	+5.304e+03	+1.073e+04	+0.523
17.800	+5.231e+03	+5.041e+03	+1.052e+04	+0.491
17.900	+5.238e+03	+3.671e+03	+9.846e+03	+0.412
18.000	+4.917e+03	+4.651e+03	+9.368e+03	+0.486
18.100	+5.697e+03	+5.003e+03	+1.028e+04	+0.468
18.200	+4.617e+03	+4.606e+03	+1.042e+04	+0.499
18.300	+4.700e+03	+5.190e+03	+9.878e+03	+0.525
18.400	+6.365e+03	+5.891e+03	+9.920e+03	+0.481
18.500	+5.674e+03	+6.416e+03	+1.010e+04	+0.531
18.600	+5.185e+03	+4.888e+03	+1.117e+04	+0.485
18.700	+5.397e+03	+4.237e+03	+1.070e+04	+0.440
18.800	+4.823e+03	+7.138e+03	+1.065e+04	+0.597
18.900	+2.577e+03	+6.836e+03	+9.845e+03	+0.726
19.000	+4.871e+03	+5.865e+03	+1.072e+04	+0.546
19.100	+5.518e+03	+3.870e+03	+1.022e+04	+0.412
19.200	+5.175e+03	+4.692e+03	+8.903e+03	+0.476
19.300	+4.489e+03	+4.567e+03	+9.468e+03	+0.504
19.400	+3.960e+03	+4.976e+03	+9.821e+03	+0.557
19.500	+5.107e+03	+5.119e+03	+9.837e+03	+0.501
19.600	+5.032e+03	+4.860e+03	+9.391e+03	+0.491
19.700	+5.179e+03	+4.304e+03	+9.468e+03	+0.454
19.800	+4.025e+03	+6.084e+03	+1.010e+04	+0.602
19.900	+4.872e+03	+5.088e+03	+9.630e+03	+0.511
20.000	+6.063e+03	+5.625e+03	+1.057e+04	+0.481
20.100	+6.092e+03	+4.097e+03	+1.042e+04	+0.402
20.200	+5.509e+03	+4.968e+03	+9.152e+03	+0.474
20.300	+5.866e+03	+5.365e+03	+9.820e+03	+0.478
20.400	+5.300e+03	+4.004e+03	+8.682e+03	+0.430
20.500	+5.177e+03	+4.659e+03	+1.058e+04	+0.474
20.600	+5.870e+03	+5.427e+03	+9.994e+03	+0.480
20.700	+6.158e+03	+6.906e+03	+9.003e+03	+0.529
20.800	+5.235e+03	+5.070e+03	+1.101e+04	+0.492
20.900	+5.476e+03	+6.276e+03	+9.303e+03	+0.534
21.000	+4.826e+03	+4.520e+03	+1.054e+04	+0.484
21.100	+4.818e+03	+5.290e+03	+9.844e+03	+0.523
21.200	+5.216e+03	+5.683e+03	+9.398e+03	+0.521
21.300	+5.327e+03	+5.199e+03	+1.098e+04	+0.494
21.400	+4.505e+03	+5.179e+03	+1.148e+04	+0.535
21.500	+5.025e+03	+4.269e+03	+1.022e+04	+0.459
21.600	+4.144e+03	+4.599e+03	+1.018e+04	+0.526
21.700	+4.315e+03	+6.562e+03	+9.907e+03	+0.603
21.800	+5.806e+03	+4.019e+03	+9.362e+03	+0.409
21.900	+6.179e+03	+5.045e+03	+9.580e+03	+0.450
22.000	+4.727e+03	+4.944e+03	+1.037e+04	+0.511
22.100	+4.764e+03	+4.662e+03	+9.047e+03	+0.495
22.200	+2.163e+03	+8.127e+03	+9.109e+03	+0.790
22.300	+1.613e+03	+9.305e+03	+9.665e+03	+0.852
22.400	+1.821e+03	+9.611e+03	+1.058e+04	+0.841
22.500	+1.803e+03	+7.981e+03	+1.017e+04	+0.816
22.600	+9.734e+02	+8.947e+03	+9.398e+03	+0.902
22.700	+1.995e+03	+8.448e+03	+9.745e+03	+0.809
22.800	+2.623e+03	+8.764e+03	+1.052e+04	+0.770
22.900	+3.972e+03	+5.248e+03	+1.104e+04	+0.569
23.000	+4.017e+03	+4.373e+03	+9.251e+03	+0.521
23.100	+5.675e+03	+5.645e+03	+1.004e+04	+0.499
23.200	+5.914e+03	+6.069e+03	+9.517e+03	+0.506
23.300	+5.375e+03	+3.544e+03	+9.915e+03	+0.397
23.400	+5.618e+03	+4.653e+03	+9.020e+03	+0.453
23.500	+6.178e+03	+4.209e+03	+1.063e+04	+0.405
23.600	+4.716e+03	+5.601e+03	+1.168e+04	+0.543
23.700	+4.483e+03	+4.180e+03	+8.397e+03	+0.483
23.800	+3.955e+03	+4.915e+03	+1.013e+04	+0.554
23.900	+4.576e+03	+4.317e+03	+9.828e+03	+0.485
24.000	+4.487e+03	+5.220e+03	+1.033e+04	+0.538
24.100	+5.712e+03	+4.832e+03	+9.000e+03	+0.458
24.200	+5.049e+03	+5.401e+03	+9.885e+03	+0.517
24.300	+4.523e+03	+5.441e+03	+1.099e+04	+0.546
24.400	+4.728e+03	+3.908e+03	+1.037e+04	+0.453
24.500	+4.136e+03	+4.668e+03	+9.635e+03	+0.530
24.600	+5.309e+03	+5.379e+03	+1.011e+04	+0.503
24.700	+5.235e+03	+4.376e+03	+9.104e+03	+0.455
24.800	+5.143e+03	+4.645e+03	+9.435e+03	+0.475
24.900	+5.465e+03	+5.252e+03	+9.333e+03	+0.490
25.000	+5.629e+03	+4.770e+03	+9.661e+03	+0.459
25.100	+4.719e+03	+5.068e+03	+9.780e+03	+0.518
25.200	+4.162e+03	+4.722e+03	+1.014e+04	+0.532
25.300	+6.844e+03	+4.442e+03	+1.066e+04	+0.394
25.400	+4.895e+03	+4.330e+03	+8.536e+03	+0.469
25.500	+4.967e+03	+4.003e+03	+1.030e+04	+0.446
25.600	+4.603e+03	+4.926e+03	+8.911e+03	+0.517
25.700	+3.889e+03	+5.683e+03	+9.836e+03	+0.594
25.800	+4.591e+03	+3.677e+03	+1.023e+04	+0.445
25.900	+5.587e+03	+5.368e+03	+1.010e+04	+0.490
26.000	+4.568e+03	+5.926e+03	+1.034e+04	+0.565
26.100	+5.546e+03	+5.418e+03	+9.982e+03	+0.494
26.200	+3.796e+03	+4.919e+03	+1.050e+04	+0.564
26.300	+4.495e+03	+4.587e+03	+1.011e+04	+0.505
26.400	+6.353e+03	+5.933e+03	+1.036e+04	+0.483
26.500	+4.436e+03	+4.405e+03	+9.310e+03	+0.498
26.600	+4.335e+03	+4.437e+03	+8.665e+03	+0.506
26.700	+5.589e+03	+4.878e+03	+1.154e+04	+0.466
26.800	+5.371e+03	+5.431e+03	+1.025e+04	+0.503
26.900	+5.252e+03	+6.051e+03	+1.127e+04	+0.535
27.000	+6.272e+03	+4.710e+03	+1.052e+04	+0.429
27.100	+5.178e+03	+4.501e+03	+8.343e+03	+0.465
27.200	+2.873e+03	+7.201e+03	+9.553e+03	+0.715
27.300	+2.039e+03	+6.730e+03	+9.984e+03	+0.768
27.400	+1.432e+03	+7.781e+03	+9.187e+03	+0.845
27.500	+2.706e+03	+8.182e+03	+1.049e+04	+0.751
27.600	+2.050e+03	+7.864e+03	+1.040e+04	+0.793
27.700	+1.736e+03	+6.963e+03	+1.184e+04	+0.800
27.800	+1.384e+03	+6.673e+03	+1.051e+04	+0.828
27.900	+2.875e+03	+7.633e+03	+9.654e+03	+0.726
28.000	+2.931e+03	+7.683e+03	+9.194e+03	+0.724
28.100	+2.103e+03	+8.183e+03	+9.526e+03	+0.796
28.200	+3.674e+03	+5.630e+03	+1.009e+04	+0.605
28.300	+5.309e+03	+5.868e+03	+9.971e+03	+0.525
28.400	+4.913e+03	+4.899e+03	+9.537e+03	+0.499
28.500	+6.170e+03	+4.107e+03	+9.304e+03	+0.400
28.600	+3.666e+03	+5.026e+03	+9.921e+03	+0.578
28.700	+5.417e+03	+3.963e+03	+9.983e+03	+0.423
28.800	+6.192e+03	+4.255e+03	+9.160e+03	+0.407
28.900	+8.037e+03	+3.123e+03	+9.357e+03	+0.280
29.000	+7.278e+03	+1.600e+03	+1.119e+04	+0.180
29.100	+7.147e+03	+2.157e+03	+9.298e+03	+0.232
29.200	+7.582e+03	+2.681e+03	+9.932e+03	+0.261
29.300	+6.966e+03	+2.861e+03	+9.411e+03	+0.291
29.400	+6.365e+03	+2.675e+03	+9.443e+03	+0.296
29.500	+8.600e+03	+2.073e+03	+1.035e+04	+0.194
29.600	+7.998e+03	+1.725e+03	+8.921e+03	+0.177
29.700	+8.084e+03	+1.755e+03	+9.899e+03	+0.178
29.800	+7.330e+03	+3.400e+03	+9.174e+03	+0.317
29.900	+7.407e+03	+2.705e+03	+1.034e+04	+0.268
30.000	+7.019e+03	+2.510e+03	+9.265e+03	+0.263
30.100	+7.084e+03	+2.371e+03	+1.090e+04	+0.251
30.200	+7.534e+03	+3.322e+03	+9.758e+03	+0.306
30.300	+8.115e+03	+3.685e+03	+9.564e+03	+0.312
30.400	+5.945e+03	+2.878e+03	+9.560e+03	+0.326
30.500	+9.304e+03	+3.157e+03	+8.231e+03	+0.253
30.600	+7.651e+03	+2.274e+03	+9.235e+03	+0.229
30.700	+7.823e+03	+2.107e+03	+9.537e+03	+0.212
30.800	+8.036e+03	+2.511e+03	+1.120e+04	+0.238
30.900	+6.692e+03	+1.301e+03	+9.257e+03	+0.163
31.000	+6.468e+03	+2.529e+03	+1.038e+04	+0.281
31.100	+6.639e+03	+2.782e+03	+1.009e+04	+0.295
31.200	+9.101e+03	+3.174e+03	+1.006e+04	+0.259
31.300	+8.012e+03	+2.709e+03	+1.016e+04	+0.253
31.400	+6.405e+03	+2.078e+03	+1.049e+04	+0.245
31.500	+7.313e+03	+2.605e+03	+1.192e+04	+0.263
31.600	+8.926e+03	+2.406e+03	+9.091e+03	+0.212
31.700	+6.865e+03	+1.865e+03	+1.011e+04	+0.214
31.800	+8.573e+03	+2.054e+03	+9.607e+03	+0.193
31.900	+7.997e+03	+2.577e+03	+9.846e+03	+0.244
32.000	+6.232e+03	+2.709e+03	+1.125e+04	+0.303
32.100	+8.243e+03	+3.019e+03	+1.049e+04	+0.268
32.200	+7.548e+03	+2.091e+03	+1.005e+04	+0.217
32.300	+7.653e+03	+2.425e+03	+8.871e+03	+0.241
32.400	+7.787e+03	+2.742e+03	+1.024e+04	+0.260
32.500	+7.421e+03	+2.561e+03	+9.873e+03	+0.257
32.600	+7.741e+03	+2.016e+03	+9.876e+03	+0.207
32.700	+6.358e+03	+1.845e+03	+9.552e+03	+0.225
32.800	+8.509e+03	+2.114e+03	+1.040e+04	+0.199
32.900	+7.063e+03	+2.907e+03	+1.154e+04	+0.292
33.000	+7.996e+03	+2.589e+03	+1.025e+04	+0.245
33.100	+6.792e+03	+3.396e+03	+9.732e+03	+0.333
33.200	+7.757e+03	+2.150e+03	+9.699e+03	+0.217
33.300	+8.097e+03	+2.449e+03	+1.034e+04	+0.232
33.400	+7.430e+03	+2.874e+03	+1.031e+04	+0.279
33.500	+5.959e+03	+3.960e+03	+1.049e+04	+0.399
33.600	+7.278e+03	+3.326e+03	+1.017e+04	+0.314
33.700	+7.470e+03	+4.201e+03	+9.426e+03	+0.360
33.800	+7.543e+03	+2.342e+03	+9.558e+03	+0.237
33.900	+7.133e+03	+4.560e+02	+9.302e+03	+0.060
34.000	+7.592e+03	+2.622e+03	+9.986e+03	+0.257
34.100	+9.180e+03	+1.995e+03	+9.632e+03	+0.179
34.200	+7.772e+03	+3.972e+03	+1.011e+04	+0.338
34.300	+7.429e+03	+2.326e+03	+9.675e+03	+0.238
34.400	+7.670e+03	+2.222e+03	+9.666e+03	+0.225
34.500	+6.708e+03	+1.677e+03	+9.318e+03	+0.200
34.600	+7.037e+03	+3.029e+03	+9.159e+03	+0.301
34.700	+7.734e+03	+3.199e+03	+8.432e+03	+0.293
34.800	+7.707e+03	+2.714e+03	+1.043e+04	+0.260
34.900	+8.309e+03	+2.582e+03	+1.034e+04	+0.237
35.000	+7.545e+03	+9.070e+02	+1.007e+04	+0.107
35.100	+7.703e+03	+1.872e+03	+1.115e+04	+0.196
35.200	+7.154e+03	+2.014e+03	+8.438e+03	+0.220
35.300	+7.216e+03	+3.288e+03	+9.336e+03	+0.313
35.400	+9.616e+03	+1.867e+03	+9.085e+03	+0.163
35.500	+6.951e+03	+2.388e+03	+9.943e+03	+0.256
35.600	+7.647e+03	+3.223e+03	+1.156e+04	+0.296
35.700	+7.892e+03	+2.760e+03	+1.035e+04	+0.259
35.800	+8.768e+03	+3.505e+03	+1.033e+04	+0.286
35.900	+7.591e+03	+1.417e+03	+9.400e+03	+0.157
36.000	+7.532e+03	+2.810e+03	+9.127e+03	+0.272
36.100	+6.840e+03	+2.388e+03	+1.070e+04	+0.259
36.200	+7.330e+03	+3.344e+03	+1.016e+04	+0.313
36.300	+7.488e+03	+2.350e+03	+9.598e+03	+0.239
36.400	+8.416e+03	+2.414e+03	+1.067e+04	+0.223
36.500	+7.869e+03	+3.307e+03	+9.464e+03	+0.296
36.600	+7.289e+03	+8.738e+02	+9.373e+03	+0.107
36.700	+6.900e+03	+1.722e+03	+1.089e+04	+0.200
36.800	+8.100e+03	+1.640e+03	+9.898e+03	+0.168
36.900	+7.564e+03	+1.610e+03	+1.126e+04	+0.175
37.000	+7.040e+03	+2.903e+03	+1.085e+04	+0.292
37.100	+7.897e+03	+1.842e+03	+9.469e+03	+0.189
37.200	+7.546e+03	+1.725e+03	+9.063e+03	+0.186
37.300	+7.737e+03	+2.984e+03	+8.295e+03	+0.278
37.400	+8.273e+03	+2.671e+03	+9.516e+03	+0.244
37.500	+7.816e+03	+3.572e+03	+1.134e+04	+0.314
37.600	+7.176e+03	+1.187e+03	+1.018e+04	+0.142
37.700	+8.459e+03	+3.082e+03	+9.478e+03	+0.267
37.800	+7.250e+03	+2.702e+03	+9.951e+03	+0.271
37.900	+6.713e+03	+3.101e+03	+1.027e+04	+0.316
38.000	+7.190e+03	+1.818e+03	+9.923e+03	+0.202
38.100	+7.688e+03	+1.370e+03	+9.478e+03	+0.151
38.200	+7.467e+03	+2.318e+03	+1.007e+04	+0.237
38.300	+8.034e+03	+2.398e+03	+9.787e+03	+0.230
38.400	+7.361e+03	+1.871e+03	+1.066e+04	+0.203
38.500	+7.889e+03	+3.783e+03	+1.094e+04	+0.324
38.600	+6.321e+03	+2.982e+03	+1.167e+04	+0.321
38.700	+8.204e+03	+2.233e+03	+1.138e+04	+0.214
38.800	+6.960e+03	+3.147e+03	+1.008e+04	+0.311
38.900	+7.698e+03	+2.370e+03	+1.083e+04	+0.235
39.000	+7.200e+03	+1.150e+03	+9.465e+03	+0.138
39.100	+7.150e+03	+2.435e+03	+1.046e+04	+0.254
39.200	+8.240e+03	+4.326e+03	+1.037e+04	+0.344
39.300	+7.250e+03	+4.137e+03	+1.145e+04	+0.363
39.400	+7.563e+03	+2.088e+03	+9.666e+03	+0.216
39.500	+7.784e+03	+3.332e+03	+1.117e+04	+0.300
39.600	+7.623e+03	+2.085e+03	+8.902e+03	+0.215
39.700	+7.731e+03	+3.009e+03	+8.436e+03	+0.280
39.800	+6.466e+03	+3.126e+03	+1.143e+04	+0.326
39.900	+6.472e+03	+2.530e+03	+1.055e+04	+0.281
40.000	+7.683e+03	+3.735e+03	+9.631e+03	+0.327
40.100	+7.324e+03	+2.771e+03	+1.090e+04	+0.275
40.200	+7.609e+03	+2.978e+03	+9.319e+03	+0.281
40.300	+6.589e+03	+2.065e+03	+9.567e+03	+0.239
40.400	+6.262e+03	+2.363e+03	+1.054e+04	+0.274
40.500	+9.076e+03	+3.138e+03	+1.050e+04	+0.257
40.600	+8.920e+03	+2.044e+03	+1.007e+04	+0.186
40.700	+6.306e+03	+2.027e+03	+9.195e+03	+0.243
40.800	+6.652e+03	+3.093e+03	+9.209e+03	+0.317
40.900	+6.903e+03	+2.545e+03	+8.441e+03	+0.269
41.000	+7.898e+03	+3.060e+03	+9.582e+03	+0.279
41.100	+8.583e+03	+3.176e+03	+9.384e+03	+0.270
41.200	+6.834e+03	+2.333e+03	+9.412e+03	+0.254
41.300	+6.993e+03	+1.755e+03	+9.876e+03	+0.201
41.400	+6.294e+03	+1.424e+03	+9.880e+03	+0.184
41.500	+6.926e+03	+2.136e+03	+9.717e+03	+0.236
41.600	+5.902e+03	+2.527e+03	+1.039e+04	+0.300
41.700	+8.535e+03	+4.048e+03	+1.193e+04	+0.322
41.800	+7.147e+03	+2.279e+03	+9.411e+03	+0.242
41.900	+8.077e+03	+4.095e+03	+1.002e+04	+0.336
42.000	+7.232e+03	+2.768e+03	+1.029e+04	+0.277
42.100	+8.691e+03	+2.403e+03	+9.525e+03	+0.217
42.200	+6.940e+03	+1.932e+03	+1.042e+04	+0.218
42.300	+7.080e+03	+2.170e+03	+8.623e+03	+0.235
42.400	+7.531e+03	+1.994e+03	+9.442e+03	+0.209
42.500	+6.647e+03	+1.439e+03	+1.006e+04	+0.178
42.600	+5.856e+03	+3.176e+03	+9.449e+03	+0.352
42.700	+8.173e+03	+2.413e+03	+9.224e+03	+0.228
42.800	+7.245e+03	+3.310e+03	+1.064e+04	+0.314
42.900	+7.507e+03	+1.572e+03	+1.102e+04	+0.173
43.000	+7.496e+03	+3.354e+03	+1.090e+04	+0.309
43.100	+8.445e+03	+1.704e+03	+1.037e+04	+0.168
43.200	+6.791e+03	+8.344e+02	+1.126e+04	+0.109
43.300	+5.761e+03	+2.820e+03	+1.013e+04	+0.329
43.400	+7.454e+03	+1.932e+03	+8.982e+03	+0.206
43.500	+7.485e+03	+2.681e+03	+9.725e+03	+0.264
43.600	+7.506e+03	+2.832e+03	+1.017e+04	+0.274
43.700	+8.059e+03	+3.138e+03	+1.035e+04	+0.280
43.800	+7.511e+03	+1.949e+03	+9.698e+03	+0.206
43.900	+7.565e+03	+2.571e+03	+8.848e+03	+0.254
44.000	+7.408e+03	+1.704e+03	+1.025e+04	+0.187
44.100	+6.917e+03	+2.226e+03	+1.022e+04	+0.243
44.200	+6.932e+03	+3.911e+03	+1.004e+04	+0.361
44.300	+7.899e+03	+1.468e+03	+9.967e+03	+0.157
44.400	+8.125e+03	+4.142e+03	+1.074e+04	+0.338
44.500	+8.175e+03	+3.389e+03	+1.051e+04	+0.293
44.600	+7.443e+03	+2.330e+03	+9.484e+03	+0.238
44.700	+6.977e+03	+2.992e+03	+1.078e+04	+0.300
44.800	+7.092e+03	+1.222e+03	+9.266e+03	+0.147
44.900	+7.426e+03	+4.305e+03	+8.845e+03	+0.367
45.000	+7.588e+03	+2.630e+03	+9.811e+03	+0.257
45.100	+7.197e+03	+2.267e+03	+1.212e+04	+0.240
45.200	+7.585e+03	+2.681e+03	+1.007e+04	+0.261
45.300	+7.265e+03	+1.774e+03	+1.073e+04	+0.196
45.400	+8.028e+03	+1.224e+03	+8.769e+03	+0.132
45.500	+6.684e+03	+2.127e+03	+1.120e+04	+0.241
45.600	+8.136e+03	+2.941e+03	+8.572e+03	+0.265
45.700	+7.285e+03	+2.888e+03	+8.780e+03	+0.284
45.800	+7.155e+03	+1.020e+03	+1.023e+04	+0.125
45.900	+7.152e+03	+1.466e+03	+8.280e+03	+0.170
46.000	+6.879e+03	+1.658e+03	+1.035e+04	+0.194
46.100	+7.210e+03	+3.463e+03	+1.006e+04	+0.324
46.200	+7.754e+03	+3.217e+03	+1.057e+04	+0.293
46.300	+5.316e+03	+3.490e+03	+1.197e+04	+0.396
46.400	+7.997e+03	+1.979e+03	+9.340e+03	+0.198
46.500	+6.284e+03	+1.533e+03	+1.071e+04	+0.196
46.600	+8.079e+03	+2.775e+03	+1.113e+04	+0.256
46.700	+7.716e+03	+2.830e+03	+1.004e+04	+0.268
46.800	+6.144e+03	+2.118e+03	+9.978e+03	+0.256
46.900	+8.017e+03	+2.682e+03	+1.056e+04	+0.251
47.000	+6.687e+03	+7.501e+02	+1.042e+04	+0.101
47.100	+8.023e+03	+3.783e+03	+1.040e+04	+0.320
47.200	+8.734e+03	+2.454e+03	+1.005e+04	+0.219
47.300	+7.816e+03	+3.132e+03	+1.024e+04	+0.286
47.400	+7.380e+03	+2.107e+03	+1.083e+04	+0.222
47.500	+6.461e+03	+2.963e+03	+9.734e+03	+0.314
47.600	+8.064e+03	+3.340e+03	+1.041e+04	+0.293
47.700	+7.652e+03	+1.208e+03	+1.074e+04	+0.136
47.800	+7.414e+03	+2.895e+03	+1.118e+04	+0.281
47.900	+9.463e+03	+3.017e+03	+1.090e+04	+0.242
48.000	+9.132e+03	+1.812e+03	+9.729e+03	+0.166
48.100	+6.858e+03	+2.636e+03	+1.086e+04	+0.278
48.200	+7.517e+03	+3.264e+03	+1.110e+04	+0.303
48.300	+8.918e+03	+3.408e+03	+8.945e+03	+0.276
48.400	+7.162e+03	+2.015e+03	+9.020e+03	+0.220
48.500	+7.808e+03	+1.889e+03	+8.990e+03	+0.195
48.600	+7.596e+03	+2.693e+03	+9.097e+03	+0.262
48.700	+7.060e+03	+2.637e+03	+1.074e+04	+0.272
48.800	+8.457e+03	+2.398e+03	+1.095e+04	+0.221
48.900	+6.508e+03	+2.044e+03	+1.055e+04	+0.239
49.000	+6.752e+03	+1.298e+03	+1.033e+04	+0.161
49.100	+7.383e+03	+2.657e+03	+1.061e+04	+0.265
49.200	+7.673e+03	+2.828e+03	+1.115e+04	+0.269
49.300	+7.499e+03	+3.157e+03	+9.821e+03	+0.296
49.400	+6.883e+03	+2.744e+03	+1.038e+04	+0.285
49.500	+7.750e+03	+2.148e+03	+9.915e+03	+0.217
49.600	+7.785e+03	+2.624e+03	+1.076e+04	+0.252
49.700	+7.007e+03	+2.568e+03	+8.977e+03	+0.268
49.800	+7.527e+03	+2.123e+03	+1.068e+04	+0.220
49.900	+6.770e+03	+1.807e+03	+1.030e+04	+0.211
50.000	+7.713e+03	+1.359e+03	+9.231e+03	+0.150
50.100	+8.206e+03	+2.747e+03	+1.028e+04	+0.251
50.200	+7.282e+03	+2.505e+03	+1.045e+04	+0.256
50.300	+7.818e+03	+2.355e+03	+1.077e+04	+0.231
50.400	+6.954e+03	+2.316e+03	+9.667e+03	+0.250
50.500	+7.388e+03	+2.271e+03	+1.033e+04	+0.235
50.600	+7.457e+03	+3.120e+03	+1.002e+04	+0.295
50.700	+8.025e+03	+2.890e+03	+8.732e+03	+0.265
50.800	+7.876e+03	+1.802e+03	+1.087e+04	+0.186
50.900	+7.117e+03	+2.638e+03	+1.154e+04	+0.270
51.000	+7.365e+03	+2.773e+03	+1.030e+04	+0.274
51.100	+7.692e+03	+1.713e+03	+9.961e+03	+0.182
51.200	+8.281e+03	+4.069e+02	+9.518e+03	+0.047
51.300	+7.459e+03	+1.740e+03	+9.590e+03	+0.189
51.400	+7.820e+03	+3.486e+03	+8.585e+03	+0.308
51.500	+7.350e+03	+2.121e+03	+9.458e+03	+0.224
51.600	+6.420e+03	+1.817e+03	+1.016e+04	+0.221
51.700	+6.870e+03	+2.749e+03	+9.744e+03	+0.286
51.800	+7.186e+03	+2.191e+03	+9.826e+03	+0.234
51.900	+7.629e+03	+1.658e+03	+9.703e+03	+0.179
52.000	+7.488e+03	+1.627e+03	+1.016e+04	+0.178
52.100	+8.459e+03	+1.855e+03	+9.399e+03	+0.180
52.200	+7.742e+03	+1.865e+03	+9.637e+03	+0.194
52.300	+6.945e+03	+3.723e+03	+8.581e+03	+0.349
52.400	+7.634e+03	+1.997e+03	+1.010e+04	+0.207
52.500	+6.979e+03	+3.374e+03	+1.082e+04	+0.326
52.600	+7.338e+03	+3.548e+03	+1.055e+04	+0.326
52.700	+7.117e+03	+3.420e+03	+1.043e+04	+0.325
52.800	+6.896e+03	+3.399e+03	+1.072e+04	+0.330
52.900	+7.987e+03	+1.407e+03	+9.209e+03	+0.150
53.000	+7.353e+03	+2.768e+03	+1.059e+04	+0.273
53.100	+9.070e+03	+1.857e+03	+1.022e+04	+0.170
53.200	+7.473e+03	+1.998e+03	+9.044e+03	+0.211
53.300	+7.171e+03	+2.275e+03	+9.667e+03	+0.241
53.400	+8.513e+03	+2.611e+03	+1.042e+04	+0.235
53.500	+7.674e+03	+2.286e+03	+1.056e+04	+0.229
53.600	+7.856e+03	+3.024e+03	+9.612e+03	+0.278
53.700	+6.240e+03	+2.803e+03	+9.962e+03	+0.310
53.800	+7.781e+03	+3.270e+03	+9.223e+03	+0.296
53.900	+7.302e+03	+1.843e+03	+9.849e+03	+0.201
54.000	+8.179e+03	+2.108e+03	+9.923e+03	+0.205
54.100	+7.510e+03	+2.157e+03	+9.940e+03	+0.223
54.200	+6.448e+03	+2.848e+03	+9.047e+03	+0.306
54.300	+6.609e+03	+2.840e+03	+1.002e+04	+0.301
54.400	+8.415e+03	+4.032e+03	+1.098e+04	+0.324
54.500	+8.963e+03	+2.650e+03	+1.080e+04	+0.228
54.600	+7.689e+03	+2.996e+03	+9.080e+03	+0.280
54.700	+7.021e+03	+2.118e+03	+8.831e+03	+0.232
54.800	+6.599e+03	+2.853e+03	+9.564e+03	+0.302
54.900	+6.954e+03	+4.810e+03	+9.743e+03	+0.409
55.000	+6.807e+03	+3.146e+03	+8.817e+03	+0.316
55.100	+8.041e+03	+3.490e+03	+8.946e+03	+0.303
55.200	+7.706e+03	+2.193e+03	+1.012e+04	+0.222
55.300	+7.030e+03	+2.435e+03	+1.154e+04	+0.257
55.400	+7.183e+03	+1.761e+03	+1.000e+04	+0.197
55.500	+8.848e+03	+2.028e+03	+1.027e+04	+0.186
55.600	+7.544e+03	+3.182e+03	+1.032e+04	+0.297
55.700	+8.054e+03	+2.845e+03	+1.013e+04	+0.261
55.800	+7.555e+03	+2.531e+03	+9.089e+03	+0.251
55.900	+6.194e+03	+3.349e+03	+1.040e+04	+0.351
56.000	+7.065e+03	+2.159e+03	+8.980e+03	+0.234
56.100	+7.668e+03	+2.660e+03	+1.002e+04	+0.258
56.200	+7.826e+03	+3.784e+03	+9.720e+03	+0.326
56.300	+8.227e+03	+2.960e+03	+9.538e+03	+0.265
56.400	+7.443e+03	+2.896e+03	+1.101e+04	+0.280
56.500	+7.175e+03	+2.368e+03	+9.941e+03	+0.248
56.600	+7.418e+03	+3.206e+03	+9.517e+03	+0.302
56.700	+8.896e+03	+1.964e+03	+9.493e+03	+0.181
56.800	+6.763e+03	+2.446e+03	+9.194e+03	+0.266
56.900	+8.098e+03	+8.485e+02	+8.935e+03	+0.095
57.000	+7.189e+03	+2.316e+03	+1.028e+04	+0.244
57.100	+7.871e+03	+2.914e+03	+1.080e+04	+0.270
57.200	+7.880e+03	+2.487e+03	+1.070e+04	+0.240
57.300	+7.286e+03	+1.859e+03	+9.922e+03	+0.203
57.400	+7.401e+03	+1.890e+03	+9.705e+03	+0.203
57.500	+8.728e+03	+3.736e+03	+9.968e+03	+0.300
57.600	+7.829e+03	+3.098e+03	+1.041e+04	+0.283
57.700	+7.232e+03	+4.761e+02	+9.455e+03	+0.062
57.800	+7.118e+03	+2.245e+03	+9.996e+03	+0.240
57.900	+7.459e+03	+8.159e+02	+1.054e+04	+0.099
58.000	+7.058e+03	+3.390e+03	+9.726e+03	+0.324
58.100	+6.036e+03	+2.977e+03	+9.265e+03	+0.330
58.200	+7.304e+03	+2.224e+03	+9.425e+03	+0.233
58.300	+7.570e+03	+2.314e+03	+1.029e+04	+0.234
58.400	+6.996e+03	+3.080e+03	+1.055e+04	+0.306
58.500	+6.766e+03	+2.207e+03	+9.978e+03	+0.246
58.600	+7.365e+03	+2.744e+03	+9.954e+03	+0.271
58.700	+6.652e+03	+3.859e+03	+9.660e+03	+0.367
58.800	+5.359e+03	+4.795e+03	+9.885e+03	+0.472
58.900	+5.545e+03	+4.639e+03	+1.003e+04	+0.456
59.000	+5.227e+03	+5.341e+03	+9.244e+03	+0.505
59.100	+4.759e+03	+5.778e+03	+9.928e+03	+0.548
59.200	+5.842e+03	+5.800e+03	+1.106e+04	+0.498
59.300	+6.348e+03	+4.776e+03	+1.144e+04	+0.429
59.400	+5.549e+03	+5.082e+03	+9.394e+03	+0.478
59.500	+4.670e+03	+5.600e+03	+1.010e+04	+0.545
59.600	+4.768e+03	+4.868e+03	+1.006e+04	+0.505
59.700	+4.528e+03	+5.890e+03	+9.363e+03	+0.565
59.800	+4.634e+03	+4.776e+03	+1.052e+04	+0.508
59.900	+6.708e+03	+5.166e+03	+9.215e+03	+0.435
60.000	+5.454e+03	+5.727e+03	+9.736e+03	+0.512
60.100	+5.114e+03	+5.965e+03	+9.926e+03	+0.538
60.200	+4.423e+03	+5.641e+03	+9.867e+03	+0.560
60.300	+2.451e+03	+8.685e+03	+9.681e+03	+0.780
60.400	+1.191e+03	+7.348e+03	+1.011e+04	+0.861
60.500	+2.375e+03	+8.534e+03	+1.107e+04	+0.782
60.600	+1.688e+03	+7.303e+03	+8.206e+03	+0.812
60.700	+2.719e+03	+9.228e+03	+1.021e+04	+0.772
60.800	+2.737e+03	+8.743e+03	+1.006e+04	+0.762
60.900	+2.207e+03	+8.141e+03	+9.537e+03	+0.787
61.000	+1.401e+03	+7.362e+03	+1.034e+04	+0.840
61.100	+1.327e+03	+7.488e+03	+1.099e+04	+0.849
61.200	+1.067e+03	+8.143e+03	+1.048e+04	+0.884
61.300	+2.163e+03	+6.756e+03	+9.900e+03	+0.758
61.400	+2.745e+03	+8.080e+03	+9.915e+03	+0.746
61.500	+1.724e+03	+8.512e+03	+1.087e+04	+0.832
61.600	+1.679e+03	+8.467e+03	+1.013e+04	+0.834
61.700	+2.660e+03	+7.966e+03	+9.858e+03	+0.750
61.800	+2.240e+03	+8.391e+03	+9.608e+03	+0.789
61.900	+1.148e+03	+8.093e+03	+1.030e+04	+0.876
62.000	+1.239e+03	+7.962e+03	+1.039e+04	+0.865
62.100	+3.264e+03	+6.414e+03	+1.040e+04	+0.663
62.200	+4.419e+03	+5.727e+03	+1.056e+04	+0.564
62.300	+4.945e+03	+5.347e+03	+9.670e+03	+0.519
62.400	+4.420e+03	+3.758e+03	+9.187e+03	+0.460
62.500	+4.521e+03	+4.501e+03	+1.003e+04	+0.499
62.600	+5.530e+03	+5.125e+03	+9.694e+03	+0.481
62.700	+6.067e+03	+4.080e+03	+1.071e+04	+0.402
62.800	+5.544e+03	+4.146e+03	+1.010e+04	+0.428
62.900	+4.971e+03	+4.449e+03	+1.017e+04	+0.472
63.000	+4.332e+03	+4.450e+03	+1.047e+04	+0.507
63.100	+4.423e+03	+4.615e+03	+1.024e+04	+0.511
63.200	+5.197e+03	+5.670e+03	+9.365e+03	+0.522
63.300	+6.049e+03	+5.094e+03	+1.018e+04	+0.457
63.400	+5.679e+03	+5.410e+03	+9.914e+03	+0.488
63.500	+5.356e+03	+3.505e+03	+1.118e+04	+0.396
63.600	+4.348e+03	+5.521e+03	+9.631e+03	+0.559
63.700	+2.954e+03	+6.323e+03	+9.488e+03	+0.682
63.800	+3.288e+03	+6.245e+03	+9.693e+03	+0.655
63.900	+5.368e+03	+4.842e+03	+9.758e+03	+0.474
64.000	+5.246e+03	+4.748e+03	+1.040e+04	+0.475
64.100	+4.019e+03	+5.707e+03	+9.975e+03	+0.587
64.200	+1.045e+03	+8.852e+03	+9.933e+03	+0.894
64.300	+2.702e+03	+8.576e+03	+1.028e+04	+0.760
64.400	+2.347e+03	+8.400e+03	+9.828e+03	+0.782
64.500	+9.355e+02	+7.426e+03	+1.041e+04	+0.888
64.600	+1.576e+03	+8.434e+03	+9.199e+03	+0.843
64.700	+2.467e+03	+8.384e+03	+1.033e+04	+0.773
64.800	+3.344e+03	+8.762e+03	+1.010e+04	+0.724
64.900	+2.137e+03	+8.977e+03	+9.677e+03	+0.808
65.000	+2.409e+03	+7.919e+03	+9.378e+03	+0.767
65.100	+2.925e+03	+7.806e+03	+1.051e+04	+0.727
65.200	+2.014e+03	+7.627e+03	+9.290e+03	+0.791
65.300	+1.682e+03	+8.219e+03	+9.868e+03	+0.830
65.400	+2.028e+03	+8.368e+03	+9.300e+03	+0.805
65.500	+2.909e+03	+7.798e+03	+1.010e+04	+0.728
65.600	+2.448e+03	+9.624e+03	+9.776e+03	+0.797
65.700	+1.562e+03	+8.112e+03	+1.049e+04	+0.839
65.800	+1.312e+03	+7.776e+03	+9.724e+03	+0.856
65.900	+1.158e+03	+8.964e+03	+9.606e+03	+0.886
66.000	+2.112e+03	+9.675e+03	+1.077e+04	+0.821
66.100	+1.383e+03	+7.682e+03	+9.249e+03	+0.847
66.200	+2.336e+03	+7.718e+03	+8.816e+03	+0.768
66.300	+2.315e+03	+8.157e+03	+1.035e+04	+0.779
66.400	+1.495e+03	+7.533e+03	+9.571e+03	+0.834
66.500	+1.744e+03	+8.239e+03	+1.038e+04	+0.825
66.600	+1.711e+03	+8.812e+03	+9.056e+03	+0.837
66.700	+2.479e+03	+8.729e+03	+9.994e+03	+0.779
66.800	+1.642e+03	+8.347e+03	+1.120e+04	+0.836
66.900	+2.695e+03	+8.025e+03	+1.035e+04	+0.749
67.000	+1.542e+03	+8.340e+03	+1.033e+04	+0.844
67.100	+1.168e+03	+8.697e+03	+9.989e+03	+0.882
67.200	+1.447e+03	+7.022e+03	+1.067e+04	+0.829
67.300	+2.296e+03	+8.420e+03	+1.043e+04	+0.786
67.400	+9.822e+02	+8.038e+03	+9.969e+03	+0.891
67.500	+1.475e+03	+7.588e+03	+9.725e+03	+0.837
67.600	+4.309e+03	+4.731e+03	+1.031e+04	+0.523
67.700	+4.592e+03	+5.900e+03	+1.063e+04	+0.562
67.800	+4.986e+03	+5.259e+03	+1.122e+04	+0.513
67.900	+4.124e+03	+4.917e+03	+9.454e+03	+0.544
68.000	+5.596e+03	+5.775e+03	+1.005e+04	+0.508
68.100	+3.770e+03	+5.288e+03	+1.090e+04	+0.584
68.200	+5.031e+03	+5.291e+03	+1.038e+04	+0.513
68.300	+5.586e+03	+6.109e+03	+1.047e+04	+0.522
68.400	+5.948e+03	+5.173e+03	+9.635e+03	+0.465
68.500	+4.739e+03	+4.744e+03	+1.059e+04	+0.500
68.600	+5.445e+03	+4.320e+03	+1.109e+04	+0.442
68.700	+3.526e+03	+3.515e+03	+9.543e+03	+0.499
68.800	+4.782e+03	+5.782e+03	+1.113e+04	+0.547
68.900	+5.789e+03	+5.114e+03	+9.665e+03	+0.469
69.000	+6.080e+03	+5.391e+03	+9.673e+03	+0.470
69.100	+6.314e+03	+4.053e+03	+9.991e+03	+0.391
69.200	+7.844e+03	+2.071e+03	+1.040e+04	+0.209
69.300	+7.043e+03	+2.470e+03	+8.891e+03	+0.260
69.400	+6.964e+03	+2.820e+03	+1.033e+04	+0.288
69.500	+7.982e+03	+2.301e+03	+1.054e+04	+0.224
69.600	+7.602e+03	+2.749e+03	+8.912e+03	+0.266
69.700	+8.871e+03	+6.714e+02	+1.098e+04	+0.070
69.800	+7.164e+03	+2.588e+03	+1.058e+04	+0.265
69.900	+7.110e+03	+2.904e+03	+9.233e+03	+0.290
70.000	+7.652e+03	+2.497e+03	+1.063e+04	+0.246
70.100	+7.306e+03	+2.888e+03	+8.829e+03	+0.283
70.200	+6.610e+03	+3.389e+03	+9.758e+03	+0.339
70.300	+6.961e+03	+1.945e+03	+9.499e+03	+0.218
70.400	+7.489e+03	+2.853e+03	+9.198e+03	+0.276
70.500	+7.430e+03	+2.705e+03	+1.051e+04	+0.267
70.600	+7.457e+03	+2.046e+03	+9.918e+03	+0.215
70.700	+7.539e+03	+2.732e+03	+1.074e+04	+0.266
70.800	+7.310e+03	+3.529e+03	+1.023e+04	+0.326
70.900	+7.606e+03	+3.031e+03	+9.929e+03	+0.285
71.000	+6.371e+03	+2.031e+03	+9.562e+03	+0.242
71.100	+6.745e+03	+2.321e+03	+9.907e+03	+0.256
71.200	+7.388e+03	+2.957e+03	+1.126e+04	+0.286
71.300	+7.312e+03	+1.899e+03	+8.587e+03	+0.206
71.400	+7.947e+03	+3.442e+03	+1.011e+04	+0.302
71.500	+6.973e+03	+1.492e+03	+1.067e+04	+0.176
71.600	+7.668e+03	+2.303e+03	+9.719e+03	+0.231
71.700	+8.191e+03	+3.157e+03	+8.556e+03	+0.278
71.800	+7.338e+03	+4.368e+03	+9.041e+03	+0.373
71.900	+7.075e+03	+3.947e+03	+9.699e+03	+0.358
72.000	+8.770e+03	+3.563e+03	+1.026e+04	+0.289
72.100	+9.237e+03	+2.173e+03	+1.020e+04	+0.190
72.200	+7.792e+03	+3.442e+03	+1.069e+04	+0.306
72.300	+8.271e+03	+3.182e+03	+1.073e+04	+0.278
72.400	+7.593e+03	+1.887e+03	+1.078e+04	+0.199
72.500	+7.055e+03	+2.037e+03	+1.003e+04	+0.224
72.600	+7.559e+03	+2.178e+03	+9.310e+03	+0.224
72.700	+7.700e+03	+1.679e+03	+9.426e+03	+0.179
72.800	+6.071e+03	+2.362e+03	+1.049e+04	+0.280
72.900	+8.167e+03	+1.350e+03	+1.013e+04	+0.142
73.000	+8.296e+03	+2.707e+03	+9.590e+03	+0.246
73.100	+7.657e+03	+2.082e+03	+9.583e+03	+0.214
73.200	+8.220e+03	+2.053e+03	+9.239e+03	+0.200
73.300	+8.977e+03	+2.970e+03	+9.746e+03	+0.249
73.400	+8.306e+03	+1.683e+03	+1.008e+04	+0.169
73.500	+7.439e+03	+2.103e+03	+1.091e+04	+0.220
73.600	+7.208e+03	+2.172e+03	+1.019e+04	+0.232
73.700	+6.843e+03	+1.237e+03	+8.837e+03	+0.153
73.800	+6.727e+03	+2.649e+03	+9.264e+03	+0.283
73.900	+7.537e+03	+2.878e+03	+1.062e+04	+0.276
74.000	+8.995e+03	+2.191e+03	+9.296e+03	+0.196
74.100	+8.132e+03	+2.163e+03	+1.180e+04	+0.210
74.200	+7.943e+03	+1.866e+03	+9.958e+03	+0.190
74.300	+6.109e+03	+2.445e+03	+9.785e+03	+0.286
74.400	+8.192e+03	+2.564e+03	+1.039e+04	+0.238
74.500	+6.554e+03	+2.669e+03	+1.003e+04	+0.289
74.600	+7.154e+03	+2.442e+03	+1.037e+04	+0.254
74.700	+7.674e+03	+4.376e+03	+1.027e+04	+0.363
74.800	+5.657e+03	+2.695e+03	+1.087e+04	+0.323
74.900	+8.043e+03	+2.668e+03	+1.024e+04	+0.249
75.000	+8.549e+03	+3.106e+03	+9.885e+03	+0.267
75.100	+7.316e+03	+1.349e+03	+9.645e+03	+0.156
75.200	+6.326e+03	+3.131e+03	+9.509e+03	+0.331
75.300	+8.819e+03	+2.979e+03	+9.945e+03	+0.253
75.400	+8.690e+03	+2.193e+03	+1.035e+04	+0.202
75.500	+8.100e+03	+1.962e+03	+1.091e+04	+0.195
75.600	+8.049e+03	+1.452e+03	+1.177e+04	+0.153
75.700	+8.459e+03	+2.545e+03	+9.150e+03	+0.231
75.800	+7.456e+03	+2.731e+03	+9.282e+03	+0.268
75.900	+8.161e+03	+4.048e+03	+1.091e+04	+0.332
76.000	+6.920e+03	+2.776e+03	+1.061e+04	+0.286
76.100	+8.721e+03	+2.569e+03	+9.398e+03	+0.228
76.200	+7.204e+03	+2.250e+03	+1.013e+04	+0.238
76.300	+7.818e+03	+4.126e+03	+1.071e+04	+0.345
76.400	+7.549e+03	+4.224e+03	+1.117e+04	+0.359
76.500	+5.460e+03	+2.505e+03	+9.338e+03	+0.315
76.600	+6.857e+03	+3.041e+03	+1.041e+04	+0.307
76.700	+6.938e+03	+3.034e+03	+9.366e+03	+0.304
76.800	+6.590e+03	+1.638e+03	+1.004e+04	+0.199
76.900	+6.580e+03	+1.506e+03	+9.410e+03	+0.186
77.000	+8.093e+03	+2.908e+03	+9.757e+03	+0.264
77.100	+7.916e+03	+2.820e+03	+9.843e+03	+0.263
77.200	+7.721e+03	+1.847e+03	+1.040e+04	+0.193
77.300	+7.058e+03	+3.273e+03	+1.005e+04	+0.317
77.400	+7.785e+03	+3.143e+03	+9.997e+03	+0.288
77.500	+7.301e+03	+1.819e+03	+9.879e+03	+0.199
77.600	+7.223e+03	+1.205e+03	+9.400e+03	+0.143
77.700	+8.871e+03	+8.595e+02	+9.751e+03	+0.088
77.800	+7.906e+03	+2.075e+03	+1.071e+04	+0.208
77.900	+8.121e+03	+3.579e+03	+1.022e+04	+0.306
78.000	+7.098e+03	+2.007e+03	+1.149e+04	+0.220
78.100	+7.497e+03	+3.278e+03	+8.497e+03	+0.304
78.200	+7.606e+03	+3.220e+03	+1.096e+04	+0.297
78.300	+7.434e+03	+3.164e+03	+9.932e+03	+0.299
78.400	+7.397e+03	+2.742e+03	+9.654e+03	+0.270
78.500	+7.230e+03	+2.578e+03	+1.043e+04	+0.263
78.600	+7.256e+03	+2.377e+03	+9.677e+03	+0.247
78.700	+8.106e+03	+3.027e+03	+8.908e+03	+0.272
78.800	+8.273e+03	+1.910e+03	+1.022e+04	+0.188
78.900	+8.246e+03	+3.079e+03	+1.029e+04	+0.272
79.000	+7.891e+03	+2.559e+03	+1.050e+04	+0.245
79.100	+8.309e+03	+1.522e+03	+1.069e+04	+0.155
79.200	+9.214e+03	+2.664e+03	+1.116e+04	+0.224
79.300	+6.967e+03	+3.341e+03	+9.623e+03	+0.324
79.400	+6.398e+03	+2.707e+03	+8.555e+03	+0.297
79.500	+8.277e+03	+2.466e+03	+9.463e+03	+0.230
79.600	+6.968e+03	+2.374e+03	+1.019e+04	+0.254
79.700	+9.237e+03	+3.513e+03	+1.008e+04	+0.276
79.800	+6.072e+03	+2.812e+03	+1.036e+04	+0.316
79.900	+6.891e+03	+1.620e+03	+1.022e+04	+0.190
80.000	+6.568e+03	+2.453e+03	+1.016e+04	+0.272
80.100	+9.013e+03	+2.342e+03	+1.004e+04	+0.206
80.200	+8.078e+03	+2.403e+03	+9.231e+03	+0.229
80.300	+8.091e+03	+2.676e+03	+1.025e+04	+0.249
80.400	+7.631e+03	+1.545e+03	+1.079e+04	+0.168
80.500	+7.417e+03	+3.241e+03	+1.068e+04	+0.304
80.600	+6.086e+03	+1.794e+03	+1.119e+04	+0.228
80.700	+8.183e+03	+3.421e+03	+1.070e+04	+0.295
80.800	+8.032e+03	+1.247e+03	+9.310e+03	+0.134
80.900	+7.028e+03	+3.514e+03	+9.697e+03	+0.333
81.000	+5.528e+03	+1.988e+03	+9.349e+03	+0.264
81.100	+7.268e+03	+2.055e+03	+9.626e+03	+0.220
81.200	+7.109e+03	+2.032e+03	+1.082e+04	+0.222
81.300	+7.399e+03	+1.829e+03	+9.220e+03	+0.198
81.400	+8.390e+03	+2.793e+03	+1.002e+04	+0.250
81.500	+7.062e+03	+2.942e+03	+9.964e+03	+0.294
81.600	+6.010e+03	+2.290e+03	+1.029e+04	+0.276
81.700	+7.390e+03	+2.646e+03	+9.952e+03	+0.264
81.800	+6.418e+03	+2.385e+03	+1.051e+04	+0.271
81.900	+7.321e+03	+2.150e+03	+9.809e+03	+0.227
82.000	+6.539e+03	+2.649e+03	+1.075e+04	+0.288
82.100	+6.455e+03	+1.674e+03	+9.925e+03	+0.206
82.200	+8.037e+03	+2.811e+03	+1.123e+04	+0.259
82.300	+7.920e+03	+2.146e+03	+9.989e+03	+0.213
82.400	+7.494e+03	+2.426e+03	+9.457e+03	+0.245
82.500	+6.603e+03	+2.309e+03	+1.065e+04	+0.259
82.600	+7.293e+03	+3.276e+03	+9.276e+03	+0.310
82.700	+7.298e+03	+2.334e+03	+1.091e+04	+0.242
82.800	+8.554e+03	+3.076e+03	+9.472e+03	+0.264
82.900	+8.515e+03	+1.231e+03	+9.897e+03	+0.126
83.000	+7.481e+03	+1.876e+03	+9.679e+03	+0.200
83.100	+7.966e+03	+2.141e+03	+9.731e+03	+0.212
83.200	+7.585e+03	+2.673e+03	+9.427e+03	+0.261
83.300	+7.441e+03	+1.657e+03	+1.033e+04	+0.182
83.400	+7.468e+03	+2.302e+03	+7.933e+03	+0.236
83.500	+7.624e+03	+2.576e+03	+1.121e+04	+0.253
83.600	+6.606e+03	+2.850e+03	+1.038e+04	+0.301
83.700	+7.232e+03	+2.044e+03	+9.363e+03	+0.220
83.800	+6.451e+03	+2.537e+03	+1.023e+04	+0.282
83.900	+8.372e+03	+2.562e+03	+1.053e+04	+0.234
84.000	+7.696e+03	+2.481e+03	+1.030e+04	+0.244
84.100	+7.622e+03	+1.241e+03	+1.032e+04	+0.140
84.200	+7.639e+03	+2.114e+03	+9.982e+03	+0.217
84.300	+7.068e+03	+2.147e+03	+1.006e+04	+0.233
84.400	+8.035e+03	+3.507e+03	+9.239e+03	+0.304
84.500	+7.629e+03	+2.474e+03	+9.898e+03	+0.245
84.600	+7.842e+03	+3.147e+03	+9.976e+03	+0.286
84.700	+6.674e+03	+2.414e+03	+1.106e+04	+0.266
84.800	+5.758e+03	+3.413e+03	+1.117e+04	+0.372
84.900	+7.987e+03	+3.951e+03	+1.034e+04	+0.331
85.000	+7.954e+03	+2.188e+03	+1.154e+04	+0.216
85.100	+8.242e+03	+3.184e+03	+9.909e+03	+0.279
85.200	+6.796e+03	+2.524e+03	+9.465e+03	+0.271
85.300	+8.408e+03	+3.172e+03	+1.044e+04	+0.274
85.400	+8.666e+03	+2.000e+03	+9.825e+03	+0.188
85.500	+8.010e+03	+2.322e+03	+8.416e+03	+0.225
85.600	+7.826e+03	+2.722e+03	+1.024e+04	+0.258
85.700	+6.589e+03	+2.821e+03	+9.051e+03	+0.300
85.800	+9.000e+03	+2.769e+03	+1.032e+04	+0.235
85.900	+7.289e+03	+2.192e+03	+1.137e+04	+0.231
86.000	+7.837e+03	+2.435e+03	+8.888e+03	+0.237
86.100	+7.127e+03	+2.215e+03	+1.038e+04	+0.237
86.200	+8.374e+03	+1.989e+03	+9.276e+03	+0.192
86.300	+7.123e+03	+3.227e+03	+1.076e+04	+0.312
86.400	+7.668e+03	+1.336e+03	+1.051e+04	+0.148
86.500	+8.501e+03	+1.911e+03	+9.036e+03	+0.184
86.600	+7.990e+03	+1.408e+03	+9.444e+03	+0.150
86.700	+8.048e+03	+1.816e+03	+8.984e+03	+0.184
86.800	+7.146e+03	+1.054e+03	+8.694e+03	+0.129
86.900	+6.176e+03	+1.835e+03	+9.730e+03	+0.229
87.000	+7.354e+03	+2.507e+03	+9.256e+03	+0.254
87.100	+8.514e+03	+3.065e+03	+1.021e+04	+0.265
87.200	+8.295e+03	+3.118e+03	+1.173e+04	+0.273
87.300	+7.054e+03	+2.152e+03	+8.714e+03	+0.234
87.400	+5.900e+03	+2.509e+03	+9.521e+03	+0.298
87.500	+7.258e+03	+1.782e+03	+1.114e+04	+0.197
87.600	+7.494e+03	+1.565e+03	+9.731e+03	+0.173
87.700	+8.227e+03	+2.641e+03	+1.052e+04	+0.243
87.800	+6.526e+03	+2.667e+03	+9.517e+03	+0.290
87.900	+7.306e+03	+2.983e+03	+1.026e+04	+0.290
88.000	+7.226e+03	+1.928e+03	+9.207e+03	+0.211
88.100	+8.430e+03	+2.446e+03	+1.037e+04	+0.225
88.200	+7.843e+03	+2.069e+03	+9.767e+03	+0.209
88.300	+9.516e+03	+2.443e+03	+9.513e+03	+0.204
88.400	+7.841e+03	+2.249e+03	+1.154e+04	+0.223
88.500	+7.448e+03	+4.478e+03	+9.491e+03	+0.375
88.600	+7.528e+03	+2.743e+03	+9.485e+03	+0.267
88.700	+6.229e+03	+3.268e+03	+1.071e+04	+0.344
88.800	+7.870e+03	+3.178e+03	+1.130e+04	+0.288
88.900	+8.577e+03	+1.690e+03	+9.819e+03	+0.165
89.000	+8.001e+03	+3.158e+03	+9.822e+03	+0.283
89.100	+7.761e+03	+2.119e+03	+9.644e+03	+0.215
89.200	+7.085e+03	+1.473e+03	+9.094e+03	+0.172
89.300	+6.851e+03	+1.520e+03	+9.353e+03	+0.182
89.400	+8.778e+03	+2.134e+03	+1.053e+04	+0.196
89.500	+7.684e+03	+3.270e+03	+9.584e+03	+0.299
89.600	+8.937e+03	+2.113e+03	+9.724e+03	+0.191
89.700	+7.930e+03	+3.927e+03	+8.867e+03	+0.331
89.800	+6.656e+03	+2.930e+03	+1.026e+04	+0.306
89.900	+7.658e+03	+1.669e+03	+1.053e+04	+0.179
90.000	+7.096e+03	+2.390e+03	+9.276e+03	+0.252
90.100	+7.441e+03	+1.913e+03	+1.062e+04	+0.205
90.200	+7.784e+03	+3.057e+03	+8.972e+03	+0.282
90.300	+7.950e+03	+2.420e+03	+9.371e+03	+0.233
90.400	+7.832e+03	+3.619e+03	+1.014e+04	+0.316
90.500	+7.791e+03	+2.281e+03	+1.045e+04	+0.226
90.600	+7.179e+03	+2.744e+03	+1.060e+04	+0.277
90.700	+8.306e+03	+1.805e+03	+1.058e+04	+0.179
90.800	+7.528e+03	+2.806e+03	+9.815e+03	+0.272
90.900	+6.411e+03	+1.558e+03	+1.021e+04	+0.196
91.000	+7.978e+03	+3.180e+03	+9.572e+03	+0.285
91.100	+6.685e+03	+1.826e+03	+1.057e+04	+0.215
91.200	+6.332e+03	+1.600e+03	+1.000e+04	+0.202
91.300	+8.142e+03	+2.259e+03	+9.781e+03	+0.217
91.400	+7.739e+03	+9.550e+02	+1.009e+04	+0.110
91.500	+8.043e+03	+2.710e+03	+1.022e+04	+0.252
91.600	+7.165e+03	+2.426e+03	+8.826e+03	+0.253
91.700	+8.355e+03	+2.710e+03	+9.825e+03	+0.245
91.800	+7.607e+03	+2.406e+03	+1.059e+04	+0.240
91.900	+6.517e+03	+1.685e+03	+1.033e+04	+0.205
92.000	+6.615e+03	+1.978e+03	+1.009e+04	+0.230
92.100	+6.918e+03	+2.330e+03	+1.036e+04	+0.252
92.200	+7.532e+03	+1.542e+03	+9.511e+03	+0.170
92.300	+7.872e+03	+2.446e+03	+1.118e+04	+0.237
92.400	+6.742e+03	+2.442e+03	+1.103e+04	+0.266
92.500	+7.437e+03	+2.598e+03	+1.081e+04	+0.259
92.600	+7.936e+03	+2.090e+03	+9.914e+03	+0.208
92.700	+7.135e+03	+3.174e+03	+1.060e+04	+0.308
92.800	+6.245e+03	+2.030e+03	+1.059e+04	+0.245
92.900	+6.583e+03	+2.763e+03	+1.038e+04	+0.296
93.000	+6.530e+03	+1.301e+03	+1.002e+04	+0.166
93.100	+8.356e+03	+2.912e+03	+9.762e+03	+0.258
93.200	+6.948e+03	+3.158e+03	+1.120e+04	+0.312
93.300	+7.472e+03	+1.828e+03	+9.712e+03	+0.197
93.400	+7.310e+03	+3.755e+03	+1.070e+04	+0.339
93.500	+9.374e+03	+2.758e+03	+1.018e+04	+0.227
93.600	+7.086e+03	+2.486e+03	+1.059e+04	+0.260
93.700	+7.606e+03	+1.597e+03	+9.926e+03	+0.174
93.800	+7.200e+03	+2.252e+03	+1.026e+04	+0.238
93.900	+7.915e+03	+3.146e+03	+9.753e+03	+0.284
94.000	+7.835e+03	+1.793e+03	+1.061e+04	+0.186
94.100	+6.863e+03	+2.653e+03	+1.039e+04	+0.279
94.200	+7.073e+03	+2.451e+03	+9.543e+03	+0.257
94.300	+7.238e+03	+3.370e+03	+1.095e+04	+0.318
94.400	+6.245e+03	+2.327e+03	+9.595e+03	+0.271
94.500	+7.619e+03	+3.036e+03	+9.769e+03	+0.285
94.600	+7.583e+03	+3.747e+03	+1.139e+04	+0.331
94.700	+7.364e+03	+3.625e+03	+1.009e+04	+0.330
94.800	+7.847e+03	+1.716e+03	+1.110e+04	+0.179
94.900	+6.632e+03	+3.052e+03	+1.090e+04	+0.315
95.000	+7.458e+03	+2.315e+03	+1.094e+04	+0.237
95.100	+7.468e+03	+4.280e+03	+1.147e+04	+0.364
95.200	+8.016e+03	+1.670e+03	+1.022e+04	+0.172
95.300	+5.796e+03	+1.250e+03	+9.682e+03	+0.177
95.400	+8.767e+03	+3.083e+03	+7.996e+03	+0.260
95.500	+7.194e+03	+2.479e+03	+1.024e+04	+0.256
95.600	+6.684e+03	+2.665e+03	+9.507e+03	+0.285
95.700	+8.134e+03	+2.111e+03	+1.029e+04	+0.206
95.800	+6.645e+03	+1.765e+03	+1.098e+04	+0.210
95.900	+7.789e+03	+1.965e+03	+9.570e+03	+0.201
96.000	+7.914e+03	+3.556e+03	+9.800e+03	+0.310
96.100	+7.930e+03	+2.721e+03	+9.817e+03	+0.256
96.200	+8.123e+03	+3.479e+03	+9.466e+03	+0.300
96.300	+6.004e+03	+2.983e+03	+1.009e+04	+0.332
96.400	+7.945e+03	+1.611e+03	+9.133e+03	+0.169
96.500	+8.307e+03	+3.259e+03	+9.452e+03	+0.282
96.600	+9.374e+03	+2.141e+03	+9.766e+03	+0.186
96.700	+7.332e+03	+2.009e+03	+9.689e+03	+0.215
96.800	+8.387e+03	+2.758e+03	+1.000e+04	+0.247
96.900	+7.880e+03	+2.212e+03	+8.992e+03	+0.219
97.000	+8.744e+03	+1.381e+03	+1.033e+04	+0.136
97.100	+7.538e+03	+2.929e+03	+1.001e+04	+0.280
97.200	+8.430e+03	+2.619e+03	+1.032e+04	+0.237
97.300	+7.451e+03	+2.340e+03	+8.968e+03	+0.239
97.400	+6.515e+03	+2.341e+03	+8.931e+03	+0.264
97.500	+7.503e+03	+3.345e+03	+1.046e+04	+0.308
97.600	+8.547e+03	+2.351e+03	+9.435e+03	+0.216
97.700	+7.639e+03	+2.948e+03	+8.932e+03	+0.278
97.800	+8.229e+03	+2.305e+03	+9.897e+03	+0.219
97.900	+6.666e+03	+1.824e+03	+9.537e+03	+0.215
98.000	+6.593e+03	+2.350e+03	+1.025e+04	+0.263
98.100	+7.700e+03	+2.684e+03	+9.614e+03	+0.258
98.200	+7.093e+03	+2.087e+03	+8.622e+03	+0.227
98.300	+8.221e+03	+3.388e+03	+9.937e+03	+0.292
98.400	+7.029e+03	+2.486e+03	+9.808e+03	+0.261
98.500	+7.471e+03	+3.362e+03	+1.094e+04	+0.310
98.600	+7.165e+03	+2.658e+03	+8.519e+03	+0.271
98.700	+7.629e+03	+3.125e+03	+1.070e+04	+0.291
98.800	+7.623e+03	+2.209e+03	+1.069e+04	+0.225
98.900	+6.429e+03	+6.392e+02	+9.456e+03	+0.090
99.000	+7.870e+03	+2.459e+03	+1.060e+04	+0.238
99.100	+8.041e+03	+2.359e+03	+9.193e+03	+0.227
99.200	+6.935e+03	+3.033e+03	+9.777e+03	+0.304
99.300	+6.405e+03	+3.300e+03	+9.949e+03	+0.340
99.400	+8.538e+03	+3.485e+03	+1.009e+04	+0.290
99.500	+8.409e+03	+1.511e+03	+1.039e+04	+0.152
99.600	+7.563e+03	+3.245e+03	+9.999e+03	+0.300
99.700	+6.618e+03	+1.916e+03	+1.064e+04	+0.225
99.800	+7.880e+03	+3.396e+03	+9.964e+03	+0.301
99.900	+7.479e+03	+2.780e+03	+9.042e+03	+0.271
100.000	+6.963e+03	+1.125e+03	+9.093e+03	+0.139
100.100	+6.965e+03	+3.584e+03	+1.018e+04	+0.340
100.200	+7.110e+03	+2.167e+03	+9.627e+03	+0.234
100.300	+6.858e+03	+3.482e+03	+1.073e+04	+0.337
100.400	+8.545e+03	+2.230e+03	+9.170e+03	+0.207
100.500	+8.353e+03	+2.798e+03	+9.042e+03	+0.251
100.600	+6.958e+03	+1.904e+03	+1.050e+04	+0.215
100.700	+6.738e+03	+3.732e+03	+1.043e+04	+0.356
100.800	+6.885e+03	+2.730e+03	+1.076e+04	+0.284
100.900	+7.474e+03	+2.758e+03	+1.031e+04	+0.270
101.000	+8.802e+03	+2.314e+03	+1.011e+04	+0.208
101.100	+8.512e+03	+2.483e+03	+9.769e+03	+0.226
101.200	+7.669e+03	+2.694e+03	+1.146e+04	+0.260
101.300	+5.394e+03	+2.976e+03	+1.045e+04	+0.356
101.400	+7.558e+03	+2.663e+03	+1.081e+04	+0.261
101.500	+8.214e+03	+2.694e+03	+1.087e+04	+0.247
101.600	+7.205e+03	+3.115e+03	+1.046e+04	+0.302
101.700	+7.941e+03	+2.558e+03	+1.147e+04	+0.244
101.800	+8.254e+03	+2.187e+03	+1.078e+04	+0.210
101.900	+8.032e+03	+2.678e+03	+1.070e+04	+0.250
102.000	+7.767e+03	+3.086e+03	+1.041e+04	+0.284
102.100	+7.545e+03	+2.785e+03	+9.410e+03	+0.270
102.200	+7.130e+03	+1.304e+03	+9.993e+03	+0.155
102.300	+7.322e+03	+1.176e+03	+1.020e+04	+0.138
102.400	+7.466e+03	+2.323e+03	+1.029e+04	+0.237
102.500	+6.966e+03	+3.016e+03	+1.082e+04	+0.302
102.600	+7.981e+03	+2.802e+03	+1.041e+04	+0.260
102.700	+6.812e+03	+1.958e+03	+9.402e+03	+0.223
102.800	+7.662e+03	+2.712e+03	+9.239e+03	+0.261
102.900	+6.874e+03	+3.639e+03	+1.110e+04	+0.346
103.000	+6.519e+03	+2.123e+03	+1.091e+04	+0.246
103.100	+5.797e+03	+2.368e+03	+1.044e+04	+0.290
103.200	+6.577e+03	+3.038e+03	+9.372e+03	+0.316
103.300	+8.151e+03	+2.382e+03	+9.681e+03	+0.226
103.400	+7.768e+03	+2.734e+03	+1.054e+04	+0.260
103.500	+6.806e+03	+1.981e+03	+9.074e+03	+0.225
103.600	+8.248e+03	+2.623e+03	+9.814e+03	+0.241
103.700	+7.229e+03	+1.818e+03	+1.010e+04	+0.201
103.800	+6.994e+03	+2.503e+03	+8.653e+03	+0.264
103.900	+8.221e+03	+1.783e+03	+1.098e+04	+0.178
104.000	+8.057e+03	+2.490e+03	+1.075e+04	+0.236
104.100	+6.604e+03	+3.112e+03	+1.017e+04	+0.320
104.200	+7.718e+03	+1.940e+03	+1.026e+04	+0.201
104.300	+7.078e+03	+2.380e+03	+9.420e+03	+0.252
104.400	+7.753e+03	+2.705e+03	+1.017e+04	+0.259
104.500	+8.053e+03	+2.923e+03	+1.015e+04	+0.266
104.600	+6.986e+03	+2.965e+03	+9.419e+03	+0.298
104.700	+7.200e+03	+2.066e+03	+1.036e+04	+0.223
104.800	+7.390e+03	+3.177e+03	+1.052e+04	+0.301
104.900	+7.337e+03	+2.155e+03	+9.611e+03	+0.227
105.000	+8.392e+03	+2.533e+03	+1.007e+04	+0.232
105.100	+8.625e+03	+1.749e+03	+9.232e+03	+0.169
105.200	+7.652e+03	+1.633e+03	+9.779e+03	+0.176
105.300	+6.706e+03	+2.691e+03	+9.651e+03	+0.286
105.400	+7.168e+03	+3.345e+03	+1.161e+04	+0.318
105.500	+7.687e+03	+1.768e+03	+1.002e+04	+0.187
105.600	+6.622e+03	+1.414e+03	+1.047e+04	+0.176
105.700	+6.850e+03	+2.487e+03	+1.000e+04	+0.266
105.800	+8.126e+03	+2.403e+03	+1.075e+04	+0.228
105.900	+7.939e+03	+2.759e+03	+9.638e+03	+0.258
106.000	+7.378e+03	+3.009e+03	+1.038e+04	+0.290
106.100	+8.351e+03	+2.464e+03	+1.029e+04	+0.228
106.200	+7.227e+03	+2.739e+03	+1.021e+04	+0.275
106.300	+7.533e+03	+2.569e+03	+1.033e+04	+0.254
106.400	+7.950e+03	+3.704e+03	+9.654e+03	+0.318
106.500	+7.352e+03	+2.424e+03	+1.040e+04	+0.248
106.600	+7.423e+03	+3.540e+03	+1.001e+04	+0.323
106.700	+6.795e+03	+2.659e+03	+1.017e+04	+0.281
106.800	+7.456e+03	+2.612e+03	+9.898e+03	+0.259
106.900	+7.429e+03	+1.818e+03	+1.005e+04	+0.197
107.000	+6.506e+03	+1.647e+03	+9.183e+03	+0.202
107.100	+7.730e+03	+3.150e+03	+1.090e+04	+0.290
107.200	+6.363e+03	+3.189e+03	+1.001e+04	+0.334
107.300	+7.091e+03	+2.985e+03	+1.122e+04	+0.296
107.400	+7.547e+03	+2.581e+03	+9.040e+03	+0.255
107.500	+6.214e+03	+1.007e+03	+1.109e+04	+0.139
107.600	+7.039e+03	+3.147e+03	+9.352e+03	+0.309
107.700	+8.030e+03	+2.794e+03	+1.088e+04	+0.258
107.800	+7.831e+03	+3.187e+03	+1.057e+04	+0.289
107.900	+6.984e+03	+1.864e+03	+8.873e+03	+0.211
108.000	+6.393e+03	+2.090e+03	+9.660e+03	+0.246
108.100	+7.213e+03	+2.150e+03	+1.138e+04	+0.230
108.200	+7.209e+03	+1.983e+03	+1.145e+04	+0.216
108.300	+7.630e+03	+2.308e+03	+9.873e+03	+0.232
108.400	+8.404e+03	+3.312e+03	+9.374e+03	+0.283
108.500	+8.572e+03	+2.484e+03	+1.023e+04	+0.225
108.600	+6.887e+03	+2.346e+03	+1.062e+04	+0.254
108.700	+7.944e+03	+3.160e+03	+1.028e+04	+0.285
108.800	+6.929e+03	+2.298e+03	+1.110e+04	+0.249
108.900	+6.550e+03	+2.001e+03	+1.100e+04	+0.234
109.000	+7.150e+03	+2.472e+03	+1.003e+04	+0.257
109.100	+7.006e+03	+2.173e+03	+9.617e+03	+0.237
109.200	+7.885e+03	+3.489e+03	+1.001e+04	+0.307
109.300	+8.239e+03	+3.532e+03	+8.973e+03	+0.300
109.400	+6.744e+03	+2.791e+03	+1.025e+04	+0.293
109.500	+7.270e+03	+2.406e+03	+1.055e+04	+0.249
109.600	+7.201e+03	+2.423e+03	+1.057e+04	+0.252
109.700	+7.795e+03	+2.349e+03	+9.738e+03	+0.232
109.800	+8.929e+03	+3.357e+03	+8.075e+03	+0.273
109.900	+7.355e+03	+2.109e+03	+1.013e+04	+0.223
110.000	+7.342e+03	+2.484e+03	+9.910e+03	+0.253
110.100	+8.035e+03	+2.525e+03	+9.118e+03	+0.239
110.200	+7.702e+03	+1.827e+03	+1.101e+04	+0.192
110.300	+6.963e+03	+1.990e+03	+1.014e+04	+0.222
110.400	+6.648e+03	+1.780e+03	+1.053e+04	+0.211
110.500	+8.508e+03	+2.052e+03	+1.049e+04	+0.194
110.600	+7.622e+03	+3.773e+03	+8.896e+03	+0.331
110.700	+8.137e+03	+2.823e+03	+1.096e+04	+0.258
110.800	+7.395e+03	+1.975e+03	+9.715e+03	+0.211
110.900	+7.968e+03	+2.539e+03	+8.333e+03	+0.242
111.000	+7.662e+03	+2.189e+03	+1.031e+04	+0.222
111.100	+7.135e+03	+2.412e+03	+1.079e+04	+0.253
111.200	+6.361e+03	+2.979e+03	+1.011e+04	+0.319
111.300	+7.102e+03	+2.419e+03	+1.090e+04	+0.254
111.400	+7.051e+03	+1.794e+03	+1.085e+04	+0.203
111.500	+7.645e+03	+2.768e+03	+9.163e+03	+0.266
111.600	+8.718e+03	+2.139e+03	+1.018e+04	+0.197
111.700	+7.394e+03	+2.551e+03	+9.604e+03	+0.256
111.800	+7.926e+03	+2.649e+03	+9.548e+03	+0.251
111.900	+8.490e+03	+3.621e+03	+1.037e+04	+0.299
112.000	+7.367e+03	+2.333e+03	+9.689e+03	+0.241
112.100	+8.421e+03	+2.097e+03	+9.418e+03	+0.199
112.200	+6.500e+03	+2.298e+03	+1.032e+04	+0.261
112.300	+6.497e+03	+1.934e+03	+1.017e+04	+0.229
112.400	+7.565e+03	+1.000e+03	+1.035e+04	+0.117
112.500	+6.089e+03	+2.222e+03	+9.437e+03	+0.267
112.600	+8.254e+03	+3.587e+03	+8.759e+03	+0.303
112.700	+5.825e+03	+2.208e+03	+1.007e+04	+0.275
112.800	+7.564e+03	+1.658e+03	+8.913e+03	+0.180
112.900	+6.971e+03	+2.138e+03	+1.005e+04	+0.235
113.000	+7.349e+03	+2.221e+03	+9.950e+03	+0.232
113.100	+8.215e+03	+2.549e+03	+9.878e+03	+0.237
113.200	+7.457e+03	+3.006e+03	+1.061e+04	+0.287
113.300	+7.818e+03	+2.239e+03	+1.076e+04	+0.223
113.400	+7.379e+03	+2.086e+03	+1.080e+04	+0.220
113.500	+6.954e+03	+3.001e+03	+1.069e+04	+0.301
113.600	+8.154e+03	+3.255e+03	+1.034e+04	+0.285
113.700	+6.736e+03	+3.722e+03	+9.006e+03	+0.356
113.800	+8.061e+03	+3.582e+03	+1.020e+04	+0.308
113.900	+7.933e+03	+1.522e+03	+9.906e+03	+0.161
114.000	+7.820e+03	+4.246e+03	+9.729e+03	+0.352
114.100	+6.717e+03	+2.860e+03	+1.121e+04	+0.299
114.200	+6.131e+03	+2.407e+03	+9.639e+03	+0.282
114.300	+8.580e+03	+1.836e+03	+1.074e+04	+0.176
114.400	+8.278e+03	+2.854e+03	+1.024e+04	+0.256
114.500	+7.093e+03	+2.131e+03	+1.048e+04	+0.231
114.600	+7.225e+03	+5.254e+02	+1.038e+04	+0.068
114.700	+7.001e+03	+1.731e+03	+1.047e+04	+0.198
114.800	+7.707e+03	+2.842e+03	+1.022e+04	+0.269
114.900	+8.414e+03	+1.906e+03	+1.077e+04	+0.185
115.000	+7.110e+03	+1.878e+03	+9.919e+03	+0.209
115.100	+8.871e+03	+2.614e+03	+9.134e+03	+0.228
115.200	+8.922e+03	+1.737e+03	+9.981e+03	+0.163
115.300	+8.317e+03	+2.923e+03	+1.017e+04	+0.260
115.400	+8.328e+03	+2.071e+03	+1.043e+04	+0.199
115.500	+7.550e+03	+2.716e+03	+1.066e+04	+0.265
115.600	+7.684e+03	+2.625e+03	+9.966e+03	+0.255
115.700	+7.733e+03	+2.698e+03	+1.150e+04	+0.259
115.800	+7.626e+03	+3.291e+03	+1.035e+04	+0.301
115.900	+7.604e+03	+3.461e+03	+1.058e+04	+0.313
116.000	+7.308e+03	+2.078e+03	+1.088e+04	+0.221
116.100	+7.891e+03	+4.329e+03	+9.879e+03	+0.354
116.200	+7.417e+03	+2.590e+03	+8.926e+03	+0.259
116.300	+7.277e+03	+3.403e+03	+1.009e+04	+0.319
116.400	+7.447e+03	+3.153e+03	+1.029e+04	+0.297
116.500	+7.235e+03	+2.644e+03	+9.180e+03	+0.268
116.600	+6.284e+03	+1.874e+03	+9.435e+03	+0.230
116.700	+6.808e+03	+2.518e+03	+1.015e+04	+0.270
116.800	+7.580e+03	+2.392e+03	+1.098e+04	+0.240
116.900	+7.306e+03	+2.125e+03	+9.629e+03	+0.225
117.000	+7.330e+03	+2.846e+03	+1.034e+04	+0.280
117.100	+9.368e+03	+2.435e+03	+1.024e+04	+0.206
117.200	+8.121e+03	+2.463e+03	+9.717e+03	+0.233
117.300	+8.110e+03	+2.547e+03	+9.233e+03	+0.239
117.400	+6.303e+03	+2.412e+03	+9.193e+03	+0.277
117.500	+7.822e+03	+1.815e+03	+8.833e+03	+0.188
117.600	+8.044e+03	+2.632e+03	+9.956e+03	+0.247
117.700	+8.375e+03	+2.238e+03	+9.448e+03	+0.211
117.800	+8.166e+03	+2.170e+03	+1.016e+04	+0.210
117.900	+7.262e+03	+2.052e+03	+1.135e+04	+0.220
118.000	+6.976e+03	+2.775e+03	+1.029e+04	+0.285
118.100	+7.509e+03	+3.606e+03	+1.036e+04	+0.324
118.200	+7.732e+03	+3.601e+03	+9.428e+03	+0.318
118.300	+7.166e+03	+3.302e+03	+1.030e+04	+0.315
118.400	+7.653e+03	+2.661e+03	+9.203e+03	+0.258
118.500	+7.678e+03	+4.067e+03	+1.098e+04	+0.346
118.600	+7.448e+03	+1.744e+03	+1.043e+04	+0.190
118.700	+7.118e+03	+2.890e+03	+8.969e+03	+0.289
118.800	+7.035e+03	+2.727e+03	+9.258e+03	+0.279
118.900	+6.921e+03	+2.101e+03	+1.079e+04	+0.233
119.000	+8.281e+03	+1.393e+03	+9.884e+03	+0.144
119.100	+7.095e+03	+2.435e+03	+9.917e+03	+0.256
119.200	+7.235e+03	+3.102e+03	+1.040e+04	+0.300
119.300	+6.953e+03	+3.034e+03	+9.607e+03	+0.304
119.400	+6.900e+03	+4.404e+03	+1.032e+04	+0.390
119.500	+7.245e+03	+2.781e+03	+1.077e+04	+0.277
119.600	+7.359e+03	+1.867e+03	+1.027e+04	+0.202
119.700	+7.520e+03	+2.505e+03	+9.304e+03	+0.250
119.800	+6.848e+03	+1.609e+03	+9.941e+03	+0.190
119.900	+7.371e+03	+4.030e+03	+1.048e+04	+0.353
120.000	+6.224e+03	+2.110e+03	+9.666e+03	+0.253
120.100	+8.735e+03	+1.995e+03	+1.083e+04	+0.186
120.200	+7.134e+03	+3.083e+03	+9.279e+03	+0.302
120.300	+9.159e+03	+2.888e+03	+1.072e+04	+0.240
120.400	+6.532e+03	+1.918e+03	+1.067e+04	+0.227
120.500	+8.137e+03	+1.672e+03	+1.008e+04	+0.170
120.600	+7.301e+03	+2.570e+03	+1.063e+04	+0.260
120.700	+7.919e+03	+2.555e+03	+1.194e+04	+0.244
120.800	+7.557e+03	+2.802e+03	+9.464e+03	+0.271
120.900	+8.344e+03	+3.175e+03	+8.513e+03	+0.276
121.000	+7.202e+03	+2.486e+03	+9.251e+03	+0.257
121.100	+7.930e+03	+2.386e+03	+1.054e+04	+0.231
121.200	+6.939e+03	+3.582e+03	+9.176e+03	+0.340
121.300	+7.671e+03	+2.600e+03	+1.024e+04	+0.253
121.400	+7.127e+03	+2.093e+03	+1.064e+04	+0.227
121.500	+8.235e+03	+1.780e+03	+9.639e+03	+0.178
121.600	+6.779e+03	+2.883e+03	+1.114e+04	+0.298
121.700	+8.615e+03	+2.672e+03	+1.004e+04	+0.237
121.800	+8.930e+03	+1.873e+03	+1.030e+04	+0.173
121.900	+8.097e+03	-3.543e+02	+1.135e+04	-0.046
122.000	+8.973e+03	+2.880e+03	+1.010e+04	+0.243
122.100	+8.046e+03	+1.893e+03	+1.072e+04	+0.191
122.200	+6.620e+03	+3.409e+03	+9.732e+03	+0.340
122.300	+7.031e+03	+1.860e+03	+9.630e+03	+0.209
122.400	+7.213e+03	+2.599e+03	+8.987e+03	+0.265
122.500	+8.352e+03	+2.238e+03	+8.838e+03	+0.211
122.600	+7.832e+03	+3.342e+03	+1.032e+04	+0.299
122.700	+7.985e+03	+2.894e+03	+9.370e+03	+0.266
122.800	+6.308e+03	+2.073e+03	+1.015e+04	+0.247
122.900	+7.651e+03	+3.080e+03	+9.261e+03	+0.287
123.000	+8.852e+03	+1.883e+03	+9.879e+03	+0.175
123.100	+7.593e+03	+2.118e+03	+1.017e+04	+0.218
123.200	+6.837e+03	+3.310e+03	+9.599e+03	+0.326
123.300	+6.620e+03	+1.290e+03	+1.095e+04	+0.163
123.400	+7.683e+03	+2.886e+03	+1.019e+04	+0.273
123.500	+6.515e+03	+1.499e+03	+9.813e+03	+0.187
123.600	+8.271e+03	+2.530e+03	+9.368e+03	+0.234
123.700	+7.464e+03	+1.476e+03	+9.477e+03	+0.165
123.800	+6.937e+03	+1.770e+03	+1.178e+04	+0.203
123.900	+8.340e+03	+1.655e+03	+1.052e+04	+0.166
124.000	+7.006e+03	+2.288e+03	+9.776e+03	+0.246
124.100	+6.664e+03	+2.333e+03	+1.069e+04	+0.259
124.200	+6.099e+03	+1.238e+03	+1.004e+04	+0.169
124.300	+6.490e+03	+2.501e+03	+9.898e+03	+0.278
124.400	+7.803e+03	+1.833e+03	+1.025e+04	+0.190
124.500	+7.211e+03	+3.490e+03	+1.061e+04	+0.326
124.600	+7.856e+03	+2.043e+03	+9.723e+03	+0.206
124.700	+7.835e+03	+3.035e+03	+1.127e+04	+0.279
124.800	+9.494e+03	+4.435e+02	+1.077e+04	+0.045
124.900	+7.489e+03	+3.377e+03	+1.034e+04	+0.311
125.000	+7.982e+03	+1.206e+03	+1.010e+04	+0.131
125.100	+8.285e+03	+3.147e+03	+1.039e+04	+0.275
125.200	+7.057e+03	+2.741e+03	+9.382e+03	+0.280
125.300	+7.374e+03	+1.422e+03	+9.145e+03	+0.162
125.400	+7.625e+03	+2.796e+03	+9.538e+03	+0.268
125.500	+7.675e+03	+2.450e+03	+9.329e+03	+0.242
125.600	+8.143e+03	+2.918e+03	+1.039e+04	+0.264
125.700	+8.179e+03	+2.527e+03	+1.035e+04	+0.236
125.800	+8.292e+03	+1.934e+03	+9.948e+03	+0.189
125.900	+6.969e+03	+2.385e+03	+9.587e+03	+0.255
126.000	+7.687e+03	+2.612e+03	+1.197e+04	+0.254
126.100	+7.477e+03	+3.612e+03	+9.225e+03	+0.326
126.200	+6.910e+03	+2.336e+03	+1.057e+04	+0.253
126.300	+7.944e+03	+2.337e+03	+1.019e+04	+0.227
126.400	+7.298e+03	+3.156e+03	+9.133e+03	+0.302
126.500	+7.218e+03	+2.905e+03	+9.856e+03	+0.287
126.600	+8.166e+03	+3.241e+03	+1.146e+04	+0.284
126.700	+6.631e+03	+2.602e+03	+9.103e+03	+0.282
126.800	+7.459e+03	+2.885e+03	+9.960e+03	+0.279
126.900	+6.804e+03	+2.772e+03	+1.041e+04	+0.289
127.000	+6.521e+03	+1.901e+03	+9.501e+03	+0.226
127.100	+7.783e+03	+2.498e+03	+9.765e+03	+0.243
127.200	+6.524e+03	+4.150e+03	+9.539e+03	+0.389
127.300	+6.242e+03	+2.005e+03	+9.093e+03	+0.243
127.400	+6.325e+03	+1.939e+03	+1.095e+04	+0.235
127.500	+6.851e+03	+3.692e+03	+9.580e+03	+0.350
127.600	+6.698e+03	+3.016e+03	+9.482e+03	+0.311
127.700	+7.459e+03	+3.329e+03	+9.923e+03	+0.309
127.800	+6.970e+03	+2.368e+03	+8.917e+03	+0.254
127.900	+6.422e+03	+3.779e+03	+9.567e+03	+0.370
128.000	+6.311e+03	+2.386e+03	+9.490e+03	+0.274
128.100	+7.390e+03	+2.116e+03	+9.748e+03	+0.223
128.200	+7.388e+03	+2.142e+03	+9.342e+03	+0.225
128.300	+7.220e+03	+1.533e+03	+9.533e+03	+0.175
128.400	+8.476e+03	+1.302e+03	+1.096e+04	+0.133
128.500	+7.044e+03	+2.524e+03	+1.077e+04	+0.264
128.600	+8.374e+03	+2.910e+03	+9.205e+03	+0.258
128.700	+7.910e+03	+1.078e+03	+1.096e+04	+0.120
128.800	+6.608e+03	+2.447e+03	+9.564e+03	+0.270
128.900	+6.478e+03	+1.044e+03	+9.693e+03	+0.139
129.000	+6.856e+03	+2.709e+03	+1.088e+04	+0.283
129.100	+6.881e+03	+2.839e+03	+9.736e+03	+0.292
129.200	+7.807e+03	+2.530e+03	+1.026e+04	+0.245
129.300	+7.588e+03	+2.173e+03	+9.180e+03	+0.223
129.400	+8.390e+03	+8.282e+02	+9.078e+03	+0.090
129.500	+7.498e+03	+2.253e+03	+8.937e+03	+0.231
129.600	+6.623e+03	+1.971e+03	+1.085e+04	+0.229
129.700	+7.232e+03	+2.363e+03	+1.077e+04	+0.246
129.800	+7.122e+03	+2.704e+03	+1.097e+04	+0.275
129.900	+6.822e+03	+2.547e+03	+9.879e+03	+0.272
130.000	+8.065e+03	+5.176e+02	+1.040e+04	+0.060
130.100	+6.178e+03	+1.324e+03	+9.828e+03	+0.176
130.200	+8.426e+03	+2.700e+03	+1.049e+04	+0.243
130.300	+6.828e+03	+2.945e+03	+1.055e+04	+0.301
130.400	+6.366e+03	+3.240e+03	+1.045e+04	+0.337
130.500	+6.524e+03	+1.569e+03	+1.111e+04	+0.194
130.600	+7.845e+03	+3.128e+03	+9.653e+03	+0.285
130.700	+7.375e+03	+2.757e+03	+9.933e+03	+0.272
130.800	+8.097e+03	+2.933e+03	+1.020e+04	+0.266
130.900	+8.282e+03	+3.011e+03	+9.128e+03	+0.267
131.000	+8.457e+03	+2.675e+03	+1.010e+04	+0.240
131.100	+7.967e+03	+2.605e+03	+8.850e+03	+0.246
131.200	+6.396e+03	+1.975e+03	+1.097e+04	+0.236
131.300	+7.746e+03	+1.761e+03	+9.816e+03	+0.185
131.400	+7.927e+03	+2.810e+03	+1.057e+04	+0.262
131.500	+7.893e+03	+3.143e+03	+9.076e+03	+0.285
131.600	+7.455e+03	+8.461e+02	+8.895e+03	+0.102
131.700	+8.078e+03	+3.525e+03	+9.663e+03	+0.304
131.800	+6.611e+03	+2.250e+03	+1.078e+04	+0.254
131.900	+7.690e+03	+1.375e+03	+9.608e+03	+0.152
132.000	+7.993e+03	+2.391e+03	+9.886e+03	+0.230
132.100	+7.595e+03	+2.872e+03	+9.223e+03	+0.274
132.200	+7.571e+03	+7.454e+02	+9.305e+03	+0.090
132.300	+7.219e+03	+2.681e+03	+1.079e+04	+0.271
132.400	+7.249e+03	+2.906e+03	+1.066e+04	+0.286
132.500	+7.190e+03	+3.374e+03	+9.284e+03	+0.319
132.600	+6.795e+03	+2.807e+03	+1.020e+04	+0.292
132.700	+6.890e+03	+1.427e+03	+1.004e+04	+0.172
132.800	+7.233e+03	+3.501e+03	+9.006e+03	+0.326
132.900	+7.671e+03	+7.665e+02	+1.126e+04	+0.091
133.000	+7.982e+03	+1.352e+03	+1.108e+04	+0.145
133.100	+8.217e+03	+3.831e+03	+9.692e+03	+0.318
133.200	+7.810e+03	+1.586e+03	+9.778e+03	+0.169
133.300	+7.425e+03	+1.318e+03	+1.029e+04	+0.151
133.400	+8.029e+03	+2.669e+03	+1.016e+04	+0.249
133.500	+8.116e+03	+3.888e+03	+8.568e+03	+0.324
133.600	+8.398e+03	+4.383e+03	+9.856e+03	+0.343
133.700	+8.638e+03	+3.593e+03	+9.761e+03	+0.294
133.800	+7.884e+03	+1.106e+03	+1.015e+04	+0.123
133.900	+5.361e+03	+2.086e+03	+9.965e+03	+0.280
134.000	+7.885e+03	+3.820e+03	+8.427e+03	+0.326
134.100	+7.978e+03	+2.214e+03	+1.033e+04	+0.217
134.200	+7.465e+03	+2.579e+03	+9.479e+03	+0.257
134.300	+6.769e+03	+2.170e+03	+9.277e+03	+0.243
134.400	+7.094e+03	+2.515e+03	+1.065e+04	+0.262
134.500	+8.701e+03	+2.371e+03	+1.023e+04	+0.214
134.600	+7.303e+03	+3.380e+03	+9.639e+03	+0.316
134.700	+7.136e+03	+2.735e+03	+1.020e+04	+0.277
134.800	+7.464e+03	+1.749e+03	+1.008e+04	+0.190
134.900	+6.035e+03	+2.906e+03	+1.161e+04	+0.325
135.000	+7.483e+03	+2.346e+03	+8.957e+03	+0.239
135.100	+7.088e+03	+2.072e+03	+1.061e+04	+0.226
135.200	+7.022e+03	+3.435e+03	+1.076e+04	+0.328
135.300	+8.299e+03	+2.350e+03	+1.002e+04	+0.221
135.400	+8.052e+03	+1.786e+03	+9.339e+03	+0.182
135.500	+6.429e+03	+2.605e+03	+9.469e+03	+0.288
135.600	+8.470e+03	+2.300e+03	+9.800e+03	+0.214
135.700	+7.165e+03	+1.812e+03	+1.029e+04	+0.202
135.800	+8.277e+03	+2.120e+03	+1.065e+04	+0.204
135.900	+7.964e+03	+3.075e+03	+1.058e+04	+0.279
136.000	+7.205e+03	+2.209e+03	+1.004e+04	+0.235
136.100	+8.288e+03	+1.327e+03	+9.516e+03	+0.138
136.200	+8.354e+03	+3.328e+03	+9.492e+03	+0.285
136.300	+7.367e+03	+3.357e+03	+1.013e+04	+0.313
136.400	+7.326e+03	+1.735e+03	+1.156e+04	+0.192
136.500	+6.676e+03	+2.845e+03	+9.582e+03	+0.299
136.600	+7.678e+03	+2.907e+03	+9.927e+03	+0.275
136.700	+7.498e+03	+1.595e+03	+9.681e+03	+0.175
136.800	+9.421e+03	+2.447e+03	+8.879e+03	+0.206
136.900	+8.578e+03	+1.332e+03	+1.051e+04	+0.134
137.000	+7.662e+03	+1.349e+03	+1.051e+04	+0.150
137.100	+8.041e+03	+8.001e+02	+9.991e+03	+0.091
137.200	+7.383e+03	+2.135e+03	+9.384e+03	+0.224
137.300	+8.256e+03	+2.565e+03	+1.007e+04	+0.237
137.400	+6.814e+03	+8.536e+02	+1.101e+04	+0.111
137.500	+8.070e+03	+1.730e+03	+8.407e+03	+0.176
137.600	+8.302e+03	+2.802e+03	+1.063e+04	+0.252
137.700	+7.721e+03	+1.916e+03	+1.004e+04	+0.199
137.800	+7.039e+03	+2.430e+03	+1.027e+04	+0.257
137.900	+7.452e+03	+1.855e+03	+1.003e+04	+0.199
138.000	+7.749e+03	+2.450e+03	+9.116e+03	+0.240
138.100	+7.870e+03	+2.993e+03	+9.985e+03	+0.276
138.200	+8.628e+03	+2.449e+03	+9.526e+03	+0.221
138.300	+7.761e+03	+3.323e+03	+1.125e+04	+0.300
138.400	+7.683e+03	+2.592e+03	+9.351e+03	+0.252
138.500	+8.364e+03	+3.242e+03	+9.626e+03	+0.279
138.600	+7.234e+03	+3.565e+03	+1.112e+04	+0.330
138.700	+8.106e+03	+1.222e+03	+8.923e+03	+0.131
138.800	+7.401e+03	+3.043e+03	+9.321e+03	+0.291
138.900	+8.486e+03	+3.118e+03	+9.591e+03	+0.269
139.000	+7.121e+03	+2.247e+03	+1.113e+04	+0.240
139.100	+5.979e+03	+2.905e+03	+9.957e+03	+0.327
139.200	+7.819e+03	+2.953e+03	+1.099e+04	+0.274
139.300	+6.690e+03	+2.876e+03	+1.103e+04	+0.301
139.400	+8.055e+03	+3.279e+03	+9.512e+03	+0.289
139.500	+8.262e+03	+3.080e+03	+1.104e+04	+0.272
139.600	+7.965e+03	+2.446e+03	+1.012e+04	+0.235
139.700	+6.031e+03	+1.462e+03	+9.716e+03	+0.195
139.800	+7.147e+03	+2.774e+03	+1.064e+04	+0.280
139.900	+5.959e+03	+1.936e+03	+9.615e+03	+0.245
140.000	+8.483e+03	+2.458e+03	+1.033e+04	+0.225
140.100	+7.087e+03	+3.390e+03	+9.096e+03	+0.324
140.200	+7.737e+03	+2.901e+03	+8.859e+03	+0.273
140.300	+7.705e+03	+2.040e+03	+1.026e+04	+0.209
140.400	+7.853e+03	+3.216e+03	+9.347e+03	+0.291
140.500	+7.045e+03	+2.302e+03	+9.404e+03	+0.246
140.600	+7.474e+03	+3.674e+03	+1.060e+04	+0.330
140.700	+7.218e+03	+1.710e+03	+1.034e+04	+0.192
140.800	+7.824e+03	+2.645e+03	+8.489e+03	+0.253
140.900	+7.324e+03	+3.335e+03	+1.017e+04	+0.313
141.000	+9.202e+03	+1.975e+03	+9.018e+03	+0.177
141.100	+7.816e+03	+2.530e+03	+1.040e+04	+0.245
141.200	+6.952e+03	+3.121e+03	+9.964e+03	+0.310
141.300	+7.235e+03	+3.247e+03	+1.011e+04	+0.310
141.400	+6.997e+03	+2.587e+03	+1.034e+04	+0.270
141.500	+7.224e+03	+2.169e+03	+1.090e+04	+0.231
141.600	+6.760e+03	+2.253e+03	+1.148e+04	+0.250
141.700	+7.193e+03	+2.287e+03	+9.718e+03	+0.241
141.800	+7.008e+03	+3.060e+03	+1.047e+04	+0.304
141.900	+6.500e+03	+1.561e+03	+1.027e+04	+0.194
142.000	+6.278e+03	+2.228e+03	+9.439e+03	+0.262
142.100	+7.847e+03	+4.554e+03	+1.021e+04	+0.367
142.200	+6.032e+03	+3.392e+03	+1.070e+04	+0.360
142.300	+6.237e+03	+2.351e+03	+9.302e+03	+0.274
142.400	+6.513e+03	+1.946e+03	+9.569e+03	+0.230
142.500	+8.038e+03	+2.133e+03	+9.488e+03	+0.210
142.600	+7.688e+03	+1.926e+03	+9.942e+03	+0.200
142.700	+6.596e+03	+2.527e+03	+9.221e+03	+0.277
142.800	+7.627e+03	+2.305e+03	+9.236e+03	+0.232
142.900	+7.697e+03	+2.892e+03	+9.249e+03	+0.273
143.000	+6.690e+03	+2.977e+03	+8.970e+03	+0.308
143.100	+6.511e+03	+3.314e+03	+1.051e+04	+0.337
143.200	+7.576e+03	+2.930e+03	+9.245e+03	+0.279
143.300	+7.100e+03	+3.381e+03	+1.034e+04	+0.323
143.400	+6.365e+03	+2.543e+03	+9.656e+03	+0.285
143.500	+7.466e+03	+2.971e+03	+1.136e+04	+0.285
143.600	+9.765e+03	+2.139e+03	+1.004e+04	+0.180
143.700	+7.815e+03	+3.221e+03	+1.014e+04	+0.292
143.800	+9.223e+03	+2.087e+03	+9.723e+03	+0.185
143.900	+8.703e+03	+3.045e+03	+9.558e+03	+0.259
144.000	+7.976e+03	+1.661e+03	+9.615e+03	+0.172
144.100	+7.648e+03	+7.796e+02	+9.295e+03	+0.093
144.200	+6.888e+03	+3.005e+03	+9.182e+03	+0.304
144.300	+8.170e+03	+3.055e+03	+1.039e+04	+0.272
144.400	+7.392e+03	+2.095e+03	+1.020e+04	+0.221
144.500	+6.496e+03	+1.673e+03	+1.059e+04	+0.205
144.600	+6.376e+03	+1.703e+03	+1.080e+04	+0.211
144.700	+7.570e+03	+3.383e+03	+9.896e+03	+0.309
144.800	+7.621e+03	+3.637e+03	+1.022e+04	+0.323
144.900	+7.345e+03	+2.776e+03	+1.092e+04	+0.274
145.000	+7.825e+03	+2.804e+03	+8.378e+03	+0.264
145.100	+8.655e+03	+2.583e+03	+1.030e+04	+0.230
145.200	+7.158e+03	+2.607e+03	+9.982e+03	+0.267
145.300	+7.553e+03	+1.646e+03	+1.082e+04	+0.179
145.400	+7.656e+03	+2.406e+03	+9.565e+03	+0.239
145.500	+6.638e+03	+2.872e+03	+8.621e+03	+0.302
145.600	+8.055e+03	+2.936e+03	+9.428e+03	+0.267
145.700	+7.214e+03	+2.893e+03	+1.080e+04	+0.286
145.800	+7.947e+03	+3.263e+03	+1.011e+04	+0.291
145.900	+8.407e+03	+1.951e+03	+1.132e+04	+0.188
146.000	+5.810e+03	+2.926e+03	+1.126e+04	+0.335
146.100	+8.179e+03	+2.590e+03	+1.003e+04	+0.241
146.200	+8.666e+03	+1.645e+03	+1.033e+04	+0.159
146.300	+8.121e+03	+2.794e+03	+1.093e+04	+0.256
146.400	+6.846e+03	+1.979e+03	+9.263e+03	+0.224
146.500	+7.878e+03	+1.620e+03	+1.017e+04	+0.171
146.600	+7.686e+03	+1.664e+03	+1.081e+04	+0.178
146.700	+7.277e+03	+1.828e+03	+1.029e+04	+0.201
146.800	+6.315e+03	+2.694e+03	+1.010e+04	+0.299
146.900	+7.461e+03	+3.377e+03	+1.048e+04	+0.312
147.000	+7.713e+03	+2.738e+03	+1.013e+04	+0.262
147.100	+8.862e+03	+3.212e+03	+1.049e+04	+0.266
147.200	+7.423e+03	+1.532e+03	+9.962e+03	+0.171
147.300	+7.667e+03	+3.109e+03	+9.896e+03	+0.289
147.400	+8.586e+03	+1.897e+03	+9.848e+03	+0.181
147.500	+6.206e+03	+2.370e+03	+1.102e+04	+0.276
147.600	+7.791e+03	+1.734e+03	+1.064e+04	+0.182
147.700	+6.208e+03	+2.601e+03	+9.996e+03	+0.295
147.800	+7.914e+03	+3.064e+03	+8.963e+03	+0.279
147.900	+7.744e+03	+3.098e+03	+9.078e+03	+0.286
148.000	+7.700e+03	+2.983e+03	+1.002e+04	+0.279
148.100	+8.259e+03	+2.577e+03	+9.902e+03	+0.238
148.200	+8.066e+03	+3.171e+03	+9.296e+03	+0.282
148.300	+8.688e+03	+2.376e+03	+1.033e+04	+0.215
148.400	+6.431e+03	+3.261e+03	+1.037e+04	+0.336
148.500	+7.142e+03	+3.045e+03	+9.535e+03	+0.299
148.600	+7.425e+03	+3.110e+03	+9.062e+03	+0.295
148.700	+8.009e+03	+2.998e+03	+1.080e+04	+0.272
148.800	+7.221e+03	+2.762e+03	+9.401e+03	+0.277
148.900	+7.345e+03	+2.121e+03	+8.407e+03	+0.224
149.000	+7.640e+03	+1.737e+03	+9.945e+03	+0.185
149.100	+7.092e+03	+2.545e+03	+9.071e+03	+0.264
149.200	+8.273e+03	+2.010e+03	+1.062e+04	+0.195
149.300	+7.179e+03	+2.834e+03	+1.127e+04	+0.283
149.400	+8.079e+03	+3.263e+03	+1.081e+04	+0.288
149.500	+8.477e+03	+2.462e+03	+1.034e+04	+0.225
149.600	+8.329e+03	+2.543e+03	+9.641e+03	+0.234
149.700	+7.995e+03	+2.793e+03	+1.027e+04	+0.259
149.800	+7.326e+03	+2.833e+03	+1.126e+04	+0.279
149.900	+6.634e+03	+2.047e+03	+9.351e+03	+0.236
150.000	+6.797e+03	+1.778e+03	+1.028e+04	+0.207
150.100	+8.512e+03	+1.519e+03	+1.106e+04	+0.151
150.200	+6.914e+03	+1.451e+03	+1.049e+04	+0.173
150.300	+7.102e+03	+1.868e+03	+8.895e+03	+0.208
150.400	+7.952e+03	+2.542e+03	+9.818e+03	+0.242
150.500	+8.397e+03	+2.357e+03	+1.007e+04	+0.219
150.600	+7.550e+03	+1.722e+03	+1.002e+04	+0.186
150.700	+7.204e+03	+2.544e+03	+1.038e+04	+0.261
150.800	+8.520e+03	+2.470e+03	+9.366e+03	+0.225
150.900	+7.441e+03	+3.008e+03	+9.320e+03	+0.288
151.000	+8.974e+03	+2.773e+03	+9.743e+03	+0.236
151.100	+7.019e+03	+3.635e+03	+1.040e+04	+0.341
151.200	+7.994e+03	+2.203e+03	+9.765e+03	+0.216
151.300	+6.738e+03	+7.046e+02	+8.889e+03	+0.095
151.400	+5.514e+03	+2.696e+03	+8.923e+03	+0.328
151.500	+7.120e+03	+1.989e+03	+1.046e+04	+0.218
151.600	+7.722e+03	+2.727e+03	+1.003e+04	+0.261
151.700	+7.024e+03	+1.928e+03	+1.053e+04	+0.215
151.800	+7.264e+03	+1.426e+03	+1.021e+04	+0.164
151.900	+7.265e+03	+3.188e+03	+1.017e+04	+0.305
152.000	+6.922e+03	+2.090e+03	+1.056e+04	+0.232
152.100	+8.118e+03	+3.426e+03	+1.074e+04	+0.297
152.200	+6.757e+03	+3.661e+03	+9.649e+03	+0.351
152.300	+7.151e+03	+1.854e+03	+1.189e+04	+0.206
152.400	+8.213e+03	+2.202e+03	+1.106e+04	+0.211
152.500	+5.865e+03	+2.162e+03	+1.025e+04	+0.269
152.600	+8.955e+03	+2.991e+03	+1.062e+04	+0.250
152.700	+6.402e+03	+1.398e+03	+9.857e+03	+0.179
152.800	+6.619e+03	+1.841e+03	+8.855e+03	+0.218
152.900	+8.733e+03	+1.957e+03	+9.466e+03	+0.183
153.000	+7.309e+03	+3.176e+03	+1.162e+04	+0.303
153.100	+7.448e+03	+1.940e+03	+9.568e+03	+0.207
153.200	+8.172e+03	+3.039e+03	+1.056e+04	+0.271
153.300	+7.900e+03	+3.413e+03	+1.014e+04	+0.302
153.400	+6.699e+03	+2.519e+03	+1.017e+04	+0.273
153.500	+7.600e+03	+3.173e+03	+1.105e+04	+0.295
153.600	+6.726e+03	+3.161e+03	+1.059e+04	+0.320
153.700	+7.678e+03	+2.947e+03	+1.020e+04	+0.277
153.800	+8.048e+03	+3.876e+03	+1.020e+04	+0.325
153.900	+8.321e+03	+3.158e+03	+9.497e+03	+0.275
154.000	+7.352e+03	+1.659e+03	+1.036e+04	+0.184
154.100	+8.268e+03	+3.104e+03	+1.087e+04	+0.273
154.200	+7.248e+03	+2.455e+03	+9.527e+03	+0.253
154.300	+7.641e+03	+1.956e+03	+8.939e+03	+0.204
154.400	+7.508e+03	+2.037e+03	+9.415e+03	+0.213
154.500	+7.542e+03	+1.670e+03	+1.092e+04	+0.181
154.600	+7.132e+03	+2.238e+03	+9.716e+03	+0.239
154.700	+6.133e+03	+2.873e+03	+9.854e+03	+0.319
154.800	+7.998e+03	+2.280e+03	+9.237e+03	+0.222
154.900	+8.100e+03	+2.499e+03	+1.026e+04	+0.236
155.000	+7.857e+03	+2.768e+03	+1.021e+04	+0.260
155.100	+6.288e+03	+3.161e+03	+1.094e+04	+0.335
155.200	+6.929e+03	+1.874e+03	+1.057e+04	+0.213
155.300	+6.374e+03	+3.389e+03	+9.481e+03	+0.347
155.400	+6.631e+03	+2.398e+03	+9.664e+03	+0.266
155.500	+6.744e+03	+1.373e+03	+1.103e+04	+0.169
155.600	+7.774e+03	+2.329e+03	+1.087e+04	+0.231
155.700	+9.010e+03	+3.564e+03	+9.993e+03	+0.283
155.800	+7.396e+03	+2.366e+03	+9.058e+03	+0.242
155.900	+7.154e+03	+3.768e+03	+9.928e+03	+0.345
156.000	+7.342e+03	+2.902e+03	+9.798e+03	+0.283
156.100	+7.918e+03	+1.673e+03	+1.094e+04	+0.174
156.200	+6.862e+03	+2.265e+03	+9.589e+03	+0.248
156.300	+7.742e+03	+2.351e+03	+1.160e+04	+0.233
156.400	+7.341e+03	+3.300e+03	+9.986e+03	+0.310
156.500	+7.312e+03	+1.689e+03	+8.773e+03	+0.188
156.600	+7.326e+03	+2.624e+03	+9.571e+03	+0.264
156.700	+7.872e+03	+2.360e+03	+9.344e+03	+0.231
156.800	+7.315e+03	+2.464e+03	+9.988e+03	+0.252
156.900	+7.503e+03	+9.638e+02	+1.127e+04	+0.114
157.000	+6.899e+03	+1.378e+03	+1.030e+04	+0.167
157.100	+9.085e+03	+2.114e+03	+1.079e+04	+0.189
157.200	+7.853e+03	+2.731e+03	+1.123e+04	+0.258
157.300	+7.153e+03	+2.519e+03	+9.979e+03	+0.260
157.400	+5.513e+03	+2.920e+03	+9.164e+03	+0.346
157.500	+8.091e+03	+1.443e+03	+1.086e+04	+0.151
157.600	+7.314e+03	+2.276e+03	+9.850e+03	+0.237
157.700	+7.017e+03	+2.653e+03	+9.926e+03	+0.274
157.800	+8.106e+03	+2.307e+03	+9.637e+03	+0.222
157.900	+7.501e+03	+2.447e+03	+9.931e+03	+0.246
158.000	+8.035e+03	+2.399e+03	+1.143e+04	+0.230
158.100	+6.523e+03	+2.711e+03	+1.009e+04	+0.294
158.200	+7.829e+03	+2.279e+03	+1.019e+04	+0.225
158.300	+7.869e+03	+3.097e+03	+9.026e+03	+0.282
158.400	+9.197e+03	+2.732e+03	+1.021e+04	+0.229
158.500	+7.394e+03	+1.027e+03	+9.168e+03	+0.122
158.600	+7.339e+03	+1.946e+03	+1.128e+04	+0.210
158.700	+7.002e+03	+2.025e+03	+9.443e+03	+0.224
158.800	+6.581e+03	+2.282e+03	+9.048e+03	+0.258
158.900	+7.634e+03	+3.641e+03	+1.107e+04	+0.323
159.000	+6.519e+03	+2.587e+03	+9.732e+03	+0.284
159.100	+8.083e+03	+2.402e+03	+9.269e+03	+0.229
159.200	+7.333e+03	+2.459e+03	+9.528e+03	+0.251
159.300	+7.338e+03	+2.974e+03	+9.606e+03	+0.288
159.400	+8.592e+03	+4.141e+03	+9.944e+03	+0.325
159.500	+5.346e+03	+2.816e+03	+1.103e+04	+0.345
159.600	+8.490e+03	+2.453e+03	+9.509e+03	+0.224
159.700	+7.134e+03	+1.372e+03	+1.102e+04	+0.161
159.800	+7.016e+03	+1.958e+03	+8.957e+03	+0.218
159.900	+9.730e+03	+3.150e+03	+9.241e+03	+0.245
160.000	+8.447e+03	+2.335e+03	+9.781e+03	+0.217
160.100	+6.602e+03	+2.745e+03	+1.086e+04	+0.294
160.200	+7.418e+03	+2.428e+03	+1.142e+04	+0.247
160.300	+7.448e+03	+1.986e+03	+9.528e+03	+0.211
160.400	+6.773e+03	+3.165e+03	+1.082e+04	+0.318
160.500	+7.876e+03	+2.337e+03	+9.963e+03	+0.229
160.600	+6.916e+03	+1.942e+03	+1.076e+04	+0.219
160.700	+9.121e+03	+2.730e+03	+1.141e+04	+0.230
160.800	+7.736e+03	+2.424e+03	+1.024e+04	+0.239
160.900	+7.656e+03	+2.517e+03	+1.015e+04	+0.247
161.000	+6.800e+03	+2.868e+03	+1.143e+04	+0.297
161.100	+7.441e+03	+3.279e+03	+9.725e+03	+0.306
161.200	+8.684e+03	+2.513e+03	+9.526e+03	+0.224
161.300	+8.196e+03	+2.273e+03	+8.799e+03	+0.217
161.400	+7.676e+03	+1.744e+03	+9.640e+03	+0.185
161.500	+7.024e+03	+2.083e+03	+9.502e+03	+0.229
161.600	+7.595e+03	+2.333e+03	+1.030e+04	+0.235
161.700	+8.000e+03	+3.282e+03	+9.498e+03	+0.291
161.800	+7.729e+03	+1.542e+03	+9.198e+03	+0.166
161.900	+7.290e+03	+2.976e+03	+1.071e+04	+0.290
162.000	+8.585e+03	+2.130e+03	+8.698e+03	+0.199
162.100	+7.659e+03	+3.083e+03	+9.416e+03	+0.287
162.200	+6.537e+03	+2.759e+03	+1.079e+04	+0.297
162.300	+7.281e+03	+1.894e+03	+9.638e+03	+0.206
162.400	+9.136e+03	+2.477e+03	+9.945e+03	+0.213
162.500	+7.624e+03	+3.105e+03	+9.935e+03	+0.289
162.600	+7.723e+03	+2.492e+03	+1.066e+04	+0.244
162.700	+6.750e+03	+2.735e+03	+7.802e+03	+0.288
162.800	+8.264e+03	+2.883e+03	+9.461e+03	+0.259
162.900	+7.719e+03	+1.765e+03	+1.027e+04	+0.186
163.000	+7.632e+03	+3.047e+03	+1.027e+04	+0.285
163.100	+7.363e+03	+1.375e+03	+1.090e+04	+0.157
163.200	+7.762e+03	+2.602e+03	+1.064e+04	+0.251
163.300	+8.400e+03	+2.415e+03	+1.212e+04	+0.223
163.400	+7.773e+03	+2.691e+03	+9.191e+03	+0.257
163.500	+8.651e+03	+3.411e+03	+1.026e+04	+0.283
163.600	+7.091e+03	+2.773e+03	+1.074e+04	+0.281
163.700	+7.994e+03	+3.271e+03	+1.035e+04	+0.290
163.800	+8.014e+03	+3.044e+03	+1.012e+04	+0.275
163.900	+8.373e+03	+2.602e+03	+1.028e+04	+0.237
164.000	+7.113e+03	+1.506e+03	+9.650e+03	+0.175
164.100	+8.645e+03	+3.057e+03	+9.170e+03	+0.261
164.200	+6.766e+03	+1.379e+03	+9.997e+03	+0.169
164.300	+7.491e+03	+3.801e+03	+9.973e+03	+0.337
164.400	+6.368e+03	+2.453e+03	+9.061e+03	+0.278
164.500	+6.794e+03	+2.988e+03	+9.662e+03	+0.305
164.600	+8.286e+03	+2.756e+03	+9.452e+03	+0.250
164.700	+7.324e+03	+2.002e+03	+1.069e+04	+0.215
164.800	+8.129e+03	+1.515e+03	+1.020e+04	+0.157
164.900	+7.363e+03	+2.009e+03	+9.424e+03	+0.214
165.000	+7.352e+03	+1.806e+03	+9.703e+03	+0.197
165.100	+8.313e+03	+3.364e+03	+9.959e+03	+0.288
165.200	+7.958e+03	+1.882e+03	+9.132e+03	+0.191
165.300	+6.362e+03	+3.381e+03	+9.466e+03	+0.347
165.400	+6.935e+03	+1.884e+03	+9.324e+03	+0.214
165.500	+7.512e+03	+1.905e+03	+1.005e+04	+0.202
165.600	+7.988e+03	+2.025e+03	+1.097e+04	+0.202
165.700	+9.412e+03	+1.296e+03	+8.713e+03	+0.121
165.800	+6.994e+03	+1.931e+03	+1.074e+04	+0.216
165.900	+7.875e+03	+3.865e+03	+9.507e+03	+0.329
166.000	+7.509e+03	+2.749e+03	+9.409e+03	+0.268
166.100	+7.061e+03	+2.088e+03	+1.038e+04	+0.228
166.200	+8.213e+03	+3.449e+03	+1.000e+04	+0.296
166.300	+7.713e+03	+2.685e+03	+9.465e+03	+0.258
166.400	+6.442e+03	+3.430e+03	+1.175e+04	+0.347
166.500	+7.527e+03	+1.813e+03	+9.059e+03	+0.194
166.600	+7.470e+03	+2.553e+03	+8.773e+03	+0.255
166.700	+7.670e+03	+2.449e+03	+1.008e+04	+0.242
166.800	+7.302e+03	+2.222e+03	+1.132e+04	+0.233
166.900	+7.554e+03	+2.614e+03	+1.013e+04	+0.257
167.000	+6.962e+03	+3.491e+03	+1.001e+04	+0.334
167.100	+6.540e+03	+1.862e+03	+9.792e+03	+0.222
167.200	+7.723e+03	+3.160e+03	+1.003e+04	+0.290
167.300	+7.685e+03	+3.024e+03	+1.059e+04	+0.282
167.400	+7.389e+03	+2.188e+03	+1.010e+04	+0.228
167.500	+6.954e+03	+3.689e+03	+1.054e+04	+0.347
167.600	+6.083e+03	+4.254e+03	+9.631e+03	+0.412
167.700	+6.781e+03	+3.625e+03	+9.314e+03	+0.348
167.800	+8.079e+03	+3.695e+03	+9.384e+03	+0.314
167.900	+8.222e+03	+3.270e+03	+1.043e+04	+0.285
168.000	+6.391e+03	+2.814e+03	+1.016e+04	+0.306
168.100	+8.040e+03	+1.909e+03	+1.051e+04	+0.192
168.200	+8.200e+03	+2.135e+03	+9.176e+03	+0.207
168.300	+8.365e+03	+2.818e+03	+9.424e+03	+0.252
168.400	+7.002e+03	+2.220e+03	+8.608e+03	+0.241
168.500	+7.739e+03	+3.144e+03	+1.006e+04	+0.289
168.600	+6.933e+03	+1.978e+03	+1.110e+04	+0.222
168.700	+8.223e+03	+2.765e+03	+1.000e+04	+0.252
168.800	+8.674e+03	+2.872e+03	+1.017e+04	+0.249
168.900	+7.410e+03	+2.247e+03	+1.007e+04	+0.233
169.000	+8.135e+03	+2.455e+03	+1.039e+04	+0.232
169.100	+7.230e+03	+2.613e+03	+1.020e+04	+0.265
169.200	+6.604e+03	+3.552e+03	+1.061e+04	+0.350
169.300	+6.530e+03	+1.121e+03	+9.048e+03	+0.147
169.400	+7.292e+03	+1.695e+03	+1.036e+04	+0.189
169.500	+6.470e+03	+3.300e+03	+1.129e+04	+0.338
169.600	+8.453e+03	+2.557e+03	+1.018e+04	+0.232
169.700	+7.264e+03	+1.027e+03	+9.993e+03	+0.124
169.800	+8.383e+03	+1.884e+03	+9.513e+03	+0.184
169.900	+7.313e+03	+1.924e+03	+1.028e+04	+0.208
170.000	+9.237e+03	+2.670e+03	+1.000e+04	+0.224
170.100	+6.483e+03	+1.684e+03	+1.025e+04	+0.206
170.200	+7.785e+03	+2.088e+03	+1.034e+04	+0.212
170.300	+8.567e+03	+8.936e+02	+9.238e+03	+0.094
170.400	+8.267e+03	+2.548e+03	+8.958e+03	+0.236
170.500	+7.261e+03	+4.083e+03	+9.675e+03	+0.360
170.600	+6.834e+03	+2.010e+03	+1.007e+04	+0.227
170.700	+8.662e+03	+2.883e+03	+9.370e+03	+0.250
170.800	+7.453e+03	+3.626e+03	+1.080e+04	+0.327
170.900	+7.477e+03	+2.991e+03	+9.842e+03	+0.286
171.000	+6.245e+03	+2.092e+03	+1.041e+04	+0.251
171.100	+7.939e+03	+2.952e+03	+1.010e+04	+0.271
171.200	+7.076e+03	+2.102e+03	+1.010e+04	+0.229
171.300	+7.003e+03	+3.042e+03	+9.646e+03	+0.303
171.400	+7.486e+03	+3.317e+03	+1.114e+04	+0.307
171.500	+7.478e+03	+2.306e+03	+1.056e+04	+0.236
171.600	+8.063e+03	+1.679e+03	+9.885e+03	+0.172
171.700	+7.803e+03	+2.854e+03	+1.067e+04	+0.268
171.800	+5.996e+03	+2.283e+03	+1.045e+04	+0.276
171.900	+7.762e+03	+1.378e+03	+1.021e+04	+0.151
172.000	+6.512e+03	+2.394e+03	+8.722e+03	+0.269
172.100	+7.598e+03	+2.884e+03	+9.411e+03	+0.275
172.200	+8.683e+03	+2.229e+03	+1.048e+04	+0.204
172.300	+7.500e+03	+3.040e+03	+1.054e+04	+0.288
172.400	+6.090e+03	+2.502e+03	+9.797e+03	+0.291
172.500	+7.638e+03	+1.657e+03	+9.560e+03	+0.178
172.600	+7.139e+03	+1.316e+03	+9.814e+03	+0.156
172.700	+7.343e+03	+2.065e+03	+9.801e+03	+0.220
172.800	+6.976e+03	+1.624e+03	+9.135e+03	+0.189
172.900	+7.196e+03	+2.364e+03	+9.367e+03	+0.247
173.000	+6.799e+03	+3.094e+03	+9.882e+03	+0.313
173.100	+7.531e+03	+1.536e+03	+9.613e+03	+0.169
173.200	+6.614e+03	+4.002e+03	+1.079e+04	+0.377
173.300	+8.336e+03	+3.355e+03	+9.344e+03	+0.287
173.400	+7.179e+03	+3.626e+03	+1.021e+04	+0.336
173.500	+7.712e+03	+2.659e+03	+9.798e+03	+0.256
173.600	+8.070e+03	+2.182e+03	+9.454e+03	+0.213
173.700	+6.691e+03	+2.146e+03	+1.118e+04	+0.243
173.800	+6.488e+03	+1.731e+03	+9.618e+03	+0.211
173.900	+7.706e+03	+2.426e+03	+9.533e+03	+0.239
174.000	+7.729e+03	+2.909e+03	+1.004e+04	+0.273
174.100	+7.585e+03	+3.575e+03	+9.580e+03	+0.320
174.200	+6.458e+03	+3.190e+03	+1.012e+04	+0.331
174.300	+7.334e+03	+2.926e+03	+8.907e+03	+0.285
174.400	+8.579e+03	+2.409e+03	+9.532e+03	+0.219
174.500	+6.469e+03	+2.692e+03	+9.256e+03	+0.294
174.600	+6.967e+03	+2.143e+03	+9.525e+03	+0.235
174.700	+8.081e+03	+3.599e+03	+9.938e+03	+0.308
174.800	+7.515e+03	+2.497e+03	+9.945e+03	+0.249
174.900	+8.548e+03	+3.662e+03	+1.057e+04	+0.300
175.000	+7.112e+03	+2.178e+03	+8.486e+03	+0.234
175.100	+7.381e+03	+2.534e+03	+8.789e+03	+0.256
175.200	+7.903e+03	+2.314e+03	+1.119e+04	+0.226
175.300	+7.738e+03	+4.120e+03	+9.206e+03	+0.347
175.400	+6.643e+03	+3.073e+03	+1.095e+04	+0.316
175.500	+7.096e+03	+1.968e+03	+1.039e+04	+0.217
175.600	+7.182e+03	+2.374e+03	+1.016e+04	+0.248
175.700	+9.193e+03	+2.144e+03	+1.011e+04	+0.189
175.800	+7.558e+03	+2.775e+03	+1.083e+04	+0.269
175.900	+7.698e+03	+2.340e+03	+1.056e+04	+0.233
176.000	+7.156e+03	+3.443e+03	+9.926e+03	+0.325
176.100	+8.272e+03	+2.931e+03	+1.091e+04	+0.262
176.200	+7.292e+03	+2.346e+03	+1.057e+04	+0.243
176.300	+7.596e+03	+2.789e+03	+8.033e+03	+0.269
176.400	+8.477e+03	+2.634e+03	+9.790e+03	+0.237
176.500	+7.215e+03	+3.012e+03	+1.075e+04	+0.295
176.600	+8.206e+03	+1.153e+03	+9.171e+03	+0.123
176.700	+8.181e+03	+1.490e+03	+1.053e+04	+0.154
176.800	+7.164e+03	+2.685e+03	+9.265e+03	+0.273
176.900	+8.237e+03	+1.365e+03	+9.755e+03	+0.142
177.000	+7.316e+03	+2.457e+03	+1.017e+04	+0.251
177.100	+8.172e+03	+2.240e+03	+1.016e+04	+0.215
177.200	+7.421e+03	+2.477e+03	+1.097e+04	+0.250
177.300	+7.919e+03	+2.593e+03	+1.091e+04	+0.247
177.400	+8.664e+03	+2.211e+03	+9.896e+03	+0.203
177.500	+6.808e+03	+1.817e+03	+1.060e+04	+0.211
177.600	+7.070e+03	+1.578e+03	+1.041e+04	+0.182
177.700	+6.550e+03	+3.049e+03	+9.280e+03	+0.318
177.800	+5.912e+03	+2.994e+03	+9.489e+03	+0.336
177.900	+6.654e+03	+2.963e+03	+1.017e+04	+0.308
178.000	+6.457e+03	+1.277e+03	+9.655e+03	+0.165
178.100	+7.674e+03	+3.439e+03	+9.813e+03	+0.309
178.200	+8.615e+03	+2.240e+03	+9.560e+03	+0.206
178.300	+7.199e+03	+2.796e+03	+9.689e+03	+0.280
178.400	+7.418e+03	+3.069e+03	+9.926e+03	+0.293
178.500	+7.400e+03	+1.921e+03	+8.811e+03	+0.206
178.600	+8.327e+03	+2.791e+03	+1.015e+04	+0.251
178.700	+7.334e+03	+3.101e+03	+1.004e+04	+0.297
178.800	+7.023e+03	+3.175e+03	+1.023e+04	+0.311
178.900	+7.465e+03	+3.139e+03	+9.420e+03	+0.296
179.000	+8.044e+03	+2.789e+03	+1.004e+04	+0.257
179.100	+7.577e+03	+2.823e+03	+9.321e+03	+0.271
179.200	+7.769e+03	+1.145e+03	+1.077e+04	+0.128
179.300	+6.794e+03	+1.757e+03	+9.700e+03	+0.205
179.400	+7.039e+03	+4.089e+03	+1.018e+04	+0.367
179.500	+7.010e+03	+2.799e+03	+1.046e+04	+0.285
179.600	+8.646e+03	+2.256e+03	+9.871e+03	+0.207
179.700	+8.102e+03	+1.921e+03	+9.927e+03	+0.192
179.800	+7.462e+03	+3.698e+03	+9.213e+03	+0.331
179.900	+8.731e+03	+2.326e+03	+1.026e+04	+0.210
180.000	+7.435e+03	+2.085e+03	+9.847e+03	+0.219
180.100	+7.650e+03	+2.097e+03	+9.249e+03	+0.215
180.200	+7.253e+03	+2.330e+03	+1.065e+04	+0.243
180.300	+6.486e+03	+2.348e+03	+1.040e+04	+0.266
180.400	+7.305e+03	+2.777e+03	+8.497e+03	+0.275
180.500	+6.387e+03	+2.690e+03	+1.035e+04	+0.296
180.600	+7.718e+03	+2.287e+03	+9.930e+03	+0.229
180.700	+7.282e+03	+2.840e+03	+1.063e+04	+0.281
180.800	+8.904e+03	+2.850e+03	+9.902e+03	+0.242
180.900	+8.461e+03	+2.367e+03	+9.583e+03	+0.219
181.000	+7.594e+03	+3.405e+03	+9.694e+03	+0.310
181.100	+8.300e+03	+3.840e+03	+9.901e+03	+0.316
181.200	+8.592e+03	+2.847e+03	+1.015e+04	+0.249
181.300	+7.799e+03	+2.782e+03	+9.778e+03	+0.263
181.400	+7.440e+03	+1.839e+03	+9.196e+03	+0.198
181.500	+7.320e+03	+2.280e+03	+1.144e+04	+0.237
181.600	+8.026e+03	+3.132e+03	+1.059e+04	+0.281
181.700	+8.615e+03	+2.997e+03	+9.332e+03	+0.258
181.800	+7.471e+03	+2.712e+03	+9.839e+03	+0.266
181.900	+6.234e+03	+3.518e+03	+1.027e+04	+0.361
182.000	+8.006e+03	+3.232e+03	+9.797e+03	+0.288
182.100	+8.118e+03	+3.139e+03	+1.019e+04	+0.279
182.200	+8.527e+03	+3.277e+03	+1.030e+04	+0.278
182.300	+7.269e+03	+2.058e+03	+9.672e+03	+0.221
182.400	+7.592e+03	+2.539e+03	+1.019e+04	+0.251
182.500	+5.811e+03	+2.981e+03	+1.115e+04	+0.339
182.600	+4.761e+03	+4.267e+03	+9.738e+03	+0.473
182.700	+4.161e+03	+4.252e+03	+8.689e+03	+0.505
182.800	+4.889e+03	+5.019e+03	+9.227e+03	+0.507
182.900	+5.815e+03	+4.462e+03	+9.886e+03	+0.434
183.000	+6.332e+03	+4.721e+03	+1.010e+04	+0.427
183.100	+3.591e+03	+4.704e+03	+1.111e+04	+0.567
183.200	+5.182e+03	+4.591e+03	+1.113e+04	+0.470
183.300	+3.339e+03	+4.524e+03	+1.114e+04	+0.575
183.400	+5.967e+03	+5.658e+03	+1.088e+04	+0.487
183.500	+4.592e+03	+5.469e+03	+1.019e+04	+0.544
183.600	+5.793e+03	+4.679e+03	+1.045e+04	+0.447
183.700	+3.933e+03	+4.934e+03	+1.035e+04	+0.556
183.800	+4.799e+03	+5.170e+03	+1.003e+04	+0.519
183.900	+3.445e+03	+5.389e+03	+1.054e+04	+0.610
184.000	+4.848e+03	+5.532e+03	+1.006e+04	+0.533
184.100	+5.284e+03	+4.689e+03	+8.285e+03	+0.470
184.200	+4.743e+03	+4.633e+03	+1.084e+04	+0.494
184.300	+5.144e+03	+5.170e+03	+1.006e+04	+0.501
184.400	+5.161e+03	+5.600e+03	+1.013e+04	+0.520
184.500	+3.828e+03	+5.858e+03	+8.905e+03	+0.605
184.600	+5.271e+03	+4.687e+03	+9.281e+03	+0.471
184.700	+3.975e+03	+5.962e+03	+1.012e+04	+0.600
184.800	+1.364e+03	+7.116e+03	+1.048e+04	+0.839
184.900	+1.452e+03	+8.423e+03	+1.016e+04	+0.853
185.000	+2.430e+03	+7.706e+03	+1.096e+04	+0.760
185.100	+1.925e+03	+8.643e+03	+9.428e+03	+0.818
185.200	+2.413e+03	+8.213e+03	+1.012e+04	+0.773
185.300	+2.212e+03	+8.762e+03	+9.318e+03	+0.798
185.400	+2.261e+03	+8.305e+03	+1.031e+04	+0.786
185.500	+2.599e+03	+8.189e+03	+9.379e+03	+0.759
185.600	+1.913e+03	+7.377e+03	+9.625e+03	+0.794
185.700	+2.253e+03	+7.593e+03	+1.024e+04	+0.771
185.800	+1.066e+03	+7.440e+03	+9.912e+03	+0.875
185.900	+2.645e+03	+7.613e+03	+8.350e+03	+0.742
186.000	+1.212e+03	+8.560e+03	+1.039e+04	+0.876
186.100	+3.138e+03	+7.878e+03	+9.648e+03	+0.715
186.200	+2.930e+03	+7.849e+03	+1.040e+04	+0.728
186.300	+1.803e+03	+8.529e+03	+9.625e+03	+0.826
186.400	+1.988e+03	+7.333e+03	+1.045e+04	+0.787
186.500	+2.092e+03	+7.614e+03	+9.283e+03	+0.784
186.600	+2.516e+03	+7.576e+03	+9.439e+03	+0.751
186.700	+2.625e+03	+8.664e+03	+1.012e+04	+0.767
186.800	+1.390e+03	+8.469e+03	+9.970e+03	+0.859
186.900	+1.116e+03	+8.787e+03	+1.042e+04	+0.887
187.000	+2.506e+03	+6.703e+03	+9.924e+03	+0.728
187.100	+5.177e+03	+6.396e+03	+1.090e+04	+0.553
187.200	+5.448e+03	+3.993e+03	+1.043e+04	+0.423
187.300	+5.395e+03	+4.345e+03	+1.055e+04	+0.446
187.400	+5.599e+03	+5.430e+03	+1.056e+04	+0.492
187.500	+4.136e+03	+5.234e+03	+1.187e+04	+0.559
187.600	+4.523e+03	+4.915e+03	+9.563e+03	+0.521
187.700	+4.650e+03	+5.316e+03	+1.134e+04	+0.533
187.800	+4.438e+03	+3.963e+03	+8.985e+03	+0.472
187.900	+2.615e+03	+7.271e+03	+9.455e+03	+0.735
188.000	+7.718e+02	+8.348e+03	+1.087e+04	+0.915
188.100	+1.080e+03	+7.303e+03	+1.166e+04	+0.871
188.200	+2.433e+03	+8.312e+03	+1.046e+04	+0.774
188.300	+1.447e+03	+9.262e+03	+9.411e+03	+0.865
188.400	+2.102e+03	+9.077e+03	+1.108e+04	+0.812
188.500	+2.297e+03	+6.871e+03	+1.025e+04	+0.749
188.600	+7.466e+02	+6.926e+03	+9.914e+03	+0.903
188.700	+2.431e+03	+8.283e+03	+1.063e+04	+0.773
188.800	+1.832e+03	+8.949e+03	+1.101e+04	+0.830
188.900	+1.846e+03	+8.151e+03	+9.833e+03	+0.815
189.000	+1.763e+03	+7.245e+03	+1.068e+04	+0.804
189.100	+1.717e+03	+7.543e+03	+1.036e+04	+0.815
189.200	+8.237e+02	+7.072e+03	+9.114e+03	+0.896
189.300	+2.217e+03	+7.160e+03	+9.100e+03	+0.764
189.400	+2.201e+03	+6.762e+03	+9.444e+03	+0.754
189.500	+2.052e+03	+8.948e+03	+1.027e+04	+0.813
189.600	+1.813e+03	+9.000e+03	+9.376e+03	+0.832
189.700	+2.392e+03	+8.150e+03	+1.051e+04	+0.773
189.800	+2.505e+03	+8.009e+03	+9.806e+03	+0.762
189.900	+2.430e+03	+7.350e+03	+9.289e+03	+0.752
190.000	+4.132e+03	+7.064e+03	+9.888e+03	+0.631
190.100	+2.051e+03	+7.846e+03	+9.953e+03	+0.793
190.200	+1.559e+03	+7.454e+03	+1.141e+04	+0.827
190.300	+5.383e+03	+6.402e+03	+1.158e+04	+0.543
190.400	+5.179e+03	+4.333e+03	+1.083e+04	+0.456
190.500	+5.152e+03	+4.433e+03	+1.012e+04	+0.462
190.600	+4.642e+03	+6.506e+03	+1.071e+04	+0.584
190.700	+4.071e+03	+4.778e+03	+9.690e+03	+0.540
190.800	+5.543e+03	+3.870e+03	+1.027e+04	+0.411
190.900	+5.150e+03	+4.731e+03	+1.075e+04	+0.479
191.000	+4.427e+03	+4.975e+03	+9.691e+03	+0.529
191.100	+5.317e+03	+5.138e+03	+8.945e+03	+0.491
191.200	+5.290e+03	+5.223e+03	+9.339e+03	+0.497
191.300	+3.762e+03	+6.214e+03	+9.673e+03	+0.623
191.400	+5.239e+03	+4.788e+03	+8.933e+03	+0.477
191.500	+4.561e+03	+5.677e+03	+1.033e+04	+0.555
191.600	+7.506e+03	+3.652e+03	+1.055e+04	+0.327
191.700	+6.969e+03	+1.580e+03	+9.969e+03	+0.185
191.800	+7.260e+03	+1.161e+03	+9.887e+03	+0.138
191.900	+6.948e+03	+2.069e+03	+1.045e+04	+0.229
192.000	+7.040e+03	+2.310e+03	+9.360e+03	+0.247
192.100	+7.729e+03	+2.157e+03	+9.371e+03	+0.218
192.200	+7.161e+03	+3.095e+03	+1.019e+04	+0.302
192.300	+6.819e+03	+2.385e+03	+1.003e+04	+0.259
192.400	+7.718e+03	+1.642e+03	+9.494e+03	+0.175
192.500	+7.941e+03	+3.104e+03	+9.067e+03	+0.281
192.600	+7.811e+03	+1.870e+03	+9.598e+03	+0.193
192.700	+7.946e+03	+2.077e+03	+9.111e+03	+0.207
192.800	+7.807e+03	+3.043e+03	+1.008e+04	+0.280
192.900	+8.423e+03	+3.177e+03	+1.037e+04	+0.274
193.000	+8.636e+03	+2.032e+03	+1.063e+04	+0.190
193.100	+7.070e+03	+1.693e+03	+1.001e+04	+0.193
193.200	+7.706e+03	+3.662e+03	+8.542e+03	+0.322
193.300	+7.526e+03	+3.626e+03	+9.029e+03	+0.325
193.400	+9.529e+03	+2.752e+03	+9.789e+03	+0.224
193.500	+7.950e+03	+1.440e+03	+9.397e+03	+0.153
193.600	+5.908e+03	+1.806e+03	+9.895e+03	+0.234
193.700	+7.824e+03	+3.161e+03	+1.058e+04	+0.288
193.800	+6.585e+03	+3.244e+03	+9.720e+03	+0.330
193.900	+7.806e+03	+3.280e+03	+1.057e+04	+0.296
194.000	+7.802e+03	+1.458e+03	+9.868e+03	+0.157
194.100	+7.428e+03	+2.280e+03	+1.095e+04	+0.235
194.200	+7.304e+03	+3.368e+03	+9.421e+03	+0.316
194.300	+8.090e+03	+2.951e+03	+1.071e+04	+0.267
194.400	+5.843e+03	+2.282e+03	+1.058e+04	+0.281
194.500	+7.834e+03	+2.937e+03	+8.669e+03	+0.273
194.600	+7.272e+03	+2.145e+03	+1.028e+04	+0.228
194.700	+7.886e+03	+2.642e+03	+8.888e+03	+0.251
194.800	+6.787e+03	+4.424e+03	+1.047e+04	+0.395
194.900	+6.818e+03	+1.460e+03	+9.282e+03	+0.176
195.000	+7.859e+03	+2.580e+03	+1.027e+04	+0.247
195.100	+7.899e+03	+2.276e+03	+9.580e+03	+0.224
195.200	+6.788e+03	+2.711e+03	+1.026e+04	+0.285
195.300	+8.203e+03	+3.938e+03	+1.077e+04	+0.324
195.400	+4.957e+03	+4.807e+03	+1.092e+04	+0.492
195.500	+5.972e+03	+4.131e+03	+1.064e+04	+0.409
195.600	+1.679e+03	+7.912e+03	+9.630e+03	+0.825
195.700	+3.079e+03	+8.929e+03	+1.060e+04	+0.744
195.800	+1.061e+03	+9.283e+03	+9.780e+03	+0.897
195.900	+1.405e+03	+8.271e+03	+9.945e+03	+0.855
196.000	+2.351e+03	+6.862e+03	+1.027e+04	+0.745
196.100	+2.141e+03	+7.914e+03	+9.705e+03	+0.787
196.200	+4.665e+03	+5.493e+03	+1.067e+04	+0.541
196.300	+5.982e+03	+5.315e+03	+8.560e+03	+0.470
196.400	+4.920e+03	+3.878e+03	+9.414e+03	+0.441
196.500	+4.989e+03	+5.833e+03	+9.844e+03	+0.539
196.600	+2.764e+03	+6.869e+03	+9.939e+03	+0.713
196.700	+1.374e+03	+7.669e+03	+9.915e+03	+0.848
196.800	+2.780e+03	+8.391e+03	+9.055e+03	+0.751
196.900	+2.817e+03	+6.347e+03	+9.491e+03	+0.693
197.000	+2.790e+03	+7.872e+03	+1.061e+04	+0.738
197.100	+2.245e+03	+8.228e+03	+9.701e+03	+0.786
197.200	+2.882e+03	+7.404e+03	+9.347e+03	+0.720
197.300	+2.216e+03	+7.636e+03	+9.058e+03	+0.775
197.400	+1.291e+03	+8.172e+03	+9.539e+03	+0.864
197.500	+1.769e+03	+8.967e+03	+9.882e+03	+0.835
197.600	+1.897e+03	+8.522e+03	+9.415e+03	+0.818
197.700	+2.126e+03	+6.887e+03	+1.085e+04	+0.764
197.800	+1.546e+03	+7.831e+03	+1.020e+04	+0.835
197.900	+1.546e+03	+8.876e+03	+1.029e+04	+0.852
198.000	+3.008e+03	+7.705e+03	+1.111e+04	+0.719
198.100	+1.741e+03	+7.313e+03	+1.026e+04	+0.808
198.200	+2.100e+03	+7.370e+03	+9.791e+03	+0.778
198.300	+1.135e+03	+7.931e+03	+1.098e+04	+0.875
198.400	+1.915e+03	+7.502e+03	+9.700e+03	+0.797
198.500	+5.845e+02	+8.477e+03	+8.533e+03	+0.936
198.600	+2.293e+03	+7.411e+03	+9.886e+03	+0.764
198.700	+1.267e+03	+6.544e+03	+1.017e+04	+0.838
198.800	+1.970e+03	+8.245e+03	+9.581e+03	+0.807
198.900	+2.121e+03	+7.481e+03	+1.036e+04	+0.779
199.000	+2.113e+03	+9.535e+03	+1.019e+04	+0.819
199.100	+2.042e+03	+7.585e+03	+1.002e+04	+0.788
199.200	+2.417e+03	+8.625e+03	+1.129e+04	+0.781
199.300	+1.575e+03	+8.684e+03	+9.714e+03	+0.846
199.400	+2.392e+03	+8.597e+03	+1.053e+04	+0.782
199.500	+2.187e+03	+7.966e+03	+1.081e+04	+0.785
199.600	+1.034e+03	+8.662e+03	+9.996e+03	+0.893
199.700	+1.584e+03	+9.157e+03	+8.959e+03	+0.852
199.800	+2.641e+03	+8.150e+03	+8.982e+03	+0.755
