%t (s)	Idd (a.u.)	Ida (a.u.)	Iaa (a.u.)	FRET E
0.000	+7.724e+03	+1.207e+03	+1.053e+04	+0.135
0.100	+7.480e+03	+1.477e+03	+1.017e+04	+0.165
0.200	+7.592e+03	+2.653e+03	+8.990e+03	+0.259
0.300	+7.767e+03	+2.405e+03	+9.082e+03	+0.236
0.400	+5.732e+03	+2.204e+03	+1.050e+04	+0.278
0.500	+8.940e+03	+2.434e+03	+1.063e+04	+0.214
0.600	+8.330e+03	+3.415e+03	+9.615e+03	+0.291
0.700	+6.973e+03	+1.854e+03	+9.825e+03	+0.210
0.800	+8.170e+03	+2.086e+03	+9.208e+03	+0.203
0.900	+8.781e+03	+3.877e+03	+1.157e+04	+0.306
1.000	+6.964e+03	+2.965e+03	+9.389e+03	+0.299
1.100	+7.659e+03	+3.546e+03	+9.030e+03	+0.316
1.200	+7.066e+03	+3.230e+03	+9.881e+03	+0.314
1.300	+9.257e+03	+2.800e+03	+8.424e+03	+0.232
1.400	+7.683e+03	+2.624e+03	+1.096e+04	+0.255
1.500	+8.304e+03	+1.567e+03	+9.467e+03	+0.159
1.600	+7.636e+03	+2.840e+03	+9.097e+03	+0.271
1.700	+7.092e+03	+2.110e+03	+8.417e+03	+0.229
1.800	+6.740e+03	+1.988e+03	+1.050e+04	+0.228
1.900	+7.975e+03	+2.547e+03	+1.065e+04	+0.242
2.000	+8.223e+03	+1.764e+03	+9.116e+03	+0.177
2.100	+7.766e+03	+3.651e+03	+1.073e+04	+0.320
2.200	+7.323e+03	+2.900e+03	+1.012e+04	+0.284
2.300	+8.402e+03	+1.801e+03	+9.585e+03	+0.177
2.400	+7.147e+03	+2.777e+03	+1.083e+04	+0.280
2.500	+6.669e+03	+2.199e+03	+9.435e+03	+0.248
2.600	+7.992e+03	+4.465e+03	+1.036e+04	+0.358
2.700	+7.252e+03	+2.327e+03	+1.003e+04	+0.243
2.800	+8.576e+03	+1.807e+03	+9.843e+03	+0.174
2.900	+7.982e+03	+3.112e+03	+1.012e+04	+0.280
3.000	+7.620e+03	+4.878e+03	+1.036e+04	+0.390
3.100	+8.275e+03	+2.124e+03	+1.063e+04	+0.204
3.200	+7.350e+03	+3.246e+03	+8.846e+03	+0.306
3.300	+7.674e+03	+1.977e+03	+9.477e+03	+0.205
3.400	+7.139e+03	+3.573e+03	+1.009e+04	+0.334
3.500	+7.422e+03	+2.111e+03	+9.592e+03	+0.221
3.600	+7.506e+03	+2.705e+03	+9.875e+03	+0.265
3.700	+8.186e+03	+3.445e+03	+9.764e+03	+0.296
3.800	+6.894e+03	+2.559e+03	+1.054e+04	+0.271
3.900	+7.355e+03	+2.697e+03	+1.008e+04	+0.268
4.000	+6.846e+03	+2.666e+03	+1.208e+04	+0.280
4.100	+6.928e+03	+2.508e+03	+1.039e+04	+0.266
4.200	+6.557e+03	+2.508e+03	+9.468e+03	+0.277
4.300	+6.921e+03	+3.246e+03	+9.644e+03	+0.319
4.400	+8.693e+03	+2.056e+03	+1.034e+04	+0.191
4.500	+8.138e+03	+2.163e+03	+1.139e+04	+0.210
4.600	+8.272e+03	+2.195e+03	+1.131e+04	+0.210
4.700	+7.241e+03	+2.843e+03	+9.209e+03	+0.282
4.800	+8.051e+03	+2.338e+03	+8.792e+03	+0.225
4.900	+9.181e+03	+1.939e+03	+1.025e+04	+0.174
5.000	+7.329e+03	+3.389e+03	+1.028e+04	+0.316
5.100	+7.552e+03	+2.911e+03	+9.636e+03	+0.278
5.200	+7.774e+03	+1.804e+03	+9.341e+03	+0.188
5.300	+7.622e+03	+3.569e+03	+9.343e+03	+0.319
5.400	+6.173e+03	+2.547e+03	+1.002e+04	+0.292
5.500	+7.694e+03	+1.604e+03	+1.011e+04	+0.172
5.600	+7.856e+03	+9.654e+02	+1.064e+04	+0.109
5.700	+6.482e+03	+2.200e+03	+1.073e+04	+0.253
5.800	+7.063e+03	+1.135e+03	+8.919e+03	+0.138
5.900	+6.519e+03	+2.818e+03	+1.027e+04	+0.302
6.000	+6.404e+03	+2.736e+03	+1.016e+04	+0.299
6.100	+8.254e+03	+3.046e+03	+9.889e+03	+0.270
6.200	+8.019e+03	+3.638e+03	+9.421e+03	+0.312
6.300	+8.611e+03	+2.089e+03	+1.156e+04	+0.195
6.400	+7.266e+03	+2.334e+03	+1.017e+04	+0.243
6.500	+7.319e+03	+1.227e+03	+1.003e+04	+0.144
6.600	+7.590e+03	+2.108e+03	+1.080e+04	+0.217
6.700	+7.401e+03	+2.192e+03	+1.023e+04	+0.229
6.800	+7.114e+03	+3.025e+03	+9.530e+03	+0.298
6.900	+6.690e+03	+1.214e+03	+9.903e+03	+0.154
7.000	+7.800e+03	+2.565e+03	+1.017e+04	+0.247
7.100	+8.323e+03	+2.307e+03	+9.349e+03	+0.217
7.200	+7.516e+03	+1.702e+03	+1.034e+04	+0.185
7.300	+7.197e+03	+1.449e+03	+1.040e+04	+0.168
7.400	+8.305e+03	+2.954e+03	+9.197e+03	+0.262
7.500	+7.625e+03	+1.197e+03	+8.456e+03	+0.136
7.600	+6.716e+03	+1.383e+03	+9.896e+03	+0.171
7.700	+7.220e+03	+3.135e+03	+9.897e+03	+0.303
7.800	+7.195e+03	+4.029e+03	+9.438e+03	+0.359
7.900	+6.730e+03	+1.264e+03	+1.089e+04	+0.158
8.000	+8.293e+03	+1.983e+03	+9.916e+03	+0.193
8.100	+6.902e+03	+2.433e+03	+9.490e+03	+0.261
8.200	+9.178e+03	+1.225e+03	+9.887e+03	+0.118
8.300	+6.898e+03	+1.712e+03	+1.022e+04	+0.199
8.400	+7.718e+03	+1.642e+03	+9.931e+03	+0.175
8.500	+7.748e+03	+2.058e+03	+1.171e+04	+0.210
8.600	+6.702e+03	+2.725e+03	+1.037e+04	+0.289
8.700	+8.023e+03	+2.128e+03	+9.575e+03	+0.210
8.800	+7.377e+03	+2.286e+03	+9.817e+03	+0.237
8.900	+7.404e+03	+1.979e+03	+9.536e+03	+0.211
9.000	+7.543e+03	+3.290e+03	+1.088e+04	+0.304
9.100	+7.876e+03	+1.210e+03	+9.203e+03	+0.133
9.200	+6.268e+03	+2.561e+03	+1.083e+04	+0.290
9.300	+6.198e+03	+3.249e+03	+1.041e+04	+0.344
9.400	+7.760e+03	+2.322e+03	+9.296e+03	+0.230
9.500	+7.527e+03	+2.152e+03	+1.066e+04	+0.222
9.600	+5.364e+03	+1.962e+03	+8.987e+03	+0.268
9.700	+7.473e+03	+3.407e+03	+1.114e+04	+0.313
9.800	+8.315e+03	+3.188e+03	+1.127e+04	+0.277
9.900	+6.731e+03	+2.684e+03	+9.497e+03	+0.285
10.000	+7.299e+03	+2.882e+03	+9.181e+03	+0.283
10.100	+6.995e+03	+2.775e+03	+8.568e+03	+0.284
10.200	+7.873e+03	+1.705e+03	+9.990e+03	+0.178
10.300	+8.688e+03	+2.907e+03	+9.907e+03	+0.251
10.400	+6.701e+03	+3.167e+03	+9.967e+03	+0.321
10.500	+6.638e+03	+2.157e+03	+9.935e+03	+0.245
10.600	+6.170e+03	+2.234e+03	+1.082e+04	+0.266
10.700	+8.969e+03	+2.475e+03	+8.827e+03	+0.216
10.800	+7.440e+03	+3.209e+03	+1.033e+04	+0.301
10.900	+8.391e+03	+2.245e+03	+8.735e+03	+0.211
11.000	+7.521e+03	+4.182e+03	+9.451e+03	+0.357
11.100	+7.325e+03	+1.632e+03	+9.704e+03	+0.182
11.200	+8.014e+03	+1.752e+03	+1.009e+04	+0.179
11.300	+6.802e+03	+2.495e+03	+9.586e+03	+0.268
11.400	+8.278e+03	+2.345e+03	+1.022e+04	+0.221
11.500	+7.999e+03	+7.339e+02	+9.281e+03	+0.084
11.600	+6.507e+03	+3.802e+03	+9.605e+03	+0.369
11.700	+7.170e+03	+3.238e+03	+1.072e+04	+0.311
11.800	+7.458e+03	+4.396e+03	+9.522e+03	+0.371
11.900	+8.019e+03	+2.864e+03	+8.516e+03	+0.263
12.000	+7.093e+03	+3.447e+03	+1.007e+04	+0.327
12.100	+6.696e+03	+2.454e+03	+1.015e+04	+0.268
12.200	+7.650e+03	+3.078e+03	+9.735e+03	+0.287
12.300	+7.496e+03	+2.858e+03	+9.430e+03	+0.276
12.400	+7.581e+03	+4.432e+03	+8.624e+03	+0.369
12.500	+7.284e+03	+2.254e+03	+8.724e+03	+0.236
12.600	+7.027e+03	+2.274e+03	+1.010e+04	+0.244
12.700	+7.625e+03	+2.811e+03	+9.269e+03	+0.269
12.800	+7.155e+03	+2.185e+03	+9.247e+03	+0.234
12.900	+7.223e+03	+3.102e+03	+1.015e+04	+0.300
13.000	+6.888e+03	+2.541e+03	+1.020e+04	+0.270
13.100	+6.427e+03	+3.078e+03	+9.177e+03	+0.324
13.200	+7.155e+03	+3.624e+03	+1.053e+04	+0.336
13.300	+7.062e+03	+2.649e+03	+1.010e+04	+0.273
13.400	+7.617e+03	+2.348e+03	+1.167e+04	+0.236
13.500	+7.782e+03	+3.185e+03	+1.044e+04	+0.290
13.600	+6.984e+03	+3.695e+03	+1.041e+04	+0.346
13.700	+7.559e+03	+2.371e+03	+9.194e+03	+0.239
13.800	+8.369e+03	+1.646e+03	+1.020e+04	+0.164
13.900	+6.148e+03	+1.877e+03	+9.909e+03	+0.234
14.000	+7.108e+03	+2.197e+03	+9.380e+03	+0.236
14.100	+7.443e+03	+3.108e+03	+1.100e+04	+0.295
14.200	+8.006e+03	+2.947e+03	+9.003e+03	+0.269
14.300	+6.685e+03	+3.218e+03	+9.604e+03	+0.325
14.400	+7.416e+03	+1.618e+03	+8.792e+03	+0.179
14.500	+7.302e+03	+2.498e+03	+1.038e+04	+0.255
14.600	+9.095e+03	+3.886e+03	+1.012e+04	+0.299
14.700	+6.970e+03	+2.136e+03	+1.060e+04	+0.235
14.800	+7.343e+03	+2.223e+03	+1.004e+04	+0.232
14.900	+7.532e+03	+2.807e+03	+1.043e+04	+0.272
15.000	+6.708e+03	+2.611e+03	+9.811e+03	+0.280
15.100	+7.590e+03	+1.321e+03	+1.043e+04	+0.148
15.200	+7.298e+03	+2.719e+03	+1.074e+04	+0.271
15.300	+8.162e+03	+1.173e+03	+1.087e+04	+0.126
15.400	+7.793e+03	+2.129e+03	+9.506e+03	+0.215
15.500	+6.639e+03	+3.240e+03	+9.787e+03	+0.328
15.600	+7.224e+03	+2.131e+03	+1.009e+04	+0.228
15.700	+7.982e+03	+2.147e+03	+9.194e+03	+0.212
15.800	+8.379e+03	+3.266e+03	+9.103e+03	+0.280
15.900	+7.051e+03	+4.167e+03	+9.190e+03	+0.371
16.000	+7.636e+03	+2.638e+03	+1.030e+04	+0.257
16.100	+7.949e+03	+1.754e+03	+9.021e+03	+0.181
16.200	+5.717e+03	+3.157e+03	+1.036e+04	+0.356
16.300	+8.439e+03	+2.038e+03	+9.918e+03	+0.195
16.400	+7.816e+03	+3.697e+03	+1.001e+04	+0.321
16.500	+7.821e+03	+2.917e+03	+7.810e+03	+0.272
16.600	+7.492e+03	+2.467e+03	+1.019e+04	+0.248
16.700	+8.623e+03	+2.700e+03	+1.121e+04	+0.238
16.800	+7.841e+03	+2.074e+03	+1.063e+04	+0.209
16.900	+7.444e+03	+3.401e+03	+9.235e+03	+0.314
17.000	+7.255e+03	+2.502e+03	+9.811e+03	+0.256
17.100	+7.021e+03	+2.188e+03	+1.105e+04	+0.238
17.200	+7.604e+03	+2.138e+03	+9.036e+03	+0.219
17.300	+7.055e+03	+2.264e+03	+1.080e+04	+0.243
17.400	+6.193e+03	+3.196e+03	+9.113e+03	+0.340
17.500	+8.415e+03	+7.725e+02	+9.470e+03	+0.084
17.600	+7.209e+03	+1.912e+03	+1.154e+04	+0.210
17.700	+8.178e+03	+1.307e+03	+9.694e+03	+0.138
17.800	+6.834e+03	+1.999e+03	+9.599e+03	+0.226
17.900	+7.127e+03	+1.710e+03	+9.238e+03	+0.193
18.000	+6.537e+03	+1.058e+03	+9.423e+03	+0.139
18.100	+7.871e+03	+2.081e+03	+1.108e+04	+0.209
18.200	+8.914e+03	+3.669e+03	+9.167e+03	+0.292
18.300	+6.454e+03	+2.143e+03	+9.425e+03	+0.249
18.400	+8.051e+03	+1.938e+03	+1.035e+04	+0.194
18.500	+7.695e+03	+2.636e+03	+1.105e+04	+0.255
18.600	+7.120e+03	+3.316e+03	+1.070e+04	+0.318
18.700	+7.749e+03	+3.105e+03	+1.031e+04	+0.286
18.800	+8.291e+03	+3.329e+03	+8.987e+03	+0.286
18.900	+8.105e+03	+2.769e+03	+1.033e+04	+0.255
19.000	+7.219e+03	+1.878e+03	+1.069e+04	+0.206
19.100	+7.332e+03	+3.026e+03	+1.045e+04	+0.292
19.200	+8.822e+03	+2.000e+03	+9.614e+03	+0.185
19.300	+7.599e+03	+2.515e+03	+9.642e+03	+0.249
19.400	+7.401e+03	+2.323e+03	+9.957e+03	+0.239
19.500	+7.704e+03	+3.614e+03	+1.028e+04	+0.319
19.600	+7.477e+03	+2.973e+03	+9.808e+03	+0.284
19.700	+6.688e+03	+1.750e+03	+1.048e+04	+0.207
19.800	+6.216e+03	+2.839e+03	+9.005e+03	+0.314
19.900	+6.275e+03	+3.722e+03	+1.023e+04	+0.372
20.000	+6.753e+03	+3.284e+03	+1.089e+04	+0.327
20.100	+8.334e+03	+2.314e+03	+1.026e+04	+0.217
20.200	+6.664e+03	+1.118e+03	+1.145e+04	+0.144
20.300	+8.105e+03	+4.021e+03	+9.429e+03	+0.332
20.400	+8.938e+03	+2.087e+03	+9.917e+03	+0.189
20.500	+7.165e+03	+2.807e+03	+1.087e+04	+0.281
20.600	+6.654e+03	+2.217e+03	+9.784e+03	+0.250
20.700	+6.718e+03	+2.956e+03	+1.016e+04	+0.306
20.800	+6.608e+03	+2.944e+03	+1.028e+04	+0.308
20.900	+6.817e+03	+2.437e+03	+9.385e+03	+0.263
21.000	+7.177e+03	+3.520e+03	+9.315e+03	+0.329
21.100	+7.788e+03	+2.793e+03	+8.792e+03	+0.264
21.200	+8.558e+03	+2.205e+03	+9.900e+03	+0.205
21.300	+7.427e+03	+3.033e+03	+9.433e+03	+0.290
21.400	+8.445e+03	+2.200e+03	+9.793e+03	+0.207
21.500	+6.077e+03	+2.925e+03	+1.017e+04	+0.325
21.600	+6.847e+03	+1.726e+03	+1.019e+04	+0.201
21.700	+7.651e+03	+2.032e+03	+1.032e+04	+0.210
21.800	+7.060e+03	+2.531e+03	+9.690e+03	+0.264
21.900	+7.395e+03	+2.876e+03	+9.892e+03	+0.280
22.000	+7.445e+03	+1.881e+03	+1.121e+04	+0.202
22.100	+6.477e+03	+1.861e+03	+1.002e+04	+0.223
22.200	+6.040e+03	+1.960e+03	+9.563e+03	+0.245
22.300	+6.798e+03	+1.681e+03	+9.994e+03	+0.198
22.400	+7.149e+03	+3.528e+03	+9.849e+03	+0.330
22.500	+8.587e+03	+2.291e+03	+9.353e+03	+0.211
22.600	+7.800e+03	+2.304e+03	+8.866e+03	+0.228
22.700	+7.706e+03	+3.132e+03	+9.002e+03	+0.289
22.800	+7.630e+03	+1.906e+03	+9.413e+03	+0.200
22.900	+7.264e+03	+6.179e+02	+1.083e+04	+0.078
23.000	+8.543e+03	+2.193e+03	+9.953e+03	+0.204
23.100	+7.758e+03	+2.377e+03	+1.006e+04	+0.235
23.200	+7.549e+03	+3.193e+03	+9.489e+03	+0.297
23.300	+6.881e+03	+8.486e+02	+1.043e+04	+0.110
23.400	+7.175e+03	+3.558e+03	+9.830e+03	+0.332
23.500	+8.171e+03	+3.174e+03	+9.074e+03	+0.280
23.600	+7.488e+03	+2.207e+03	+9.496e+03	+0.228
23.700	+6.612e+03	+1.234e+03	+1.180e+04	+0.157
23.800	+7.132e+03	+2.596e+03	+9.346e+03	+0.267
23.900	+6.024e+03	+2.217e+03	+1.016e+04	+0.269
24.000	+7.958e+03	+1.910e+03	+8.414e+03	+0.194
24.100	+7.290e+03	+2.961e+03	+1.085e+04	+0.289
24.200	+7.215e+03	+2.047e+03	+9.553e+03	+0.221
24.300	+7.115e+03	+2.601e+03	+9.514e+03	+0.268
24.400	+8.603e+03	+3.306e+03	+1.056e+04	+0.278
24.500	+7.464e+03	+2.240e+03	+1.080e+04	+0.231
24.600	+8.323e+03	+1.288e+03	+1.062e+04	+0.134
24.700	+8.646e+03	+2.826e+03	+1.043e+04	+0.246
24.800	+6.748e+03	+2.464e+03	+1.090e+04	+0.267
24.900	+8.109e+03	+2.105e+03	+9.264e+03	+0.206
25.000	+6.899e+03	+2.013e+03	+9.672e+03	+0.226
25.100	+7.454e+03	+2.421e+03	+1.084e+04	+0.245
25.200	+6.895e+03	+2.034e+03	+9.457e+03	+0.228
25.300	+6.186e+03	+2.198e+03	+1.016e+04	+0.262
25.400	+8.551e+03	+2.729e+03	+8.710e+03	+0.242
25.500	+7.623e+03	+2.529e+03	+1.163e+04	+0.249
25.600	+7.730e+03	+2.596e+03	+1.084e+04	+0.251
25.700	+6.482e+03	+3.531e+03	+9.292e+03	+0.353
25.800	+7.578e+03	+3.293e+03	+1.115e+04	+0.303
25.900	+7.329e+03	+2.106e+03	+9.824e+03	+0.223
26.000	+7.677e+03	+2.305e+03	+1.036e+04	+0.231
26.100	+7.872e+03	+2.862e+03	+9.929e+03	+0.267
26.200	+7.391e+03	+1.886e+03	+8.788e+03	+0.203
26.300	+8.024e+03	+2.679e+03	+9.862e+03	+0.250
26.400	+7.640e+03	+2.814e+03	+1.103e+04	+0.269
26.500	+7.577e+03	+1.185e+03	+1.004e+04	+0.135
26.600	+6.299e+03	+3.115e+03	+9.639e+03	+0.331
26.700	+7.137e+03	+3.563e+03	+1.047e+04	+0.333
26.800	+6.276e+03	+1.941e+03	+1.115e+04	+0.236
26.900	+7.058e+03	+2.365e+03	+1.134e+04	+0.251
27.000	+8.061e+03	+2.640e+03	+1.013e+04	+0.247
27.100	+7.015e+03	+2.649e+03	+9.792e+03	+0.274
27.200	+7.479e+03	+3.505e+03	+9.305e+03	+0.319
27.300	+7.075e+03	+2.140e+03	+9.399e+03	+0.232
27.400	+6.805e+03	+2.931e+03	+1.039e+04	+0.301
27.500	+7.639e+03	+2.727e+03	+1.075e+04	+0.263
27.600	+7.549e+03	+2.534e+03	+1.033e+04	+0.251
27.700	+7.115e+03	+2.145e+03	+1.016e+04	+0.232
27.800	+7.077e+03	+3.398e+03	+1.010e+04	+0.324
27.900	+7.090e+03	+1.250e+03	+1.083e+04	+0.150
28.000	+7.884e+03	+4.051e+03	+1.007e+04	+0.339
28.100	+7.360e+03	+3.299e+03	+8.979e+03	+0.310
28.200	+6.843e+03	+2.902e+03	+1.077e+04	+0.298
28.300	+7.132e+03	+2.503e+03	+1.037e+04	+0.260
28.400	+7.448e+03	+2.655e+03	+1.016e+04	+0.263
28.500	+7.279e+03	+3.399e+03	+9.908e+03	+0.318
28.600	+8.207e+03	+2.178e+03	+9.871e+03	+0.210
28.700	+7.431e+03	+1.952e+03	+1.033e+04	+0.208
28.800	+6.072e+03	+3.050e+03	+1.041e+04	+0.334
28.900	+8.324e+03	+2.398e+03	+1.082e+04	+0.224
29.000	+6.267e+03	+3.046e+03	+9.277e+03	+0.327
29.100	+7.378e+03	+1.421e+03	+1.052e+04	+0.161
29.200	+6.552e+03	+3.082e+03	+9.078e+03	+0.320
29.300	+6.464e+03	+2.677e+03	+1.025e+04	+0.293
29.400	+8.081e+03	+2.243e+03	+9.936e+03	+0.217
29.500	+6.953e+03	+1.634e+03	+9.707e+03	+0.190
29.600	+7.919e+03	+2.507e+03	+9.805e+03	+0.240
29.700	+8.372e+03	+2.957e+03	+1.093e+04	+0.261
29.800	+6.537e+03	+2.342e+03	+1.058e+04	+0.264
29.900	+7.090e+03	+2.960e+03	+8.938e+03	+0.295
30.000	+7.727e+03	+2.381e+03	+1.010e+04	+0.236
30.100	+6.583e+03	+2.362e+03	+8.695e+03	+0.264
30.200	+7.741e+03	+2.441e+03	+9.374e+03	+0.240
30.300	+7.120e+03	+1.869e+03	+9.459e+03	+0.208
30.400	+8.854e+03	+3.441e+03	+1.137e+04	+0.280
30.500	+7.205e+03	+3.160e+03	+9.547e+03	+0.305
30.600	+8.117e+03	+2.210e+03	+1.036e+04	+0.214
30.700	+7.600e+03	+2.772e+03	+9.356e+03	+0.267
30.800	+7.808e+03	+3.390e+03	+8.676e+03	+0.303
30.900	+8.454e+03	+1.086e+03	+1.172e+04	+0.114
31.000	+6.998e+03	+1.718e+03	+9.999e+03	+0.197
31.100	+7.893e+03	+2.414e+03	+9.763e+03	+0.234
31.200	+7.871e+03	+2.729e+03	+8.903e+03	+0.257
31.300	+8.331e+03	+2.210e+03	+1.003e+04	+0.210
31.400	+7.468e+03	+3.049e+03	+1.006e+04	+0.290
31.500	+7.630e+03	+2.071e+03	+8.782e+03	+0.213
31.600	+7.007e+03	+2.553e+03	+1.076e+04	+0.267
31.700	+8.666e+03	+1.628e+03	+1.009e+04	+0.158
31.800	+7.990e+03	+3.267e+03	+1.037e+04	+0.290
31.900	+6.424e+03	+2.292e+03	+1.055e+04	+0.263
32.000	+7.748e+03	+2.082e+03	+1.068e+04	+0.212
32.100	+7.795e+03	+2.416e+03	+9.271e+03	+0.237
32.200	+8.336e+03	+2.504e+03	+9.266e+03	+0.231
32.300	+8.082e+03	+3.807e+03	+9.570e+03	+0.320
32.400	+8.236e+03	+3.135e+03	+1.014e+04	+0.276
32.500	+7.467e+03	+3.303e+03	+9.096e+03	+0.307
32.600	+7.340e+03	+3.407e+03	+1.048e+04	+0.317
32.700	+7.823e+03	+3.272e+03	+1.042e+04	+0.295
32.800	+6.101e+03	+2.978e+03	+1.071e+04	+0.328
32.900	+6.057e+03	+3.247e+03	+1.081e+04	+0.349
33.000	+8.399e+03	+2.374e+03	+1.092e+04	+0.220
33.100	+7.784e+03	+2.708e+03	+9.512e+03	+0.258
33.200	+7.254e+03	+3.035e+03	+1.093e+04	+0.295
33.300	+7.863e+03	+4.161e+03	+8.598e+03	+0.346
33.400	+5.423e+03	+2.839e+03	+9.351e+03	+0.344
33.500	+7.029e+03	+2.471e+03	+9.773e+03	+0.260
33.600	+6.527e+03	+2.554e+03	+1.085e+04	+0.281
33.700	+5.857e+03	+2.966e+03	+9.390e+03	+0.336
33.800	+8.230e+03	+1.939e+03	+1.023e+04	+0.191
33.900	+6.583e+03	+2.402e+03	+9.456e+03	+0.267
34.000	+8.503e+03	+1.896e+03	+8.457e+03	+0.182
34.100	+8.239e+03	+2.244e+03	+9.434e+03	+0.214
34.200	+7.191e+03	+2.149e+03	+9.863e+03	+0.230
34.300	+6.407e+03	+2.653e+03	+1.045e+04	+0.293
34.400	+7.806e+03	+1.852e+03	+1.100e+04	+0.192
34.500	+6.770e+03	+3.046e+03	+9.270e+03	+0.310
34.600	+7.869e+03	+1.992e+03	+9.793e+03	+0.202
34.700	+6.573e+03	+2.177e+03	+9.994e+03	+0.249
34.800	+6.498e+03	+2.593e+03	+7.493e+03	+0.285
34.900	+7.580e+03	+1.910e+03	+1.010e+04	+0.201
35.000	+7.879e+03	+2.504e+03	+1.041e+04	+0.241
35.100	+7.807e+03	+2.876e+03	+1.110e+04	+0.269
35.200	+5.843e+03	+1.867e+03	+9.929e+03	+0.242
35.300	+7.533e+03	+2.640e+03	+9.707e+03	+0.259
35.400	+6.561e+03	+2.657e+03	+9.158e+03	+0.288
35.500	+7.427e+03	+1.251e+03	+9.568e+03	+0.144
35.600	+7.843e+03	+2.974e+03	+1.127e+04	+0.275
35.700	+7.732e+03	+4.480e+03	+9.399e+03	+0.367
35.800	+6.934e+03	+2.882e+03	+1.059e+04	+0.294
35.900	+6.826e+03	+2.467e+03	+9.434e+03	+0.266
36.000	+8.330e+03	+3.181e+03	+9.732e+03	+0.276
36.100	+7.514e+03	+2.971e+03	+9.977e+03	+0.283
36.200	+6.637e+03	+3.132e+03	+9.436e+03	+0.321
36.300	+6.744e+03	+2.931e+03	+1.076e+04	+0.303
36.400	+8.041e+03	+2.878e+03	+1.022e+04	+0.264
36.500	+7.212e+03	+2.950e+03	+9.469e+03	+0.290
36.600	+7.890e+03	+3.127e+03	+9.551e+03	+0.284
36.700	+7.265e+03	+2.383e+03	+8.011e+03	+0.247
36.800	+8.561e+03	+1.891e+03	+1.042e+04	+0.181
36.900	+6.059e+03	+3.058e+03	+9.827e+03	+0.335
37.000	+7.208e+03	+2.908e+03	+1.059e+04	+0.287
37.100	+7.353e+03	+2.536e+03	+1.121e+04	+0.256
37.200	+8.142e+03	+2.091e+03	+9.585e+03	+0.204
37.300	+7.939e+03	+2.920e+03	+1.012e+04	+0.269
37.400	+7.450e+03	+2.982e+03	+9.380e+03	+0.286
37.500	+7.757e+03	+1.761e+03	+9.799e+03	+0.185
37.600	+6.877e+03	+2.000e+03	+9.847e+03	+0.225
37.700	+7.403e+03	+2.973e+03	+9.513e+03	+0.287
37.800	+8.022e+03	+1.548e+03	+9.965e+03	+0.162
37.900	+7.373e+03	+2.745e+03	+9.833e+03	+0.271
38.000	+8.154e+03	+1.897e+03	+9.790e+03	+0.189
38.100	+7.342e+03	+2.712e+03	+9.464e+03	+0.270
38.200	+6.934e+03	+2.597e+03	+1.134e+04	+0.273
38.300	+8.093e+03	+3.876e+03	+9.839e+03	+0.324
38.400	+8.724e+03	+3.066e+03	+9.939e+03	+0.260
38.500	+7.961e+03	+3.170e+03	+9.736e+03	+0.285
38.600	+8.049e+03	+2.518e+03	+9.624e+03	+0.238
38.700	+7.277e+03	+2.646e+03	+8.621e+03	+0.267
38.800	+7.761e+03	+1.649e+03	+9.241e+03	+0.175
38.900	+7.772e+03	+1.699e+03	+9.388e+03	+0.179
39.000	+9.056e+03	+1.674e+03	+9.546e+03	+0.156
39.100	+7.895e+03	+1.429e+03	+9.900e+03	+0.153
39.200	+6.454e+03	+2.963e+03	+1.093e+04	+0.315
39.300	+7.053e+03	+3.156e+03	+9.669e+03	+0.309
39.400	+8.262e+03	+2.675e+03	+1.075e+04	+0.245
39.500	+7.765e+03	+3.095e+03	+1.121e+04	+0.285
39.600	+8.063e+03	+2.029e+03	+1.179e+04	+0.201
39.700	+7.034e+03	+1.198e+03	+1.084e+04	+0.146
39.800	+8.356e+03	+4.499e+03	+1.059e+04	+0.350
39.900	+7.880e+03	+3.609e+03	+9.248e+03	+0.314
40.000	+6.563e+03	+2.962e+03	+1.044e+04	+0.311
40.100	+7.359e+03	+2.811e+03	+1.028e+04	+0.276
40.200	+7.550e+03	+2.304e+03	+9.583e+03	+0.234
40.300	+6.462e+03	+2.251e+03	+1.112e+04	+0.258
40.400	+6.596e+03	+2.535e+03	+1.011e+04	+0.278
40.500	+8.281e+03	+1.713e+03	+1.062e+04	+0.171
40.600	+8.517e+03	+2.993e+03	+1.063e+04	+0.260
40.700	+8.510e+03	+2.068e+03	+1.073e+04	+0.196
40.800	+5.831e+03	+2.690e+03	+9.346e+03	+0.316
40.900	+6.744e+03	+1.719e+03	+1.058e+04	+0.203
41.000	+7.696e+03	+4.156e+03	+1.032e+04	+0.351
41.100	+8.048e+03	+2.849e+03	+1.130e+04	+0.261
41.200	+7.362e+03	+3.132e+03	+1.044e+04	+0.298
41.300	+7.291e+03	+3.167e+03	+9.337e+03	+0.303
41.400	+7.840e+03	+2.398e+03	+1.034e+04	+0.234
41.500	+6.294e+03	+1.670e+03	+8.643e+03	+0.210
41.600	+8.643e+03	+2.366e+03	+9.518e+03	+0.215
41.700	+7.306e+03	+1.780e+03	+9.768e+03	+0.196
41.800	+8.187e+03	+1.828e+03	+1.153e+04	+0.183
41.900	+8.242e+03	+5.968e+02	+1.122e+04	+0.068
42.000	+5.682e+03	+1.567e+03	+9.769e+03	+0.216
42.100	+6.417e+03	+2.556e+03	+9.490e+03	+0.285
42.200	+7.923e+03	+2.521e+03	+9.563e+03	+0.241
42.300	+7.930e+03	+3.659e+03	+8.450e+03	+0.316
42.400	+7.033e+03	+3.085e+03	+9.702e+03	+0.305
42.500	+8.319e+03	+2.186e+03	+9.646e+03	+0.208
42.600	+8.141e+03	+2.264e+03	+1.026e+04	+0.218
42.700	+8.071e+03	+3.190e+03	+9.746e+03	+0.283
42.800	+7.991e+03	+1.547e+03	+9.375e+03	+0.162
42.900	+7.021e+03	+1.860e+03	+1.018e+04	+0.209
43.000	+8.288e+03	+2.488e+03	+1.053e+04	+0.231
43.100	+6.091e+03	+3.068e+03	+9.753e+03	+0.335
43.200	+8.030e+03	+2.360e+03	+1.070e+04	+0.227
43.300	+7.152e+03	+2.782e+03	+1.119e+04	+0.280
43.400	+8.613e+03	+2.765e+03	+1.042e+04	+0.243
43.500	+8.347e+03	+1.847e+03	+1.057e+04	+0.181
43.600	+7.716e+03	+1.561e+03	+1.058e+04	+0.168
43.700	+7.157e+03	+3.374e+03	+1.104e+04	+0.320
43.800	+7.892e+03	+2.642e+03	+9.740e+03	+0.251
43.900	+7.035e+03	+1.972e+03	+1.029e+04	+0.219
44.000	+6.954e+03	+2.968e+03	+9.708e+03	+0.299
44.100	+7.935e+03	+2.351e+03	+1.020e+04	+0.229
44.200	+6.263e+03	+1.559e+03	+8.631e+03	+0.199
44.300	+6.470e+03	+9.992e+02	+1.060e+04	+0.134
44.400	+7.946e+03	+3.565e+03	+9.822e+03	+0.310
44.500	+7.248e+03	+1.940e+03	+9.636e+03	+0.211
44.600	+7.983e+03	+2.635e+03	+1.117e+04	+0.248
44.700	+8.425e+03	+2.060e+03	+9.246e+03	+0.196
44.800	+7.650e+03	+2.926e+03	+9.688e+03	+0.277
44.900	+7.203e+03	+2.048e+03	+1.132e+04	+0.221
45.000	+7.817e+03	+2.839e+03	+1.033e+04	+0.266
45.100	+6.548e+03	+2.059e+03	+1.055e+04	+0.239
45.200	+7.773e+03	+3.818e+03	+9.411e+03	+0.329
45.300	+7.128e+03	+2.224e+03	+9.014e+03	+0.238
45.400	+8.101e+03	+3.339e+03	+9.666e+03	+0.292
45.500	+7.560e+03	+4.426e+03	+1.001e+04	+0.369
45.600	+8.340e+03	+7.055e+02	+1.028e+04	+0.078
45.700	+6.916e+03	+4.236e+03	+9.647e+03	+0.380
45.800	+8.296e+03	+3.383e+03	+1.002e+04	+0.290
45.900	+7.996e+03	+2.014e+03	+1.065e+04	+0.201
46.000	+8.005e+03	+2.227e+03	+9.347e+03	+0.218
46.100	+7.521e+03	+2.953e+03	+9.980e+03	+0.282
46.200	+7.352e+03	+2.620e+03	+8.982e+03	+0.263
46.300	+6.047e+03	+2.869e+03	+1.048e+04	+0.322
46.400	+6.651e+03	+1.700e+03	+1.018e+04	+0.204
46.500	+8.453e+03	+1.745e+03	+1.013e+04	+0.171
46.600	+8.082e+03	+1.450e+03	+9.978e+03	+0.152
46.700	+8.089e+03	+1.992e+03	+9.958e+03	+0.198
46.800	+8.330e+03	+2.315e+03	+1.047e+04	+0.217
46.900	+8.372e+03	+2.702e+03	+9.593e+03	+0.244
47.000	+7.627e+03	+2.367e+03	+9.244e+03	+0.237
47.100	+8.682e+03	+2.564e+03	+1.004e+04	+0.228
47.200	+6.447e+03	+2.586e+03	+1.003e+04	+0.286
47.300	+6.622e+03	+2.089e+03	+9.999e+03	+0.240
47.400	+7.131e+03	+2.592e+03	+9.483e+03	+0.267
47.500	+6.614e+03	+2.572e+03	+9.988e+03	+0.280
47.600	+6.918e+03	+2.199e+03	+1.011e+04	+0.241
47.700	+7.713e+03	+2.987e+03	+1.018e+04	+0.279
47.800	+7.244e+03	+2.421e+03	+9.803e+03	+0.251
47.900	+7.787e+03	+2.754e+03	+9.421e+03	+0.261
48.000	+6.468e+03	+2.500e+03	+1.044e+04	+0.279
48.100	+7.731e+03	+2.697e+03	+9.673e+03	+0.259
48.200	+6.636e+03	+2.748e+03	+9.913e+03	+0.293
48.300	+8.380e+03	+2.901e+03	+9.346e+03	+0.257
48.400	+7.977e+03	+1.737e+03	+9.401e+03	+0.179
48.500	+7.071e+03	+2.225e+03	+9.641e+03	+0.239
48.600	+7.837e+03	+2.698e+03	+9.995e+03	+0.256
48.700	+7.820e+03	+3.619e+03	+9.674e+03	+0.316
48.800	+7.425e+03	+3.293e+03	+9.928e+03	+0.307
48.900	+5.863e+03	+1.654e+03	+1.010e+04	+0.220
49.000	+8.358e+03	+2.180e+03	+8.800e+03	+0.207
49.100	+6.901e+03	+2.000e+03	+1.135e+04	+0.225
49.200	+7.788e+03	+2.720e+03	+9.448e+03	+0.259
49.300	+6.814e+03	+1.982e+03	+1.049e+04	+0.225
49.400	+7.856e+03	+2.068e+03	+1.090e+04	+0.208
49.500	+7.973e+03	+1.680e+03	+1.056e+04	+0.174
49.600	+7.388e+03	+2.936e+03	+1.034e+04	+0.284
49.700	+6.484e+03	+2.895e+03	+9.523e+03	+0.309
49.800	+7.403e+03	+1.720e+03	+9.462e+03	+0.189
49.900	+6.996e+03	+1.721e+03	+1.016e+04	+0.197
50.000	+5.920e+03	+2.601e+03	+1.010e+04	+0.305
50.100	+8.609e+03	+3.578e+03	+9.794e+03	+0.294
50.200	+7.621e+03	+1.146e+03	+1.025e+04	+0.131
50.300	+7.467e+03	+1.640e+03	+1.071e+04	+0.180
50.400	+6.904e+03	+2.059e+03	+9.890e+03	+0.230
50.500	+6.754e+03	+2.017e+03	+1.044e+04	+0.230
50.600	+7.392e+03	+1.843e+03	+9.824e+03	+0.200
50.700	+7.159e+03	+2.584e+03	+1.049e+04	+0.265
50.800	+7.153e+03	+1.176e+03	+1.072e+04	+0.141
50.900	+7.523e+03	+2.257e+03	+9.267e+03	+0.231
51.000	+7.675e+03	+2.056e+03	+9.915e+03	+0.211
51.100	+8.135e+03	+2.048e+03	+9.383e+03	+0.201
51.200	+6.234e+03	+4.094e+03	+1.069e+04	+0.396
51.300	+8.318e+03	+3.629e+03	+1.098e+04	+0.304
51.400	+6.919e+03	+2.063e+03	+1.067e+04	+0.230
51.500	+7.132e+03	+1.271e+03	+8.931e+03	+0.151
51.600	+7.841e+03	+1.371e+03	+1.210e+04	+0.149
51.700	+7.555e+03	+3.856e+03	+9.708e+03	+0.338
51.800	+7.847e+03	+2.250e+03	+7.893e+03	+0.223
51.900	+7.487e+03	+3.065e+03	+1.112e+04	+0.290
52.000	+8.615e+03	+2.152e+03	+9.691e+03	+0.200
52.100	+8.023e+03	+3.138e+03	+9.030e+03	+0.281
52.200	+7.471e+03	+2.461e+03	+9.395e+03	+0.248
52.300	+7.876e+03	+3.892e+03	+9.454e+03	+0.331
52.400	+7.943e+03	+2.754e+03	+1.047e+04	+0.257
52.500	+7.718e+03	+3.777e+03	+1.026e+04	+0.329
52.600	+7.767e+03	+2.722e+03	+1.056e+04	+0.260
52.700	+8.440e+03	+3.333e+03	+9.831e+03	+0.283
52.800	+8.479e+03	+3.437e+03	+1.096e+04	+0.288
52.900	+8.387e+03	+2.706e+03	+9.537e+03	+0.244
53.000	+7.430e+03	+2.212e+03	+1.058e+04	+0.229
53.100	+8.435e+03	+1.686e+03	+1.165e+04	+0.167
53.200	+7.840e+03	+1.938e+03	+9.214e+03	+0.198
53.300	+7.813e+03	+2.845e+03	+1.062e+04	+0.267
53.400	+7.128e+03	+2.392e+03	+8.297e+03	+0.251
53.500	+6.773e+03	+1.955e+03	+9.719e+03	+0.224
53.600	+7.836e+03	+2.443e+03	+9.136e+03	+0.238
53.700	+6.908e+03	+2.081e+03	+9.979e+03	+0.231
53.800	+8.239e+03	+2.366e+03	+9.876e+03	+0.223
53.900	+7.697e+03	+8.454e+02	+1.038e+04	+0.099
54.000	+7.527e+03	+2.800e+03	+9.974e+03	+0.271
54.100	+6.341e+03	+2.008e+03	+1.006e+04	+0.241
54.200	+6.658e+03	+1.585e+03	+1.006e+04	+0.192
54.300	+7.705e+03	+2.265e+03	+9.213e+03	+0.227
54.400	+7.437e+03	+2.402e+03	+9.274e+03	+0.244
54.500	+6.627e+03	+3.516e+03	+9.650e+03	+0.347
54.600	+6.128e+03	+1.329e+03	+9.057e+03	+0.178
54.700	+7.370e+03	+1.220e+03	+9.969e+03	+0.142
54.800	+7.152e+03	+2.604e+03	+1.182e+04	+0.267
54.900	+7.180e+03	+1.327e+03	+1.042e+04	+0.156
55.000	+7.596e+03	+1.853e+03	+1.064e+04	+0.196
55.100	+7.475e+03	+2.451e+03	+1.065e+04	+0.247
55.200	+7.360e+03	+2.028e+03	+9.173e+03	+0.216
55.300	+7.453e+03	+2.164e+03	+9.509e+03	+0.225
55.400	+7.850e+03	+3.812e+03	+9.900e+03	+0.327
55.500	+7.942e+03	+2.377e+03	+1.102e+04	+0.230
55.600	+7.038e+03	+3.504e+03	+1.016e+04	+0.332
55.700	+8.151e+03	+2.733e+03	+9.639e+03	+0.251
55.800	+7.834e+03	+2.216e+03	+1.002e+04	+0.220
55.900	+7.602e+03	+2.593e+03	+1.134e+04	+0.254
56.000	+7.518e+03	+2.037e+03	+1.116e+04	+0.213
56.100	+7.200e+03	+1.824e+03	+1.094e+04	+0.202
56.200	+6.231e+03	+2.575e+03	+1.141e+04	+0.292
56.300	+7.066e+03	+3.149e+03	+1.095e+04	+0.308
56.400	+7.086e+03	+2.638e+03	+1.061e+04	+0.271
56.500	+8.080e+03	+1.238e+03	+9.167e+03	+0.133
56.600	+7.807e+03	+3.497e+03	+8.762e+03	+0.309
56.700	+7.300e+03	+2.460e+03	+1.146e+04	+0.252
56.800	+7.850e+03	+2.954e+03	+9.933e+03	+0.273
56.900	+6.886e+03	+1.361e+03	+1.081e+04	+0.165
57.000	+8.337e+03	+1.848e+03	+1.053e+04	+0.181
57.100	+7.602e+03	+2.879e+03	+1.066e+04	+0.275
57.200	+6.989e+03	+3.208e+03	+1.007e+04	+0.315
57.300	+6.447e+03	+2.875e+03	+9.808e+03	+0.308
57.400	+7.266e+03	+2.923e+03	+9.877e+03	+0.287
57.500	+7.345e+03	+3.337e+03	+9.248e+03	+0.312
57.600	+7.066e+03	+2.005e+03	+1.126e+04	+0.221
57.700	+7.314e+03	+2.909e+03	+9.880e+03	+0.285
57.800	+6.813e+03	+2.936e+03	+1.084e+04	+0.301
57.900	+8.052e+03	+1.580e+03	+9.192e+03	+0.164
58.000	+7.664e+03	+2.760e+03	+9.718e+03	+0.265
58.100	+7.698e+03	+3.132e+03	+9.290e+03	+0.289
58.200	+9.012e+03	+3.301e+03	+1.135e+04	+0.268
58.300	+7.019e+03	+2.408e+03	+1.069e+04	+0.255
58.400	+6.501e+03	+2.093e+03	+1.013e+04	+0.244
58.500	+8.095e+03	+3.452e+03	+1.079e+04	+0.299
58.600	+8.111e+03	+3.162e+03	+1.053e+04	+0.281
58.700	+6.166e+03	+1.693e+03	+9.855e+03	+0.215
58.800	+7.727e+03	+3.160e+03	+1.014e+04	+0.290
58.900	+8.384e+03	+1.964e+03	+1.141e+04	+0.190
59.000	+7.004e+03	+3.039e+03	+9.818e+03	+0.303
59.100	+7.175e+03	+2.657e+03	+9.561e+03	+0.270
59.200	+8.429e+03	+3.070e+03	+1.094e+04	+0.267
59.300	+8.318e+03	+2.486e+03	+1.097e+04	+0.230
59.400	+7.245e+03	+1.512e+03	+1.080e+04	+0.173
59.500	+8.167e+03	+2.054e+03	+9.549e+03	+0.201
59.600	+7.299e+03	+1.900e+03	+9.403e+03	+0.207
59.700	+5.899e+03	+2.039e+03	+1.059e+04	+0.257
59.800	+7.422e+03	+2.156e+03	+9.999e+03	+0.225
59.900	+8.072e+03	+1.349e+03	+8.665e+03	+0.143
60.000	+7.632e+03	+3.446e+03	+1.046e+04	+0.311
60.100	+7.969e+03	+1.901e+03	+9.400e+03	+0.193
60.200	+6.679e+03	+2.432e+03	+1.034e+04	+0.267
60.300	+8.104e+03	+3.333e+03	+9.568e+03	+0.291
60.400	+7.403e+03	+2.760e+03	+9.440e+03	+0.272
60.500	+7.531e+03	+2.968e+03	+1.026e+04	+0.283
60.600	+6.097e+03	+2.053e+03	+1.056e+04	+0.252
60.700	+7.459e+03	+1.160e+03	+9.679e+03	+0.135
60.800	+6.961e+03	+2.674e+03	+9.145e+03	+0.278
60.900	+6.728e+03	+2.228e+03	+1.105e+04	+0.249
61.000	+7.111e+03	+3.068e+03	+9.356e+03	+0.301
61.100	+7.035e+03	+2.835e+03	+1.022e+04	+0.287
61.200	+7.098e+03	+1.607e+03	+9.651e+03	+0.185
61.300	+8.151e+03	+2.795e+03	+9.563e+03	+0.255
61.400	+8.138e+03	+2.086e+03	+1.004e+04	+0.204
61.500	+5.947e+03	+2.169e+03	+1.029e+04	+0.267
61.600	+8.081e+03	+3.713e+03	+1.010e+04	+0.315
61.700	+8.506e+03	+3.067e+03	+1.058e+04	+0.265
61.800	+8.275e+03	+2.818e+03	+9.725e+03	+0.254
61.900	+9.762e+03	+2.160e+03	+9.401e+03	+0.181
62.000	+7.479e+03	+1.855e+03	+1.119e+04	+0.199
62.100	+8.601e+03	+2.052e+03	+9.796e+03	+0.193
62.200	+8.033e+03	+2.926e+03	+1.050e+04	+0.267
62.300	+7.617e+03	+3.243e+03	+9.989e+03	+0.299
62.400	+6.649e+03	+2.491e+03	+1.100e+04	+0.273
62.500	+7.131e+03	+2.127e+03	+1.012e+04	+0.230
62.600	+6.599e+03	+1.948e+03	+9.933e+03	+0.228
62.700	+8.023e+03	+2.712e+03	+9.780e+03	+0.253
62.800	+8.322e+03	+3.396e+03	+9.297e+03	+0.290
62.900	+7.913e+03	+3.185e+03	+9.297e+03	+0.287
63.000	+6.063e+03	+1.560e+03	+9.383e+03	+0.205
63.100	+6.381e+03	+2.417e+03	+9.342e+03	+0.275
63.200	+7.662e+03	+1.891e+03	+9.178e+03	+0.198
63.300	+7.331e+03	+2.878e+03	+1.013e+04	+0.282
63.400	+6.052e+03	+3.618e+03	+1.012e+04	+0.374
63.500	+6.576e+03	+2.430e+03	+1.018e+04	+0.270
63.600	+8.349e+03	+2.653e+03	+9.581e+03	+0.241
63.700	+6.570e+03	+3.224e+03	+1.073e+04	+0.329
63.800	+6.462e+03	+2.118e+03	+8.375e+03	+0.247
63.900	+7.491e+03	+2.006e+03	+9.828e+03	+0.211
64.000	+7.396e+03	+3.643e+03	+9.976e+03	+0.330
64.100	+6.953e+03	+2.994e+03	+1.002e+04	+0.301
64.200	+7.464e+03	+2.308e+03	+8.992e+03	+0.236
64.300	+6.671e+03	+1.589e+03	+9.468e+03	+0.192
64.400	+7.576e+03	+3.298e+03	+9.923e+03	+0.303
64.500	+7.598e+03	+1.728e+03	+9.562e+03	+0.185
64.600	+7.451e+03	+2.440e+03	+9.642e+03	+0.247
64.700	+6.320e+03	+2.395e+03	+1.041e+04	+0.275
64.800	+7.533e+03	+1.814e+03	+1.036e+04	+0.194
64.900	+6.575e+03	+2.424e+03	+9.887e+03	+0.269
65.000	+6.697e+03	+2.687e+03	+1.067e+04	+0.286
65.100	+6.613e+03	+3.032e+03	+1.020e+04	+0.314
65.200	+7.872e+03	+1.838e+03	+9.763e+03	+0.189
65.300	+7.988e+03	+2.913e+03	+9.862e+03	+0.267
65.400	+7.429e+03	+1.865e+03	+9.447e+03	+0.201
65.500	+7.200e+03	+3.182e+03	+1.075e+04	+0.307
65.600	+7.416e+03	+2.785e+03	+1.082e+04	+0.273
65.700	+8.120e+03	+3.360e+03	+1.059e+04	+0.293
65.800	+6.448e+03	+1.317e+03	+9.802e+03	+0.170
65.900	+8.092e+03	+2.434e+03	+1.045e+04	+0.231
66.000	+8.326e+03	+3.039e+03	+1.107e+04	+0.267
66.100	+7.153e+03	+2.224e+03	+9.106e+03	+0.237
66.200	+8.349e+03	+2.268e+03	+1.040e+04	+0.214
66.300	+7.369e+03	+3.006e+03	+1.068e+04	+0.290
66.400	+6.296e+03	+1.294e+03	+9.337e+03	+0.170
66.500	+7.426e+03	+1.903e+03	+1.037e+04	+0.204
66.600	+8.116e+03	+2.095e+03	+1.033e+04	+0.205
66.700	+7.802e+03	+2.848e+03	+1.023e+04	+0.267
66.800	+7.432e+03	+2.717e+03	+9.521e+03	+0.268
66.900	+7.358e+03	+1.123e+03	+1.033e+04	+0.132
67.000	+7.838e+03	+2.275e+03	+1.051e+04	+0.225
67.100	+6.909e+03	+2.274e+03	+9.750e+03	+0.248
67.200	+7.987e+03	+3.380e+03	+1.004e+04	+0.297
67.300	+7.536e+03	+3.584e+03	+1.017e+04	+0.322
67.400	+7.537e+03	+2.348e+03	+9.066e+03	+0.238
67.500	+8.165e+03	+1.700e+03	+1.012e+04	+0.172
67.600	+6.195e+03	+2.886e+03	+1.022e+04	+0.318
67.700	+7.644e+03	+1.985e+03	+8.876e+03	+0.206
67.800	+6.313e+03	+2.159e+03	+1.009e+04	+0.255
67.900	+8.219e+03	+2.278e+03	+1.076e+04	+0.217
68.000	+6.871e+03	+3.280e+03	+8.864e+03	+0.323
68.100	+6.811e+03	+2.712e+03	+1.100e+04	+0.285
68.200	+7.833e+03	+1.085e+03	+1.093e+04	+0.122
68.300	+7.368e+03	+2.659e+03	+1.113e+04	+0.265
68.400	+7.659e+03	+3.467e+03	+8.507e+03	+0.312
68.500	+7.796e+03	+8.631e+02	+1.004e+04	+0.100
68.600	+6.987e+03	+3.179e+03	+1.032e+04	+0.313
68.700	+7.023e+03	+2.176e+03	+9.802e+03	+0.237
68.800	+6.653e+03	+2.035e+03	+9.333e+03	+0.234
68.900	+7.845e+03	+2.239e+03	+9.943e+03	+0.222
69.000	+7.894e+03	+2.752e+03	+1.001e+04	+0.258
69.100	+8.375e+03	+3.367e+03	+9.555e+03	+0.287
69.200	+7.876e+03	+1.394e+03	+1.091e+04	+0.150
69.300	+7.189e+03	+2.484e+03	+9.415e+03	+0.257
69.400	+7.076e+03	+2.091e+03	+9.184e+03	+0.228
69.500	+8.745e+03	+2.589e+03	+1.034e+04	+0.228
69.600	+8.431e+03	+2.581e+03	+9.436e+03	+0.234
69.700	+7.977e+03	+3.649e+03	+9.242e+03	+0.314
69.800	+7.678e+03	+1.536e+03	+9.563e+03	+0.167
69.900	+7.407e+03	+3.534e+03	+1.005e+04	+0.323
70.000	+7.001e+03	+2.571e+03	+9.252e+03	+0.269
70.100	+8.401e+03	+1.923e+03	+1.024e+04	+0.186
70.200	+7.808e+03	+1.567e+03	+1.009e+04	+0.167
70.300	+7.219e+03	+2.980e+03	+1.161e+04	+0.292
70.400	+7.993e+03	+3.294e+03	+9.759e+03	+0.292
70.500	+7.034e+03	+2.394e+03	+9.389e+03	+0.254
70.600	+7.985e+03	+2.895e+03	+1.017e+04	+0.266
70.700	+7.250e+03	+3.155e+03	+9.254e+03	+0.303
70.800	+7.280e+03	+3.436e+03	+9.528e+03	+0.321
70.900	+8.504e+03	+2.910e+03	+1.108e+04	+0.255
71.000	+7.737e+03	+3.093e+03	+1.066e+04	+0.286
71.100	+8.125e+03	+1.970e+03	+9.976e+03	+0.195
71.200	+8.389e+03	+1.573e+03	+1.048e+04	+0.158
71.300	+7.731e+03	+2.135e+03	+9.351e+03	+0.216
71.400	+7.054e+03	+3.675e+03	+9.973e+03	+0.343
71.500	+8.448e+03	+1.997e+03	+1.163e+04	+0.191
71.600	+8.214e+03	+2.683e+03	+1.164e+04	+0.246
71.700	+8.366e+03	+2.351e+03	+1.125e+04	+0.219
71.800	+7.025e+03	+3.125e+03	+9.109e+03	+0.308
71.900	+8.331e+03	+2.414e+03	+1.111e+04	+0.225
72.000	+6.483e+03	+3.461e+03	+1.105e+04	+0.348
72.100	+7.079e+03	+3.396e+03	+1.000e+04	+0.324
72.200	+6.947e+03	+3.244e+03	+1.059e+04	+0.318
72.300	+6.871e+03	+2.179e+03	+9.620e+03	+0.241
72.400	+6.747e+03	+2.356e+03	+9.801e+03	+0.259
72.500	+8.434e+03	+3.418e+03	+1.114e+04	+0.288
72.600	+7.845e+03	+1.031e+03	+1.105e+04	+0.116
72.700	+7.222e+03	+3.148e+03	+1.072e+04	+0.304
72.800	+6.771e+03	+2.614e+03	+1.011e+04	+0.279
72.900	+5.747e+03	+3.026e+03	+1.058e+04	+0.345
73.000	+7.296e+03	+2.510e+03	+9.594e+03	+0.256
73.100	+7.230e+03	+2.658e+03	+1.022e+04	+0.269
73.200	+9.270e+03	+2.625e+03	+9.638e+03	+0.221
73.300	+8.249e+03	+1.693e+03	+1.036e+04	+0.170
73.400	+6.644e+03	+4.057e+03	+1.136e+04	+0.379
73.500	+7.242e+03	+2.361e+03	+9.910e+03	+0.246
73.600	+8.088e+03	+2.358e+03	+1.030e+04	+0.226
73.700	+7.016e+03	+2.673e+03	+1.021e+04	+0.276
73.800	+6.710e+03	+1.044e+03	+1.009e+04	+0.135
73.900	+7.709e+03	+1.277e+03	+1.036e+04	+0.142
74.000	+7.468e+03	+2.437e+03	+9.615e+03	+0.246
74.100	+6.848e+03	+2.655e+03	+9.847e+03	+0.279
74.200	+7.717e+03	+1.094e+03	+1.127e+04	+0.124
74.300	+7.806e+03	+1.664e+03	+1.012e+04	+0.176
74.400	+6.608e+03	+2.866e+03	+9.913e+03	+0.303
74.500	+7.357e+03	+2.502e+03	+1.073e+04	+0.254
74.600	+6.372e+03	+3.211e+03	+1.061e+04	+0.335
74.700	+8.155e+03	+2.247e+03	+1.041e+04	+0.216
74.800	+8.279e+03	+2.659e+03	+1.113e+04	+0.243
74.900	+7.891e+03	+2.247e+03	+1.010e+04	+0.222
75.000	+8.464e+03	+1.957e+03	+9.004e+03	+0.188
75.100	+7.221e+03	+3.926e+03	+1.154e+04	+0.352
75.200	+7.075e+03	+2.168e+03	+1.012e+04	+0.235
75.300	+7.982e+03	+2.510e+03	+8.991e+03	+0.239
75.400	+6.749e+03	+3.600e+03	+9.985e+03	+0.348
75.500	+6.594e+03	+2.910e+03	+9.648e+03	+0.306
75.600	+7.630e+03	+2.390e+03	+1.066e+04	+0.239
75.700	+7.568e+03	+2.938e+03	+9.543e+03	+0.280
75.800	+8.229e+03	+2.629e+03	+1.094e+04	+0.242
75.900	+7.917e+03	+1.824e+03	+1.103e+04	+0.187
76.000	+8.186e+03	+2.587e+03	+1.055e+04	+0.240
76.100	+7.277e+03	+1.197e+03	+9.046e+03	+0.141
76.200	+7.601e+03	+2.116e+03	+1.010e+04	+0.218
76.300	+6.569e+03	+2.722e+03	+9.783e+03	+0.293
76.400	+7.670e+03	+1.997e+03	+1.116e+04	+0.207
76.500	+8.166e+03	+2.328e+03	+1.031e+04	+0.222
76.600	+8.262e+03	+3.024e+03	+9.742e+03	+0.268
76.700	+6.986e+03	+1.773e+03	+1.075e+04	+0.202
76.800	+6.795e+03	+3.825e+03	+8.906e+03	+0.360
76.900	+7.772e+03	+2.231e+03	+9.504e+03	+0.223
77.000	+8.422e+03	+2.941e+03	+8.680e+03	+0.259
77.100	+7.642e+03	+2.843e+03	+1.071e+04	+0.271
77.200	+8.079e+03	+3.715e+03	+9.780e+03	+0.315
77.300	+8.258e+03	+2.257e+03	+1.039e+04	+0.215
77.400	+6.692e+03	+2.890e+03	+9.249e+03	+0.302
77.500	+8.136e+03	+2.468e+03	+9.027e+03	+0.233
77.600	+6.941e+03	+1.590e+03	+1.120e+04	+0.186
77.700	+9.307e+03	+1.153e+03	+9.868e+03	+0.110
77.800	+7.453e+03	+2.927e+03	+8.789e+03	+0.282
77.900	+6.620e+03	+2.711e+03	+1.060e+04	+0.291
78.000	+6.935e+03	+1.668e+03	+9.121e+03	+0.194
78.100	+7.482e+03	+1.682e+03	+1.064e+04	+0.184
78.200	+8.397e+03	+2.089e+03	+1.128e+04	+0.199
78.300	+7.137e+03	+2.279e+03	+1.086e+04	+0.242
78.400	+7.574e+03	+2.929e+03	+9.828e+03	+0.279
78.500	+7.863e+03	+2.238e+03	+9.680e+03	+0.222
78.600	+6.768e+03	+2.934e+03	+9.873e+03	+0.302
78.700	+6.989e+03	+3.092e+03	+9.966e+03	+0.307
78.800	+7.781e+03	+2.493e+03	+9.778e+03	+0.243
78.900	+6.568e+03	+1.785e+03	+9.241e+03	+0.214
79.000	+8.043e+03	+2.080e+03	+9.530e+03	+0.206
79.100	+7.183e+03	+2.869e+03	+1.067e+04	+0.285
79.200	+6.810e+03	+3.207e+03	+1.160e+04	+0.320
79.300	+7.180e+03	+2.085e+03	+1.033e+04	+0.225
79.400	+6.343e+03	+2.949e+03	+1.083e+04	+0.317
79.500	+7.450e+03	+1.966e+03	+1.111e+04	+0.209
79.600	+7.598e+03	+1.936e+03	+1.018e+04	+0.203
79.700	+5.717e+03	+3.398e+03	+9.742e+03	+0.373
79.800	+8.176e+03	+2.629e+03	+9.335e+03	+0.243
79.900	+7.727e+03	+2.787e+03	+9.739e+03	+0.265
80.000	+7.307e+03	+2.741e+03	+9.534e+03	+0.273
80.100	+7.229e+03	+2.255e+03	+9.883e+03	+0.238
80.200	+7.535e+03	+2.384e+03	+9.575e+03	+0.240
80.300	+7.443e+03	+2.323e+03	+9.789e+03	+0.238
80.400	+7.491e+03	+1.716e+03	+9.408e+03	+0.186
80.500	+6.498e+03	+2.509e+03	+1.015e+04	+0.279
80.600	+8.480e+03	+2.856e+03	+8.919e+03	+0.252
80.700	+8.286e+03	+1.931e+03	+9.756e+03	+0.189
80.800	+6.577e+03	+2.609e+03	+1.146e+04	+0.284
80.900	+7.897e+03	+1.267e+03	+1.044e+04	+0.138
81.000	+6.526e+03	+3.323e+03	+8.830e+03	+0.337
81.100	+7.883e+03	+3.089e+03	+8.943e+03	+0.282
81.200	+6.248e+03	+2.213e+03	+9.626e+03	+0.262
81.300	+6.972e+03	+2.515e+03	+1.129e+04	+0.265
81.400	+7.377e+03	+3.465e+03	+1.040e+04	+0.320
81.500	+8.441e+03	+2.313e+03	+8.989e+03	+0.215
81.600	+6.704e+03	+1.755e+03	+1.055e+04	+0.207
81.700	+6.244e+03	+2.977e+03	+9.078e+03	+0.323
81.800	+9.669e+03	+3.056e+03	+1.031e+04	+0.240
81.900	+6.777e+03	+1.646e+03	+9.984e+03	+0.195
82.000	+8.211e+03	+2.756e+03	+8.800e+03	+0.251
82.100	+7.657e+03	+2.358e+03	+1.088e+04	+0.235
82.200	+7.914e+03	+3.166e+03	+9.031e+03	+0.286
82.300	+7.706e+03	+3.464e+03	+9.565e+03	+0.310
82.400	+7.289e+03	+2.896e+03	+8.976e+03	+0.284
82.500	+7.226e+03	+1.428e+03	+9.580e+03	+0.165
82.600	+8.032e+03	+3.247e+03	+1.015e+04	+0.288
82.700	+7.892e+03	+1.700e+03	+9.422e+03	+0.177
82.800	+7.770e+03	+3.816e+03	+1.023e+04	+0.329
82.900	+7.529e+03	+2.253e+03	+1.014e+04	+0.230
83.000	+7.506e+03	+2.471e+03	+9.333e+03	+0.248
83.100	+7.587e+03	+1.816e+03	+9.993e+03	+0.193
83.200	+7.598e+03	+2.683e+03	+8.678e+03	+0.261
83.300	+7.680e+03	+3.126e+03	+9.173e+03	+0.289
83.400	+7.831e+03	+1.015e+03	+9.429e+03	+0.115
83.500	+6.957e+03	+2.198e+03	+9.319e+03	+0.240
83.600	+6.075e+03	+2.734e+03	+1.022e+04	+0.310
83.700	+7.847e+03	+1.796e+03	+1.024e+04	+0.186
83.800	+8.266e+03	+2.009e+03	+1.014e+04	+0.196
83.900	+7.175e+03	+3.622e+03	+1.043e+04	+0.335
84.000	+7.730e+03	+3.580e+03	+1.018e+04	+0.317
84.100	+6.853e+03	+1.400e+03	+9.875e+03	+0.170
84.200	+6.747e+03	+1.679e+03	+1.151e+04	+0.199
84.300	+7.707e+03	+2.489e+03	+1.067e+04	+0.244
84.400	+8.633e+03	+2.389e+03	+9.871e+03	+0.217
84.500	+6.406e+03	+2.342e+03	+9.292e+03	+0.268
84.600	+7.019e+03	+3.463e+03	+1.096e+04	+0.330
84.700	+7.525e+03	+2.898e+03	+1.025e+04	+0.278
84.800	+8.458e+03	+2.443e+03	+1.065e+04	+0.224
84.900	+8.164e+03	+2.466e+03	+9.021e+03	+0.232
85.000	+8.053e+03	+3.237e+03	+1.147e+04	+0.287
85.100	+7.545e+03	+2.970e+03	+9.466e+03	+0.282
85.200	+7.182e+03	+2.442e+03	+1.022e+04	+0.254
85.300	+6.849e+03	+2.443e+03	+8.273e+03	+0.263
85.400	+6.903e+03	+2.693e+03	+1.021e+04	+0.281
85.500	+7.888e+03	+1.554e+03	+9.508e+03	+0.165
85.600	+7.327e+03	+2.156e+03	+9.872e+03	+0.227
85.700	+8.134e+03	+1.889e+03	+1.011e+04	+0.188
85.800	+7.818e+03	+2.639e+03	+9.760e+03	+0.252
85.900	+7.994e+03	+3.680e+03	+9.094e+03	+0.315
86.000	+7.198e+03	+2.491e+03	+9.558e+03	+0.257
86.100	+8.482e+03	+2.321e+03	+1.037e+04	+0.215
86.200	+7.418e+03	+1.320e+03	+1.116e+04	+0.151
86.300	+7.740e+03	+3.196e+03	+1.015e+04	+0.292
86.400	+8.166e+03	+2.582e+03	+1.096e+04	+0.240
86.500	+6.976e+03	+3.068e+03	+1.051e+04	+0.305
86.600	+8.413e+03	+3.241e+03	+1.092e+04	+0.278
86.700	+7.548e+03	+2.881e+03	+9.992e+03	+0.276
86.800	+6.727e+03	+2.982e+03	+8.940e+03	+0.307
86.900	+7.176e+03	+3.212e+03	+1.059e+04	+0.309
87.000	+8.646e+03	+1.542e+03	+9.481e+03	+0.151
87.100	+6.304e+03	+2.527e+03	+8.006e+03	+0.286
87.200	+7.892e+03	+2.629e+03	+8.641e+03	+0.250
87.300	+8.125e+03	+2.556e+03	+1.043e+04	+0.239
87.400	+7.944e+03	+1.765e+03	+1.007e+04	+0.182
87.500	+7.405e+03	+3.634e+03	+1.042e+04	+0.329
87.600	+6.062e+03	+2.286e+03	+1.078e+04	+0.274
87.700	+7.508e+03	+2.140e+03	+1.119e+04	+0.222
87.800	+7.791e+03	+1.494e+03	+1.067e+04	+0.161
87.900	+8.735e+03	+2.128e+03	+1.022e+04	+0.196
88.000	+7.847e+03	+2.702e+03	+1.014e+04	+0.256
88.100	+8.166e+03	+1.972e+03	+9.147e+03	+0.195
88.200	+6.603e+03	+1.768e+03	+9.711e+03	+0.211
88.300	+6.346e+03	+3.349e+03	+9.341e+03	+0.345
88.400	+7.222e+03	+3.133e+03	+1.065e+04	+0.303
88.500	+6.907e+03	+3.190e+03	+8.805e+03	+0.316
88.600	+6.827e+03	+4.171e+03	+9.617e+03	+0.379
88.700	+6.684e+03	+3.128e+03	+1.005e+04	+0.319
88.800	+6.769e+03	+2.200e+03	+9.427e+03	+0.245
88.900	+7.589e+03	+1.902e+03	+9.635e+03	+0.200
89.000	+8.014e+03	+3.973e+03	+8.930e+03	+0.331
89.100	+6.053e+03	+1.568e+03	+1.108e+04	+0.206
89.200	+7.547e+03	+2.321e+03	+9.755e+03	+0.235
89.300	+7.782e+03	+8.850e+02	+1.078e+04	+0.102
89.400	+6.564e+03	+1.795e+03	+9.244e+03	+0.215
89.500	+8.077e+03	+3.337e+03	+1.022e+04	+0.292
89.600	+6.499e+03	+1.815e+03	+9.465e+03	+0.218
89.700	+6.472e+03	+1.046e+03	+1.004e+04	+0.139
89.800	+7.670e+03	+2.751e+03	+1.028e+04	+0.264
89.900	+6.635e+03	+2.446e+03	+8.977e+03	+0.269
90.000	+7.760e+03	+2.588e+03	+1.145e+04	+0.250
90.100	+8.186e+03	+2.660e+03	+9.288e+03	+0.245
90.200	+5.275e+03	+4.815e+03	+1.042e+04	+0.477
90.300	+6.286e+03	+4.302e+03	+1.100e+04	+0.406
90.400	+4.360e+03	+4.888e+03	+1.123e+04	+0.529
90.500	+6.614e+03	+5.076e+03	+1.047e+04	+0.434
90.600	+5.248e+03	+4.594e+03	+8.770e+03	+0.467
90.700	+4.139e+03	+5.026e+03	+1.082e+04	+0.548
90.800	+6.867e+03	+5.598e+03	+1.007e+04	+0.449
90.900	+5.000e+03	+4.551e+03	+9.907e+03	+0.476
91.000	+6.303e+03	+4.142e+03	+9.437e+03	+0.397
91.100	+8.215e+03	+2.464e+03	+9.475e+03	+0.231
91.200	+7.973e+03	+4.728e+03	+1.000e+04	+0.372
91.300	+9.338e+03	+2.153e+03	+8.848e+03	+0.187
91.400	+8.116e+03	+1.389e+03	+1.114e+04	+0.146
91.500	+7.551e+03	+3.614e+03	+9.987e+03	+0.324
91.600	+7.630e+03	+2.191e+03	+1.065e+04	+0.223
91.700	+8.177e+03	+1.604e+03	+9.970e+03	+0.164
91.800	+8.096e+03	+2.266e+03	+9.185e+03	+0.219
91.900	+6.506e+03	+2.536e+03	+9.951e+03	+0.281
92.000	+7.792e+03	+2.142e+03	+1.035e+04	+0.216
92.100	+8.001e+03	+2.341e+03	+9.820e+03	+0.226
92.200	+7.347e+03	+2.248e+03	+1.104e+04	+0.234
92.300	+8.049e+03	+2.921e+03	+1.042e+04	+0.266
92.400	+8.769e+03	+2.995e+03	+9.452e+03	+0.255
92.500	+7.655e+03	+2.239e+03	+9.870e+03	+0.226
92.600	+8.431e+03	+2.450e+03	+9.397e+03	+0.225
92.700	+8.509e+03	+3.553e+03	+8.900e+03	+0.295
92.800	+8.095e+03	+2.643e+03	+1.038e+04	+0.246
92.900	+6.154e+03	+2.071e+03	+9.986e+03	+0.252
93.000	+7.289e+03	+1.644e+03	+1.056e+04	+0.184
93.100	+6.993e+03	+3.068e+03	+1.141e+04	+0.305
93.200	+7.851e+03	+2.568e+03	+1.083e+04	+0.247
93.300	+7.254e+03	+2.067e+03	+8.780e+03	+0.222
93.400	+7.926e+03	+1.577e+03	+9.014e+03	+0.166
93.500	+7.490e+03	+2.182e+03	+1.040e+04	+0.226
93.600	+6.418e+03	+8.169e+02	+1.069e+04	+0.113
93.700	+7.844e+03	+2.718e+03	+9.877e+03	+0.257
93.800	+7.474e+03	+2.894e+03	+1.072e+04	+0.279
93.900	+7.524e+03	+2.467e+03	+1.058e+04	+0.247
94.000	+6.463e+03	+3.610e+03	+1.045e+04	+0.358
94.100	+7.161e+03	+1.918e+03	+9.080e+03	+0.211
94.200	+6.999e+03	+1.881e+03	+8.939e+03	+0.212
94.300	+7.549e+03	+2.440e+03	+1.086e+04	+0.244
94.400	+7.397e+03	+3.666e+03	+1.001e+04	+0.331
94.500	+7.452e+03	+2.120e+03	+1.011e+04	+0.222
94.600	+7.165e+03	+4.266e+03	+9.082e+03	+0.373
94.700	+7.034e+03	+3.106e+03	+9.291e+03	+0.306
94.800	+6.613e+03	+2.816e+03	+9.716e+03	+0.299
94.900	+7.887e+03	+1.596e+03	+8.775e+03	+0.168
95.000	+7.432e+03	+2.643e+03	+9.288e+03	+0.262
95.100	+8.253e+03	+3.506e+03	+9.845e+03	+0.298
95.200	+7.784e+03	+3.038e+03	+9.698e+03	+0.281
95.300	+7.597e+03	+3.050e+03	+1.090e+04	+0.286
95.400	+7.357e+03	+2.043e+03	+8.558e+03	+0.217
95.500	+7.285e+03	+2.800e+03	+1.081e+04	+0.278
95.600	+8.300e+03	+1.200e+03	+9.302e+03	+0.126
95.700	+7.962e+03	+2.114e+03	+1.039e+04	+0.210
95.800	+7.857e+03	+1.957e+03	+1.078e+04	+0.199
95.900	+7.022e+03	+2.334e+03	+9.122e+03	+0.249
96.000	+7.032e+03	+2.599e+03	+1.064e+04	+0.270
96.100	+7.154e+03	+1.352e+03	+1.006e+04	+0.159
96.200	+7.137e+03	+1.672e+03	+9.166e+03	+0.190
96.300	+7.805e+03	+1.969e+03	+9.781e+03	+0.201
96.400	+7.684e+03	+1.985e+03	+8.516e+03	+0.205
96.500	+6.876e+03	+2.740e+03	+1.008e+04	+0.285
96.600	+8.096e+03	+3.163e+03	+1.057e+04	+0.281
96.700	+7.896e+03	+4.200e+03	+1.010e+04	+0.347
96.800	+7.571e+03	+2.335e+03	+8.894e+03	+0.236
96.900	+6.953e+03	+1.252e+03	+9.572e+03	+0.153
97.000	+7.678e+03	+2.347e+03	+9.455e+03	+0.234
97.100	+7.087e+03	+3.902e+03	+9.756e+03	+0.355
97.200	+7.386e+03	+3.071e+03	+1.102e+04	+0.294
97.300	+8.154e+03	+2.802e+03	+9.436e+03	+0.256
97.400	+7.648e+03	+1.898e+03	+9.326e+03	+0.199
97.500	+7.539e+03	+2.186e+03	+8.456e+03	+0.225
97.600	+7.943e+03	+1.668e+03	+9.364e+03	+0.174
97.700	+8.186e+03	+3.794e+03	+9.407e+03	+0.317
97.800	+7.795e+03	+3.115e+03	+1.053e+04	+0.285
97.900	+7.770e+03	+2.167e+03	+9.228e+03	+0.218
98.000	+6.555e+03	+2.760e+03	+9.505e+03	+0.296
98.100	+6.691e+03	+2.374e+03	+1.015e+04	+0.262
98.200	+8.015e+03	+1.941e+03	+1.073e+04	+0.195
98.300	+7.793e+03	+2.281e+03	+1.039e+04	+0.226
98.400	+7.820e+03	+1.713e+03	+1.076e+04	+0.180
98.500	+7.994e+03	+3.343e+03	+9.872e+03	+0.295
98.600	+8.472e+03	+2.853e+03	+9.641e+03	+0.252
98.700	+8.297e+03	+1.889e+03	+8.964e+03	+0.185
98.800	+8.055e+03	+2.661e+03	+1.035e+04	+0.248
98.900	+8.000e+03	+1.318e+03	+9.017e+03	+0.141
99.000	+7.428e+03	+2.350e+03	+1.041e+04	+0.240
99.100	+8.008e+03	+1.802e+03	+9.617e+03	+0.184
99.200	+7.052e+03	+2.158e+03	+9.423e+03	+0.234
99.300	+7.947e+03	+2.160e+03	+9.197e+03	+0.214
99.400	+7.183e+03	+1.648e+03	+1.064e+04	+0.187
99.500	+7.751e+03	+2.615e+03	+1.010e+04	+0.252
99.600	+8.413e+03	+1.356e+03	+8.712e+03	+0.139
99.700	+8.132e+03	+4.204e+03	+1.113e+04	+0.341
99.800	+7.167e+03	+4.215e+03	+9.365e+03	+0.370
99.900	+6.509e+03	+2.872e+03	+9.982e+03	+0.306
100.000	+6.581e+03	+1.029e+03	+1.188e+04	+0.135
100.100	+7.860e+03	+1.358e+03	+1.051e+04	+0.147
100.200	+8.052e+03	+2.628e+03	+1.006e+04	+0.246
100.300	+7.140e+03	+2.803e+03	+9.778e+03	+0.282
100.400	+6.288e+03	+2.737e+03	+1.076e+04	+0.303
100.500	+6.665e+03	+1.988e+03	+9.709e+03	+0.230
100.600	+7.253e+03	+2.202e+03	+1.019e+04	+0.233
100.700	+7.265e+03	+2.018e+03	+9.907e+03	+0.217
100.800	+8.194e+03	+1.615e+03	+9.546e+03	+0.165
100.900	+8.499e+03	+3.135e+03	+9.020e+03	+0.269
101.000	+8.694e+03	+1.971e+03	+1.077e+04	+0.185
101.100	+8.005e+03	+2.441e+03	+1.042e+04	+0.234
101.200	+7.538e+03	+1.628e+03	+9.925e+03	+0.178
101.300	+7.207e+03	+2.259e+03	+1.129e+04	+0.239
101.400	+8.691e+03	+1.805e+03	+1.009e+04	+0.172
101.500	+5.908e+03	+2.786e+03	+1.030e+04	+0.320
101.600	+7.267e+03	+3.294e+03	+9.636e+03	+0.312
101.700	+7.563e+03	+2.024e+03	+1.033e+04	+0.211
101.800	+7.195e+03	+2.436e+03	+1.018e+04	+0.253
101.900	+7.382e+03	+2.260e+03	+1.086e+04	+0.234
102.000	+7.045e+03	+2.931e+03	+1.081e+04	+0.294
102.100	+7.528e+03	+3.933e+03	+1.095e+04	+0.343
102.200	+6.479e+03	+3.473e+03	+9.979e+03	+0.349
102.300	+7.900e+03	+2.725e+03	+8.652e+03	+0.256
102.400	+7.797e+03	+2.561e+03	+1.025e+04	+0.247
102.500	+8.017e+03	+2.103e+03	+1.061e+04	+0.208
102.600	+6.921e+03	+2.122e+03	+1.098e+04	+0.235
102.700	+7.210e+03	+1.856e+03	+1.069e+04	+0.205
102.800	+7.870e+03	+2.676e+03	+1.063e+04	+0.254
102.900	+8.055e+03	+1.339e+03	+1.025e+04	+0.143
103.000	+7.075e+03	+2.336e+03	+1.055e+04	+0.248
103.100	+8.049e+03	+2.501e+03	+8.902e+03	+0.237
103.200	+7.470e+03	+3.505e+03	+9.041e+03	+0.319
103.300	+6.541e+03	+3.435e+03	+1.019e+04	+0.344
103.400	+6.573e+03	+3.311e+03	+9.541e+03	+0.335
103.500	+7.430e+03	+1.679e+03	+1.039e+04	+0.184
103.600	+7.680e+03	+2.335e+03	+1.057e+04	+0.233
103.700	+7.819e+03	+3.128e+03	+9.351e+03	+0.286
103.800	+7.212e+03	+3.129e+03	+9.914e+03	+0.303
103.900	+7.410e+03	+3.090e+03	+1.046e+04	+0.294
104.000	+7.863e+03	+2.064e+03	+9.464e+03	+0.208
104.100	+7.725e+03	+3.644e+03	+9.907e+03	+0.321
104.200	+8.154e+03	+2.928e+03	+1.043e+04	+0.264
104.300	+7.001e+03	+1.755e+03	+1.018e+04	+0.200
104.400	+6.392e+03	+3.598e+03	+1.002e+04	+0.360
104.500	+8.501e+03	+3.026e+03	+1.032e+04	+0.263
104.600	+7.147e+03	+3.545e+03	+1.030e+04	+0.332
104.700	+7.057e+03	+2.099e+03	+1.022e+04	+0.229
104.800	+8.403e+03	+1.928e+03	+1.065e+04	+0.187
104.900	+7.718e+03	+2.212e+03	+1.090e+04	+0.223
105.000	+7.583e+03	+1.557e+03	+9.515e+03	+0.170
105.100	+7.444e+03	+2.498e+03	+8.697e+03	+0.251
105.200	+6.924e+03	+1.501e+03	+9.751e+03	+0.178
105.300	+7.118e+03	+2.566e+03	+9.346e+03	+0.265
105.400	+7.619e+03	+2.666e+03	+1.015e+04	+0.259
105.500	+6.580e+03	+2.697e+03	+1.034e+04	+0.291
105.600	+6.879e+03	+2.119e+03	+9.115e+03	+0.236
105.700	+8.634e+03	+2.669e+03	+9.064e+03	+0.236
105.800	+7.524e+03	+2.125e+03	+8.727e+03	+0.220
105.900	+8.490e+03	+2.872e+03	+9.994e+03	+0.253
106.000	+7.278e+03	+1.861e+03	+1.016e+04	+0.204
106.100	+7.191e+03	+1.570e+03	+1.023e+04	+0.179
106.200	+7.356e+03	+3.818e+03	+1.082e+04	+0.342
106.300	+7.924e+03	+2.694e+03	+9.067e+03	+0.254
106.400	+7.616e+03	+3.022e+03	+1.006e+04	+0.284
106.500	+7.010e+03	+2.364e+03	+9.053e+03	+0.252
106.600	+6.776e+03	+2.518e+03	+8.828e+03	+0.271
106.700	+7.235e+03	+1.824e+03	+1.038e+04	+0.201
106.800	+7.001e+03	+1.532e+03	+1.071e+04	+0.180
106.900	+7.126e+03	+3.049e+03	+9.009e+03	+0.300
107.000	+6.113e+03	+1.591e+03	+1.060e+04	+0.207
107.100	+7.756e+03	+2.397e+03	+1.005e+04	+0.236
107.200	+7.695e+03	+2.229e+03	+9.281e+03	+0.225
107.300	+8.184e+03	+2.146e+03	+9.606e+03	+0.208
107.400	+7.999e+03	+2.818e+03	+9.887e+03	+0.260
107.500	+7.230e+03	+1.419e+03	+9.940e+03	+0.164
107.600	+8.479e+03	+3.887e+03	+9.360e+03	+0.314
107.700	+8.532e+03	+1.303e+03	+9.839e+03	+0.132
107.800	+7.752e+03	+2.067e+03	+9.828e+03	+0.211
107.900	+6.987e+03	+1.979e+03	+9.681e+03	+0.221
108.000	+8.133e+03	+1.753e+03	+1.008e+04	+0.177
108.100	+6.567e+03	+1.370e+03	+9.337e+03	+0.173
108.200	+7.319e+03	+2.065e+03	+1.117e+04	+0.220
108.300	+8.053e+03	+3.210e+03	+9.740e+03	+0.285
108.400	+7.595e+03	+2.577e+03	+8.803e+03	+0.253
108.500	+7.337e+03	+2.493e+03	+9.285e+03	+0.254
108.600	+7.620e+03	+1.026e+03	+9.433e+03	+0.119
108.700	+7.050e+03	+3.077e+03	+9.997e+03	+0.304
108.800	+7.716e+03	+2.863e+03	+8.434e+03	+0.271
108.900	+6.454e+03	+2.658e+03	+9.683e+03	+0.292
109.000	+7.392e+03	+2.366e+03	+1.043e+04	+0.242
109.100	+6.889e+03	+3.080e+03	+8.802e+03	+0.309
109.200	+8.160e+03	+2.728e+03	+9.196e+03	+0.251
109.300	+7.883e+03	+2.596e+03	+1.043e+04	+0.248
109.400	+7.968e+03	+2.595e+03	+9.578e+03	+0.246
109.500	+8.030e+03	+2.563e+03	+9.884e+03	+0.242
109.600	+6.244e+03	+1.578e+03	+9.357e+03	+0.202
109.700	+6.898e+03	+2.919e+03	+1.117e+04	+0.297
109.800	+7.364e+03	+1.198e+03	+1.080e+04	+0.140
109.900	+7.645e+03	+1.804e+03	+1.001e+04	+0.191
110.000	+8.498e+03	+2.909e+03	+1.024e+04	+0.255
110.100	+6.307e+03	+2.474e+03	+9.532e+03	+0.282
110.200	+5.969e+03	+2.644e+03	+9.767e+03	+0.307
110.300	+6.946e+03	+2.004e+03	+1.009e+04	+0.224
110.400	+7.523e+03	+2.589e+03	+9.823e+03	+0.256
110.500	+7.107e+03	+3.037e+03	+9.477e+03	+0.299
110.600	+7.349e+03	+2.315e+03	+1.041e+04	+0.240
110.700	+8.783e+03	+2.743e+03	+9.913e+03	+0.238
110.800	+8.158e+03	+2.665e+03	+9.918e+03	+0.246
110.900	+8.746e+03	+3.219e+03	+9.883e+03	+0.269
111.000	+6.576e+03	+1.838e+03	+1.066e+04	+0.218
111.100	+7.488e+03	+2.281e+03	+1.006e+04	+0.234
111.200	+7.047e+03	+2.878e+03	+9.463e+03	+0.290
111.300	+8.661e+03	+3.022e+03	+1.135e+04	+0.259
111.400	+7.439e+03	+3.542e+03	+8.522e+03	+0.323
111.500	+6.885e+03	+2.508e+03	+9.957e+03	+0.267
111.600	+6.391e+03	+3.113e+03	+1.020e+04	+0.328
111.700	+7.287e+03	+1.587e+03	+8.986e+03	+0.179
111.800	+8.642e+03	+3.805e+03	+9.716e+03	+0.306
111.900	+7.851e+03	+2.159e+03	+9.997e+03	+0.216
112.000	+7.993e+03	+1.890e+03	+1.056e+04	+0.191
112.100	+6.429e+03	+2.760e+03	+1.088e+04	+0.300
112.200	+7.843e+03	+3.585e+03	+9.832e+03	+0.314
112.300	+7.310e+03	+3.397e+03	+1.084e+04	+0.317
112.400	+6.389e+03	+2.243e+03	+9.406e+03	+0.260
112.500	+7.290e+03	+2.842e+03	+9.772e+03	+0.281
112.600	+8.959e+03	+3.098e+03	+1.017e+04	+0.257
112.700	+7.568e+03	+2.117e+03	+8.934e+03	+0.219
112.800	+6.834e+03	+2.930e+03	+1.008e+04	+0.300
112.900	+6.609e+03	+1.729e+03	+9.192e+03	+0.207
113.000	+8.514e+03	+2.278e+03	+9.443e+03	+0.211
113.100	+8.227e+03	+2.399e+03	+8.091e+03	+0.226
113.200	+6.720e+03	+1.552e+03	+9.805e+03	+0.188
113.300	+7.933e+03	+1.906e+03	+1.047e+04	+0.194
113.400	+8.273e+03	+2.064e+03	+9.413e+03	+0.200
113.500	+6.271e+03	+2.263e+03	+9.709e+03	+0.265
113.600	+6.634e+03	+3.645e+03	+9.938e+03	+0.355
113.700	+7.467e+03	+2.239e+03	+1.078e+04	+0.231
113.800	+8.333e+03	+3.408e+03	+1.074e+04	+0.290
113.900	+6.597e+03	+2.756e+03	+1.093e+04	+0.295
114.000	+6.698e+03	+3.719e+03	+9.873e+03	+0.357
114.100	+6.825e+03	+1.558e+03	+1.020e+04	+0.186
114.200	+7.773e+03	+2.944e+03	+9.117e+03	+0.275
114.300	+7.343e+03	+3.866e+03	+8.554e+03	+0.345
114.400	+7.908e+03	+2.734e+03	+1.030e+04	+0.257
114.500	+8.450e+03	+1.600e+03	+8.607e+03	+0.159
114.600	+6.590e+03	+2.257e+03	+1.001e+04	+0.255
114.700	+7.215e+03	+1.976e+03	+8.932e+03	+0.215
114.800	+7.000e+03	+1.332e+03	+1.024e+04	+0.160
114.900	+7.762e+03	+2.597e+03	+1.035e+04	+0.251
115.000	+6.366e+03	+2.542e+03	+9.441e+03	+0.285
115.100	+6.847e+03	+2.524e+03	+1.005e+04	+0.269
115.200	+7.675e+03	+2.940e+03	+1.053e+04	+0.277
115.300	+7.517e+03	+2.647e+03	+1.047e+04	+0.260
115.400	+7.090e+03	+2.867e+03	+1.138e+04	+0.288
115.500	+8.328e+03	+2.012e+03	+1.031e+04	+0.195
115.600	+7.763e+03	+2.240e+03	+9.375e+03	+0.224
115.700	+7.883e+03	+2.826e+03	+1.033e+04	+0.264
115.800	+7.254e+03	+1.839e+03	+9.742e+03	+0.202
115.900	+6.728e+03	+1.806e+03	+1.041e+04	+0.212
116.000	+7.862e+03	+2.117e+03	+9.976e+03	+0.212
116.100	+8.288e+03	+2.724e+03	+9.921e+03	+0.247
116.200	+7.347e+03	+2.799e+03	+1.152e+04	+0.276
116.300	+7.559e+03	+2.805e+03	+1.069e+04	+0.271
116.400	+6.579e+03	+1.739e+03	+9.561e+03	+0.209
116.500	+7.901e+03	+1.753e+03	+1.013e+04	+0.182
116.600	+6.943e+03	+3.130e+03	+9.585e+03	+0.311
116.700	+7.223e+03	+2.073e+03	+1.057e+04	+0.223
116.800	+6.798e+03	+1.751e+03	+1.020e+04	+0.205
116.900	+6.267e+03	+5.225e+03	+9.984e+03	+0.455
117.000	+7.342e+03	+2.435e+03	+1.040e+04	+0.249
117.100	+7.971e+03	+2.981e+03	+1.002e+04	+0.272
117.200	+8.330e+03	+2.771e+03	+9.686e+03	+0.250
117.300	+7.455e+03	+2.646e+03	+1.130e+04	+0.262
117.400	+7.306e+03	+2.619e+03	+1.034e+04	+0.264
117.500	+8.366e+03	+2.119e+03	+1.118e+04	+0.202
117.600	+7.927e+03	+2.738e+03	+9.048e+03	+0.257
117.700	+8.456e+03	+2.463e+03	+9.819e+03	+0.226
117.800	+7.870e+03	+2.238e+03	+9.876e+03	+0.221
117.900	+8.018e+03	+1.646e+03	+1.078e+04	+0.170
118.000	+7.169e+03	+1.813e+03	+9.749e+03	+0.202
118.100	+8.008e+03	+1.848e+03	+9.901e+03	+0.187
118.200	+6.990e+03	+2.261e+03	+1.145e+04	+0.244
118.300	+7.355e+03	+2.966e+03	+1.053e+04	+0.287
118.400	+7.652e+03	+3.140e+03	+9.966e+03	+0.291
118.500	+7.780e+03	+3.146e+03	+1.012e+04	+0.288
118.600	+8.238e+03	+2.018e+03	+9.704e+03	+0.197
118.700	+6.561e+03	+1.436e+03	+1.004e+04	+0.180
118.800	+8.809e+03	+1.960e+03	+9.312e+03	+0.182
118.900	+8.151e+03	+1.536e+03	+9.908e+03	+0.159
119.000	+7.048e+03	+2.597e+03	+9.513e+03	+0.269
119.100	+6.834e+03	+2.145e+03	+1.031e+04	+0.239
119.200	+8.611e+03	+3.390e+03	+1.012e+04	+0.283
119.300	+7.221e+03	+1.749e+03	+9.807e+03	+0.195
119.400	+8.877e+03	+2.598e+03	+1.022e+04	+0.226
119.500	+7.603e+03	+2.389e+03	+9.304e+03	+0.239
119.600	+7.817e+03	+2.589e+03	+1.047e+04	+0.249
119.700	+7.166e+03	+2.137e+03	+1.040e+04	+0.230
119.800	+6.192e+03	+3.139e+03	+1.003e+04	+0.336
119.900	+7.372e+03	+2.860e+03	+1.141e+04	+0.280
120.000	+7.058e+03	+2.588e+03	+9.269e+03	+0.268
120.100	+8.038e+03	+3.780e+03	+1.111e+04	+0.320
120.200	+7.311e+03	+3.019e+03	+1.132e+04	+0.292
120.300	+7.967e+03	+3.563e+03	+1.007e+04	+0.309
120.400	+8.492e+03	+2.659e+03	+1.036e+04	+0.238
120.500	+6.301e+03	+1.464e+03	+9.102e+03	+0.189
120.600	+8.392e+03	+1.919e+03	+1.029e+04	+0.186
120.700	+7.925e+03	+1.605e+03	+9.355e+03	+0.168
120.800	+7.187e+03	+2.611e+03	+1.070e+04	+0.267
120.900	+8.264e+03	+3.259e+03	+9.828e+03	+0.283
121.000	+8.475e+03	+3.456e+03	+1.076e+04	+0.290
121.100	+8.002e+03	+2.027e+03	+9.438e+03	+0.202
121.200	+7.400e+03	+2.616e+03	+9.645e+03	+0.261
121.300	+8.308e+03	+3.270e+03	+1.009e+04	+0.282
121.400	+7.607e+03	+3.408e+03	+9.889e+03	+0.309
121.500	+7.422e+03	+2.285e+03	+1.132e+04	+0.235
121.600	+8.963e+03	+3.136e+03	+9.658e+03	+0.259
121.700	+8.422e+03	+3.970e+03	+9.855e+03	+0.320
121.800	+7.316e+03	+2.722e+03	+1.097e+04	+0.271
121.900	+9.032e+03	+2.135e+03	+1.077e+04	+0.191
122.000	+6.059e+03	+2.642e+03	+9.630e+03	+0.304
122.100	+8.080e+03	+1.781e+03	+8.977e+03	+0.181
122.200	+7.764e+03	+2.106e+03	+1.050e+04	+0.213
122.300	+8.080e+03	+2.714e+03	+9.150e+03	+0.251
122.400	+8.805e+03	+2.080e+03	+9.344e+03	+0.191
122.500	+9.166e+03	+2.985e+03	+9.390e+03	+0.246
122.600	+7.756e+03	+1.883e+03	+9.949e+03	+0.195
122.700	+7.255e+03	+2.894e+03	+9.145e+03	+0.285
122.800	+8.246e+03	+2.863e+03	+9.582e+03	+0.258
122.900	+7.521e+03	+1.955e+03	+8.993e+03	+0.206
123.000	+7.306e+03	+2.886e+03	+9.993e+03	+0.283
123.100	+7.815e+03	+2.090e+03	+1.078e+04	+0.211
123.200	+7.075e+03	+2.955e+03	+8.121e+03	+0.295
123.300	+7.456e+03	+2.618e+03	+1.044e+04	+0.260
123.400	+7.689e+03	+2.467e+03	+1.049e+04	+0.243
123.500	+6.949e+03	+3.675e+03	+9.373e+03	+0.346
123.600	+7.146e+03	+3.674e+03	+9.700e+03	+0.340
123.700	+8.039e+03	+2.187e+03	+1.029e+04	+0.214
123.800	+8.415e+03	+3.161e+03	+9.886e+03	+0.273
123.900	+8.249e+03	+2.603e+03	+1.045e+04	+0.240
124.000	+8.315e+03	+2.926e+03	+1.034e+04	+0.260
124.100	+7.510e+03	+3.218e+03	+1.029e+04	+0.300
124.200	+7.884e+03	+3.252e+03	+1.134e+04	+0.292
124.300	+7.888e+03	+2.564e+03	+9.706e+03	+0.245
124.400	+6.230e+03	+1.381e+03	+9.774e+03	+0.181
124.500	+6.617e+03	+2.602e+03	+9.925e+03	+0.282
124.600	+7.727e+03	+1.813e+03	+1.074e+04	+0.190
124.700	+7.067e+03	+2.154e+03	+9.627e+03	+0.234
124.800	+7.298e+03	+2.882e+03	+1.024e+04	+0.283
124.900	+7.810e+03	+2.643e+03	+9.650e+03	+0.253
125.000	+7.986e+03	+2.454e+03	+1.037e+04	+0.235
125.100	+6.905e+03	+2.137e+03	+9.747e+03	+0.236
125.200	+7.391e+03	+1.590e+03	+1.012e+04	+0.177
125.300	+7.119e+03	+1.879e+03	+1.188e+04	+0.209
125.400	+7.222e+03	+2.069e+03	+1.110e+04	+0.223
125.500	+7.859e+03	+1.289e+03	+9.764e+03	+0.141
125.600	+7.502e+03	+1.923e+03	+9.930e+03	+0.204
125.700	+7.762e+03	+3.066e+03	+1.104e+04	+0.283
125.800	+7.777e+03	+2.296e+03	+1.006e+04	+0.228
125.900	+6.508e+03	+1.951e+03	+1.001e+04	+0.231
126.000	+7.981e+03	+2.813e+03	+1.001e+04	+0.261
126.100	+7.319e+03	+2.712e+03	+9.998e+03	+0.270
126.200	+8.265e+03	+3.861e+03	+1.070e+04	+0.318
126.300	+7.679e+03	+3.130e+03	+9.958e+03	+0.290
126.400	+8.939e+03	+3.779e+03	+1.094e+04	+0.297
126.500	+6.827e+03	+2.595e+03	+1.055e+04	+0.275
126.600	+8.419e+03	+2.491e+03	+9.469e+03	+0.228
126.700	+7.720e+03	+3.466e+03	+1.014e+04	+0.310
126.800	+7.866e+03	+2.578e+03	+8.819e+03	+0.247
126.900	+6.954e+03	+3.142e+03	+9.692e+03	+0.311
127.000	+7.090e+03	+2.700e+03	+9.813e+03	+0.276
127.100	+7.128e+03	+2.356e+03	+1.060e+04	+0.248
127.200	+6.233e+03	+3.433e+03	+1.056e+04	+0.355
127.300	+8.092e+03	+3.211e+03	+9.920e+03	+0.284
127.400	+7.642e+03	+1.457e+03	+1.084e+04	+0.160
127.500	+7.938e+03	+2.332e+03	+9.880e+03	+0.227
127.600	+8.304e+03	+2.901e+03	+1.000e+04	+0.259
127.700	+6.662e+03	+2.853e+03	+9.617e+03	+0.300
127.800	+6.929e+03	+3.756e+03	+1.049e+04	+0.352
127.900	+7.033e+03	+1.899e+03	+1.058e+04	+0.213
128.000	+7.314e+03	+3.935e+03	+1.069e+04	+0.350
128.100	+6.393e+03	+2.711e+03	+1.076e+04	+0.298
128.200	+6.574e+03	+8.772e+02	+9.418e+03	+0.118
128.300	+8.851e+03	+2.126e+03	+1.019e+04	+0.194
128.400	+7.548e+03	+2.596e+03	+1.071e+04	+0.256
128.500	+7.560e+03	+1.988e+03	+1.041e+04	+0.208
128.600	+8.453e+03	+1.542e+03	+9.813e+03	+0.154
128.700	+6.865e+03	+2.715e+03	+1.021e+04	+0.283
128.800	+6.710e+03	+2.568e+03	+1.023e+04	+0.277
128.900	+7.933e+03	+2.061e+03	+9.695e+03	+0.206
129.000	+8.543e+03	+2.280e+03	+1.119e+04	+0.211
129.100	+9.032e+03	+2.877e+03	+9.585e+03	+0.242
129.200	+7.262e+03	+2.383e+03	+9.720e+03	+0.247
129.300	+7.289e+03	+7.563e+02	+9.754e+03	+0.094
129.400	+7.477e+03	+2.071e+03	+1.046e+04	+0.217
129.500	+7.268e+03	+2.051e+03	+1.073e+04	+0.220
129.600	+8.185e+03	+1.228e+03	+1.009e+04	+0.130
129.700	+7.538e+03	+3.155e+03	+1.052e+04	+0.295
129.800	+6.570e+03	+2.564e+03	+9.572e+03	+0.281
129.900	+7.430e+03	+2.791e+03	+9.530e+03	+0.273
130.000	+8.141e+03	+2.732e+03	+1.089e+04	+0.251
130.100	+7.213e+03	+3.259e+03	+8.616e+03	+0.311
130.200	+7.734e+03	+1.643e+03	+1.167e+04	+0.175
130.300	+5.707e+03	+3.429e+03	+9.367e+03	+0.375
130.400	+6.203e+03	+3.080e+03	+9.045e+03	+0.332
130.500	+6.906e+03	+2.111e+03	+1.138e+04	+0.234
130.600	+7.405e+03	+3.057e+03	+1.078e+04	+0.292
130.700	+7.626e+03	+3.386e+03	+9.632e+03	+0.307
130.800	+7.977e+03	+1.980e+03	+1.085e+04	+0.199
130.900	+8.696e+03	+1.316e+03	+9.884e+03	+0.131
131.000	+6.850e+03	+1.838e+03	+9.857e+03	+0.212
131.100	+7.540e+03	+3.081e+03	+9.518e+03	+0.290
131.200	+6.694e+03	+1.438e+03	+1.027e+04	+0.177
131.300	+6.094e+03	+2.431e+03	+9.170e+03	+0.285
131.400	+8.394e+03	+2.205e+03	+9.947e+03	+0.208
131.500	+6.762e+03	+2.675e+03	+9.666e+03	+0.283
131.600	+6.744e+03	+3.848e+03	+8.827e+03	+0.363
131.700	+9.051e+03	+1.598e+03	+9.433e+03	+0.150
131.800	+7.154e+03	+8.466e+02	+1.056e+04	+0.106
131.900	+8.414e+03	+2.069e+03	+9.634e+03	+0.197
132.000	+7.405e+03	+2.523e+03	+1.019e+04	+0.254
132.100	+7.610e+03	+2.620e+03	+9.368e+03	+0.256
132.200	+7.690e+03	+2.016e+03	+9.427e+03	+0.208
132.300	+8.938e+03	+4.113e+03	+9.865e+03	+0.315
132.400	+8.300e+03	+1.133e+03	+1.058e+04	+0.120
132.500	+7.809e+03	+2.452e+03	+8.972e+03	+0.239
132.600	+6.827e+03	+1.654e+03	+1.056e+04	+0.195
132.700	+6.946e+03	+2.745e+03	+1.107e+04	+0.283
132.800	+7.507e+03	+2.979e+03	+1.132e+04	+0.284
132.900	+7.861e+03	+2.022e+03	+9.600e+03	+0.205
133.000	+7.155e+03	+2.637e+03	+1.022e+04	+0.269
133.100	+7.388e+03	+1.540e+03	+9.808e+03	+0.173
133.200	+6.348e+03	+2.446e+03	+1.036e+04	+0.278
133.300	+7.770e+03	+2.445e+03	+1.039e+04	+0.239
133.400	+6.447e+03	+2.359e+03	+1.030e+04	+0.268
133.500	+7.432e+03	+9.535e+02	+1.012e+04	+0.114
133.600	+7.380e+03	+2.512e+03	+1.036e+04	+0.254
133.700	+7.162e+03	+3.177e+03	+8.726e+03	+0.307
133.800	+6.781e+03	+3.240e+03	+1.182e+04	+0.323
133.900	+6.262e+03	+2.603e+03	+9.532e+03	+0.294
134.000	+7.306e+03	+2.889e+03	+9.902e+03	+0.283
134.100	+8.459e+03	+2.790e+03	+9.204e+03	+0.248
134.200	+6.974e+03	+2.098e+03	+9.960e+03	+0.231
134.300	+8.056e+03	+2.048e+03	+9.061e+03	+0.203
134.400	+7.627e+03	+4.370e+03	+9.897e+03	+0.364
134.500	+7.374e+03	+1.499e+03	+1.025e+04	+0.169
134.600	+6.755e+03	+1.537e+03	+1.034e+04	+0.185
134.700	+7.795e+03	+1.372e+03	+1.071e+04	+0.150
134.800	+7.213e+03	+3.476e+03	+9.444e+03	+0.325
134.900	+6.574e+03	+2.831e+03	+8.675e+03	+0.301
135.000	+7.417e+03	+1.885e+03	+9.091e+03	+0.203
135.100	+7.812e+03	+1.482e+03	+8.836e+03	+0.159
135.200	+8.371e+03	+4.043e+03	+1.045e+04	+0.326
135.300	+7.643e+03	+3.242e+03	+1.021e+04	+0.298
135.400	+7.846e+03	+2.996e+03	+1.057e+04	+0.276
135.500	+7.376e+03	+1.742e+03	+9.914e+03	+0.191
135.600	+8.364e+03	+2.475e+03	+9.366e+03	+0.228
135.700	+7.434e+03	+1.390e+03	+1.031e+04	+0.157
135.800	+7.277e+03	+2.709e+03	+1.097e+04	+0.271
135.900	+8.048e+03	+3.557e+03	+9.389e+03	+0.306
136.000	+8.474e+03	+1.669e+03	+9.030e+03	+0.165
136.100	+8.559e+03	+1.363e+03	+1.003e+04	+0.137
136.200	+7.725e+03	+2.605e+03	+1.005e+04	+0.252
136.300	+7.156e+03	+2.866e+03	+9.185e+03	+0.286
136.400	+7.206e+03	+3.375e+03	+8.913e+03	+0.319
136.500	+8.913e+03	+3.219e+03	+9.460e+03	+0.265
136.600	+7.681e+03	+1.768e+03	+9.996e+03	+0.187
136.700	+6.405e+03	+1.522e+03	+1.004e+04	+0.192
136.800	+6.128e+03	+2.607e+03	+9.601e+03	+0.298
136.900	+7.424e+03	+1.097e+03	+1.045e+04	+0.129
137.000	+7.847e+03	+2.927e+03	+9.936e+03	+0.272
137.100	+7.911e+03	+1.882e+03	+1.020e+04	+0.192
137.200	+6.775e+03	+3.709e+03	+9.832e+03	+0.354
137.300	+7.804e+03	+2.120e+03	+9.747e+03	+0.214
137.400	+6.517e+03	+2.701e+03	+1.070e+04	+0.293
137.500	+7.702e+03	+3.049e+03	+9.406e+03	+0.284
137.600	+7.619e+03	+2.147e+03	+9.428e+03	+0.220
137.700	+7.292e+03	+4.141e+03	+1.080e+04	+0.362
137.800	+7.285e+03	+1.615e+03	+9.686e+03	+0.181
137.900	+7.310e+03	+2.584e+03	+1.079e+04	+0.261
138.000	+6.602e+03	+3.930e+03	+9.870e+03	+0.373
138.100	+6.782e+03	+3.641e+03	+9.469e+03	+0.349
138.200	+7.429e+03	+1.010e+03	+9.235e+03	+0.120
138.300	+6.829e+03	+2.166e+03	+9.806e+03	+0.241
138.400	+8.237e+03	+1.705e+03	+1.022e+04	+0.171
138.500	+7.389e+03	+2.259e+03	+1.088e+04	+0.234
138.600	+7.058e+03	+3.107e+03	+1.174e+04	+0.306
138.700	+7.890e+03	+2.444e+03	+1.003e+04	+0.236
138.800	+6.334e+03	+3.300e+03	+1.046e+04	+0.343
138.900	+8.014e+03	+1.734e+03	+1.059e+04	+0.178
139.000	+7.240e+03	+2.673e+03	+9.316e+03	+0.270
139.100	+6.820e+03	+3.029e+03	+1.010e+04	+0.308
139.200	+7.725e+03	+3.165e+03	+1.064e+04	+0.291
139.300	+7.203e+03	+2.288e+03	+1.058e+04	+0.241
139.400	+7.232e+03	+3.411e+03	+9.590e+03	+0.320
139.500	+6.265e+03	+2.456e+03	+9.880e+03	+0.282
139.600	+8.427e+03	+2.040e+03	+1.037e+04	+0.195
139.700	+7.598e+03	+3.530e+03	+1.072e+04	+0.317
139.800	+7.570e+03	+3.169e+03	+9.131e+03	+0.295
139.900	+5.998e+03	+2.264e+03	+9.807e+03	+0.274
140.000	+6.545e+03	+1.875e+03	+1.067e+04	+0.223
140.100	+7.384e+03	+2.620e+03	+1.016e+04	+0.262
140.200	+8.335e+03	+1.929e+03	+9.500e+03	+0.188
140.300	+7.219e+03	+3.616e+03	+1.086e+04	+0.334
140.400	+6.481e+03	+3.091e+03	+1.035e+04	+0.323
140.500	+8.095e+03	+3.094e+03	+1.073e+04	+0.277
140.600	+7.514e+03	+3.946e+03	+1.016e+04	+0.344
140.700	+6.346e+03	+2.717e+03	+1.177e+04	+0.300
140.800	+7.904e+03	+2.070e+03	+1.159e+04	+0.208
140.900	+6.320e+03	+3.815e+03	+9.472e+03	+0.376
141.000	+7.544e+03	+1.850e+03	+1.001e+04	+0.197
141.100	+7.490e+03	+4.069e+03	+9.681e+03	+0.352
141.200	+7.156e+03	+2.932e+03	+1.025e+04	+0.291
141.300	+7.072e+03	+3.038e+03	+1.021e+04	+0.301
141.400	+7.292e+03	+3.135e+03	+9.398e+03	+0.301
141.500	+8.156e+03	+3.141e+03	+9.890e+03	+0.278
141.600	+7.653e+03	+1.434e+03	+1.055e+04	+0.158
141.700	+7.785e+03	+3.390e+03	+1.016e+04	+0.303
141.800	+7.074e+03	+2.900e+03	+8.708e+03	+0.291
141.900	+7.198e+03	+2.023e+03	+1.043e+04	+0.219
142.000	+7.058e+03	+2.108e+03	+9.513e+03	+0.230
142.100	+8.125e+03	+2.388e+03	+8.624e+03	+0.227
142.200	+7.446e+03	+2.338e+03	+9.570e+03	+0.239
142.300	+8.000e+03	+1.941e+03	+1.035e+04	+0.195
142.400	+8.050e+03	+3.243e+03	+1.009e+04	+0.287
142.500	+7.040e+03	+3.314e+03	+9.950e+03	+0.320
142.600	+7.357e+03	+4.201e+03	+1.061e+04	+0.363
142.700	+8.218e+03	+2.654e+03	+9.765e+03	+0.244
142.800	+7.320e+03	+3.184e+03	+9.501e+03	+0.303
142.900	+8.181e+03	+2.559e+03	+9.299e+03	+0.238
143.000	+7.460e+03	+2.352e+03	+9.896e+03	+0.240
143.100	+7.070e+03	+1.535e+03	+9.932e+03	+0.178
143.200	+6.857e+03	+2.507e+03	+8.875e+03	+0.268
143.300	+8.498e+03	+3.251e+03	+9.588e+03	+0.277
143.400	+7.870e+03	+2.692e+03	+9.840e+03	+0.255
143.500	+8.105e+03	+3.526e+03	+1.060e+04	+0.303
143.600	+8.200e+03	+2.322e+03	+1.052e+04	+0.221
143.700	+7.967e+03	+2.954e+03	+9.253e+03	+0.271
143.800	+7.201e+03	+3.462e+03	+9.705e+03	+0.325
143.900	+7.506e+03	+1.114e+03	+9.766e+03	+0.129
144.000	+8.028e+03	+1.722e+03	+1.016e+04	+0.177
144.100	+6.875e+03	+2.358e+03	+9.386e+03	+0.255
144.200	+7.639e+03	+2.070e+03	+8.701e+03	+0.213
144.300	+6.845e+03	+2.137e+03	+1.047e+04	+0.238
144.400	+7.282e+03	+3.657e+03	+1.097e+04	+0.334
144.500	+8.475e+03	+2.384e+03	+1.062e+04	+0.220
144.600	+8.499e+03	+2.653e+03	+9.927e+03	+0.238
144.700	+5.824e+03	+3.033e+03	+8.387e+03	+0.342
144.800	+7.101e+03	+2.998e+03	+1.009e+04	+0.297
144.900	+7.712e+03	+1.938e+03	+1.055e+04	+0.201
145.000	+7.610e+03	+2.155e+03	+1.022e+04	+0.221
145.100	+7.805e+03	+2.347e+03	+9.693e+03	+0.231
145.200	+7.659e+03	+3.432e+03	+1.047e+04	+0.309
145.300	+7.327e+03	+3.549e+03	+1.080e+04	+0.326
145.400	+7.678e+03	+3.355e+03	+1.021e+04	+0.304
145.500	+7.238e+03	+2.567e+03	+9.471e+03	+0.262
145.600	+8.002e+03	+8.138e+02	+8.864e+03	+0.092
145.700	+8.323e+03	+2.438e+03	+9.764e+03	+0.227
145.800	+7.491e+03	+2.284e+03	+9.637e+03	+0.234
145.900	+7.198e+03	+1.105e+03	+9.677e+03	+0.133
146.000	+7.718e+03	+2.104e+03	+1.120e+04	+0.214
146.100	+7.330e+03	+2.237e+03	+1.037e+04	+0.234
146.200	+7.821e+03	+5.326e+02	+8.617e+03	+0.064
146.300	+7.322e+03	+2.115e+03	+1.051e+04	+0.224
146.400	+7.709e+03	+2.659e+03	+1.055e+04	+0.256
146.500	+9.190e+03	+2.247e+03	+9.970e+03	+0.196
146.600	+6.043e+03	+2.450e+03	+1.017e+04	+0.289
146.700	+7.522e+03	+1.780e+03	+1.048e+04	+0.191
146.800	+7.907e+03	+1.227e+03	+9.299e+03	+0.134
146.900	+7.224e+03	+1.421e+03	+1.033e+04	+0.164
147.000	+8.100e+03	+3.579e+03	+1.019e+04	+0.306
147.100	+6.154e+03	+2.611e+03	+9.493e+03	+0.298
147.200	+7.267e+03	+1.649e+03	+1.098e+04	+0.185
147.300	+8.228e+03	+8.099e+02	+9.521e+03	+0.090
147.400	+6.600e+03	+1.870e+03	+9.870e+03	+0.221
147.500	+8.168e+03	+3.563e+03	+1.015e+04	+0.304
147.600	+7.383e+03	+1.355e+03	+1.095e+04	+0.155
147.700	+6.702e+03	+1.961e+03	+9.715e+03	+0.226
147.800	+8.114e+03	+1.695e+03	+9.167e+03	+0.173
147.900	+8.502e+03	+2.869e+03	+1.056e+04	+0.252
148.000	+7.949e+03	+3.326e+03	+1.025e+04	+0.295
148.100	+8.053e+03	+2.091e+03	+8.416e+03	+0.206
148.200	+7.516e+03	+2.689e+03	+9.665e+03	+0.263
148.300	+7.187e+03	+2.462e+03	+1.018e+04	+0.255
148.400	+7.904e+03	+2.618e+03	+9.589e+03	+0.249
148.500	+5.361e+03	+3.395e+03	+1.051e+04	+0.388
148.600	+7.020e+03	+3.400e+03	+1.090e+04	+0.326
148.700	+7.546e+03	+1.465e+03	+9.230e+03	+0.163
148.800	+8.017e+03	+2.904e+03	+9.480e+03	+0.266
148.900	+6.662e+03	+3.195e+03	+1.084e+04	+0.324
149.000	+7.566e+03	+2.776e+03	+1.003e+04	+0.268
149.100	+7.800e+03	+2.921e+03	+1.000e+04	+0.272
149.200	+8.102e+03	+3.729e+03	+9.963e+03	+0.315
149.300	+8.629e+03	+2.709e+03	+9.597e+03	+0.239
149.400	+7.425e+03	+1.374e+03	+1.106e+04	+0.156
149.500	+7.095e+03	+1.905e+03	+9.904e+03	+0.212
149.600	+7.020e+03	+1.928e+03	+1.032e+04	+0.215
149.700	+7.032e+03	+3.109e+03	+9.080e+03	+0.307
149.800	+7.249e+03	+2.630e+03	+9.376e+03	+0.266
149.900	+8.994e+03	+3.529e+03	+1.025e+04	+0.282
150.000	+7.507e+03	+2.826e+03	+9.800e+03	+0.274
150.100	+8.062e+03	+1.472e+03	+9.570e+03	+0.154
150.200	+7.064e+03	+1.815e+03	+9.637e+03	+0.204
150.300	+7.951e+03	+2.882e+03	+9.692e+03	+0.266
150.400	+7.561e+03	+2.275e+03	+1.019e+04	+0.231
150.500	+7.889e+03	+1.591e+03	+1.112e+04	+0.168
150.600	+7.338e+03	+2.242e+03	+9.242e+03	+0.234
150.700	+7.499e+03	+2.652e+03	+1.073e+04	+0.261
150.800	+8.758e+03	+1.605e+03	+1.024e+04	+0.155
150.900	+7.814e+03	+2.479e+03	+9.361e+03	+0.241
151.000	+7.053e+03	+1.582e+03	+9.013e+03	+0.183
151.100	+7.118e+03	+2.868e+03	+1.038e+04	+0.287
151.200	+8.570e+03	+3.050e+03	+9.639e+03	+0.263
151.300	+8.919e+03	+2.284e+03	+1.015e+04	+0.204
151.400	+6.847e+03	+1.090e+03	+9.632e+03	+0.137
151.500	+8.788e+03	+1.953e+03	+9.813e+03	+0.182
151.600	+7.239e+03	+1.817e+03	+8.532e+03	+0.201
151.700	+6.373e+03	+3.125e+03	+1.011e+04	+0.329
151.800	+6.696e+03	+2.387e+03	+1.022e+04	+0.263
151.900	+8.083e+03	+3.467e+03	+9.394e+03	+0.300
152.000	+7.418e+03	+3.417e+03	+8.515e+03	+0.315
152.100	+8.369e+03	+2.083e+03	+1.071e+04	+0.199
152.200	+7.052e+03	+1.095e+03	+9.067e+03	+0.134
152.300	+7.168e+03	+4.301e+03	+9.903e+03	+0.375
152.400	+7.605e+03	+1.966e+03	+1.008e+04	+0.205
152.500	+7.887e+03	+1.858e+03	+1.041e+04	+0.191
152.600	+6.726e+03	+2.598e+03	+9.596e+03	+0.279
152.700	+6.555e+03	+2.815e+03	+1.066e+04	+0.300
152.800	+6.340e+03	+3.257e+03	+1.011e+04	+0.339
152.900	+6.580e+03	+3.032e+03	+9.343e+03	+0.315
153.000	+6.974e+03	+2.815e+03	+9.451e+03	+0.288
153.100	+8.279e+03	+3.155e+03	+9.308e+03	+0.276
153.200	+7.687e+03	+2.557e+03	+1.230e+04	+0.250
153.300	+7.058e+03	+2.822e+03	+1.040e+04	+0.286
153.400	+8.328e+03	+2.798e+03	+9.374e+03	+0.252
153.500	+8.782e+03	+2.803e+03	+9.979e+03	+0.242
153.600	+7.626e+03	+1.244e+03	+1.067e+04	+0.140
153.700	+7.815e+03	+2.410e+03	+1.024e+04	+0.236
153.800	+7.622e+03	+2.881e+03	+9.970e+03	+0.274
153.900	+7.073e+03	+2.071e+03	+9.805e+03	+0.226
154.000	+9.737e+03	+3.029e+03	+9.848e+03	+0.237
154.100	+6.722e+03	+2.211e+03	+1.068e+04	+0.248
154.200	+8.128e+03	+3.859e+03	+9.297e+03	+0.322
154.300	+6.487e+03	+1.963e+03	+9.979e+03	+0.232
154.400	+8.353e+03	+2.430e+03	+1.048e+04	+0.225
154.500	+7.775e+03	+1.845e+03	+9.489e+03	+0.192
154.600	+8.313e+03	+2.729e+03	+1.027e+04	+0.247
154.700	+8.178e+03	+2.692e+03	+9.047e+03	+0.248
154.800	+6.748e+03	+2.171e+03	+9.060e+03	+0.243
154.900	+7.073e+03	+2.888e+03	+1.042e+04	+0.290
155.000	+7.117e+03	+2.695e+03	+1.016e+04	+0.275
155.100	+7.715e+03	+1.118e+03	+1.044e+04	+0.127
155.200	+7.930e+03	+4.230e+03	+9.863e+03	+0.348
155.300	+7.589e+03	+2.930e+03	+9.502e+03	+0.279
155.400	+7.493e+03	+1.189e+03	+9.179e+03	+0.137
155.500	+7.257e+03	+2.355e+03	+1.053e+04	+0.245
155.600	+7.411e+03	+3.189e+03	+9.972e+03	+0.301
155.700	+7.778e+03	+2.511e+03	+1.060e+04	+0.244
155.800	+7.520e+03	+1.653e+03	+8.578e+03	+0.180
155.900	+7.330e+03	+2.643e+03	+1.003e+04	+0.265
156.000	+8.156e+03	+2.808e+03	+1.081e+04	+0.256
156.100	+7.251e+03	+1.725e+03	+9.506e+03	+0.192
156.200	+7.682e+03	+2.071e+03	+1.041e+04	+0.212
156.300	+6.433e+03	+1.946e+03	+1.033e+04	+0.232
156.400	+6.631e+03	+2.637e+03	+1.105e+04	+0.285
156.500	+7.413e+03	+2.229e+03	+9.059e+03	+0.231
156.600	+7.097e+03	+2.523e+03	+1.004e+04	+0.262
156.700	+8.371e+03	+2.339e+03	+1.088e+04	+0.218
156.800	+7.727e+03	+2.085e+03	+8.182e+03	+0.212
156.900	+6.913e+03	+3.485e+03	+8.456e+03	+0.335
157.000	+8.815e+03	+2.637e+03	+1.018e+04	+0.230
157.100	+7.231e+03	+2.948e+03	+1.106e+04	+0.290
157.200	+8.488e+03	+3.291e+03	+9.824e+03	+0.279
157.300	+7.741e+03	+1.665e+03	+1.082e+04	+0.177
157.400	+7.740e+03	+1.766e+03	+9.713e+03	+0.186
157.500	+7.251e+03	+2.491e+03	+9.072e+03	+0.256
157.600	+7.334e+03	+2.183e+03	+1.080e+04	+0.229
157.700	+8.743e+03	+2.042e+03	+1.109e+04	+0.189
157.800	+7.099e+03	+2.495e+03	+1.004e+04	+0.260
157.900	+8.713e+03	+1.853e+03	+1.024e+04	+0.175
158.000	+6.970e+03	+1.685e+03	+1.025e+04	+0.195
158.100	+7.011e+03	+2.591e+03	+1.091e+04	+0.270
158.200	+8.050e+03	+1.759e+03	+1.072e+04	+0.179
158.300	+8.171e+03	+3.159e+03	+1.045e+04	+0.279
158.400	+7.966e+03	+2.073e+03	+9.404e+03	+0.207
158.500	+7.306e+03	+1.717e+03	+9.655e+03	+0.190
158.600	+7.632e+03	+1.698e+03	+9.858e+03	+0.182
158.700	+7.821e+03	+1.837e+03	+9.682e+03	+0.190
158.800	+6.770e+03	+2.669e+03	+8.749e+03	+0.283
158.900	+6.939e+03	+3.054e+03	+9.182e+03	+0.306
159.000	+7.194e+03	+2.248e+03	+9.625e+03	+0.238
159.100	+6.920e+03	+3.328e+03	+1.034e+04	+0.325
159.200	+7.585e+03	+1.270e+03	+9.232e+03	+0.143
159.300	+7.962e+03	+2.915e+03	+9.345e+03	+0.268
159.400	+6.361e+03	+2.588e+03	+9.120e+03	+0.289
159.500	+8.605e+03	+1.686e+03	+9.959e+03	+0.164
159.600	+7.773e+03	+2.083e+03	+9.711e+03	+0.211
159.700	+7.353e+03	+3.742e+03	+1.098e+04	+0.337
159.800	+7.213e+03	+2.929e+03	+9.517e+03	+0.289
159.900	+7.808e+03	+2.062e+03	+1.053e+04	+0.209
160.000	+6.147e+03	+1.076e+03	+9.853e+03	+0.149
160.100	+7.622e+03	+4.817e+03	+9.381e+03	+0.387
160.200	+5.923e+03	+2.926e+03	+9.802e+03	+0.331
160.300	+7.825e+03	+1.792e+03	+1.051e+04	+0.186
160.400	+8.190e+03	+1.973e+03	+9.140e+03	+0.194
160.500	+7.100e+03	+1.583e+03	+9.536e+03	+0.182
160.600	+7.508e+03	+3.597e+03	+9.686e+03	+0.324
160.700	+7.141e+03	+2.357e+03	+9.273e+03	+0.248
160.800	+6.285e+03	+2.166e+03	+9.765e+03	+0.256
160.900	+7.287e+03	+1.811e+03	+1.105e+04	+0.199
161.000	+5.953e+03	+2.906e+03	+9.745e+03	+0.328
161.100	+7.394e+03	+1.317e+03	+9.462e+03	+0.151
161.200	+8.778e+03	+2.514e+03	+1.104e+04	+0.223
161.300	+7.631e+03	+2.023e+03	+1.135e+04	+0.210
161.400	+8.622e+03	+2.427e+03	+1.055e+04	+0.220
161.500	+7.328e+03	+3.063e+03	+1.049e+04	+0.295
161.600	+6.134e+03	+1.764e+03	+1.022e+04	+0.223
161.700	+8.789e+03	+2.284e+03	+1.073e+04	+0.206
161.800	+6.113e+03	+1.431e+03	+1.076e+04	+0.190
161.900	+7.924e+03	+2.677e+03	+1.035e+04	+0.253
162.000	+7.601e+03	+2.265e+03	+1.004e+04	+0.230
162.100	+7.226e+03	+3.259e+03	+9.183e+03	+0.311
162.200	+7.528e+03	+3.296e+03	+9.260e+03	+0.305
162.300	+7.041e+03	+2.223e+03	+9.788e+03	+0.240
162.400	+7.228e+03	+3.047e+03	+9.269e+03	+0.297
162.500	+8.088e+03	+1.512e+03	+1.126e+04	+0.157
162.600	+7.013e+03	+2.379e+03	+9.668e+03	+0.253
162.700	+8.051e+03	+2.008e+03	+9.405e+03	+0.200
162.800	+7.822e+03	+3.142e+03	+9.673e+03	+0.287
162.900	+7.914e+03	+1.791e+03	+9.869e+03	+0.185
163.000	+7.564e+03	+1.565e+03	+9.437e+03	+0.171
163.100	+5.880e+03	+2.076e+03	+1.155e+04	+0.261
163.200	+7.771e+03	+2.780e+03	+1.056e+04	+0.264
163.300	+7.980e+03	+2.341e+03	+9.563e+03	+0.227
163.400	+6.772e+03	+2.460e+03	+1.116e+04	+0.266
163.500	+7.386e+03	+2.171e+03	+1.053e+04	+0.227
163.600	+7.484e+03	+2.690e+03	+8.500e+03	+0.264
163.700	+6.851e+03	+2.271e+03	+9.191e+03	+0.249
163.800	+7.412e+03	+2.721e+03	+1.057e+04	+0.269
163.900	+7.515e+03	+8.665e+02	+9.854e+03	+0.103
164.000	+6.098e+03	+1.808e+03	+1.022e+04	+0.229
164.100	+8.135e+03	+1.844e+03	+9.915e+03	+0.185
164.200	+8.385e+03	+2.875e+03	+1.046e+04	+0.255
164.300	+6.814e+03	+2.438e+03	+9.072e+03	+0.263
164.400	+7.758e+03	+2.241e+03	+9.135e+03	+0.224
164.500	+7.617e+03	+3.608e+03	+1.054e+04	+0.321
164.600	+7.856e+03	+1.955e+03	+9.249e+03	+0.199
164.700	+7.148e+03	+2.538e+03	+9.191e+03	+0.262
164.800	+7.736e+03	+3.337e+03	+9.672e+03	+0.301
164.900	+8.695e+03	+1.709e+03	+9.976e+03	+0.164
165.000	+6.744e+03	+1.997e+03	+1.080e+04	+0.228
165.100	+6.731e+03	+1.807e+03	+8.871e+03	+0.212
165.200	+7.342e+03	+3.034e+03	+9.452e+03	+0.292
165.300	+7.783e+03	+2.360e+03	+9.445e+03	+0.233
165.400	+6.771e+03	+1.821e+03	+1.028e+04	+0.212
165.500	+6.885e+03	+3.055e+03	+9.940e+03	+0.307
165.600	+8.335e+03	+2.241e+03	+9.779e+03	+0.212
165.700	+7.913e+03	+3.283e+03	+1.022e+04	+0.293
165.800	+6.876e+03	+2.050e+03	+9.741e+03	+0.230
165.900	+6.673e+03	+1.910e+03	+8.394e+03	+0.223
166.000	+6.948e+03	+1.897e+03	+1.201e+04	+0.214
166.100	+8.310e+03	+2.648e+03	+9.558e+03	+0.242
166.200	+7.026e+03	+2.961e+03	+9.774e+03	+0.296
166.300	+7.435e+03	+2.213e+03	+1.059e+04	+0.229
166.400	+7.122e+03	+7.691e+02	+1.110e+04	+0.097
166.500	+9.107e+03	+3.346e+03	+8.503e+03	+0.269
166.600	+6.725e+03	+3.254e+03	+9.789e+03	+0.326
166.700	+8.030e+03	+2.141e+03	+1.058e+04	+0.210
166.800	+6.028e+03	+3.193e+03	+1.126e+04	+0.346
166.900	+8.382e+03	+1.758e+03	+9.926e+03	+0.173
167.000	+8.100e+03	+3.326e+03	+1.050e+04	+0.291
167.100	+7.806e+03	+1.543e+03	+9.865e+03	+0.165
167.200	+7.696e+03	+2.231e+03	+9.667e+03	+0.225
167.300	+6.550e+03	+4.127e+03	+9.804e+03	+0.387
167.400	+7.813e+03	+2.726e+03	+1.028e+04	+0.259
167.500	+7.654e+03	+2.191e+03	+1.146e+04	+0.223
167.600	+6.662e+03	+2.328e+03	+9.307e+03	+0.259
167.700	+7.812e+03	+1.969e+03	+9.765e+03	+0.201
167.800	+7.821e+03	+2.854e+03	+1.041e+04	+0.267
167.900	+7.245e+03	+1.438e+03	+1.123e+04	+0.166
168.000	+8.131e+03	+2.441e+03	+1.018e+04	+0.231
168.100	+6.744e+03	+2.953e+03	+9.497e+03	+0.305
168.200	+7.980e+03	+1.265e+03	+9.378e+03	+0.137
168.300	+7.512e+03	+2.093e+03	+1.121e+04	+0.218
168.400	+8.351e+03	+2.185e+03	+9.281e+03	+0.207
168.500	+8.438e+03	+2.130e+03	+9.986e+03	+0.202
168.600	+6.562e+03	+3.454e+03	+8.176e+03	+0.345
168.700	+7.961e+03	+3.572e+03	+1.007e+04	+0.310
168.800	+7.241e+03	+2.087e+03	+1.153e+04	+0.224
168.900	+8.134e+03	+2.105e+03	+9.135e+03	+0.206
169.000	+6.936e+03	+2.810e+03	+1.013e+04	+0.288
169.100	+7.751e+03	+2.352e+03	+1.012e+04	+0.233
169.200	+8.297e+03	+2.092e+03	+9.515e+03	+0.201
169.300	+8.040e+03	+1.718e+03	+1.073e+04	+0.176
169.400	+6.900e+03	+2.569e+03	+9.982e+03	+0.271
169.500	+9.458e+03	+1.821e+03	+8.933e+03	+0.161
169.600	+7.524e+03	+1.362e+03	+9.327e+03	+0.153
169.700	+8.038e+03	+2.897e+03	+9.987e+03	+0.265
169.800	+7.612e+03	+3.096e+03	+9.411e+03	+0.289
169.900	+7.739e+03	+2.236e+03	+9.599e+03	+0.224
170.000	+6.450e+03	+2.066e+03	+1.074e+04	+0.243
170.100	+6.943e+03	+2.833e+03	+1.017e+04	+0.290
170.200	+7.255e+03	+2.886e+03	+8.937e+03	+0.285
170.300	+7.132e+03	+3.506e+03	+1.001e+04	+0.330
170.400	+7.264e+03	+3.835e+03	+1.034e+04	+0.346
170.500	+7.441e+03	+3.353e+03	+9.215e+03	+0.311
170.600	+7.014e+03	+3.069e+03	+1.012e+04	+0.304
170.700	+6.828e+03	+2.540e+03	+8.817e+03	+0.271
170.800	+8.625e+03	+1.552e+03	+9.523e+03	+0.153
170.900	+7.919e+03	+2.321e+03	+9.443e+03	+0.227
171.000	+7.471e+03	+2.388e+03	+8.802e+03	+0.242
171.100	+7.837e+03	+2.389e+03	+9.987e+03	+0.234
171.200	+7.780e+03	+1.840e+03	+1.079e+04	+0.191
171.300	+7.631e+03	+2.353e+03	+9.867e+03	+0.236
171.400	+7.171e+03	+3.162e+03	+1.145e+04	+0.306
171.500	+7.773e+03	+1.492e+03	+9.859e+03	+0.161
171.600	+6.998e+03	+2.127e+03	+9.961e+03	+0.233
171.700	+7.412e+03	+2.383e+03	+1.128e+04	+0.243
171.800	+6.415e+03	+2.860e+03	+9.162e+03	+0.308
171.900	+7.371e+03	+3.081e+03	+1.166e+04	+0.295
172.000	+7.177e+03	+3.192e+03	+1.067e+04	+0.308
172.100	+6.790e+03	+2.136e+03	+9.558e+03	+0.239
172.200	+6.723e+03	+1.905e+03	+1.004e+04	+0.221
172.300	+8.859e+03	+1.955e+03	+9.651e+03	+0.181
172.400	+8.234e+03	+2.286e+03	+1.025e+04	+0.217
172.500	+8.168e+03	+4.198e+03	+9.720e+03	+0.339
172.600	+8.282e+03	+2.653e+03	+1.146e+04	+0.243
172.700	+7.215e+03	+2.815e+03	+8.649e+03	+0.281
172.800	+6.367e+03	+2.125e+03	+1.039e+04	+0.250
172.900	+7.855e+03	+2.078e+03	+9.740e+03	+0.209
173.000	+7.928e+03	+2.455e+03	+9.477e+03	+0.236
173.100	+6.997e+03	+3.096e+03	+1.003e+04	+0.307
173.200	+7.909e+03	+1.474e+03	+9.778e+03	+0.157
173.300	+7.954e+03	+2.530e+03	+9.873e+03	+0.241
173.400	+6.657e+03	+1.854e+03	+9.839e+03	+0.218
173.500	+7.236e+03	+1.160e+03	+1.022e+04	+0.138
173.600	+8.543e+03	+2.081e+03	+9.332e+03	+0.196
173.700	+7.511e+03	+3.097e+03	+9.428e+03	+0.292
173.800	+6.615e+03	+3.026e+03	+9.987e+03	+0.314
173.900	+6.787e+03	+1.896e+03	+9.738e+03	+0.218
174.000	+7.697e+03	+3.241e+03	+1.074e+04	+0.296
174.100	+9.370e+03	+2.807e+03	+9.405e+03	+0.231
174.200	+7.496e+03	+2.253e+03	+9.559e+03	+0.231
174.300	+6.671e+03	+1.687e+03	+1.072e+04	+0.202
174.400	+6.809e+03	+2.141e+03	+1.051e+04	+0.239
174.500	+7.412e+03	+3.906e+03	+1.019e+04	+0.345
174.600	+8.106e+03	+1.914e+03	+8.905e+03	+0.191
174.700	+8.608e+03	+2.173e+03	+1.030e+04	+0.202
174.800	+5.644e+03	+2.957e+03	+1.144e+04	+0.344
174.900	+7.461e+03	+1.528e+03	+1.014e+04	+0.170
175.000	+6.428e+03	+2.004e+03	+1.004e+04	+0.238
175.100	+6.566e+03	+2.919e+03	+9.573e+03	+0.308
175.200	+6.637e+03	+2.882e+03	+9.705e+03	+0.303
175.300	+7.551e+03	+1.935e+03	+9.907e+03	+0.204
175.400	+7.693e+03	+4.147e+03	+1.116e+04	+0.350
175.500	+7.065e+03	+2.229e+03	+1.028e+04	+0.240
175.600	+7.767e+03	+2.800e+03	+1.016e+04	+0.265
175.700	+6.189e+03	+3.038e+03	+8.467e+03	+0.329
175.800	+7.706e+03	+1.978e+03	+9.901e+03	+0.204
175.900	+5.713e+03	+2.660e+03	+9.819e+03	+0.318
176.000	+8.394e+03	+2.624e+03	+9.757e+03	+0.238
176.100	+6.533e+03	+3.153e+03	+9.666e+03	+0.326
176.200	+7.222e+03	+3.280e+03	+1.055e+04	+0.312
176.300	+7.227e+03	+2.447e+03	+1.084e+04	+0.253
176.400	+5.732e+03	+2.033e+03	+9.258e+03	+0.262
176.500	+8.190e+03	+2.546e+03	+8.889e+03	+0.237
176.600	+7.993e+03	+2.002e+03	+1.130e+04	+0.200
176.700	+7.240e+03	+2.743e+03	+1.067e+04	+0.275
176.800	+9.183e+03	+2.359e+03	+9.928e+03	+0.204
176.900	+8.690e+03	+2.273e+03	+9.720e+03	+0.207
177.000	+8.348e+03	+1.750e+03	+9.093e+03	+0.173
177.100	+7.836e+03	+1.621e+03	+9.496e+03	+0.171
177.200	+7.224e+03	+4.148e+03	+9.285e+03	+0.365
177.300	+6.917e+03	+2.120e+03	+9.668e+03	+0.235
177.400	+5.882e+03	+2.204e+03	+9.622e+03	+0.273
177.500	+7.619e+03	+2.153e+03	+1.092e+04	+0.220
177.600	+6.012e+03	+2.160e+03	+1.113e+04	+0.264
177.700	+9.686e+03	+1.647e+03	+1.169e+04	+0.145
177.800	+7.064e+03	+2.373e+03	+1.070e+04	+0.251
177.900	+7.512e+03	+2.659e+03	+1.019e+04	+0.261
178.000	+7.288e+03	+1.163e+03	+1.006e+04	+0.138
178.100	+7.465e+03	+1.240e+03	+9.142e+03	+0.142
178.200	+7.181e+03	+3.246e+03	+8.561e+03	+0.311
178.300	+6.747e+03	+2.833e+03	+9.410e+03	+0.296
178.400	+7.875e+03	+1.679e+03	+9.999e+03	+0.176
178.500	+6.958e+03	+4.239e+03	+9.777e+03	+0.379
178.600	+7.909e+03	+3.616e+03	+1.124e+04	+0.314
178.700	+7.773e+03	+2.692e+03	+8.935e+03	+0.257
178.800	+8.445e+03	+2.707e+03	+9.275e+03	+0.243
178.900	+7.588e+03	+1.829e+03	+1.003e+04	+0.194
179.000	+8.014e+03	+1.798e+03	+8.909e+03	+0.183
179.100	+7.272e+03	+3.356e+03	+9.192e+03	+0.316
179.200	+7.602e+03	+3.520e+03	+1.097e+04	+0.316
179.300	+6.065e+03	+2.488e+03	+1.004e+04	+0.291
179.400	+7.271e+03	+2.217e+03	+9.893e+03	+0.234
179.500	+8.089e+03	+2.421e+03	+8.652e+03	+0.230
179.600	+8.005e+03	+2.864e+03	+9.856e+03	+0.263
179.700	+7.790e+03	+2.862e+03	+1.057e+04	+0.269
179.800	+6.773e+03	+2.814e+03	+8.988e+03	+0.293
179.900	+7.379e+03	+2.035e+03	+9.612e+03	+0.216
180.000	+6.902e+03	+2.995e+03	+1.081e+04	+0.303
180.100	+7.083e+03	+8.695e+02	+1.191e+04	+0.109
180.200	+7.895e+03	+1.615e+03	+1.032e+04	+0.170
180.300	+7.812e+03	+3.306e+03	+1.127e+04	+0.297
180.400	+8.468e+03	+3.058e+03	+9.227e+03	+0.265
180.500	+7.644e+03	+1.851e+03	+9.578e+03	+0.195
180.600	+7.225e+03	+3.393e+03	+9.040e+03	+0.320
180.700	+7.738e+03	+1.455e+03	+8.969e+03	+0.158
180.800	+8.444e+03	+3.378e+03	+9.895e+03	+0.286
180.900	+6.847e+03	+2.211e+03	+9.845e+03	+0.244
181.000	+7.529e+03	+3.096e+03	+1.031e+04	+0.291
181.100	+8.621e+03	+4.148e+03	+1.113e+04	+0.325
181.200	+7.816e+03	+3.499e+03	+8.361e+03	+0.309
181.300	+8.428e+03	+1.702e+03	+9.061e+03	+0.168
181.400	+7.131e+03	+3.488e+03	+9.635e+03	+0.328
181.500	+8.772e+03	+1.577e+03	+1.000e+04	+0.152
181.600	+7.635e+03	+3.740e+03	+1.022e+04	+0.329
181.700	+8.690e+03	+1.605e+03	+9.750e+03	+0.156
181.800	+7.407e+03	+2.684e+03	+1.108e+04	+0.266
181.900	+7.946e+03	+1.087e+03	+9.904e+03	+0.120
182.000	+9.120e+03	+2.123e+03	+1.023e+04	+0.189
182.100	+8.393e+03	+2.570e+03	+9.253e+03	+0.234
182.200	+6.619e+03	+2.320e+03	+1.120e+04	+0.260
182.300	+7.417e+03	+2.260e+03	+1.031e+04	+0.234
182.400	+6.436e+03	+3.271e+03	+9.347e+03	+0.337
182.500	+7.406e+03	+3.146e+03	+1.023e+04	+0.298
182.600	+7.427e+03	+2.956e+03	+1.128e+04	+0.285
182.700	+7.830e+03	+2.371e+03	+1.101e+04	+0.232
182.800	+6.637e+03	+3.687e+03	+9.298e+03	+0.357
182.900	+8.080e+03	+2.876e+03	+1.029e+04	+0.262
183.000	+7.851e+03	+3.153e+03	+9.566e+03	+0.287
183.100	+6.678e+03	+2.958e+03	+1.103e+04	+0.307
183.200	+6.049e+03	+2.066e+03	+1.005e+04	+0.255
183.300	+7.564e+03	+3.114e+03	+1.013e+04	+0.292
183.400	+6.461e+03	+1.426e+03	+9.058e+03	+0.181
183.500	+8.439e+03	+2.393e+03	+1.002e+04	+0.221
183.600	+8.079e+03	+2.475e+03	+9.634e+03	+0.234
183.700	+6.863e+03	+1.483e+03	+9.479e+03	+0.178
183.800	+8.212e+03	+1.973e+03	+9.895e+03	+0.194
183.900	+8.369e+03	+1.641e+03	+1.103e+04	+0.164
184.000	+8.098e+03	+2.346e+03	+1.021e+04	+0.225
184.100	+7.104e+03	+3.284e+03	+9.314e+03	+0.316
184.200	+7.888e+03	+2.483e+03	+9.558e+03	+0.239
184.300	+8.005e+03	+2.533e+03	+9.039e+03	+0.240
184.400	+8.184e+03	+2.350e+03	+9.757e+03	+0.223
184.500	+5.683e+03	+1.799e+03	+9.877e+03	+0.240
184.600	+6.810e+03	+3.237e+03	+8.820e+03	+0.322
184.700	+6.837e+03	+1.786e+03	+1.113e+04	+0.207
184.800	+6.919e+03	+1.502e+03	+1.050e+04	+0.178
184.900	+8.214e+03	+1.913e+03	+1.063e+04	+0.189
185.000	+7.789e+03	+2.131e+03	+8.998e+03	+0.215
185.100	+7.777e+03	+3.665e+03	+1.037e+04	+0.320
185.200	+7.543e+03	+2.287e+03	+1.046e+04	+0.233
185.300	+9.026e+03	+3.381e+03	+1.017e+04	+0.273
185.400	+7.502e+03	+2.056e+03	+1.127e+04	+0.215
185.500	+7.331e+03	+2.002e+03	+8.943e+03	+0.215
185.600	+6.919e+03	+2.765e+03	+1.003e+04	+0.286
185.700	+7.524e+03	+3.727e+03	+9.723e+03	+0.331
185.800	+6.496e+03	+2.222e+03	+1.038e+04	+0.255
185.900	+6.539e+03	+2.181e+03	+1.083e+04	+0.250
186.000	+7.526e+03	+2.440e+03	+9.935e+03	+0.245
186.100	+7.191e+03	+2.372e+03	+1.006e+04	+0.248
186.200	+6.907e+03	+2.441e+03	+9.576e+03	+0.261
186.300	+8.575e+03	+8.552e+02	+1.005e+04	+0.091
186.400	+8.083e+03	+2.588e+03	+8.279e+03	+0.243
186.500	+7.570e+03	+1.713e+03	+1.054e+04	+0.185
186.600	+7.908e+03	+2.042e+03	+1.022e+04	+0.205
186.700	+7.541e+03	+1.933e+03	+8.717e+03	+0.204
186.800	+6.600e+03	+2.792e+03	+9.430e+03	+0.297
186.900	+7.218e+03	+2.577e+03	+1.012e+04	+0.263
187.000	+6.722e+03	+1.971e+03	+9.771e+03	+0.227
187.100	+7.621e+03	+2.494e+03	+1.115e+04	+0.247
187.200	+7.364e+03	+2.411e+03	+9.719e+03	+0.247
187.300	+7.453e+03	+1.368e+03	+1.134e+04	+0.155
187.400	+6.405e+03	+3.055e+03	+1.065e+04	+0.323
187.500	+7.701e+03	+3.178e+03	+9.638e+03	+0.292
187.600	+7.789e+03	+2.388e+03	+9.222e+03	+0.235
187.700	+7.657e+03	+2.631e+03	+9.068e+03	+0.256
187.800	+8.635e+03	+2.655e+03	+9.851e+03	+0.235
187.900	+7.554e+03	+2.088e+03	+1.092e+04	+0.217
188.000	+6.593e+03	+2.392e+03	+9.211e+03	+0.266
188.100	+8.522e+03	+2.423e+03	+9.163e+03	+0.221
188.200	+8.132e+03	+2.838e+03	+9.945e+03	+0.259
188.300	+8.091e+03	+3.588e+03	+1.027e+04	+0.307
188.400	+7.888e+03	+2.174e+03	+1.002e+04	+0.216
188.500	+7.076e+03	+1.685e+03	+1.000e+04	+0.192
188.600	+6.750e+03	+2.625e+03	+1.064e+04	+0.280
188.700	+7.785e+03	+1.622e+03	+8.256e+03	+0.172
188.800	+7.114e+03	+2.036e+03	+1.036e+04	+0.223
188.900	+6.564e+03	+4.023e+03	+1.009e+04	+0.380
189.000	+8.757e+03	+1.510e+03	+1.039e+04	+0.147
189.100	+7.520e+03	+2.444e+03	+1.005e+04	+0.245
189.200	+7.313e+03	+2.430e+03	+9.051e+03	+0.249
189.300	+6.472e+03	+1.912e+03	+1.044e+04	+0.228
189.400	+7.503e+03	+2.761e+03	+9.784e+03	+0.269
189.500	+6.514e+03	+1.366e+03	+8.256e+03	+0.173
189.600	+7.470e+03	+2.218e+03	+9.708e+03	+0.229
189.700	+6.729e+03	+2.332e+03	+1.038e+04	+0.257
189.800	+6.491e+03	+5.954e+02	+1.090e+04	+0.084
189.900	+5.957e+03	+2.120e+03	+1.024e+04	+0.262
190.000	+6.999e+03	+2.249e+03	+1.035e+04	+0.243
190.100	+7.480e+03	+2.095e+03	+1.072e+04	+0.219
190.200	+8.568e+03	+5.631e+02	+1.093e+04	+0.062
190.300	+6.780e+03	+3.207e+03	+8.487e+03	+0.321
190.400	+7.961e+03	+2.725e+03	+1.046e+04	+0.255
190.500	+7.141e+03	+2.904e+03	+1.101e+04	+0.289
190.600	+8.173e+03	+2.453e+03	+1.021e+04	+0.231
190.700	+6.185e+03	+2.298e+03	+1.095e+04	+0.271
190.800	+7.844e+03	+1.277e+03	+1.002e+04	+0.140
190.900	+6.975e+03	+2.701e+03	+9.190e+03	+0.279
191.000	+7.825e+03	+2.934e+03	+9.525e+03	+0.273
191.100	+7.201e+03	+2.733e+03	+9.606e+03	+0.275
191.200	+7.833e+03	+1.355e+03	+8.915e+03	+0.147
191.300	+7.312e+03	+2.447e+03	+9.846e+03	+0.251
191.400	+6.800e+03	+2.311e+03	+9.763e+03	+0.254
191.500	+7.083e+03	+3.076e+03	+9.883e+03	+0.303
191.600	+7.196e+03	+3.718e+03	+1.025e+04	+0.341
191.700	+7.098e+03	+2.966e+03	+8.969e+03	+0.295
191.800	+8.032e+03	+1.990e+03	+9.749e+03	+0.199
191.900	+7.728e+03	+3.129e+03	+9.713e+03	+0.288
192.000	+7.659e+03	+2.125e+03	+9.791e+03	+0.217
192.100	+7.893e+03	+2.484e+03	+9.235e+03	+0.239
192.200	+7.808e+03	+2.986e+03	+9.705e+03	+0.277
192.300	+7.242e+03	+3.484e+03	+1.019e+04	+0.325
192.400	+7.671e+03	+2.808e+03	+1.022e+04	+0.268
192.500	+7.343e+03	+2.860e+03	+9.466e+03	+0.280
192.600	+6.603e+03	+2.033e+03	+1.039e+04	+0.235
192.700	+8.622e+03	+2.470e+03	+1.052e+04	+0.223
192.800	+6.547e+03	+6.737e+02	+9.101e+03	+0.093
192.900	+8.429e+03	+1.518e+03	+9.133e+03	+0.153
193.000	+7.607e+03	+3.030e+03	+1.039e+04	+0.285
193.100	+8.229e+03	+2.647e+03	+9.761e+03	+0.243
193.200	+6.543e+03	+2.328e+03	+1.137e+04	+0.262
193.300	+8.639e+03	+4.085e+03	+9.182e+03	+0.321
193.400	+6.762e+03	+2.789e+03	+9.302e+03	+0.292
193.500	+7.756e+03	+7.419e+02	+9.768e+03	+0.087
193.600	+7.387e+03	+1.978e+03	+9.648e+03	+0.211
193.700	+8.388e+03	+2.356e+03	+1.080e+04	+0.219
193.800	+7.552e+03	+3.729e+03	+1.160e+04	+0.331
193.900	+7.122e+03	+2.249e+03	+9.727e+03	+0.240
194.000	+7.054e+03	+2.940e+03	+1.042e+04	+0.294
194.100	+6.175e+03	+2.795e+03	+1.042e+04	+0.312
194.200	+8.139e+03	+1.942e+03	+9.640e+03	+0.193
194.300	+6.326e+03	+3.264e+03	+1.136e+04	+0.340
194.400	+8.418e+03	+2.977e+03	+1.074e+04	+0.261
194.500	+8.211e+03	+3.001e+03	+9.660e+03	+0.268
194.600	+7.972e+03	+2.417e+03	+1.023e+04	+0.233
194.700	+8.256e+03	+2.062e+03	+9.760e+03	+0.200
194.800	+6.702e+03	+2.107e+03	+9.847e+03	+0.239
194.900	+6.886e+03	+1.841e+03	+1.001e+04	+0.211
195.000	+7.692e+03	+3.158e+03	+9.483e+03	+0.291
195.100	+6.642e+03	+2.230e+03	+1.035e+04	+0.251
195.200	+6.848e+03	+1.284e+03	+1.076e+04	+0.158
195.300	+7.364e+03	+1.749e+03	+1.026e+04	+0.192
195.400	+5.651e+03	+2.841e+03	+9.685e+03	+0.335
195.500	+7.883e+03	+2.412e+03	+9.713e+03	+0.234
195.600	+6.586e+03	+2.333e+03	+1.000e+04	+0.262
195.700	+7.640e+03	+2.555e+03	+1.072e+04	+0.251
195.800	+6.261e+03	+1.627e+03	+9.663e+03	+0.206
195.900	+6.636e+03	+3.212e+03	+1.225e+04	+0.326
196.000	+6.907e+03	+2.259e+03	+9.501e+03	+0.246
196.100	+8.203e+03	+3.956e+03	+1.112e+04	+0.325
196.200	+7.992e+03	+2.232e+03	+1.037e+04	+0.218
196.300	+7.531e+03	+2.189e+03	+9.591e+03	+0.225
196.400	+6.936e+03	+3.099e+03	+1.030e+04	+0.309
196.500	+7.544e+03	+2.666e+03	+9.988e+03	+0.261
196.600	+6.167e+03	+1.774e+03	+9.646e+03	+0.223
196.700	+6.576e+03	+3.303e+03	+8.809e+03	+0.334
196.800	+7.840e+03	+1.338e+03	+1.074e+04	+0.146
196.900	+7.857e+03	+1.569e+03	+1.066e+04	+0.166
197.000	+7.452e+03	+2.513e+03	+1.015e+04	+0.252
197.100	+7.106e+03	+3.231e+03	+1.030e+04	+0.313
197.200	+6.759e+03	+2.741e+03	+9.026e+03	+0.289
197.300	+7.977e+03	+3.604e+03	+9.022e+03	+0.311
197.400	+7.502e+03	+2.166e+03	+1.059e+04	+0.224
197.500	+7.650e+03	+1.831e+03	+1.011e+04	+0.193
197.600	+7.514e+03	+3.036e+03	+9.265e+03	+0.288
197.700	+8.073e+03	+2.744e+03	+1.085e+04	+0.254
197.800	+7.989e+03	+2.467e+03	+1.035e+04	+0.236
197.900	+7.129e+03	+3.348e+03	+1.047e+04	+0.320
198.000	+7.861e+03	+2.194e+03	+9.864e+03	+0.218
198.100	+7.814e+03	+2.051e+03	+1.093e+04	+0.208
198.200	+8.194e+03	+2.070e+03	+1.092e+04	+0.202
198.300	+6.910e+03	+2.435e+03	+9.460e+03	+0.261
198.400	+6.519e+03	+3.751e+03	+9.920e+03	+0.365
198.500	+7.952e+03	+2.502e+03	+1.038e+04	+0.239
198.600	+7.127e+03	+2.243e+03	+1.043e+04	+0.239
198.700	+6.500e+03	+3.678e+03	+1.115e+04	+0.361
198.800	+7.339e+03	+2.686e+03	+9.981e+03	+0.268
198.900	+7.460e+03	+2.857e+03	+9.269e+03	+0.277
199.000	+8.548e+03	+2.003e+03	+1.041e+04	+0.190
199.100	+6.646e+03	+1.122e+03	+1.046e+04	+0.144
199.200	+7.264e+03	+2.516e+03	+1.123e+04	+0.257
199.300	+6.829e+03	+2.173e+03	+9.771e+03	+0.241
199.400	+8.126e+03	+4.559e+03	+8.823e+03	+0.359
199.500	+7.279e+03	+2.377e+03	+9.534e+03	+0.246
199.600	+7.164e+03	+1.893e+03	+9.450e+03	+0.209
199.700	+8.017e+03	+2.275e+03	+9.965e+03	+0.221
199.800	+7.259e+03	+3.570e+03	+9.161e+03	+0.330
