%t (s)	Idd (a.u.)	Ida (a.u.)	Iaa (a.u.)	FRET E
0.000	+7.245e+03	+2.412e+03	+8.673e+03	+0.250
0.100	+8.603e+03	+3.041e+03	+9.276e+03	+0.261
0.200	+6.239e+03	+3.014e+03	+9.958e+03	+0.326
0.300	+7.530e+03	+2.294e+03	+9.131e+03	+0.233
0.400	+7.444e+03	+2.298e+03	+1.051e+04	+0.236
0.500	+7.051e+03	+1.394e+03	+1.028e+04	+0.165
0.600	+7.630e+03	+2.889e+03	+9.871e+03	+0.275
0.700	+7.314e+03	+2.223e+03	+9.790e+03	+0.233
0.800	+8.827e+03	+2.089e+03	+1.043e+04	+0.191
0.900	+6.836e+03	+2.711e+03	+1.006e+04	+0.284
1.000	+6.997e+03	+2.367e+03	+9.646e+03	+0.253
1.100	+5.670e+03	+2.832e+03	+9.793e+03	+0.333
1.200	+5.677e+03	+6.213e+03	+9.696e+03	+0.523
1.300	+4.727e+03	+4.652e+03	+9.573e+03	+0.496
1.400	+4.780e+03	+6.556e+03	+9.337e+03	+0.578
1.500	+5.701e+03	+4.094e+03	+9.923e+03	+0.418
1.600	+4.627e+03	+3.382e+03	+9.818e+03	+0.422
1.700	+4.855e+03	+4.736e+03	+1.019e+04	+0.494
1.800	+4.518e+03	+4.513e+03	+9.927e+03	+0.500
1.900	+4.834e+03	+4.849e+03	+1.002e+04	+0.501
2.000	+4.510e+03	+5.110e+03	+1.066e+04	+0.531
2.100	+4.703e+03	+3.979e+03	+9.252e+03	+0.458
2.200	+4.879e+03	+4.742e+03	+9.740e+03	+0.493
2.300	+5.370e+03	+6.126e+03	+9.631e+03	+0.533
2.400	+4.272e+03	+4.910e+03	+9.672e+03	+0.535
2.500	+5.688e+03	+5.104e+03	+1.144e+04	+0.473
2.600	+4.167e+03	+5.717e+03	+1.044e+04	+0.578
2.700	+5.224e+03	+4.688e+03	+9.694e+03	+0.473
2.800	+5.924e+03	+5.189e+03	+9.036e+03	+0.467
2.900	+2.490e+03	+7.111e+03	+9.726e+03	+0.741
3.000	+1.457e+03	+8.006e+03	+9.970e+03	+0.846
3.100	+2.322e+03	+7.840e+03	+1.124e+04	+0.772
3.200	+1.678e+03	+8.598e+03	+9.938e+03	+0.837
3.300	+2.001e+03	+7.901e+03	+8.810e+03	+0.798
3.400	+2.266e+03	+8.283e+03	+9.984e+03	+0.785
3.500	+1.615e+03	+7.123e+03	+1.050e+04	+0.815
3.600	+1.294e+03	+7.400e+03	+1.025e+04	+0.851
3.700	+3.047e+03	+9.448e+03	+1.105e+04	+0.756
3.800	+1.728e+03	+6.309e+03	+1.009e+04	+0.785
3.900	+2.005e+03	+7.416e+03	+8.976e+03	+0.787
4.000	+1.543e+03	+7.526e+03	+9.305e+03	+0.830
4.100	+1.590e+03	+8.436e+03	+9.661e+03	+0.841
4.200	+5.908e+02	+8.607e+03	+1.063e+04	+0.936
4.300	+3.174e+03	+8.381e+03	+1.131e+04	+0.725
4.400	+2.962e+03	+7.340e+03	+8.846e+03	+0.713
4.500	+2.891e+03	+8.654e+03	+9.297e+03	+0.750
4.600	+2.001e+03	+7.101e+03	+9.375e+03	+0.780
4.700	+1.702e+03	+7.878e+03	+1.027e+04	+0.822
4.800	+4.319e+03	+7.390e+03	+1.012e+04	+0.631
4.900	+4.270e+03	+5.330e+03	+1.011e+04	+0.555
5.000	+5.183e+03	+6.101e+03	+9.731e+03	+0.541
5.100	+5.448e+03	+5.178e+03	+1.004e+04	+0.487
5.200	+4.476e+03	+4.921e+03	+9.421e+03	+0.524
5.300	+7.330e+03	+5.924e+03	+1.074e+04	+0.447
5.400	+5.128e+03	+5.057e+03	+9.597e+03	+0.497
5.500	+5.354e+03	+5.489e+03	+1.013e+04	+0.506
5.600	+1.435e+03	+7.004e+03	+1.024e+04	+0.830
5.700	+2.633e+03	+7.624e+03	+1.101e+04	+0.743
5.800	+2.300e+03	+7.862e+03	+9.795e+03	+0.774
5.900	+3.040e+03	+7.072e+03	+9.264e+03	+0.699
6.000	+1.677e+03	+8.106e+03	+9.376e+03	+0.829
6.100	+1.624e+03	+9.086e+03	+9.679e+03	+0.848
6.200	+1.902e+03	+7.982e+03	+1.022e+04	+0.808
6.300	+1.428e+03	+6.794e+03	+1.062e+04	+0.826
6.400	+1.762e+03	+7.861e+03	+9.070e+03	+0.817
6.500	+7.412e+02	+9.085e+03	+9.251e+03	+0.925
6.600	+1.878e+03	+7.674e+03	+9.531e+03	+0.803
6.700	+2.636e+03	+7.623e+03	+9.891e+03	+0.743
6.800	+1.753e+03	+7.843e+03	+1.058e+04	+0.817
6.900	+2.465e+03	+7.159e+03	+9.110e+03	+0.744
7.000	+3.900e+03	+7.406e+03	+8.232e+03	+0.655
7.100	+2.971e+03	+8.524e+03	+1.162e+04	+0.742
7.200	+3.093e+03	+8.142e+03	+1.020e+04	+0.725
7.300	+9.068e+02	+7.282e+03	+1.088e+04	+0.889
7.400	+4.235e+03	+5.650e+03	+1.106e+04	+0.572
7.500	+4.338e+03	+5.844e+03	+1.007e+04	+0.574
7.600	+5.397e+03	+4.645e+03	+9.685e+03	+0.463
7.700	+4.823e+03	+5.532e+03	+9.473e+03	+0.534
7.800	+5.608e+03	+4.557e+03	+1.078e+04	+0.448
7.900	+4.803e+03	+3.395e+03	+9.914e+03	+0.414
8.000	+5.511e+03	+3.310e+03	+1.032e+04	+0.375
8.100	+4.732e+03	+5.749e+03	+9.733e+03	+0.549
8.200	+4.767e+03	+4.925e+03	+9.641e+03	+0.508
8.300	+6.291e+03	+4.756e+03	+9.338e+03	+0.430
8.400	+6.011e+03	+7.396e+03	+1.027e+04	+0.552
8.500	+4.283e+03	+4.407e+03	+1.071e+04	+0.507
8.600	+5.504e+03	+5.067e+03	+9.587e+03	+0.479
8.700	+4.767e+03	+4.784e+03	+9.813e+03	+0.501
8.800	+5.341e+03	+4.295e+03	+1.045e+04	+0.446
8.900	+5.923e+03	+5.095e+03	+1.036e+04	+0.462
9.000	+3.694e+03	+6.588e+03	+1.083e+04	+0.641
9.100	+3.796e+02	+7.979e+03	+1.031e+04	+0.955
9.200	+2.118e+03	+8.715e+03	+1.080e+04	+0.804
9.300	+3.111e+03	+8.078e+03	+9.135e+03	+0.722
9.400	+1.623e+03	+8.220e+03	+1.087e+04	+0.835
9.500	+2.368e+03	+9.001e+03	+1.089e+04	+0.792
9.600	+1.709e+03	+7.534e+03	+9.539e+03	+0.815
9.700	+3.948e+03	+6.516e+03	+9.495e+03	+0.623
9.800	+5.816e+03	+5.669e+03	+9.792e+03	+0.494
9.900	+5.422e+03	+3.341e+03	+1.145e+04	+0.381
10.000	+3.436e+03	+9.040e+03	+8.958e+03	+0.725
10.100	+5.159e+02	+8.136e+03	+1.144e+04	+0.940
10.200	+2.472e+03	+8.341e+03	+1.060e+04	+0.771
10.300	+1.556e+03	+7.950e+03	+1.040e+04	+0.836
10.400	+1.025e+03	+7.843e+03	+1.090e+04	+0.884
10.500	+9.457e+01	+6.935e+03	+1.142e+04	+0.987
10.600	+2.124e+03	+7.925e+03	+9.686e+03	+0.789
10.700	+9.907e+02	+8.872e+03	+9.762e+03	+0.900
10.800	+1.781e+03	+6.887e+03	+9.945e+03	+0.795
10.900	+8.099e+02	+8.718e+03	+1.044e+04	+0.915
11.000	+1.995e+03	+6.921e+03	+1.014e+04	+0.776
11.100	+2.419e+03	+7.887e+03	+9.307e+03	+0.765
11.200	+2.370e+03	+7.975e+03	+1.092e+04	+0.771
11.300	+1.266e+03	+8.971e+03	+9.518e+03	+0.876
11.400	+5.558e+02	+8.289e+03	+9.750e+03	+0.937
11.500	+1.096e+03	+9.420e+03	+8.228e+03	+0.896
11.600	+2.191e+03	+7.319e+03	+9.088e+03	+0.770
11.700	+1.683e+03	+8.722e+03	+1.031e+04	+0.838
11.800	+1.922e+03	+9.698e+03	+1.006e+04	+0.835
11.900	+1.697e+03	+6.656e+03	+9.806e+03	+0.797
12.000	+1.993e+03	+7.675e+03	+1.065e+04	+0.794
12.100	+2.096e+03	+8.184e+03	+9.691e+03	+0.796
12.200	+2.971e+03	+6.552e+03	+9.995e+03	+0.688
12.300	+5.511e+03	+4.412e+03	+9.164e+03	+0.445
12.400	+5.107e+03	+5.457e+03	+1.064e+04	+0.517
12.500	+4.856e+03	+5.802e+03	+1.022e+04	+0.544
12.600	+4.879e+03	+5.221e+03	+9.403e+03	+0.517
12.700	+5.882e+03	+4.768e+03	+1.033e+04	+0.448
12.800	+5.199e+03	+4.642e+03	+9.773e+03	+0.472
12.900	+3.875e+03	+5.820e+03	+9.188e+03	+0.600
13.000	+5.024e+03	+4.323e+03	+1.006e+04	+0.463
13.100	+3.622e+03	+5.026e+03	+9.566e+03	+0.581
13.200	+5.574e+03	+4.905e+03	+9.908e+03	+0.468
13.300	+5.822e+03	+4.678e+03	+1.087e+04	+0.446
13.400	+3.890e+03	+3.377e+03	+9.669e+03	+0.465
13.500	+5.801e+03	+6.216e+03	+1.007e+04	+0.517
13.600	+4.109e+03	+5.708e+03	+1.029e+04	+0.581
13.700	+5.041e+03	+6.287e+03	+1.101e+04	+0.555
13.800	+5.804e+03	+4.754e+03	+1.099e+04	+0.450
13.900	+4.170e+03	+5.194e+03	+9.781e+03	+0.555
14.000	+4.697e+03	+5.205e+03	+8.794e+03	+0.526
14.100	+5.462e+03	+5.369e+03	+8.963e+03	+0.496
14.200	+4.084e+03	+4.457e+03	+1.074e+04	+0.522
14.300	+4.820e+03	+4.987e+03	+1.016e+04	+0.509
14.400	+5.089e+03	+6.214e+03	+1.033e+04	+0.550
14.500	+4.677e+03	+5.611e+03	+9.362e+03	+0.545
14.600	+4.785e+03	+5.933e+03	+9.525e+03	+0.554
14.700	+4.269e+03	+4.847e+03	+9.443e+03	+0.532
14.800	+5.677e+03	+4.750e+03	+1.086e+04	+0.456
14.900	+5.525e+03	+5.376e+03	+9.111e+03	+0.493
15.000	+3.906e+03	+4.665e+03	+1.039e+04	+0.544
15.100	+4.532e+03	+4.909e+03	+1.036e+04	+0.520
15.200	+4.731e+03	+5.661e+03	+9.455e+03	+0.545
15.300	+4.020e+03	+4.863e+03	+1.029e+04	+0.547
15.400	+2.849e+03	+8.131e+03	+1.008e+04	+0.741
15.500	+2.296e+03	+7.200e+03	+1.029e+04	+0.758
15.600	+2.500e+03	+8.517e+03	+9.121e+03	+0.773
15.700	+2.372e+03	+7.497e+03	+1.032e+04	+0.760
15.800	+8.723e+02	+8.053e+03	+1.007e+04	+0.902
15.900	+1.380e+03	+8.221e+03	+8.101e+03	+0.856
16.000	+1.734e+03	+8.496e+03	+1.069e+04	+0.830
16.100	+1.808e+03	+7.828e+03	+9.939e+03	+0.812
16.200	+1.819e+03	+8.601e+03	+1.019e+04	+0.825
16.300	+2.514e+03	+7.249e+03	+1.142e+04	+0.743
16.400	+7.733e+02	+7.784e+03	+1.072e+04	+0.910
16.500	+1.426e+03	+8.785e+03	+9.226e+03	+0.860
16.600	+3.512e+03	+7.816e+03	+9.871e+03	+0.690
16.700	+4.340e+03	+5.344e+03	+9.894e+03	+0.552
16.800	+4.615e+03	+3.967e+03	+8.834e+03	+0.462
16.900	+4.625e+03	+4.806e+03	+9.227e+03	+0.510
17.000	+1.989e+03	+8.135e+03	+8.778e+03	+0.804
17.100	+2.857e+03	+7.573e+03	+9.499e+03	+0.726
17.200	+2.432e+03	+8.569e+03	+8.691e+03	+0.779
17.300	+2.280e+03	+9.187e+03	+8.787e+03	+0.801
17.400	+1.744e+03	+8.309e+03	+1.069e+04	+0.826
17.500	+1.972e+03	+7.599e+03	+1.019e+04	+0.794
17.600	+1.939e+03	+8.274e+03	+1.079e+04	+0.810
17.700	+2.568e+03	+7.464e+03	+8.989e+03	+0.744
17.800	+1.942e+03	+7.255e+03	+1.031e+04	+0.789
17.900	+1.602e+03	+7.182e+03	+1.037e+04	+0.818
18.000	+2.753e+03	+8.199e+03	+9.671e+03	+0.749
18.100	+6.583e+02	+8.042e+03	+1.005e+04	+0.924
18.200	+2.989e+03	+8.002e+03	+1.103e+04	+0.728
18.300	+1.745e+03	+8.879e+03	+9.984e+03	+0.836
18.400	+2.780e+03	+7.440e+03	+1.028e+04	+0.728
18.500	+2.671e+03	+9.094e+03	+9.786e+03	+0.773
18.600	+1.699e+03	+7.906e+03	+1.003e+04	+0.823
18.700	+2.843e+03	+8.442e+03	+9.958e+03	+0.748
18.800	+1.345e+03	+8.094e+03	+9.159e+03	+0.857
18.900	+2.039e+03	+7.642e+03	+1.035e+04	+0.789
19.000	+2.312e+03	+7.832e+03	+9.361e+03	+0.772
19.100	+1.996e+03	+7.980e+03	+1.111e+04	+0.800
19.200	+3.287e+03	+8.212e+03	+9.579e+03	+0.714
19.300	+1.274e+03	+8.058e+03	+1.044e+04	+0.863
19.400	+1.686e+03	+7.671e+03	+1.023e+04	+0.820
19.500	+1.637e+03	+8.094e+03	+9.815e+03	+0.832
19.600	+1.984e+03	+8.269e+03	+1.100e+04	+0.806
19.700	+2.148e+03	+7.948e+03	+9.686e+03	+0.787
19.800	-1.646e+02	+7.356e+03	+9.098e+03	+1.023
19.900	+1.761e+03	+7.400e+03	+1.001e+04	+0.808
20.000	+1.406e+03	+8.289e+03	+9.792e+03	+0.855
20.100	+2.978e+03	+8.036e+03	+1.019e+04	+0.730
20.200	+2.210e+03	+9.451e+03	+9.634e+03	+0.810
20.300	+3.068e+03	+9.529e+03	+8.754e+03	+0.756
20.400	+2.192e+03	+8.272e+03	+1.025e+04	+0.791
20.500	+1.979e+03	+6.930e+03	+1.029e+04	+0.778
20.600	+1.133e+03	+7.712e+03	+9.543e+03	+0.872
20.700	+2.054e+03	+7.574e+03	+9.980e+03	+0.787
20.800	+2.318e+03	+8.577e+03	+1.008e+04	+0.787
20.900	+1.457e+03	+8.416e+03	+9.710e+03	+0.852
21.000	+2.051e+03	+9.483e+03	+1.065e+04	+0.822
21.100	+1.879e+03	+8.792e+03	+8.785e+03	+0.824
21.200	+1.236e+03	+7.378e+03	+9.583e+03	+0.857
21.300	+1.766e+03	+7.931e+03	+9.757e+03	+0.818
21.400	+2.425e+03	+7.981e+03	+1.023e+04	+0.767
21.500	+1.012e+03	+7.380e+03	+1.065e+04	+0.879
21.600	+7.487e+02	+8.217e+03	+9.918e+03	+0.916
21.700	+2.927e+03	+7.920e+03	+1.039e+04	+0.730
21.800	+1.583e+03	+6.789e+03	+1.053e+04	+0.811
21.900	+2.032e+03	+8.322e+03	+9.907e+03	+0.804
22.000	+1.866e+03	+8.694e+03	+9.460e+03	+0.823
22.100	+2.098e+03	+7.087e+03	+9.607e+03	+0.772
22.200	+2.985e+03	+7.907e+03	+8.162e+03	+0.726
22.300	+1.731e+03	+8.199e+03	+1.025e+04	+0.826
22.400	+1.338e+03	+7.918e+03	+9.740e+03	+0.855
22.500	+2.540e+03	+8.806e+03	+9.928e+03	+0.776
22.600	+4.554e+03	+5.010e+03	+9.392e+03	+0.524
22.700	+5.066e+03	+4.643e+03	+9.956e+03	+0.478
22.800	+5.402e+03	+4.897e+03	+1.006e+04	+0.475
22.900	+5.905e+03	+5.028e+03	+9.923e+03	+0.460
23.000	+6.178e+03	+5.164e+03	+1.010e+04	+0.455
23.100	+4.796e+03	+4.662e+03	+1.029e+04	+0.493
23.200	+3.504e+03	+5.386e+03	+9.388e+03	+0.606
23.300	+5.675e+03	+5.236e+03	+1.022e+04	+0.480
23.400	+3.979e+03	+4.576e+03	+1.051e+04	+0.535
23.500	+4.342e+03	+5.137e+03	+9.876e+03	+0.542
23.600	+5.111e+03	+4.608e+03	+1.028e+04	+0.474
23.700	+4.307e+03	+6.799e+03	+9.038e+03	+0.612
23.800	+3.045e+03	+7.836e+03	+9.847e+03	+0.720
23.900	+6.748e+02	+7.973e+03	+1.010e+04	+0.922
24.000	+1.637e+03	+7.927e+03	+9.549e+03	+0.829
24.100	+1.957e+03	+7.901e+03	+9.958e+03	+0.801
24.200	+2.069e+03	+7.689e+03	+1.083e+04	+0.788
24.300	+1.998e+03	+7.847e+03	+1.062e+04	+0.797
24.400	+1.457e+03	+7.807e+03	+8.677e+03	+0.843
24.500	+2.268e+03	+7.409e+03	+9.631e+03	+0.766
24.600	+2.319e+03	+8.367e+03	+9.941e+03	+0.783
24.700	+2.040e+03	+7.739e+03	+1.212e+04	+0.791
24.800	+1.379e+03	+8.726e+03	+1.175e+04	+0.864
24.900	+1.893e+03	+7.938e+03	+8.697e+03	+0.807
25.000	+1.142e+03	+8.047e+03	+9.728e+03	+0.876
25.100	+1.245e+03	+9.328e+03	+9.033e+03	+0.882
25.200	+2.141e+03	+8.667e+03	+1.075e+04	+0.802
25.300	+2.174e+03	+8.000e+03	+1.044e+04	+0.786
25.400	+2.437e+03	+8.368e+03	+1.007e+04	+0.774
25.500	+2.855e+03	+7.534e+03	+9.601e+03	+0.725
25.600	+1.934e+03	+8.107e+03	+1.067e+04	+0.807
25.700	+2.347e+03	+8.076e+03	+9.984e+03	+0.775
25.800	+4.779e+02	+7.772e+03	+9.798e+03	+0.942
25.900	+1.527e+03	+8.374e+03	+9.324e+03	+0.846
26.000	+1.603e+03	+8.633e+03	+9.053e+03	+0.843
26.100	+2.476e+03	+8.482e+03	+1.131e+04	+0.774
26.200	+4.300e+03	+5.333e+03	+1.022e+04	+0.554
26.300	+5.692e+03	+5.533e+03	+1.073e+04	+0.493
26.400	+5.087e+03	+4.966e+03	+1.092e+04	+0.494
26.500	+4.256e+03	+3.865e+03	+1.034e+04	+0.476
26.600	+3.726e+03	+5.667e+03	+9.840e+03	+0.603
26.700	+4.830e+03	+4.864e+03	+1.024e+04	+0.502
26.800	+4.706e+03	+4.852e+03	+9.946e+03	+0.508
26.900	+4.319e+03	+5.534e+03	+1.118e+04	+0.562
27.000	+5.790e+03	+5.001e+03	+1.065e+04	+0.463
27.100	+4.464e+03	+5.863e+03	+1.119e+04	+0.568
27.200	+6.159e+03	+6.243e+03	+1.022e+04	+0.503
27.300	+3.291e+03	+4.753e+03	+9.996e+03	+0.591
27.400	+5.256e+03	+5.934e+03	+1.018e+04	+0.530
27.500	+4.932e+03	+4.719e+03	+9.856e+03	+0.489
27.600	+4.204e+03	+5.545e+03	+1.029e+04	+0.569
27.700	+4.744e+03	+6.201e+03	+9.271e+03	+0.567
27.800	+4.151e+03	+5.438e+03	+1.073e+04	+0.567
27.900	+5.881e+03	+5.679e+03	+9.920e+03	+0.491
28.000	+5.393e+03	+4.566e+03	+9.833e+03	+0.458
28.100	+4.203e+03	+4.707e+03	+1.134e+04	+0.528
28.200	+4.575e+03	+5.384e+03	+9.223e+03	+0.541
28.300	+5.820e+03	+4.877e+03	+1.025e+04	+0.456
28.400	+5.132e+03	+4.486e+03	+9.441e+03	+0.466
28.500	+4.641e+03	+4.133e+03	+1.029e+04	+0.471
28.600	+4.616e+03	+4.446e+03	+8.839e+03	+0.491
28.700	+5.070e+03	+5.631e+03	+9.728e+03	+0.526
28.800	+5.518e+03	+5.482e+03	+9.315e+03	+0.498
28.900	+4.840e+03	+5.217e+03	+8.798e+03	+0.519
29.000	+4.301e+03	+4.594e+03	+1.057e+04	+0.516
29.100	+4.482e+03	+4.501e+03	+1.050e+04	+0.501
29.200	+6.086e+03	+4.628e+03	+1.023e+04	+0.432
29.300	+5.207e+03	+4.901e+03	+9.548e+03	+0.485
29.400	+5.553e+03	+6.313e+03	+1.134e+04	+0.532
29.500	+4.480e+03	+4.664e+03	+9.825e+03	+0.510
29.600	+4.737e+03	+6.692e+03	+1.043e+04	+0.585
29.700	+4.158e+03	+6.424e+03	+9.517e+03	+0.607
29.800	+5.777e+03	+5.836e+03	+1.075e+04	+0.503
29.900	+5.358e+03	+5.541e+03	+1.037e+04	+0.508
30.000	+6.539e+03	+4.586e+03	+8.448e+03	+0.412
30.100	+4.902e+03	+4.144e+03	+1.084e+04	+0.458
30.200	+5.291e+03	+4.703e+03	+9.840e+03	+0.471
30.300	+5.656e+03	+4.843e+03	+9.300e+03	+0.461
30.400	+5.243e+03	+5.115e+03	+9.690e+03	+0.494
30.500	+5.130e+03	+4.210e+03	+1.100e+04	+0.451
30.600	+4.319e+03	+5.641e+03	+9.711e+03	+0.566
30.700	+4.245e+03	+4.826e+03	+9.453e+03	+0.532
30.800	+4.259e+03	+6.006e+03	+9.939e+03	+0.585
30.900	+2.041e+03	+8.082e+03	+1.058e+04	+0.798
31.000	+5.234e+03	+3.846e+03	+8.965e+03	+0.424
31.100	+4.727e+03	+5.551e+03	+9.791e+03	+0.540
31.200	+4.796e+03	+4.264e+03	+1.029e+04	+0.471
31.300	+4.916e+03	+4.683e+03	+1.013e+04	+0.488
31.400	+5.438e+03	+3.958e+03	+9.677e+03	+0.421
31.500	+4.745e+03	+5.574e+03	+1.022e+04	+0.540
31.600	+6.513e+03	+5.252e+03	+1.087e+04	+0.446
31.700	+4.291e+03	+4.176e+03	+1.002e+04	+0.493
31.800	+4.440e+03	+4.423e+03	+9.144e+03	+0.499
31.900	+5.252e+03	+4.338e+03	+9.484e+03	+0.452
32.000	+5.295e+03	+5.044e+03	+1.013e+04	+0.488
32.100	+5.595e+03	+5.154e+03	+1.042e+04	+0.480
32.200	+5.594e+03	+5.237e+03	+1.031e+04	+0.483
32.300	+4.674e+03	+5.409e+03	+8.377e+03	+0.536
32.400	+1.881e+03	+7.853e+03	+1.007e+04	+0.807
32.500	+1.501e+03	+5.920e+03	+1.034e+04	+0.798
32.600	+3.002e+03	+7.448e+03	+9.641e+03	+0.713
32.700	+1.938e+03	+7.118e+03	+9.897e+03	+0.786
32.800	+1.396e+03	+7.171e+03	+9.645e+03	+0.837
32.900	+1.387e+03	+8.528e+03	+9.580e+03	+0.860
33.000	+1.927e+03	+8.796e+03	+1.086e+04	+0.820
33.100	+2.011e+03	+8.104e+03	+1.229e+04	+0.801
33.200	+1.590e+03	+8.264e+03	+9.462e+03	+0.839
33.300	+3.756e+02	+9.044e+03	+1.006e+04	+0.960
33.400	+1.458e+03	+8.693e+03	+1.071e+04	+0.856
33.500	+1.844e+03	+8.821e+03	+9.388e+03	+0.827
33.600	+3.202e+03	+8.335e+03	+1.022e+04	+0.722
33.700	+1.257e+03	+7.441e+03	+1.011e+04	+0.855
33.800	+2.589e+03	+7.752e+03	+9.791e+03	+0.750
33.900	+1.042e+03	+7.818e+03	+9.997e+03	+0.882
34.000	+2.131e+03	+7.794e+03	+9.927e+03	+0.785
34.100	+1.664e+03	+7.526e+03	+9.779e+03	+0.819
34.200	+2.406e+03	+6.541e+03	+1.054e+04	+0.731
34.300	+1.918e+03	+8.042e+03	+9.157e+03	+0.807
34.400	+3.854e+03	+5.999e+03	+9.806e+03	+0.609
34.500	+3.103e+03	+4.664e+03	+9.592e+03	+0.600
34.600	+6.821e+03	+3.368e+03	+1.003e+04	+0.331
34.700	+7.662e+03	+2.756e+03	+1.001e+04	+0.265
34.800	+7.694e+03	+3.277e+03	+9.049e+03	+0.299
34.900	+6.730e+03	+1.861e+03	+9.813e+03	+0.217
35.000	+8.054e+03	+1.625e+03	+1.064e+04	+0.168
35.100	+7.336e+03	+1.743e+03	+1.013e+04	+0.192
35.200	+8.386e+03	+3.789e+03	+1.053e+04	+0.311
35.300	+6.526e+03	+2.878e+03	+9.378e+03	+0.306
35.400	+6.225e+03	+1.299e+03	+1.020e+04	+0.173
35.500	+6.283e+03	+2.157e+03	+9.522e+03	+0.256
35.600	+8.001e+03	+2.270e+03	+9.874e+03	+0.221
35.700	+8.444e+03	+7.263e+02	+1.009e+04	+0.079
35.800	+7.373e+03	+2.920e+03	+9.303e+03	+0.284
35.900	+7.814e+03	+3.212e+03	+9.525e+03	+0.291
36.000	+7.533e+03	+2.318e+03	+9.264e+03	+0.235
36.100	+8.514e+03	+3.604e+03	+1.078e+04	+0.297
36.200	+8.267e+03	+2.772e+03	+1.046e+04	+0.251
36.300	+8.826e+03	+2.290e+03	+1.009e+04	+0.206
36.400	+7.654e+03	+2.958e+03	+9.464e+03	+0.279
36.500	+7.629e+03	+2.978e+03	+9.858e+03	+0.281
36.600	+8.290e+03	+2.557e+03	+1.158e+04	+0.236
36.700	+6.654e+03	+1.732e+03	+9.884e+03	+0.206
36.800	+7.037e+03	+2.761e+03	+9.229e+03	+0.282
36.900	+8.642e+03	+2.108e+03	+1.040e+04	+0.196
37.000	+8.484e+03	+2.611e+03	+1.163e+04	+0.235
37.100	+7.458e+03	+2.333e+03	+9.042e+03	+0.238
37.200	+7.368e+03	+4.462e+03	+8.764e+03	+0.377
37.300	+6.951e+03	+2.636e+03	+1.039e+04	+0.275
37.400	+8.634e+03	+3.268e+03	+1.052e+04	+0.275
37.500	+7.427e+03	+2.590e+03	+1.119e+04	+0.259
37.600	+6.740e+03	+1.724e+03	+1.069e+04	+0.204
37.700	+7.179e+03	+3.128e+03	+1.096e+04	+0.303
37.800	+7.258e+03	+1.928e+03	+1.022e+04	+0.210
37.900	+6.730e+03	+1.761e+03	+9.994e+03	+0.207
38.000	+6.908e+03	+3.728e+03	+1.005e+04	+0.351
38.100	+6.685e+03	+1.945e+03	+9.660e+03	+0.225
38.200	+6.681e+03	+1.463e+03	+9.188e+03	+0.180
38.300	+8.037e+03	+2.779e+03	+9.832e+03	+0.257
38.400	+8.015e+03	+2.227e+03	+9.974e+03	+0.217
38.500	+7.679e+03	+2.214e+03	+1.005e+04	+0.224
38.600	+6.677e+03	+3.259e+03	+1.064e+04	+0.328
38.700	+6.771e+03	+3.477e+03	+9.686e+03	+0.339
38.800	+6.547e+03	+3.055e+03	+9.039e+03	+0.318
38.900	+8.213e+03	+2.851e+03	+1.011e+04	+0.258
39.000	+8.010e+03	+2.288e+03	+9.723e+03	+0.222
39.100	+8.776e+03	+3.476e+03	+9.893e+03	+0.284
39.200	+7.262e+03	+2.288e+03	+9.149e+03	+0.240
39.300	+7.150e+03	+3.141e+03	+9.718e+03	+0.305
39.400	+7.483e+03	+1.809e+03	+1.110e+04	+0.195
39.500	+5.985e+03	+2.718e+03	+1.200e+04	+0.312
39.600	+7.689e+03	+2.347e+03	+1.063e+04	+0.234
39.700	+7.955e+03	+2.879e+03	+1.029e+04	+0.266
39.800	+6.908e+03	+3.246e+03	+1.081e+04	+0.320
39.900	+8.487e+03	+3.482e+03	+1.166e+04	+0.291
40.000	+8.006e+03	+2.877e+03	+9.867e+03	+0.264
40.100	+6.815e+03	+2.653e+03	+9.159e+03	+0.280
40.200	+7.527e+03	+2.481e+03	+1.005e+04	+0.248
40.300	+6.545e+03	+1.592e+03	+1.073e+04	+0.196
40.400	+7.333e+03	+2.361e+03	+1.068e+04	+0.244
40.500	+7.884e+03	+2.665e+03	+1.046e+04	+0.253
40.600	+9.312e+03	+2.201e+03	+1.122e+04	+0.191
40.700	+7.575e+03	+2.118e+03	+1.032e+04	+0.219
40.800	+7.498e+03	+3.330e+03	+9.813e+03	+0.308
40.900	+6.234e+03	+3.261e+03	+1.114e+04	+0.343
41.000	+6.185e+03	+1.821e+03	+1.166e+04	+0.227
41.100	+8.347e+03	+2.101e+03	+1.036e+04	+0.201
41.200	+5.931e+03	+2.462e+03	+1.057e+04	+0.293
41.300	+7.679e+03	+2.120e+03	+9.029e+03	+0.216
41.400	+6.489e+03	+3.016e+03	+9.618e+03	+0.317
41.500	+7.638e+03	+2.559e+03	+1.058e+04	+0.251
41.600	+6.868e+03	+2.113e+03	+9.866e+03	+0.235
41.700	+7.144e+03	+1.880e+03	+9.098e+03	+0.208
41.800	+7.320e+03	+2.316e+03	+1.073e+04	+0.240
41.900	+7.305e+03	+4.291e+03	+1.030e+04	+0.370
42.000	+8.311e+03	+2.689e+03	+1.013e+04	+0.244
42.100	+7.839e+03	+3.314e+03	+1.078e+04	+0.297
42.200	+7.561e+03	+3.382e+03	+9.719e+03	+0.309
42.300	+7.930e+03	+1.626e+03	+9.939e+03	+0.170
42.400	+7.035e+03	+2.696e+03	+9.730e+03	+0.277
42.500	+6.895e+03	+2.670e+03	+9.754e+03	+0.279
42.600	+7.806e+03	+2.066e+03	+1.079e+04	+0.209
42.700	+9.039e+03	+2.825e+03	+9.519e+03	+0.238
42.800	+7.465e+03	+3.854e+03	+9.573e+03	+0.340
42.900	+6.408e+03	+1.837e+03	+9.621e+03	+0.223
43.000	+6.969e+03	+1.073e+03	+9.900e+03	+0.133
43.100	+6.703e+03	+2.492e+03	+8.483e+03	+0.271
43.200	+7.051e+03	+2.373e+03	+1.033e+04	+0.252
43.300	+6.951e+03	+2.951e+03	+8.756e+03	+0.298
43.400	+7.946e+03	+2.358e+03	+1.058e+04	+0.229
43.500	+7.485e+03	+3.031e+03	+1.076e+04	+0.288
43.600	+7.069e+03	+3.026e+03	+9.362e+03	+0.300
43.700	+8.770e+03	+3.431e+03	+8.431e+03	+0.281
43.800	+8.031e+03	+3.531e+03	+9.657e+03	+0.305
43.900	+7.924e+03	+1.002e+03	+9.516e+03	+0.112
44.000	+7.084e+03	+3.663e+03	+1.153e+04	+0.341
44.100	+6.910e+03	+1.363e+03	+1.003e+04	+0.165
44.200	+8.817e+03	+3.491e+03	+9.644e+03	+0.284
44.300	+6.921e+03	+1.957e+03	+9.178e+03	+0.220
44.400	+8.682e+03	+3.635e+03	+1.002e+04	+0.295
44.500	+6.545e+03	+2.631e+03	+1.028e+04	+0.287
44.600	+7.429e+03	+1.811e+03	+9.788e+03	+0.196
44.700	+7.767e+03	+3.173e+03	+9.258e+03	+0.290
44.800	+7.886e+03	+3.672e+03	+1.011e+04	+0.318
44.900	+6.783e+03	+1.811e+03	+9.956e+03	+0.211
45.000	+7.681e+03	+1.474e+03	+9.277e+03	+0.161
45.100	+7.029e+03	+2.602e+03	+9.395e+03	+0.270
45.200	+9.112e+03	+1.483e+03	+1.036e+04	+0.140
45.300	+7.605e+03	+2.158e+03	+1.019e+04	+0.221
45.400	+7.443e+03	+2.796e+03	+9.286e+03	+0.273
45.500	+7.095e+03	+2.868e+03	+1.104e+04	+0.288
45.600	+7.141e+03	+2.706e+03	+1.011e+04	+0.275
45.700	+7.143e+03	+2.696e+03	+1.119e+04	+0.274
45.800	+9.138e+03	+2.006e+03	+1.013e+04	+0.180
45.900	+7.395e+03	+2.837e+03	+1.026e+04	+0.277
46.000	+6.666e+03	+2.534e+03	+1.105e+04	+0.275
46.100	+7.594e+03	+2.547e+03	+1.040e+04	+0.251
46.200	+7.132e+03	+1.909e+03	+9.752e+03	+0.211
46.300	+7.049e+03	+1.670e+03	+1.018e+04	+0.192
46.400	+7.486e+03	+3.154e+03	+1.146e+04	+0.296
46.500	+8.210e+03	+2.339e+03	+9.630e+03	+0.222
46.600	+7.237e+03	+2.370e+03	+1.059e+04	+0.247
46.700	+6.977e+03	+2.871e+03	+9.590e+03	+0.292
46.800	+8.081e+03	+2.224e+03	+1.008e+04	+0.216
46.900	+7.248e+03	+2.355e+03	+1.053e+04	+0.245
47.000	+8.777e+03	+3.695e+03	+9.618e+03	+0.296
47.100	+7.471e+03	+1.688e+03	+1.059e+04	+0.184
47.200	+6.741e+03	+2.562e+03	+9.826e+03	+0.275
47.300	+8.498e+03	+3.010e+03	+9.557e+03	+0.262
47.400	+7.054e+03	+3.571e+03	+9.954e+03	+0.336
47.500	+8.720e+03	+3.092e+03	+1.039e+04	+0.262
47.600	+7.764e+03	+1.817e+03	+1.032e+04	+0.190
47.700	+6.968e+03	+2.957e+03	+9.376e+03	+0.298
47.800	+7.545e+03	+2.305e+03	+9.996e+03	+0.234
47.900	+6.256e+03	+2.380e+03	+9.682e+03	+0.276
48.000	+7.756e+03	+2.373e+03	+8.122e+03	+0.234
48.100	+7.481e+03	+3.113e+03	+9.028e+03	+0.294
48.200	+7.872e+03	+2.016e+03	+1.052e+04	+0.204
48.300	+7.079e+03	+2.813e+03	+9.396e+03	+0.284
48.400	+7.522e+03	+2.865e+03	+8.918e+03	+0.276
48.500	+7.380e+03	+1.507e+03	+8.602e+03	+0.170
48.600	+7.922e+03	+2.563e+03	+9.739e+03	+0.244
48.700	+7.375e+03	+2.228e+03	+9.341e+03	+0.232
48.800	+6.900e+03	+2.560e+03	+9.462e+03	+0.271
48.900	+8.229e+03	+2.007e+03	+1.041e+04	+0.196
49.000	+7.949e+03	+2.459e+03	+1.090e+04	+0.236
49.100	+7.880e+03	+1.677e+03	+9.182e+03	+0.176
49.200	+7.124e+03	+2.326e+03	+1.071e+04	+0.246
49.300	+7.467e+03	+2.373e+03	+1.010e+04	+0.241
49.400	+7.901e+03	+2.663e+03	+1.057e+04	+0.252
49.500	+7.869e+03	+1.704e+03	+9.114e+03	+0.178
49.600	+7.622e+03	+2.384e+03	+9.906e+03	+0.238
49.700	+8.500e+03	+2.588e+03	+1.048e+04	+0.233
49.800	+6.515e+03	+2.968e+03	+1.059e+04	+0.313
49.900	+6.672e+03	+3.142e+03	+9.960e+03	+0.320
50.000	+6.822e+03	+2.929e+03	+9.090e+03	+0.300
50.100	+7.577e+03	+3.314e+03	+1.033e+04	+0.304
50.200	+6.217e+03	+3.880e+03	+1.006e+04	+0.384
50.300	+7.675e+03	+2.278e+03	+9.788e+03	+0.229
50.400	+7.826e+03	+2.477e+03	+9.737e+03	+0.240
50.500	+7.049e+03	+1.620e+03	+1.124e+04	+0.187
50.600	+8.475e+03	+1.413e+03	+1.029e+04	+0.143
50.700	+7.194e+03	+3.023e+03	+1.016e+04	+0.296
50.800	+7.611e+03	+2.245e+03	+1.096e+04	+0.228
50.900	+7.398e+03	+3.036e+03	+1.074e+04	+0.291
51.000	+8.070e+03	+2.904e+03	+9.777e+03	+0.265
51.100	+7.314e+03	+2.715e+03	+1.094e+04	+0.271
51.200	+7.293e+03	+2.936e+03	+1.048e+04	+0.287
51.300	+7.719e+03	+2.127e+03	+9.523e+03	+0.216
51.400	+7.678e+03	+2.172e+03	+1.020e+04	+0.221
51.500	+7.388e+03	+2.114e+03	+9.949e+03	+0.222
51.600	+5.261e+03	+2.233e+03	+9.526e+03	+0.298
51.700	+8.565e+03	+1.965e+03	+1.004e+04	+0.187
51.800	+7.680e+03	+3.446e+03	+8.966e+03	+0.310
51.900	+7.030e+03	+3.166e+03	+9.394e+03	+0.311
52.000	+8.432e+03	+2.266e+03	+9.115e+03	+0.212
52.100	+6.594e+03	+3.658e+03	+9.296e+03	+0.357
52.200	+6.961e+03	+3.588e+03	+1.001e+04	+0.340
52.300	+7.675e+03	+2.469e+03	+9.785e+03	+0.243
52.400	+7.422e+03	+3.099e+03	+9.013e+03	+0.295
52.500	+7.737e+03	+3.234e+03	+1.040e+04	+0.295
52.600	+7.027e+03	+2.793e+03	+1.005e+04	+0.284
52.700	+7.727e+03	+2.937e+03	+1.070e+04	+0.275
52.800	+6.546e+03	+2.664e+03	+1.080e+04	+0.289
52.900	+7.080e+03	+2.286e+03	+9.411e+03	+0.244
53.000	+7.719e+03	+3.046e+03	+1.047e+04	+0.283
53.100	+7.889e+03	+2.207e+03	+1.085e+04	+0.219
53.200	+7.257e+03	+4.321e+03	+1.033e+04	+0.373
53.300	+7.892e+03	+2.477e+03	+1.126e+04	+0.239
53.400	+8.570e+03	+1.895e+03	+1.012e+04	+0.181
53.500	+8.364e+03	+3.375e+03	+9.000e+03	+0.288
53.600	+7.953e+03	+1.168e+03	+9.843e+03	+0.128
53.700	+8.366e+03	+1.391e+03	+9.851e+03	+0.143
53.800	+7.261e+03	+9.775e+02	+1.044e+04	+0.119
53.900	+7.048e+03	+2.944e+03	+9.360e+03	+0.295
54.000	+7.538e+03	+2.038e+03	+9.889e+03	+0.213
54.100	+8.008e+03	+3.719e+03	+1.125e+04	+0.317
54.200	+7.283e+03	+3.873e+03	+1.075e+04	+0.347
54.300	+7.740e+03	+3.888e+03	+1.060e+04	+0.334
54.400	+8.446e+03	+2.531e+03	+9.103e+03	+0.231
54.500	+8.626e+03	+2.495e+03	+9.566e+03	+0.224
54.600	+8.154e+03	+2.891e+03	+9.848e+03	+0.262
54.700	+7.902e+03	+3.592e+03	+1.106e+04	+0.312
54.800	+7.202e+03	+2.188e+03	+9.763e+03	+0.233
54.900	+7.521e+03	+3.430e+03	+1.011e+04	+0.313
55.000	+7.319e+03	+2.508e+03	+1.099e+04	+0.255
55.100	+7.532e+03	+1.911e+03	+9.417e+03	+0.202
55.200	+8.690e+03	+3.100e+03	+9.662e+03	+0.263
55.300	+6.771e+03	+1.542e+03	+9.441e+03	+0.185
55.400	+8.032e+03	+1.933e+03	+9.636e+03	+0.194
55.500	+7.887e+03	+3.639e+03	+8.339e+03	+0.316
55.600	+7.965e+03	+1.386e+03	+1.040e+04	+0.148
55.700	+7.529e+03	+3.243e+03	+9.858e+03	+0.301
55.800	+7.441e+03	+2.044e+03	+1.026e+04	+0.216
55.900	+7.851e+03	+2.990e+03	+9.262e+03	+0.276
56.000	+7.142e+03	+2.529e+03	+9.573e+03	+0.262
56.100	+6.688e+03	+1.705e+03	+9.556e+03	+0.203
56.200	+7.905e+03	+1.926e+03	+1.057e+04	+0.196
56.300	+8.625e+03	+1.529e+03	+1.001e+04	+0.151
56.400	+7.520e+03	+2.459e+03	+1.063e+04	+0.246
56.500	+6.887e+03	+3.580e+03	+1.099e+04	+0.342
56.600	+7.047e+03	+2.302e+03	+8.805e+03	+0.246
56.700	+8.320e+03	+2.071e+03	+9.700e+03	+0.199
56.800	+7.245e+03	+2.757e+03	+9.550e+03	+0.276
56.900	+7.730e+03	+2.557e+03	+9.734e+03	+0.249
57.000	+7.260e+03	+2.292e+03	+1.199e+04	+0.240
57.100	+7.562e+03	+3.427e+03	+1.001e+04	+0.312
57.200	+7.753e+03	+2.193e+03	+1.026e+04	+0.221
57.300	+7.063e+03	+2.330e+03	+9.800e+03	+0.248
57.400	+7.312e+03	+2.978e+03	+9.273e+03	+0.289
57.500	+7.623e+03	+2.533e+03	+9.906e+03	+0.249
57.600	+6.362e+03	+3.210e+03	+9.436e+03	+0.335
57.700	+6.913e+03	+2.932e+03	+9.673e+03	+0.298
57.800	+7.044e+03	+2.552e+03	+9.596e+03	+0.266
57.900	+7.645e+03	+2.838e+03	+1.058e+04	+0.271
58.000	+7.972e+03	+2.445e+03	+9.666e+03	+0.235
58.100	+5.076e+03	+1.575e+03	+1.108e+04	+0.237
58.200	+8.184e+03	+3.485e+03	+9.727e+03	+0.299
58.300	+6.384e+03	+3.410e+03	+1.109e+04	+0.348
58.400	+7.728e+03	+2.881e+03	+9.556e+03	+0.272
58.500	+7.873e+03	+2.997e+03	+9.798e+03	+0.276
58.600	+7.737e+03	+2.961e+03	+9.484e+03	+0.277
58.700	+8.322e+03	+2.737e+03	+9.935e+03	+0.247
58.800	+7.268e+03	+2.460e+03	+9.628e+03	+0.253
58.900	+7.217e+03	+2.139e+03	+1.110e+04	+0.229
59.000	+7.666e+03	+1.519e+03	+1.032e+04	+0.165
59.100	+7.758e+03	+1.868e+03	+1.020e+04	+0.194
59.200	+6.799e+03	+2.046e+03	+9.755e+03	+0.231
59.300	+7.221e+03	+8.185e+02	+1.058e+04	+0.102
59.400	+7.242e+03	+3.382e+03	+1.067e+04	+0.318
59.500	+8.158e+03	+2.780e+03	+1.066e+04	+0.254
59.600	+7.307e+03	+1.977e+03	+8.860e+03	+0.213
59.700	+8.505e+03	+1.364e+03	+8.690e+03	+0.138
59.800	+7.735e+03	+2.031e+03	+1.086e+04	+0.208
59.900	+7.729e+03	+2.690e+03	+1.043e+04	+0.258
60.000	+8.615e+03	+3.665e+03	+1.006e+04	+0.298
60.100	+7.206e+03	+2.757e+03	+1.080e+04	+0.277
60.200	+8.216e+03	+2.390e+03	+1.018e+04	+0.225
60.300	+6.897e+03	+2.178e+03	+9.428e+03	+0.240
60.400	+8.278e+03	+1.720e+03	+1.015e+04	+0.172
60.500	+8.316e+03	+2.356e+03	+1.054e+04	+0.221
60.600	+7.760e+03	+2.280e+03	+1.091e+04	+0.227
60.700	+8.321e+03	+3.074e+03	+9.927e+03	+0.270
60.800	+7.481e+03	+2.921e+03	+1.061e+04	+0.281
60.900	+7.872e+03	+1.993e+03	+1.013e+04	+0.202
61.000	+7.342e+03	+3.025e+03	+1.176e+04	+0.292
61.100	+7.123e+03	+3.118e+03	+9.067e+03	+0.304
61.200	+7.402e+03	+3.588e+03	+9.187e+03	+0.326
61.300	+7.088e+03	+2.834e+03	+1.000e+04	+0.286
61.400	+7.037e+03	+2.866e+03	+9.908e+03	+0.289
61.500	+7.744e+03	+2.495e+03	+9.696e+03	+0.244
61.600	+7.245e+03	+2.405e+03	+9.273e+03	+0.249
61.700	+7.794e+03	+2.779e+03	+1.068e+04	+0.263
61.800	+7.203e+03	+2.684e+03	+8.598e+03	+0.271
61.900	+8.153e+03	+2.856e+03	+1.025e+04	+0.259
62.000	+7.253e+03	+4.376e+03	+1.003e+04	+0.376
62.100	+7.595e+03	+2.667e+03	+9.815e+03	+0.260
62.200	+8.093e+03	+4.413e+03	+8.672e+03	+0.353
62.300	+7.060e+03	+2.994e+03	+9.650e+03	+0.298
62.400	+8.135e+03	+2.030e+03	+9.618e+03	+0.200
62.500	+6.565e+03	+1.967e+03	+1.085e+04	+0.231
62.600	+6.347e+03	+2.472e+03	+1.013e+04	+0.280
62.700	+7.596e+03	+2.243e+03	+1.041e+04	+0.228
62.800	+8.814e+03	+3.613e+03	+9.069e+03	+0.291
62.900	+6.919e+03	+1.731e+03	+1.045e+04	+0.200
63.000	+7.362e+03	+3.972e+03	+1.099e+04	+0.350
63.100	+7.638e+03	+3.056e+03	+1.001e+04	+0.286
63.200	+7.256e+03	+2.846e+03	+9.027e+03	+0.282
63.300	+8.088e+03	+1.665e+03	+9.532e+03	+0.171
63.400	+7.982e+03	+2.685e+03	+1.044e+04	+0.252
63.500	+7.790e+03	+2.168e+03	+9.626e+03	+0.218
63.600	+6.832e+03	+1.827e+03	+9.297e+03	+0.211
63.700	+7.646e+03	+2.152e+03	+1.003e+04	+0.220
63.800	+7.603e+03	+2.768e+03	+1.026e+04	+0.267
63.900	+7.339e+03	+3.104e+03	+1.043e+04	+0.297
64.000	+7.111e+03	+3.573e+03	+9.460e+03	+0.334
64.100	+7.370e+03	+3.110e+03	+1.016e+04	+0.297
64.200	+7.549e+03	+1.755e+03	+1.086e+04	+0.189
64.300	+7.016e+03	+2.249e+03	+1.169e+04	+0.243
64.400	+7.014e+03	+3.751e+03	+8.976e+03	+0.348
64.500	+7.694e+03	+2.004e+03	+1.014e+04	+0.207
64.600	+7.780e+03	+2.450e+03	+9.245e+03	+0.240
64.700	+7.005e+03	+1.833e+03	+1.017e+04	+0.207
64.800	+6.238e+03	+1.521e+03	+9.250e+03	+0.196
64.900	+8.222e+03	+2.357e+03	+1.032e+04	+0.223
65.000	+7.868e+03	+2.511e+03	+9.235e+03	+0.242
65.100	+7.674e+03	+3.129e+03	+1.025e+04	+0.290
65.200	+7.554e+03	+2.897e+03	+9.969e+03	+0.277
65.300	+7.686e+03	+1.811e+03	+9.606e+03	+0.191
65.400	+8.265e+03	+1.714e+03	+1.178e+04	+0.172
65.500	+8.216e+03	+2.741e+03	+9.474e+03	+0.250
65.600	+8.318e+03	+2.949e+03	+9.149e+03	+0.262
65.700	+6.666e+03	+1.765e+03	+1.043e+04	+0.209
65.800	+7.083e+03	+2.550e+03	+9.205e+03	+0.265
65.900	+7.269e+03	+2.578e+03	+9.258e+03	+0.262
66.000	+7.326e+03	+1.944e+03	+1.093e+04	+0.210
66.100	+8.643e+03	+3.577e+03	+9.206e+03	+0.293
66.200	+7.281e+03	+3.764e+03	+1.155e+04	+0.341
66.300	+7.693e+03	+2.500e+03	+1.040e+04	+0.245
66.400	+6.944e+03	+1.800e+03	+9.041e+03	+0.206
66.500	+6.215e+03	+3.051e+03	+9.949e+03	+0.329
66.600	+7.724e+03	+3.060e+03	+1.072e+04	+0.284
66.700	+7.528e+03	+3.411e+03	+1.009e+04	+0.312
66.800	+8.726e+03	+3.403e+03	+1.086e+04	+0.281
66.900	+6.975e+03	+2.286e+03	+9.760e+03	+0.247
67.000	+8.804e+03	+2.539e+03	+9.893e+03	+0.224
67.100	+7.550e+03	+1.586e+03	+9.419e+03	+0.174
67.200	+8.944e+03	+2.811e+03	+1.038e+04	+0.239
67.300	+6.866e+03	+1.646e+03	+9.127e+03	+0.193
67.400	+7.918e+03	+2.326e+03	+9.280e+03	+0.227
67.500	+7.309e+03	+2.552e+03	+8.854e+03	+0.259
67.600	+8.034e+03	+1.327e+03	+1.009e+04	+0.142
67.700	+7.509e+03	+1.967e+03	+1.055e+04	+0.208
67.800	+7.950e+03	+3.245e+03	+1.072e+04	+0.290
67.900	+8.113e+03	+3.602e+03	+9.518e+03	+0.307
68.000	+7.279e+03	+2.533e+03	+1.020e+04	+0.258
68.100	+7.208e+03	+1.553e+03	+9.576e+03	+0.177
68.200	+8.152e+03	+2.477e+03	+8.996e+03	+0.233
68.300	+7.920e+03	+2.385e+03	+9.883e+03	+0.231
68.400	+8.167e+03	+3.618e+03	+1.071e+04	+0.307
68.500	+8.043e+03	+2.122e+03	+1.014e+04	+0.209
68.600	+7.543e+03	+1.819e+03	+9.063e+03	+0.194
68.700	+7.629e+03	+2.339e+03	+9.822e+03	+0.235
68.800	+7.601e+03	+2.885e+03	+9.763e+03	+0.275
68.900	+7.766e+03	+2.616e+03	+9.828e+03	+0.252
69.000	+6.044e+03	+3.780e+03	+1.069e+04	+0.385
69.100	+6.335e+03	+1.891e+03	+1.037e+04	+0.230
69.200	+6.302e+03	+2.822e+03	+1.005e+04	+0.309
69.300	+7.400e+03	+1.111e+03	+8.961e+03	+0.131
69.400	+6.486e+03	+3.266e+03	+1.020e+04	+0.335
69.500	+6.693e+03	+2.575e+03	+1.009e+04	+0.278
69.600	+6.785e+03	+2.751e+03	+9.441e+03	+0.288
69.700	+7.027e+03	+3.075e+03	+1.034e+04	+0.304
69.800	+8.596e+03	+2.998e+03	+9.482e+03	+0.259
69.900	+8.636e+03	+2.717e+03	+8.823e+03	+0.239
70.000	+7.759e+03	+2.337e+03	+1.021e+04	+0.231
70.100	+7.238e+03	+3.254e+03	+1.021e+04	+0.310
70.200	+6.148e+03	+1.482e+03	+9.715e+03	+0.194
70.300	+7.873e+03	+3.215e+03	+1.111e+04	+0.290
70.400	+7.288e+03	+3.116e+03	+1.024e+04	+0.299
70.500	+7.436e+03	+9.766e+02	+1.005e+04	+0.116
70.600	+7.319e+03	+3.620e+03	+1.075e+04	+0.331
70.700	+6.992e+03	+3.034e+03	+1.022e+04	+0.303
70.800	+7.476e+03	+1.934e+03	+9.700e+03	+0.206
70.900	+7.489e+03	+3.349e+03	+9.544e+03	+0.309
71.000	+6.492e+03	+2.629e+03	+9.316e+03	+0.288
71.100	+7.428e+03	+2.018e+03	+1.090e+04	+0.214
71.200	+7.711e+03	+2.142e+03	+1.012e+04	+0.217
71.300	+6.955e+03	+2.573e+03	+1.075e+04	+0.270
71.400	+7.075e+03	+2.349e+03	+9.262e+03	+0.249
71.500	+7.828e+03	+2.680e+03	+1.076e+04	+0.255
71.600	+7.170e+03	+9.529e+02	+8.781e+03	+0.117
71.700	+7.881e+03	+3.446e+03	+1.057e+04	+0.304
71.800	+7.168e+03	+1.961e+03	+1.153e+04	+0.215
71.900	+7.529e+03	+3.101e+03	+1.014e+04	+0.292
72.000	+7.206e+03	+1.787e+03	+9.356e+03	+0.199
72.100	+7.991e+03	+2.511e+03	+9.477e+03	+0.239
72.200	+6.945e+03	+2.354e+03	+9.385e+03	+0.253
72.300	+7.432e+03	+2.840e+03	+9.814e+03	+0.276
72.400	+7.498e+03	+2.913e+03	+9.218e+03	+0.280
72.500	+6.515e+03	+2.890e+03	+9.903e+03	+0.307
72.600	+7.834e+03	+1.653e+03	+1.086e+04	+0.174
72.700	+8.615e+03	+2.272e+03	+1.051e+04	+0.209
72.800	+7.262e+03	+2.477e+03	+1.096e+04	+0.254
72.900	+7.589e+03	+2.842e+03	+8.769e+03	+0.272
73.000	+7.021e+03	+2.471e+03	+1.064e+04	+0.260
73.100	+7.137e+03	+2.373e+03	+1.107e+04	+0.250
73.200	+6.852e+03	+3.937e+03	+9.060e+03	+0.365
73.300	+7.351e+03	+2.185e+03	+9.820e+03	+0.229
73.400	+8.122e+03	+2.599e+03	+1.045e+04	+0.242
73.500	+6.559e+03	+1.726e+03	+1.010e+04	+0.208
73.600	+8.062e+03	+2.488e+03	+9.750e+03	+0.236
73.700	+6.852e+03	+2.493e+03	+9.675e+03	+0.267
73.800	+8.057e+03	+2.897e+03	+1.103e+04	+0.264
73.900	+6.748e+03	+1.550e+03	+1.071e+04	+0.187
74.000	+8.410e+03	+2.097e+03	+1.096e+04	+0.200
74.100	+7.181e+03	+2.000e+03	+8.855e+03	+0.218
74.200	+8.485e+03	+1.834e+03	+1.072e+04	+0.178
74.300	+8.121e+03	+1.594e+03	+1.041e+04	+0.164
74.400	+7.945e+03	+2.043e+03	+9.880e+03	+0.205
74.500	+7.054e+03	+1.494e+03	+8.535e+03	+0.175
74.600	+7.056e+03	+3.016e+03	+9.853e+03	+0.299
74.700	+8.526e+03	+8.621e+02	+9.550e+03	+0.092
74.800	+7.269e+03	+2.763e+03	+1.037e+04	+0.275
74.900	+6.325e+03	+2.463e+03	+1.059e+04	+0.280
75.000	+5.377e+03	+4.377e+03	+1.015e+04	+0.449
75.100	+6.622e+03	+2.741e+03	+9.241e+03	+0.293
75.200	+7.907e+03	+2.400e+03	+1.063e+04	+0.233
75.300	+8.530e+03	+1.318e+03	+1.042e+04	+0.134
75.400	+7.314e+03	+2.359e+03	+1.039e+04	+0.244
75.500	+8.217e+03	+2.610e+03	+9.717e+03	+0.241
75.600	+7.342e+03	+1.636e+03	+1.084e+04	+0.182
75.700	+6.318e+03	+2.289e+03	+1.002e+04	+0.266
75.800	+8.401e+03	+4.403e+03	+9.293e+03	+0.344
75.900	+7.959e+03	+1.905e+03	+9.275e+03	+0.193
76.000	+8.480e+03	+3.549e+03	+1.104e+04	+0.295
76.100	+6.777e+03	+3.176e+03	+8.938e+03	+0.319
76.200	+7.101e+03	+2.446e+03	+1.133e+04	+0.256
76.300	+8.366e+03	+6.843e+02	+1.019e+04	+0.076
76.400	+6.171e+03	+2.183e+03	+1.045e+04	+0.261
76.500	+7.166e+03	+1.738e+03	+1.075e+04	+0.195
76.600	+7.859e+03	+2.024e+03	+9.918e+03	+0.205
76.700	+8.067e+03	+2.449e+03	+1.084e+04	+0.233
76.800	+8.052e+03	+2.000e+03	+9.051e+03	+0.199
76.900	+8.217e+03	+1.588e+03	+1.074e+04	+0.162
77.000	+7.180e+03	+1.948e+03	+9.767e+03	+0.213
77.100	+7.319e+03	+2.726e+03	+9.717e+03	+0.271
77.200	+6.857e+03	+2.281e+03	+1.049e+04	+0.250
77.300	+6.905e+03	+9.913e+02	+9.796e+03	+0.126
77.400	+7.354e+03	+2.831e+03	+9.926e+03	+0.278
77.500	+7.526e+03	+2.464e+03	+9.270e+03	+0.247
77.600	+8.147e+03	+2.237e+03	+1.007e+04	+0.215
77.700	+7.865e+03	+1.962e+03	+1.047e+04	+0.200
77.800	+7.473e+03	+7.261e+02	+9.249e+03	+0.089
77.900	+7.107e+03	+1.694e+03	+1.070e+04	+0.192
78.000	+7.044e+03	+1.830e+03	+9.225e+03	+0.206
78.100	+7.081e+03	+2.495e+03	+9.867e+03	+0.261
78.200	+7.647e+03	+2.245e+03	+1.017e+04	+0.227
78.300	+8.046e+03	+1.645e+03	+1.176e+04	+0.170
78.400	+7.846e+03	+1.175e+03	+1.072e+04	+0.130
78.500	+7.258e+03	+3.213e+03	+9.593e+03	+0.307
78.600	+6.154e+03	+1.754e+03	+8.617e+03	+0.222
78.700	+6.820e+03	+3.640e+03	+1.018e+04	+0.348
78.800	+7.859e+03	+3.066e+03	+1.075e+04	+0.281
78.900	+8.766e+03	+1.700e+03	+1.004e+04	+0.162
79.000	+7.369e+03	+2.771e+03	+9.333e+03	+0.273
79.100	+8.020e+03	+2.206e+03	+1.100e+04	+0.216
79.200	+7.118e+03	+2.188e+03	+1.017e+04	+0.235
79.300	+6.749e+03	+3.355e+03	+1.000e+04	+0.332
79.400	+6.582e+03	+2.841e+03	+1.048e+04	+0.301
79.500	+8.143e+03	+3.209e+03	+1.029e+04	+0.283
79.600	+7.873e+03	+2.622e+03	+1.048e+04	+0.250
79.700	+7.838e+03	+2.881e+03	+9.516e+03	+0.269
79.800	+7.824e+03	+3.169e+03	+8.570e+03	+0.288
79.900	+9.405e+03	+2.962e+03	+9.848e+03	+0.240
80.000	+6.911e+03	+2.859e+03	+1.012e+04	+0.293
80.100	+7.897e+03	+2.816e+03	+1.004e+04	+0.263
80.200	+8.530e+03	+4.437e+02	+9.827e+03	+0.049
80.300	+6.887e+03	+1.669e+03	+9.953e+03	+0.195
80.400	+8.048e+03	+3.570e+03	+9.524e+03	+0.307
80.500	+7.794e+03	+3.253e+03	+9.991e+03	+0.294
80.600	+6.730e+03	+2.457e+03	+1.015e+04	+0.267
80.700	+7.923e+03	+2.561e+03	+1.025e+04	+0.244
80.800	+7.526e+03	+1.519e+03	+1.123e+04	+0.168
80.900	+7.179e+03	+1.236e+03	+9.161e+03	+0.147
81.000	+6.460e+03	+2.273e+03	+9.792e+03	+0.260
81.100	+7.579e+03	+2.735e+03	+1.032e+04	+0.265
81.200	+7.526e+03	+3.936e+03	+1.044e+04	+0.343
81.300	+6.999e+03	+1.844e+03	+1.051e+04	+0.209
81.400	+7.731e+03	+3.760e+03	+1.007e+04	+0.327
81.500	+7.171e+03	+1.303e+03	+1.038e+04	+0.154
81.600	+8.544e+03	+1.986e+03	+1.053e+04	+0.189
81.700	+5.431e+03	+2.043e+03	+1.013e+04	+0.273
81.800	+8.102e+03	+3.348e+03	+1.072e+04	+0.292
81.900	+8.458e+03	+1.854e+03	+1.041e+04	+0.180
82.000	+7.624e+03	+2.367e+03	+1.027e+04	+0.237
82.100	+7.794e+03	+2.655e+03	+1.042e+04	+0.254
82.200	+8.934e+03	+1.271e+03	+9.879e+03	+0.125
82.300	+7.221e+03	+3.319e+03	+8.936e+03	+0.315
82.400	+6.852e+03	+2.228e+03	+8.937e+03	+0.245
82.500	+6.521e+03	+2.337e+03	+1.093e+04	+0.264
82.600	+8.340e+03	+2.888e+03	+9.381e+03	+0.257
82.700	+8.662e+03	+3.265e+03	+9.636e+03	+0.274
82.800	+7.311e+03	+3.682e+03	+9.791e+03	+0.335
82.900	+7.763e+03	+3.595e+03	+9.927e+03	+0.316
83.000	+6.014e+03	+1.721e+03	+9.146e+03	+0.223
83.100	+7.230e+03	+1.956e+03	+9.750e+03	+0.213
83.200	+7.708e+03	+1.791e+03	+8.791e+03	+0.189
83.300	+7.256e+03	+3.175e+03	+8.829e+03	+0.304
83.400	+6.585e+03	+3.508e+03	+8.392e+03	+0.348
83.500	+7.678e+03	+2.534e+03	+8.995e+03	+0.248
83.600	+8.307e+03	+1.894e+03	+1.024e+04	+0.186
83.700	+5.986e+03	+2.839e+03	+1.085e+04	+0.322
83.800	+8.179e+03	+2.519e+03	+9.655e+03	+0.235
83.900	+8.179e+03	+1.266e+03	+1.096e+04	+0.134
84.000	+7.253e+03	+1.875e+03	+1.026e+04	+0.205
84.100	+6.559e+03	+4.246e+03	+9.754e+03	+0.393
84.200	+6.711e+03	+2.206e+03	+1.157e+04	+0.247
84.300	+7.373e+03	+1.671e+03	+1.029e+04	+0.185
84.400	+8.495e+03	+2.401e+03	+1.098e+04	+0.220
84.500	+5.488e+03	+2.910e+03	+1.064e+04	+0.347
84.600	+7.111e+03	+3.363e+03	+1.072e+04	+0.321
84.700	+7.733e+03	+1.711e+03	+1.061e+04	+0.181
84.800	+7.256e+03	+2.072e+03	+1.079e+04	+0.222
84.900	+6.483e+03	+2.465e+03	+9.500e+03	+0.275
85.000	+7.262e+03	+2.240e+03	+1.034e+04	+0.236
85.100	+9.307e+03	+3.727e+03	+1.022e+04	+0.286
85.200	+6.548e+03	+3.925e+03	+1.002e+04	+0.375
85.300	+7.865e+03	+3.735e+03	+1.091e+04	+0.322
85.400	+7.432e+03	+2.527e+03	+1.102e+04	+0.254
85.500	+6.993e+03	+4.104e+03	+1.036e+04	+0.370
85.600	+8.198e+03	+2.094e+03	+9.778e+03	+0.203
85.700	+8.249e+03	+1.639e+03	+1.109e+04	+0.166
85.800	+7.404e+03	+1.828e+03	+1.015e+04	+0.198
85.900	+7.558e+03	+2.121e+03	+1.079e+04	+0.219
86.000	+7.872e+03	+2.391e+03	+1.040e+04	+0.233
86.100	+7.134e+03	+1.575e+03	+1.059e+04	+0.181
86.200	+7.332e+03	+2.435e+03	+9.127e+03	+0.249
86.300	+8.248e+03	+1.488e+03	+8.510e+03	+0.153
86.400	+8.057e+03	+2.341e+03	+9.888e+03	+0.225
86.500	+8.684e+03	+2.278e+03	+9.644e+03	+0.208
86.600	+7.738e+03	+2.768e+03	+1.006e+04	+0.263
86.700	+8.001e+03	+1.872e+03	+9.883e+03	+0.190
86.800	+7.524e+03	+2.966e+03	+1.057e+04	+0.283
86.900	+6.345e+03	+3.158e+03	+1.018e+04	+0.332
87.000	+8.032e+03	+2.792e+03	+9.525e+03	+0.258
87.100	+6.431e+03	+2.143e+03	+9.842e+03	+0.250
87.200	+7.532e+03	+2.038e+03	+1.049e+04	+0.213
87.300	+6.843e+03	+2.276e+03	+9.775e+03	+0.250
87.400	+7.799e+03	+1.586e+03	+9.794e+03	+0.169
87.500	+8.271e+03	+1.741e+03	+1.055e+04	+0.174
87.600	+7.165e+03	+2.914e+03	+9.887e+03	+0.289
87.700	+7.421e+03	+1.775e+03	+1.084e+04	+0.193
87.800	+6.396e+03	+2.667e+03	+1.009e+04	+0.294
87.900	+6.817e+03	+1.546e+03	+1.046e+04	+0.185
88.000	+8.279e+03	+2.780e+03	+8.616e+03	+0.251
88.100	+6.402e+03	+3.368e+03	+8.302e+03	+0.345
88.200	+7.753e+03	+3.052e+03	+9.212e+03	+0.282
88.300	+7.739e+03	+3.723e+03	+1.111e+04	+0.325
88.400	+8.126e+03	+2.801e+03	+9.902e+03	+0.256
88.500	+7.489e+03	+2.224e+03	+1.036e+04	+0.229
88.600	+7.669e+03	+1.921e+03	+1.085e+04	+0.200
88.700	+7.786e+03	+2.417e+03	+1.004e+04	+0.237
88.800	+6.737e+03	+2.455e+03	+1.055e+04	+0.267
88.900	+8.087e+03	+1.139e+03	+1.114e+04	+0.123
89.000	+6.393e+03	+1.465e+03	+1.027e+04	+0.186
89.100	+8.019e+03	+2.857e+03	+8.981e+03	+0.263
89.200	+7.569e+03	+1.633e+03	+1.050e+04	+0.177
89.300	+7.841e+03	+1.902e+03	+1.030e+04	+0.195
89.400	+6.306e+03	+1.915e+03	+9.376e+03	+0.233
89.500	+6.925e+03	+4.203e+03	+9.169e+03	+0.378
89.600	+7.554e+03	+2.391e+03	+9.997e+03	+0.240
89.700	+8.004e+03	+2.127e+03	+9.377e+03	+0.210
89.800	+6.605e+03	+3.284e+03	+1.022e+04	+0.332
89.900	+8.137e+03	+2.532e+03	+1.060e+04	+0.237
90.000	+7.516e+03	+1.208e+03	+1.066e+04	+0.138
90.100	+7.899e+03	+2.003e+03	+9.701e+03	+0.202
90.200	+8.331e+03	+2.544e+03	+9.561e+03	+0.234
90.300	+6.901e+03	+2.850e+03	+1.051e+04	+0.292
90.400	+6.802e+03	+3.990e+03	+1.014e+04	+0.370
90.500	+7.131e+03	+1.172e+03	+1.052e+04	+0.141
90.600	+8.087e+03	+2.415e+03	+9.817e+03	+0.230
90.700	+7.743e+03	+2.509e+03	+1.084e+04	+0.245
90.800	+6.972e+03	+1.335e+03	+9.599e+03	+0.161
90.900	+6.608e+03	+1.354e+03	+1.000e+04	+0.170
91.000	+8.709e+03	+3.319e+03	+1.048e+04	+0.276
91.100	+8.156e+03	+3.500e+03	+1.048e+04	+0.300
91.200	+6.628e+03	+2.672e+03	+1.061e+04	+0.287
91.300	+7.269e+03	+1.871e+03	+9.997e+03	+0.205
91.400	+7.847e+03	+3.083e+03	+9.618e+03	+0.282
91.500	+6.847e+03	+1.532e+03	+1.095e+04	+0.183
91.600	+8.146e+03	+2.791e+03	+9.775e+03	+0.255
91.700	+7.417e+03	+2.276e+03	+9.543e+03	+0.235
91.800	+6.950e+03	+2.324e+03	+1.010e+04	+0.251
91.900	+8.072e+03	+1.903e+03	+1.013e+04	+0.191
92.000	+8.273e+03	+2.001e+03	+9.008e+03	+0.195
92.100	+8.186e+03	+2.141e+03	+9.750e+03	+0.207
92.200	+6.715e+03	+2.650e+03	+9.519e+03	+0.283
92.300	+7.823e+03	+2.233e+03	+1.002e+04	+0.222
92.400	+6.991e+03	+2.768e+03	+8.754e+03	+0.284
92.500	+7.196e+03	+2.695e+03	+9.498e+03	+0.272
92.600	+8.570e+03	+2.920e+03	+9.436e+03	+0.254
92.700	+8.205e+03	+2.160e+03	+9.554e+03	+0.208
92.800	+6.929e+03	+3.707e+03	+8.952e+03	+0.349
92.900	+9.003e+03	+3.299e+03	+9.405e+03	+0.268
93.000	+7.345e+03	+1.781e+03	+9.809e+03	+0.195
93.100	+7.682e+03	+2.621e+03	+1.103e+04	+0.254
93.200	+7.343e+03	+2.457e+03	+1.018e+04	+0.251
93.300	+7.339e+03	+1.763e+03	+1.080e+04	+0.194
93.400	+7.527e+03	+2.750e+03	+9.201e+03	+0.268
93.500	+8.345e+03	+3.009e+03	+1.010e+04	+0.265
93.600	+7.318e+03	+1.768e+03	+9.622e+03	+0.195
93.700	+7.072e+03	+1.889e+03	+1.040e+04	+0.211
93.800	+8.523e+03	+3.045e+03	+1.028e+04	+0.263
93.900	+7.652e+03	+2.736e+03	+8.968e+03	+0.263
94.000	+7.074e+03	+2.365e+03	+1.113e+04	+0.251
94.100	+7.443e+03	+3.071e+03	+1.096e+04	+0.292
94.200	+7.449e+03	+2.901e+03	+1.017e+04	+0.280
94.300	+8.247e+03	+1.521e+03	+9.687e+03	+0.156
94.400	+8.193e+03	+2.008e+03	+9.415e+03	+0.197
94.500	+7.596e+03	+4.426e+03	+9.852e+03	+0.368
94.600	+7.426e+03	+2.410e+03	+9.819e+03	+0.245
94.700	+6.812e+03	+2.454e+03	+9.513e+03	+0.265
94.800	+7.855e+03	+1.479e+03	+1.074e+04	+0.158
94.900	+9.548e+03	+2.270e+03	+1.075e+04	+0.192
95.000	+8.059e+03	+1.074e+03	+9.087e+03	+0.118
95.100	+7.989e+03	+2.641e+03	+9.434e+03	+0.248
95.200	+7.255e+03	+1.814e+03	+9.859e+03	+0.200
95.300	+7.430e+03	+1.981e+03	+9.132e+03	+0.210
95.400	+8.201e+03	+2.550e+03	+1.105e+04	+0.237
95.500	+7.989e+03	+3.048e+03	+9.979e+03	+0.276
95.600	+7.177e+03	+3.040e+03	+1.057e+04	+0.298
95.700	+7.983e+03	+2.295e+03	+8.993e+03	+0.223
95.800	+7.672e+03	+3.034e+03	+1.057e+04	+0.283
95.900	+7.661e+03	+3.575e+03	+8.341e+03	+0.318
96.000	+6.829e+03	+2.231e+03	+9.728e+03	+0.246
96.100	+6.951e+03	+3.810e+03	+1.022e+04	+0.354
96.200	+7.258e+03	+2.500e+03	+9.377e+03	+0.256
96.300	+6.815e+03	+1.828e+03	+1.013e+04	+0.212
96.400	+7.276e+03	+3.377e+03	+1.131e+04	+0.317
96.500	+7.623e+03	+2.939e+03	+9.591e+03	+0.278
96.600	+7.885e+03	+1.106e+03	+8.981e+03	+0.123
96.700	+8.414e+03	+1.770e+03	+1.027e+04	+0.174
96.800	+7.860e+03	+2.528e+03	+9.410e+03	+0.243
96.900	+6.689e+03	+2.302e+03	+8.111e+03	+0.256
97.000	+7.260e+03	+3.421e+03	+9.892e+03	+0.320
97.100	+7.617e+03	+1.918e+03	+1.005e+04	+0.201
97.200	+8.532e+03	+3.561e+03	+9.328e+03	+0.294
97.300	+6.941e+03	+1.619e+03	+9.783e+03	+0.189
97.400	+6.818e+03	+7.847e+02	+8.969e+03	+0.103
97.500	+7.465e+03	+2.487e+03	+9.173e+03	+0.250
97.600	+7.074e+03	+1.657e+03	+9.675e+03	+0.190
97.700	+8.282e+03	+2.485e+03	+9.336e+03	+0.231
97.800	+7.445e+03	+3.400e+03	+9.481e+03	+0.313
97.900	+7.086e+03	+3.880e+03	+9.631e+03	+0.354
98.000	+8.481e+03	+3.304e+03	+9.853e+03	+0.280
98.100	+6.412e+03	+2.860e+03	+8.822e+03	+0.308
98.200	+6.284e+03	+2.035e+03	+9.183e+03	+0.245
98.300	+6.967e+03	+1.932e+03	+9.480e+03	+0.217
98.400	+7.954e+03	+3.064e+03	+1.079e+04	+0.278
98.500	+6.988e+03	+4.791e+03	+9.647e+03	+0.407
98.600	+7.635e+03	+2.510e+03	+9.992e+03	+0.247
98.700	+7.665e+03	+1.866e+03	+1.049e+04	+0.196
98.800	+8.560e+03	+2.902e+03	+9.485e+03	+0.253
98.900	+6.745e+03	+2.010e+03	+1.002e+04	+0.230
99.000	+6.674e+03	+2.879e+03	+1.128e+04	+0.301
99.100	+8.418e+03	+2.517e+03	+1.084e+04	+0.230
99.200	+7.694e+03	+1.960e+03	+9.591e+03	+0.203
99.300	+8.843e+03	+3.580e+03	+1.032e+04	+0.288
99.400	+7.388e+03	+2.996e+03	+9.461e+03	+0.289
99.500	+7.445e+03	+2.074e+03	+9.879e+03	+0.218
99.600	+7.589e+03	+2.383e+03	+1.074e+04	+0.239
99.700	+6.213e+03	+3.983e+03	+1.039e+04	+0.391
99.800	+8.147e+03	+3.219e+03	+9.646e+03	+0.283
99.900	+7.592e+03	+2.902e+03	+1.002e+04	+0.277
100.000	+7.618e+03	+2.564e+03	+9.950e+03	+0.252
100.100	+8.482e+03	+3.044e+03	+1.112e+04	+0.264
100.200	+6.962e+03	+1.519e+03	+8.337e+03	+0.179
100.300	+8.471e+03	+1.259e+03	+1.016e+04	+0.129
100.400	+6.803e+03	+2.520e+03	+9.749e+03	+0.270
100.500	+6.539e+03	+1.251e+03	+1.059e+04	+0.161
100.600	+7.252e+03	+3.063e+03	+1.127e+04	+0.297
100.700	+6.971e+03	+2.564e+03	+1.074e+04	+0.269
100.800	+7.385e+03	+2.154e+03	+1.006e+04	+0.226
100.900	+6.739e+03	+2.830e+03	+1.008e+04	+0.296
101.000	+6.580e+03	+1.558e+03	+1.093e+04	+0.191
101.100	+7.832e+03	+2.525e+03	+9.874e+03	+0.244
101.200	+7.103e+03	+2.039e+03	+1.029e+04	+0.223
101.300	+8.368e+03	+3.094e+03	+1.014e+04	+0.270
101.400	+7.228e+03	+3.441e+03	+1.045e+04	+0.323
101.500	+8.429e+03	+3.390e+03	+9.814e+03	+0.287
101.600	+7.434e+03	+2.780e+03	+1.031e+04	+0.272
101.700	+6.831e+03	+1.913e+03	+9.697e+03	+0.219
101.800	+7.273e+03	+3.087e+03	+9.710e+03	+0.298
101.900	+8.483e+03	+2.655e+03	+1.085e+04	+0.238
102.000	+7.085e+03	+2.528e+03	+1.028e+04	+0.263
102.100	+7.861e+03	+3.601e+03	+1.012e+04	+0.314
102.200	+8.198e+03	+3.086e+03	+9.184e+03	+0.273
102.300	+5.470e+03	+1.847e+03	+1.047e+04	+0.252
102.400	+6.214e+03	+2.521e+03	+9.958e+03	+0.289
102.500	+7.217e+03	+2.042e+03	+1.080e+04	+0.221
102.600	+7.640e+03	+1.800e+03	+1.019e+04	+0.191
102.700	+7.758e+03	+1.572e+03	+1.012e+04	+0.168
102.800	+8.528e+03	+2.958e+03	+1.064e+04	+0.258
102.900	+8.614e+03	+2.826e+03	+1.026e+04	+0.247
103.000	+8.374e+03	+2.088e+03	+9.100e+03	+0.200
103.100	+7.511e+03	+3.681e+03	+1.068e+04	+0.329
103.200	+6.527e+03	+2.201e+03	+1.014e+04	+0.252
103.300	+6.622e+03	+2.966e+03	+9.809e+03	+0.309
103.400	+6.672e+03	+2.209e+03	+9.679e+03	+0.249
103.500	+6.695e+03	+3.020e+03	+9.634e+03	+0.311
103.600	+7.204e+03	+2.347e+03	+9.905e+03	+0.246
103.700	+7.361e+03	+2.107e+03	+9.720e+03	+0.223
103.800	+7.633e+03	+2.639e+03	+1.035e+04	+0.257
103.900	+8.729e+03	+3.124e+03	+9.710e+03	+0.264
104.000	+7.470e+03	+3.216e+03	+8.953e+03	+0.301
104.100	+7.744e+03	+3.033e+03	+8.775e+03	+0.281
104.200	+7.363e+03	+2.546e+03	+9.776e+03	+0.257
104.300	+7.203e+03	+2.951e+03	+9.208e+03	+0.291
104.400	+7.364e+03	+1.843e+03	+9.985e+03	+0.200
104.500	+8.602e+03	+2.103e+03	+1.042e+04	+0.196
104.600	+6.647e+03	+1.677e+03	+1.039e+04	+0.201
104.700	+7.289e+03	+3.394e+03	+1.058e+04	+0.318
104.800	+8.500e+03	+2.728e+03	+1.031e+04	+0.243
104.900	+8.658e+03	+2.553e+03	+9.511e+03	+0.228
105.000	+5.273e+03	+2.917e+03	+1.065e+04	+0.356
105.100	+7.595e+03	+2.748e+03	+8.288e+03	+0.266
105.200	+7.913e+03	+3.307e+03	+1.118e+04	+0.295
105.300	+6.847e+03	+3.504e+03	+1.013e+04	+0.339
105.400	+7.673e+03	+2.821e+03	+9.835e+03	+0.269
105.500	+6.560e+03	+2.277e+03	+1.115e+04	+0.258
105.600	+8.748e+03	+1.697e+03	+9.251e+03	+0.163
105.700	+8.468e+03	+2.133e+03	+9.793e+03	+0.201
105.800	+8.019e+03	+2.798e+03	+1.052e+04	+0.259
105.900	+7.249e+03	+1.859e+03	+9.788e+03	+0.204
106.000	+7.309e+03	+2.707e+03	+1.156e+04	+0.270
106.100	+8.248e+03	+1.750e+03	+1.013e+04	+0.175
106.200	+8.052e+03	+3.049e+03	+9.939e+03	+0.275
106.300	+7.432e+03	+1.579e+03	+1.030e+04	+0.175
106.400	+7.586e+03	+2.879e+03	+1.175e+04	+0.275
106.500	+7.459e+03	+1.349e+03	+1.025e+04	+0.153
106.600	+7.371e+03	+2.250e+03	+9.655e+03	+0.234
106.700	+8.073e+03	+1.839e+03	+9.437e+03	+0.186
106.800	+6.906e+03	+2.082e+03	+1.010e+04	+0.232
106.900	+7.859e+03	+1.858e+03	+8.710e+03	+0.191
107.000	+8.876e+03	+2.764e+03	+1.115e+04	+0.237
107.100	+6.913e+03	+1.371e+03	+9.560e+03	+0.166
107.200	+8.249e+03	+2.479e+03	+1.086e+04	+0.231
107.300	+8.096e+03	+2.778e+03	+9.910e+03	+0.255
107.400	+6.729e+03	+1.819e+03	+9.979e+03	+0.213
107.500	+7.565e+03	+2.780e+03	+9.069e+03	+0.269
107.600	+7.748e+03	+3.297e+03	+1.001e+04	+0.299
107.700	+8.005e+03	+1.525e+03	+1.010e+04	+0.160
107.800	+6.718e+03	+1.828e+03	+9.798e+03	+0.214
107.900	+8.123e+03	+2.454e+03	+8.845e+03	+0.232
108.000	+6.738e+03	+3.023e+03	+1.007e+04	+0.310
108.100	+6.901e+03	+2.020e+03	+1.070e+04	+0.226
108.200	+7.241e+03	+3.144e+03	+1.037e+04	+0.303
108.300	+7.486e+03	+2.437e+03	+9.378e+03	+0.246
108.400	+7.819e+03	+3.395e+03	+1.008e+04	+0.303
108.500	+7.043e+03	+2.253e+03	+9.415e+03	+0.242
108.600	+8.154e+03	+1.844e+03	+1.011e+04	+0.184
108.700	+6.408e+03	+2.040e+03	+1.025e+04	+0.241
108.800	+7.030e+03	+2.486e+03	+9.964e+03	+0.261
108.900	+7.436e+03	+2.664e+03	+9.835e+03	+0.264
109.000	+7.368e+03	+2.699e+03	+1.001e+04	+0.268
109.100	+7.984e+03	+1.984e+03	+1.088e+04	+0.199
109.200	+6.913e+03	+2.580e+03	+1.101e+04	+0.272
109.300	+6.673e+03	+3.517e+03	+9.501e+03	+0.345
109.400	+6.934e+03	+1.809e+03	+1.044e+04	+0.207
109.500	+7.801e+03	+1.608e+03	+9.818e+03	+0.171
109.600	+7.558e+03	+2.975e+03	+1.002e+04	+0.282
109.700	+6.775e+03	+3.690e+03	+9.435e+03	+0.353
109.800	+8.180e+03	+2.639e+03	+9.830e+03	+0.244
109.900	+6.973e+03	+2.428e+03	+8.651e+03	+0.258
110.000	+7.240e+03	+1.674e+03	+1.137e+04	+0.188
110.100	+8.220e+03	+2.516e+03	+1.160e+04	+0.234
110.200	+8.432e+03	+2.492e+03	+1.202e+04	+0.228
110.300	+7.729e+03	+3.084e+03	+1.016e+04	+0.285
110.400	+7.259e+03	+2.534e+03	+9.670e+03	+0.259
110.500	+6.541e+03	+1.531e+03	+9.499e+03	+0.190
110.600	+8.373e+03	+2.368e+03	+9.301e+03	+0.220
110.700	+7.091e+03	+2.158e+03	+9.224e+03	+0.233
110.800	+6.956e+03	+1.861e+03	+1.039e+04	+0.211
110.900	+7.226e+03	+3.676e+03	+1.044e+04	+0.337
111.000	+6.917e+03	+2.854e+03	+1.040e+04	+0.292
111.100	+7.523e+03	+2.026e+03	+9.599e+03	+0.212
111.200	+7.907e+03	+3.599e+03	+1.038e+04	+0.313
111.300	+6.917e+03	+2.346e+03	+1.019e+04	+0.253
111.400	+8.550e+03	+2.182e+03	+9.716e+03	+0.203
111.500	+8.909e+03	+3.367e+03	+1.114e+04	+0.274
111.600	+8.155e+03	+2.435e+03	+9.175e+03	+0.230
111.700	+9.216e+03	+1.378e+03	+1.036e+04	+0.130
111.800	+8.305e+03	+3.449e+03	+1.044e+04	+0.293
111.900	+7.213e+03	+1.918e+03	+9.622e+03	+0.210
112.000	+8.209e+03	+2.848e+03	+9.847e+03	+0.258
112.100	+6.454e+03	+2.280e+03	+9.558e+03	+0.261
112.200	+7.612e+03	+3.008e+03	+8.981e+03	+0.283
112.300	+7.434e+03	+2.148e+03	+9.840e+03	+0.224
112.400	+7.380e+03	+1.983e+03	+1.012e+04	+0.212
112.500	+6.810e+03	+1.703e+03	+1.142e+04	+0.200
112.600	+7.455e+03	+1.184e+03	+9.861e+03	+0.137
112.700	+6.179e+03	+1.872e+03	+9.157e+03	+0.233
112.800	+7.548e+03	+1.095e+03	+1.087e+04	+0.127
112.900	+7.658e+03	+2.659e+03	+9.824e+03	+0.258
113.000	+7.849e+03	+1.890e+03	+9.576e+03	+0.194
113.100	+6.910e+03	+3.995e+03	+1.013e+04	+0.366
113.200	+7.157e+03	+2.854e+03	+9.667e+03	+0.285
113.300	+8.926e+03	+1.381e+03	+1.021e+04	+0.134
113.400	+7.889e+03	+3.344e+03	+9.898e+03	+0.298
113.500	+8.123e+03	+1.693e+03	+1.077e+04	+0.172
113.600	+8.260e+03	+2.978e+03	+9.455e+03	+0.265
113.700	+7.752e+03	+2.335e+03	+1.002e+04	+0.232
113.800	+7.883e+03	+1.722e+03	+9.829e+03	+0.179
113.900	+6.899e+03	+3.747e+03	+1.001e+04	+0.352
114.000	+7.831e+03	+3.044e+03	+1.033e+04	+0.280
114.100	+7.820e+03	+2.377e+03	+1.064e+04	+0.233
114.200	+8.718e+03	+2.949e+03	+1.049e+04	+0.253
114.300	+8.249e+03	+3.716e+02	+1.030e+04	+0.043
114.400	+8.138e+03	+3.090e+03	+9.303e+03	+0.275
114.500	+7.082e+03	+3.067e+03	+9.619e+03	+0.302
114.600	+7.313e+03	+3.965e+03	+9.855e+03	+0.352
114.700	+7.087e+03	+1.169e+03	+9.460e+03	+0.142
114.800	+9.826e+03	+2.688e+03	+9.465e+03	+0.215
114.900	+8.165e+03	+3.155e+03	+1.001e+04	+0.279
115.000	+7.384e+03	+2.233e+03	+9.802e+03	+0.232
115.100	+7.199e+03	+3.101e+03	+9.520e+03	+0.301
115.200	+7.136e+03	+2.767e+03	+9.637e+03	+0.279
115.300	+8.464e+03	+3.497e+03	+1.067e+04	+0.292
115.400	+7.896e+03	+2.462e+03	+9.182e+03	+0.238
115.500	+6.797e+03	+1.749e+03	+9.693e+03	+0.205
115.600	+6.670e+03	+1.845e+03	+9.160e+03	+0.217
115.700	+8.202e+03	+2.029e+03	+1.069e+04	+0.198
115.800	+5.490e+03	+3.117e+03	+1.072e+04	+0.362
115.900	+7.305e+03	+2.396e+03	+1.042e+04	+0.247
116.000	+8.108e+03	+2.671e+02	+1.022e+04	+0.032
116.100	+5.744e+03	+2.522e+03	+9.730e+03	+0.305
116.200	+7.705e+03	+2.263e+03	+9.766e+03	+0.227
116.300	+6.803e+03	+2.941e+03	+1.137e+04	+0.302
116.400	+7.959e+03	+2.279e+03	+1.038e+04	+0.223
116.500	+8.004e+03	+2.707e+03	+9.680e+03	+0.253
116.600	+7.772e+03	+3.101e+03	+9.491e+03	+0.285
116.700	+6.469e+03	+1.519e+03	+9.971e+03	+0.190
116.800	+8.434e+03	+2.033e+03	+9.608e+03	+0.194
116.900	+7.277e+03	+1.674e+03	+9.804e+03	+0.187
117.000	+7.304e+03	+3.023e+03	+1.121e+04	+0.293
117.100	+7.293e+03	+2.477e+03	+1.012e+04	+0.254
117.200	+8.216e+03	+3.926e+03	+8.996e+03	+0.323
117.300	+8.332e+03	+3.138e+03	+9.946e+03	+0.274
117.400	+7.666e+03	+2.149e+03	+1.069e+04	+0.219
117.500	+7.101e+03	+5.140e+02	+1.055e+04	+0.067
117.600	+7.479e+03	+3.334e+03	+9.681e+03	+0.308
117.700	+8.610e+03	+3.843e+03	+1.030e+04	+0.309
117.800	+5.931e+03	+1.560e+03	+8.929e+03	+0.208
117.900	+7.305e+03	+2.363e+03	+9.786e+03	+0.244
118.000	+7.147e+03	+2.622e+03	+9.929e+03	+0.268
118.100	+6.431e+03	+2.088e+03	+9.522e+03	+0.245
118.200	+7.640e+03	+1.927e+03	+1.002e+04	+0.201
118.300	+7.822e+03	+2.196e+03	+9.154e+03	+0.219
118.400	+8.318e+03	+1.539e+03	+1.074e+04	+0.156
118.500	+6.646e+03	+3.261e+03	+9.657e+03	+0.329
118.600	+6.448e+03	+1.190e+03	+9.737e+03	+0.156
118.700	+7.406e+03	+2.920e+03	+9.380e+03	+0.283
118.800	+7.379e+03	+2.117e+03	+1.045e+04	+0.223
118.900	+7.617e+03	+1.878e+03	+9.199e+03	+0.198
119.000	+7.769e+03	+1.878e+03	+9.659e+03	+0.195
119.100	+7.236e+03	+2.537e+03	+9.344e+03	+0.260
119.200	+7.136e+03	+1.147e+03	+1.054e+04	+0.138
119.300	+7.478e+03	+1.669e+03	+1.069e+04	+0.182
119.400	+7.509e+03	+2.703e+03	+1.054e+04	+0.265
119.500	+6.663e+03	+3.708e+03	+9.710e+03	+0.358
119.600	+8.155e+03	+1.847e+03	+1.102e+04	+0.185
119.700	+6.569e+03	+1.640e+03	+9.345e+03	+0.200
119.800	+7.856e+03	+2.502e+03	+9.162e+03	+0.242
119.900	+8.087e+03	+1.573e+03	+1.124e+04	+0.163
120.000	+7.495e+03	+3.108e+03	+1.008e+04	+0.293
120.100	+8.518e+03	+2.477e+03	+9.597e+03	+0.225
120.200	+7.730e+03	+2.674e+03	+1.031e+04	+0.257
120.300	+8.100e+03	+1.746e+03	+9.409e+03	+0.177
120.400	+7.457e+03	+3.730e+03	+9.748e+03	+0.333
120.500	+7.634e+03	+4.866e+02	+1.092e+04	+0.060
120.600	+8.527e+03	+2.416e+03	+9.345e+03	+0.221
120.700	+7.978e+03	+2.853e+03	+9.822e+03	+0.263
120.800	+8.744e+03	+2.347e+03	+1.025e+04	+0.212
120.900	+7.646e+03	+3.324e+03	+1.136e+04	+0.303
121.000	+8.305e+03	+2.565e+03	+9.666e+03	+0.236
121.100	+6.603e+03	+2.684e+03	+1.051e+04	+0.289
121.200	+6.947e+03	+2.672e+03	+9.712e+03	+0.278
121.300	+7.367e+03	+1.993e+03	+9.888e+03	+0.213
121.400	+7.354e+03	+2.188e+03	+9.554e+03	+0.229
121.500	+7.280e+03	+3.474e+03	+9.341e+03	+0.323
121.600	+7.015e+03	+3.964e+03	+9.961e+03	+0.361
121.700	+7.535e+03	+2.787e+03	+9.861e+03	+0.270
121.800	+7.388e+03	+2.995e+03	+1.044e+04	+0.288
121.900	+6.836e+03	+2.383e+03	+9.111e+03	+0.258
122.000	+7.555e+03	+2.644e+03	+9.792e+03	+0.259
122.100	+7.260e+03	+1.632e+03	+9.981e+03	+0.184
122.200	+7.366e+03	+2.301e+03	+9.664e+03	+0.238
122.300	+8.937e+03	+2.019e+03	+1.069e+04	+0.184
122.400	+8.498e+03	+1.805e+03	+1.068e+04	+0.175
122.500	+7.617e+03	+2.278e+03	+9.926e+03	+0.230
122.600	+8.453e+03	+2.809e+03	+1.047e+04	+0.249
122.700	+7.597e+03	+2.649e+03	+9.975e+03	+0.259
122.800	+6.653e+03	+2.175e+03	+1.003e+04	+0.246
122.900	+8.838e+03	+2.791e+03	+1.089e+04	+0.240
123.000	+6.786e+03	+3.236e+03	+9.338e+03	+0.323
123.100	+7.435e+03	+1.946e+03	+1.015e+04	+0.207
123.200	+7.212e+03	+2.396e+03	+9.370e+03	+0.249
123.300	+7.050e+03	+2.325e+03	+1.069e+04	+0.248
123.400	+7.792e+03	+2.590e+03	+9.070e+03	+0.249
123.500	+8.017e+03	+3.160e+03	+1.049e+04	+0.283
123.600	+6.659e+03	+1.976e+03	+1.017e+04	+0.229
123.700	+6.866e+03	+3.093e+03	+9.482e+03	+0.311
123.800	+6.815e+03	+2.713e+03	+9.557e+03	+0.285
123.900	+7.735e+03	+2.643e+03	+8.533e+03	+0.255
124.000	+5.838e+03	+4.023e+03	+9.178e+03	+0.408
124.100	+6.095e+03	+2.466e+03	+8.851e+03	+0.288
124.200	+6.424e+03	+1.593e+03	+9.494e+03	+0.199
124.300	+7.109e+03	+3.160e+03	+1.050e+04	+0.308
124.400	+7.633e+03	+2.088e+03	+9.071e+03	+0.215
124.500	+8.484e+03	+2.014e+03	+8.913e+03	+0.192
124.600	+7.329e+03	+2.294e+03	+9.900e+03	+0.238
124.700	+7.141e+03	+1.751e+03	+1.093e+04	+0.197
124.800	+7.143e+03	+2.613e+03	+1.065e+04	+0.268
124.900	+5.828e+03	+2.083e+03	+8.778e+03	+0.263
125.000	+7.498e+03	+2.784e+03	+1.208e+04	+0.271
125.100	+7.398e+03	+2.030e+03	+1.095e+04	+0.215
125.200	+7.039e+03	+2.134e+03	+1.043e+04	+0.233
125.300	+8.218e+03	+3.371e+03	+8.659e+03	+0.291
125.400	+7.133e+03	+2.689e+03	+9.474e+03	+0.274
125.500	+7.409e+03	+3.889e+03	+9.778e+03	+0.344
125.600	+6.787e+03	+2.798e+03	+1.085e+04	+0.292
125.700	+7.809e+03	+1.593e+03	+1.004e+04	+0.169
125.800	+7.665e+03	+3.022e+03	+9.754e+03	+0.283
125.900	+6.920e+03	+3.631e+03	+1.059e+04	+0.344
126.000	+8.088e+03	+2.865e+03	+1.005e+04	+0.262
126.100	+7.922e+03	+1.741e+03	+9.784e+03	+0.180
126.200	+7.224e+03	+2.339e+03	+1.009e+04	+0.245
126.300	+7.285e+03	+1.993e+03	+9.972e+03	+0.215
126.400	+7.624e+03	+3.526e+03	+9.575e+03	+0.316
126.500	+7.517e+03	+1.363e+03	+1.002e+04	+0.153
126.600	+7.922e+03	+3.124e+03	+1.011e+04	+0.283
126.700	+6.699e+03	+2.501e+03	+9.496e+03	+0.272
126.800	+7.826e+03	+2.731e+03	+9.399e+03	+0.259
126.900	+7.301e+03	+2.102e+03	+1.095e+04	+0.224
127.000	+7.640e+03	+2.355e+03	+9.507e+03	+0.236
127.100	+7.081e+03	+2.585e+03	+9.892e+03	+0.267
127.200	+7.912e+03	+3.481e+03	+9.105e+03	+0.306
127.300	+8.482e+03	+2.266e+03	+1.109e+04	+0.211
127.400	+7.689e+03	+3.395e+03	+9.705e+03	+0.306
127.500	+8.158e+03	+2.609e+03	+9.928e+03	+0.242
127.600	+6.593e+03	+2.145e+03	+1.110e+04	+0.246
127.700	+6.434e+03	+3.177e+03	+9.642e+03	+0.331
127.800	+7.361e+03	+1.816e+03	+9.355e+03	+0.198
127.900	+8.001e+03	+2.077e+03	+9.918e+03	+0.206
128.000	+6.972e+03	+3.028e+03	+1.006e+04	+0.303
128.100	+8.395e+03	+3.207e+03	+9.513e+03	+0.276
128.200	+6.843e+03	+2.798e+03	+8.302e+03	+0.290
128.300	+7.953e+03	+1.055e+03	+1.039e+04	+0.117
128.400	+7.635e+03	+2.713e+03	+1.015e+04	+0.262
128.500	+7.684e+03	+2.418e+03	+1.156e+04	+0.239
128.600	+7.093e+03	+2.620e+03	+1.017e+04	+0.270
128.700	+8.843e+03	+1.709e+03	+9.750e+03	+0.162
128.800	+7.863e+03	+1.305e+03	+1.019e+04	+0.142
128.900	+8.542e+03	+2.938e+03	+9.606e+03	+0.256
129.000	+8.285e+03	+3.280e+03	+1.060e+04	+0.284
129.100	+6.926e+03	+2.588e+03	+1.071e+04	+0.272
129.200	+7.473e+03	+3.366e+03	+9.793e+03	+0.311
129.300	+7.672e+03	+3.605e+03	+1.019e+04	+0.320
129.400	+7.076e+03	+1.907e+03	+1.039e+04	+0.212
129.500	+6.245e+03	+1.836e+03	+9.728e+03	+0.227
129.600	+6.967e+03	+2.455e+03	+9.396e+03	+0.261
129.700	+6.945e+03	+3.050e+03	+1.042e+04	+0.305
129.800	+7.445e+03	+1.755e+03	+1.023e+04	+0.191
129.900	+7.559e+03	+1.032e+03	+1.023e+04	+0.120
130.000	+7.703e+03	+2.115e+03	+1.079e+04	+0.215
130.100	+6.450e+03	+3.365e+03	+9.120e+03	+0.343
130.200	+8.152e+03	+1.242e+03	+1.102e+04	+0.132
130.300	+6.834e+03	+3.623e+03	+9.961e+03	+0.346
130.400	+8.499e+03	+2.308e+03	+9.706e+03	+0.214
130.500	+7.235e+03	+3.310e+03	+9.749e+03	+0.314
130.600	+6.993e+03	+1.603e+03	+1.007e+04	+0.187
130.700	+7.034e+03	+2.402e+03	+9.973e+03	+0.255
130.800	+6.372e+03	+3.260e+03	+9.856e+03	+0.338
130.900	+7.118e+03	+2.398e+03	+1.008e+04	+0.252
131.000	+6.752e+03	+2.602e+03	+1.080e+04	+0.278
131.100	+7.368e+03	+2.052e+03	+9.775e+03	+0.218
131.200	+5.855e+03	+3.633e+03	+1.094e+04	+0.383
131.300	+7.086e+03	+3.242e+03	+8.957e+03	+0.314
131.400	+6.968e+03	+3.562e+03	+9.720e+03	+0.338
131.500	+5.885e+03	+2.194e+03	+1.021e+04	+0.272
131.600	+7.114e+03	+3.417e+03	+9.226e+03	+0.324
131.700	+7.788e+03	+3.156e+03	+1.018e+04	+0.288
131.800	+7.899e+03	+2.844e+03	+1.034e+04	+0.265
131.900	+7.435e+03	+3.123e+03	+9.749e+03	+0.296
132.000	+8.445e+03	+3.372e+03	+1.002e+04	+0.285
132.100	+7.916e+03	+2.965e+03	+1.064e+04	+0.273
132.200	+7.984e+03	+2.609e+03	+9.303e+03	+0.246
132.300	+7.789e+03	+1.660e+03	+9.559e+03	+0.176
132.400	+7.938e+03	+9.341e+02	+1.068e+04	+0.105
132.500	+7.189e+03	+2.815e+03	+1.088e+04	+0.281
132.600	+7.644e+03	+2.618e+03	+9.511e+03	+0.255
132.700	+7.014e+03	+2.577e+03	+8.497e+03	+0.269
132.800	+7.343e+03	+2.366e+03	+9.361e+03	+0.244
132.900	+8.191e+03	+2.076e+03	+9.755e+03	+0.202
133.000	+7.601e+03	+3.303e+03	+8.796e+03	+0.303
133.100	+8.591e+03	+2.678e+03	+9.075e+03	+0.238
133.200	+6.538e+03	+2.500e+03	+9.514e+03	+0.277
133.300	+6.854e+03	+2.947e+03	+9.191e+03	+0.301
133.400	+7.640e+03	+2.957e+03	+1.023e+04	+0.279
133.500	+6.842e+03	+2.302e+03	+9.395e+03	+0.252
133.600	+7.296e+03	+2.388e+03	+9.917e+03	+0.247
133.700	+8.929e+03	+1.953e+03	+1.130e+04	+0.179
133.800	+7.910e+03	+3.038e+03	+9.928e+03	+0.277
133.900	+6.587e+03	+2.170e+03	+9.122e+03	+0.248
134.000	+7.342e+03	+2.830e+03	+8.743e+03	+0.278
134.100	+5.842e+03	+4.301e+03	+1.104e+04	+0.424
134.200	+6.850e+03	+2.571e+03	+8.547e+03	+0.273
134.300	+7.463e+03	+4.351e+03	+9.751e+03	+0.368
134.400	+8.247e+03	+2.831e+03	+8.530e+03	+0.256
134.500	+9.691e+03	+2.287e+03	+1.085e+04	+0.191
134.600	+7.683e+03	+1.159e+03	+1.056e+04	+0.131
134.700	+7.478e+03	+2.728e+03	+9.073e+03	+0.267
134.800	+7.591e+03	+2.582e+03	+9.746e+03	+0.254
134.900	+7.004e+03	+3.481e+03	+1.044e+04	+0.332
135.000	+7.368e+03	+1.961e+03	+9.765e+03	+0.210
135.100	+7.820e+03	+2.362e+03	+1.101e+04	+0.232
135.200	+7.447e+03	+3.522e+03	+1.026e+04	+0.321
135.300	+7.675e+03	+2.674e+03	+1.044e+04	+0.258
135.400	+7.323e+03	+2.183e+03	+8.212e+03	+0.230
135.500	+8.058e+03	+2.499e+03	+1.035e+04	+0.237
135.600	+8.158e+03	+2.888e+03	+9.372e+03	+0.261
135.700	+7.724e+03	+2.581e+03	+8.928e+03	+0.250
135.800	+7.048e+03	+2.942e+03	+9.994e+03	+0.295
135.900	+8.749e+03	+1.267e+03	+9.567e+03	+0.126
136.000	+7.597e+03	+3.045e+03	+1.129e+04	+0.286
136.100	+7.032e+03	+3.684e+03	+1.055e+04	+0.344
136.200	+8.690e+03	+1.693e+03	+1.058e+04	+0.163
136.300	+6.950e+03	+2.982e+03	+9.581e+03	+0.300
136.400	+6.721e+03	+3.811e+03	+1.027e+04	+0.362
136.500	+6.462e+03	+3.533e+03	+1.045e+04	+0.353
136.600	+6.691e+03	+2.510e+03	+1.062e+04	+0.273
136.700	+7.524e+03	+2.012e+03	+1.082e+04	+0.211
136.800	+6.926e+03	+3.020e+03	+9.801e+03	+0.304
136.900	+7.010e+03	+3.653e+03	+9.161e+03	+0.343
137.000	+8.055e+03	+3.486e+03	+9.766e+03	+0.302
137.100	+7.333e+03	+1.836e+03	+9.512e+03	+0.200
137.200	+7.330e+03	+2.549e+03	+8.704e+03	+0.258
137.300	+7.301e+03	+1.680e+03	+9.318e+03	+0.187
137.400	+6.359e+03	+1.833e+03	+1.043e+04	+0.224
137.500	+7.853e+03	+1.988e+03	+1.087e+04	+0.202
137.600	+7.271e+03	+3.557e+03	+9.752e+03	+0.329
137.700	+6.766e+03	+2.482e+03	+1.045e+04	+0.268
137.800	+7.842e+03	+2.003e+03	+1.068e+04	+0.203
137.900	+6.939e+03	+2.455e+03	+1.006e+04	+0.261
138.000	+6.967e+03	+2.803e+03	+1.049e+04	+0.287
138.100	+7.329e+03	+1.785e+03	+1.024e+04	+0.196
138.200	+8.130e+03	+2.076e+03	+9.547e+03	+0.203
138.300	+7.574e+03	+2.395e+03	+1.001e+04	+0.240
138.400	+7.066e+03	+3.945e+03	+1.088e+04	+0.358
138.500	+7.807e+03	+3.123e+03	+1.081e+04	+0.286
138.600	+6.372e+03	+3.258e+03	+1.096e+04	+0.338
138.700	+8.474e+03	+2.791e+03	+9.455e+03	+0.248
138.800	+7.959e+03	+3.069e+03	+1.024e+04	+0.278
138.900	+7.218e+03	+2.327e+03	+9.172e+03	+0.244
139.000	+7.449e+03	+2.898e+03	+1.060e+04	+0.280
139.100	+8.603e+03	+3.094e+03	+8.892e+03	+0.265
139.200	+7.202e+03	+3.918e+03	+1.046e+04	+0.352
139.300	+6.317e+03	+2.340e+03	+7.890e+03	+0.270
139.400	+7.962e+03	+2.211e+03	+9.980e+03	+0.217
139.500	+6.747e+03	+2.465e+03	+9.441e+03	+0.268
139.600	+7.205e+03	+2.051e+03	+1.075e+04	+0.222
139.700	+6.994e+03	+3.155e+03	+9.680e+03	+0.311
139.800	+9.098e+03	+3.949e+03	+1.141e+04	+0.303
139.900	+6.815e+03	+2.962e+03	+1.030e+04	+0.303
140.000	+8.431e+03	+3.664e+03	+1.017e+04	+0.303
140.100	+8.190e+03	+2.890e+03	+8.605e+03	+0.261
140.200	+6.779e+03	+2.593e+03	+1.027e+04	+0.277
140.300	+7.229e+03	+3.494e+03	+9.523e+03	+0.326
140.400	+7.639e+03	+1.802e+03	+8.201e+03	+0.191
140.500	+8.608e+03	+2.631e+03	+9.558e+03	+0.234
140.600	+7.255e+03	+3.702e+03	+9.187e+03	+0.338
140.700	+7.250e+03	+1.895e+03	+8.156e+03	+0.207
140.800	+8.702e+03	+2.358e+03	+1.060e+04	+0.213
140.900	+8.157e+03	+2.057e+03	+1.046e+04	+0.201
141.000	+6.025e+03	+3.102e+03	+1.004e+04	+0.340
141.100	+7.510e+03	+3.710e+03	+9.623e+03	+0.331
141.200	+7.585e+03	+3.152e+03	+9.847e+03	+0.294
141.300	+7.314e+03	+1.875e+03	+1.087e+04	+0.204
141.400	+8.522e+03	+1.273e+03	+1.020e+04	+0.130
141.500	+6.962e+03	+2.789e+03	+9.185e+03	+0.286
141.600	+7.506e+03	+3.288e+03	+9.986e+03	+0.305
141.700	+8.257e+03	+3.165e+03	+9.447e+03	+0.277
141.800	+7.037e+03	+1.630e+03	+9.361e+03	+0.188
141.900	+6.906e+03	+3.144e+03	+1.169e+04	+0.313
142.000	+7.848e+03	+3.341e+03	+9.898e+03	+0.299
142.100	+6.529e+03	+2.258e+03	+1.043e+04	+0.257
142.200	+6.563e+03	+2.663e+03	+9.782e+03	+0.289
142.300	+8.674e+03	+3.084e+03	+9.728e+03	+0.262
142.400	+7.945e+03	+2.315e+03	+1.101e+04	+0.226
142.500	+6.737e+03	+3.846e+03	+1.063e+04	+0.363
142.600	+7.040e+03	+3.448e+03	+1.133e+04	+0.329
142.700	+7.083e+03	+2.241e+03	+1.027e+04	+0.240
142.800	+6.795e+03	+3.303e+03	+1.037e+04	+0.327
142.900	+8.040e+03	+2.816e+03	+1.017e+04	+0.259
143.000	+8.973e+03	+1.500e+03	+1.050e+04	+0.143
143.100	+6.595e+03	+2.807e+03	+1.031e+04	+0.299
143.200	+6.932e+03	+2.993e+03	+9.804e+03	+0.302
143.300	+8.641e+03	+2.292e+03	+1.007e+04	+0.210
143.400	+9.081e+03	+1.990e+03	+8.926e+03	+0.180
143.500	+8.028e+03	+2.996e+03	+9.051e+03	+0.272
143.600	+7.502e+03	+2.578e+03	+1.020e+04	+0.256
143.700	+6.855e+03	+1.887e+03	+9.706e+03	+0.216
143.800	+7.956e+03	+3.075e+03	+9.672e+03	+0.279
143.900	+7.839e+03	+3.345e+03	+9.256e+03	+0.299
144.000	+8.534e+03	+2.325e+03	+1.037e+04	+0.214
144.100	+7.974e+03	+2.298e+03	+1.063e+04	+0.224
144.200	+8.200e+03	+3.582e+03	+1.115e+04	+0.304
144.300	+8.138e+03	+3.450e+03	+1.104e+04	+0.298
144.400	+6.960e+03	+3.000e+03	+9.929e+03	+0.301
144.500	+6.395e+03	+2.800e+03	+1.024e+04	+0.305
144.600	+5.934e+03	+3.028e+03	+9.742e+03	+0.338
144.700	+7.835e+03	+1.581e+03	+1.015e+04	+0.168
144.800	+8.293e+03	+3.097e+03	+1.025e+04	+0.272
144.900	+7.839e+03	+1.378e+03	+1.016e+04	+0.149
145.000	+6.771e+03	+2.367e+03	+8.528e+03	+0.259
145.100	+7.451e+03	+3.145e+03	+1.015e+04	+0.297
145.200	+8.553e+03	+1.425e+03	+9.704e+03	+0.143
145.300	+7.170e+03	+3.064e+03	+9.031e+03	+0.299
145.400	+6.592e+03	+2.095e+03	+9.013e+03	+0.241
145.500	+5.942e+03	+3.627e+03	+1.012e+04	+0.379
145.600	+6.989e+03	+3.223e+03	+1.026e+04	+0.316
145.700	+8.241e+03	+2.511e+03	+9.275e+03	+0.234
145.800	+6.619e+03	+3.172e+03	+9.351e+03	+0.324
145.900	+7.501e+03	+2.069e+03	+9.547e+03	+0.216
146.000	+6.906e+03	+2.281e+03	+1.031e+04	+0.248
146.100	+5.854e+03	+2.172e+03	+1.097e+04	+0.271
146.200	+7.957e+03	+1.892e+03	+1.006e+04	+0.192
146.300	+7.649e+03	+2.143e+03	+9.633e+03	+0.219
146.400	+7.462e+03	+1.717e+03	+9.427e+03	+0.187
146.500	+8.204e+03	+2.615e+03	+9.714e+03	+0.242
146.600	+8.357e+03	+3.382e+03	+9.196e+03	+0.288
146.700	+8.046e+03	+2.377e+03	+1.109e+04	+0.228
146.800	+7.281e+03	+1.841e+03	+9.945e+03	+0.202
146.900	+7.241e+03	+8.556e+02	+1.055e+04	+0.106
147.000	+7.112e+03	+3.658e+03	+1.023e+04	+0.340
147.100	+6.815e+03	+2.271e+03	+1.087e+04	+0.250
147.200	+7.460e+03	+2.417e+03	+1.022e+04	+0.245
147.300	+7.007e+03	+1.963e+03	+9.298e+03	+0.219
147.400	+7.218e+03	+3.083e+03	+9.993e+03	+0.299
147.500	+7.484e+03	+1.504e+03	+1.005e+04	+0.167
147.600	+6.860e+03	+2.254e+03	+8.381e+03	+0.247
147.700	+8.032e+03	+2.647e+03	+1.004e+04	+0.248
147.800	+7.019e+03	+2.011e+03	+1.062e+04	+0.223
147.900	+6.236e+03	+2.833e+03	+1.064e+04	+0.312
148.000	+9.288e+03	+2.220e+03	+9.793e+03	+0.193
148.100	+7.346e+03	+1.819e+03	+1.041e+04	+0.198
148.200	+7.459e+03	+2.206e+03	+9.716e+03	+0.228
148.300	+6.647e+03	+1.826e+03	+1.020e+04	+0.216
148.400	+7.295e+03	+2.435e+03	+1.054e+04	+0.250
148.500	+7.080e+03	+2.883e+03	+9.841e+03	+0.289
148.600	+6.823e+03	+2.632e+03	+9.488e+03	+0.278
148.700	+7.221e+03	+3.031e+03	+1.087e+04	+0.296
148.800	+7.714e+03	+2.098e+03	+8.722e+03	+0.214
148.900	+6.695e+03	+2.284e+03	+1.058e+04	+0.254
149.000	+6.598e+03	+3.147e+03	+9.183e+03	+0.323
149.100	+5.919e+03	+2.546e+03	+9.247e+03	+0.301
149.200	+8.444e+03	+3.673e+03	+1.091e+04	+0.303
149.300	+8.157e+03	+2.483e+03	+9.690e+03	+0.233
149.400	+7.093e+03	+3.278e+03	+9.738e+03	+0.316
149.500	+7.667e+03	+2.702e+03	+1.007e+04	+0.261
149.600	+6.750e+03	+3.083e+03	+1.074e+04	+0.314
149.700	+7.491e+03	+1.961e+03	+1.015e+04	+0.208
149.800	+6.287e+03	+3.976e+03	+9.716e+03	+0.387
149.900	+7.310e+03	+1.405e+03	+8.801e+03	+0.161
150.000	+7.070e+03	+2.801e+03	+1.011e+04	+0.284
150.100	+7.907e+03	+1.863e+03	+1.067e+04	+0.191
150.200	+6.672e+03	+2.678e+03	+1.001e+04	+0.286
150.300	+7.446e+03	+1.949e+03	+1.074e+04	+0.207
150.400	+7.114e+03	+3.523e+03	+9.931e+03	+0.331
150.500	+7.519e+03	+2.588e+03	+9.832e+03	+0.256
150.600	+7.955e+03	+2.509e+03	+9.086e+03	+0.240
150.700	+6.790e+03	+1.394e+03	+9.066e+03	+0.170
150.800	+8.163e+03	+1.702e+03	+8.733e+03	+0.173
150.900	+5.806e+03	+2.542e+03	+1.082e+04	+0.305
151.000	+7.303e+03	+1.465e+03	+1.047e+04	+0.167
151.100	+7.236e+03	+2.213e+03	+9.934e+03	+0.234
151.200	+7.849e+03	+2.559e+03	+1.075e+04	+0.246
151.300	+7.098e+03	+3.083e+03	+9.022e+03	+0.303
151.400	+7.809e+03	+1.423e+03	+9.826e+03	+0.154
151.500	+6.502e+03	+2.122e+03	+1.015e+04	+0.246
151.600	+7.463e+03	+2.315e+03	+9.053e+03	+0.237
151.700	+7.593e+03	+1.242e+03	+1.087e+04	+0.141
151.800	+7.887e+03	+1.754e+03	+1.035e+04	+0.182
151.900	+7.275e+03	+3.377e+03	+9.868e+03	+0.317
152.000	+7.118e+03	+4.028e+03	+9.727e+03	+0.361
152.100	+8.332e+03	+2.037e+03	+1.011e+04	+0.196
152.200	+7.297e+03	+2.030e+03	+9.849e+03	+0.218
152.300	+7.712e+03	+2.627e+03	+1.027e+04	+0.254
152.400	+7.100e+03	+2.415e+03	+1.002e+04	+0.254
152.500	+7.591e+03	+2.319e+03	+1.028e+04	+0.234
152.600	+7.511e+03	+2.240e+03	+1.120e+04	+0.230
152.700	+6.528e+03	+2.376e+03	+1.024e+04	+0.267
152.800	+7.116e+03	+3.296e+03	+1.142e+04	+0.317
152.900	+7.513e+03	+2.814e+03	+1.036e+04	+0.272
153.000	+7.607e+03	+2.710e+03	+9.415e+03	+0.263
153.100	+6.772e+03	+2.316e+03	+9.747e+03	+0.255
153.200	+6.796e+03	+2.696e+03	+1.025e+04	+0.284
153.300	+7.517e+03	+1.795e+03	+1.215e+04	+0.193
153.400	+7.790e+03	+1.978e+03	+1.049e+04	+0.203
153.500	+6.104e+03	+2.741e+03	+9.905e+03	+0.310
153.600	+7.346e+03	+3.711e+03	+9.485e+03	+0.336
153.700	+6.437e+03	+6.931e+02	+9.403e+03	+0.097
153.800	+7.035e+03	+2.543e+03	+1.015e+04	+0.266
153.900	+6.992e+03	+1.903e+03	+9.587e+03	+0.214
154.000	+7.679e+03	+1.686e+03	+9.164e+03	+0.180
154.100	+7.597e+03	+3.383e+03	+9.964e+03	+0.308
154.200	+7.941e+03	+3.183e+03	+9.319e+03	+0.286
154.300	+9.508e+03	+1.892e+03	+9.111e+03	+0.166
154.400	+6.870e+03	+1.998e+03	+1.021e+04	+0.225
154.500	+7.818e+03	+2.473e+03	+1.089e+04	+0.240
154.600	+7.715e+03	+1.924e+03	+1.033e+04	+0.200
154.700	+7.767e+03	+2.343e+03	+9.768e+03	+0.232
154.800	+8.382e+03	+2.989e+03	+9.948e+03	+0.263
154.900	+7.386e+03	+1.977e+03	+9.653e+03	+0.211
155.000	+7.742e+03	+3.380e+03	+9.892e+03	+0.304
155.100	+6.464e+03	+2.067e+03	+9.891e+03	+0.242
155.200	+6.589e+03	+2.549e+03	+9.722e+03	+0.279
155.300	+9.121e+03	+1.716e+03	+1.085e+04	+0.158
155.400	+7.552e+03	+2.947e+03	+9.410e+03	+0.281
155.500	+8.474e+03	+2.945e+03	+1.047e+04	+0.258
155.600	+6.515e+03	+2.904e+03	+1.104e+04	+0.308
155.700	+8.161e+03	+2.543e+03	+1.098e+04	+0.238
155.800	+7.727e+03	+3.320e+03	+1.003e+04	+0.301
155.900	+8.138e+03	+2.294e+03	+8.885e+03	+0.220
156.000	+6.445e+03	+4.628e+03	+1.099e+04	+0.418
156.100	+8.532e+03	+3.151e+03	+9.137e+03	+0.270
156.200	+7.006e+03	+3.825e+03	+1.137e+04	+0.353
156.300	+7.047e+03	+2.527e+03	+9.727e+03	+0.264
156.400	+9.179e+03	+2.659e+03	+9.694e+03	+0.225
156.500	+8.196e+03	+2.498e+03	+1.080e+04	+0.234
156.600	+8.471e+03	+2.428e+03	+1.000e+04	+0.223
156.700	+7.804e+03	+1.847e+03	+1.032e+04	+0.191
156.800	+8.173e+03	+1.989e+03	+8.823e+03	+0.196
156.900	+8.262e+03	+2.032e+03	+9.149e+03	+0.197
157.000	+7.756e+03	+2.769e+03	+1.104e+04	+0.263
157.100	+7.216e+03	+2.966e+03	+1.035e+04	+0.291
157.200	+7.310e+03	+2.675e+03	+8.257e+03	+0.268
157.300	+7.323e+03	+3.242e+03	+1.016e+04	+0.307
157.400	+8.530e+03	+3.569e+03	+8.972e+03	+0.295
157.500	+7.464e+03	+2.538e+03	+1.103e+04	+0.254
157.600	+6.682e+03	+3.250e+03	+9.465e+03	+0.327
157.700	+6.715e+03	+3.158e+03	+1.082e+04	+0.320
157.800	+6.858e+03	+1.415e+03	+1.067e+04	+0.171
157.900	+8.050e+03	+3.646e+03	+9.212e+03	+0.312
158.000	+6.862e+03	+1.864e+03	+1.019e+04	+0.214
158.100	+9.001e+03	+2.320e+03	+9.916e+03	+0.205
158.200	+7.585e+03	+1.166e+03	+9.264e+03	+0.133
158.300	+7.261e+03	+2.177e+03	+1.074e+04	+0.231
158.400	+6.855e+03	+3.102e+03	+1.069e+04	+0.312
158.500	+8.083e+03	+2.717e+03	+1.059e+04	+0.252
158.600	+7.513e+03	+2.481e+03	+1.096e+04	+0.248
158.700	+8.794e+03	+2.677e+03	+1.123e+04	+0.233
158.800	+6.908e+03	+3.116e+03	+1.089e+04	+0.311
158.900	+7.441e+03	+2.002e+03	+1.107e+04	+0.212
159.000	+7.718e+03	+2.913e+03	+1.116e+04	+0.274
159.100	+7.763e+03	+2.775e+03	+9.368e+03	+0.263
159.200	+7.669e+03	+3.024e+03	+9.976e+03	+0.283
159.300	+7.064e+03	+1.934e+03	+8.547e+03	+0.215
159.400	+6.243e+03	+1.917e+03	+8.826e+03	+0.235
159.500	+8.118e+03	+2.210e+03	+1.093e+04	+0.214
159.600	+6.948e+03	+2.145e+03	+9.560e+03	+0.236
159.700	+6.202e+03	+3.208e+03	+9.731e+03	+0.341
159.800	+6.725e+03	+3.191e+03	+1.096e+04	+0.322
159.900	+7.112e+03	+2.870e+03	+1.234e+04	+0.288
160.000	+7.166e+03	+2.223e+03	+1.018e+04	+0.237
160.100	+8.481e+03	+3.333e+03	+1.071e+04	+0.282
160.200	+6.154e+03	+1.542e+03	+9.412e+03	+0.200
160.300	+6.644e+03	+2.011e+03	+1.200e+04	+0.232
160.400	+8.115e+03	+2.973e+03	+1.047e+04	+0.268
160.500	+7.948e+03	+3.488e+03	+1.085e+04	+0.305
160.600	+8.622e+03	+1.880e+03	+1.012e+04	+0.179
160.700	+7.293e+03	+3.011e+03	+1.030e+04	+0.292
160.800	+7.564e+03	+2.894e+03	+9.516e+03	+0.277
160.900	+7.670e+03	+2.921e+03	+9.387e+03	+0.276
161.000	+6.348e+03	+3.123e+03	+9.586e+03	+0.330
161.100	+7.213e+03	+3.310e+03	+1.026e+04	+0.315
161.200	+8.021e+03	+2.727e+03	+1.157e+04	+0.254
161.300	+7.212e+03	+1.125e+03	+9.604e+03	+0.135
161.400	+7.647e+03	+2.425e+03	+9.087e+03	+0.241
161.500	+8.838e+03	+3.936e+03	+9.443e+03	+0.308
161.600	+8.223e+03	+2.426e+03	+9.583e+03	+0.228
161.700	+7.567e+03	+2.596e+03	+1.054e+04	+0.255
161.800	+6.332e+03	+1.584e+03	+1.000e+04	+0.200
161.900	+7.916e+03	+3.252e+03	+9.978e+03	+0.291
162.000	+8.398e+03	+2.270e+03	+9.974e+03	+0.213
162.100	+7.373e+03	+1.414e+03	+8.742e+03	+0.161
162.200	+7.872e+03	+3.064e+03	+1.046e+04	+0.280
162.300	+8.705e+03	+2.437e+03	+9.418e+03	+0.219
162.400	+7.009e+03	+4.102e+03	+1.025e+04	+0.369
162.500	+7.373e+03	+2.984e+03	+9.308e+03	+0.288
162.600	+7.707e+03	+1.913e+03	+9.485e+03	+0.199
162.700	+6.822e+03	+2.771e+03	+9.122e+03	+0.289
162.800	+7.596e+03	+3.848e+03	+1.001e+04	+0.336
162.900	+8.720e+03	+3.792e+03	+1.116e+04	+0.303
163.000	+7.201e+03	+2.827e+03	+9.774e+03	+0.282
163.100	+8.323e+03	+1.527e+03	+9.511e+03	+0.155
163.200	+7.917e+03	+1.971e+03	+9.813e+03	+0.199
163.300	+6.937e+03	+1.582e+03	+1.006e+04	+0.186
163.400	+8.460e+03	+2.407e+03	+9.832e+03	+0.221
163.500	+7.952e+03	+2.716e+03	+9.817e+03	+0.255
163.600	+7.178e+03	+3.127e+03	+9.614e+03	+0.303
163.700	+7.797e+03	+2.459e+03	+9.769e+03	+0.240
163.800	+6.933e+03	+2.222e+03	+1.114e+04	+0.243
163.900	+6.601e+03	+1.871e+03	+1.115e+04	+0.221
164.000	+6.822e+03	+3.432e+03	+9.980e+03	+0.335
164.100	+7.295e+03	+3.438e+03	+9.856e+03	+0.320
164.200	+8.763e+03	+3.504e+03	+9.542e+03	+0.286
164.300	+6.875e+03	+2.143e+03	+1.016e+04	+0.238
164.400	+6.691e+03	+3.380e+03	+9.769e+03	+0.336
164.500	+8.344e+03	+4.182e+03	+9.154e+03	+0.334
164.600	+6.942e+03	+1.590e+03	+1.080e+04	+0.186
164.700	+7.276e+03	+2.157e+03	+9.529e+03	+0.229
164.800	+7.270e+03	+1.181e+03	+9.523e+03	+0.140
164.900	+5.603e+03	+1.864e+03	+8.908e+03	+0.250
165.000	+8.949e+03	+2.766e+03	+1.046e+04	+0.236
165.100	+7.760e+03	+2.659e+03	+1.010e+04	+0.255
165.200	+7.123e+03	+2.973e+03	+7.660e+03	+0.294
165.300	+6.746e+03	+3.183e+03	+9.525e+03	+0.321
165.400	+8.462e+03	+1.531e+03	+9.806e+03	+0.153
165.500	+8.042e+03	+1.908e+03	+1.032e+04	+0.192
165.600	+6.715e+03	+3.122e+03	+9.798e+03	+0.317
165.700	+6.522e+03	+8.228e+02	+1.018e+04	+0.112
165.800	+8.166e+03	+1.106e+03	+1.065e+04	+0.119
165.900	+6.444e+03	+3.587e+03	+1.075e+04	+0.358
166.000	+7.145e+03	+3.365e+03	+8.992e+03	+0.320
166.100	+7.217e+03	+1.956e+03	+9.937e+03	+0.213
166.200	+8.631e+03	+2.873e+03	+1.017e+04	+0.250
166.300	+7.255e+03	+1.391e+03	+8.608e+03	+0.161
166.400	+7.428e+03	+2.296e+03	+1.060e+04	+0.236
166.500	+8.228e+03	+2.001e+03	+1.055e+04	+0.196
166.600	+7.852e+03	+1.889e+03	+1.025e+04	+0.194
166.700	+8.118e+03	+2.865e+03	+1.064e+04	+0.261
166.800	+7.132e+03	+4.559e+03	+1.127e+04	+0.390
166.900	+6.888e+03	+2.864e+03	+1.064e+04	+0.294
167.000	+7.820e+03	+2.326e+03	+9.432e+03	+0.229
167.100	+8.543e+03	+2.373e+03	+9.559e+03	+0.217
167.200	+6.748e+03	+3.319e+03	+9.952e+03	+0.330
167.300	+7.244e+03	+1.627e+03	+9.353e+03	+0.183
167.400	+7.681e+03	+2.980e+03	+1.041e+04	+0.280
167.500	+6.784e+03	+3.319e+03	+1.139e+04	+0.328
167.600	+8.017e+03	+2.801e+03	+1.021e+04	+0.259
167.700	+7.005e+03	+1.956e+03	+1.029e+04	+0.218
167.800	+7.817e+03	+2.902e+03	+9.393e+03	+0.271
167.900	+7.636e+03	+3.718e+03	+9.598e+03	+0.327
168.000	+8.171e+03	+2.169e+03	+1.079e+04	+0.210
168.100	+6.456e+03	+2.372e+03	+9.419e+03	+0.269
168.200	+6.861e+03	+3.499e+03	+1.075e+04	+0.338
168.300	+7.059e+03	+8.499e+02	+1.049e+04	+0.107
168.400	+7.437e+03	+3.159e+03	+1.035e+04	+0.298
168.500	+6.461e+03	+2.773e+03	+9.997e+03	+0.300
168.600	+6.362e+03	+2.295e+03	+9.381e+03	+0.265
168.700	+7.511e+03	+3.032e+03	+9.725e+03	+0.288
168.800	+5.803e+03	+2.829e+03	+1.047e+04	+0.328
168.900	+7.802e+03	+3.165e+03	+1.059e+04	+0.289
169.000	+6.672e+03	+2.856e+03	+9.297e+03	+0.300
169.100	+7.555e+03	+1.791e+03	+9.366e+03	+0.192
169.200	+7.119e+03	+2.778e+03	+9.540e+03	+0.281
169.300	+8.323e+03	+3.086e+03	+9.143e+03	+0.270
169.400	+7.596e+03	+1.581e+03	+9.797e+03	+0.172
169.500	+6.483e+03	+3.793e+03	+1.036e+04	+0.369
169.600	+8.205e+03	+2.958e+03	+1.090e+04	+0.265
169.700	+9.003e+03	+2.256e+03	+1.121e+04	+0.200
169.800	+7.865e+03	+2.339e+03	+1.005e+04	+0.229
169.900	+6.423e+03	+2.699e+03	+1.048e+04	+0.296
170.000	+6.925e+03	+2.997e+03	+9.886e+03	+0.302
170.100	+8.196e+03	+3.126e+03	+1.046e+04	+0.276
170.200	+6.826e+03	+1.808e+03	+8.773e+03	+0.209
170.300	+7.030e+03	+2.343e+03	+9.739e+03	+0.250
170.400	+7.431e+03	+3.339e+03	+1.057e+04	+0.310
170.500	+8.498e+03	+2.801e+03	+1.007e+04	+0.248
170.600	+7.319e+03	+1.829e+03	+9.381e+03	+0.200
170.700	+7.471e+03	+3.572e+03	+9.770e+03	+0.323
170.800	+6.862e+03	+3.542e+03	+1.006e+04	+0.340
170.900	+8.301e+03	+2.206e+03	+1.115e+04	+0.210
171.000	+7.472e+03	+2.908e+03	+8.590e+03	+0.280
171.100	+6.640e+03	+3.479e+03	+1.003e+04	+0.344
171.200	+6.511e+03	+1.816e+03	+9.528e+03	+0.218
171.300	+7.914e+03	+2.702e+03	+1.062e+04	+0.255
171.400	+7.937e+03	+2.073e+03	+8.859e+03	+0.207
171.500	+8.135e+03	+3.348e+03	+1.047e+04	+0.292
171.600	+8.071e+03	+5.869e+02	+1.066e+04	+0.068
171.700	+7.040e+03	+1.915e+03	+1.036e+04	+0.214
171.800	+8.096e+03	+2.506e+03	+1.091e+04	+0.236
171.900	+7.965e+03	+1.784e+03	+9.924e+03	+0.183
172.000	+7.915e+03	+3.112e+03	+9.726e+03	+0.282
172.100	+7.254e+03	+2.032e+03	+8.602e+03	+0.219
172.200	+6.608e+03	+2.856e+03	+9.468e+03	+0.302
172.300	+6.968e+03	+2.191e+03	+1.116e+04	+0.239
172.400	+6.733e+03	+1.461e+03	+9.703e+03	+0.178
172.500	+9.544e+03	+1.154e+03	+1.115e+04	+0.108
172.600	+7.867e+03	+2.676e+03	+9.421e+03	+0.254
172.700	+7.223e+03	+2.702e+03	+1.004e+04	+0.272
172.800	+7.477e+03	+2.509e+03	+9.780e+03	+0.251
172.900	+7.901e+03	+2.844e+03	+9.930e+03	+0.265
173.000	+7.479e+03	+2.086e+03	+9.799e+03	+0.218
173.100	+7.176e+03	+2.758e+03	+9.550e+03	+0.278
173.200	+7.664e+03	+1.935e+03	+9.852e+03	+0.202
173.300	+7.543e+03	+3.035e+03	+1.087e+04	+0.287
173.400	+7.583e+03	+3.090e+03	+9.790e+03	+0.290
173.500	+7.725e+03	+2.377e+03	+9.137e+03	+0.235
173.600	+6.611e+03	+2.463e+03	+1.010e+04	+0.271
173.700	+6.889e+03	+2.618e+03	+1.044e+04	+0.275
173.800	+7.516e+03	+3.692e+02	+1.099e+04	+0.047
173.900	+7.109e+03	+2.041e+03	+1.051e+04	+0.223
174.000	+7.842e+03	+2.664e+03	+1.027e+04	+0.254
174.100	+8.380e+03	+2.840e+03	+9.716e+03	+0.253
174.200	+8.414e+03	+2.628e+03	+9.082e+03	+0.238
174.300	+7.206e+03	+3.554e+03	+1.063e+04	+0.330
174.400	+7.340e+03	+2.609e+03	+1.040e+04	+0.262
174.500	+6.383e+03	+2.550e+03	+9.103e+03	+0.285
174.600	+6.917e+03	+2.791e+03	+1.016e+04	+0.287
174.700	+7.832e+03	+2.397e+03	+9.493e+03	+0.234
174.800	+7.285e+03	+2.820e+03	+1.098e+04	+0.279
174.900	+7.689e+03	+2.125e+03	+9.745e+03	+0.217
175.000	+8.016e+03	+3.561e+03	+9.394e+03	+0.308
175.100	+6.688e+03	+2.781e+03	+9.913e+03	+0.294
175.200	+7.633e+03	+2.199e+03	+1.048e+04	+0.224
175.300	+7.864e+03	+1.416e+03	+1.033e+04	+0.153
175.400	+8.441e+03	+2.849e+03	+9.922e+03	+0.252
175.500	+8.230e+03	+3.428e+03	+9.427e+03	+0.294
175.600	+7.759e+03	+2.705e+03	+9.571e+03	+0.259
175.700	+7.160e+03	+1.241e+03	+1.035e+04	+0.148
175.800	+7.315e+03	+3.909e+03	+9.576e+03	+0.348
175.900	+7.028e+03	+2.736e+03	+9.888e+03	+0.280
176.000	+6.274e+03	+1.530e+03	+9.504e+03	+0.196
176.100	+5.983e+03	+2.509e+03	+8.916e+03	+0.295
176.200	+8.324e+03	+2.748e+03	+1.067e+04	+0.248
176.300	+8.003e+03	+2.748e+03	+1.026e+04	+0.256
176.400	+5.623e+03	+2.473e+03	+9.949e+03	+0.305
176.500	+8.974e+03	+3.638e+03	+9.772e+03	+0.288
176.600	+7.786e+03	+1.987e+03	+1.049e+04	+0.203
176.700	+7.920e+03	+3.028e+03	+1.013e+04	+0.277
176.800	+6.118e+03	+2.501e+03	+9.914e+03	+0.290
176.900	+8.043e+03	+3.325e+03	+9.545e+03	+0.293
177.000	+6.366e+03	+3.336e+03	+1.005e+04	+0.344
177.100	+8.130e+03	+2.213e+03	+9.817e+03	+0.214
177.200	+8.432e+03	+3.041e+03	+9.456e+03	+0.265
177.300	+8.151e+03	+1.447e+03	+9.278e+03	+0.151
177.400	+6.759e+03	+3.105e+03	+1.005e+04	+0.315
177.500	+6.506e+03	+1.567e+03	+1.118e+04	+0.194
177.600	+7.448e+03	+3.061e+03	+9.465e+03	+0.291
177.700	+6.681e+03	+3.215e+03	+9.595e+03	+0.325
177.800	+8.036e+03	+2.831e+03	+1.031e+04	+0.260
177.900	+7.929e+03	+1.948e+03	+1.154e+04	+0.197
178.000	+7.768e+03	+1.720e+03	+9.724e+03	+0.181
178.100	+6.259e+03	+3.672e+03	+9.831e+03	+0.370
178.200	+6.398e+03	+2.545e+03	+9.407e+03	+0.285
178.300	+8.120e+03	+3.556e+03	+1.037e+04	+0.305
178.400	+7.398e+03	+3.725e+03	+1.092e+04	+0.335
178.500	+6.599e+03	+1.423e+03	+9.523e+03	+0.177
178.600	+8.133e+03	+2.138e+03	+1.089e+04	+0.208
178.700	+7.803e+03	+3.353e+03	+9.542e+03	+0.301
178.800	+8.115e+03	+2.228e+03	+9.470e+03	+0.215
178.900	+8.507e+03	+4.270e+03	+9.802e+03	+0.334
179.000	+7.623e+03	+2.781e+03	+1.043e+04	+0.267
179.100	+6.957e+03	+2.025e+03	+9.965e+03	+0.225
179.200	+7.599e+03	+2.514e+03	+1.047e+04	+0.249
179.300	+7.220e+03	+2.228e+03	+1.011e+04	+0.236
179.400	+6.817e+03	+1.838e+03	+1.079e+04	+0.212
179.500	+5.912e+03	+3.343e+03	+1.057e+04	+0.361
179.600	+7.878e+03	+1.918e+03	+1.025e+04	+0.196
179.700	+6.801e+03	+3.381e+03	+1.026e+04	+0.332
179.800	+8.227e+03	+2.151e+03	+9.150e+03	+0.207
179.900	+5.997e+03	+2.273e+03	+9.884e+03	+0.275
180.000	+7.397e+03	+1.470e+03	+1.078e+04	+0.166
180.100	+6.402e+03	+1.532e+03	+1.001e+04	+0.193
180.200	+6.613e+03	+3.133e+03	+9.789e+03	+0.322
180.300	+7.851e+03	+2.918e+03	+9.934e+03	+0.271
180.400	+7.486e+03	+1.504e+03	+1.036e+04	+0.167
180.500	+6.560e+03	+2.261e+03	+1.046e+04	+0.256
180.600	+7.314e+03	+2.719e+03	+1.025e+04	+0.271
180.700	+7.678e+03	+2.425e+03	+9.563e+03	+0.240
180.800	+8.594e+03	+1.981e+03	+1.074e+04	+0.187
180.900	+7.296e+03	+1.845e+03	+9.884e+03	+0.202
181.000	+6.003e+03	+1.175e+03	+8.531e+03	+0.164
181.100	+7.693e+03	+3.140e+03	+1.076e+04	+0.290
181.200	+7.506e+03	+2.504e+03	+1.081e+04	+0.250
181.300	+5.848e+03	+2.023e+03	+8.990e+03	+0.257
181.400	+6.498e+03	+1.325e+03	+9.476e+03	+0.169
181.500	+7.850e+03	+2.111e+03	+1.001e+04	+0.212
181.600	+7.754e+03	+1.821e+03	+9.299e+03	+0.190
181.700	+6.984e+03	+2.315e+03	+9.710e+03	+0.249
181.800	+7.042e+03	+2.900e+03	+9.902e+03	+0.292
181.900	+7.147e+03	+1.277e+03	+1.042e+04	+0.152
182.000	+8.227e+03	+4.103e+03	+1.017e+04	+0.333
182.100	+7.809e+03	+2.804e+03	+9.772e+03	+0.264
182.200	+7.237e+03	+2.966e+03	+1.034e+04	+0.291
182.300	+7.119e+03	+2.934e+03	+1.104e+04	+0.292
182.400	+7.867e+03	+1.673e+03	+9.162e+03	+0.175
182.500	+7.150e+03	+2.457e+03	+9.767e+03	+0.256
182.600	+7.302e+03	+2.668e+03	+8.693e+03	+0.268
182.700	+7.643e+03	+2.760e+03	+9.638e+03	+0.265
182.800	+7.552e+03	+3.493e+03	+1.076e+04	+0.316
182.900	+6.716e+03	+3.656e+03	+1.082e+04	+0.353
183.000	+8.426e+03	+2.984e+03	+1.118e+04	+0.262
183.100	+6.487e+03	+3.083e+03	+1.146e+04	+0.322
183.200	+7.099e+03	+1.128e+03	+1.035e+04	+0.137
183.300	+7.423e+03	+2.481e+03	+1.107e+04	+0.250
183.400	+8.042e+03	+1.281e+03	+1.098e+04	+0.137
183.500	+8.657e+03	+3.136e+03	+1.060e+04	+0.266
183.600	+6.811e+03	+1.456e+03	+1.042e+04	+0.176
183.700	+6.773e+03	+2.045e+03	+9.479e+03	+0.232
183.800	+6.855e+03	+3.972e+03	+1.049e+04	+0.367
183.900	+7.658e+03	+1.609e+03	+9.312e+03	+0.174
184.000	+7.403e+03	+2.121e+03	+9.181e+03	+0.223
184.100	+7.817e+03	+2.026e+03	+9.402e+03	+0.206
184.200	+7.493e+03	+1.969e+03	+8.436e+03	+0.208
184.300	+7.446e+03	+2.050e+03	+1.071e+04	+0.216
184.400	+8.159e+03	+3.206e+03	+1.033e+04	+0.282
184.500	+7.388e+03	+3.173e+03	+1.024e+04	+0.300
184.600	+8.110e+03	+2.195e+03	+1.050e+04	+0.213
184.700	+6.668e+03	+3.358e+03	+1.124e+04	+0.335
184.800	+7.870e+03	+2.797e+03	+9.911e+03	+0.262
184.900	+6.060e+03	+2.372e+03	+8.247e+03	+0.281
185.000	+7.020e+03	+3.646e+03	+1.161e+04	+0.342
185.100	+7.996e+03	+3.059e+03	+1.071e+04	+0.277
185.200	+7.053e+03	+2.506e+03	+9.087e+03	+0.262
185.300	+7.610e+03	+2.147e+03	+1.026e+04	+0.220
185.400	+5.742e+03	+2.931e+03	+9.414e+03	+0.338
185.500	+7.062e+03	+2.748e+03	+9.765e+03	+0.280
185.600	+6.777e+03	+1.836e+03	+9.131e+03	+0.213
185.700	+7.816e+03	+1.166e+03	+1.088e+04	+0.130
185.800	+7.800e+03	+3.100e+03	+9.815e+03	+0.284
185.900	+7.278e+03	+2.010e+03	+9.398e+03	+0.216
186.000	+7.590e+03	+2.220e+03	+1.005e+04	+0.226
186.100	+8.458e+03	+2.698e+03	+9.576e+03	+0.242
186.200	+6.322e+03	+2.517e+03	+1.091e+04	+0.285
186.300	+6.794e+03	+2.905e+03	+1.040e+04	+0.300
186.400	+6.812e+03	+1.977e+03	+8.867e+03	+0.225
186.500	+7.061e+03	+3.160e+03	+9.766e+03	+0.309
186.600	+7.640e+03	+1.033e+03	+9.961e+03	+0.119
186.700	+8.663e+03	+3.623e+03	+9.886e+03	+0.295
186.800	+7.973e+03	+1.908e+03	+9.042e+03	+0.193
186.900	+7.898e+03	+2.417e+03	+9.390e+03	+0.234
187.000	+7.267e+03	+3.464e+03	+9.894e+03	+0.323
187.100	+8.157e+03	+3.392e+03	+8.955e+03	+0.294
187.200	+6.396e+03	+2.208e+03	+9.749e+03	+0.257
187.300	+6.875e+03	+3.920e+03	+9.714e+03	+0.363
187.400	+8.144e+03	+1.505e+03	+9.658e+03	+0.156
187.500	+7.024e+03	+2.458e+03	+1.015e+04	+0.259
187.600	+6.757e+03	+2.668e+03	+9.418e+03	+0.283
187.700	+6.442e+03	+2.480e+03	+9.991e+03	+0.278
187.800	+7.913e+03	+1.451e+03	+9.906e+03	+0.155
187.900	+7.869e+03	+2.366e+03	+9.253e+03	+0.231
188.000	+7.961e+03	+2.305e+03	+8.555e+03	+0.225
188.100	+7.195e+03	+3.043e+03	+1.029e+04	+0.297
188.200	+7.385e+03	+2.738e+03	+7.597e+03	+0.270
188.300	+7.288e+03	+1.833e+03	+9.689e+03	+0.201
188.400	+8.705e+03	+3.784e+03	+1.066e+04	+0.303
188.500	+7.623e+03	+2.424e+03	+9.402e+03	+0.241
188.600	+8.118e+03	+3.562e+03	+9.844e+03	+0.305
188.700	+8.624e+03	+1.942e+03	+8.701e+03	+0.184
188.800	+7.276e+03	+2.911e+03	+1.147e+04	+0.286
188.900	+8.952e+03	+2.855e+03	+1.056e+04	+0.242
189.000	+6.863e+03	+2.199e+03	+9.713e+03	+0.243
189.100	+8.661e+03	+1.887e+03	+1.003e+04	+0.179
189.200	+6.626e+03	+2.983e+03	+9.160e+03	+0.310
189.300	+6.788e+03	+3.132e+03	+1.134e+04	+0.316
189.400	+8.667e+03	+2.642e+03	+1.065e+04	+0.234
189.500	+7.602e+03	+3.032e+03	+9.919e+03	+0.285
189.600	+8.243e+03	+2.040e+03	+1.009e+04	+0.198
189.700	+7.600e+03	+3.379e+03	+9.973e+03	+0.308
189.800	+6.870e+03	+3.057e+03	+9.216e+03	+0.308
189.900	+7.428e+03	+3.023e+03	+8.939e+03	+0.289
190.000	+8.659e+03	+2.710e+03	+1.039e+04	+0.238
190.100	+7.229e+03	+2.181e+03	+1.094e+04	+0.232
190.200	+7.491e+03	+2.227e+03	+8.688e+03	+0.229
190.300	+7.461e+03	+1.902e+03	+1.016e+04	+0.203
190.400	+6.357e+03	+1.309e+03	+9.562e+03	+0.171
190.500	+7.381e+03	+2.640e+03	+9.035e+03	+0.263
190.600	+7.437e+03	+4.327e+03	+1.119e+04	+0.368
190.700	+8.831e+03	+2.566e+03	+9.414e+03	+0.225
190.800	+7.754e+03	+2.221e+03	+9.722e+03	+0.223
190.900	+7.292e+03	+2.262e+03	+9.909e+03	+0.237
191.000	+7.190e+03	+2.656e+03	+8.896e+03	+0.270
191.100	+8.430e+03	+2.625e+03	+1.036e+04	+0.237
191.200	+7.705e+03	+1.882e+03	+1.023e+04	+0.196
191.300	+8.363e+03	+2.865e+03	+1.009e+04	+0.255
191.400	+6.690e+03	+1.789e+03	+9.850e+03	+0.211
191.500	+9.205e+03	+3.075e+03	+9.580e+03	+0.250
191.600	+8.308e+03	+1.223e+03	+1.106e+04	+0.128
191.700	+8.653e+03	+2.083e+03	+1.034e+04	+0.194
191.800	+6.634e+03	+2.310e+03	+1.017e+04	+0.258
191.900	+8.370e+03	+2.298e+03	+1.027e+04	+0.215
192.000	+7.769e+03	+2.615e+03	+9.815e+03	+0.252
192.100	+7.350e+03	+3.279e+03	+9.960e+03	+0.309
192.200	+6.507e+03	+2.428e+03	+9.341e+03	+0.272
192.300	+6.725e+03	+2.865e+03	+9.162e+03	+0.299
192.400	+7.817e+03	+1.664e+03	+9.829e+03	+0.175
192.500	+7.526e+03	+2.616e+03	+9.529e+03	+0.258
192.600	+6.827e+03	+2.641e+03	+1.120e+04	+0.279
192.700	+7.244e+03	+1.657e+03	+1.078e+04	+0.186
192.800	+6.381e+03	+2.459e+03	+9.773e+03	+0.278
192.900	+7.301e+03	+2.453e+03	+9.117e+03	+0.251
193.000	+8.070e+03	+1.992e+03	+8.821e+03	+0.198
193.100	+7.202e+03	+1.511e+03	+9.972e+03	+0.173
193.200	+7.495e+03	+1.920e+03	+9.876e+03	+0.204
193.300	+7.964e+03	+2.102e+03	+1.121e+04	+0.209
193.400	+7.164e+03	+2.421e+03	+9.418e+03	+0.253
193.500	+6.344e+03	+1.965e+03	+1.013e+04	+0.237
193.600	+7.381e+03	+3.373e+03	+1.058e+04	+0.314
193.700	+7.983e+03	+2.166e+03	+9.632e+03	+0.213
193.800	+6.761e+03	+2.699e+03	+1.064e+04	+0.285
193.900	+7.441e+03	+2.867e+03	+1.041e+04	+0.278
194.000	+7.944e+03	+3.150e+03	+9.135e+03	+0.284
194.100	+8.075e+03	+2.956e+03	+1.067e+04	+0.268
194.200	+7.606e+03	+2.732e+03	+9.560e+03	+0.264
194.300	+6.893e+03	+1.776e+03	+9.878e+03	+0.205
194.400	+6.474e+03	+2.696e+03	+9.913e+03	+0.294
194.500	+7.183e+03	+2.989e+03	+1.032e+04	+0.294
194.600	+6.790e+03	+3.350e+03	+1.075e+04	+0.330
194.700	+7.668e+03	+1.680e+03	+9.706e+03	+0.180
194.800	+6.968e+03	+2.776e+03	+8.794e+03	+0.285
194.900	+7.604e+03	+2.049e+03	+9.424e+03	+0.212
195.000	+6.812e+03	+1.966e+03	+1.015e+04	+0.224
195.100	+6.200e+03	+6.745e+02	+1.049e+04	+0.098
195.200	+7.122e+03	+2.441e+03	+9.608e+03	+0.255
195.300	+7.813e+03	+3.041e+03	+9.486e+03	+0.280
195.400	+7.428e+03	+2.451e+03	+9.740e+03	+0.248
195.500	+7.303e+03	+3.201e+03	+8.610e+03	+0.305
195.600	+8.401e+03	+5.289e+03	+9.870e+03	+0.386
195.700	+6.871e+03	+2.317e+03	+9.981e+03	+0.252
195.800	+6.061e+03	+2.834e+03	+1.036e+04	+0.319
195.900	+6.552e+03	+2.546e+03	+9.679e+03	+0.280
196.000	+8.011e+03	+1.791e+03	+1.019e+04	+0.183
196.100	+6.279e+03	+2.028e+03	+1.086e+04	+0.244
196.200	+7.109e+03	+2.823e+03	+9.190e+03	+0.284
196.300	+6.835e+03	+1.906e+03	+1.076e+04	+0.218
196.400	+7.032e+03	+2.334e+03	+1.071e+04	+0.249
196.500	+7.775e+03	+2.911e+03	+1.064e+04	+0.272
196.600	+8.003e+03	+1.319e+03	+1.014e+04	+0.142
196.700	+6.456e+03	+2.129e+03	+1.004e+04	+0.248
196.800	+8.008e+03	+2.734e+03	+9.497e+03	+0.255
196.900	+7.130e+03	+2.979e+03	+1.033e+04	+0.295
197.000	+6.468e+03	+2.733e+03	+9.169e+03	+0.297
197.100	+8.484e+03	+2.079e+03	+1.079e+04	+0.197
197.200	+7.065e+03	+2.285e+03	+1.004e+04	+0.244
197.300	+6.987e+03	+3.419e+03	+1.033e+04	+0.329
197.400	+7.010e+03	+3.023e+03	+1.054e+04	+0.301
197.500	+8.208e+03	+2.728e+03	+1.064e+04	+0.249
197.600	+7.140e+03	+2.105e+03	+1.032e+04	+0.228
197.700	+6.953e+03	+2.771e+03	+1.062e+04	+0.285
197.800	+6.754e+03	+2.218e+03	+1.088e+04	+0.247
197.900	+6.796e+03	+2.127e+03	+1.115e+04	+0.238
198.000	+7.096e+03	+2.645e+03	+9.482e+03	+0.272
198.100	+8.519e+03	+3.265e+03	+1.074e+04	+0.277
198.200	+9.014e+03	+3.697e+03	+1.044e+04	+0.291
198.300	+8.322e+03	+3.239e+03	+9.935e+03	+0.280
198.400	+8.337e+03	+3.373e+03	+1.006e+04	+0.288
198.500	+8.405e+03	+3.389e+03	+9.124e+03	+0.287
198.600	+6.753e+03	+1.281e+03	+1.033e+04	+0.159
198.700	+7.532e+03	+2.971e+03	+1.031e+04	+0.283
198.800	+7.672e+03	+2.005e+03	+1.097e+04	+0.207
198.900	+7.093e+03	+2.770e+03	+1.032e+04	+0.281
199.000	+8.049e+03	+2.717e+03	+1.039e+04	+0.252
199.100	+8.523e+03	+3.111e+03	+8.772e+03	+0.267
199.200	+6.233e+03	+2.081e+03	+9.200e+03	+0.250
199.300	+8.082e+03	+2.012e+03	+1.092e+04	+0.199
199.400	+7.298e+03	+3.345e+03	+1.052e+04	+0.314
199.500	+8.310e+03	+3.275e+03	+9.360e+03	+0.283
199.600	+7.806e+03	+2.280e+03	+9.477e+03	+0.226
199.700	+7.094e+03	+2.069e+03	+1.159e+04	+0.226
199.800	+6.821e+03	+2.969e+03	+1.058e+04	+0.303
