%t (s)	Idd (a.u.)	Ida (a.u.)	Iaa (a.u.)	FRET E
0.000	+8.923e+03	+2.162e+03	+1.118e+04	+0.195
0.100	+5.645e+03	+1.738e+03	+1.070e+04	+0.235
0.200	+8.560e+03	+2.743e+03	+8.358e+03	+0.243
0.300	+8.914e+03	+4.307e+03	+1.005e+04	+0.326
0.400	+7.445e+03	+2.625e+03	+1.048e+04	+0.261
0.500	+6.965e+03	+1.582e+03	+9.933e+03	+0.185
0.600	+6.946e+03	+1.488e+03	+1.056e+04	+0.176
0.700	+7.279e+03	+2.713e+03	+1.036e+04	+0.272
0.800	+7.068e+03	+2.847e+03	+1.073e+04	+0.287
0.900	+7.924e+03	+2.836e+03	+9.944e+03	+0.264
1.000	+7.558e+03	+3.509e+03	+1.188e+04	+0.317
1.100	+7.336e+03	+8.733e+02	+1.038e+04	+0.106
1.200	+7.233e+03	+2.196e+03	+1.008e+04	+0.233
1.300	+7.388e+03	+1.970e+03	+9.014e+03	+0.211
1.400	+7.578e+03	+2.918e+03	+1.069e+04	+0.278
1.500	+8.385e+03	+2.249e+03	+1.032e+04	+0.212
1.600	+8.013e+03	+1.261e+03	+1.008e+04	+0.136
1.700	+8.059e+03	+1.981e+03	+1.014e+04	+0.197
1.800	+7.952e+03	+3.198e+03	+8.673e+03	+0.287
1.900	+8.355e+03	+1.959e+03	+9.037e+03	+0.190
2.000	+6.887e+03	+2.167e+03	+1.060e+04	+0.239
2.100	+7.874e+03	+2.600e+03	+1.050e+04	+0.248
2.200	+7.976e+03	+3.404e+03	+1.051e+04	+0.299
2.300	+6.875e+03	+2.224e+03	+1.106e+04	+0.244
2.400	+7.933e+03	+3.346e+03	+8.962e+03	+0.297
2.500	+7.687e+03	+2.767e+03	+9.989e+03	+0.265
2.600	+9.057e+03	+1.286e+03	+9.947e+03	+0.124
2.700	+6.761e+03	+2.280e+03	+8.994e+03	+0.252
2.800	+7.646e+03	+2.197e+03	+9.293e+03	+0.223
2.900	+6.187e+03	+2.401e+03	+1.049e+04	+0.280
3.000	+7.542e+03	+1.092e+03	+9.635e+03	+0.126
3.100	+7.566e+03	+3.028e+03	+9.893e+03	+0.286
3.200	+9.172e+03	+2.536e+03	+1.028e+04	+0.217
3.300	+8.526e+03	+2.482e+03	+9.402e+03	+0.225
3.400	+7.172e+03	+2.198e+03	+9.735e+03	+0.235
3.500	+7.593e+03	+2.693e+03	+9.717e+03	+0.262
3.600	+7.517e+03	+3.411e+03	+9.295e+03	+0.312
3.700	+6.578e+03	+2.652e+03	+1.065e+04	+0.287
3.800	+7.122e+03	+3.652e+03	+9.959e+03	+0.339
3.900	+7.527e+03	+4.055e+03	+1.060e+04	+0.350
4.000	+6.837e+03	+3.070e+03	+8.094e+03	+0.310
4.100	+7.907e+03	+2.529e+03	+9.475e+03	+0.242
4.200	+7.021e+03	+2.458e+03	+1.005e+04	+0.259
4.300	+9.276e+03	+3.034e+03	+9.257e+03	+0.246
4.400	+7.439e+03	+1.662e+03	+1.053e+04	+0.183
4.500	+6.588e+03	+2.652e+03	+9.242e+03	+0.287
4.600	+7.465e+03	+3.353e+03	+1.017e+04	+0.310
4.700	+6.661e+03	+2.926e+03	+1.008e+04	+0.305
4.800	+7.807e+03	+3.179e+03	+9.807e+03	+0.289
4.900	+7.083e+03	+3.201e+03	+7.650e+03	+0.311
5.000	+8.486e+03	+3.193e+03	+9.998e+03	+0.273
5.100	+6.841e+03	+1.522e+03	+1.025e+04	+0.182
5.200	+8.270e+03	+1.915e+03	+1.007e+04	+0.188
5.300	+6.890e+03	+4.393e+03	+8.679e+03	+0.389
5.400	+8.671e+03	+1.917e+03	+9.593e+03	+0.181
5.500	+6.604e+03	+1.676e+03	+9.681e+03	+0.202
5.600	+8.120e+03	+3.647e+03	+9.546e+03	+0.310
5.700	+6.527e+03	+4.331e+03	+1.023e+04	+0.399
5.800	+7.012e+03	+2.597e+03	+9.657e+03	+0.270
5.900	+7.019e+03	+2.266e+03	+1.044e+04	+0.244
6.000	+8.138e+03	+1.953e+03	+8.533e+03	+0.194
6.100	+7.681e+03	+3.192e+03	+9.948e+03	+0.294
6.200	+6.899e+03	+2.394e+03	+1.021e+04	+0.258
6.300	+6.672e+03	+2.533e+03	+1.131e+04	+0.275
6.400	+8.465e+03	+2.818e+03	+8.643e+03	+0.250
6.500	+7.531e+03	+2.401e+03	+1.079e+04	+0.242
6.600	+8.658e+03	+2.864e+03	+1.066e+04	+0.249
6.700	+6.661e+03	+3.390e+03	+9.490e+03	+0.337
6.800	+8.458e+03	+2.111e+03	+9.936e+03	+0.200
6.900	+8.000e+03	+2.411e+03	+9.865e+03	+0.232
7.000	+6.786e+03	+2.301e+03	+1.090e+04	+0.253
7.100	+6.163e+03	+1.613e+03	+9.552e+03	+0.207
7.200	+7.731e+03	+2.331e+03	+9.396e+03	+0.232
7.300	+8.132e+03	+1.576e+03	+1.136e+04	+0.162
7.400	+7.644e+03	+2.014e+03	+1.015e+04	+0.209
7.500	+7.588e+03	+3.594e+03	+9.997e+03	+0.321
7.600	+7.063e+03	+2.392e+03	+9.148e+03	+0.253
7.700	+7.076e+03	+1.960e+03	+8.538e+03	+0.217
7.800	+7.236e+03	+3.497e+03	+1.103e+04	+0.326
7.900	+6.950e+03	+3.006e+03	+1.084e+04	+0.302
8.000	+6.098e+03	+3.049e+03	+9.409e+03	+0.333
8.100	+7.728e+03	+3.098e+03	+1.045e+04	+0.286
8.200	+6.976e+03	+2.786e+03	+9.446e+03	+0.285
8.300	+6.224e+03	+2.581e+03	+9.700e+03	+0.293
8.400	+6.993e+03	+2.250e+03	+8.734e+03	+0.243
8.500	+7.799e+03	+2.713e+03	+1.045e+04	+0.258
8.600	+7.880e+03	+3.211e+03	+9.994e+03	+0.289
8.700	+7.215e+03	+2.834e+03	+1.145e+04	+0.282
8.800	+8.257e+03	+2.400e+03	+1.089e+04	+0.225
8.900	+6.926e+03	+2.629e+03	+1.012e+04	+0.275
9.000	+8.957e+03	+1.607e+03	+9.519e+03	+0.152
9.100	+7.251e+03	+2.178e+03	+1.045e+04	+0.231
9.200	+7.535e+03	+2.162e+03	+9.618e+03	+0.223
9.300	+7.376e+03	+1.881e+03	+9.879e+03	+0.203
9.400	+7.600e+03	+2.713e+03	+1.016e+04	+0.263
9.500	+6.200e+03	+2.087e+03	+1.009e+04	+0.252
9.600	+6.117e+03	+3.167e+03	+1.002e+04	+0.341
9.700	+7.938e+03	+3.308e+03	+1.015e+04	+0.294
9.800	+7.797e+03	+3.229e+03	+1.045e+04	+0.293
9.900	+5.685e+03	+2.457e+03	+9.925e+03	+0.302
10.000	+7.517e+03	+2.835e+03	+1.045e+04	+0.274
10.100	+8.163e+03	+1.819e+03	+9.965e+03	+0.182
10.200	+7.983e+03	+2.686e+03	+9.189e+03	+0.252
10.300	+7.878e+03	+2.374e+03	+9.479e+03	+0.232
10.400	+6.747e+03	+3.368e+03	+9.773e+03	+0.333
10.500	+7.105e+03	+2.005e+03	+1.109e+04	+0.220
10.600	+8.007e+03	+2.324e+03	+1.065e+04	+0.225
10.700	+8.212e+03	+3.039e+03	+1.017e+04	+0.270
10.800	+7.505e+03	+3.121e+03	+9.332e+03	+0.294
10.900	+8.662e+03	+2.266e+03	+1.030e+04	+0.207
11.000	+6.055e+03	+3.314e+03	+9.160e+03	+0.354
11.100	+7.306e+03	+2.762e+03	+9.755e+03	+0.274
11.200	+8.135e+03	+2.635e+03	+1.079e+04	+0.245
11.300	+8.260e+03	+1.798e+03	+8.287e+03	+0.179
11.400	+8.039e+03	+2.596e+03	+1.131e+04	+0.244
11.500	+8.785e+03	+4.198e+03	+9.112e+03	+0.323
11.600	+8.217e+03	+3.178e+03	+9.751e+03	+0.279
11.700	+7.591e+03	+1.332e+03	+1.097e+04	+0.149
11.800	+6.830e+03	+3.570e+03	+1.032e+04	+0.343
11.900	+6.723e+03	+2.534e+03	+9.928e+03	+0.274
12.000	+7.771e+03	+2.486e+03	+1.012e+04	+0.242
12.100	+8.133e+03	+2.538e+03	+9.218e+03	+0.238
12.200	+7.326e+03	+3.603e+03	+9.416e+03	+0.330
12.300	+7.099e+03	+2.856e+03	+1.001e+04	+0.287
12.400	+7.633e+03	+2.790e+03	+9.859e+03	+0.268
12.500	+7.606e+03	+2.508e+03	+9.062e+03	+0.248
12.600	+6.044e+03	+2.007e+03	+9.123e+03	+0.249
12.700	+7.060e+03	+2.980e+03	+9.052e+03	+0.297
12.800	+7.173e+03	+3.846e+03	+9.743e+03	+0.349
12.900	+7.194e+03	+1.629e+03	+9.199e+03	+0.185
13.000	+7.995e+03	+1.583e+03	+1.028e+04	+0.165
13.100	+7.651e+03	+2.923e+03	+9.538e+03	+0.276
13.200	+6.539e+03	+3.259e+03	+1.027e+04	+0.333
13.300	+7.722e+03	+2.237e+03	+8.714e+03	+0.225
13.400	+6.636e+03	+2.434e+03	+1.063e+04	+0.268
13.500	+8.344e+03	+3.459e+03	+9.358e+03	+0.293
13.600	+8.450e+03	+6.872e+02	+1.007e+04	+0.075
13.700	+6.723e+03	+2.178e+03	+1.147e+04	+0.245
13.800	+7.165e+03	+1.109e+03	+1.029e+04	+0.134
13.900	+5.738e+03	+2.897e+03	+9.680e+03	+0.336
14.000	+7.225e+03	+1.709e+03	+9.304e+03	+0.191
14.100	+7.639e+03	+1.936e+03	+1.085e+04	+0.202
14.200	+7.531e+03	+2.692e+03	+1.083e+04	+0.263
14.300	+7.340e+03	+1.919e+03	+1.039e+04	+0.207
14.400	+6.264e+03	+3.399e+03	+1.047e+04	+0.352
14.500	+7.269e+03	+2.859e+03	+9.575e+03	+0.282
14.600	+8.956e+03	+1.221e+03	+9.428e+03	+0.120
14.700	+6.745e+03	+2.851e+03	+1.145e+04	+0.297
14.800	+7.635e+03	+2.261e+03	+9.832e+03	+0.228
14.900	+8.558e+03	+2.106e+03	+1.027e+04	+0.197
15.000	+7.742e+03	+2.477e+03	+8.673e+03	+0.242
15.100	+7.541e+03	+2.310e+03	+8.253e+03	+0.234
15.200	+7.370e+03	+2.356e+03	+1.038e+04	+0.242
15.300	+6.716e+03	+2.147e+03	+8.676e+03	+0.242
15.400	+8.064e+03	+1.981e+03	+1.027e+04	+0.197
15.500	+7.285e+03	+2.661e+03	+9.891e+03	+0.268
15.600	+7.941e+03	+1.701e+03	+9.853e+03	+0.176
15.700	+6.774e+03	+2.547e+03	+1.067e+04	+0.273
15.800	+8.277e+03	+2.033e+03	+9.910e+03	+0.197
15.900	+8.854e+03	+2.733e+03	+9.394e+03	+0.236
16.000	+7.185e+03	+1.993e+03	+8.031e+03	+0.217
16.100	+8.189e+03	+2.979e+03	+9.523e+03	+0.267
16.200	+7.656e+03	+3.129e+03	+8.727e+03	+0.290
16.300	+8.300e+03	+1.718e+03	+1.114e+04	+0.172
16.400	+7.237e+03	+2.458e+03	+1.057e+04	+0.254
16.500	+7.850e+03	+1.783e+03	+9.587e+03	+0.185
16.600	+6.474e+03	+1.175e+03	+1.129e+04	+0.154
16.700	+7.847e+03	+1.960e+03	+1.008e+04	+0.200
16.800	+7.006e+03	+2.808e+03	+1.008e+04	+0.286
16.900	+7.352e+03	+2.593e+03	+9.052e+03	+0.261
17.000	+7.834e+03	+2.367e+03	+9.389e+03	+0.232
17.100	+6.938e+03	+1.996e+03	+9.545e+03	+0.223
17.200	+6.514e+03	+2.182e+03	+1.043e+04	+0.251
17.300	+7.745e+03	+3.136e+03	+1.102e+04	+0.288
17.400	+7.718e+03	+2.226e+03	+1.128e+04	+0.224
17.500	+7.564e+03	+2.999e+03	+1.093e+04	+0.284
17.600	+7.634e+03	+3.024e+03	+1.042e+04	+0.284
17.700	+6.869e+03	+2.031e+03	+1.024e+04	+0.228
17.800	+6.647e+03	+3.009e+03	+1.145e+04	+0.312
17.900	+7.508e+03	+2.616e+03	+1.040e+04	+0.258
18.000	+7.106e+03	+1.724e+03	+1.033e+04	+0.195
18.100	+8.178e+03	+2.093e+03	+9.751e+03	+0.204
18.200	+7.849e+03	+2.902e+03	+1.038e+04	+0.270
18.300	+6.823e+03	+2.843e+03	+1.164e+04	+0.294
18.400	+7.157e+03	+3.451e+03	+1.016e+04	+0.325
18.500	+7.569e+03	+2.220e+03	+1.043e+04	+0.227
18.600	+7.120e+03	+2.661e+03	+9.575e+03	+0.272
18.700	+7.837e+03	+2.326e+03	+1.060e+04	+0.229
18.800	+6.668e+03	+3.265e+03	+1.042e+04	+0.329
18.900	+6.512e+03	+2.738e+03	+1.028e+04	+0.296
19.000	+8.167e+03	+2.678e+03	+8.813e+03	+0.247
19.100	+8.078e+03	+1.191e+03	+8.625e+03	+0.128
19.200	+7.388e+03	+2.476e+03	+9.647e+03	+0.251
19.300	+7.782e+03	+2.894e+03	+1.062e+04	+0.271
19.400	+7.616e+03	+2.436e+03	+1.036e+04	+0.242
19.500	+7.509e+03	+1.799e+03	+1.065e+04	+0.193
19.600	+8.526e+03	+1.984e+03	+1.075e+04	+0.189
19.700	+6.772e+03	+3.796e+03	+9.690e+03	+0.359
19.800	+7.600e+03	+2.579e+03	+1.058e+04	+0.253
19.900	+6.728e+03	+2.645e+03	+1.081e+04	+0.282
20.000	+7.979e+03	+3.067e+03	+9.797e+03	+0.278
20.100	+7.182e+03	+2.538e+03	+9.527e+03	+0.261
20.200	+7.201e+03	+2.743e+03	+1.061e+04	+0.276
20.300	+7.562e+03	+3.528e+03	+9.876e+03	+0.318
20.400	+7.878e+03	+3.292e+03	+1.021e+04	+0.295
20.500	+8.185e+03	+2.221e+03	+1.026e+04	+0.213
20.600	+6.363e+03	+3.634e+03	+9.862e+03	+0.364
20.700	+7.917e+03	+2.601e+03	+9.843e+03	+0.247
20.800	+8.841e+03	+2.964e+03	+9.748e+03	+0.251
20.900	+7.213e+03	+1.451e+03	+1.048e+04	+0.167
21.000	+7.804e+03	+2.734e+03	+1.092e+04	+0.259
21.100	+8.394e+03	+2.946e+03	+1.057e+04	+0.260
21.200	+8.635e+03	+1.432e+03	+8.924e+03	+0.142
21.300	+7.816e+03	+1.986e+03	+1.068e+04	+0.203
21.400	+8.038e+03	+2.395e+03	+8.867e+03	+0.230
21.500	+6.893e+03	+2.874e+03	+1.029e+04	+0.294
21.600	+7.098e+03	+3.517e+03	+9.736e+03	+0.331
21.700	+7.660e+03	+1.741e+03	+1.002e+04	+0.185
21.800	+6.949e+03	+3.364e+03	+1.001e+04	+0.326
21.900	+6.851e+03	+1.317e+03	+9.324e+03	+0.161
22.000	+8.073e+03	+2.128e+03	+9.811e+03	+0.209
22.100	+7.384e+03	+2.173e+03	+1.003e+04	+0.227
22.200	+7.071e+03	+2.322e+03	+1.041e+04	+0.247
22.300	+6.521e+03	+3.786e+03	+1.064e+04	+0.367
22.400	+7.365e+03	+3.122e+03	+1.032e+04	+0.298
22.500	+7.775e+03	+2.791e+03	+9.881e+03	+0.264
22.600	+8.055e+03	+3.170e+03	+9.515e+03	+0.282
22.700	+8.296e+03	+1.813e+03	+8.785e+03	+0.179
22.800	+7.112e+03	+1.991e+03	+9.018e+03	+0.219
22.900	+7.294e+03	+2.693e+03	+9.372e+03	+0.270
23.000	+7.206e+03	+1.692e+03	+9.721e+03	+0.190
23.100	+7.762e+03	+2.908e+03	+8.245e+03	+0.273
23.200	+7.404e+03	+1.863e+03	+1.021e+04	+0.201
23.300	+8.823e+03	+2.985e+03	+1.086e+04	+0.253
23.400	+8.317e+03	+3.102e+03	+9.990e+03	+0.272
23.500	+7.081e+03	+2.041e+03	+9.464e+03	+0.224
23.600	+8.161e+03	+2.740e+03	+1.021e+04	+0.251
23.700	+7.707e+03	+3.154e+03	+9.871e+03	+0.290
23.800	+6.652e+03	+2.355e+03	+1.012e+04	+0.261
23.900	+8.365e+03	+2.181e+03	+1.083e+04	+0.207
24.000	+7.004e+03	+1.210e+03	+1.052e+04	+0.147
24.100	+6.591e+03	+2.489e+03	+1.083e+04	+0.274
24.200	+6.502e+03	+2.667e+03	+9.784e+03	+0.291
24.300	+7.159e+03	+3.407e+03	+1.007e+04	+0.322
24.400	+7.730e+03	+2.693e+03	+1.062e+04	+0.258
24.500	+7.488e+03	+1.486e+03	+1.056e+04	+0.166
24.600	+7.673e+03	+2.596e+03	+1.002e+04	+0.253
24.700	+7.764e+03	+2.023e+03	+1.005e+04	+0.207
24.800	+6.938e+03	+2.193e+03	+1.006e+04	+0.240
24.900	+7.034e+03	+1.697e+03	+9.703e+03	+0.194
25.000	+8.179e+03	+2.848e+03	+1.102e+04	+0.258
25.100	+7.965e+03	+1.499e+03	+1.091e+04	+0.158
25.200	+8.470e+03	+2.559e+03	+9.721e+03	+0.232
25.300	+7.114e+03	+2.157e+03	+1.072e+04	+0.233
25.400	+7.337e+03	+3.680e+03	+9.661e+03	+0.334
25.500	+7.769e+03	+2.102e+03	+1.020e+04	+0.213
25.600	+7.214e+03	+1.286e+03	+9.111e+03	+0.151
25.700	+7.565e+03	+2.406e+03	+1.030e+04	+0.241
25.800	+6.146e+03	+2.832e+03	+1.115e+04	+0.315
25.900	+7.977e+03	+2.096e+03	+1.030e+04	+0.208
26.000	+7.217e+03	+2.360e+03	+1.021e+04	+0.246
26.100	+7.059e+03	+2.257e+03	+1.024e+04	+0.242
26.200	+7.315e+03	+1.479e+03	+1.032e+04	+0.168
26.300	+7.575e+03	+2.619e+03	+1.011e+04	+0.257
26.400	+8.005e+03	+2.668e+03	+1.022e+04	+0.250
26.500	+6.947e+03	+2.460e+03	+9.826e+03	+0.261
26.600	+7.173e+03	+2.542e+03	+9.442e+03	+0.262
26.700	+8.014e+03	+2.760e+03	+1.115e+04	+0.256
26.800	+7.092e+03	+2.246e+03	+9.455e+03	+0.241
26.900	+8.170e+03	+1.618e+03	+9.817e+03	+0.165
27.000	+7.117e+03	+2.317e+03	+8.898e+03	+0.246
27.100	+6.533e+03	+1.666e+03	+1.208e+04	+0.203
27.200	+7.813e+03	+2.985e+03	+9.876e+03	+0.276
27.300	+6.416e+03	+2.691e+03	+9.532e+03	+0.295
27.400	+6.872e+03	+3.805e+03	+1.002e+04	+0.356
27.500	+6.811e+03	+2.699e+03	+1.035e+04	+0.284
27.600	+6.400e+03	+3.006e+03	+9.219e+03	+0.320
27.700	+7.471e+03	+3.152e+03	+9.607e+03	+0.297
27.800	+9.042e+03	+1.092e+03	+9.660e+03	+0.108
27.900	+6.791e+03	+2.568e+03	+1.185e+04	+0.274
28.000	+6.881e+03	+1.956e+03	+1.054e+04	+0.221
28.100	+7.186e+03	+2.244e+03	+1.008e+04	+0.238
28.200	+7.508e+03	+2.794e+03	+9.812e+03	+0.271
28.300	+7.966e+03	+2.233e+03	+9.916e+03	+0.219
28.400	+7.181e+03	+2.794e+03	+9.498e+03	+0.280
28.500	+8.023e+03	+3.003e+03	+1.010e+04	+0.272
28.600	+7.176e+03	+3.183e+03	+1.008e+04	+0.307
28.700	+6.734e+03	+8.169e+02	+1.049e+04	+0.108
28.800	+7.487e+03	+2.188e+03	+9.826e+03	+0.226
28.900	+7.839e+03	+2.339e+03	+1.168e+04	+0.230
29.000	+8.177e+03	+2.508e+03	+8.857e+03	+0.235
29.100	+7.310e+03	+1.851e+03	+1.144e+04	+0.202
29.200	+7.265e+03	+2.767e+03	+1.044e+04	+0.276
29.300	+7.427e+03	+2.835e+03	+1.064e+04	+0.276
29.400	+6.631e+03	+2.213e+03	+1.099e+04	+0.250
29.500	+8.294e+03	+9.495e+02	+9.666e+03	+0.103
29.600	+7.109e+03	+2.286e+03	+1.002e+04	+0.243
29.700	+8.386e+03	+2.553e+03	+1.005e+04	+0.233
29.800	+7.454e+03	+2.475e+03	+1.052e+04	+0.249
29.900	+7.521e+03	+2.585e+03	+1.051e+04	+0.256
30.000	+7.963e+03	+2.472e+03	+9.871e+03	+0.237
30.100	+7.082e+03	+2.298e+03	+9.551e+03	+0.245
30.200	+7.115e+03	+2.733e+03	+9.587e+03	+0.278
30.300	+9.104e+03	+1.630e+03	+1.041e+04	+0.152
30.400	+7.503e+03	+2.710e+03	+1.052e+04	+0.265
30.500	+8.779e+03	+2.411e+03	+9.970e+03	+0.215
30.600	+7.576e+03	+2.530e+03	+1.060e+04	+0.250
30.700	+8.271e+03	+2.988e+03	+9.926e+03	+0.265
30.800	+7.404e+03	+2.024e+03	+9.563e+03	+0.215
30.900	+6.907e+03	+3.031e+03	+9.642e+03	+0.305
31.000	+7.608e+03	+2.212e+03	+9.945e+03	+0.225
31.100	+8.292e+03	+3.546e+03	+9.471e+03	+0.300
31.200	+6.528e+03	+3.957e+03	+1.001e+04	+0.377
31.300	+7.704e+03	+2.049e+03	+1.071e+04	+0.210
31.400	+8.041e+03	+3.102e+03	+9.635e+03	+0.278
31.500	+7.621e+03	+3.400e+03	+8.490e+03	+0.309
31.600	+6.507e+03	+2.782e+03	+1.005e+04	+0.299
31.700	+8.289e+03	+3.354e+03	+8.278e+03	+0.288
31.800	+6.777e+03	+2.168e+03	+9.147e+03	+0.242
31.900	+6.581e+03	+1.972e+03	+9.371e+03	+0.231
32.000	+7.343e+03	+3.315e+03	+9.680e+03	+0.311
32.100	+8.481e+03	+2.114e+03	+9.245e+03	+0.200
32.200	+8.145e+03	+1.192e+03	+1.006e+04	+0.128
32.300	+7.178e+03	+2.712e+03	+9.252e+03	+0.274
32.400	+7.048e+03	+2.810e+03	+1.077e+04	+0.285
32.500	+6.348e+03	+4.113e+03	+9.431e+03	+0.393
32.600	+6.822e+03	+1.478e+03	+1.073e+04	+0.178
32.700	+8.340e+03	+1.675e+03	+1.131e+04	+0.167
32.800	+8.017e+03	+3.706e+03	+1.108e+04	+0.316
32.900	+6.582e+03	+1.915e+03	+1.145e+04	+0.225
33.000	+7.635e+03	+2.426e+03	+9.692e+03	+0.241
33.100	+7.744e+03	+2.031e+03	+9.889e+03	+0.208
33.200	+7.868e+03	+2.443e+03	+1.056e+04	+0.237
33.300	+6.606e+03	+2.297e+03	+9.876e+03	+0.258
33.400	+8.884e+03	+1.602e+03	+1.081e+04	+0.153
33.500	+7.335e+03	+2.958e+03	+9.944e+03	+0.287
33.600	+6.857e+03	+2.192e+03	+1.075e+04	+0.242
33.700	+7.389e+03	+3.366e+03	+9.646e+03	+0.313
33.800	+7.906e+03	+1.576e+03	+9.925e+03	+0.166
33.900	+8.026e+03	+3.356e+03	+9.182e+03	+0.295
34.000	+7.840e+03	+2.031e+03	+9.828e+03	+0.206
34.100	+7.372e+03	+2.747e+03	+9.780e+03	+0.271
34.200	+7.303e+03	+1.666e+03	+1.073e+04	+0.186
34.300	+7.516e+03	+2.877e+03	+9.518e+03	+0.277
34.400	+6.874e+03	+1.754e+03	+8.643e+03	+0.203
34.500	+7.235e+03	+1.891e+03	+9.939e+03	+0.207
34.600	+7.692e+03	+3.182e+03	+1.068e+04	+0.293
34.700	+7.453e+03	+1.670e+03	+8.502e+03	+0.183
34.800	+7.825e+03	+1.861e+03	+9.931e+03	+0.192
34.900	+8.054e+03	+3.074e+03	+9.952e+03	+0.276
35.000	+6.487e+03	+2.044e+03	+1.029e+04	+0.240
35.100	+6.428e+03	+3.263e+03	+1.065e+04	+0.337
35.200	+7.698e+03	+3.175e+03	+1.111e+04	+0.292
35.300	+8.170e+03	+2.932e+03	+9.892e+03	+0.264
35.400	+8.314e+03	+3.237e+03	+9.595e+03	+0.280
35.500	+7.465e+03	+3.162e+03	+1.109e+04	+0.298
35.600	+7.095e+03	+2.415e+03	+1.051e+04	+0.254
35.700	+6.806e+03	+2.034e+03	+9.694e+03	+0.230
35.800	+7.645e+03	+3.177e+03	+9.692e+03	+0.294
35.900	+7.154e+03	+2.772e+03	+8.321e+03	+0.279
36.000	+6.891e+03	+2.844e+03	+1.018e+04	+0.292
36.100	+7.774e+03	+1.961e+03	+9.405e+03	+0.201
36.200	+8.614e+03	+2.324e+03	+1.060e+04	+0.212
36.300	+7.706e+03	+2.327e+03	+1.061e+04	+0.232
36.400	+7.645e+03	+2.623e+03	+9.251e+03	+0.255
36.500	+7.208e+03	+2.188e+03	+1.012e+04	+0.233
36.600	+7.592e+03	+2.302e+03	+1.013e+04	+0.233
36.700	+6.260e+03	+2.227e+03	+9.999e+03	+0.262
36.800	+7.140e+03	+1.766e+03	+1.056e+04	+0.198
36.900	+7.707e+03	+1.969e+03	+1.081e+04	+0.203
37.000	+7.071e+03	+2.359e+03	+1.215e+04	+0.250
37.100	+8.922e+03	+2.263e+03	+9.084e+03	+0.202
37.200	+7.791e+03	+1.318e+03	+9.978e+03	+0.145
37.300	+6.030e+03	+3.302e+03	+9.704e+03	+0.354
37.400	+6.519e+03	+3.406e+03	+9.729e+03	+0.343
37.500	+5.312e+03	+5.117e+03	+9.814e+03	+0.491
37.600	+4.648e+03	+4.493e+03	+1.205e+04	+0.492
37.700	+5.136e+03	+7.730e+03	+8.755e+03	+0.601
37.800	+4.406e+03	+5.611e+03	+9.105e+03	+0.560
37.900	+4.948e+03	+3.140e+03	+9.956e+03	+0.388
38.000	+4.752e+03	+3.394e+03	+9.932e+03	+0.417
38.100	+5.987e+03	+5.630e+03	+1.105e+04	+0.485
38.200	+5.716e+03	+4.763e+03	+1.028e+04	+0.455
38.300	+4.732e+03	+6.311e+03	+9.247e+03	+0.571
38.400	+3.912e+03	+5.202e+03	+1.069e+04	+0.571
38.500	+5.036e+03	+4.617e+03	+1.028e+04	+0.478
38.600	+4.938e+03	+5.058e+03	+1.027e+04	+0.506
38.700	+5.468e+03	+5.645e+03	+9.595e+03	+0.508
38.800	+5.770e+03	+5.430e+03	+9.197e+03	+0.485
38.900	+4.580e+03	+5.457e+03	+9.695e+03	+0.544
39.000	+5.999e+03	+5.214e+03	+1.080e+04	+0.465
39.100	+4.764e+03	+6.016e+03	+9.422e+03	+0.558
39.200	+4.574e+03	+6.525e+03	+1.082e+04	+0.588
39.300	+1.827e+03	+7.803e+03	+1.022e+04	+0.810
39.400	+2.505e+03	+8.319e+03	+8.601e+03	+0.769
39.500	+2.077e+03	+7.952e+03	+1.077e+04	+0.793
39.600	+8.715e+02	+8.533e+03	+1.052e+04	+0.907
39.700	+2.138e+03	+7.770e+03	+9.869e+03	+0.784
39.800	+2.422e+03	+7.333e+03	+9.802e+03	+0.752
39.900	+5.508e+02	+8.630e+03	+1.007e+04	+0.940
40.000	+3.505e+03	+7.696e+03	+9.491e+03	+0.687
40.100	+2.404e+03	+8.421e+03	+9.137e+03	+0.778
40.200	+2.826e+03	+7.350e+03	+1.011e+04	+0.722
40.300	+1.880e+03	+7.647e+03	+9.253e+03	+0.803
40.400	+9.991e+02	+8.911e+03	+1.013e+04	+0.899
40.500	+5.884e+03	+5.597e+03	+9.848e+03	+0.488
40.600	+4.926e+03	+4.816e+03	+9.472e+03	+0.494
40.700	+5.817e+03	+5.803e+03	+9.692e+03	+0.499
40.800	+6.205e+03	+5.159e+03	+1.027e+04	+0.454
40.900	+5.648e+03	+4.541e+03	+1.004e+04	+0.446
41.000	+4.249e+03	+4.797e+03	+1.013e+04	+0.530
41.100	+6.096e+03	+4.736e+03	+1.145e+04	+0.437
41.200	+3.655e+03	+5.514e+03	+1.032e+04	+0.601
41.300	+2.125e+03	+7.160e+03	+1.029e+04	+0.771
41.400	+4.814e+03	+3.835e+03	+1.037e+04	+0.443
41.500	+5.173e+03	+5.745e+03	+9.920e+03	+0.526
41.600	+3.999e+03	+6.457e+03	+1.052e+04	+0.618
41.700	+5.110e+03	+4.098e+03	+8.742e+03	+0.445
41.800	+5.507e+03	+5.280e+03	+9.101e+03	+0.489
41.900	+5.029e+03	+5.541e+03	+1.034e+04	+0.524
42.000	+3.689e+03	+4.911e+03	+9.700e+03	+0.571
42.100	+3.664e+03	+4.012e+03	+9.409e+03	+0.523
42.200	+3.878e+03	+5.914e+03	+1.050e+04	+0.604
42.300	+2.161e+03	+8.683e+03	+9.335e+03	+0.801
42.400	+2.192e+03	+8.104e+03	+1.059e+04	+0.787
42.500	+1.536e+03	+7.243e+03	+1.019e+04	+0.825
42.600	+2.896e+03	+8.473e+03	+9.264e+03	+0.745
42.700	+2.651e+03	+8.099e+03	+8.736e+03	+0.753
42.800	+2.136e+03	+7.987e+03	+1.014e+04	+0.789
42.900	+3.891e+03	+9.117e+03	+1.013e+04	+0.701
43.000	+2.229e+03	+7.824e+03	+1.141e+04	+0.778
43.100	+2.769e+03	+7.764e+03	+1.049e+04	+0.737
43.200	+6.302e+03	+5.465e+03	+9.585e+03	+0.464
43.300	+4.822e+03	+5.046e+03	+8.917e+03	+0.511
43.400	+4.907e+03	+5.074e+03	+9.481e+03	+0.508
43.500	+5.391e+03	+5.085e+03	+8.701e+03	+0.485
43.600	+4.825e+03	+6.214e+03	+9.396e+03	+0.563
43.700	+4.818e+03	+3.849e+03	+8.977e+03	+0.444
43.800	+4.775e+03	+5.630e+03	+9.535e+03	+0.541
43.900	+5.180e+03	+6.570e+03	+1.103e+04	+0.559
44.000	+4.351e+03	+5.602e+03	+8.508e+03	+0.563
44.100	+5.218e+03	+4.408e+03	+9.855e+03	+0.458
44.200	+5.556e+03	+4.517e+03	+9.572e+03	+0.448
44.300	+5.810e+03	+6.375e+03	+9.657e+03	+0.523
44.400	+4.724e+03	+3.455e+03	+1.093e+04	+0.422
44.500	+5.612e+03	+4.815e+03	+1.102e+04	+0.462
44.600	+4.961e+03	+5.781e+03	+8.748e+03	+0.538
44.700	+4.693e+03	+5.365e+03	+1.089e+04	+0.533
44.800	+4.378e+03	+5.790e+03	+1.018e+04	+0.569
44.900	+5.315e+03	+4.729e+03	+1.108e+04	+0.471
45.000	+5.153e+03	+5.761e+03	+9.943e+03	+0.528
45.100	+4.581e+03	+5.017e+03	+1.206e+04	+0.523
45.200	+5.213e+03	+4.867e+03	+1.082e+04	+0.483
45.300	+5.045e+03	+4.655e+03	+9.304e+03	+0.480
45.400	+5.249e+03	+4.717e+03	+1.049e+04	+0.473
45.500	+4.723e+03	+5.389e+03	+1.058e+04	+0.533
45.600	+5.037e+03	+4.941e+03	+8.884e+03	+0.495
45.700	+4.184e+03	+5.250e+03	+9.623e+03	+0.557
45.800	+4.271e+03	+4.473e+03	+1.002e+04	+0.512
45.900	+6.307e+03	+5.314e+03	+9.735e+03	+0.457
46.000	+5.059e+03	+6.088e+03	+9.546e+03	+0.546
46.100	+5.667e+03	+5.011e+03	+9.799e+03	+0.469
46.200	+5.877e+03	+5.115e+03	+9.422e+03	+0.465
46.300	+5.517e+03	+5.660e+03	+1.093e+04	+0.506
46.400	+5.859e+03	+4.570e+03	+9.813e+03	+0.438
46.500	+4.931e+03	+5.181e+03	+1.089e+04	+0.512
46.600	+5.921e+03	+4.609e+03	+1.071e+04	+0.438
46.700	+6.915e+03	+5.062e+03	+1.089e+04	+0.423
46.800	+9.680e+02	+8.447e+03	+9.041e+03	+0.897
46.900	+1.539e+03	+7.525e+03	+1.019e+04	+0.830
47.000	+2.344e+03	+8.514e+03	+1.096e+04	+0.784
47.100	+3.304e+03	+8.733e+03	+9.831e+03	+0.726
47.200	+1.074e+03	+8.366e+03	+1.046e+04	+0.886
47.300	+2.819e+03	+8.363e+03	+1.024e+04	+0.748
47.400	+1.670e+03	+7.662e+03	+8.642e+03	+0.821
47.500	+2.258e+03	+7.212e+03	+9.594e+03	+0.762
47.600	+3.304e+03	+7.789e+03	+1.068e+04	+0.702
47.700	+2.012e+03	+7.747e+03	+1.155e+04	+0.794
47.800	+1.538e+03	+5.562e+03	+1.121e+04	+0.783
47.900	+3.333e+03	+6.420e+03	+9.613e+03	+0.658
48.000	+4.649e+03	+4.738e+03	+8.256e+03	+0.505
48.100	+4.527e+03	+6.213e+03	+1.048e+04	+0.579
48.200	+3.460e+03	+4.068e+03	+1.004e+04	+0.540
48.300	+5.583e+03	+6.487e+03	+1.061e+04	+0.537
48.400	+5.579e+03	+6.451e+03	+9.681e+03	+0.536
48.500	+5.673e+03	+5.750e+03	+1.102e+04	+0.503
48.600	+5.569e+03	+5.064e+03	+9.805e+03	+0.476
48.700	+5.692e+03	+4.029e+03	+1.003e+04	+0.414
48.800	+4.852e+03	+5.115e+03	+1.105e+04	+0.513
48.900	+4.492e+03	+5.706e+03	+1.005e+04	+0.560
49.000	+4.598e+03	+4.725e+03	+1.015e+04	+0.507
49.100	+4.131e+03	+5.391e+03	+1.033e+04	+0.566
49.200	+1.949e+03	+8.259e+03	+9.167e+03	+0.809
49.300	+2.737e+03	+7.370e+03	+1.003e+04	+0.729
49.400	+1.895e+03	+8.939e+03	+8.896e+03	+0.825
49.500	+2.335e+03	+7.324e+03	+1.044e+04	+0.758
49.600	+2.143e+03	+7.860e+03	+1.025e+04	+0.786
49.700	+1.934e+03	+8.168e+03	+1.026e+04	+0.809
49.800	+1.788e+03	+8.225e+03	+9.125e+03	+0.821
49.900	+1.643e+03	+7.231e+03	+1.040e+04	+0.815
50.000	+2.695e+03	+6.966e+03	+1.047e+04	+0.721
50.100	+2.700e+03	+8.271e+03	+9.448e+03	+0.754
50.200	+1.617e+03	+7.241e+03	+9.932e+03	+0.817
50.300	+1.500e+03	+7.706e+03	+1.040e+04	+0.837
50.400	+1.751e+03	+6.845e+03	+1.004e+04	+0.796
50.500	+1.169e+03	+7.315e+03	+9.364e+03	+0.862
50.600	+1.863e+03	+8.168e+03	+1.059e+04	+0.814
50.700	+1.799e+03	+8.273e+03	+1.070e+04	+0.821
50.800	+2.812e+03	+6.397e+03	+9.680e+03	+0.695
50.900	+4.269e+03	+4.799e+03	+1.085e+04	+0.529
51.000	+3.907e+03	+3.874e+03	+9.702e+03	+0.498
51.100	+4.695e+03	+4.200e+03	+1.048e+04	+0.472
51.200	+4.939e+03	+6.378e+03	+9.994e+03	+0.564
51.300	+4.365e+03	+5.550e+03	+1.039e+04	+0.560
51.400	+4.977e+03	+5.262e+03	+9.495e+03	+0.514
51.500	+6.653e+03	+4.775e+03	+1.080e+04	+0.418
51.600	+5.713e+03	+3.953e+03	+9.343e+03	+0.409
51.700	+4.650e+03	+5.286e+03	+1.212e+04	+0.532
51.800	+4.742e+03	+5.980e+03	+1.066e+04	+0.558
51.900	+5.010e+03	+5.571e+03	+1.020e+04	+0.527
52.000	+4.754e+03	+3.322e+03	+1.053e+04	+0.411
52.100	+6.036e+03	+4.673e+03	+9.695e+03	+0.436
52.200	+4.909e+03	+5.275e+03	+8.785e+03	+0.518
52.300	+3.828e+03	+5.335e+03	+8.928e+03	+0.582
52.400	+4.432e+03	+5.480e+03	+1.050e+04	+0.553
52.500	+5.709e+03	+5.428e+03	+9.522e+03	+0.487
52.600	+4.875e+03	+4.714e+03	+9.346e+03	+0.492
52.700	+4.981e+03	+5.012e+03	+1.078e+04	+0.502
52.800	+5.263e+03	+4.691e+03	+1.071e+04	+0.471
52.900	+4.329e+03	+4.110e+03	+1.035e+04	+0.487
53.000	+5.199e+03	+4.803e+03	+1.049e+04	+0.480
53.100	+4.320e+03	+3.577e+03	+1.148e+04	+0.453
53.200	+6.144e+03	+3.920e+03	+9.907e+03	+0.390
53.300	+5.597e+03	+4.605e+03	+9.407e+03	+0.451
53.400	+5.345e+03	+3.711e+03	+1.074e+04	+0.410
53.500	+3.929e+03	+4.131e+03	+9.762e+03	+0.513
53.600	+5.486e+03	+4.560e+03	+9.848e+03	+0.454
53.700	+3.910e+03	+5.790e+03	+9.252e+03	+0.597
53.800	+4.334e+03	+4.650e+03	+1.041e+04	+0.518
53.900	+2.658e+03	+4.123e+03	+1.010e+04	+0.608
54.000	+4.532e+03	+4.409e+03	+9.516e+03	+0.493
54.100	+8.024e+03	+3.516e+03	+9.240e+03	+0.305
54.200	+9.650e+03	+2.516e+03	+1.039e+04	+0.207
54.300	+8.253e+03	+3.960e+03	+9.147e+03	+0.324
54.400	+7.147e+03	+3.787e+03	+1.087e+04	+0.346
54.500	+7.681e+03	+2.360e+03	+9.424e+03	+0.235
54.600	+7.938e+03	+2.807e+03	+9.710e+03	+0.261
54.700	+7.853e+03	+2.704e+03	+1.013e+04	+0.256
54.800	+7.307e+03	+2.183e+03	+8.530e+03	+0.230
54.900	+8.479e+03	+2.755e+03	+1.037e+04	+0.245
55.000	+6.963e+03	+2.883e+03	+9.951e+03	+0.293
55.100	+6.643e+03	+3.350e+03	+9.951e+03	+0.335
55.200	+7.920e+03	+2.629e+03	+1.075e+04	+0.249
55.300	+7.730e+03	+1.150e+03	+8.386e+03	+0.130
55.400	+7.120e+03	+1.549e+03	+1.002e+04	+0.179
55.500	+7.689e+03	+2.837e+03	+9.067e+03	+0.270
55.600	+7.768e+03	+1.656e+03	+1.112e+04	+0.176
55.700	+8.575e+03	+2.279e+03	+1.074e+04	+0.210
55.800	+7.721e+03	+2.938e+03	+1.052e+04	+0.276
55.900	+7.467e+03	+2.992e+03	+1.045e+04	+0.286
56.000	+7.434e+03	+3.088e+03	+1.021e+04	+0.293
56.100	+8.155e+03	+2.606e+03	+1.087e+04	+0.242
56.200	+7.899e+03	+2.027e+03	+9.946e+03	+0.204
56.300	+7.371e+03	+1.328e+03	+9.588e+03	+0.153
56.400	+6.948e+03	+2.588e+03	+9.547e+03	+0.271
56.500	+8.025e+03	+1.717e+03	+1.048e+04	+0.176
56.600	+6.438e+03	+2.654e+03	+1.069e+04	+0.292
56.700	+6.975e+03	+2.859e+03	+1.048e+04	+0.291
56.800	+7.731e+03	+2.966e+03	+1.039e+04	+0.277
56.900	+6.204e+03	+1.646e+03	+1.003e+04	+0.210
57.000	+7.393e+03	+2.446e+03	+1.110e+04	+0.249
57.100	+7.027e+03	+3.385e+03	+1.036e+04	+0.325
57.200	+6.661e+03	+3.035e+03	+1.008e+04	+0.313
57.300	+7.517e+03	+2.946e+03	+9.654e+03	+0.282
57.400	+7.673e+03	+3.530e+03	+1.214e+04	+0.315
57.500	+5.929e+03	+1.871e+03	+9.684e+03	+0.240
57.600	+6.674e+03	+3.294e+03	+9.642e+03	+0.330
57.700	+8.240e+03	+1.799e+03	+1.084e+04	+0.179
57.800	+7.294e+03	+2.660e+03	+8.406e+03	+0.267
57.900	+8.390e+03	+2.664e+03	+1.110e+04	+0.241
58.000	+7.929e+03	+3.495e+03	+1.108e+04	+0.306
58.100	+7.396e+03	+1.245e+03	+9.745e+03	+0.144
58.200	+7.230e+03	+3.042e+03	+8.938e+03	+0.296
58.300	+6.970e+03	+2.968e+03	+9.288e+03	+0.299
58.400	+7.832e+03	+3.246e+03	+9.835e+03	+0.293
58.500	+7.069e+03	+2.483e+03	+1.055e+04	+0.260
58.600	+6.643e+03	+1.241e+03	+1.018e+04	+0.157
58.700	+8.028e+03	+1.638e+03	+1.054e+04	+0.169
58.800	+6.532e+03	+1.959e+03	+9.084e+03	+0.231
58.900	+7.297e+03	+1.039e+03	+1.028e+04	+0.125
59.000	+7.902e+03	+2.173e+03	+9.693e+03	+0.216
59.100	+7.332e+03	+3.502e+02	+9.297e+03	+0.046
59.200	+6.973e+03	+1.960e+03	+8.952e+03	+0.219
59.300	+7.666e+03	+2.289e+03	+8.601e+03	+0.230
59.400	+6.775e+03	+2.118e+03	+1.006e+04	+0.238
59.500	+6.036e+03	+2.655e+03	+1.111e+04	+0.305
59.600	+6.998e+03	+2.067e+03	+1.102e+04	+0.228
59.700	+7.030e+03	+2.590e+03	+1.009e+04	+0.269
59.800	+9.713e+03	+3.796e+03	+9.532e+03	+0.281
59.900	+7.068e+03	+2.211e+03	+9.746e+03	+0.238
60.000	+7.500e+03	+2.262e+03	+9.257e+03	+0.232
60.100	+7.264e+03	+3.582e+03	+8.681e+03	+0.330
60.200	+8.355e+03	+1.413e+03	+1.021e+04	+0.145
60.300	+8.182e+03	+1.614e+03	+1.088e+04	+0.165
60.400	+7.396e+03	+2.219e+03	+1.025e+04	+0.231
60.500	+7.683e+03	+2.672e+03	+9.983e+03	+0.258
60.600	+8.318e+03	+2.589e+03	+8.927e+03	+0.237
60.700	+8.009e+03	+3.124e+03	+1.010e+04	+0.281
60.800	+5.929e+03	+2.691e+03	+1.053e+04	+0.312
60.900	+6.692e+03	+2.626e+03	+9.781e+03	+0.282
61.000	+7.870e+03	+2.395e+03	+1.047e+04	+0.233
61.100	+7.252e+03	+1.694e+03	+1.019e+04	+0.189
61.200	+7.340e+03	+3.103e+03	+1.034e+04	+0.297
61.300	+7.638e+03	+3.747e+03	+1.026e+04	+0.329
61.400	+7.282e+03	+2.668e+03	+9.680e+03	+0.268
61.500	+7.524e+03	+3.163e+03	+1.081e+04	+0.296
61.600	+7.103e+03	+2.938e+03	+9.351e+03	+0.293
61.700	+7.671e+03	+2.751e+03	+1.134e+04	+0.264
61.800	+5.955e+03	+2.807e+03	+9.344e+03	+0.320
61.900	+6.570e+03	+1.842e+03	+9.075e+03	+0.219
62.000	+8.057e+03	+2.750e+03	+1.058e+04	+0.254
62.100	+6.075e+03	+2.925e+03	+8.999e+03	+0.325
62.200	+6.639e+03	+2.357e+03	+1.008e+04	+0.262
62.300	+8.328e+03	+2.430e+03	+9.230e+03	+0.226
62.400	+8.125e+03	+2.519e+03	+8.929e+03	+0.237
62.500	+7.255e+03	+1.782e+03	+1.035e+04	+0.197
62.600	+8.911e+03	+2.051e+03	+1.090e+04	+0.187
62.700	+7.476e+03	+2.296e+03	+9.919e+03	+0.235
62.800	+6.757e+03	+1.712e+03	+1.033e+04	+0.202
62.900	+6.946e+03	+2.883e+03	+8.711e+03	+0.293
63.000	+7.906e+03	+2.189e+03	+9.487e+03	+0.217
63.100	+6.249e+03	+1.366e+03	+8.589e+03	+0.179
63.200	+8.621e+03	+2.640e+03	+9.970e+03	+0.234
63.300	+6.280e+03	+2.361e+03	+1.058e+04	+0.273
63.400	+8.728e+03	+2.412e+03	+1.042e+04	+0.217
63.500	+7.091e+03	+2.827e+03	+1.026e+04	+0.285
63.600	+9.266e+03	+2.377e+03	+9.572e+03	+0.204
63.700	+7.655e+03	+2.545e+03	+9.479e+03	+0.250
63.800	+6.423e+03	+2.402e+03	+9.712e+03	+0.272
63.900	+7.991e+03	+2.338e+03	+9.820e+03	+0.226
64.000	+6.281e+03	+3.524e+03	+1.010e+04	+0.359
64.100	+7.798e+03	+4.120e+03	+1.060e+04	+0.346
64.200	+7.849e+03	+3.190e+03	+1.047e+04	+0.289
64.300	+7.195e+03	+3.461e+03	+8.784e+03	+0.325
64.400	+6.758e+03	+4.050e+03	+1.001e+04	+0.375
64.500	+7.783e+03	+2.364e+03	+8.968e+03	+0.233
64.600	+8.084e+03	+2.924e+03	+1.071e+04	+0.266
64.700	+6.953e+03	+3.665e+03	+1.018e+04	+0.345
64.800	+6.990e+03	+1.283e+03	+1.009e+04	+0.155
64.900	+7.849e+03	+2.262e+03	+9.366e+03	+0.224
65.000	+7.344e+03	+2.899e+03	+8.951e+03	+0.283
65.100	+7.485e+03	+1.636e+03	+1.045e+04	+0.179
65.200	+6.992e+03	+2.887e+03	+9.186e+03	+0.292
65.300	+7.005e+03	+1.925e+03	+9.884e+03	+0.216
65.400	+8.578e+03	+3.506e+03	+9.271e+03	+0.290
65.500	+7.262e+03	+2.201e+03	+1.066e+04	+0.233
65.600	+6.790e+03	+1.924e+03	+8.839e+03	+0.221
65.700	+7.023e+03	+2.404e+03	+1.042e+04	+0.255
65.800	+8.112e+03	+1.173e+03	+1.062e+04	+0.126
65.900	+7.524e+03	+2.301e+03	+9.610e+03	+0.234
66.000	+7.520e+03	+1.637e+03	+8.396e+03	+0.179
66.100	+7.469e+03	+1.715e+03	+9.768e+03	+0.187
66.200	+7.102e+03	+1.257e+03	+1.040e+04	+0.150
66.300	+8.440e+03	+2.758e+03	+8.781e+03	+0.246
66.400	+7.431e+03	+2.442e+03	+1.090e+04	+0.247
66.500	+8.841e+03	+2.559e+03	+9.682e+03	+0.224
66.600	+8.565e+03	+3.084e+03	+9.457e+03	+0.265
66.700	+7.828e+03	+2.394e+03	+9.651e+03	+0.234
66.800	+7.985e+03	+3.166e+03	+9.998e+03	+0.284
66.900	+7.960e+03	+3.393e+03	+9.593e+03	+0.299
67.000	+7.119e+03	+1.730e+03	+1.064e+04	+0.195
67.100	+7.999e+03	+1.795e+03	+1.003e+04	+0.183
67.200	+9.092e+03	+2.327e+03	+1.104e+04	+0.204
67.300	+8.067e+03	+4.188e+03	+9.668e+03	+0.342
67.400	+7.066e+03	+1.846e+03	+1.046e+04	+0.207
67.500	+7.380e+03	+1.392e+03	+9.119e+03	+0.159
67.600	+7.554e+03	+2.297e+03	+9.132e+03	+0.233
67.700	+8.024e+03	+3.246e+03	+9.562e+03	+0.288
67.800	+7.571e+03	+2.436e+03	+8.871e+03	+0.243
67.900	+6.205e+03	+1.694e+03	+9.670e+03	+0.215
68.000	+7.967e+03	+2.107e+03	+8.744e+03	+0.209
68.100	+8.273e+03	+1.801e+03	+1.066e+04	+0.179
68.200	+7.627e+03	+3.269e+03	+9.587e+03	+0.300
68.300	+7.472e+03	+2.524e+03	+9.051e+03	+0.252
68.400	+7.068e+03	+3.353e+03	+9.649e+03	+0.322
68.500	+7.605e+03	+3.047e+03	+9.427e+03	+0.286
68.600	+7.253e+03	+1.947e+03	+1.058e+04	+0.212
68.700	+7.537e+03	+2.618e+03	+8.984e+03	+0.258
68.800	+7.666e+03	+3.016e+03	+9.714e+03	+0.282
68.900	+6.870e+03	+1.389e+03	+1.020e+04	+0.168
69.000	+7.472e+03	+2.625e+03	+8.988e+03	+0.260
69.100	+8.616e+03	+1.412e+03	+9.706e+03	+0.141
69.200	+8.077e+03	+1.623e+03	+1.056e+04	+0.167
69.300	+7.611e+03	+3.299e+03	+8.851e+03	+0.302
69.400	+6.637e+03	+3.145e+03	+9.896e+03	+0.322
69.500	+6.541e+03	+2.479e+03	+1.013e+04	+0.275
69.600	+6.350e+03	+2.925e+03	+9.458e+03	+0.315
69.700	+6.976e+03	+2.553e+03	+9.105e+03	+0.268
69.800	+7.237e+03	+2.134e+03	+1.113e+04	+0.228
69.900	+7.846e+03	+2.048e+03	+1.058e+04	+0.207
70.000	+6.397e+03	+2.575e+03	+1.133e+04	+0.287
70.100	+6.682e+03	+2.630e+03	+8.726e+03	+0.282
70.200	+6.239e+03	+2.252e+03	+9.611e+03	+0.265
70.300	+8.404e+03	+2.252e+03	+9.865e+03	+0.211
70.400	+6.454e+03	+1.678e+03	+9.525e+03	+0.206
70.500	+8.150e+03	+3.090e+03	+1.205e+04	+0.275
70.600	+6.554e+03	+2.763e+03	+1.025e+04	+0.297
70.700	+6.947e+03	+3.068e+03	+9.945e+03	+0.306
70.800	+7.276e+03	+1.905e+03	+1.077e+04	+0.208
70.900	+8.467e+03	+2.821e+03	+9.919e+03	+0.250
71.000	+9.092e+03	+3.679e+03	+1.086e+04	+0.288
71.100	+6.676e+03	+3.093e+03	+9.831e+03	+0.317
71.200	+6.838e+03	+2.632e+03	+9.444e+03	+0.278
71.300	+6.705e+03	+3.213e+03	+1.068e+04	+0.324
71.400	+6.966e+03	+2.657e+03	+9.244e+03	+0.276
71.500	+7.347e+03	+2.062e+03	+9.920e+03	+0.219
71.600	+7.047e+03	+2.549e+03	+1.061e+04	+0.266
71.700	+7.953e+03	+3.433e+03	+1.017e+04	+0.302
71.800	+6.623e+03	+1.453e+03	+9.395e+03	+0.180
71.900	+8.098e+03	+2.075e+03	+9.648e+03	+0.204
72.000	+8.202e+03	+2.665e+03	+1.061e+04	+0.245
72.100	+5.956e+03	+3.455e+03	+1.079e+04	+0.367
72.200	+7.763e+03	+2.365e+03	+9.952e+03	+0.234
72.300	+6.274e+03	+2.783e+03	+9.776e+03	+0.307
72.400	+7.801e+03	+2.180e+03	+1.051e+04	+0.218
72.500	+7.728e+03	+2.528e+03	+9.968e+03	+0.247
72.600	+8.765e+03	+3.051e+03	+1.070e+04	+0.258
72.700	+7.532e+03	+2.635e+03	+1.006e+04	+0.259
72.800	+8.054e+03	+3.853e+03	+9.883e+03	+0.324
72.900	+6.494e+03	+1.717e+03	+9.186e+03	+0.209
73.000	+8.188e+03	+2.796e+03	+9.622e+03	+0.255
73.100	+7.648e+03	+2.230e+03	+1.112e+04	+0.226
73.200	+7.805e+03	+2.097e+03	+9.825e+03	+0.212
73.300	+7.757e+03	+2.096e+03	+1.118e+04	+0.213
73.400	+7.491e+03	+1.495e+03	+1.031e+04	+0.166
73.500	+7.914e+03	+2.653e+03	+9.284e+03	+0.251
73.600	+6.596e+03	+3.435e+03	+1.065e+04	+0.342
73.700	+6.548e+03	+3.044e+03	+1.034e+04	+0.317
73.800	+6.041e+03	+4.153e+03	+9.096e+03	+0.407
73.900	+8.352e+03	+2.654e+03	+1.076e+04	+0.241
74.000	+7.605e+03	+1.396e+03	+8.924e+03	+0.155
74.100	+7.880e+03	+2.355e+03	+1.023e+04	+0.230
74.200	+7.966e+03	+2.909e+03	+1.040e+04	+0.268
74.300	+6.355e+03	+2.185e+03	+9.936e+03	+0.256
74.400	+6.820e+03	+2.310e+03	+1.094e+04	+0.253
74.500	+8.127e+03	+2.298e+03	+1.039e+04	+0.220
74.600	+6.434e+03	+1.765e+03	+1.034e+04	+0.215
74.700	+8.533e+03	+2.267e+03	+1.128e+04	+0.210
74.800	+8.742e+03	+2.594e+03	+1.004e+04	+0.229
74.900	+7.654e+03	+3.445e+03	+1.085e+04	+0.310
75.000	+7.113e+03	+2.940e+03	+1.069e+04	+0.292
75.100	+8.132e+03	+2.136e+03	+1.004e+04	+0.208
75.200	+7.635e+03	+2.705e+03	+1.052e+04	+0.262
75.300	+6.454e+03	+3.505e+03	+9.286e+03	+0.352
75.400	+7.320e+03	+3.036e+03	+1.014e+04	+0.293
75.500	+6.514e+03	+4.520e+03	+9.634e+03	+0.410
75.600	+8.627e+03	+2.776e+03	+1.119e+04	+0.243
75.700	+8.543e+03	+2.999e+03	+1.148e+04	+0.260
75.800	+7.205e+03	+1.812e+03	+9.526e+03	+0.201
75.900	+7.747e+03	+3.450e+03	+9.150e+03	+0.308
76.000	+8.233e+03	+1.844e+03	+9.973e+03	+0.183
76.100	+7.787e+03	+2.927e+03	+9.329e+03	+0.273
76.200	+8.293e+03	+1.829e+03	+8.937e+03	+0.181
76.300	+7.972e+03	+2.745e+03	+9.444e+03	+0.256
76.400	+7.257e+03	+2.483e+03	+8.684e+03	+0.255
76.500	+7.170e+03	+3.558e+03	+1.098e+04	+0.332
76.600	+6.967e+03	+1.502e+03	+9.777e+03	+0.177
76.700	+8.594e+03	+5.673e+02	+1.054e+04	+0.062
76.800	+6.875e+03	+3.265e+03	+1.095e+04	+0.322
76.900	+6.849e+03	+1.785e+03	+1.065e+04	+0.207
77.000	+7.641e+03	+3.428e+03	+1.065e+04	+0.310
77.100	+7.558e+03	+1.642e+03	+1.059e+04	+0.178
77.200	+6.883e+03	+2.434e+03	+9.149e+03	+0.261
77.300	+7.360e+03	+3.139e+03	+9.858e+03	+0.299
77.400	+7.140e+03	+2.110e+03	+1.057e+04	+0.228
77.500	+7.094e+03	+1.995e+03	+1.032e+04	+0.220
77.600	+7.629e+03	+2.488e+03	+9.436e+03	+0.246
77.700	+7.243e+03	+1.956e+03	+1.105e+04	+0.213
77.800	+6.975e+03	+2.668e+03	+1.000e+04	+0.277
77.900	+8.067e+03	+2.465e+03	+1.107e+04	+0.234
78.000	+6.031e+03	+2.355e+03	+1.127e+04	+0.281
78.100	+6.865e+03	+1.945e+03	+1.158e+04	+0.221
78.200	+6.875e+03	+3.451e+03	+1.027e+04	+0.334
78.300	+8.188e+03	+2.728e+03	+1.058e+04	+0.250
78.400	+6.341e+03	+2.068e+03	+9.455e+03	+0.246
78.500	+7.618e+03	+3.589e+03	+9.726e+03	+0.320
78.600	+7.337e+03	+2.251e+03	+1.032e+04	+0.235
78.700	+6.927e+03	+3.811e+03	+1.002e+04	+0.355
78.800	+7.121e+03	+1.907e+03	+1.028e+04	+0.211
78.900	+7.196e+03	+3.315e+03	+1.012e+04	+0.315
79.000	+6.496e+03	+2.449e+03	+1.041e+04	+0.274
79.100	+7.676e+03	+2.102e+03	+1.035e+04	+0.215
79.200	+7.915e+03	+2.765e+03	+1.017e+04	+0.259
79.300	+7.171e+03	+2.604e+03	+1.031e+04	+0.266
79.400	+7.103e+03	+2.952e+03	+1.089e+04	+0.294
79.500	+7.496e+03	+2.598e+03	+8.907e+03	+0.257
79.600	+6.910e+03	+2.065e+03	+1.099e+04	+0.230
79.700	+8.289e+03	+1.962e+03	+9.626e+03	+0.191
79.800	+7.528e+03	+2.046e+03	+8.966e+03	+0.214
79.900	+7.174e+03	+1.854e+03	+1.017e+04	+0.205
80.000	+8.280e+03	+2.574e+03	+9.686e+03	+0.237
80.100	+7.452e+03	+7.098e+02	+1.015e+04	+0.087
80.200	+7.287e+03	+2.859e+03	+9.948e+03	+0.282
80.300	+6.603e+03	+1.850e+03	+9.567e+03	+0.219
80.400	+7.631e+03	+9.774e+02	+1.033e+04	+0.114
80.500	+6.407e+03	+2.898e+03	+9.534e+03	+0.311
80.600	+6.788e+03	+3.900e+03	+9.821e+03	+0.365
80.700	+8.900e+03	+2.983e+03	+1.091e+04	+0.251
80.800	+7.151e+03	+3.296e+03	+9.722e+03	+0.315
80.900	+8.278e+03	+2.100e+03	+1.054e+04	+0.202
81.000	+8.209e+03	+2.060e+03	+9.399e+03	+0.201
81.100	+6.360e+03	+3.290e+03	+1.016e+04	+0.341
81.200	+6.875e+03	+2.601e+03	+1.069e+04	+0.274
81.300	+9.310e+03	+2.453e+03	+1.038e+04	+0.209
81.400	+7.265e+03	+2.813e+03	+9.958e+03	+0.279
81.500	+6.845e+03	+2.695e+03	+9.128e+03	+0.282
81.600	+8.244e+03	+2.016e+03	+9.582e+03	+0.196
81.700	+7.218e+03	+2.409e+03	+1.045e+04	+0.250
81.800	+7.495e+03	+2.258e+03	+9.815e+03	+0.231
81.900	+8.740e+03	+3.595e+03	+9.003e+03	+0.291
82.000	+7.598e+03	+2.522e+03	+1.061e+04	+0.249
82.100	+6.777e+03	+1.654e+03	+1.080e+04	+0.196
82.200	+7.447e+03	+2.431e+03	+9.639e+03	+0.246
82.300	+8.823e+03	+1.603e+03	+9.868e+03	+0.154
82.400	+8.699e+03	+2.135e+03	+9.554e+03	+0.197
82.500	+6.676e+03	+2.801e+03	+1.001e+04	+0.296
82.600	+7.818e+03	+1.627e+03	+1.062e+04	+0.172
82.700	+7.976e+03	+1.514e+03	+9.679e+03	+0.159
82.800	+8.577e+03	+2.257e+03	+8.958e+03	+0.208
82.900	+8.013e+03	+3.410e+03	+1.058e+04	+0.298
83.000	+6.917e+03	+2.052e+03	+1.028e+04	+0.229
83.100	+7.025e+03	+2.908e+03	+1.039e+04	+0.293
83.200	+8.450e+03	+2.468e+03	+1.104e+04	+0.226
83.300	+6.848e+03	+3.076e+03	+1.076e+04	+0.310
83.400	+8.314e+03	+2.895e+03	+1.110e+04	+0.258
83.500	+7.635e+03	+1.869e+03	+1.009e+04	+0.197
83.600	+6.671e+03	+1.200e+03	+9.654e+03	+0.152
83.700	+7.062e+03	+2.144e+03	+9.892e+03	+0.233
83.800	+7.448e+03	+2.338e+03	+1.092e+04	+0.239
83.900	+8.355e+03	+2.642e+03	+1.025e+04	+0.240
84.000	+7.594e+03	+3.023e+03	+9.751e+03	+0.285
84.100	+7.828e+03	+3.229e+03	+1.041e+04	+0.292
84.200	+7.940e+03	+3.396e+03	+1.063e+04	+0.300
84.300	+6.579e+03	+3.050e+03	+9.959e+03	+0.317
84.400	+6.358e+03	+3.141e+03	+8.421e+03	+0.331
84.500	+7.436e+03	+1.396e+03	+9.510e+03	+0.158
84.600	+8.022e+03	+2.716e+03	+8.476e+03	+0.253
84.700	+9.308e+03	+2.255e+03	+1.130e+04	+0.195
84.800	+8.677e+03	+2.213e+03	+9.093e+03	+0.203
84.900	+7.825e+03	+1.895e+03	+1.100e+04	+0.195
85.000	+6.775e+03	+1.345e+03	+1.001e+04	+0.166
85.100	+7.637e+03	+2.156e+03	+1.037e+04	+0.220
85.200	+8.354e+03	+2.643e+03	+1.021e+04	+0.240
85.300	+7.475e+03	+1.341e+03	+9.553e+03	+0.152
85.400	+8.455e+03	+2.728e+03	+8.557e+03	+0.244
85.500	+7.565e+03	+2.935e+03	+1.098e+04	+0.280
85.600	+7.825e+03	+2.300e+03	+9.127e+03	+0.227
85.700	+7.383e+03	+2.345e+03	+1.022e+04	+0.241
85.800	+8.352e+03	+3.087e+03	+8.717e+03	+0.270
85.900	+6.398e+03	+2.055e+03	+9.797e+03	+0.243
86.000	+7.714e+03	+1.809e+03	+1.008e+04	+0.190
86.100	+7.488e+03	+3.037e+03	+1.002e+04	+0.289
86.200	+8.825e+03	+1.514e+03	+9.892e+03	+0.146
86.300	+7.037e+03	+3.338e+03	+9.474e+03	+0.322
86.400	+7.822e+03	+2.133e+03	+9.793e+03	+0.214
86.500	+6.985e+03	+1.510e+03	+1.069e+04	+0.178
86.600	+8.188e+03	+1.369e+03	+9.422e+03	+0.143
86.700	+7.973e+03	+3.150e+03	+9.278e+03	+0.283
86.800	+8.150e+03	+3.757e+03	+9.828e+03	+0.316
86.900	+8.157e+03	+2.886e+03	+1.055e+04	+0.261
87.000	+6.975e+03	+2.416e+03	+8.653e+03	+0.257
87.100	+7.641e+03	+2.698e+03	+1.001e+04	+0.261
87.200	+7.331e+03	+2.505e+03	+9.190e+03	+0.255
87.300	+8.615e+03	+1.830e+03	+8.822e+03	+0.175
87.400	+8.120e+03	+2.849e+03	+1.118e+04	+0.260
87.500	+7.138e+03	+2.474e+03	+9.978e+03	+0.257
87.600	+7.914e+03	+1.491e+03	+9.331e+03	+0.159
87.700	+6.928e+03	+2.798e+03	+1.081e+04	+0.288
87.800	+6.944e+03	+2.488e+03	+1.005e+04	+0.264
87.900	+7.338e+03	+1.880e+03	+1.057e+04	+0.204
88.000	+7.258e+03	+2.982e+03	+9.189e+03	+0.291
88.100	+7.814e+03	+2.886e+03	+1.049e+04	+0.270
88.200	+8.058e+03	+2.239e+03	+9.883e+03	+0.217
88.300	+7.569e+03	+3.477e+03	+8.754e+03	+0.315
88.400	+7.619e+03	+3.246e+03	+9.356e+03	+0.299
88.500	+8.264e+03	+2.269e+03	+1.036e+04	+0.215
88.600	+6.823e+03	+3.456e+03	+9.855e+03	+0.336
88.700	+7.056e+03	+4.603e+03	+1.061e+04	+0.395
88.800	+6.871e+03	+2.434e+03	+1.049e+04	+0.262
88.900	+7.507e+03	+2.357e+03	+1.073e+04	+0.239
89.000	+6.878e+03	+2.666e+03	+9.849e+03	+0.279
89.100	+7.853e+03	+2.175e+03	+9.410e+03	+0.217
89.200	+7.799e+03	+2.337e+03	+8.976e+03	+0.231
89.300	+7.595e+03	+3.671e+03	+8.939e+03	+0.326
89.400	+7.598e+03	+2.269e+03	+1.001e+04	+0.230
89.500	+7.173e+03	+3.472e+03	+1.048e+04	+0.326
89.600	+7.470e+03	+4.011e+03	+9.827e+03	+0.349
89.700	+7.263e+03	+3.078e+03	+9.550e+03	+0.298
89.800	+6.248e+03	+2.514e+03	+1.129e+04	+0.287
89.900	+7.855e+03	+2.996e+03	+1.038e+04	+0.276
90.000	+7.190e+03	+1.107e+03	+9.282e+03	+0.133
90.100	+6.922e+03	+2.203e+03	+1.026e+04	+0.241
90.200	+7.349e+03	+3.555e+03	+9.643e+03	+0.326
90.300	+6.182e+03	+1.653e+03	+1.026e+04	+0.211
90.400	+7.484e+03	+3.949e+03	+9.610e+03	+0.345
90.500	+7.909e+03	+2.656e+03	+1.077e+04	+0.251
90.600	+8.344e+03	+1.799e+03	+9.754e+03	+0.177
90.700	+7.024e+03	+3.184e+03	+9.574e+03	+0.312
90.800	+8.630e+03	+3.303e+03	+9.088e+03	+0.277
90.900	+6.674e+03	+2.214e+03	+1.089e+04	+0.249
91.000	+7.397e+03	+2.462e+03	+9.752e+03	+0.250
91.100	+6.594e+03	+2.463e+03	+8.977e+03	+0.272
91.200	+7.571e+03	+1.755e+03	+9.362e+03	+0.188
91.300	+8.443e+03	+2.399e+03	+1.009e+04	+0.221
91.400	+7.180e+03	+3.192e+03	+8.774e+03	+0.308
91.500	+6.806e+03	+2.502e+03	+1.079e+04	+0.269
91.600	+7.990e+03	+2.838e+03	+9.623e+03	+0.262
91.700	+7.197e+03	+2.270e+03	+1.066e+04	+0.240
91.800	+7.787e+03	+1.724e+03	+1.140e+04	+0.181
91.900	+8.130e+03	+2.788e+03	+1.039e+04	+0.255
92.000	+7.061e+03	+3.132e+03	+8.848e+03	+0.307
92.100	+6.739e+03	+3.722e+03	+8.199e+03	+0.356
92.200	+8.202e+03	+3.714e+03	+1.050e+04	+0.312
92.300	+8.062e+03	+1.731e+03	+1.047e+04	+0.177
92.400	+6.687e+03	+1.835e+03	+9.826e+03	+0.215
92.500	+8.004e+03	+2.123e+03	+1.000e+04	+0.210
92.600	+7.727e+03	+1.634e+03	+9.976e+03	+0.175
92.700	+7.787e+03	+1.097e+03	+1.097e+04	+0.124
92.800	+7.017e+03	+2.161e+03	+9.989e+03	+0.235
92.900	+5.351e+03	+2.845e+03	+9.005e+03	+0.347
93.000	+8.778e+03	+2.377e+03	+1.054e+04	+0.213
93.100	+5.748e+03	+2.721e+03	+9.504e+03	+0.321
93.200	+8.013e+03	+2.597e+03	+9.788e+03	+0.245
93.300	+7.386e+03	+1.562e+03	+1.094e+04	+0.175
93.400	+7.271e+03	+3.106e+03	+1.011e+04	+0.299
93.500	+6.976e+03	+2.709e+03	+1.085e+04	+0.280
93.600	+7.275e+03	+1.693e+03	+1.086e+04	+0.189
93.700	+7.332e+03	+1.987e+03	+9.579e+03	+0.213
93.800	+8.220e+03	+2.119e+03	+9.952e+03	+0.205
93.900	+7.930e+03	+1.971e+03	+1.032e+04	+0.199
94.000	+7.152e+03	+1.775e+03	+1.039e+04	+0.199
94.100	+8.028e+03	+3.274e+03	+1.060e+04	+0.290
94.200	+6.556e+03	+2.039e+03	+1.124e+04	+0.237
94.300	+7.390e+03	+2.630e+03	+9.794e+03	+0.262
94.400	+7.957e+03	+2.689e+03	+1.045e+04	+0.253
94.500	+7.397e+03	+1.536e+03	+9.541e+03	+0.172
94.600	+8.561e+03	+3.129e+03	+9.749e+03	+0.268
94.700	+6.613e+03	+1.443e+03	+1.052e+04	+0.179
94.800	+6.796e+03	+2.558e+03	+1.129e+04	+0.273
94.900	+7.257e+03	+3.048e+03	+1.070e+04	+0.296
95.000	+8.340e+03	+2.537e+03	+9.411e+03	+0.233
95.100	+6.935e+03	+1.709e+03	+1.080e+04	+0.198
95.200	+6.158e+03	+1.928e+03	+9.375e+03	+0.238
95.300	+7.915e+03	+1.277e+03	+9.730e+03	+0.139
95.400	+8.372e+03	+2.491e+03	+9.536e+03	+0.229
95.500	+8.135e+03	+3.151e+03	+9.909e+03	+0.279
95.600	+8.741e+03	+3.591e+03	+1.024e+04	+0.291
95.700	+7.274e+03	+3.266e+03	+9.271e+03	+0.310
95.800	+7.601e+03	+1.647e+03	+1.045e+04	+0.178
95.900	+7.370e+03	+1.919e+03	+9.309e+03	+0.207
96.000	+7.399e+03	+3.052e+03	+9.397e+03	+0.292
96.100	+7.442e+03	+1.664e+03	+1.027e+04	+0.183
96.200	+7.624e+03	+1.716e+03	+1.001e+04	+0.184
96.300	+7.922e+03	+1.993e+03	+9.179e+03	+0.201
96.400	+7.982e+03	+2.214e+03	+1.014e+04	+0.217
96.500	+8.444e+03	+2.521e+03	+9.850e+03	+0.230
96.600	+6.990e+03	+2.286e+03	+9.060e+03	+0.246
96.700	+6.694e+03	+1.346e+03	+9.824e+03	+0.167
96.800	+7.463e+03	+3.330e+03	+1.020e+04	+0.309
96.900	+7.997e+03	+3.202e+03	+9.742e+03	+0.286
97.000	+7.639e+03	+1.369e+03	+9.239e+03	+0.152
97.100	+6.376e+03	+2.065e+03	+9.872e+03	+0.245
97.200	+6.695e+03	+3.303e+03	+9.740e+03	+0.330
97.300	+7.461e+03	+2.579e+03	+9.872e+03	+0.257
97.400	+7.849e+03	+2.873e+03	+9.606e+03	+0.268
97.500	+8.005e+03	+1.970e+03	+1.032e+04	+0.197
97.600	+7.748e+03	+1.452e+03	+1.085e+04	+0.158
97.700	+7.655e+03	+3.244e+03	+1.041e+04	+0.298
97.800	+7.555e+03	+2.756e+03	+9.266e+03	+0.267
97.900	+8.334e+03	+2.937e+03	+9.266e+03	+0.261
98.000	+7.763e+03	+2.959e+03	+9.491e+03	+0.276
98.100	+7.508e+03	+1.668e+03	+1.117e+04	+0.182
98.200	+8.188e+03	+1.604e+03	+9.710e+03	+0.164
98.300	+6.523e+03	+2.278e+03	+8.104e+03	+0.259
98.400	+8.158e+03	+2.760e+03	+9.045e+03	+0.253
98.500	+8.277e+03	+2.204e+03	+1.020e+04	+0.210
98.600	+7.430e+03	+3.644e+03	+1.043e+04	+0.329
98.700	+7.898e+03	+1.701e+03	+9.623e+03	+0.177
98.800	+7.235e+03	+2.945e+03	+9.887e+03	+0.289
98.900	+6.002e+03	+1.642e+03	+1.013e+04	+0.215
99.000	+7.653e+03	+3.724e+03	+9.981e+03	+0.327
99.100	+6.564e+03	+2.670e+03	+9.221e+03	+0.289
99.200	+7.026e+03	+2.829e+03	+1.024e+04	+0.287
99.300	+7.395e+03	+1.793e+03	+9.898e+03	+0.195
99.400	+7.055e+03	+2.075e+03	+1.135e+04	+0.227
99.500	+6.689e+03	+2.267e+03	+1.224e+04	+0.253
99.600	+7.759e+03	+3.403e+03	+9.966e+03	+0.305
99.700	+7.920e+03	+1.950e+03	+9.643e+03	+0.198
99.800	+8.596e+03	+2.757e+03	+9.529e+03	+0.243
99.900	+8.543e+03	+1.839e+03	+1.025e+04	+0.177
100.000	+9.503e+03	+1.921e+03	+1.068e+04	+0.168
100.100	+7.715e+03	+1.279e+03	+1.090e+04	+0.142
100.200	+6.383e+03	+3.393e+03	+1.019e+04	+0.347
100.300	+8.051e+03	+1.157e+03	+1.104e+04	+0.126
100.400	+7.688e+03	+3.233e+03	+1.048e+04	+0.296
100.500	+7.840e+03	+2.737e+03	+9.666e+03	+0.259
100.600	+6.517e+03	+2.417e+03	+1.083e+04	+0.271
100.700	+7.165e+03	+2.717e+03	+1.106e+04	+0.275
100.800	+7.676e+03	+1.157e+03	+1.090e+04	+0.131
100.900	+7.310e+03	+2.101e+03	+1.033e+04	+0.223
101.000	+7.441e+03	+3.536e+03	+1.086e+04	+0.322
101.100	+6.812e+03	+3.579e+03	+9.647e+03	+0.344
101.200	+8.110e+03	+1.978e+03	+1.116e+04	+0.196
101.300	+7.609e+03	+2.831e+03	+9.988e+03	+0.271
101.400	+6.829e+03	+1.319e+03	+9.244e+03	+0.162
101.500	+7.428e+03	+2.629e+03	+9.825e+03	+0.261
101.600	+9.007e+03	+3.031e+03	+9.619e+03	+0.252
101.700	+7.620e+03	+4.063e+03	+1.020e+04	+0.348
101.800	+7.555e+03	+3.618e+03	+9.427e+03	+0.324
101.900	+7.684e+03	+2.039e+03	+9.606e+03	+0.210
102.000	+8.101e+03	+2.106e+03	+1.149e+04	+0.206
102.100	+6.379e+03	+2.130e+03	+8.415e+03	+0.250
102.200	+8.089e+03	+3.185e+03	+1.080e+04	+0.283
102.300	+8.201e+03	+2.896e+03	+9.296e+03	+0.261
102.400	+7.335e+03	+2.259e+03	+1.039e+04	+0.235
102.500	+8.260e+03	+3.436e+03	+9.920e+03	+0.294
102.600	+6.801e+03	+2.320e+03	+1.044e+04	+0.254
102.700	+5.723e+03	+1.559e+03	+1.048e+04	+0.214
102.800	+7.709e+03	+3.592e+03	+1.036e+04	+0.318
102.900	+7.284e+03	+2.307e+03	+1.182e+04	+0.241
103.000	+8.295e+03	+3.328e+03	+1.002e+04	+0.286
103.100	+7.910e+03	+2.791e+03	+9.607e+03	+0.261
103.200	+8.264e+03	+2.537e+03	+9.981e+03	+0.235
103.300	+8.029e+03	+3.223e+03	+1.008e+04	+0.286
103.400	+8.059e+03	+1.600e+03	+1.017e+04	+0.166
103.500	+7.464e+03	+1.683e+03	+9.568e+03	+0.184
103.600	+6.663e+03	+2.502e+03	+1.070e+04	+0.273
103.700	+6.817e+03	+1.607e+03	+1.023e+04	+0.191
103.800	+6.456e+03	+1.524e+03	+1.100e+04	+0.191
103.900	+6.400e+03	+2.382e+03	+8.761e+03	+0.271
104.000	+6.569e+03	+2.617e+03	+1.089e+04	+0.285
104.100	+7.336e+03	+1.694e+03	+9.444e+03	+0.188
104.200	+6.834e+03	+3.864e+03	+9.929e+03	+0.361
104.300	+6.830e+03	+2.967e+03	+1.054e+04	+0.303
104.400	+7.572e+03	+2.741e+03	+1.012e+04	+0.266
104.500	+7.011e+03	+8.980e+02	+9.108e+03	+0.114
104.600	+6.443e+03	+2.530e+03	+1.194e+04	+0.282
104.700	+7.060e+03	+2.178e+03	+1.042e+04	+0.236
104.800	+8.181e+03	+2.705e+03	+9.270e+03	+0.248
104.900	+7.430e+03	+2.816e+03	+9.411e+03	+0.275
105.000	+8.180e+03	+2.615e+03	+8.873e+03	+0.242
105.100	+8.638e+03	+1.878e+03	+9.661e+03	+0.179
105.200	+7.485e+03	+2.152e+03	+9.574e+03	+0.223
105.300	+5.368e+03	+2.853e+03	+1.046e+04	+0.347
105.400	+7.797e+03	+3.383e+03	+9.679e+03	+0.303
105.500	+7.093e+03	+2.539e+03	+9.638e+03	+0.264
105.600	+7.513e+03	+3.405e+03	+1.047e+04	+0.312
105.700	+7.773e+03	+1.514e+03	+9.373e+03	+0.163
105.800	+7.488e+03	+3.241e+03	+9.970e+03	+0.302
105.900	+5.285e+03	+2.146e+03	+1.048e+04	+0.289
106.000	+8.753e+03	+4.297e+03	+1.076e+04	+0.329
106.100	+8.631e+03	+2.861e+03	+9.123e+03	+0.249
106.200	+7.291e+03	+2.452e+03	+9.487e+03	+0.252
106.300	+7.888e+03	+2.633e+03	+1.067e+04	+0.250
106.400	+7.370e+03	+2.333e+03	+9.919e+03	+0.240
106.500	+7.989e+03	+2.408e+03	+9.668e+03	+0.232
106.600	+7.778e+03	+2.010e+03	+9.445e+03	+0.205
106.700	+7.128e+03	+3.678e+03	+9.555e+03	+0.340
106.800	+7.027e+03	+1.696e+03	+9.625e+03	+0.194
106.900	+7.400e+03	+3.053e+03	+1.127e+04	+0.292
107.000	+7.535e+03	+3.209e+03	+1.098e+04	+0.299
107.100	+7.553e+03	+2.970e+03	+9.490e+03	+0.282
107.200	+7.353e+03	+2.806e+03	+9.821e+03	+0.276
107.300	+7.700e+03	+2.786e+03	+8.346e+03	+0.266
107.400	+6.954e+03	+1.775e+03	+1.066e+04	+0.203
107.500	+7.516e+03	+2.834e+03	+9.788e+03	+0.274
107.600	+7.799e+03	+2.702e+03	+9.147e+03	+0.257
107.700	+7.216e+03	+1.249e+03	+1.015e+04	+0.148
107.800	+5.707e+03	+1.925e+03	+1.010e+04	+0.252
107.900	+8.940e+03	+2.366e+03	+9.145e+03	+0.209
108.000	+8.016e+03	+3.449e+03	+9.892e+03	+0.301
108.100	+7.105e+03	+2.371e+03	+1.011e+04	+0.250
108.200	+6.955e+03	+2.651e+03	+1.076e+04	+0.276
108.300	+6.994e+03	+2.988e+03	+1.004e+04	+0.299
108.400	+8.454e+03	+2.959e+03	+8.889e+03	+0.259
108.500	+8.097e+03	+2.162e+03	+1.105e+04	+0.211
108.600	+7.975e+03	+3.114e+03	+9.472e+03	+0.281
108.700	+7.643e+03	+3.771e+03	+9.254e+03	+0.330
108.800	+7.321e+03	+2.357e+03	+1.051e+04	+0.244
108.900	+7.997e+03	+2.098e+03	+9.993e+03	+0.208
109.000	+7.736e+03	+2.377e+03	+9.432e+03	+0.235
109.100	+7.389e+03	+2.612e+03	+1.024e+04	+0.261
109.200	+6.843e+03	+1.551e+03	+1.107e+04	+0.185
109.300	+7.251e+03	+1.527e+03	+9.653e+03	+0.174
109.400	+7.610e+03	+2.583e+03	+8.835e+03	+0.253
109.500	+8.391e+03	+3.678e+03	+9.298e+03	+0.305
109.600	+7.110e+03	+2.589e+03	+1.060e+04	+0.267
109.700	+6.197e+03	+1.333e+03	+1.086e+04	+0.177
109.800	+6.985e+03	+2.338e+03	+9.211e+03	+0.251
109.900	+6.647e+03	+3.783e+03	+9.944e+03	+0.363
110.000	+7.886e+03	+3.314e+03	+1.119e+04	+0.296
110.100	+6.719e+03	+2.387e+03	+1.006e+04	+0.262
110.200	+8.610e+03	+3.508e+03	+1.012e+04	+0.289
110.300	+8.028e+03	+2.594e+03	+9.991e+03	+0.244
110.400	+6.988e+03	+3.150e+03	+8.553e+03	+0.311
110.500	+7.717e+03	+2.343e+03	+1.051e+04	+0.233
110.600	+7.209e+03	+2.055e+03	+1.001e+04	+0.222
110.700	+7.041e+03	+2.085e+03	+9.788e+03	+0.228
110.800	+7.179e+03	+2.658e+03	+1.026e+04	+0.270
110.900	+6.220e+03	+1.630e+03	+1.066e+04	+0.208
111.000	+7.102e+03	+2.078e+03	+1.091e+04	+0.226
111.100	+7.493e+03	+3.188e+03	+1.049e+04	+0.298
111.200	+8.632e+03	+1.877e+03	+1.162e+04	+0.179
111.300	+7.281e+03	+2.136e+03	+1.037e+04	+0.227
111.400	+6.630e+03	+2.504e+03	+1.010e+04	+0.274
111.500	+8.964e+03	+1.721e+03	+1.126e+04	+0.161
111.600	+7.174e+03	+1.964e+03	+1.086e+04	+0.215
111.700	+6.296e+03	+1.871e+03	+8.641e+03	+0.229
111.800	+7.346e+03	+2.348e+03	+9.672e+03	+0.242
111.900	+7.457e+03	+2.152e+03	+9.242e+03	+0.224
112.000	+6.493e+03	+2.492e+03	+9.762e+03	+0.277
112.100	+7.320e+03	+9.669e+02	+1.061e+04	+0.117
112.200	+8.067e+03	+1.221e+03	+9.856e+03	+0.131
112.300	+6.941e+03	+2.239e+03	+9.628e+03	+0.244
112.400	+6.477e+03	+2.354e+03	+9.503e+03	+0.267
112.500	+7.054e+03	+3.411e+03	+9.240e+03	+0.326
112.600	+6.874e+03	+1.647e+03	+1.009e+04	+0.193
112.700	+7.772e+03	+2.650e+03	+1.076e+04	+0.254
112.800	+6.606e+03	+2.096e+03	+9.470e+03	+0.241
112.900	+7.330e+03	+2.825e+03	+8.830e+03	+0.278
113.000	+6.629e+03	+1.161e+03	+1.045e+04	+0.149
113.100	+7.658e+03	+2.235e+03	+1.078e+04	+0.226
113.200	+6.594e+03	+3.473e+03	+1.053e+04	+0.345
113.300	+7.749e+03	+2.322e+03	+9.842e+03	+0.231
113.400	+7.653e+03	+3.034e+03	+9.871e+03	+0.284
113.500	+8.281e+03	+1.050e+03	+1.028e+04	+0.113
113.600	+8.202e+03	+4.774e+03	+1.106e+04	+0.368
113.700	+7.405e+03	+2.254e+03	+1.007e+04	+0.233
113.800	+8.625e+03	+2.146e+03	+9.421e+03	+0.199
113.900	+7.269e+03	+1.379e+03	+9.317e+03	+0.159
114.000	+7.545e+03	+3.489e+03	+9.230e+03	+0.316
114.100	+8.563e+03	+2.147e+03	+1.090e+04	+0.200
114.200	+8.038e+03	+1.573e+03	+1.097e+04	+0.164
114.300	+6.633e+03	+1.436e+03	+1.118e+04	+0.178
114.400	+6.371e+03	+3.175e+03	+1.020e+04	+0.333
114.500	+6.885e+03	+2.954e+03	+9.028e+03	+0.300
114.600	+7.625e+03	+2.536e+03	+9.609e+03	+0.250
114.700	+7.369e+03	+2.489e+03	+1.057e+04	+0.252
114.800	+7.471e+03	+2.308e+03	+1.114e+04	+0.236
114.900	+7.215e+03	+3.208e+03	+9.377e+03	+0.308
115.000	+7.387e+03	+3.538e+03	+1.011e+04	+0.324
115.100	+6.725e+03	+1.729e+03	+9.070e+03	+0.205
115.200	+7.738e+03	+2.642e+03	+9.478e+03	+0.255
115.300	+8.078e+03	+2.880e+03	+9.477e+03	+0.263
115.400	+7.216e+03	+4.754e+03	+1.099e+04	+0.397
115.500	+8.013e+03	+2.558e+03	+8.994e+03	+0.242
115.600	+7.427e+03	+1.325e+03	+9.794e+03	+0.151
115.700	+6.663e+03	+2.360e+03	+1.059e+04	+0.262
115.800	+8.420e+03	+2.710e+03	+1.134e+04	+0.244
115.900	+7.814e+03	+1.815e+03	+9.120e+03	+0.189
116.000	+7.942e+03	+2.774e+03	+1.030e+04	+0.259
116.100	+6.875e+03	+2.252e+03	+9.950e+03	+0.247
116.200	+7.419e+03	+3.421e+03	+9.849e+03	+0.316
116.300	+9.055e+03	+1.780e+03	+1.034e+04	+0.164
116.400	+8.079e+03	+2.373e+03	+1.006e+04	+0.227
116.500	+7.314e+03	+2.301e+03	+1.088e+04	+0.239
116.600	+6.921e+03	+2.706e+03	+9.327e+03	+0.281
116.700	+6.183e+03	+2.571e+03	+1.041e+04	+0.294
116.800	+7.372e+03	+3.942e+03	+9.348e+03	+0.348
116.900	+7.055e+03	+2.809e+03	+1.159e+04	+0.285
117.000	+6.811e+03	+2.702e+03	+1.001e+04	+0.284
117.100	+6.195e+03	+3.369e+03	+1.092e+04	+0.352
117.200	+8.109e+03	+2.287e+03	+1.025e+04	+0.220
117.300	+7.922e+03	+2.387e+03	+1.125e+04	+0.232
117.400	+7.322e+03	+2.439e+03	+9.685e+03	+0.250
117.500	+7.995e+03	+2.575e+03	+1.035e+04	+0.244
117.600	+7.835e+03	+3.132e+03	+9.329e+03	+0.286
117.700	+7.518e+03	+3.656e+03	+1.022e+04	+0.327
117.800	+7.033e+03	+2.620e+03	+9.773e+03	+0.271
117.900	+7.257e+03	+3.383e+03	+9.256e+03	+0.318
118.000	+7.099e+03	+2.066e+03	+9.047e+03	+0.225
118.100	+7.367e+03	+3.015e+03	+9.987e+03	+0.290
118.200	+8.712e+03	+2.903e+03	+9.119e+03	+0.250
118.300	+5.872e+03	+2.253e+03	+8.831e+03	+0.277
118.400	+7.316e+03	+2.138e+03	+1.003e+04	+0.226
118.500	+7.409e+03	+3.253e+03	+1.007e+04	+0.305
118.600	+7.521e+03	+3.677e+03	+9.735e+03	+0.328
118.700	+7.947e+03	+1.206e+03	+9.826e+03	+0.132
118.800	+7.965e+03	+2.782e+03	+1.106e+04	+0.259
118.900	+6.445e+03	+3.407e+03	+1.103e+04	+0.346
119.000	+8.104e+03	+2.015e+03	+1.062e+04	+0.199
119.100	+7.327e+03	+2.675e+03	+1.032e+04	+0.267
119.200	+8.595e+03	+2.298e+03	+1.150e+04	+0.211
119.300	+7.446e+03	+1.780e+03	+8.690e+03	+0.193
119.400	+6.794e+03	+2.093e+03	+9.626e+03	+0.236
119.500	+7.321e+03	+1.624e+03	+9.376e+03	+0.182
119.600	+7.114e+03	+2.773e+03	+9.567e+03	+0.281
119.700	+7.373e+03	+2.740e+03	+9.189e+03	+0.271
119.800	+7.261e+03	+2.380e+03	+1.087e+04	+0.247
119.900	+8.215e+03	+2.827e+03	+1.048e+04	+0.256
120.000	+7.218e+03	+2.270e+03	+1.090e+04	+0.239
120.100	+7.277e+03	+1.569e+03	+9.308e+03	+0.177
120.200	+6.712e+03	+1.423e+03	+1.044e+04	+0.175
120.300	+6.142e+03	+1.890e+03	+1.039e+04	+0.235
120.400	+7.559e+03	+2.763e+03	+1.038e+04	+0.268
120.500	+7.574e+03	+2.844e+03	+1.033e+04	+0.273
120.600	+8.563e+03	+3.408e+03	+1.076e+04	+0.285
120.700	+7.853e+03	+2.763e+03	+1.023e+04	+0.260
120.800	+8.162e+03	+2.231e+03	+9.681e+03	+0.215
120.900	+7.442e+03	+3.629e+03	+1.118e+04	+0.328
121.000	+7.643e+03	+2.024e+03	+9.505e+03	+0.209
121.100	+8.536e+03	+3.714e+03	+1.027e+04	+0.303
121.200	+7.114e+03	+2.528e+03	+9.473e+03	+0.262
121.300	+7.235e+03	+3.077e+03	+1.038e+04	+0.298
121.400	+6.871e+03	+2.698e+03	+1.110e+04	+0.282
121.500	+8.600e+03	+2.257e+03	+9.694e+03	+0.208
121.600	+5.219e+03	+2.703e+03	+1.078e+04	+0.341
121.700	+6.814e+03	+2.815e+03	+1.009e+04	+0.292
121.800	+7.851e+03	+3.718e+03	+9.818e+03	+0.321
121.900	+7.727e+03	+2.599e+03	+9.659e+03	+0.252
122.000	+8.601e+03	+2.589e+03	+1.209e+04	+0.231
122.100	+7.431e+03	+1.942e+03	+9.571e+03	+0.207
122.200	+6.558e+03	+2.710e+03	+1.022e+04	+0.292
122.300	+8.345e+03	+1.070e+03	+1.110e+04	+0.114
122.400	+7.923e+03	+2.633e+03	+9.697e+03	+0.249
122.500	+7.084e+03	+2.067e+03	+1.074e+04	+0.226
122.600	+6.806e+03	+3.325e+03	+1.055e+04	+0.328
122.700	+8.185e+03	+1.942e+03	+1.091e+04	+0.192
122.800	+8.137e+03	+2.931e+03	+9.866e+03	+0.265
122.900	+8.558e+03	+2.873e+03	+9.751e+03	+0.251
123.000	+8.692e+03	+3.837e+03	+1.059e+04	+0.306
123.100	+9.704e+03	+2.628e+03	+1.003e+04	+0.213
123.200	+6.998e+03	+2.608e+03	+1.023e+04	+0.272
123.300	+6.214e+03	+3.670e+03	+1.004e+04	+0.371
123.400	+7.315e+03	+2.645e+03	+1.066e+04	+0.266
123.500	+7.407e+03	+2.820e+03	+1.149e+04	+0.276
123.600	+6.995e+03	+3.008e+03	+9.979e+03	+0.301
123.700	+6.207e+03	+2.003e+03	+1.154e+04	+0.244
123.800	+8.399e+03	+2.972e+03	+1.048e+04	+0.261
123.900	+7.090e+03	+2.002e+03	+9.677e+03	+0.220
124.000	+6.574e+03	+3.137e+03	+1.021e+04	+0.323
124.100	+9.118e+03	+2.998e+03	+1.078e+04	+0.247
124.200	+8.112e+03	+3.116e+03	+1.009e+04	+0.278
124.300	+8.229e+03	+3.137e+03	+9.757e+03	+0.276
124.400	+6.512e+03	+3.184e+03	+1.028e+04	+0.328
124.500	+7.492e+03	+3.825e+03	+9.116e+03	+0.338
124.600	+6.651e+03	+4.316e+03	+1.019e+04	+0.394
124.700	+7.630e+03	+2.073e+03	+1.014e+04	+0.214
124.800	+7.108e+03	+2.383e+03	+9.071e+03	+0.251
124.900	+7.319e+03	+2.829e+03	+1.022e+04	+0.279
125.000	+6.321e+03	+3.136e+03	+1.047e+04	+0.332
125.100	+7.869e+03	+3.078e+03	+9.641e+03	+0.281
125.200	+7.156e+03	+1.486e+03	+8.967e+03	+0.172
125.300	+7.708e+03	+1.634e+03	+1.082e+04	+0.175
125.400	+7.429e+03	+2.293e+03	+1.002e+04	+0.236
125.500	+8.329e+03	+1.301e+03	+1.068e+04	+0.135
125.600	+6.906e+03	+2.949e+03	+9.622e+03	+0.299
125.700	+9.120e+03	+2.831e+03	+9.475e+03	+0.237
125.800	+7.353e+03	+2.348e+03	+1.110e+04	+0.242
125.900	+8.099e+03	+2.146e+03	+1.030e+04	+0.209
126.000	+8.071e+03	+2.728e+03	+9.032e+03	+0.253
126.100	+7.112e+03	+1.595e+03	+9.481e+03	+0.183
126.200	+7.338e+03	+3.182e+03	+9.042e+03	+0.303
126.300	+7.078e+03	+1.139e+03	+9.792e+03	+0.139
126.400	+7.243e+03	+3.349e+03	+1.106e+04	+0.316
126.500	+8.428e+03	+3.194e+03	+9.159e+03	+0.275
126.600	+6.746e+03	+2.394e+03	+8.395e+03	+0.262
126.700	+7.695e+03	+3.411e+03	+1.025e+04	+0.307
126.800	+7.381e+03	+2.116e+03	+9.829e+03	+0.223
126.900	+8.167e+03	+2.490e+03	+9.532e+03	+0.234
127.000	+6.707e+03	+2.622e+03	+1.022e+04	+0.281
127.100	+7.060e+03	+2.161e+03	+9.463e+03	+0.234
127.200	+7.636e+03	+2.651e+03	+1.165e+04	+0.258
127.300	+6.386e+03	+2.072e+03	+1.090e+04	+0.245
127.400	+6.985e+03	+2.478e+03	+1.090e+04	+0.262
127.500	+7.507e+03	+1.862e+03	+9.775e+03	+0.199
127.600	+9.713e+03	+3.315e+03	+9.627e+03	+0.254
127.700	+6.906e+03	+2.691e+03	+9.550e+03	+0.280
127.800	+7.455e+03	+3.456e+03	+1.086e+04	+0.317
127.900	+8.561e+03	+3.439e+03	+1.057e+04	+0.287
128.000	+8.765e+03	+1.645e+03	+1.043e+04	+0.158
128.100	+7.463e+03	+1.458e+03	+9.300e+03	+0.163
128.200	+8.200e+03	+2.093e+03	+1.002e+04	+0.203
128.300	+8.335e+03	+2.827e+03	+1.119e+04	+0.253
128.400	+7.584e+03	+2.643e+03	+9.791e+03	+0.258
128.500	+8.781e+03	+2.595e+03	+9.997e+03	+0.228
128.600	+7.094e+03	+2.139e+03	+1.030e+04	+0.232
128.700	+5.837e+03	+1.554e+03	+1.044e+04	+0.210
128.800	+7.285e+03	+1.841e+03	+9.040e+03	+0.202
128.900	+8.773e+03	+3.045e+03	+1.033e+04	+0.258
129.000	+6.513e+03	+4.379e+03	+9.607e+03	+0.402
129.100	+8.288e+03	+1.698e+03	+1.046e+04	+0.170
129.200	+8.419e+03	+2.922e+03	+9.583e+03	+0.258
129.300	+7.307e+03	+3.386e+03	+1.038e+04	+0.317
129.400	+6.720e+03	+3.168e+03	+1.039e+04	+0.320
129.500	+7.212e+03	+2.365e+03	+1.066e+04	+0.247
129.600	+6.776e+03	+2.972e+03	+8.748e+03	+0.305
129.700	+6.764e+03	+2.396e+03	+9.030e+03	+0.262
129.800	+8.498e+03	+2.018e+03	+9.545e+03	+0.192
129.900	+7.347e+03	+1.235e+03	+1.003e+04	+0.144
130.000	+7.554e+03	+2.592e+03	+9.698e+03	+0.255
130.100	+7.159e+03	+3.957e+03	+9.641e+03	+0.356
130.200	+8.375e+03	+3.016e+03	+8.943e+03	+0.265
130.300	+6.895e+03	+3.038e+03	+1.057e+04	+0.306
130.400	+7.155e+03	+2.107e+03	+1.004e+04	+0.227
130.500	+8.028e+03	+3.924e+03	+1.030e+04	+0.328
130.600	+8.428e+03	+2.838e+03	+1.057e+04	+0.252
130.700	+7.868e+03	+4.299e+03	+1.017e+04	+0.353
130.800	+6.749e+03	+3.041e+03	+9.439e+03	+0.311
130.900	+7.042e+03	+2.365e+03	+8.731e+03	+0.251
131.000	+7.883e+03	+4.192e+03	+1.070e+04	+0.347
131.100	+8.462e+03	+1.181e+03	+9.888e+03	+0.122
131.200	+7.936e+03	+2.174e+03	+1.014e+04	+0.215
131.300	+7.628e+03	+1.154e+03	+9.750e+03	+0.131
131.400	+7.114e+03	+1.979e+03	+1.092e+04	+0.218
131.500	+7.760e+03	+9.488e+02	+1.096e+04	+0.109
131.600	+7.039e+03	+1.659e+03	+9.455e+03	+0.191
131.700	+7.940e+03	+1.811e+03	+9.339e+03	+0.186
131.800	+7.063e+03	+2.231e+03	+1.022e+04	+0.240
131.900	+6.429e+03	+1.797e+03	+8.970e+03	+0.218
132.000	+7.338e+03	+3.316e+03	+9.944e+03	+0.311
132.100	+7.961e+03	+1.549e+03	+1.010e+04	+0.163
132.200	+6.643e+03	+2.126e+03	+9.835e+03	+0.242
132.300	+7.875e+03	+2.847e+03	+9.669e+03	+0.266
132.400	+7.815e+03	+1.895e+03	+8.850e+03	+0.195
132.500	+6.986e+03	+2.265e+03	+9.630e+03	+0.245
132.600	+7.925e+03	+1.711e+03	+1.002e+04	+0.178
132.700	+8.069e+03	+1.125e+03	+1.014e+04	+0.122
132.800	+6.999e+03	+2.870e+03	+8.291e+03	+0.291
132.900	+7.652e+03	+2.871e+03	+1.045e+04	+0.273
133.000	+7.273e+03	+2.518e+03	+1.097e+04	+0.257
133.100	+6.066e+03	+3.459e+03	+1.022e+04	+0.363
133.200	+7.896e+03	+2.111e+03	+1.017e+04	+0.211
133.300	+6.479e+03	+1.918e+03	+8.991e+03	+0.228
133.400	+7.491e+03	+2.172e+03	+1.021e+04	+0.225
133.500	+6.880e+03	+2.811e+03	+9.471e+03	+0.290
133.600	+7.414e+03	+1.375e+03	+8.837e+03	+0.156
133.700	+7.850e+03	+3.097e+03	+1.029e+04	+0.283
133.800	+7.940e+03	+3.624e+03	+9.915e+03	+0.313
133.900	+7.757e+03	+2.598e+03	+8.957e+03	+0.251
134.000	+8.025e+03	+1.735e+03	+9.641e+03	+0.178
134.100	+7.345e+03	+2.970e+03	+9.906e+03	+0.288
134.200	+8.325e+03	+4.068e+03	+9.192e+03	+0.328
134.300	+7.131e+03	+2.907e+03	+1.122e+04	+0.290
134.400	+8.751e+03	+4.490e+03	+1.073e+04	+0.339
134.500	+7.044e+03	+2.769e+03	+1.155e+04	+0.282
134.600	+7.683e+03	+2.232e+03	+1.027e+04	+0.225
134.700	+6.887e+03	+2.016e+03	+1.086e+04	+0.226
134.800	+6.498e+03	+1.875e+03	+9.059e+03	+0.224
134.900	+7.589e+03	+3.523e+03	+1.076e+04	+0.317
135.000	+5.397e+03	+2.366e+03	+9.126e+03	+0.305
135.100	+7.461e+03	+3.439e+03	+8.778e+03	+0.315
135.200	+6.498e+03	+3.276e+03	+9.414e+03	+0.335
135.300	+7.915e+03	+2.309e+03	+1.104e+04	+0.226
135.400	+6.943e+03	+1.461e+03	+9.826e+03	+0.174
135.500	+7.766e+03	+2.404e+03	+1.085e+04	+0.236
135.600	+6.386e+03	+2.115e+03	+9.006e+03	+0.249
135.700	+7.505e+03	+2.258e+03	+1.109e+04	+0.231
135.800	+7.196e+03	+2.627e+03	+9.791e+03	+0.267
135.900	+7.469e+03	+2.128e+03	+1.011e+04	+0.222
136.000	+6.961e+03	+2.087e+03	+9.376e+03	+0.231
136.100	+7.704e+03	+2.481e+03	+9.670e+03	+0.244
136.200	+7.069e+03	+3.353e+03	+9.157e+03	+0.322
136.300	+7.915e+03	+1.366e+03	+8.803e+03	+0.147
136.400	+8.034e+03	+2.915e+03	+9.986e+03	+0.266
136.500	+6.650e+03	+2.617e+03	+8.269e+03	+0.282
136.600	+6.396e+03	+2.483e+03	+9.586e+03	+0.280
136.700	+6.624e+03	+2.947e+03	+9.123e+03	+0.308
136.800	+7.882e+03	+1.583e+03	+1.078e+04	+0.167
136.900	+7.896e+03	+1.408e+03	+1.082e+04	+0.151
137.000	+7.190e+03	+1.814e+03	+9.951e+03	+0.201
137.100	+7.827e+03	+2.325e+03	+9.447e+03	+0.229
137.200	+8.438e+03	+3.044e+03	+8.933e+03	+0.265
137.300	+7.117e+03	+2.980e+03	+8.641e+03	+0.295
137.400	+7.198e+03	+2.101e+03	+9.901e+03	+0.226
137.500	+7.428e+03	+1.226e+03	+1.001e+04	+0.142
137.600	+6.705e+03	+2.959e+03	+9.806e+03	+0.306
137.700	+5.287e+03	+4.504e+03	+8.726e+03	+0.460
137.800	+4.856e+03	+4.315e+03	+1.039e+04	+0.470
137.900	+4.940e+03	+4.607e+03	+9.811e+03	+0.483
138.000	+5.064e+03	+6.135e+03	+9.095e+03	+0.548
138.100	+2.761e+03	+8.187e+03	+9.616e+03	+0.748
138.200	+1.857e+03	+8.092e+03	+8.369e+03	+0.813
138.300	+2.243e+03	+8.602e+03	+1.037e+04	+0.793
138.400	+1.869e+03	+7.664e+03	+9.194e+03	+0.804
138.500	+1.322e+03	+8.144e+03	+1.176e+04	+0.860
138.600	+1.718e+03	+9.783e+03	+1.069e+04	+0.851
138.700	+3.137e+03	+8.979e+03	+9.219e+03	+0.741
138.800	+1.821e+03	+8.369e+03	+1.049e+04	+0.821
138.900	+1.300e+03	+9.116e+03	+9.697e+03	+0.875
139.000	+3.224e+03	+7.695e+03	+1.005e+04	+0.705
139.100	+2.119e+03	+8.287e+03	+8.973e+03	+0.796
139.200	+2.404e+03	+7.225e+03	+1.067e+04	+0.750
139.300	+1.825e+03	+7.166e+03	+1.010e+04	+0.797
139.400	+1.720e+03	+6.584e+03	+1.014e+04	+0.793
139.500	+3.086e+03	+7.667e+03	+9.466e+03	+0.713
139.600	+2.982e+03	+6.330e+03	+1.040e+04	+0.680
139.700	+4.870e+03	+4.122e+03	+1.066e+04	+0.458
139.800	+4.482e+03	+4.614e+03	+1.031e+04	+0.507
139.900	+4.627e+03	+4.712e+03	+9.719e+03	+0.505
140.000	+5.326e+03	+3.358e+03	+9.709e+03	+0.387
140.100	+5.232e+03	+5.518e+03	+9.861e+03	+0.513
140.200	+5.418e+03	+4.858e+03	+1.027e+04	+0.473
140.300	+5.050e+03	+5.107e+03	+1.042e+04	+0.503
140.400	+6.283e+03	+4.714e+03	+9.473e+03	+0.429
140.500	+3.924e+03	+5.761e+03	+1.052e+04	+0.595
140.600	+3.665e+03	+5.977e+03	+1.051e+04	+0.620
140.700	+5.165e+03	+3.637e+03	+1.105e+04	+0.413
140.800	+5.072e+03	+4.450e+03	+1.120e+04	+0.467
140.900	+5.091e+03	+6.792e+03	+1.017e+04	+0.572
141.000	+4.012e+03	+4.989e+03	+1.061e+04	+0.554
141.100	+4.987e+03	+5.078e+03	+9.601e+03	+0.505
141.200	+4.219e+03	+4.983e+03	+1.109e+04	+0.541
141.300	+4.749e+03	+5.345e+03	+9.899e+03	+0.530
141.400	+4.997e+03	+4.439e+03	+1.073e+04	+0.470
141.500	+5.583e+03	+5.545e+03	+9.837e+03	+0.498
141.600	+4.414e+03	+5.533e+03	+1.036e+04	+0.556
141.700	+5.855e+03	+4.519e+03	+9.991e+03	+0.436
141.800	+4.055e+03	+5.050e+03	+9.290e+03	+0.555
141.900	+4.320e+03	+4.223e+03	+1.016e+04	+0.494
142.000	+5.424e+03	+4.680e+03	+1.014e+04	+0.463
142.100	+6.499e+03	+5.878e+03	+9.742e+03	+0.475
142.200	+3.582e+03	+5.708e+03	+8.625e+03	+0.614
142.300	+5.083e+03	+4.238e+03	+1.055e+04	+0.455
142.400	+4.369e+03	+5.049e+03	+8.684e+03	+0.536
142.500	+4.784e+03	+4.976e+03	+9.309e+03	+0.510
142.600	+4.478e+03	+5.833e+03	+1.108e+04	+0.566
142.700	+5.694e+03	+6.455e+03	+1.069e+04	+0.531
142.800	+5.737e+03	+4.892e+03	+1.061e+04	+0.460
142.900	+5.277e+03	+5.740e+03	+1.146e+04	+0.521
143.000	+4.820e+03	+4.824e+03	+9.932e+03	+0.500
143.100	+4.735e+03	+4.744e+03	+1.020e+04	+0.500
143.200	+4.016e+03	+4.905e+03	+1.079e+04	+0.550
143.300	+5.429e+03	+6.174e+03	+9.636e+03	+0.532
143.400	+5.065e+03	+5.548e+03	+9.536e+03	+0.523
143.500	+4.742e+03	+4.586e+03	+9.375e+03	+0.492
143.600	+4.951e+03	+4.276e+03	+9.956e+03	+0.463
143.700	+3.622e+03	+6.916e+03	+1.010e+04	+0.656
143.800	+1.120e+03	+8.069e+03	+1.141e+04	+0.878
143.900	+1.325e+03	+6.896e+03	+9.901e+03	+0.839
144.000	+8.419e+01	+8.701e+03	+1.024e+04	+0.990
144.100	+4.750e+03	+6.506e+03	+9.852e+03	+0.578
144.200	+6.279e+03	+2.491e+03	+9.499e+03	+0.284
144.300	+5.107e+03	+3.636e+03	+1.002e+04	+0.416
144.400	+5.446e+03	+4.898e+03	+9.136e+03	+0.473
144.500	+5.291e+03	+4.145e+03	+8.844e+03	+0.439
144.600	+5.360e+03	+4.235e+03	+1.025e+04	+0.441
144.700	+4.732e+03	+5.701e+03	+1.037e+04	+0.546
144.800	+5.598e+03	+4.951e+03	+9.098e+03	+0.469
144.900	+5.693e+03	+3.781e+03	+9.677e+03	+0.399
145.000	+5.768e+03	+4.574e+03	+1.001e+04	+0.442
145.100	+4.548e+03	+6.327e+03	+9.513e+03	+0.582
145.200	+4.256e+03	+5.995e+03	+1.100e+04	+0.585
145.300	+4.510e+03	+4.232e+03	+1.012e+04	+0.484
145.400	+5.729e+03	+4.733e+03	+1.074e+04	+0.452
145.500	+5.571e+03	+3.650e+03	+8.947e+03	+0.396
145.600	+4.889e+03	+5.215e+03	+1.009e+04	+0.516
145.700	+6.005e+03	+6.386e+03	+9.231e+03	+0.515
145.800	+4.719e+03	+4.779e+03	+1.051e+04	+0.503
145.900	+5.221e+03	+5.258e+03	+9.044e+03	+0.502
146.000	+5.224e+03	+4.684e+03	+9.104e+03	+0.473
146.100	+5.019e+03	+4.154e+03	+9.552e+03	+0.453
146.200	+5.432e+03	+5.160e+03	+1.067e+04	+0.487
146.300	+4.722e+03	+5.144e+03	+9.562e+03	+0.521
146.400	+4.177e+03	+6.332e+03	+1.024e+04	+0.603
146.500	+2.291e+03	+8.851e+03	+1.061e+04	+0.794
146.600	+1.508e+03	+8.593e+03	+9.138e+03	+0.851
146.700	+4.655e+02	+8.069e+03	+9.855e+03	+0.945
146.800	+2.046e+03	+9.910e+03	+1.108e+04	+0.829
146.900	+1.669e+03	+7.337e+03	+1.036e+04	+0.815
147.000	+1.113e+03	+7.497e+03	+9.586e+03	+0.871
147.100	+2.952e+03	+7.130e+03	+9.875e+03	+0.707
147.200	+1.030e+03	+8.724e+03	+9.725e+03	+0.894
147.300	+1.982e+03	+7.406e+03	+1.031e+04	+0.789
147.400	+2.963e+03	+8.432e+03	+1.130e+04	+0.740
147.500	+2.340e+03	+8.045e+03	+1.054e+04	+0.775
147.600	+2.091e+03	+9.173e+03	+1.037e+04	+0.814
147.700	+2.042e+03	+7.679e+03	+1.034e+04	+0.790
147.800	+2.338e+03	+6.996e+03	+1.055e+04	+0.750
147.900	+3.107e+03	+7.187e+03	+9.303e+03	+0.698
148.000	+1.783e+03	+7.614e+03	+1.134e+04	+0.810
148.100	+1.919e+03	+7.836e+03	+9.375e+03	+0.803
148.200	+1.352e+03	+7.277e+03	+9.476e+03	+0.843
148.300	+8.702e+02	+7.116e+03	+9.393e+03	+0.891
148.400	+1.087e+03	+8.497e+03	+1.049e+04	+0.887
148.500	+2.632e+03	+8.007e+03	+1.048e+04	+0.753
148.600	+1.479e+03	+7.241e+03	+9.314e+03	+0.830
148.700	+1.414e+03	+6.436e+03	+1.071e+04	+0.820
148.800	+1.292e+03	+7.708e+03	+9.230e+03	+0.856
148.900	+1.751e+03	+8.470e+03	+9.038e+03	+0.829
149.000	+2.156e+03	+8.907e+03	+9.290e+03	+0.805
149.100	+2.101e+03	+7.510e+03	+1.004e+04	+0.781
149.200	+1.574e+03	+7.589e+03	+9.494e+03	+0.828
149.300	+2.063e+03	+8.172e+03	+9.307e+03	+0.798
149.400	+2.364e+03	+7.435e+03	+1.123e+04	+0.759
149.500	+1.860e+03	+7.628e+03	+1.034e+04	+0.804
149.600	+2.174e+03	+7.959e+03	+1.146e+04	+0.785
149.700	+2.241e+03	+7.391e+03	+9.556e+03	+0.767
149.800	+1.944e+03	+7.050e+03	+9.948e+03	+0.784
149.900	+1.802e+03	+6.685e+03	+9.713e+03	+0.788
150.000	+2.802e+03	+9.048e+03	+1.023e+04	+0.764
150.100	+1.096e+03	+9.037e+03	+1.009e+04	+0.892
150.200	+8.210e+02	+7.760e+03	+1.034e+04	+0.904
150.300	+1.672e+03	+8.040e+03	+9.475e+03	+0.828
150.400	+2.933e+03	+8.036e+03	+1.041e+04	+0.733
150.500	+1.360e+03	+7.919e+03	+8.587e+03	+0.853
150.600	+2.599e+03	+8.478e+03	+1.045e+04	+0.765
150.700	+1.955e+03	+7.646e+03	+1.084e+04	+0.796
150.800	+1.885e+03	+7.919e+03	+9.042e+03	+0.808
150.900	+2.094e+03	+7.437e+03	+1.096e+04	+0.780
151.000	+2.598e+03	+8.553e+03	+1.035e+04	+0.767
151.100	+2.626e+03	+7.446e+03	+1.038e+04	+0.739
151.200	+3.198e+03	+5.644e+03	+9.933e+03	+0.638
151.300	+5.756e+03	+5.158e+03	+9.620e+03	+0.473
151.400	+5.543e+03	+5.048e+03	+1.037e+04	+0.477
151.500	+5.322e+03	+3.748e+03	+1.067e+04	+0.413
151.600	+4.589e+03	+5.471e+03	+8.923e+03	+0.544
151.700	+6.239e+03	+3.410e+03	+9.821e+03	+0.353
151.800	+7.646e+03	+2.900e+03	+1.080e+04	+0.275
151.900	+7.517e+03	+3.321e+03	+1.065e+04	+0.306
152.000	+6.345e+03	+3.234e+03	+9.986e+03	+0.338
152.100	+7.936e+03	+2.956e+03	+1.011e+04	+0.271
152.200	+6.988e+03	+2.465e+03	+9.539e+03	+0.261
152.300	+6.400e+03	+2.171e+03	+8.788e+03	+0.253
152.400	+8.171e+03	+2.842e+03	+1.009e+04	+0.258
152.500	+8.510e+03	+2.344e+03	+9.797e+03	+0.216
152.600	+7.873e+03	+2.142e+03	+1.176e+04	+0.214
152.700	+6.439e+03	+2.735e+03	+1.099e+04	+0.298
152.800	+7.789e+03	+1.755e+03	+1.067e+04	+0.184
152.900	+7.477e+03	+1.873e+03	+9.578e+03	+0.200
153.000	+6.641e+03	+2.643e+03	+9.592e+03	+0.285
153.100	+5.943e+03	+3.816e+03	+1.188e+04	+0.391
153.200	+7.126e+03	+1.942e+03	+9.463e+03	+0.214
153.300	+8.193e+03	+2.672e+03	+1.122e+04	+0.246
153.400	+8.149e+03	+3.653e+03	+9.397e+03	+0.310
153.500	+8.490e+03	+2.520e+03	+1.015e+04	+0.229
153.600	+7.065e+03	+2.372e+03	+9.294e+03	+0.251
153.700	+7.223e+03	+2.373e+03	+1.005e+04	+0.247
153.800	+7.806e+03	+2.948e+03	+1.012e+04	+0.274
153.900	+7.920e+03	+1.947e+03	+9.820e+03	+0.197
154.000	+8.583e+03	+1.543e+03	+8.875e+03	+0.152
154.100	+7.310e+03	+3.387e+03	+9.312e+03	+0.317
154.200	+7.983e+03	+2.667e+03	+1.030e+04	+0.250
154.300	+7.160e+03	+2.112e+03	+9.939e+03	+0.228
154.400	+7.715e+03	+2.855e+03	+1.036e+04	+0.270
154.500	+8.136e+03	+2.877e+03	+1.087e+04	+0.261
154.600	+6.205e+03	+2.677e+03	+9.334e+03	+0.301
154.700	+7.014e+03	+1.944e+03	+1.128e+04	+0.217
154.800	+6.855e+03	+2.016e+03	+1.076e+04	+0.227
154.900	+7.745e+03	+1.243e+03	+9.754e+03	+0.138
155.000	+7.494e+03	+2.304e+03	+9.374e+03	+0.235
155.100	+7.402e+03	+2.790e+03	+1.022e+04	+0.274
155.200	+7.396e+03	+2.628e+03	+1.108e+04	+0.262
155.300	+7.207e+03	+2.326e+03	+1.067e+04	+0.244
155.400	+7.612e+03	+2.865e+03	+1.046e+04	+0.273
155.500	+7.835e+03	+3.075e+03	+9.983e+03	+0.282
155.600	+7.824e+03	+1.473e+03	+9.183e+03	+0.158
155.700	+7.659e+03	+2.199e+03	+1.047e+04	+0.223
155.800	+6.705e+03	+2.870e+03	+9.190e+03	+0.300
155.900	+7.593e+03	+1.353e+03	+1.063e+04	+0.151
156.000	+7.841e+03	+2.511e+03	+1.047e+04	+0.243
156.100	+7.422e+03	+3.465e+03	+9.645e+03	+0.318
156.200	+7.970e+03	+3.149e+03	+9.660e+03	+0.283
156.300	+6.387e+03	+2.323e+03	+1.129e+04	+0.267
156.400	+8.725e+03	+2.416e+03	+9.567e+03	+0.217
156.500	+8.155e+03	+2.591e+03	+9.611e+03	+0.241
156.600	+7.744e+03	+2.085e+03	+1.019e+04	+0.212
156.700	+8.140e+03	+2.966e+03	+1.103e+04	+0.267
156.800	+7.794e+03	+2.395e+03	+9.062e+03	+0.235
156.900	+6.530e+03	+1.605e+03	+9.552e+03	+0.197
157.000	+6.931e+03	+4.742e+03	+1.008e+04	+0.406
157.100	+6.679e+03	+3.318e+03	+1.054e+04	+0.332
157.200	+7.327e+03	+2.890e+03	+1.036e+04	+0.283
157.300	+6.311e+03	+3.116e+03	+1.019e+04	+0.331
157.400	+8.712e+03	+2.221e+03	+9.778e+03	+0.203
157.500	+8.140e+03	+6.459e+02	+8.980e+03	+0.074
157.600	+7.472e+03	+2.386e+03	+9.025e+03	+0.242
157.700	+7.192e+03	+2.915e+03	+9.495e+03	+0.288
157.800	+6.474e+03	+1.441e+03	+1.071e+04	+0.182
157.900	+8.127e+03	+1.437e+03	+1.030e+04	+0.150
158.000	+8.943e+03	+3.069e+03	+1.012e+04	+0.255
158.100	+6.236e+03	+3.641e+03	+9.610e+03	+0.369
158.200	+6.920e+03	+2.278e+03	+1.010e+04	+0.248
158.300	+8.008e+03	+3.332e+03	+1.018e+04	+0.294
158.400	+6.464e+03	+2.143e+03	+1.062e+04	+0.249
158.500	+6.418e+03	+2.577e+03	+9.012e+03	+0.286
158.600	+7.860e+03	+2.244e+03	+9.694e+03	+0.222
158.700	+8.875e+03	+3.260e+03	+9.629e+03	+0.269
158.800	+7.570e+03	+1.828e+03	+9.722e+03	+0.194
158.900	+7.534e+03	+2.483e+03	+1.063e+04	+0.248
159.000	+8.400e+03	+3.725e+03	+1.018e+04	+0.307
159.100	+7.520e+03	+1.049e+03	+9.511e+03	+0.122
159.200	+8.324e+03	+2.942e+03	+9.234e+03	+0.261
159.300	+8.675e+03	+3.210e+03	+9.204e+03	+0.270
159.400	+7.742e+03	+2.277e+03	+9.910e+03	+0.227
159.500	+7.528e+03	+1.761e+03	+1.082e+04	+0.190
159.600	+7.162e+03	+1.918e+03	+1.003e+04	+0.211
159.700	+8.656e+03	+1.885e+03	+1.034e+04	+0.179
159.800	+7.700e+03	+3.400e+03	+9.638e+03	+0.306
159.900	+6.743e+03	+2.986e+03	+1.056e+04	+0.307
160.000	+8.043e+03	+1.881e+03	+9.922e+03	+0.190
160.100	+7.180e+03	+3.556e+03	+9.372e+03	+0.331
160.200	+6.173e+03	+2.026e+03	+9.088e+03	+0.247
160.300	+6.875e+03	+3.656e+03	+9.766e+03	+0.347
160.400	+6.980e+03	+2.120e+03	+1.062e+04	+0.233
160.500	+7.646e+03	+2.941e+03	+1.103e+04	+0.278
160.600	+7.458e+03	+2.043e+03	+9.888e+03	+0.215
160.700	+6.307e+03	+2.255e+03	+8.247e+03	+0.263
160.800	+7.402e+03	+3.092e+03	+9.615e+03	+0.295
160.900	+7.087e+03	+2.138e+03	+1.042e+04	+0.232
161.000	+7.755e+03	+2.614e+03	+9.740e+03	+0.252
161.100	+6.937e+03	+3.353e+03	+8.345e+03	+0.326
161.200	+7.734e+03	+2.104e+03	+1.012e+04	+0.214
161.300	+8.078e+03	+2.697e+03	+1.001e+04	+0.250
161.400	+8.819e+03	+5.893e+02	+1.043e+04	+0.063
161.500	+9.270e+03	+2.876e+03	+9.857e+03	+0.237
161.600	+6.700e+03	+3.135e+03	+1.015e+04	+0.319
161.700	+7.390e+03	+1.595e+03	+1.069e+04	+0.178
161.800	+8.217e+03	+2.132e+03	+9.553e+03	+0.206
161.900	+7.724e+03	+2.861e+03	+9.484e+03	+0.270
162.000	+9.149e+03	+1.962e+03	+9.906e+03	+0.177
162.100	+7.263e+03	+2.999e+03	+1.085e+04	+0.292
162.200	+8.019e+03	+4.071e+03	+1.019e+04	+0.337
162.300	+7.006e+03	+3.303e+03	+9.715e+03	+0.320
162.400	+7.627e+03	+2.364e+03	+8.131e+03	+0.237
162.500	+6.756e+03	+1.662e+03	+1.120e+04	+0.197
162.600	+7.504e+03	+2.423e+03	+1.040e+04	+0.244
162.700	+7.484e+03	+2.848e+03	+9.294e+03	+0.276
162.800	+6.998e+03	+2.805e+03	+1.162e+04	+0.286
162.900	+8.605e+03	+1.676e+03	+1.053e+04	+0.163
163.000	+8.327e+03	+2.573e+03	+1.002e+04	+0.236
163.100	+8.333e+03	+1.908e+03	+1.056e+04	+0.186
163.200	+6.838e+03	+2.668e+03	+8.940e+03	+0.281
163.300	+7.265e+03	+1.813e+03	+9.195e+03	+0.200
163.400	+7.265e+03	+2.042e+03	+1.121e+04	+0.219
163.500	+7.748e+03	+2.316e+03	+1.034e+04	+0.230
163.600	+8.165e+03	+2.223e+03	+8.402e+03	+0.214
163.700	+7.918e+03	+1.911e+03	+1.060e+04	+0.194
163.800	+7.167e+03	+2.228e+03	+1.001e+04	+0.237
163.900	+8.249e+03	+2.334e+03	+1.025e+04	+0.221
164.000	+6.363e+03	+2.669e+03	+9.202e+03	+0.295
164.100	+8.291e+03	+2.030e+03	+1.165e+04	+0.197
164.200	+7.069e+03	+2.798e+03	+1.015e+04	+0.284
164.300	+7.712e+03	+3.111e+03	+1.023e+04	+0.287
164.400	+6.944e+03	+2.384e+03	+9.519e+03	+0.256
164.500	+7.823e+03	+3.347e+03	+9.365e+03	+0.300
164.600	+7.335e+03	+1.885e+03	+8.699e+03	+0.204
164.700	+7.937e+03	+2.880e+03	+9.830e+03	+0.266
164.800	+8.091e+03	+2.730e+03	+1.058e+04	+0.252
164.900	+6.698e+03	+1.858e+03	+1.017e+04	+0.217
165.000	+6.898e+03	+2.422e+03	+1.017e+04	+0.260
165.100	+7.595e+03	+1.561e+03	+9.658e+03	+0.171
165.200	+5.887e+03	+1.731e+03	+9.980e+03	+0.227
165.300	+7.049e+03	+2.774e+03	+9.738e+03	+0.282
165.400	+7.268e+03	+1.407e+03	+1.026e+04	+0.162
165.500	+8.310e+03	+3.446e+03	+1.058e+04	+0.293
165.600	+6.939e+03	+7.950e+02	+9.931e+03	+0.103
165.700	+8.384e+03	+2.319e+03	+1.060e+04	+0.217
165.800	+7.697e+03	+2.507e+03	+1.071e+04	+0.246
165.900	+5.869e+03	+3.485e+03	+9.135e+03	+0.373
166.000	+8.567e+03	+2.677e+03	+1.025e+04	+0.238
166.100	+6.964e+03	+1.964e+03	+1.055e+04	+0.220
166.200	+6.875e+03	+1.060e+03	+1.024e+04	+0.134
166.300	+7.798e+03	+2.762e+03	+9.266e+03	+0.262
166.400	+8.559e+03	+3.981e+03	+9.210e+03	+0.317
166.500	+7.528e+03	+2.494e+03	+9.773e+03	+0.249
166.600	+8.287e+03	+3.146e+03	+1.077e+04	+0.275
166.700	+7.273e+03	+2.555e+03	+1.014e+04	+0.260
166.800	+7.789e+03	+2.984e+03	+1.163e+04	+0.277
166.900	+9.070e+03	+3.313e+03	+9.656e+03	+0.268
167.000	+7.288e+03	+2.615e+03	+1.098e+04	+0.264
167.100	+7.635e+03	+1.876e+03	+9.134e+03	+0.197
167.200	+7.168e+03	+2.176e+03	+1.026e+04	+0.233
167.300	+6.866e+03	+2.454e+03	+1.058e+04	+0.263
167.400	+8.100e+03	+3.052e+03	+1.033e+04	+0.274
167.500	+7.510e+03	+3.048e+03	+1.123e+04	+0.289
167.600	+5.633e+03	+2.772e+03	+9.612e+03	+0.330
167.700	+6.771e+03	+3.843e+03	+7.807e+03	+0.362
167.800	+7.422e+03	+3.580e+03	+1.030e+04	+0.325
167.900	+7.067e+03	+2.627e+03	+9.182e+03	+0.271
168.000	+7.011e+03	+2.533e+03	+1.058e+04	+0.265
168.100	+6.857e+03	+1.986e+03	+1.024e+04	+0.225
168.200	+7.708e+03	+2.813e+03	+1.027e+04	+0.267
168.300	+7.504e+03	+1.629e+03	+9.417e+03	+0.178
168.400	+8.303e+03	+3.742e+03	+8.926e+03	+0.311
168.500	+7.466e+03	+2.029e+03	+1.020e+04	+0.214
168.600	+8.666e+03	+2.474e+03	+1.104e+04	+0.222
168.700	+7.878e+03	+1.870e+03	+9.416e+03	+0.192
168.800	+8.615e+03	+2.637e+03	+1.129e+04	+0.234
168.900	+6.725e+03	+3.333e+03	+9.335e+03	+0.331
169.000	+7.218e+03	+1.438e+03	+9.729e+03	+0.166
169.100	+7.197e+03	+2.973e+03	+1.080e+04	+0.292
169.200	+7.550e+03	+1.799e+03	+8.921e+03	+0.192
169.300	+6.357e+03	+2.506e+03	+9.519e+03	+0.283
169.400	+7.853e+03	+3.305e+03	+1.001e+04	+0.296
169.500	+7.150e+03	+1.621e+03	+9.836e+03	+0.185
169.600	+7.818e+03	+1.579e+03	+1.005e+04	+0.168
169.700	+8.691e+03	+2.005e+03	+1.053e+04	+0.187
169.800	+8.853e+03	+1.512e+03	+1.098e+04	+0.146
169.900	+7.189e+03	+3.494e+03	+9.194e+03	+0.327
170.000	+7.507e+03	+2.263e+03	+1.039e+04	+0.232
170.100	+7.756e+03	+2.259e+03	+9.373e+03	+0.226
170.200	+7.168e+03	+2.131e+03	+9.728e+03	+0.229
170.300	+7.186e+03	+2.362e+03	+1.027e+04	+0.247
170.400	+8.480e+03	+2.755e+03	+9.410e+03	+0.245
170.500	+6.559e+03	+8.542e+02	+1.026e+04	+0.115
170.600	+6.701e+03	+2.581e+03	+1.084e+04	+0.278
170.700	+8.485e+03	+2.799e+03	+1.060e+04	+0.248
170.800	+7.619e+03	+4.386e+03	+1.036e+04	+0.365
170.900	+7.191e+03	+2.671e+03	+8.882e+03	+0.271
171.000	+7.763e+03	+3.196e+03	+1.038e+04	+0.292
171.100	+7.703e+03	+1.434e+03	+9.966e+03	+0.157
171.200	+6.674e+03	+2.195e+03	+9.331e+03	+0.247
171.300	+6.872e+03	+3.317e+03	+9.774e+03	+0.326
171.400	+6.933e+03	+2.735e+03	+9.666e+03	+0.283
171.500	+7.311e+03	+2.863e+03	+1.108e+04	+0.281
171.600	+7.529e+03	+1.636e+03	+1.111e+04	+0.179
171.700	+6.413e+03	+2.031e+03	+9.195e+03	+0.241
171.800	+8.466e+03	+3.073e+03	+1.035e+04	+0.266
171.900	+7.342e+03	+2.507e+03	+9.957e+03	+0.255
172.000	+7.502e+03	+3.528e+03	+9.982e+03	+0.320
172.100	+7.694e+03	+2.455e+03	+9.663e+03	+0.242
172.200	+6.177e+03	+2.112e+03	+1.017e+04	+0.255
172.300	+8.488e+03	+1.255e+03	+9.929e+03	+0.129
172.400	+7.585e+03	+3.258e+03	+1.087e+04	+0.300
172.500	+6.909e+03	+7.112e+02	+1.021e+04	+0.093
172.600	+7.284e+03	+2.767e+03	+1.111e+04	+0.275
172.700	+7.959e+03	+1.352e+03	+8.609e+03	+0.145
172.800	+8.408e+03	+2.834e+03	+1.058e+04	+0.252
172.900	+7.844e+03	+3.570e+03	+9.596e+03	+0.313
173.000	+8.444e+03	+2.053e+03	+1.025e+04	+0.196
173.100	+7.857e+03	+1.730e+03	+9.226e+03	+0.180
173.200	+7.084e+03	+2.095e+03	+1.084e+04	+0.228
173.300	+8.323e+03	+3.223e+03	+1.074e+04	+0.279
173.400	+7.372e+03	+3.686e+03	+9.225e+03	+0.333
173.500	+7.017e+03	+8.800e+02	+9.387e+03	+0.111
173.600	+8.314e+03	+3.210e+03	+9.971e+03	+0.279
173.700	+7.665e+03	+2.842e+03	+1.081e+04	+0.270
173.800	+7.835e+03	+3.639e+03	+9.888e+03	+0.317
173.900	+6.402e+03	+2.911e+03	+9.891e+03	+0.313
174.000	+8.655e+03	+1.308e+03	+1.075e+04	+0.131
174.100	+7.621e+03	+2.467e+03	+9.959e+03	+0.245
174.200	+6.598e+03	+3.118e+03	+1.096e+04	+0.321
174.300	+6.873e+03	+3.673e+03	+9.842e+03	+0.348
174.400	+7.394e+03	+1.164e+03	+1.016e+04	+0.136
174.500	+7.125e+03	+3.097e+03	+9.565e+03	+0.303
174.600	+7.270e+03	+3.837e+03	+9.409e+03	+0.345
174.700	+7.831e+03	+3.275e+03	+1.055e+04	+0.295
174.800	+7.348e+03	+1.983e+03	+8.780e+03	+0.213
174.900	+8.285e+03	+2.448e+03	+9.745e+03	+0.228
175.000	+7.365e+03	+1.690e+03	+9.584e+03	+0.187
175.100	+6.793e+03	+1.955e+03	+8.537e+03	+0.223
175.200	+7.890e+03	+2.181e+03	+9.870e+03	+0.217
175.300	+8.043e+03	+1.751e+03	+1.032e+04	+0.179
175.400	+7.211e+03	+1.608e+03	+1.059e+04	+0.182
175.500	+8.122e+03	+2.831e+03	+1.197e+04	+0.258
175.600	+8.254e+03	+3.003e+03	+1.065e+04	+0.267
175.700	+6.723e+03	+4.084e+03	+1.046e+04	+0.378
175.800	+7.765e+03	+2.407e+03	+9.890e+03	+0.237
175.900	+8.767e+03	+3.136e+03	+8.790e+03	+0.263
176.000	+8.203e+03	+2.554e+03	+9.388e+03	+0.237
176.100	+7.738e+03	+1.916e+03	+1.025e+04	+0.198
176.200	+8.277e+03	+2.902e+03	+1.042e+04	+0.260
176.300	+7.835e+03	+2.422e+03	+1.098e+04	+0.236
176.400	+7.520e+03	+3.137e+02	+8.164e+03	+0.040
176.500	+7.987e+03	+2.454e+03	+1.084e+04	+0.235
176.600	+7.121e+03	+1.939e+03	+1.058e+04	+0.214
176.700	+7.303e+03	+3.484e+03	+1.012e+04	+0.323
176.800	+7.895e+03	+2.459e+03	+1.060e+04	+0.238
176.900	+7.805e+03	+1.580e+03	+1.055e+04	+0.168
177.000	+8.662e+03	+2.456e+03	+9.596e+03	+0.221
177.100	+7.434e+03	+1.360e+03	+9.176e+03	+0.155
177.200	+7.200e+03	+3.680e+03	+1.047e+04	+0.338
177.300	+7.918e+03	+1.531e+03	+9.621e+03	+0.162
177.400	+7.617e+03	+2.039e+03	+1.009e+04	+0.211
177.500	+8.065e+03	+3.059e+03	+9.798e+03	+0.275
177.600	+8.410e+03	+8.211e+02	+1.072e+04	+0.089
177.700	+7.499e+03	+2.946e+03	+1.015e+04	+0.282
177.800	+8.337e+03	+2.301e+03	+9.825e+03	+0.216
177.900	+6.093e+03	+2.937e+03	+9.785e+03	+0.325
178.000	+7.781e+03	+2.009e+03	+1.019e+04	+0.205
178.100	+6.854e+03	+2.771e+03	+9.250e+03	+0.288
178.200	+8.032e+03	+3.738e+03	+1.018e+04	+0.318
178.300	+6.418e+03	+1.916e+03	+9.753e+03	+0.230
178.400	+9.667e+03	+2.695e+03	+9.583e+03	+0.218
178.500	+7.738e+03	+1.607e+03	+1.058e+04	+0.172
178.600	+8.147e+03	+1.892e+03	+9.687e+03	+0.188
178.700	+6.555e+03	+1.010e+03	+9.974e+03	+0.133
178.800	+8.259e+03	+8.407e+02	+9.945e+03	+0.092
178.900	+7.720e+03	+3.075e+03	+8.744e+03	+0.285
179.000	+7.576e+03	+2.163e+03	+9.648e+03	+0.222
179.100	+8.805e+03	+1.899e+03	+1.019e+04	+0.177
179.200	+7.869e+03	+2.570e+03	+1.071e+04	+0.246
179.300	+6.685e+03	+2.528e+03	+1.087e+04	+0.274
179.400	+7.273e+03	+2.124e+03	+8.220e+03	+0.226
179.500	+7.034e+03	+2.549e+03	+9.438e+03	+0.266
179.600	+7.480e+03	+2.702e+03	+1.012e+04	+0.265
179.700	+8.980e+03	+2.424e+03	+9.368e+03	+0.213
179.800	+8.171e+03	+2.754e+03	+8.972e+03	+0.252
179.900	+6.263e+03	+7.484e+02	+9.696e+03	+0.107
180.000	+6.300e+03	+9.903e+02	+1.008e+04	+0.136
180.100	+6.592e+03	+1.772e+03	+9.564e+03	+0.212
180.200	+5.914e+03	+2.492e+03	+1.019e+04	+0.296
180.300	+8.310e+03	+5.274e+03	+9.629e+03	+0.388
180.400	+6.866e+03	+3.223e+03	+9.214e+03	+0.319
180.500	+6.961e+03	+2.783e+03	+9.431e+03	+0.286
180.600	+7.466e+03	+2.309e+03	+9.492e+03	+0.236
180.700	+7.979e+03	+1.824e+03	+9.777e+03	+0.186
180.800	+6.674e+03	+2.249e+03	+8.882e+03	+0.252
180.900	+7.040e+03	+2.982e+03	+9.963e+03	+0.298
181.000	+7.246e+03	+2.996e+03	+1.074e+04	+0.293
181.100	+7.519e+03	+2.544e+03	+1.068e+04	+0.253
181.200	+7.649e+03	+3.180e+03	+1.110e+04	+0.294
181.300	+8.333e+03	+2.528e+03	+1.072e+04	+0.233
181.400	+8.468e+03	+2.299e+03	+1.041e+04	+0.214
181.500	+7.625e+03	+1.780e+03	+1.020e+04	+0.189
181.600	+7.194e+03	+3.409e+03	+9.552e+03	+0.322
181.700	+9.151e+03	+3.467e+03	+9.121e+03	+0.275
181.800	+8.492e+03	+1.925e+03	+1.123e+04	+0.185
181.900	+7.225e+03	+2.694e+03	+1.134e+04	+0.272
182.000	+7.589e+03	+2.338e+03	+9.767e+03	+0.236
182.100	+7.851e+03	+4.011e+03	+8.961e+03	+0.338
182.200	+6.724e+03	+2.214e+03	+9.655e+03	+0.248
182.300	+8.534e+03	+2.407e+03	+1.025e+04	+0.220
182.400	+7.919e+03	+2.946e+03	+1.063e+04	+0.271
182.500	+8.432e+03	+2.375e+03	+9.320e+03	+0.220
182.600	+6.299e+03	+1.379e+03	+1.028e+04	+0.180
182.700	+7.431e+03	+3.032e+03	+9.914e+03	+0.290
182.800	+7.888e+03	+2.297e+03	+9.426e+03	+0.226
182.900	+8.607e+03	+2.509e+03	+1.094e+04	+0.226
183.000	+6.988e+03	+3.289e+03	+8.356e+03	+0.320
183.100	+4.692e+03	+3.362e+03	+1.019e+04	+0.417
183.200	+7.443e+03	+3.570e+03	+1.026e+04	+0.324
183.300	+6.889e+03	+4.009e+03	+8.334e+03	+0.368
183.400	+7.928e+03	+2.352e+03	+9.323e+03	+0.229
183.500	+7.004e+03	+1.711e+03	+1.033e+04	+0.196
183.600	+7.730e+03	+2.578e+03	+1.037e+04	+0.250
183.700	+6.326e+03	+1.710e+03	+1.049e+04	+0.213
183.800	+7.967e+03	+2.592e+03	+9.613e+03	+0.246
183.900	+7.425e+03	+2.826e+03	+9.451e+03	+0.276
184.000	+7.539e+03	+2.233e+03	+1.077e+04	+0.228
184.100	+7.562e+03	+2.713e+03	+8.938e+03	+0.264
184.200	+6.724e+03	+2.518e+03	+1.093e+04	+0.272
184.300	+7.137e+03	+1.580e+03	+1.051e+04	+0.181
184.400	+7.822e+03	+1.877e+03	+9.812e+03	+0.193
184.500	+6.166e+03	+3.440e+03	+9.117e+03	+0.358
184.600	+8.218e+03	+2.252e+03	+1.093e+04	+0.215
184.700	+6.937e+03	+2.583e+03	+9.517e+03	+0.271
184.800	+7.959e+03	+2.848e+03	+8.755e+03	+0.264
184.900	+7.561e+03	+2.657e+03	+9.171e+03	+0.260
185.000	+6.588e+03	+1.930e+03	+1.016e+04	+0.227
185.100	+7.376e+03	+1.840e+03	+9.733e+03	+0.200
185.200	+6.719e+03	+2.839e+03	+9.107e+03	+0.297
185.300	+6.365e+03	+3.850e+03	+8.734e+03	+0.377
185.400	+6.768e+03	+2.998e+03	+1.019e+04	+0.307
185.500	+7.157e+03	+3.081e+03	+1.028e+04	+0.301
185.600	+7.931e+03	+3.346e+03	+1.148e+04	+0.297
185.700	+7.241e+03	+2.434e+03	+1.136e+04	+0.252
185.800	+8.397e+03	+1.422e+03	+1.050e+04	+0.145
185.900	+6.543e+03	+2.366e+03	+1.025e+04	+0.266
186.000	+7.069e+03	+2.964e+03	+9.984e+03	+0.295
186.100	+7.733e+03	+3.591e+03	+9.437e+03	+0.317
186.200	+6.560e+03	+2.618e+03	+1.039e+04	+0.285
186.300	+8.818e+03	+3.218e+03	+9.259e+03	+0.267
186.400	+7.662e+03	+2.839e+03	+8.841e+03	+0.270
186.500	+7.384e+03	+2.952e+03	+1.077e+04	+0.286
186.600	+7.485e+03	+1.437e+03	+1.091e+04	+0.161
186.700	+8.013e+03	+2.357e+03	+1.091e+04	+0.227
186.800	+7.045e+03	+1.907e+03	+9.172e+03	+0.213
186.900	+7.320e+03	+2.551e+03	+9.945e+03	+0.258
187.000	+7.721e+03	+2.646e+03	+1.065e+04	+0.255
187.100	+6.483e+03	+3.207e+03	+1.060e+04	+0.331
187.200	+7.346e+03	+3.941e+03	+1.049e+04	+0.349
187.300	+5.971e+03	+2.564e+03	+9.172e+03	+0.300
187.400	+7.901e+03	+3.138e+03	+8.875e+03	+0.284
187.500	+7.144e+03	+1.491e+03	+9.526e+03	+0.173
187.600	+7.320e+03	+2.658e+03	+1.166e+04	+0.266
187.700	+8.035e+03	+2.953e+03	+9.112e+03	+0.269
187.800	+6.391e+03	+2.110e+03	+9.916e+03	+0.248
187.900	+7.296e+03	+3.836e+03	+1.010e+04	+0.345
188.000	+8.227e+03	+1.716e+03	+1.044e+04	+0.173
188.100	+8.715e+03	+3.022e+03	+1.075e+04	+0.257
188.200	+8.600e+03	+2.355e+03	+1.092e+04	+0.215
188.300	+8.174e+03	+2.538e+03	+9.274e+03	+0.237
188.400	+7.423e+03	+2.137e+03	+9.325e+03	+0.224
188.500	+8.633e+03	+1.732e+03	+9.518e+03	+0.167
188.600	+6.562e+03	+1.853e+03	+1.162e+04	+0.220
188.700	+7.554e+03	+1.561e+03	+1.160e+04	+0.171
188.800	+8.057e+03	+2.702e+03	+1.031e+04	+0.251
188.900	+8.784e+03	+2.374e+03	+1.119e+04	+0.213
189.000	+6.873e+03	+2.092e+03	+1.054e+04	+0.233
189.100	+7.043e+03	+2.563e+03	+1.019e+04	+0.267
189.200	+5.587e+03	+2.176e+03	+1.020e+04	+0.280
189.300	+7.501e+03	+2.755e+03	+8.989e+03	+0.269
189.400	+6.135e+03	+3.220e+03	+9.210e+03	+0.344
189.500	+8.445e+03	+2.898e+03	+9.038e+03	+0.255
189.600	+7.190e+03	+2.022e+03	+1.006e+04	+0.220
189.700	+7.825e+03	+2.211e+03	+1.020e+04	+0.220
189.800	+8.007e+03	+1.658e+03	+1.065e+04	+0.172
189.900	+7.349e+03	+2.855e+03	+9.995e+03	+0.280
190.000	+8.140e+03	+2.342e+03	+1.126e+04	+0.223
190.100	+7.812e+03	+2.921e+03	+1.058e+04	+0.272
190.200	+5.530e+03	+2.828e+03	+9.575e+03	+0.338
190.300	+7.717e+03	+1.912e+03	+1.008e+04	+0.199
190.400	+5.720e+03	+2.352e+03	+7.421e+03	+0.291
190.500	+6.147e+03	+3.810e+03	+9.724e+03	+0.383
190.600	+7.344e+03	+3.451e+03	+1.138e+04	+0.320
190.700	+6.533e+03	+1.460e+03	+9.742e+03	+0.183
190.800	+7.430e+03	+1.460e+03	+1.075e+04	+0.164
190.900	+6.588e+03	+3.653e+03	+9.556e+03	+0.357
191.000	+7.324e+03	+8.514e+02	+9.599e+03	+0.104
191.100	+8.032e+03	+2.981e+03	+1.077e+04	+0.271
191.200	+7.159e+03	+2.670e+03	+9.297e+03	+0.272
191.300	+7.801e+03	+2.180e+03	+9.080e+03	+0.218
191.400	+7.182e+03	+3.239e+03	+1.186e+04	+0.311
191.500	+7.715e+03	+2.440e+03	+8.878e+03	+0.240
191.600	+6.108e+03	+1.005e+03	+1.017e+04	+0.141
191.700	+7.098e+03	+2.757e+03	+9.702e+03	+0.280
191.800	+8.628e+03	+2.449e+03	+9.473e+03	+0.221
191.900	+8.446e+03	+3.519e+03	+9.486e+03	+0.294
192.000	+7.116e+03	+3.418e+03	+9.383e+03	+0.324
192.100	+8.405e+03	+3.344e+03	+1.049e+04	+0.285
192.200	+7.575e+03	+3.142e+03	+9.227e+03	+0.293
192.300	+7.128e+03	+1.889e+03	+1.020e+04	+0.210
192.400	+7.009e+03	+3.539e+03	+1.097e+04	+0.336
192.500	+6.790e+03	+1.987e+03	+9.049e+03	+0.226
192.600	+6.847e+03	+1.785e+03	+9.168e+03	+0.207
192.700	+6.972e+03	+1.805e+03	+9.447e+03	+0.206
192.800	+6.670e+03	+1.601e+03	+9.470e+03	+0.194
192.900	+7.138e+03	+2.773e+03	+1.058e+04	+0.280
193.000	+7.684e+03	+2.186e+03	+9.132e+03	+0.222
193.100	+8.792e+03	+1.061e+03	+9.628e+03	+0.108
193.200	+7.380e+03	+2.770e+03	+1.016e+04	+0.273
193.300	+8.069e+03	+1.700e+03	+1.080e+04	+0.174
193.400	+7.604e+03	+2.581e+03	+9.786e+03	+0.253
193.500	+8.342e+03	+3.111e+03	+1.004e+04	+0.272
193.600	+6.773e+03	+1.858e+03	+9.604e+03	+0.215
193.700	+6.823e+03	+2.755e+03	+9.195e+03	+0.288
193.800	+7.261e+03	+1.202e+03	+9.237e+03	+0.142
193.900	+6.956e+03	+2.200e+03	+9.342e+03	+0.240
194.000	+7.537e+03	+3.732e+03	+1.032e+04	+0.331
194.100	+8.561e+03	+1.817e+03	+9.896e+03	+0.175
194.200	+7.359e+03	+3.385e+03	+1.022e+04	+0.315
194.300	+6.541e+03	+3.213e+03	+8.911e+03	+0.329
194.400	+8.353e+03	+2.501e+03	+9.079e+03	+0.230
194.500	+6.824e+03	+2.231e+03	+1.128e+04	+0.246
194.600	+7.269e+03	+2.262e+03	+1.001e+04	+0.237
194.700	+7.376e+03	+2.357e+03	+9.100e+03	+0.242
194.800	+8.149e+03	+2.803e+03	+1.054e+04	+0.256
194.900	+7.052e+03	+1.871e+03	+1.051e+04	+0.210
195.000	+7.345e+03	+3.094e+03	+1.009e+04	+0.296
195.100	+7.756e+03	+3.507e+03	+1.047e+04	+0.311
195.200	+6.995e+03	+3.127e+03	+8.508e+03	+0.309
195.300	+7.456e+03	+3.094e+03	+9.011e+03	+0.293
195.400	+8.246e+03	+2.338e+03	+9.028e+03	+0.221
195.500	+7.953e+03	+1.821e+03	+9.649e+03	+0.186
195.600	+8.407e+03	+3.186e+03	+1.165e+04	+0.275
195.700	+7.329e+03	+2.081e+03	+1.060e+04	+0.221
195.800	+7.451e+03	+1.388e+03	+1.051e+04	+0.157
195.900	+9.298e+03	+2.337e+03	+1.031e+04	+0.201
196.000	+8.187e+03	+2.427e+03	+7.762e+03	+0.229
196.100	+8.046e+03	+2.675e+03	+1.020e+04	+0.249
196.200	+8.628e+03	+2.292e+03	+1.020e+04	+0.210
196.300	+7.691e+03	+1.162e+03	+1.060e+04	+0.131
196.400	+7.688e+03	+2.693e+03	+9.396e+03	+0.259
196.500	+7.048e+03	+1.859e+03	+1.013e+04	+0.209
196.600	+7.845e+03	+3.049e+03	+1.082e+04	+0.280
196.700	+7.891e+03	+2.517e+03	+1.006e+04	+0.242
196.800	+7.996e+03	+1.818e+03	+9.467e+03	+0.185
196.900	+7.555e+03	+2.183e+03	+1.072e+04	+0.224
197.000	+6.357e+03	+2.742e+03	+8.715e+03	+0.301
197.100	+7.388e+03	+1.522e+03	+8.679e+03	+0.171
197.200	+7.725e+03	+3.099e+03	+1.063e+04	+0.286
197.300	+8.090e+03	+1.998e+03	+9.745e+03	+0.198
197.400	+6.691e+03	+2.441e+03	+9.593e+03	+0.267
197.500	+7.479e+03	+3.037e+03	+1.032e+04	+0.289
197.600	+7.075e+03	+1.939e+03	+1.024e+04	+0.215
197.700	+7.015e+03	+2.805e+03	+1.043e+04	+0.286
197.800	+8.046e+03	+1.264e+03	+9.054e+03	+0.136
197.900	+8.733e+03	+2.553e+03	+9.274e+03	+0.226
198.000	+8.442e+03	+2.994e+03	+1.002e+04	+0.262
198.100	+8.190e+03	+2.179e+03	+1.148e+04	+0.210
198.200	+7.696e+03	+2.638e+03	+9.858e+03	+0.255
198.300	+7.121e+03	+3.203e+03	+9.593e+03	+0.310
198.400	+6.747e+03	+3.547e+03	+1.119e+04	+0.345
198.500	+7.631e+03	+2.792e+03	+1.096e+04	+0.268
198.600	+8.110e+03	+2.757e+03	+9.796e+03	+0.254
198.700	+7.316e+03	+3.494e+03	+9.799e+03	+0.323
198.800	+7.249e+03	+2.933e+03	+1.043e+04	+0.288
198.900	+7.280e+03	+2.909e+03	+1.015e+04	+0.285
199.000	+6.976e+03	+3.194e+03	+9.508e+03	+0.314
199.100	+6.522e+03	+1.883e+03	+9.945e+03	+0.224
199.200	+8.127e+03	+2.112e+03	+9.952e+03	+0.206
199.300	+8.170e+03	+1.924e+03	+1.056e+04	+0.191
199.400	+7.260e+03	+8.810e+02	+9.391e+03	+0.108
199.500	+7.760e+03	+3.085e+03	+1.076e+04	+0.284
199.600	+8.128e+03	+2.482e+03	+1.046e+04	+0.234
199.700	+6.989e+03	+2.353e+03	+1.022e+04	+0.252
199.800	+7.543e+03	+3.059e+03	+1.092e+04	+0.288
