%t (s)	Idd (a.u.)	Ida (a.u.)	Iaa (a.u.)	FRET E
0.000	+2.757e+03	+8.373e+03	+1.056e+04	+0.752
0.100	+2.167e+03	+7.750e+03	+1.063e+04	+0.781
0.200	+2.136e+03	+7.560e+03	+9.084e+03	+0.780
0.300	+1.775e+03	+8.242e+03	+1.037e+04	+0.823
0.400	+1.672e+03	+7.526e+03	+9.911e+03	+0.818
0.500	+1.482e+03	+7.802e+03	+9.226e+03	+0.840
0.600	+2.505e+03	+7.365e+03	+1.125e+04	+0.746
0.700	+2.438e+03	+8.201e+03	+1.048e+04	+0.771
0.800	+1.668e+03	+6.526e+03	+9.804e+03	+0.796
0.900	+1.759e+03	+8.784e+03	+1.076e+04	+0.833
1.000	+1.377e+03	+8.057e+03	+1.055e+04	+0.854
1.100	+7.123e+02	+7.789e+03	+1.046e+04	+0.916
1.200	+1.919e+03	+6.818e+03	+1.015e+04	+0.780
1.300	+2.484e+03	+8.660e+03	+1.033e+04	+0.777
1.400	+1.109e+03	+8.038e+03	+8.876e+03	+0.879
1.500	+1.556e+03	+9.343e+03	+9.843e+03	+0.857
1.600	+1.275e+03	+6.795e+03	+1.038e+04	+0.842
1.700	+9.086e+02	+8.129e+03	+1.001e+04	+0.899
1.800	+2.349e+03	+8.501e+03	+9.414e+03	+0.784
1.900	+2.421e+03	+8.309e+03	+1.073e+04	+0.774
2.000	+3.027e+03	+7.236e+03	+9.713e+03	+0.705
2.100	+2.456e+03	+7.675e+03	+8.326e+03	+0.758
2.200	+1.447e+03	+8.162e+03	+1.093e+04	+0.849
2.300	+1.865e+03	+8.084e+03	+9.416e+03	+0.813
2.400	+1.393e+03	+8.238e+03	+9.195e+03	+0.855
2.500	+2.628e+03	+7.385e+03	+9.162e+03	+0.737
2.600	+2.084e+03	+8.501e+03	+1.014e+04	+0.803
2.700	+2.879e+03	+8.003e+03	+8.789e+03	+0.735
2.800	+3.296e+03	+8.245e+03	+1.088e+04	+0.714
2.900	+2.125e+03	+8.364e+03	+9.835e+03	+0.797
3.000	+1.666e+03	+8.365e+03	+9.347e+03	+0.834
3.100	+1.852e+03	+8.331e+03	+1.052e+04	+0.818
3.200	+2.090e+03	+8.029e+03	+1.102e+04	+0.793
3.300	+1.712e+03	+8.955e+03	+9.342e+03	+0.839
3.400	+1.231e+03	+7.125e+03	+9.736e+03	+0.853
3.500	+2.044e+03	+8.118e+03	+9.951e+03	+0.799
3.600	+1.377e+03	+8.733e+03	+8.768e+03	+0.864
3.700	+3.004e+03	+7.564e+03	+1.033e+04	+0.716
3.800	+2.508e+03	+8.267e+03	+9.330e+03	+0.767
3.900	+1.217e+03	+8.023e+03	+9.539e+03	+0.868
4.000	+1.620e+03	+8.795e+03	+1.031e+04	+0.844
4.100	+1.657e+03	+8.621e+03	+1.059e+04	+0.839
4.200	+1.539e+03	+7.823e+03	+1.111e+04	+0.836
4.300	+8.640e+02	+8.630e+03	+1.023e+04	+0.909
4.400	+2.302e+03	+8.128e+03	+1.017e+04	+0.779
4.500	+1.377e+03	+7.940e+03	+9.822e+03	+0.852
4.600	+2.843e+03	+7.852e+03	+9.616e+03	+0.734
4.700	+1.936e+03	+8.291e+03	+1.000e+04	+0.811
4.800	+7.950e+02	+8.278e+03	+9.505e+03	+0.912
4.900	+1.029e+03	+7.735e+03	+1.025e+04	+0.883
5.000	+5.057e+03	+5.323e+03	+9.793e+03	+0.513
5.100	+8.144e+03	+2.874e+03	+9.952e+03	+0.261
5.200	+7.889e+03	+2.321e+03	+9.826e+03	+0.227
5.300	+7.253e+03	+2.307e+03	+1.076e+04	+0.241
5.400	+7.610e+03	+2.413e+03	+9.940e+03	+0.241
5.500	+8.351e+03	+4.025e+03	+1.073e+04	+0.325
5.600	+8.098e+03	+2.243e+03	+1.127e+04	+0.217
5.700	+7.646e+03	+2.475e+03	+9.754e+03	+0.245
5.800	+7.478e+03	+1.656e+03	+1.061e+04	+0.181
5.900	+6.666e+03	+1.293e+03	+1.033e+04	+0.162
6.000	+7.484e+03	+1.915e+03	+9.511e+03	+0.204
6.100	+8.585e+03	+1.322e+03	+1.051e+04	+0.133
6.200	+7.765e+03	+3.469e+03	+8.821e+03	+0.309
6.300	+8.972e+03	+2.951e+03	+1.050e+04	+0.248
6.400	+7.032e+03	+1.821e+03	+9.717e+03	+0.206
6.500	+7.355e+03	+1.949e+03	+1.088e+04	+0.209
6.600	+8.471e+03	+2.636e+03	+9.037e+03	+0.237
6.700	+7.338e+03	+2.949e+03	+9.673e+03	+0.287
6.800	+7.016e+03	+2.505e+03	+1.030e+04	+0.263
6.900	+7.138e+03	+1.986e+03	+9.980e+03	+0.218
7.000	+7.053e+03	+2.487e+03	+9.718e+03	+0.261
7.100	+6.169e+03	+2.268e+03	+1.034e+04	+0.269
7.200	+7.141e+03	+1.648e+03	+9.147e+03	+0.188
7.300	+6.826e+03	+2.520e+03	+1.059e+04	+0.270
7.400	+7.195e+03	+3.723e+03	+9.296e+03	+0.341
7.500	+7.995e+03	+2.050e+03	+1.109e+04	+0.204
7.600	+7.115e+03	+3.109e+03	+1.109e+04	+0.304
7.700	+7.885e+03	+2.166e+03	+1.030e+04	+0.216
7.800	+7.955e+03	+3.093e+03	+1.057e+04	+0.280
7.900	+8.773e+03	+2.454e+03	+8.373e+03	+0.219
8.000	+7.179e+03	+2.911e+03	+1.111e+04	+0.288
8.100	+7.641e+03	+2.361e+03	+9.816e+03	+0.236
8.200	+8.055e+03	+3.289e+03	+9.747e+03	+0.290
8.300	+6.829e+03	+2.807e+03	+1.112e+04	+0.291
8.400	+8.309e+03	+3.580e+03	+9.743e+03	+0.301
8.500	+6.730e+03	+3.337e+03	+1.028e+04	+0.331
8.600	+8.493e+03	+2.784e+03	+9.928e+03	+0.247
8.700	+6.975e+03	+3.144e+03	+9.610e+03	+0.311
8.800	+7.130e+03	+2.266e+03	+1.036e+04	+0.241
8.900	+6.775e+03	+2.871e+03	+9.540e+03	+0.298
9.000	+6.617e+03	+3.214e+03	+1.051e+04	+0.327
9.100	+7.475e+03	+2.562e+03	+9.746e+03	+0.255
9.200	+7.288e+03	+1.559e+03	+9.599e+03	+0.176
9.300	+7.713e+03	+2.686e+03	+9.064e+03	+0.258
9.400	+7.371e+03	+2.464e+03	+1.028e+04	+0.251
9.500	+6.911e+03	+3.079e+03	+1.012e+04	+0.308
9.600	+7.559e+03	+2.077e+03	+1.171e+04	+0.216
9.700	+6.805e+03	+3.535e+03	+9.965e+03	+0.342
9.800	+7.808e+03	+8.846e+02	+8.917e+03	+0.102
9.900	+7.529e+03	+3.881e+03	+1.032e+04	+0.340
10.000	+6.185e+03	+2.785e+03	+9.697e+03	+0.310
10.100	+8.379e+03	+3.039e+03	+9.767e+03	+0.266
10.200	+6.942e+03	+2.132e+03	+1.033e+04	+0.235
10.300	+7.090e+03	+2.296e+03	+1.032e+04	+0.245
10.400	+7.378e+03	+3.368e+03	+1.020e+04	+0.313
10.500	+6.979e+03	+4.018e+03	+9.704e+03	+0.365
10.600	+8.040e+03	+2.973e+03	+9.435e+03	+0.270
10.700	+7.535e+03	+1.904e+03	+1.023e+04	+0.202
10.800	+7.032e+03	+3.240e+03	+1.146e+04	+0.315
10.900	+7.032e+03	+2.183e+03	+9.744e+03	+0.237
11.000	+6.766e+03	+2.729e+03	+1.107e+04	+0.287
11.100	+8.431e+03	+2.571e+03	+1.148e+04	+0.234
11.200	+6.390e+03	+3.039e+03	+9.820e+03	+0.322
11.300	+4.957e+03	+4.739e+03	+1.061e+04	+0.489
11.400	+4.780e+03	+5.530e+03	+8.977e+03	+0.536
11.500	+6.246e+03	+5.004e+03	+9.025e+03	+0.445
11.600	+4.811e+03	+6.170e+03	+1.108e+04	+0.562
11.700	+4.936e+03	+4.917e+03	+9.236e+03	+0.499
11.800	+5.855e+03	+4.575e+03	+9.496e+03	+0.439
11.900	+5.411e+03	+6.170e+03	+8.975e+03	+0.533
12.000	+4.550e+03	+5.480e+03	+9.271e+03	+0.546
12.100	+4.291e+03	+4.852e+03	+9.215e+03	+0.531
12.200	+5.132e+03	+5.218e+03	+9.555e+03	+0.504
12.300	+3.845e+03	+6.340e+03	+1.060e+04	+0.622
12.400	+4.373e+03	+6.005e+03	+1.000e+04	+0.579
12.500	+4.702e+03	+3.924e+03	+9.778e+03	+0.455
12.600	+6.103e+03	+4.141e+03	+9.077e+03	+0.404
12.700	+5.048e+03	+4.671e+03	+1.032e+04	+0.481
12.800	+5.559e+03	+4.531e+03	+1.067e+04	+0.449
12.900	+5.332e+03	+6.032e+03	+9.825e+03	+0.531
13.000	+5.629e+03	+5.867e+03	+9.588e+03	+0.510
13.100	+4.687e+03	+5.471e+03	+1.006e+04	+0.539
13.200	+5.229e+03	+4.864e+03	+9.795e+03	+0.482
13.300	+6.006e+03	+4.491e+03	+9.800e+03	+0.428
13.400	+5.158e+03	+5.276e+03	+1.050e+04	+0.506
13.500	+5.068e+03	+5.045e+03	+9.923e+03	+0.499
13.600	+4.072e+03	+5.224e+03	+1.015e+04	+0.562
13.700	+4.924e+03	+4.803e+03	+9.460e+03	+0.494
13.800	+5.032e+03	+5.198e+03	+9.495e+03	+0.508
13.900	+4.275e+03	+4.601e+03	+1.008e+04	+0.518
14.000	+5.256e+03	+6.165e+03	+9.402e+03	+0.540
14.100	+5.811e+03	+5.021e+03	+8.855e+03	+0.464
14.200	+4.278e+03	+5.075e+03	+9.542e+03	+0.543
14.300	+5.461e+03	+4.525e+03	+1.014e+04	+0.453
14.400	+5.259e+03	+4.368e+03	+1.060e+04	+0.454
14.500	+4.879e+03	+4.381e+03	+1.069e+04	+0.473
14.600	+5.573e+03	+2.750e+03	+9.918e+03	+0.330
14.700	+5.748e+03	+4.585e+03	+1.034e+04	+0.444
14.800	+4.173e+03	+5.491e+03	+9.744e+03	+0.568
14.900	+4.437e+03	+6.637e+03	+1.007e+04	+0.599
15.000	+3.703e+03	+4.985e+03	+1.114e+04	+0.574
15.100	+5.103e+03	+5.588e+03	+9.465e+03	+0.523
15.200	+4.985e+03	+4.989e+03	+8.199e+03	+0.500
15.300	+3.914e+03	+4.684e+03	+9.899e+03	+0.545
15.400	+5.007e+03	+5.385e+03	+1.007e+04	+0.518
15.500	+6.678e+03	+4.892e+03	+9.545e+03	+0.423
15.600	+6.342e+03	+4.924e+03	+1.164e+04	+0.437
15.700	+5.835e+03	+4.239e+03	+1.042e+04	+0.421
15.800	+6.337e+03	+5.767e+03	+9.994e+03	+0.476
15.900	+5.151e+03	+5.378e+03	+1.084e+04	+0.511
16.000	+5.554e+03	+6.338e+03	+1.057e+04	+0.533
16.100	+5.353e+03	+4.885e+03	+9.418e+03	+0.477
16.200	+5.197e+03	+4.853e+03	+1.016e+04	+0.483
16.300	+5.658e+03	+2.967e+03	+9.918e+03	+0.344
16.400	+5.893e+03	+4.303e+03	+1.062e+04	+0.422
16.500	+6.651e+03	+5.658e+03	+9.646e+03	+0.460
16.600	+4.247e+03	+4.913e+03	+8.890e+03	+0.536
16.700	+4.227e+03	+4.814e+03	+1.018e+04	+0.532
16.800	+5.194e+03	+4.635e+03	+9.538e+03	+0.472
16.900	+5.608e+03	+5.215e+03	+9.123e+03	+0.482
17.000	+4.272e+03	+5.289e+03	+1.034e+04	+0.553
17.100	+5.530e+03	+5.316e+03	+1.111e+04	+0.490
17.200	+4.788e+03	+4.180e+03	+1.097e+04	+0.466
17.300	+4.991e+03	+6.594e+03	+1.005e+04	+0.569
17.400	+4.737e+03	+4.556e+03	+1.006e+04	+0.490
17.500	+5.105e+03	+4.623e+03	+1.024e+04	+0.475
17.600	+4.842e+03	+5.371e+03	+9.782e+03	+0.526
17.700	+5.274e+03	+4.260e+03	+1.037e+04	+0.447
17.800	+4.301e+03	+3.997e+03	+1.055e+04	+0.482
17.900	+5.576e+03	+5.440e+03	+1.053e+04	+0.494
18.000	+5.285e+03	+4.212e+03	+1.005e+04	+0.444
18.100	+5.686e+03	+4.400e+03	+1.042e+04	+0.436
18.200	+4.831e+03	+4.810e+03	+9.913e+03	+0.499
18.300	+4.310e+03	+5.506e+03	+9.830e+03	+0.561
18.400	+4.902e+03	+5.162e+03	+9.976e+03	+0.513
18.500	+4.403e+03	+4.592e+03	+1.077e+04	+0.511
18.600	+5.817e+03	+5.387e+03	+1.087e+04	+0.481
18.700	+5.257e+03	+4.103e+03	+1.000e+04	+0.438
18.800	+4.759e+03	+4.064e+03	+9.490e+03	+0.461
18.900	+4.234e+03	+4.198e+03	+9.110e+03	+0.498
19.000	+3.916e+03	+5.617e+03	+1.003e+04	+0.589
19.100	+4.545e+03	+4.404e+03	+1.117e+04	+0.492
19.200	+4.689e+03	+6.135e+03	+1.097e+04	+0.567
19.300	+4.077e+03	+5.317e+03	+8.815e+03	+0.566
19.400	+5.130e+03	+5.566e+03	+1.045e+04	+0.520
19.500	+3.992e+03	+4.606e+03	+1.005e+04	+0.536
19.600	+4.122e+03	+5.614e+03	+1.137e+04	+0.577
19.700	+6.051e+03	+5.282e+03	+9.527e+03	+0.466
19.800	+5.231e+03	+5.401e+03	+9.881e+03	+0.508
19.900	+6.140e+03	+4.649e+03	+9.165e+03	+0.431
20.000	+5.108e+03	+4.770e+03	+1.010e+04	+0.483
20.100	+4.917e+03	+5.540e+03	+1.041e+04	+0.530
20.200	+5.811e+03	+3.762e+03	+1.021e+04	+0.393
20.300	+8.127e+03	+3.140e+03	+1.005e+04	+0.279
20.400	+8.195e+03	+1.972e+03	+9.490e+03	+0.194
20.500	+8.713e+03	+1.338e+03	+1.106e+04	+0.133
20.600	+8.669e+03	+4.080e+03	+9.676e+03	+0.320
20.700	+7.567e+03	+1.709e+03	+9.944e+03	+0.184
20.800	+8.817e+03	+4.306e+03	+9.491e+03	+0.328
20.900	+5.587e+03	+3.154e+03	+8.449e+03	+0.361
21.000	+7.670e+03	+2.471e+03	+1.042e+04	+0.244
21.100	+6.714e+03	+3.037e+03	+8.978e+03	+0.311
21.200	+5.530e+03	+2.595e+03	+1.040e+04	+0.319
21.300	+6.586e+03	+9.787e+02	+1.152e+04	+0.129
21.400	+8.246e+03	+3.092e+03	+1.039e+04	+0.273
21.500	+7.421e+03	+2.209e+03	+1.108e+04	+0.229
21.600	+8.298e+03	+1.190e+03	+9.122e+03	+0.125
21.700	+7.922e+03	+3.874e+03	+1.116e+04	+0.328
21.800	+5.921e+03	+4.092e+02	+1.052e+04	+0.065
21.900	+7.385e+03	+3.944e+03	+9.726e+03	+0.348
22.000	+7.269e+03	+2.559e+03	+9.003e+03	+0.260
22.100	+7.577e+03	+1.777e+03	+1.081e+04	+0.190
22.200	+9.107e+03	+2.008e+03	+1.059e+04	+0.181
22.300	+7.310e+03	+2.086e+03	+9.929e+03	+0.222
22.400	+6.628e+03	+2.975e+03	+1.094e+04	+0.310
22.500	+7.567e+03	+3.473e+03	+9.835e+03	+0.315
22.600	+8.173e+03	+2.667e+03	+1.053e+04	+0.246
22.700	+7.850e+03	+2.735e+03	+9.974e+03	+0.258
22.800	+7.661e+03	+2.224e+03	+9.670e+03	+0.225
22.900	+7.681e+03	+3.232e+03	+9.800e+03	+0.296
23.000	+7.938e+03	+4.239e+03	+1.001e+04	+0.348
23.100	+6.397e+03	+1.890e+03	+8.623e+03	+0.228
23.200	+7.039e+03	+3.269e+03	+9.811e+03	+0.317
23.300	+8.305e+03	+3.360e+03	+1.044e+04	+0.288
23.400	+7.030e+03	+3.260e+03	+9.591e+03	+0.317
23.500	+8.511e+03	+3.649e+03	+1.070e+04	+0.300
23.600	+7.829e+03	+2.865e+03	+9.487e+03	+0.268
23.700	+8.825e+03	+2.988e+03	+8.101e+03	+0.253
23.800	+7.835e+03	+2.897e+03	+9.547e+03	+0.270
23.900	+7.188e+03	+3.491e+03	+1.168e+04	+0.327
24.000	+8.114e+03	+2.051e+03	+1.018e+04	+0.202
24.100	+7.741e+03	+3.086e+03	+1.064e+04	+0.285
24.200	+7.720e+03	+2.086e+03	+9.723e+03	+0.213
24.300	+6.427e+03	+2.039e+03	+1.062e+04	+0.241
24.400	+7.097e+03	+2.133e+03	+1.084e+04	+0.231
24.500	+7.245e+03	+2.639e+03	+9.131e+03	+0.267
24.600	+7.582e+03	+3.963e+03	+1.027e+04	+0.343
24.700	+8.465e+03	+2.931e+03	+9.919e+03	+0.257
24.800	+8.324e+03	+3.015e+03	+1.010e+04	+0.266
24.900	+7.593e+03	+2.300e+03	+1.006e+04	+0.233
25.000	+6.914e+03	+2.141e+03	+1.069e+04	+0.236
25.100	+7.896e+03	+2.576e+03	+1.035e+04	+0.246
25.200	+7.498e+03	+3.967e+03	+8.765e+03	+0.346
25.300	+6.589e+03	+2.906e+03	+9.657e+03	+0.306
25.400	+7.363e+03	+1.176e+03	+9.668e+03	+0.138
25.500	+7.535e+03	+2.838e+03	+8.512e+03	+0.274
25.600	+8.151e+03	+2.536e+03	+9.661e+03	+0.237
25.700	+6.664e+03	+2.945e+03	+9.186e+03	+0.306
25.800	+8.268e+03	+2.390e+03	+8.810e+03	+0.224
25.900	+6.763e+03	+1.848e+03	+1.076e+04	+0.215
26.000	+7.814e+03	+2.430e+03	+9.889e+03	+0.237
26.100	+8.052e+03	+3.580e+03	+1.061e+04	+0.308
26.200	+7.609e+03	+2.875e+03	+9.388e+03	+0.274
26.300	+7.481e+03	+2.454e+03	+1.148e+04	+0.247
26.400	+6.252e+03	+8.486e+02	+8.894e+03	+0.120
26.500	+8.077e+03	+2.939e+03	+1.067e+04	+0.267
26.600	+7.632e+03	+2.271e+03	+1.022e+04	+0.229
26.700	+6.175e+03	+2.048e+03	+9.072e+03	+0.249
26.800	+8.315e+03	+1.040e+03	+1.017e+04	+0.111
26.900	+6.942e+03	+2.570e+03	+9.125e+03	+0.270
27.000	+8.063e+03	+3.640e+03	+9.710e+03	+0.311
27.100	+8.395e+03	+2.896e+03	+9.228e+03	+0.257
27.200	+7.051e+03	+2.245e+03	+9.809e+03	+0.242
27.300	+7.469e+03	+1.751e+03	+9.345e+03	+0.190
27.400	+6.239e+03	+1.378e+03	+9.373e+03	+0.181
27.500	+7.487e+03	+1.184e+03	+1.037e+04	+0.137
27.600	+7.176e+03	+1.590e+03	+1.028e+04	+0.181
27.700	+6.900e+03	+2.296e+03	+1.110e+04	+0.250
27.800	+7.492e+03	+1.830e+03	+1.020e+04	+0.196
27.900	+6.921e+03	+3.470e+03	+1.012e+04	+0.334
28.000	+6.940e+03	+2.707e+03	+1.047e+04	+0.281
28.100	+7.703e+03	+2.841e+03	+1.027e+04	+0.269
28.200	+8.214e+03	+2.101e+03	+9.670e+03	+0.204
28.300	+8.714e+03	+2.076e+03	+9.230e+03	+0.192
28.400	+8.201e+03	+2.179e+03	+9.084e+03	+0.210
28.500	+7.693e+03	+2.783e+03	+1.073e+04	+0.266
28.600	+6.633e+03	+3.493e+03	+9.225e+03	+0.345
28.700	+8.531e+03	+2.509e+03	+9.382e+03	+0.227
28.800	+7.702e+03	+3.074e+03	+9.890e+03	+0.285
28.900	+7.382e+03	+2.927e+03	+1.129e+04	+0.284
29.000	+7.147e+03	+2.074e+03	+1.154e+04	+0.225
29.100	+8.981e+03	+3.177e+03	+1.015e+04	+0.261
29.200	+7.729e+03	+1.951e+03	+1.018e+04	+0.202
29.300	+7.146e+03	+1.255e+03	+9.270e+03	+0.149
29.400	+7.827e+03	+2.357e+03	+1.078e+04	+0.231
29.500	+8.756e+03	+2.389e+03	+1.001e+04	+0.214
29.600	+7.942e+03	+3.896e+03	+1.023e+04	+0.329
29.700	+8.398e+03	+2.818e+03	+1.046e+04	+0.251
29.800	+6.671e+03	+1.793e+03	+9.560e+03	+0.212
29.900	+7.730e+03	+2.530e+03	+1.050e+04	+0.247
30.000	+7.760e+03	+4.723e+03	+9.228e+03	+0.378
30.100	+8.352e+03	+2.601e+03	+1.029e+04	+0.238
30.200	+7.360e+03	+2.687e+03	+9.386e+03	+0.267
30.300	+6.450e+03	+3.175e+03	+1.030e+04	+0.330
30.400	+7.971e+03	+4.063e+03	+1.047e+04	+0.338
30.500	+6.518e+03	+2.479e+03	+8.538e+03	+0.276
30.600	+7.417e+03	+2.413e+03	+1.057e+04	+0.245
30.700	+7.671e+03	+1.731e+03	+9.369e+03	+0.184
30.800	+7.634e+03	+2.618e+03	+8.986e+03	+0.255
30.900	+7.971e+03	+2.040e+03	+1.057e+04	+0.204
31.000	+7.588e+03	+1.586e+03	+1.055e+04	+0.173
31.100	+7.249e+03	+1.419e+03	+1.050e+04	+0.164
31.200	+8.453e+03	+2.649e+03	+9.603e+03	+0.239
31.300	+9.003e+03	+2.308e+03	+1.068e+04	+0.204
31.400	+7.811e+03	+3.193e+03	+9.618e+03	+0.290
31.500	+8.399e+03	+1.776e+03	+9.432e+03	+0.175
31.600	+6.795e+03	+3.107e+03	+9.456e+03	+0.314
31.700	+7.840e+03	+1.817e+03	+9.553e+03	+0.188
31.800	+6.649e+03	+3.860e+03	+1.033e+04	+0.367
31.900	+6.565e+03	+2.415e+03	+9.584e+03	+0.269
32.000	+8.056e+03	+2.183e+03	+1.043e+04	+0.213
32.100	+7.484e+03	+3.705e+03	+1.106e+04	+0.331
32.200	+6.740e+03	+2.015e+03	+9.673e+03	+0.230
32.300	+5.890e+03	+4.451e+03	+9.812e+03	+0.430
32.400	+5.094e+03	+4.446e+03	+1.008e+04	+0.466
32.500	+4.443e+03	+5.416e+03	+9.408e+03	+0.549
32.600	+5.716e+03	+4.990e+03	+9.183e+03	+0.466
32.700	+6.516e+03	+3.935e+03	+1.055e+04	+0.377
32.800	+5.302e+03	+4.991e+03	+9.542e+03	+0.485
32.900	+4.695e+03	+3.294e+03	+8.953e+03	+0.412
33.000	+4.646e+03	+5.554e+03	+1.104e+04	+0.545
33.100	+5.066e+03	+4.889e+03	+9.697e+03	+0.491
33.200	+3.825e+03	+4.909e+03	+1.021e+04	+0.562
33.300	+5.182e+03	+6.149e+03	+9.969e+03	+0.543
33.400	+6.078e+03	+4.886e+03	+1.101e+04	+0.446
33.500	+4.682e+03	+5.376e+03	+8.540e+03	+0.535
33.600	+5.446e+03	+5.529e+03	+9.420e+03	+0.504
33.700	+4.962e+03	+5.701e+03	+1.063e+04	+0.535
33.800	+4.570e+03	+5.442e+03	+8.782e+03	+0.544
33.900	+5.252e+03	+3.819e+03	+9.643e+03	+0.421
34.000	+4.713e+03	+4.422e+03	+1.071e+04	+0.484
34.100	+6.364e+03	+5.528e+03	+8.676e+03	+0.465
34.200	+4.723e+03	+3.985e+03	+1.079e+04	+0.458
34.300	+6.536e+03	+4.177e+03	+1.041e+04	+0.390
34.400	+5.010e+03	+3.719e+03	+9.934e+03	+0.426
34.500	+5.494e+03	+4.127e+03	+9.607e+03	+0.429
34.600	+4.553e+03	+4.930e+03	+8.146e+03	+0.520
34.700	+6.086e+03	+5.881e+03	+1.162e+04	+0.491
34.800	+5.216e+03	+4.542e+03	+9.976e+03	+0.465
34.900	+5.376e+03	+5.117e+03	+9.287e+03	+0.488
35.000	+4.540e+03	+4.887e+03	+1.019e+04	+0.518
35.100	+4.855e+03	+4.998e+03	+1.081e+04	+0.507
35.200	+5.471e+03	+4.685e+03	+1.002e+04	+0.461
35.300	+5.414e+03	+5.934e+03	+1.027e+04	+0.523
35.400	+5.488e+03	+4.920e+03	+1.053e+04	+0.473
35.500	+4.882e+03	+5.093e+03	+9.309e+03	+0.511
35.600	+5.563e+03	+4.127e+03	+9.195e+03	+0.426
35.700	+4.218e+03	+3.843e+03	+9.629e+03	+0.477
35.800	+5.535e+03	+4.475e+03	+9.601e+03	+0.447
35.900	+3.978e+03	+4.692e+03	+1.026e+04	+0.541
36.000	+4.764e+03	+5.320e+03	+9.111e+03	+0.528
36.100	+4.460e+03	+5.468e+03	+9.482e+03	+0.551
36.200	+4.130e+03	+3.143e+03	+1.039e+04	+0.432
36.300	+5.244e+03	+4.286e+03	+9.813e+03	+0.450
36.400	+4.991e+03	+5.479e+03	+1.019e+04	+0.523
36.500	+5.495e+03	+4.876e+03	+1.006e+04	+0.470
36.600	+4.595e+03	+4.555e+03	+1.094e+04	+0.498
36.700	+6.108e+03	+5.596e+03	+1.006e+04	+0.478
36.800	+4.691e+03	+5.951e+03	+1.108e+04	+0.559
36.900	+5.268e+03	+4.994e+03	+1.033e+04	+0.487
37.000	+5.026e+03	+4.702e+03	+1.034e+04	+0.483
37.100	+4.593e+03	+4.355e+03	+9.423e+03	+0.487
37.200	+4.995e+03	+5.735e+03	+1.041e+04	+0.534
37.300	+5.271e+03	+4.698e+03	+9.884e+03	+0.471
37.400	+5.616e+03	+5.468e+03	+1.063e+04	+0.493
37.500	+4.426e+03	+5.272e+03	+1.101e+04	+0.544
37.600	+5.208e+03	+5.123e+03	+1.114e+04	+0.496
37.700	+5.501e+03	+4.533e+03	+1.052e+04	+0.452
37.800	+4.510e+03	+4.992e+03	+1.032e+04	+0.525
37.900	+5.410e+03	+4.538e+03	+1.055e+04	+0.456
38.000	+5.453e+03	+5.370e+03	+1.023e+04	+0.496
38.100	+4.391e+03	+5.172e+03	+1.022e+04	+0.541
38.200	+4.337e+03	+5.034e+03	+1.005e+04	+0.537
38.300	+5.244e+03	+4.654e+03	+1.007e+04	+0.470
38.400	+5.176e+03	+4.883e+03	+1.059e+04	+0.485
38.500	+4.550e+03	+3.794e+03	+1.201e+04	+0.455
38.600	+4.779e+03	+4.957e+03	+9.929e+03	+0.509
38.700	+4.816e+03	+3.649e+03	+1.058e+04	+0.431
38.800	+6.282e+03	+4.703e+03	+8.932e+03	+0.428
38.900	+5.120e+03	+5.655e+03	+1.026e+04	+0.525
39.000	+5.646e+03	+5.434e+03	+9.722e+03	+0.490
39.100	+5.589e+03	+5.332e+03	+1.099e+04	+0.488
39.200	+5.232e+03	+4.607e+03	+1.022e+04	+0.468
39.300	+4.842e+03	+4.325e+03	+9.323e+03	+0.472
39.400	+4.818e+03	+3.848e+03	+9.608e+03	+0.444
39.500	+5.670e+03	+5.887e+03	+9.115e+03	+0.509
39.600	+5.066e+03	+4.457e+03	+9.197e+03	+0.468
39.700	+3.846e+03	+5.117e+03	+9.833e+03	+0.571
39.800	+4.932e+03	+4.617e+03	+8.985e+03	+0.483
39.900	+5.896e+03	+3.054e+03	+9.325e+03	+0.341
40.000	+5.784e+03	+6.264e+03	+1.057e+04	+0.520
40.100	+5.305e+03	+5.297e+03	+9.275e+03	+0.500
40.200	+4.925e+03	+3.772e+03	+1.103e+04	+0.434
40.300	+5.035e+03	+4.596e+03	+1.018e+04	+0.477
40.400	+4.010e+03	+5.417e+03	+1.041e+04	+0.575
40.500	+5.606e+03	+4.948e+03	+9.652e+03	+0.469
40.600	+5.041e+03	+4.327e+03	+8.616e+03	+0.462
40.700	+2.899e+03	+4.588e+03	+9.763e+03	+0.613
40.800	+5.764e+03	+3.707e+03	+1.001e+04	+0.391
40.900	+4.465e+03	+6.318e+03	+8.895e+03	+0.586
41.000	+3.488e+03	+5.603e+03	+1.066e+04	+0.616
41.100	+5.751e+03	+4.854e+03	+9.067e+03	+0.458
41.200	+4.305e+03	+4.623e+03	+9.872e+03	+0.518
41.300	+6.815e+03	+4.859e+03	+9.962e+03	+0.416
41.400	+5.487e+03	+5.594e+03	+9.148e+03	+0.505
41.500	+5.424e+03	+5.658e+03	+1.023e+04	+0.511
41.600	+5.875e+03	+5.300e+03	+9.245e+03	+0.474
41.700	+3.587e+03	+5.507e+03	+9.436e+03	+0.606
41.800	+4.330e+03	+5.285e+03	+1.061e+04	+0.550
41.900	+5.652e+03	+5.015e+03	+1.060e+04	+0.470
42.000	+5.147e+03	+4.963e+03	+1.021e+04	+0.491
42.100	+4.591e+03	+3.676e+03	+1.059e+04	+0.445
42.200	+5.730e+03	+6.139e+03	+9.473e+03	+0.517
42.300	+5.038e+03	+4.908e+03	+1.024e+04	+0.493
42.400	+5.726e+03	+4.077e+03	+1.012e+04	+0.416
42.500	+4.686e+03	+4.697e+03	+9.591e+03	+0.501
42.600	+4.388e+03	+4.105e+03	+9.429e+03	+0.483
42.700	+4.742e+03	+6.135e+03	+9.310e+03	+0.564
42.800	+5.031e+03	+5.147e+03	+1.040e+04	+0.506
42.900	+3.983e+03	+4.263e+03	+1.049e+04	+0.517
43.000	+5.031e+03	+4.833e+03	+1.115e+04	+0.490
43.100	+4.220e+03	+6.018e+03	+1.061e+04	+0.588
43.200	+5.477e+03	+4.691e+03	+1.075e+04	+0.461
43.300	+5.542e+03	+4.365e+03	+1.076e+04	+0.441
43.400	+5.183e+03	+4.572e+03	+1.111e+04	+0.469
43.500	+5.315e+03	+5.742e+03	+1.014e+04	+0.519
43.600	+5.466e+03	+5.616e+03	+9.150e+03	+0.507
43.700	+5.418e+03	+5.316e+03	+8.132e+03	+0.495
43.800	+4.375e+03	+5.143e+03	+9.273e+03	+0.540
43.900	+4.534e+03	+5.149e+03	+1.072e+04	+0.532
44.000	+6.427e+03	+4.336e+03	+1.069e+04	+0.403
44.100	+4.781e+03	+4.886e+03	+1.057e+04	+0.505
44.200	+3.929e+03	+4.684e+03	+9.800e+03	+0.544
44.300	+4.372e+03	+5.220e+03	+9.438e+03	+0.544
44.400	+4.667e+03	+4.047e+03	+1.041e+04	+0.464
44.500	+4.286e+03	+5.360e+03	+1.007e+04	+0.556
44.600	+4.758e+03	+4.696e+03	+9.132e+03	+0.497
44.700	+5.530e+03	+4.636e+03	+9.679e+03	+0.456
44.800	+4.428e+03	+4.665e+03	+9.978e+03	+0.513
44.900	+7.444e+03	+2.964e+03	+9.737e+03	+0.285
45.000	+8.179e+03	+1.427e+03	+1.003e+04	+0.149
45.100	+7.192e+03	+2.509e+03	+1.069e+04	+0.259
45.200	+6.667e+03	+1.684e+03	+1.091e+04	+0.202
45.300	+6.480e+03	+2.094e+03	+1.023e+04	+0.244
45.400	+8.302e+03	+3.026e+03	+8.980e+03	+0.267
45.500	+8.768e+03	+1.827e+03	+1.102e+04	+0.172
45.600	+6.930e+03	+2.528e+03	+9.565e+03	+0.267
45.700	+7.697e+03	+2.442e+03	+8.186e+03	+0.241
45.800	+8.022e+03	+4.192e+03	+9.927e+03	+0.343
45.900	+6.727e+03	+1.974e+03	+9.083e+03	+0.227
46.000	+7.434e+03	+2.504e+03	+1.020e+04	+0.252
46.100	+7.868e+03	+1.970e+03	+1.060e+04	+0.200
46.200	+7.293e+03	+2.604e+03	+9.195e+03	+0.263
46.300	+6.834e+03	+1.184e+03	+9.462e+03	+0.148
46.400	+6.042e+03	+1.776e+03	+1.107e+04	+0.227
46.500	+8.689e+03	+2.496e+03	+1.020e+04	+0.223
46.600	+7.589e+03	+2.400e+03	+9.627e+03	+0.240
46.700	+8.239e+03	+1.871e+03	+1.116e+04	+0.185
46.800	+6.812e+03	+2.929e+03	+1.082e+04	+0.301
46.900	+7.617e+03	+2.955e+03	+9.334e+03	+0.280
47.000	+8.280e+03	+2.483e+03	+1.091e+04	+0.231
47.100	+6.824e+03	+2.526e+03	+9.424e+03	+0.270
47.200	+6.566e+03	+2.962e+03	+9.908e+03	+0.311
47.300	+6.343e+03	+1.423e+03	+1.105e+04	+0.183
47.400	+9.282e+03	+1.908e+03	+9.672e+03	+0.170
47.500	+7.019e+03	+3.056e+03	+9.468e+03	+0.303
47.600	+7.743e+03	+3.790e+03	+9.166e+03	+0.329
47.700	+6.692e+03	+2.536e+03	+1.042e+04	+0.275
47.800	+7.332e+03	+3.986e+03	+9.483e+03	+0.352
47.900	+7.347e+03	+2.154e+03	+1.042e+04	+0.227
48.000	+7.845e+03	+1.876e+03	+9.927e+03	+0.193
48.100	+7.366e+03	+2.906e+03	+1.029e+04	+0.283
48.200	+7.113e+03	+2.948e+03	+8.599e+03	+0.293
48.300	+7.445e+03	+2.814e+03	+1.016e+04	+0.274
48.400	+8.163e+03	+2.507e+03	+1.061e+04	+0.235
48.500	+7.836e+03	+2.009e+03	+9.908e+03	+0.204
48.600	+8.145e+03	+2.347e+03	+1.033e+04	+0.224
48.700	+8.554e+03	+3.377e+03	+9.507e+03	+0.283
48.800	+7.563e+03	+2.277e+03	+1.175e+04	+0.231
48.900	+6.543e+03	+2.484e+03	+1.007e+04	+0.275
49.000	+6.918e+03	+3.054e+03	+1.052e+04	+0.306
49.100	+7.434e+03	+1.103e+03	+9.521e+03	+0.129
49.200	+6.606e+03	+2.880e+03	+1.091e+04	+0.304
49.300	+8.487e+03	+2.069e+03	+1.009e+04	+0.196
49.400	+7.107e+03	+3.398e+03	+9.817e+03	+0.323
49.500	+8.014e+03	+2.597e+03	+9.524e+03	+0.245
49.600	+7.747e+03	+2.430e+03	+9.377e+03	+0.239
49.700	+8.486e+03	+2.730e+03	+1.042e+04	+0.243
49.800	+7.759e+03	+2.235e+03	+9.168e+03	+0.224
49.900	+7.208e+03	+3.314e+03	+9.572e+03	+0.315
50.000	+7.050e+03	+3.396e+03	+9.580e+03	+0.325
50.100	+8.597e+03	+3.826e+03	+9.910e+03	+0.308
50.200	+6.951e+03	+2.766e+03	+1.046e+04	+0.285
50.300	+6.273e+03	+2.363e+03	+9.796e+03	+0.274
50.400	+7.763e+03	+2.436e+03	+8.596e+03	+0.239
50.500	+7.788e+03	+2.841e+03	+9.080e+03	+0.267
50.600	+6.393e+03	+2.502e+03	+1.013e+04	+0.281
50.700	+6.040e+03	+5.750e+03	+9.774e+03	+0.488
50.800	+4.999e+03	+5.161e+03	+1.020e+04	+0.508
50.900	+4.072e+03	+4.630e+03	+1.004e+04	+0.532
51.000	+4.905e+03	+5.516e+03	+1.039e+04	+0.529
51.100	+5.105e+03	+6.463e+03	+1.045e+04	+0.559
51.200	+5.369e+03	+5.571e+03	+9.631e+03	+0.509
51.300	+4.304e+03	+5.316e+03	+9.368e+03	+0.553
51.400	+4.910e+03	+4.961e+03	+9.902e+03	+0.503
51.500	+4.344e+03	+5.974e+03	+1.043e+04	+0.579
51.600	+6.563e+03	+4.587e+03	+1.067e+04	+0.411
51.700	+4.790e+03	+5.162e+03	+8.592e+03	+0.519
51.800	+4.965e+03	+4.497e+03	+1.072e+04	+0.475
51.900	+4.689e+03	+5.131e+03	+9.089e+03	+0.522
52.000	+3.520e+03	+4.404e+03	+1.012e+04	+0.556
52.100	+5.747e+03	+4.661e+03	+1.139e+04	+0.448
52.200	+5.990e+03	+4.107e+03	+9.052e+03	+0.407
52.300	+5.606e+03	+4.305e+03	+9.944e+03	+0.434
52.400	+4.392e+03	+7.069e+03	+1.066e+04	+0.617
52.500	+4.295e+03	+5.162e+03	+9.340e+03	+0.546
52.600	+6.567e+03	+4.751e+03	+9.528e+03	+0.420
52.700	+5.890e+03	+4.229e+03	+9.685e+03	+0.418
52.800	+4.063e+03	+4.955e+03	+1.070e+04	+0.549
52.900	+3.900e+03	+6.058e+03	+1.048e+04	+0.608
53.000	+5.706e+03	+4.950e+03	+1.072e+04	+0.465
53.100	+4.669e+03	+4.590e+03	+9.682e+03	+0.496
53.200	+4.407e+03	+4.212e+03	+9.658e+03	+0.489
53.300	+5.762e+03	+4.568e+03	+9.916e+03	+0.442
53.400	+3.859e+03	+4.430e+03	+1.013e+04	+0.534
53.500	+6.436e+03	+4.325e+03	+1.047e+04	+0.402
53.600	+6.591e+03	+3.170e+03	+1.071e+04	+0.325
53.700	+9.305e+03	+3.735e+03	+9.725e+03	+0.286
53.800	+8.012e+03	+1.597e+03	+9.084e+03	+0.166
53.900	+7.842e+03	+3.351e+03	+1.144e+04	+0.299
54.000	+7.376e+03	+3.027e+03	+8.663e+03	+0.291
54.100	+7.431e+03	+3.320e+03	+9.242e+03	+0.309
54.200	+7.927e+03	+4.323e+03	+1.025e+04	+0.353
54.300	+7.133e+03	+1.142e+03	+9.889e+03	+0.138
54.400	+8.194e+03	+3.118e+03	+9.508e+03	+0.276
54.500	+7.251e+03	+3.999e+03	+1.084e+04	+0.355
54.600	+8.377e+03	+3.495e+03	+8.871e+03	+0.294
54.700	+7.393e+03	+2.733e+03	+9.869e+03	+0.270
54.800	+8.552e+03	+1.672e+03	+9.629e+03	+0.164
54.900	+7.140e+03	+2.249e+03	+9.418e+03	+0.240
55.000	+7.544e+03	+3.153e+03	+1.036e+04	+0.295
55.100	+7.816e+03	+2.730e+03	+1.015e+04	+0.259
55.200	+7.377e+03	+1.989e+03	+1.031e+04	+0.212
55.300	+7.948e+03	+2.280e+03	+9.091e+03	+0.223
55.400	+7.402e+03	+1.438e+03	+1.082e+04	+0.163
55.500	+8.048e+03	+3.774e+03	+1.007e+04	+0.319
55.600	+6.442e+03	+1.852e+03	+9.661e+03	+0.223
55.700	+7.434e+03	+2.577e+03	+1.072e+04	+0.257
55.800	+7.716e+03	+2.869e+03	+9.641e+03	+0.271
55.900	+7.969e+03	+2.187e+03	+1.005e+04	+0.215
56.000	+8.225e+03	+1.293e+03	+1.082e+04	+0.136
56.100	+7.325e+03	+1.609e+03	+9.958e+03	+0.180
56.200	+7.631e+03	+3.081e+03	+9.760e+03	+0.288
56.300	+8.742e+03	+2.364e+03	+1.125e+04	+0.213
56.400	+8.763e+03	+3.020e+03	+9.125e+03	+0.256
56.500	+7.530e+03	+1.870e+03	+1.002e+04	+0.199
56.600	+7.722e+03	+2.158e+03	+9.414e+03	+0.218
56.700	+7.036e+03	+3.099e+03	+9.927e+03	+0.306
56.800	+6.494e+03	+1.396e+03	+1.141e+04	+0.177
56.900	+8.657e+03	+2.218e+03	+1.018e+04	+0.204
57.000	+6.847e+03	+2.214e+03	+9.768e+03	+0.244
57.100	+8.387e+03	+2.223e+03	+1.019e+04	+0.210
57.200	+7.664e+03	+2.934e+03	+1.099e+04	+0.277
57.300	+7.808e+03	+2.122e+03	+9.188e+03	+0.214
57.400	+6.688e+03	+1.834e+03	+9.972e+03	+0.215
57.500	+6.983e+03	+1.893e+03	+1.066e+04	+0.213
57.600	+7.774e+03	+2.854e+03	+9.765e+03	+0.269
57.700	+8.130e+03	+2.423e+03	+7.743e+03	+0.230
57.800	+8.363e+03	+2.077e+03	+1.103e+04	+0.199
57.900	+7.309e+03	+2.538e+03	+8.676e+03	+0.258
58.000	+7.741e+03	+1.437e+03	+9.943e+03	+0.157
58.100	+6.353e+03	+1.683e+03	+9.510e+03	+0.209
58.200	+7.047e+03	+3.610e+03	+1.116e+04	+0.339
58.300	+6.962e+03	+2.350e+03	+1.073e+04	+0.252
58.400	+7.086e+03	+1.997e+03	+1.072e+04	+0.220
58.500	+6.657e+03	+2.131e+03	+1.008e+04	+0.242
58.600	+6.169e+03	+3.022e+03	+9.179e+03	+0.329
58.700	+6.492e+03	+1.608e+03	+9.241e+03	+0.199
58.800	+7.174e+03	+3.077e+03	+9.498e+03	+0.300
58.900	+7.676e+03	+3.360e+03	+9.471e+03	+0.304
59.000	+7.292e+03	+2.567e+03	+1.152e+04	+0.260
59.100	+7.029e+03	+3.511e+03	+9.932e+03	+0.333
59.200	+8.132e+03	+1.997e+03	+8.830e+03	+0.197
59.300	+6.439e+03	+2.561e+03	+9.262e+03	+0.285
59.400	+7.584e+03	+3.125e+03	+1.071e+04	+0.292
59.500	+8.305e+03	+2.288e+03	+9.875e+03	+0.216
59.600	+9.058e+03	+2.490e+03	+1.120e+04	+0.216
59.700	+7.934e+03	+2.555e+03	+1.050e+04	+0.244
59.800	+8.405e+03	+1.726e+03	+1.110e+04	+0.170
59.900	+7.201e+03	+2.671e+03	+1.144e+04	+0.271
60.000	+8.684e+03	+2.362e+03	+9.967e+03	+0.214
60.100	+6.916e+03	+2.579e+03	+8.837e+03	+0.272
60.200	+8.336e+03	+3.020e+03	+1.015e+04	+0.266
60.300	+7.632e+03	+3.006e+03	+8.306e+03	+0.283
60.400	+6.883e+03	+1.943e+03	+9.674e+03	+0.220
60.500	+7.788e+03	+3.032e+03	+9.514e+03	+0.280
60.600	+7.690e+03	+2.720e+03	+9.342e+03	+0.261
60.700	+6.428e+03	+2.874e+03	+9.988e+03	+0.309
60.800	+7.100e+03	+3.165e+03	+1.072e+04	+0.308
60.900	+7.157e+03	+3.579e+03	+9.389e+03	+0.333
61.000	+5.984e+03	+1.556e+03	+9.459e+03	+0.206
61.100	+6.970e+03	+1.944e+03	+9.464e+03	+0.218
61.200	+7.326e+03	+1.341e+03	+8.882e+03	+0.155
61.300	+7.854e+03	+3.075e+03	+9.843e+03	+0.281
61.400	+7.733e+03	+3.768e+03	+9.828e+03	+0.328
61.500	+7.284e+03	+1.620e+03	+1.108e+04	+0.182
61.600	+7.962e+03	+2.802e+03	+1.074e+04	+0.260
61.700	+7.132e+03	+1.016e+03	+1.021e+04	+0.125
61.800	+7.960e+03	+1.995e+03	+1.064e+04	+0.200
61.900	+7.983e+03	+3.336e+03	+9.836e+03	+0.295
62.000	+8.066e+03	+2.403e+03	+1.075e+04	+0.230
62.100	+6.788e+03	+2.414e+03	+1.068e+04	+0.262
62.200	+8.008e+03	+3.197e+03	+9.549e+03	+0.285
62.300	+6.206e+03	+1.541e+03	+1.189e+04	+0.199
62.400	+7.296e+03	+2.173e+03	+1.031e+04	+0.230
62.500	+6.895e+03	+3.092e+03	+8.579e+03	+0.310
62.600	+7.321e+03	+2.154e+03	+9.498e+03	+0.227
62.700	+6.301e+03	+1.896e+03	+1.057e+04	+0.231
62.800	+7.333e+03	+2.584e+03	+1.181e+04	+0.261
62.900	+7.447e+03	+2.922e+03	+1.021e+04	+0.282
63.000	+8.640e+03	+3.142e+03	+1.012e+04	+0.267
63.100	+6.471e+03	+2.825e+03	+9.306e+03	+0.304
63.200	+6.996e+03	+3.326e+03	+9.692e+03	+0.322
63.300	+7.306e+03	+2.565e+03	+9.434e+03	+0.260
63.400	+7.516e+03	+2.406e+03	+9.148e+03	+0.242
63.500	+7.080e+03	+2.467e+03	+9.498e+03	+0.258
63.600	+7.856e+03	+2.432e+03	+9.749e+03	+0.236
63.700	+7.835e+03	+2.024e+03	+1.126e+04	+0.205
63.800	+6.152e+03	+2.259e+03	+9.758e+03	+0.269
63.900	+7.762e+03	+2.310e+03	+8.861e+03	+0.229
64.000	+8.196e+03	+2.875e+03	+1.122e+04	+0.260
64.100	+8.109e+03	+2.623e+03	+9.598e+03	+0.244
64.200	+7.943e+03	+2.939e+03	+9.533e+03	+0.270
64.300	+8.381e+03	+3.726e+03	+9.778e+03	+0.308
64.400	+7.249e+03	+2.549e+03	+1.006e+04	+0.260
64.500	+7.679e+03	+2.434e+03	+1.047e+04	+0.241
64.600	+7.904e+03	+2.704e+03	+9.936e+03	+0.255
64.700	+7.036e+03	+2.710e+03	+8.990e+03	+0.278
64.800	+8.713e+03	+1.627e+03	+1.035e+04	+0.157
64.900	+7.096e+03	+3.117e+03	+1.079e+04	+0.305
65.000	+7.017e+03	+3.030e+03	+1.066e+04	+0.302
65.100	+8.146e+03	+1.707e+03	+9.593e+03	+0.173
65.200	+7.132e+03	+2.436e+03	+9.531e+03	+0.255
65.300	+7.247e+03	+3.069e+03	+9.869e+03	+0.297
65.400	+7.678e+03	+2.569e+03	+1.220e+04	+0.251
65.500	+6.743e+03	+2.384e+03	+1.041e+04	+0.261
65.600	+7.535e+03	+2.060e+03	+9.859e+03	+0.215
65.700	+6.789e+03	+1.157e+03	+1.067e+04	+0.146
65.800	+6.927e+03	+2.964e+03	+9.906e+03	+0.300
65.900	+7.652e+03	+2.572e+03	+1.080e+04	+0.252
66.000	+6.948e+03	+2.802e+03	+1.060e+04	+0.287
66.100	+7.789e+03	+1.680e+03	+9.569e+03	+0.177
66.200	+7.172e+03	+3.102e+03	+1.135e+04	+0.302
66.300	+6.385e+03	+3.225e+03	+1.189e+04	+0.336
66.400	+6.792e+03	+1.932e+03	+1.032e+04	+0.221
66.500	+6.305e+03	+2.506e+03	+1.053e+04	+0.284
66.600	+8.109e+03	+3.232e+03	+9.293e+03	+0.285
66.700	+6.933e+03	+2.896e+03	+1.025e+04	+0.295
66.800	+7.763e+03	+2.300e+03	+1.079e+04	+0.229
66.900	+7.104e+03	+2.969e+03	+1.025e+04	+0.295
67.000	+8.239e+03	+2.119e+03	+1.065e+04	+0.205
67.100	+8.272e+03	+2.412e+03	+1.012e+04	+0.226
67.200	+8.663e+03	+2.181e+03	+1.059e+04	+0.201
67.300	+7.214e+03	+3.552e+03	+1.005e+04	+0.330
67.400	+8.021e+03	+1.587e+03	+1.098e+04	+0.165
67.500	+8.152e+03	+2.850e+03	+9.221e+03	+0.259
67.600	+8.636e+03	+3.358e+03	+9.813e+03	+0.280
67.700	+7.790e+03	+2.596e+03	+9.551e+03	+0.250
67.800	+7.418e+03	+2.587e+03	+9.383e+03	+0.259
67.900	+8.242e+03	+3.555e+03	+9.090e+03	+0.301
68.000	+7.623e+03	+1.203e+03	+1.017e+04	+0.136
68.100	+7.174e+03	+3.581e+03	+1.008e+04	+0.333
68.200	+7.866e+03	+1.662e+03	+1.016e+04	+0.174
68.300	+6.718e+03	+1.998e+03	+8.605e+03	+0.229
68.400	+5.956e+03	+2.528e+03	+9.585e+03	+0.298
68.500	+7.273e+03	+2.301e+03	+1.017e+04	+0.240
68.600	+8.025e+03	+1.948e+03	+9.748e+03	+0.195
68.700	+7.108e+03	+2.694e+03	+9.543e+03	+0.275
68.800	+9.166e+03	+1.966e+03	+9.259e+03	+0.177
68.900	+7.949e+03	+2.621e+03	+9.947e+03	+0.248
69.000	+8.246e+03	+3.784e+03	+9.692e+03	+0.315
69.100	+8.018e+03	+2.338e+03	+9.735e+03	+0.226
69.200	+7.411e+03	+1.879e+03	+1.035e+04	+0.202
69.300	+6.658e+03	+2.362e+03	+1.030e+04	+0.262
69.400	+7.991e+03	+3.123e+03	+9.969e+03	+0.281
69.500	+7.629e+03	+2.191e+03	+9.593e+03	+0.223
69.600	+7.659e+03	+2.830e+03	+1.152e+04	+0.270
69.700	+8.720e+03	+2.950e+03	+9.738e+03	+0.253
69.800	+6.773e+03	+1.159e+03	+9.874e+03	+0.146
69.900	+7.477e+03	+1.696e+03	+1.005e+04	+0.185
70.000	+6.948e+03	+1.919e+03	+1.013e+04	+0.216
70.100	+7.314e+03	+2.540e+03	+9.166e+03	+0.258
70.200	+6.576e+03	+2.350e+03	+1.076e+04	+0.263
70.300	+7.549e+03	+1.635e+03	+9.618e+03	+0.178
70.400	+8.243e+03	+1.470e+03	+9.303e+03	+0.151
70.500	+6.664e+03	+2.268e+03	+1.086e+04	+0.254
70.600	+7.628e+03	+3.262e+03	+1.110e+04	+0.300
70.700	+7.999e+03	+2.746e+03	+1.010e+04	+0.256
70.800	+7.815e+03	+3.927e+03	+9.641e+03	+0.334
70.900	+8.846e+03	+2.942e+03	+1.008e+04	+0.250
71.000	+7.589e+03	+4.592e+03	+9.874e+03	+0.377
71.100	+8.156e+03	+2.975e+03	+1.059e+04	+0.267
71.200	+7.063e+03	+2.702e+03	+9.055e+03	+0.277
71.300	+7.073e+03	+3.095e+03	+1.053e+04	+0.304
71.400	+8.367e+03	+2.325e+03	+9.849e+03	+0.217
71.500	+6.920e+03	+2.929e+03	+9.973e+03	+0.297
71.600	+7.407e+03	+4.058e+03	+1.111e+04	+0.354
71.700	+7.905e+03	+2.918e+03	+9.354e+03	+0.270
71.800	+7.323e+03	+3.068e+03	+1.054e+04	+0.295
71.900	+6.563e+03	+2.953e+03	+9.501e+03	+0.310
72.000	+7.701e+03	+3.467e+03	+8.626e+03	+0.310
72.100	+7.497e+03	+4.139e+03	+1.009e+04	+0.356
72.200	+8.962e+03	+2.248e+03	+1.018e+04	+0.201
72.300	+8.694e+03	+7.754e+02	+9.141e+03	+0.082
72.400	+7.461e+03	+2.706e+03	+1.005e+04	+0.266
72.500	+6.902e+03	+3.786e+03	+9.876e+03	+0.354
72.600	+7.853e+03	+2.649e+03	+9.687e+03	+0.252
72.700	+6.319e+03	+3.116e+03	+9.552e+03	+0.330
72.800	+5.881e+03	+3.481e+03	+1.007e+04	+0.372
72.900	+4.722e+03	+4.383e+03	+1.026e+04	+0.481
73.000	+4.666e+03	+5.779e+03	+9.876e+03	+0.553
73.100	+5.022e+03	+5.825e+03	+1.046e+04	+0.537
73.200	+5.708e+03	+5.026e+03	+9.244e+03	+0.468
73.300	+4.042e+03	+4.622e+03	+9.588e+03	+0.533
73.400	+5.132e+03	+6.239e+03	+9.946e+03	+0.549
73.500	+5.433e+03	+5.954e+03	+9.872e+03	+0.523
73.600	+5.478e+03	+5.101e+03	+1.056e+04	+0.482
73.700	+5.367e+03	+4.337e+03	+1.115e+04	+0.447
73.800	+4.264e+03	+4.936e+03	+9.196e+03	+0.537
73.900	+5.068e+03	+5.815e+03	+9.729e+03	+0.534
74.000	+4.957e+03	+4.678e+03	+1.036e+04	+0.486
74.100	+4.350e+03	+3.562e+03	+1.085e+04	+0.450
74.200	+4.974e+03	+3.371e+03	+1.033e+04	+0.404
74.300	+5.253e+03	+4.820e+03	+9.813e+03	+0.478
74.400	+4.158e+03	+4.847e+03	+9.322e+03	+0.538
74.500	+4.795e+03	+6.668e+03	+9.349e+03	+0.582
74.600	+5.243e+03	+3.861e+03	+1.002e+04	+0.424
74.700	+6.099e+03	+5.124e+03	+8.838e+03	+0.457
74.800	+4.820e+03	+5.609e+03	+1.076e+04	+0.538
74.900	+4.872e+03	+5.000e+03	+9.186e+03	+0.506
75.000	+4.585e+03	+5.002e+03	+9.901e+03	+0.522
75.100	+4.924e+03	+4.778e+03	+9.870e+03	+0.492
75.200	+5.246e+03	+4.838e+03	+1.029e+04	+0.480
75.300	+5.463e+03	+5.825e+03	+9.331e+03	+0.516
75.400	+6.042e+03	+4.420e+03	+9.521e+03	+0.422
75.500	+7.280e+03	+2.381e+03	+1.124e+04	+0.246
75.600	+8.334e+03	+1.211e+03	+1.082e+04	+0.127
75.700	+7.623e+03	+3.663e+03	+1.027e+04	+0.325
75.800	+6.808e+03	+1.234e+03	+1.003e+04	+0.153
75.900	+7.418e+03	+3.376e+03	+9.111e+03	+0.313
76.000	+6.923e+03	+2.602e+03	+1.115e+04	+0.273
76.100	+8.243e+03	+2.899e+03	+9.555e+03	+0.260
76.200	+8.021e+03	+2.658e+03	+1.033e+04	+0.249
76.300	+7.611e+03	+2.835e+03	+1.116e+04	+0.271
76.400	+7.405e+03	+2.908e+03	+8.629e+03	+0.282
76.500	+7.934e+03	+3.054e+03	+1.022e+04	+0.278
76.600	+7.989e+03	+2.346e+03	+1.028e+04	+0.227
76.700	+7.711e+03	+2.289e+03	+9.392e+03	+0.229
76.800	+7.624e+03	+2.538e+03	+1.018e+04	+0.250
76.900	+7.833e+03	+1.955e+03	+9.208e+03	+0.200
77.000	+8.853e+03	+2.756e+03	+9.189e+03	+0.237
77.100	+7.552e+03	+1.375e+03	+1.021e+04	+0.154
77.200	+6.215e+03	+2.748e+03	+9.869e+03	+0.307
77.300	+6.713e+03	+2.110e+03	+1.023e+04	+0.239
77.400	+7.380e+03	+1.095e+03	+1.075e+04	+0.129
77.500	+5.538e+03	+3.162e+03	+1.013e+04	+0.363
77.600	+7.582e+03	+2.092e+03	+9.840e+03	+0.216
77.700	+8.095e+03	+3.218e+03	+9.950e+03	+0.284
77.800	+6.586e+03	+2.013e+03	+1.012e+04	+0.234
77.900	+6.658e+03	+3.482e+03	+1.032e+04	+0.343
78.000	+5.836e+03	+6.010e+03	+1.051e+04	+0.507
78.100	+4.000e+03	+5.767e+03	+9.773e+03	+0.590
78.200	+4.510e+03	+4.694e+03	+1.039e+04	+0.510
78.300	+4.034e+03	+4.665e+03	+1.049e+04	+0.536
78.400	+5.599e+03	+5.113e+03	+9.325e+03	+0.477
78.500	+4.063e+03	+4.861e+03	+1.039e+04	+0.545
78.600	+5.198e+03	+5.249e+03	+1.070e+04	+0.502
78.700	+6.386e+03	+4.881e+03	+9.925e+03	+0.433
78.800	+7.298e+03	+2.739e+03	+1.052e+04	+0.273
78.900	+7.735e+03	+2.240e+03	+9.732e+03	+0.225
79.000	+6.856e+03	+9.335e+02	+9.347e+03	+0.120
79.100	+6.669e+03	+3.539e+03	+1.130e+04	+0.347
79.200	+8.270e+03	+1.727e+03	+1.067e+04	+0.173
79.300	+8.133e+03	+1.044e+03	+8.675e+03	+0.114
79.400	+7.490e+03	+1.870e+03	+1.004e+04	+0.200
79.500	+7.674e+03	+1.487e+03	+1.000e+04	+0.162
79.600	+7.701e+03	+2.513e+03	+1.023e+04	+0.246
79.700	+8.777e+03	+2.541e+03	+1.048e+04	+0.225
79.800	+7.776e+03	+3.293e+03	+9.332e+03	+0.297
79.900	+8.068e+03	+2.363e+03	+1.122e+04	+0.227
80.000	+8.811e+03	+2.080e+03	+9.948e+03	+0.191
80.100	+6.622e+03	+1.684e+03	+1.005e+04	+0.203
80.200	+8.142e+03	+2.014e+03	+1.029e+04	+0.198
80.300	+8.784e+03	+3.142e+03	+9.354e+03	+0.263
80.400	+8.216e+03	+3.535e+03	+8.996e+03	+0.301
80.500	+7.279e+03	+2.574e+03	+1.065e+04	+0.261
80.600	+7.210e+03	+2.833e+03	+9.610e+03	+0.282
80.700	+6.408e+03	+2.874e+03	+8.619e+03	+0.310
80.800	+6.233e+03	+3.244e+03	+1.006e+04	+0.342
80.900	+8.384e+03	+2.468e+03	+1.090e+04	+0.227
81.000	+7.871e+03	+2.094e+03	+9.533e+03	+0.210
81.100	+7.170e+03	+4.945e+03	+1.027e+04	+0.408
81.200	+7.579e+03	+2.727e+03	+9.642e+03	+0.265
81.300	+7.509e+03	+2.541e+03	+9.825e+03	+0.253
81.400	+6.699e+03	+1.957e+03	+1.015e+04	+0.226
81.500	+7.832e+03	+1.890e+03	+9.086e+03	+0.194
81.600	+7.202e+03	+1.076e+03	+9.591e+03	+0.130
81.700	+8.484e+03	+2.714e+03	+1.014e+04	+0.242
81.800	+7.138e+03	+1.902e+03	+1.088e+04	+0.210
81.900	+7.474e+03	+3.184e+03	+8.743e+03	+0.299
82.000	+6.491e+03	+2.285e+03	+1.002e+04	+0.260
82.100	+7.249e+03	+9.202e+02	+9.674e+03	+0.113
82.200	+8.685e+03	+2.692e+03	+9.704e+03	+0.237
82.300	+8.219e+03	+3.633e+03	+1.109e+04	+0.307
82.400	+8.203e+03	+2.660e+03	+1.029e+04	+0.245
82.500	+7.405e+03	+4.073e+03	+9.567e+03	+0.355
82.600	+7.539e+03	+2.128e+03	+8.882e+03	+0.220
82.700	+7.991e+03	+2.573e+03	+1.012e+04	+0.244
82.800	+6.258e+03	+2.735e+03	+1.029e+04	+0.304
82.900	+6.748e+03	+1.871e+03	+9.929e+03	+0.217
83.000	+6.722e+03	+3.085e+03	+9.765e+03	+0.315
83.100	+6.933e+03	+1.867e+03	+9.428e+03	+0.212
83.200	+7.337e+03	+1.861e+03	+9.103e+03	+0.202
83.300	+6.940e+03	+1.913e+03	+9.462e+03	+0.216
83.400	+7.882e+03	+2.348e+03	+9.979e+03	+0.229
83.500	+7.703e+03	+2.637e+03	+1.022e+04	+0.255
83.600	+9.221e+03	+2.825e+03	+1.036e+04	+0.235
83.700	+6.819e+03	+2.021e+03	+1.052e+04	+0.229
83.800	+6.707e+03	+2.732e+03	+9.850e+03	+0.289
83.900	+7.384e+03	+2.346e+03	+1.025e+04	+0.241
84.000	+7.601e+03	+2.300e+03	+1.022e+04	+0.232
84.100	+7.360e+03	+2.298e+03	+1.081e+04	+0.238
84.200	+7.982e+03	+2.168e+03	+9.891e+03	+0.214
84.300	+7.049e+03	+2.590e+03	+9.467e+03	+0.269
84.400	+7.655e+03	+2.810e+03	+9.721e+03	+0.269
84.500	+7.239e+03	+2.557e+03	+1.004e+04	+0.261
84.600	+7.069e+03	+2.733e+03	+1.002e+04	+0.279
84.700	+8.523e+03	+1.580e+03	+9.575e+03	+0.156
84.800	+6.819e+03	+2.574e+03	+9.816e+03	+0.274
84.900	+6.184e+03	+3.024e+03	+9.723e+03	+0.328
85.000	+6.362e+03	+2.105e+03	+1.023e+04	+0.249
85.100	+8.689e+03	+1.699e+03	+1.091e+04	+0.164
85.200	+7.494e+03	+2.027e+03	+1.020e+04	+0.213
85.300	+7.463e+03	+2.940e+03	+9.685e+03	+0.283
85.400	+7.702e+03	+1.808e+03	+1.002e+04	+0.190
85.500	+8.378e+03	+3.517e+03	+9.159e+03	+0.296
85.600	+8.206e+03	+2.172e+03	+1.253e+04	+0.209
85.700	+7.471e+03	+8.746e+02	+1.027e+04	+0.105
85.800	+6.978e+03	+1.383e+03	+9.321e+03	+0.165
85.900	+6.721e+03	+1.786e+03	+9.195e+03	+0.210
86.000	+7.956e+03	+2.865e+03	+9.900e+03	+0.265
86.100	+7.297e+03	+2.316e+03	+1.158e+04	+0.241
86.200	+6.531e+03	+2.482e+03	+9.614e+03	+0.275
86.300	+6.783e+03	+2.974e+03	+1.057e+04	+0.305
86.400	+6.889e+03	+3.198e+03	+9.601e+03	+0.317
86.500	+7.459e+03	+2.153e+03	+8.795e+03	+0.224
86.600	+8.761e+03	+2.255e+03	+1.014e+04	+0.205
86.700	+7.642e+03	+2.643e+03	+9.319e+03	+0.257
86.800	+8.325e+03	+2.799e+03	+9.987e+03	+0.252
86.900	+7.142e+03	+2.527e+03	+9.946e+03	+0.261
87.000	+8.352e+03	+1.901e+03	+9.673e+03	+0.185
87.100	+7.561e+03	+3.033e+03	+9.750e+03	+0.286
87.200	+7.429e+03	+3.917e+03	+8.913e+03	+0.345
87.300	+8.127e+03	+2.044e+03	+1.045e+04	+0.201
87.400	+6.972e+03	+2.068e+03	+9.719e+03	+0.229
87.500	+8.383e+03	+2.401e+03	+9.610e+03	+0.223
87.600	+7.621e+03	+3.683e+03	+1.064e+04	+0.326
87.700	+6.206e+03	+3.722e+03	+1.049e+04	+0.375
87.800	+6.943e+03	+3.141e+03	+1.059e+04	+0.312
87.900	+6.163e+03	+2.346e+03	+8.946e+03	+0.276
88.000	+8.011e+03	+2.008e+03	+1.010e+04	+0.200
88.100	+8.098e+03	+2.759e+03	+1.042e+04	+0.254
88.200	+7.393e+03	+1.956e+03	+9.572e+03	+0.209
88.300	+7.591e+03	+1.815e+03	+1.019e+04	+0.193
88.400	+8.276e+03	+3.924e+03	+9.873e+03	+0.322
88.500	+8.376e+03	+2.441e+03	+1.050e+04	+0.226
88.600	+6.530e+03	+1.864e+03	+1.016e+04	+0.222
88.700	+6.899e+03	+2.170e+03	+1.031e+04	+0.239
88.800	+8.307e+03	+2.083e+03	+1.060e+04	+0.200
88.900	+6.857e+03	+2.422e+03	+9.311e+03	+0.261
89.000	+7.937e+03	+7.052e+02	+9.678e+03	+0.082
89.100	+7.766e+03	+2.586e+03	+9.574e+03	+0.250
89.200	+7.983e+03	+3.206e+03	+1.142e+04	+0.287
89.300	+7.017e+03	+4.461e+03	+9.984e+03	+0.389
89.400	+7.228e+03	+3.696e+03	+8.872e+03	+0.338
89.500	+7.427e+03	+2.827e+03	+9.335e+03	+0.276
89.600	+8.549e+03	+1.633e+03	+9.255e+03	+0.160
89.700	+7.299e+03	+1.612e+03	+9.735e+03	+0.181
89.800	+6.531e+03	+2.512e+03	+9.286e+03	+0.278
89.900	+7.385e+03	+2.494e+03	+9.965e+03	+0.252
90.000	+7.933e+03	+2.232e+03	+1.052e+04	+0.220
90.100	+7.331e+03	+2.762e+03	+9.276e+03	+0.274
90.200	+9.147e+03	+2.930e+03	+1.126e+04	+0.243
90.300	+7.816e+03	+2.983e+03	+9.215e+03	+0.276
90.400	+8.064e+03	+2.094e+03	+8.996e+03	+0.206
90.500	+7.623e+03	+3.262e+03	+9.239e+03	+0.300
90.600	+8.023e+03	+2.406e+03	+1.133e+04	+0.231
90.700	+7.192e+03	+1.957e+03	+1.076e+04	+0.214
90.800	+6.581e+03	+2.660e+03	+1.095e+04	+0.288
90.900	+7.356e+03	+2.559e+03	+1.166e+04	+0.258
91.000	+8.634e+03	+1.049e+03	+1.042e+04	+0.108
91.100	+5.875e+03	+3.752e+03	+1.013e+04	+0.390
91.200	+5.635e+03	+4.170e+03	+1.131e+04	+0.425
91.300	+5.675e+03	+4.487e+03	+1.024e+04	+0.442
91.400	+5.305e+03	+4.861e+03	+9.355e+03	+0.478
91.500	+4.284e+03	+5.923e+03	+1.030e+04	+0.580
91.600	+4.751e+03	+4.854e+03	+9.179e+03	+0.505
91.700	+4.286e+03	+5.839e+03	+1.042e+04	+0.577
91.800	+4.357e+03	+4.163e+03	+9.070e+03	+0.489
91.900	+5.408e+03	+4.950e+03	+1.044e+04	+0.478
92.000	+5.676e+03	+5.504e+03	+1.108e+04	+0.492
92.100	+4.390e+03	+4.049e+03	+9.916e+03	+0.480
92.200	+5.146e+03	+4.238e+03	+9.848e+03	+0.452
92.300	+5.137e+03	+4.977e+03	+1.039e+04	+0.492
92.400	+5.525e+03	+5.242e+03	+1.003e+04	+0.487
92.500	+4.589e+03	+4.481e+03	+9.767e+03	+0.494
92.600	+4.683e+03	+5.233e+03	+9.519e+03	+0.528
92.700	+4.665e+03	+4.182e+03	+1.086e+04	+0.473
92.800	+5.101e+03	+3.905e+03	+1.142e+04	+0.434
92.900	+4.401e+03	+5.553e+03	+1.040e+04	+0.558
93.000	+4.812e+03	+6.319e+03	+9.612e+03	+0.568
93.100	+4.872e+03	+4.350e+03	+9.054e+03	+0.472
93.200	+6.277e+03	+4.793e+03	+1.044e+04	+0.433
93.300	+4.938e+03	+5.126e+03	+1.162e+04	+0.509
93.400	+5.532e+03	+4.307e+03	+1.014e+04	+0.438
93.500	+5.338e+03	+3.526e+03	+1.004e+04	+0.398
93.600	+5.281e+03	+4.038e+03	+1.101e+04	+0.433
93.700	+4.643e+03	+3.499e+03	+9.500e+03	+0.430
93.800	+5.094e+03	+3.924e+03	+1.028e+04	+0.435
93.900	+5.273e+03	+3.173e+03	+1.014e+04	+0.376
94.000	+7.467e+03	+2.950e+03	+1.047e+04	+0.283
94.100	+7.652e+03	+1.795e+03	+1.056e+04	+0.190
94.200	+7.802e+03	+1.643e+03	+9.855e+03	+0.174
94.300	+7.366e+03	+3.423e+03	+1.033e+04	+0.317
94.400	+7.405e+03	+2.393e+03	+1.040e+04	+0.244
94.500	+5.976e+03	+3.247e+03	+9.999e+03	+0.352
94.600	+7.549e+03	+3.466e+03	+1.070e+04	+0.315
94.700	+7.467e+03	+1.553e+03	+1.139e+04	+0.172
94.800	+6.524e+03	+2.002e+03	+1.005e+04	+0.235
94.900	+7.342e+03	+2.480e+03	+9.761e+03	+0.253
95.000	+7.452e+03	+1.767e+03	+1.026e+04	+0.192
95.100	+5.962e+03	+2.255e+03	+1.026e+04	+0.274
95.200	+6.289e+03	+2.563e+03	+1.006e+04	+0.290
95.300	+6.386e+03	+2.339e+03	+9.652e+03	+0.268
95.400	+7.763e+03	+1.711e+03	+8.556e+03	+0.181
95.500	+7.127e+03	+3.007e+03	+8.582e+03	+0.297
95.600	+8.712e+03	+3.759e+03	+1.151e+04	+0.301
95.700	+7.509e+03	+3.286e+03	+1.114e+04	+0.304
95.800	+6.884e+03	+9.340e+02	+9.608e+03	+0.119
95.900	+6.714e+03	+1.889e+03	+8.899e+03	+0.220
96.000	+8.388e+03	+2.736e+03	+8.678e+03	+0.246
96.100	+7.402e+03	+3.379e+03	+1.064e+04	+0.313
96.200	+6.734e+03	+2.617e+03	+9.269e+03	+0.280
96.300	+6.764e+03	+3.871e+03	+9.496e+03	+0.364
96.400	+8.431e+03	+3.711e+03	+1.011e+04	+0.306
96.500	+7.669e+03	+2.948e+03	+9.395e+03	+0.278
96.600	+8.086e+03	+2.879e+03	+1.048e+04	+0.263
96.700	+6.261e+03	+3.284e+03	+1.029e+04	+0.344
96.800	+7.422e+03	+1.943e+03	+9.787e+03	+0.207
96.900	+7.183e+03	+1.591e+03	+1.057e+04	+0.181
97.000	+6.738e+03	+2.181e+03	+9.721e+03	+0.245
97.100	+7.208e+03	+3.126e+03	+9.454e+03	+0.302
97.200	+8.468e+03	+2.090e+03	+1.018e+04	+0.198
97.300	+7.146e+03	+2.301e+03	+1.008e+04	+0.244
97.400	+8.411e+03	+2.804e+03	+1.049e+04	+0.250
97.500	+8.538e+03	+1.779e+03	+8.528e+03	+0.172
97.600	+7.463e+03	+3.271e+03	+1.016e+04	+0.305
97.700	+7.096e+03	+3.127e+03	+1.040e+04	+0.306
97.800	+7.243e+03	+3.026e+03	+1.045e+04	+0.295
97.900	+7.550e+03	+1.980e+03	+9.294e+03	+0.208
98.000	+7.179e+03	+2.259e+03	+8.967e+03	+0.239
98.100	+3.344e+03	+6.545e+03	+9.400e+03	+0.662
98.200	+2.449e+03	+8.209e+03	+1.085e+04	+0.770
98.300	+2.039e+03	+6.790e+03	+1.061e+04	+0.769
98.400	+1.890e+03	+7.273e+03	+1.042e+04	+0.794
98.500	+1.534e+03	+7.960e+03	+1.058e+04	+0.838
98.600	+2.139e+03	+7.578e+03	+9.015e+03	+0.780
98.700	+1.891e+03	+8.196e+03	+9.931e+03	+0.813
98.800	+1.681e+03	+6.782e+03	+8.549e+03	+0.801
98.900	+5.313e+02	+6.957e+03	+1.112e+04	+0.929
99.000	+1.424e+03	+8.884e+03	+9.674e+03	+0.862
99.100	+2.150e+03	+8.065e+03	+1.079e+04	+0.789
99.200	+2.756e+03	+7.063e+03	+1.048e+04	+0.719
99.300	+1.482e+03	+8.195e+03	+9.751e+03	+0.847
99.400	+8.665e+02	+7.328e+03	+9.484e+03	+0.894
99.500	+1.849e+03	+9.304e+03	+1.056e+04	+0.834
99.600	+2.407e+03	+7.988e+03	+8.564e+03	+0.768
99.700	+3.296e+03	+9.072e+03	+9.714e+03	+0.734
99.800	+1.481e+03	+9.235e+03	+1.065e+04	+0.862
99.900	+2.690e+03	+7.931e+03	+1.042e+04	+0.747
100.000	+3.220e+03	+8.134e+03	+9.881e+03	+0.716
100.100	+2.244e+03	+7.480e+03	+9.273e+03	+0.769
100.200	+8.332e+02	+8.280e+03	+9.798e+03	+0.909
100.300	+1.937e+03	+8.763e+03	+9.946e+03	+0.819
100.400	+2.279e+03	+8.200e+03	+1.022e+04	+0.783
100.500	+1.809e+03	+7.245e+03	+9.528e+03	+0.800
100.600	+1.779e+03	+7.814e+03	+9.655e+03	+0.815
100.700	+1.301e+03	+7.288e+03	+8.187e+03	+0.849
100.800	+2.703e+03	+7.845e+03	+1.004e+04	+0.744
100.900	+1.386e+03	+7.913e+03	+1.020e+04	+0.851
101.000	+1.207e+03	+7.935e+03	+1.042e+04	+0.868
101.100	+2.948e+03	+7.507e+03	+1.024e+04	+0.718
101.200	+1.422e+03	+7.288e+03	+9.247e+03	+0.837
101.300	+1.770e+03	+8.371e+03	+9.115e+03	+0.825
101.400	+2.301e+03	+9.013e+03	+1.082e+04	+0.797
101.500	+3.174e+03	+8.178e+03	+1.019e+04	+0.720
101.600	+1.661e+03	+8.303e+03	+1.020e+04	+0.833
101.700	+2.160e+03	+8.006e+03	+9.375e+03	+0.788
101.800	+1.926e+03	+7.371e+03	+9.717e+03	+0.793
101.900	+2.279e+03	+7.572e+03	+1.037e+04	+0.769
102.000	+1.643e+03	+7.299e+03	+9.275e+03	+0.816
102.100	+1.774e+03	+8.913e+03	+9.504e+03	+0.834
102.200	+1.434e+03	+7.666e+03	+8.997e+03	+0.842
102.300	+1.869e+03	+7.493e+03	+9.677e+03	+0.800
102.400	+2.604e+03	+7.098e+03	+1.098e+04	+0.732
102.500	+1.466e+03	+7.758e+03	+1.071e+04	+0.841
102.600	+2.497e+03	+9.472e+03	+9.807e+03	+0.791
102.700	+2.813e+03	+7.495e+03	+9.813e+03	+0.727
102.800	+2.164e+03	+7.061e+03	+8.976e+03	+0.765
102.900	+2.275e+03	+7.456e+03	+1.014e+04	+0.766
103.000	+2.573e+03	+7.152e+03	+1.013e+04	+0.735
103.100	+1.532e+03	+8.831e+03	+8.913e+03	+0.852
103.200	+2.468e+03	+8.396e+03	+1.017e+04	+0.773
103.300	+2.205e+03	+6.794e+03	+9.902e+03	+0.755
103.400	+2.805e+03	+7.681e+03	+9.382e+03	+0.733
103.500	+2.585e+03	+6.701e+03	+1.035e+04	+0.722
103.600	+1.607e+03	+7.518e+03	+9.134e+03	+0.824
103.700	+1.185e+03	+7.894e+03	+9.053e+03	+0.870
103.800	+1.386e+03	+8.416e+03	+1.001e+04	+0.859
103.900	+2.507e+03	+7.567e+03	+1.078e+04	+0.751
104.000	+1.109e+03	+6.985e+03	+9.801e+03	+0.863
104.100	+1.876e+03	+8.350e+03	+1.034e+04	+0.817
104.200	+1.452e+03	+9.720e+03	+9.496e+03	+0.870
104.300	+2.236e+03	+8.202e+03	+9.629e+03	+0.786
104.400	+1.126e+03	+8.521e+03	+1.002e+04	+0.883
104.500	+2.330e+03	+8.226e+03	+8.499e+03	+0.779
104.600	+1.793e+03	+6.376e+03	+9.603e+03	+0.780
104.700	+1.851e+03	+7.352e+03	+9.462e+03	+0.799
104.800	+2.008e+03	+7.316e+03	+1.002e+04	+0.785
104.900	+1.452e+03	+7.599e+03	+9.975e+03	+0.840
105.000	+2.872e+03	+7.631e+03	+9.382e+03	+0.727
105.100	+1.428e+03	+7.249e+03	+9.631e+03	+0.835
105.200	+2.277e+03	+7.782e+03	+1.007e+04	+0.774
105.300	+2.006e+03	+9.712e+03	+1.006e+04	+0.829
105.400	+1.313e+03	+7.980e+03	+9.383e+03	+0.859
105.500	+2.111e+03	+7.649e+03	+1.044e+04	+0.784
105.600	+1.631e+03	+7.853e+03	+1.002e+04	+0.828
105.700	+3.384e+03	+9.206e+03	+1.053e+04	+0.731
105.800	+2.551e+03	+8.857e+03	+1.095e+04	+0.776
105.900	+3.328e+03	+8.409e+03	+9.916e+03	+0.716
106.000	+2.223e+03	+8.092e+03	+9.230e+03	+0.784
106.100	+1.379e+03	+8.360e+03	+1.007e+04	+0.858
106.200	+9.874e+02	+8.128e+03	+1.142e+04	+0.892
106.300	+3.194e+03	+7.774e+03	+9.499e+03	+0.709
106.400	+1.681e+03	+6.947e+03	+1.098e+04	+0.805
106.500	+9.496e+02	+8.611e+03	+9.486e+03	+0.901
106.600	+2.080e+03	+6.843e+03	+1.023e+04	+0.767
106.700	+4.699e+02	+7.396e+03	+1.015e+04	+0.940
106.800	+2.141e+03	+7.809e+03	+1.048e+04	+0.785
106.900	+7.243e+02	+8.654e+03	+1.039e+04	+0.923
107.000	+5.725e+02	+7.363e+03	+1.007e+04	+0.928
107.100	+1.835e+03	+7.993e+03	+1.063e+04	+0.813
107.200	+1.378e+03	+7.766e+03	+1.164e+04	+0.849
107.300	+1.872e+03	+7.153e+03	+9.855e+03	+0.793
107.400	+1.381e+03	+8.039e+03	+1.023e+04	+0.853
107.500	+2.670e+03	+6.864e+03	+8.992e+03	+0.720
107.600	+1.982e+03	+8.142e+03	+1.017e+04	+0.804
107.700	+2.236e+03	+8.524e+03	+1.097e+04	+0.792
107.800	+1.925e+03	+8.643e+03	+1.028e+04	+0.818
107.900	+3.210e+02	+7.536e+03	+1.007e+04	+0.959
108.000	+2.056e+03	+9.218e+03	+1.044e+04	+0.818
108.100	+2.277e+03	+8.282e+03	+9.501e+03	+0.784
108.200	+8.834e+02	+7.638e+03	+9.565e+03	+0.896
108.300	+2.329e+03	+7.280e+03	+1.022e+04	+0.758
108.400	+2.093e+03	+8.028e+03	+9.170e+03	+0.793
108.500	+2.175e+03	+8.091e+03	+9.344e+03	+0.788
108.600	+2.887e+03	+7.358e+03	+1.044e+04	+0.718
108.700	+2.473e+03	+8.522e+03	+9.931e+03	+0.775
108.800	+9.099e+02	+7.722e+03	+1.106e+04	+0.895
108.900	+2.515e+03	+7.503e+03	+9.499e+03	+0.749
109.000	+1.777e+03	+8.114e+03	+1.099e+04	+0.820
109.100	+3.277e+03	+8.458e+03	+9.600e+03	+0.721
109.200	+1.943e+03	+6.971e+03	+1.029e+04	+0.782
109.300	+1.602e+03	+9.155e+03	+1.010e+04	+0.851
109.400	+2.072e+03	+7.772e+03	+1.200e+04	+0.790
109.500	+1.974e+03	+7.911e+03	+9.312e+03	+0.800
109.600	+8.529e+02	+8.094e+03	+9.889e+03	+0.905
109.700	+3.188e+03	+7.400e+03	+8.547e+03	+0.699
109.800	+6.293e+02	+7.078e+03	+1.046e+04	+0.918
109.900	+1.201e+03	+6.602e+03	+1.067e+04	+0.846
110.000	+2.304e+03	+8.318e+03	+1.047e+04	+0.783
110.100	+1.389e+03	+7.186e+03	+9.713e+03	+0.838
110.200	+1.659e+03	+8.863e+03	+1.020e+04	+0.842
110.300	+2.390e+03	+7.452e+03	+9.125e+03	+0.757
110.400	+1.781e+03	+8.720e+03	+9.469e+03	+0.830
110.500	+1.682e+03	+8.086e+03	+1.099e+04	+0.828
110.600	+1.505e+03	+7.808e+03	+9.605e+03	+0.838
110.700	+2.531e+03	+7.874e+03	+1.075e+04	+0.757
110.800	+1.634e+03	+8.465e+03	+1.064e+04	+0.838
110.900	+2.447e+03	+7.795e+03	+9.997e+03	+0.761
111.000	+3.634e+03	+8.065e+03	+1.036e+04	+0.689
111.100	+1.291e+03	+7.525e+03	+1.015e+04	+0.854
111.200	+1.323e+03	+7.269e+03	+1.000e+04	+0.846
111.300	+2.170e+03	+7.279e+03	+9.163e+03	+0.770
111.400	+1.677e+03	+8.648e+03	+9.144e+03	+0.838
111.500	+1.751e+03	+7.979e+03	+9.613e+03	+0.820
111.600	+1.953e+03	+7.831e+03	+1.030e+04	+0.800
111.700	+2.847e+03	+8.461e+03	+1.085e+04	+0.748
111.800	+1.706e+03	+7.652e+03	+1.006e+04	+0.818
111.900	+3.196e+03	+9.399e+03	+9.027e+03	+0.746
112.000	+1.273e+03	+8.993e+03	+1.108e+04	+0.876
112.100	+1.970e+03	+7.791e+03	+1.024e+04	+0.798
112.200	+3.807e+03	+8.154e+03	+9.961e+03	+0.682
112.300	+2.535e+03	+7.108e+03	+8.980e+03	+0.737
112.400	+2.362e+03	+7.873e+03	+1.037e+04	+0.769
112.500	+2.208e+03	+7.461e+03	+9.717e+03	+0.772
112.600	+2.992e+03	+8.213e+03	+1.116e+04	+0.733
112.700	+2.438e+03	+8.817e+03	+1.026e+04	+0.783
112.800	+1.691e+03	+7.124e+03	+1.125e+04	+0.808
112.900	+7.085e+02	+7.460e+03	+9.371e+03	+0.913
113.000	+2.525e+03	+6.934e+03	+1.047e+04	+0.733
113.100	+2.995e+03	+7.184e+03	+1.095e+04	+0.706
113.200	+5.686e+03	+5.293e+03	+1.029e+04	+0.482
113.300	+4.355e+03	+5.481e+03	+1.060e+04	+0.557
113.400	+5.618e+03	+5.301e+03	+1.086e+04	+0.485
113.500	+4.783e+03	+5.309e+03	+1.083e+04	+0.526
113.600	+5.266e+03	+4.127e+03	+9.881e+03	+0.439
113.700	+4.900e+03	+5.658e+03	+9.672e+03	+0.536
113.800	+5.119e+03	+4.479e+03	+1.009e+04	+0.467
113.900	+5.947e+03	+5.559e+03	+9.689e+03	+0.483
114.000	+4.903e+03	+5.644e+03	+9.013e+03	+0.535
114.100	+4.385e+03	+3.642e+03	+1.006e+04	+0.454
114.200	+4.804e+03	+4.903e+03	+9.846e+03	+0.505
114.300	+5.346e+03	+3.941e+03	+1.065e+04	+0.424
114.400	+4.175e+03	+5.120e+03	+9.667e+03	+0.551
114.500	+4.201e+03	+4.738e+03	+9.617e+03	+0.530
114.600	+4.535e+03	+4.666e+03	+1.007e+04	+0.507
114.700	+5.033e+03	+5.492e+03	+9.972e+03	+0.522
114.800	+5.075e+03	+5.224e+03	+9.487e+03	+0.507
114.900	+4.711e+03	+3.870e+03	+9.235e+03	+0.451
115.000	+4.101e+03	+4.475e+03	+1.060e+04	+0.522
115.100	+4.251e+03	+3.320e+03	+9.862e+03	+0.438
115.200	+3.548e+03	+5.680e+03	+1.000e+04	+0.615
115.300	+5.299e+03	+3.917e+03	+9.693e+03	+0.425
115.400	+4.560e+03	+5.846e+03	+9.599e+03	+0.562
115.500	+4.901e+03	+3.277e+03	+9.874e+03	+0.401
115.600	+4.229e+03	+4.123e+03	+9.420e+03	+0.494
115.700	+5.265e+03	+4.503e+03	+1.019e+04	+0.461
115.800	+4.908e+03	+4.294e+03	+1.061e+04	+0.467
115.900	+4.618e+03	+4.524e+03	+1.003e+04	+0.495
116.000	+4.451e+03	+4.865e+03	+9.751e+03	+0.522
116.100	+5.479e+03	+5.299e+03	+1.123e+04	+0.492
116.200	+5.459e+03	+4.551e+03	+1.029e+04	+0.455
116.300	+4.119e+03	+4.071e+03	+1.106e+04	+0.497
116.400	+4.462e+03	+5.231e+03	+9.591e+03	+0.540
116.500	+5.191e+03	+5.314e+03	+1.063e+04	+0.506
116.600	+5.489e+03	+3.999e+03	+9.515e+03	+0.421
116.700	+5.714e+03	+4.467e+03	+1.100e+04	+0.439
116.800	+4.834e+03	+4.634e+03	+9.210e+03	+0.489
116.900	+5.464e+03	+6.257e+03	+1.019e+04	+0.534
117.000	+4.539e+03	+5.010e+03	+1.036e+04	+0.525
117.100	+5.389e+03	+4.557e+03	+1.007e+04	+0.458
117.200	+3.670e+03	+5.437e+03	+1.029e+04	+0.597
117.300	+4.792e+03	+5.307e+03	+9.649e+03	+0.525
117.400	+4.947e+03	+6.158e+03	+9.699e+03	+0.555
117.500	+3.684e+03	+5.905e+03	+9.224e+03	+0.616
117.600	+4.297e+03	+3.714e+03	+1.014e+04	+0.464
117.700	+3.856e+03	+4.513e+03	+1.085e+04	+0.539
117.800	+5.314e+03	+5.543e+03	+1.023e+04	+0.511
117.900	+4.408e+03	+4.828e+03	+9.464e+03	+0.523
118.000	+4.695e+03	+4.447e+03	+1.089e+04	+0.486
118.100	+6.910e+03	+2.034e+03	+1.048e+04	+0.227
118.200	+8.072e+03	+2.342e+03	+9.700e+03	+0.225
118.300	+8.245e+03	+2.269e+03	+1.165e+04	+0.216
118.400	+6.800e+03	+2.984e+03	+8.688e+03	+0.305
118.500	+6.757e+03	+1.398e+03	+9.809e+03	+0.171
118.600	+7.809e+03	+3.280e+03	+1.052e+04	+0.296
118.700	+7.294e+03	+2.642e+03	+9.733e+03	+0.266
118.800	+7.786e+03	+2.161e+03	+1.043e+04	+0.217
118.900	+8.470e+03	+2.159e+03	+9.894e+03	+0.203
119.000	+8.570e+03	+3.067e+03	+1.050e+04	+0.264
119.100	+7.248e+03	+2.565e+03	+9.919e+03	+0.261
119.200	+7.905e+03	+1.772e+03	+9.826e+03	+0.183
119.300	+8.885e+03	+2.833e+03	+8.774e+03	+0.242
119.400	+7.511e+03	+2.002e+03	+9.448e+03	+0.210
119.500	+6.444e+03	+3.372e+03	+9.723e+03	+0.343
119.600	+7.349e+03	+2.166e+03	+1.012e+04	+0.228
119.700	+8.021e+03	+2.286e+03	+9.956e+03	+0.222
119.800	+8.260e+03	+2.258e+03	+1.065e+04	+0.215
119.900	+8.211e+03	+2.953e+03	+1.058e+04	+0.265
120.000	+7.727e+03	+3.250e+03	+9.563e+03	+0.296
120.100	+7.825e+03	+1.850e+03	+9.904e+03	+0.191
120.200	+7.165e+03	+1.735e+03	+9.654e+03	+0.195
120.300	+7.196e+03	+2.491e+03	+1.010e+04	+0.257
120.400	+7.443e+03	+3.975e+03	+9.437e+03	+0.348
120.500	+7.323e+03	+3.133e+03	+1.005e+04	+0.300
120.600	+7.706e+03	+1.816e+03	+1.058e+04	+0.191
120.700	+7.699e+03	+3.173e+03	+1.104e+04	+0.292
120.800	+6.788e+03	+2.738e+03	+1.164e+04	+0.287
120.900	+6.880e+03	+1.982e+03	+1.026e+04	+0.224
121.000	+8.398e+03	+1.624e+03	+9.237e+03	+0.162
121.100	+7.981e+03	+2.573e+03	+8.735e+03	+0.244
121.200	+7.096e+03	+1.600e+03	+1.025e+04	+0.184
121.300	+7.431e+03	+3.047e+03	+9.644e+03	+0.291
121.400	+7.352e+03	+2.517e+03	+9.812e+03	+0.255
121.500	+6.858e+03	+2.251e+03	+1.102e+04	+0.247
121.600	+7.798e+03	+2.800e+03	+9.954e+03	+0.264
121.700	+7.500e+03	+2.931e+03	+1.018e+04	+0.281
121.800	+7.685e+03	+2.248e+03	+1.041e+04	+0.226
121.900	+7.269e+03	+2.520e+03	+9.917e+03	+0.257
122.000	+6.393e+03	+3.826e+03	+9.117e+03	+0.374
122.100	+8.087e+03	+1.314e+03	+8.489e+03	+0.140
122.200	+6.650e+03	+1.316e+03	+9.888e+03	+0.165
122.300	+7.811e+03	+2.557e+03	+8.892e+03	+0.247
122.400	+6.610e+03	+3.221e+03	+8.975e+03	+0.328
122.500	+7.512e+03	+2.438e+03	+1.091e+04	+0.245
122.600	+6.381e+03	+2.363e+03	+9.759e+03	+0.270
122.700	+7.864e+03	+3.088e+03	+9.087e+03	+0.282
122.800	+7.194e+03	+2.164e+03	+9.966e+03	+0.231
122.900	+8.015e+03	+2.479e+03	+1.127e+04	+0.236
123.000	+8.183e+03	+2.441e+03	+1.029e+04	+0.230
123.100	+8.538e+03	+2.424e+03	+1.031e+04	+0.221
123.200	+6.909e+03	+2.308e+03	+9.787e+03	+0.250
123.300	+5.352e+03	+1.467e+03	+1.030e+04	+0.215
123.400	+7.951e+03	+2.192e+03	+9.603e+03	+0.216
123.500	+7.362e+03	+3.889e+03	+9.376e+03	+0.346
123.600	+6.852e+03	+2.670e+03	+1.034e+04	+0.280
123.700	+8.481e+03	+3.422e+03	+1.140e+04	+0.287
123.800	+7.829e+03	+3.353e+03	+1.022e+04	+0.300
123.900	+7.858e+03	+2.970e+03	+1.059e+04	+0.274
124.000	+8.056e+03	+2.874e+03	+1.037e+04	+0.263
124.100	+7.603e+03	+1.499e+03	+9.799e+03	+0.165
124.200	+8.389e+03	+2.610e+03	+9.503e+03	+0.237
124.300	+6.977e+03	+3.469e+03	+1.021e+04	+0.332
124.400	+6.764e+03	+1.763e+03	+9.470e+03	+0.207
124.500	+7.773e+03	+2.381e+03	+8.924e+03	+0.235
124.600	+7.060e+03	+3.306e+03	+1.005e+04	+0.319
124.700	+7.990e+03	+2.880e+03	+1.054e+04	+0.265
124.800	+7.591e+03	+2.476e+03	+8.468e+03	+0.246
124.900	+6.056e+03	+1.387e+03	+8.896e+03	+0.186
125.000	+7.691e+03	+4.171e+03	+1.010e+04	+0.352
125.100	+7.602e+03	+2.448e+03	+9.367e+03	+0.244
125.200	+7.755e+03	+3.048e+03	+1.167e+04	+0.282
125.300	+7.220e+03	+3.351e+03	+1.048e+04	+0.317
125.400	+6.803e+03	+2.353e+03	+1.064e+04	+0.257
125.500	+7.376e+03	+1.238e+03	+9.634e+03	+0.144
125.600	+7.981e+03	+2.476e+03	+1.038e+04	+0.237
125.700	+7.569e+03	+4.326e+03	+1.103e+04	+0.364
125.800	+7.563e+03	+3.513e+03	+1.097e+04	+0.317
125.900	+7.965e+03	+2.673e+03	+1.040e+04	+0.251
126.000	+7.411e+03	+1.398e+03	+1.075e+04	+0.159
126.100	+5.596e+03	+3.175e+03	+1.160e+04	+0.362
126.200	+6.850e+03	+2.772e+03	+1.037e+04	+0.288
126.300	+7.284e+03	+2.927e+03	+1.009e+04	+0.287
126.400	+6.939e+03	+2.897e+03	+1.113e+04	+0.295
126.500	+7.303e+03	+2.625e+03	+1.041e+04	+0.264
126.600	+7.741e+03	+1.813e+03	+9.746e+03	+0.190
126.700	+7.399e+03	+3.515e+03	+9.203e+03	+0.322
126.800	+7.869e+03	+3.474e+03	+9.256e+03	+0.306
126.900	+7.189e+03	+2.932e+03	+1.098e+04	+0.290
127.000	+7.520e+03	+1.133e+03	+1.001e+04	+0.131
127.100	+7.758e+03	+2.891e+03	+1.064e+04	+0.271
127.200	+8.114e+03	+1.754e+03	+1.135e+04	+0.178
127.300	+7.886e+03	+3.485e+03	+1.006e+04	+0.307
127.400	+6.708e+03	+3.705e+03	+1.019e+04	+0.356
127.500	+7.971e+03	+2.147e+03	+9.590e+03	+0.212
127.600	+6.159e+03	+2.739e+03	+1.018e+04	+0.308
127.700	+8.257e+03	+2.136e+03	+1.013e+04	+0.206
127.800	+6.542e+03	+2.353e+03	+9.816e+03	+0.265
127.900	+6.728e+03	+2.104e+03	+1.019e+04	+0.238
128.000	+8.156e+03	+3.900e+03	+9.836e+03	+0.323
128.100	+8.148e+03	+2.571e+03	+8.834e+03	+0.240
128.200	+7.984e+03	+2.201e+03	+9.859e+03	+0.216
128.300	+6.883e+03	+2.606e+03	+1.051e+04	+0.275
128.400	+6.994e+03	+2.944e+03	+9.100e+03	+0.296
128.500	+7.121e+03	+2.136e+03	+1.059e+04	+0.231
128.600	+7.184e+03	+1.036e+03	+1.104e+04	+0.126
128.700	+7.239e+03	+3.643e+03	+1.057e+04	+0.335
128.800	+7.742e+03	+2.336e+03	+1.081e+04	+0.232
128.900	+7.550e+03	+2.087e+03	+1.012e+04	+0.217
129.000	+7.555e+03	+3.012e+03	+1.036e+04	+0.285
129.100	+8.020e+03	+3.180e+03	+9.341e+03	+0.284
129.200	+8.759e+03	+3.329e+03	+8.881e+03	+0.275
129.300	+6.329e+03	+1.567e+03	+9.893e+03	+0.198
129.400	+7.333e+03	+2.834e+03	+1.122e+04	+0.279
129.500	+7.485e+03	+2.409e+03	+9.382e+03	+0.243
129.600	+7.062e+03	+2.366e+03	+1.151e+04	+0.251
129.700	+8.434e+03	+2.228e+03	+1.136e+04	+0.209
129.800	+7.956e+03	+3.641e+03	+9.665e+03	+0.314
129.900	+6.575e+03	+3.151e+03	+1.025e+04	+0.324
130.000	+7.023e+03	+1.342e+03	+8.614e+03	+0.160
130.100	+8.236e+03	+1.334e+03	+1.027e+04	+0.139
130.200	+8.088e+03	+2.797e+03	+9.105e+03	+0.257
130.300	+8.205e+03	+2.542e+03	+9.266e+03	+0.237
130.400	+7.511e+03	+2.667e+03	+9.699e+03	+0.262
130.500	+7.952e+03	+3.241e+03	+9.427e+03	+0.290
130.600	+7.525e+03	+2.999e+03	+1.011e+04	+0.285
130.700	+6.737e+03	+3.038e+03	+1.017e+04	+0.311
130.800	+6.684e+03	+3.486e+03	+1.016e+04	+0.343
130.900	+7.262e+03	+2.137e+03	+9.818e+03	+0.227
131.000	+7.455e+03	+3.832e+03	+1.000e+04	+0.339
131.100	+7.923e+03	+2.551e+03	+1.041e+04	+0.244
131.200	+8.006e+03	+2.136e+03	+1.003e+04	+0.211
131.300	+7.340e+03	+2.357e+03	+9.935e+03	+0.243
131.400	+7.183e+03	+1.400e+03	+1.068e+04	+0.163
131.500	+8.026e+03	+3.092e+03	+1.040e+04	+0.278
131.600	+6.254e+03	+3.052e+03	+1.010e+04	+0.328
131.700	+7.673e+03	+2.348e+03	+1.042e+04	+0.234
131.800	+7.331e+03	+3.292e+03	+1.021e+04	+0.310
131.900	+7.431e+03	+2.941e+03	+1.021e+04	+0.284
132.000	+8.871e+03	+2.922e+03	+1.044e+04	+0.248
132.100	+6.388e+03	+3.489e+03	+1.044e+04	+0.353
132.200	+6.699e+03	+2.685e+03	+1.043e+04	+0.286
132.300	+7.941e+03	+2.985e+03	+1.016e+04	+0.273
132.400	+7.830e+03	+4.758e+03	+1.006e+04	+0.378
132.500	+6.678e+03	+2.311e+03	+1.058e+04	+0.257
132.600	+7.981e+03	+2.158e+03	+9.002e+03	+0.213
132.700	+8.341e+03	+2.538e+03	+9.278e+03	+0.233
132.800	+7.912e+03	+1.853e+03	+1.090e+04	+0.190
132.900	+5.591e+03	+3.750e+03	+9.350e+03	+0.401
133.000	+7.395e+03	+2.544e+03	+9.556e+03	+0.256
133.100	+6.276e+03	+1.475e+03	+9.911e+03	+0.190
133.200	+7.707e+03	+2.227e+03	+1.017e+04	+0.224
133.300	+7.340e+03	+2.715e+03	+9.783e+03	+0.270
133.400	+8.988e+03	+1.714e+03	+1.033e+04	+0.160
133.500	+7.645e+03	+2.891e+03	+9.933e+03	+0.274
133.600	+7.283e+03	+2.565e+03	+9.500e+03	+0.260
133.700	+7.623e+03	+3.297e+03	+9.373e+03	+0.302
133.800	+8.029e+03	+3.319e+03	+9.882e+03	+0.292
133.900	+7.715e+03	+1.167e+03	+1.059e+04	+0.131
134.000	+8.623e+03	+2.880e+03	+9.460e+03	+0.250
134.100	+6.905e+03	+2.699e+03	+1.064e+04	+0.281
134.200	+7.552e+03	+2.964e+03	+1.025e+04	+0.282
134.300	+7.161e+03	+2.439e+03	+1.006e+04	+0.254
134.400	+7.180e+03	+1.265e+03	+9.432e+03	+0.150
134.500	+7.071e+03	+2.579e+03	+1.040e+04	+0.267
134.600	+7.731e+03	+2.884e+03	+9.769e+03	+0.272
134.700	+7.195e+03	+3.042e+03	+8.240e+03	+0.297
134.800	+6.807e+03	+1.710e+03	+9.751e+03	+0.201
134.900	+7.860e+03	+1.105e+03	+1.068e+04	+0.123
135.000	+7.648e+03	+2.783e+03	+1.069e+04	+0.267
135.100	+6.681e+03	+1.835e+03	+1.041e+04	+0.215
135.200	+8.694e+03	+3.055e+03	+9.882e+03	+0.260
135.300	+4.868e+03	+2.183e+03	+1.014e+04	+0.310
135.400	+7.536e+03	+2.823e+03	+8.455e+03	+0.273
135.500	+8.174e+03	+2.178e+03	+1.093e+04	+0.210
135.600	+7.559e+03	+3.010e+03	+9.738e+03	+0.285
135.700	+8.464e+03	+2.677e+03	+9.718e+03	+0.240
135.800	+7.377e+03	+3.039e+03	+9.920e+03	+0.292
135.900	+7.605e+03	+2.650e+03	+1.051e+04	+0.258
136.000	+7.410e+03	+2.503e+03	+9.599e+03	+0.252
136.100	+7.135e+03	+2.486e+03	+9.011e+03	+0.258
136.200	+6.833e+03	+2.393e+03	+9.126e+03	+0.259
136.300	+7.328e+03	+3.085e+03	+1.018e+04	+0.296
136.400	+6.947e+03	+2.399e+03	+1.110e+04	+0.257
136.500	+7.868e+03	+3.522e+03	+9.590e+03	+0.309
136.600	+7.266e+03	+2.383e+03	+1.048e+04	+0.247
136.700	+8.331e+03	+2.595e+03	+9.035e+03	+0.237
136.800	+7.605e+03	+2.569e+03	+9.713e+03	+0.252
136.900	+7.870e+03	+2.041e+03	+1.067e+04	+0.206
137.000	+7.843e+03	+2.923e+03	+8.678e+03	+0.272
137.100	+7.926e+03	+2.351e+03	+9.119e+03	+0.229
137.200	+6.885e+03	+2.915e+03	+1.015e+04	+0.297
137.300	+8.678e+03	+2.763e+03	+1.018e+04	+0.242
137.400	+7.573e+03	+2.540e+03	+9.395e+03	+0.251
137.500	+6.493e+03	+3.146e+03	+1.048e+04	+0.326
137.600	+6.993e+03	+2.895e+03	+9.223e+03	+0.293
137.700	+7.934e+03	+2.804e+03	+9.366e+03	+0.261
137.800	+8.031e+03	+2.888e+03	+1.119e+04	+0.264
137.900	+6.751e+03	+2.960e+03	+9.789e+03	+0.305
138.000	+7.843e+03	+3.560e+03	+9.808e+03	+0.312
138.100	+6.979e+03	+2.320e+03	+1.028e+04	+0.249
138.200	+8.203e+03	+1.985e+03	+9.243e+03	+0.195
138.300	+7.498e+03	+2.253e+03	+1.012e+04	+0.231
138.400	+8.208e+03	+2.901e+03	+1.025e+04	+0.261
138.500	+8.192e+03	+2.330e+03	+9.273e+03	+0.221
138.600	+7.722e+03	+1.704e+03	+9.547e+03	+0.181
138.700	+7.949e+03	+2.734e+03	+8.850e+03	+0.256
138.800	+7.963e+03	+1.286e+03	+1.104e+04	+0.139
138.900	+6.384e+03	+2.243e+03	+1.028e+04	+0.260
139.000	+7.207e+03	+2.226e+03	+1.060e+04	+0.236
139.100	+6.516e+03	+1.597e+03	+1.017e+04	+0.197
139.200	+7.591e+03	+3.278e+03	+8.665e+03	+0.302
139.300	+7.806e+03	+2.629e+03	+1.005e+04	+0.252
139.400	+7.457e+03	+2.456e+03	+1.047e+04	+0.248
139.500	+7.639e+03	+2.660e+03	+1.167e+04	+0.258
139.600	+7.358e+03	+1.477e+03	+1.022e+04	+0.167
139.700	+7.744e+03	+2.508e+03	+1.030e+04	+0.245
139.800	+8.112e+03	+2.628e+03	+9.049e+03	+0.245
139.900	+6.950e+03	+1.298e+03	+9.870e+03	+0.157
140.000	+7.708e+03	+2.410e+03	+1.029e+04	+0.238
140.100	+8.386e+03	+3.278e+03	+1.008e+04	+0.281
140.200	+8.213e+03	+5.012e+02	+9.971e+03	+0.058
140.300	+6.717e+03	+3.663e+03	+1.054e+04	+0.353
140.400	+7.919e+03	+3.499e+03	+9.625e+03	+0.306
140.500	+8.141e+03	+3.831e+03	+1.016e+04	+0.320
140.600	+7.587e+03	+2.583e+03	+8.602e+03	+0.254
140.700	+7.649e+03	+2.290e+03	+1.030e+04	+0.230
140.800	+8.396e+03	+1.652e+03	+8.882e+03	+0.164
140.900	+6.909e+03	+3.332e+03	+9.100e+03	+0.325
141.000	+7.810e+03	+2.858e+03	+1.016e+04	+0.268
141.100	+7.225e+03	+2.190e+03	+9.668e+03	+0.233
141.200	+6.564e+03	+2.559e+03	+9.744e+03	+0.280
141.300	+8.616e+03	+3.310e+03	+1.067e+04	+0.278
141.400	+8.294e+03	+3.974e+03	+9.038e+03	+0.324
141.500	+7.628e+03	+2.906e+03	+1.012e+04	+0.276
141.600	+8.045e+03	+2.113e+03	+1.042e+04	+0.208
141.700	+7.075e+03	+1.688e+03	+1.057e+04	+0.193
141.800	+6.715e+03	+1.969e+03	+1.032e+04	+0.227
141.900	+7.831e+03	+2.578e+03	+1.084e+04	+0.248
142.000	+7.100e+03	+3.181e+03	+9.948e+03	+0.309
142.100	+6.936e+03	+2.599e+03	+9.622e+03	+0.273
142.200	+7.759e+03	+2.785e+03	+1.115e+04	+0.264
142.300	+7.334e+03	+2.795e+03	+1.027e+04	+0.276
142.400	+7.198e+03	+2.702e+03	+8.818e+03	+0.273
142.500	+7.023e+03	+1.453e+03	+9.801e+03	+0.171
142.600	+7.960e+03	+3.118e+03	+1.055e+04	+0.281
142.700	+8.324e+03	+3.570e+03	+1.016e+04	+0.300
142.800	+7.175e+03	+2.963e+03	+9.378e+03	+0.292
142.900	+7.994e+03	+2.262e+03	+9.917e+03	+0.221
143.000	+7.566e+03	+2.095e+03	+1.043e+04	+0.217
143.100	+7.866e+03	+2.328e+03	+1.021e+04	+0.228
143.200	+6.934e+03	+2.958e+03	+1.000e+04	+0.299
143.300	+7.758e+03	+2.841e+03	+8.109e+03	+0.268
143.400	+7.800e+03	+2.161e+03	+9.609e+03	+0.217
143.500	+9.145e+03	+1.232e+03	+1.006e+04	+0.119
143.600	+7.534e+03	+1.723e+03	+9.819e+03	+0.186
143.700	+7.761e+03	+5.040e+02	+9.810e+03	+0.061
143.800	+8.068e+03	+2.269e+03	+9.556e+03	+0.220
143.900	+8.249e+03	+2.082e+03	+9.616e+03	+0.202
144.000	+8.243e+03	+3.346e+03	+8.355e+03	+0.289
144.100	+8.298e+03	+2.425e+03	+1.015e+04	+0.226
144.200	+7.355e+03	+1.387e+03	+1.111e+04	+0.159
144.300	+7.087e+03	+2.988e+03	+8.525e+03	+0.297
144.400	+8.494e+03	+2.904e+03	+9.906e+03	+0.255
144.500	+6.679e+03	+2.558e+03	+1.061e+04	+0.277
144.600	+8.446e+03	+2.001e+03	+9.690e+03	+0.192
144.700	+7.030e+03	+2.620e+03	+1.007e+04	+0.271
144.800	+8.186e+03	+2.965e+03	+9.224e+03	+0.266
144.900	+7.391e+03	+2.493e+03	+1.194e+04	+0.252
145.000	+7.103e+03	+2.380e+03	+1.101e+04	+0.251
145.100	+7.024e+03	+3.568e+03	+1.068e+04	+0.337
145.200	+7.441e+03	+2.997e+03	+9.426e+03	+0.287
145.300	+6.582e+03	+2.653e+03	+9.467e+03	+0.287
145.400	+7.583e+03	+3.008e+03	+8.836e+03	+0.284
145.500	+6.872e+03	+2.771e+03	+8.704e+03	+0.287
145.600	+6.850e+03	+3.347e+03	+1.081e+04	+0.328
145.700	+8.161e+03	+1.972e+03	+9.234e+03	+0.195
145.800	+9.138e+03	+1.908e+03	+9.129e+03	+0.173
145.900	+6.025e+03	+2.184e+03	+9.387e+03	+0.266
146.000	+7.742e+03	+3.252e+03	+1.063e+04	+0.296
146.100	+6.596e+03	+2.983e+03	+1.076e+04	+0.311
146.200	+7.839e+03	+1.335e+03	+9.745e+03	+0.146
146.300	+8.141e+03	+2.348e+03	+9.929e+03	+0.224
146.400	+7.909e+03	+2.777e+03	+1.132e+04	+0.260
146.500	+9.337e+03	+1.802e+03	+1.156e+04	+0.162
146.600	+6.364e+03	+2.390e+03	+1.024e+04	+0.273
146.700	+7.302e+03	+2.790e+03	+1.062e+04	+0.276
146.800	+7.320e+03	+3.650e+03	+9.651e+03	+0.333
146.900	+8.031e+03	+3.465e+03	+1.077e+04	+0.301
147.000	+7.427e+03	+2.702e+03	+1.097e+04	+0.267
147.100	+7.932e+03	+1.320e+03	+1.066e+04	+0.143
147.200	+8.319e+03	+2.660e+03	+1.037e+04	+0.242
147.300	+8.098e+03	+1.541e+03	+1.055e+04	+0.160
147.400	+7.741e+03	+2.832e+03	+8.915e+03	+0.268
147.500	+7.401e+03	+2.512e+03	+1.043e+04	+0.253
147.600	+6.477e+03	+2.428e+03	+1.016e+04	+0.273
147.700	+7.314e+03	+2.671e+03	+9.391e+03	+0.267
147.800	+7.972e+03	+2.402e+03	+9.822e+03	+0.232
147.900	+6.984e+03	+2.301e+03	+1.109e+04	+0.248
148.000	+7.057e+03	+1.531e+03	+1.128e+04	+0.178
148.100	+7.407e+03	+2.388e+03	+8.914e+03	+0.244
148.200	+6.383e+03	+3.310e+03	+9.828e+03	+0.341
148.300	+7.282e+03	+1.663e+03	+9.526e+03	+0.186
148.400	+8.425e+03	+2.817e+03	+1.008e+04	+0.251
148.500	+8.230e+03	+2.985e+03	+9.188e+03	+0.266
148.600	+7.103e+03	+2.678e+03	+9.438e+03	+0.274
148.700	+6.592e+03	+3.162e+03	+1.020e+04	+0.324
148.800	+7.095e+03	+3.345e+03	+1.063e+04	+0.320
148.900	+7.077e+03	+1.955e+03	+9.686e+03	+0.216
149.000	+6.165e+03	+2.615e+03	+1.081e+04	+0.298
149.100	+7.008e+03	+2.919e+03	+1.068e+04	+0.294
149.200	+7.836e+03	+2.018e+03	+9.166e+03	+0.205
149.300	+8.120e+03	+1.056e+03	+9.925e+03	+0.115
149.400	+6.876e+03	+2.463e+03	+9.297e+03	+0.264
149.500	+6.291e+03	+3.167e+03	+9.772e+03	+0.335
149.600	+6.890e+03	+2.719e+03	+1.003e+04	+0.283
149.700	+6.902e+03	+1.851e+03	+1.023e+04	+0.211
149.800	+6.852e+03	+4.089e+02	+9.817e+03	+0.056
149.900	+7.766e+03	+2.032e+03	+9.933e+03	+0.207
150.000	+8.264e+03	+3.756e+03	+1.024e+04	+0.312
150.100	+7.909e+03	+1.803e+03	+8.634e+03	+0.186
150.200	+8.352e+03	+8.308e+02	+1.136e+04	+0.090
150.300	+7.581e+03	+3.641e+03	+9.729e+03	+0.324
150.400	+6.803e+03	+2.850e+03	+9.178e+03	+0.295
150.500	+6.681e+03	+2.148e+03	+8.601e+03	+0.243
150.600	+7.707e+03	+2.834e+03	+1.009e+04	+0.269
150.700	+7.069e+03	+3.101e+03	+1.078e+04	+0.305
150.800	+7.685e+03	+3.165e+03	+1.020e+04	+0.292
150.900	+7.115e+03	+3.148e+03	+9.505e+03	+0.307
151.000	+7.286e+03	+2.128e+03	+9.670e+03	+0.226
151.100	+6.524e+03	+2.425e+03	+1.005e+04	+0.271
151.200	+6.374e+03	+1.806e+03	+9.607e+03	+0.221
151.300	+8.237e+03	+4.217e+03	+9.160e+03	+0.339
151.400	+8.847e+03	+2.945e+03	+1.102e+04	+0.250
151.500	+7.024e+03	+2.114e+03	+1.128e+04	+0.231
151.600	+7.653e+03	+2.878e+03	+9.735e+03	+0.273
151.700	+8.114e+03	+2.145e+03	+1.030e+04	+0.209
151.800	+7.501e+03	+2.968e+03	+8.939e+03	+0.284
151.900	+6.964e+03	+2.818e+03	+1.032e+04	+0.288
152.000	+5.313e+03	+5.158e+03	+1.030e+04	+0.493
152.100	+5.686e+03	+3.831e+03	+1.042e+04	+0.403
152.200	+4.178e+03	+5.299e+03	+1.126e+04	+0.559
152.300	+6.336e+03	+3.571e+03	+9.863e+03	+0.360
152.400	+6.502e+03	+2.237e+03	+8.859e+03	+0.256
152.500	+7.304e+03	+1.959e+03	+1.070e+04	+0.211
152.600	+8.065e+03	+2.708e+03	+1.041e+04	+0.251
152.700	+7.126e+03	+1.948e+03	+9.115e+03	+0.215
152.800	+8.103e+03	+3.681e+03	+9.935e+03	+0.312
152.900	+6.749e+03	+3.534e+03	+1.039e+04	+0.344
153.000	+7.901e+03	+3.622e+03	+1.091e+04	+0.314
153.100	+6.709e+03	+1.785e+03	+1.037e+04	+0.210
153.200	+6.852e+03	+2.728e+03	+9.636e+03	+0.285
153.300	+7.772e+03	+3.501e+03	+1.022e+04	+0.311
153.400	+6.458e+03	+2.814e+03	+8.916e+03	+0.303
153.500	+7.783e+03	+2.406e+03	+1.141e+04	+0.236
153.600	+6.925e+03	+1.538e+03	+9.662e+03	+0.182
153.700	+7.347e+03	+2.080e+03	+1.025e+04	+0.221
153.800	+7.383e+03	+3.551e+03	+9.660e+03	+0.325
153.900	+7.150e+03	+2.070e+03	+1.044e+04	+0.224
154.000	+7.626e+03	+2.881e+03	+1.086e+04	+0.274
154.100	+8.306e+03	+2.481e+02	+8.747e+03	+0.029
154.200	+7.665e+03	+1.394e+03	+1.008e+04	+0.154
154.300	+6.517e+03	+3.111e+03	+9.650e+03	+0.323
154.400	+8.345e+03	+2.820e+03	+9.877e+03	+0.253
154.500	+6.490e+03	+1.394e+03	+1.070e+04	+0.177
154.600	+8.315e+03	+1.653e+03	+9.321e+03	+0.166
154.700	+9.131e+03	+3.353e+03	+1.016e+04	+0.269
154.800	+7.190e+03	+2.254e+03	+9.787e+03	+0.239
154.900	+7.497e+03	+2.188e+03	+1.034e+04	+0.226
155.000	+7.370e+03	+1.309e+03	+9.199e+03	+0.151
155.100	+7.370e+03	+1.725e+03	+9.873e+03	+0.190
155.200	+7.579e+03	+2.560e+03	+1.121e+04	+0.252
155.300	+6.858e+03	+1.581e+03	+9.623e+03	+0.187
155.400	+7.354e+03	+2.599e+03	+1.024e+04	+0.261
155.500	+6.821e+03	+3.222e+03	+1.023e+04	+0.321
155.600	+7.968e+03	+3.276e+03	+9.886e+03	+0.291
155.700	+7.821e+03	+1.409e+03	+1.065e+04	+0.153
155.800	+8.681e+03	+3.103e+03	+9.976e+03	+0.263
155.900	+7.555e+03	+3.489e+03	+8.188e+03	+0.316
156.000	+6.683e+03	+2.248e+03	+1.034e+04	+0.252
156.100	+7.126e+03	+2.900e+03	+8.859e+03	+0.289
156.200	+8.813e+03	+3.918e+03	+9.214e+03	+0.308
156.300	+7.879e+03	+2.390e+03	+9.314e+03	+0.233
156.400	+8.145e+03	+2.362e+03	+1.143e+04	+0.225
156.500	+6.185e+03	+1.757e+03	+1.000e+04	+0.221
156.600	+8.763e+03	+2.178e+03	+9.167e+03	+0.199
156.700	+6.643e+03	+2.384e+03	+9.708e+03	+0.264
156.800	+7.002e+03	+3.405e+03	+8.970e+03	+0.327
156.900	+6.535e+03	+1.178e+03	+9.450e+03	+0.153
157.000	+6.612e+03	+1.924e+03	+1.018e+04	+0.225
157.100	+6.795e+03	+2.108e+03	+9.637e+03	+0.237
157.200	+8.928e+03	+4.382e+03	+9.763e+03	+0.329
157.300	+7.181e+03	+1.832e+03	+9.359e+03	+0.203
157.400	+8.047e+03	+2.887e+03	+1.008e+04	+0.264
157.500	+8.895e+03	+3.995e+03	+1.060e+04	+0.310
157.600	+7.957e+03	+2.390e+03	+9.633e+03	+0.231
157.700	+7.093e+03	+1.778e+03	+1.007e+04	+0.200
157.800	+6.799e+03	+1.911e+03	+9.535e+03	+0.219
157.900	+5.935e+03	+3.291e+03	+9.576e+03	+0.357
158.000	+7.931e+03	+2.800e+03	+9.877e+03	+0.261
158.100	+8.566e+03	+2.443e+03	+9.588e+03	+0.222
158.200	+7.924e+03	+2.650e+03	+9.065e+03	+0.251
158.300	+7.101e+03	+2.438e+03	+9.528e+03	+0.256
158.400	+7.099e+03	+1.026e+03	+9.302e+03	+0.126
158.500	+7.531e+03	+2.272e+03	+1.044e+04	+0.232
158.600	+7.789e+03	+1.836e+03	+9.482e+03	+0.191
158.700	+7.424e+03	+2.983e+03	+9.835e+03	+0.287
158.800	+7.108e+03	+2.346e+03	+1.021e+04	+0.248
158.900	+8.545e+03	+2.502e+03	+9.543e+03	+0.226
159.000	+7.099e+03	+2.969e+03	+9.691e+03	+0.295
159.100	+7.474e+03	+1.912e+03	+9.370e+03	+0.204
159.200	+7.870e+03	+3.083e+03	+1.114e+04	+0.281
159.300	+9.417e+03	+1.530e+03	+1.055e+04	+0.140
159.400	+7.088e+03	+1.429e+03	+1.030e+04	+0.168
159.500	+8.049e+03	+2.026e+03	+9.856e+03	+0.201
159.600	+8.545e+03	+2.251e+03	+9.817e+03	+0.208
159.700	+6.986e+03	+1.844e+03	+9.742e+03	+0.209
159.800	+7.827e+03	+3.471e+03	+9.152e+03	+0.307
159.900	+7.518e+03	+3.191e+03	+9.623e+03	+0.298
160.000	+8.141e+03	+2.596e+03	+1.042e+04	+0.242
160.100	+7.996e+03	+2.818e+03	+9.199e+03	+0.261
160.200	+7.695e+03	+1.787e+03	+1.005e+04	+0.188
160.300	+7.678e+03	+2.368e+03	+8.581e+03	+0.236
160.400	+6.758e+03	+2.754e+03	+9.686e+03	+0.290
160.500	+6.314e+03	+1.838e+03	+9.895e+03	+0.225
160.600	+9.046e+03	+3.261e+03	+1.110e+04	+0.265
160.700	+6.956e+03	+2.855e+03	+1.009e+04	+0.291
160.800	+7.393e+03	+2.240e+03	+1.048e+04	+0.232
160.900	+9.562e+03	+2.098e+03	+9.045e+03	+0.180
161.000	+8.567e+03	+2.322e+03	+9.933e+03	+0.213
161.100	+7.355e+03	+2.135e+03	+8.414e+03	+0.225
161.200	+7.002e+03	+1.292e+03	+9.883e+03	+0.156
161.300	+7.376e+03	+1.973e+03	+1.134e+04	+0.211
161.400	+7.255e+03	+3.157e+03	+9.317e+03	+0.303
161.500	+7.103e+03	+2.713e+03	+9.401e+03	+0.276
161.600	+8.468e+03	+2.562e+03	+9.101e+03	+0.232
161.700	+7.345e+03	+2.992e+03	+1.043e+04	+0.289
161.800	+8.500e+03	+1.368e+03	+1.061e+04	+0.139
161.900	+6.644e+03	+2.804e+03	+9.959e+03	+0.297
162.000	+8.382e+03	+2.068e+03	+9.998e+03	+0.198
162.100	+7.001e+03	+3.060e+03	+1.012e+04	+0.304
162.200	+9.290e+03	+2.904e+03	+9.954e+03	+0.238
162.300	+8.085e+03	+1.697e+03	+8.988e+03	+0.173
162.400	+6.565e+03	+3.234e+03	+9.434e+03	+0.330
162.500	+8.385e+03	+3.064e+03	+1.004e+04	+0.268
162.600	+7.276e+03	+3.715e+03	+9.806e+03	+0.338
162.700	+8.467e+03	+1.911e+03	+9.385e+03	+0.184
162.800	+7.237e+03	+1.995e+03	+1.043e+04	+0.216
162.900	+8.003e+03	+3.019e+03	+9.734e+03	+0.274
163.000	+6.758e+03	+2.629e+03	+1.113e+04	+0.280
163.100	+8.236e+03	+1.804e+03	+1.047e+04	+0.180
163.200	+7.987e+03	+2.233e+03	+9.871e+03	+0.219
163.300	+8.071e+03	+2.878e+03	+1.077e+04	+0.263
163.400	+8.552e+03	+2.431e+03	+1.058e+04	+0.221
163.500	+7.038e+03	+2.471e+03	+9.314e+03	+0.260
163.600	+7.166e+03	+2.165e+03	+1.016e+04	+0.232
163.700	+8.240e+03	+2.013e+03	+1.035e+04	+0.196
163.800	+6.838e+03	+2.971e+03	+9.800e+03	+0.303
163.900	+7.860e+03	+2.404e+03	+9.937e+03	+0.234
164.000	+8.113e+03	+3.893e+03	+8.939e+03	+0.324
164.100	+7.011e+03	+2.690e+03	+9.847e+03	+0.277
164.200	+7.120e+03	+3.034e+03	+1.040e+04	+0.299
164.300	+6.632e+03	+2.302e+03	+1.112e+04	+0.258
164.400	+7.362e+03	+2.620e+03	+9.138e+03	+0.262
164.500	+7.603e+03	+1.992e+03	+1.041e+04	+0.208
164.600	+8.140e+03	+1.871e+03	+9.666e+03	+0.187
164.700	+7.920e+03	+3.705e+03	+1.074e+04	+0.319
164.800	+6.635e+03	+1.444e+03	+9.705e+03	+0.179
164.900	+8.739e+03	+2.583e+03	+9.867e+03	+0.228
165.000	+6.949e+03	+1.997e+03	+9.926e+03	+0.223
165.100	+8.498e+03	+4.072e+03	+9.917e+03	+0.324
165.200	+6.488e+03	+2.435e+03	+1.086e+04	+0.273
165.300	+7.518e+03	+2.109e+03	+9.905e+03	+0.219
165.400	+7.178e+03	+3.306e+03	+1.006e+04	+0.315
165.500	+3.869e+03	+5.685e+03	+9.642e+03	+0.595
165.600	+1.833e+03	+7.160e+03	+1.114e+04	+0.796
165.700	+1.916e+03	+9.353e+03	+1.027e+04	+0.830
165.800	+2.505e+03	+7.007e+03	+1.097e+04	+0.737
165.900	+5.506e+02	+7.930e+03	+1.058e+04	+0.935
166.000	+1.349e+03	+7.329e+03	+1.024e+04	+0.845
166.100	+2.169e+03	+6.197e+03	+1.004e+04	+0.741
166.200	+2.446e+03	+8.972e+03	+9.828e+03	+0.786
166.300	+1.387e+03	+8.281e+03	+1.134e+04	+0.857
166.400	+2.225e+03	+7.684e+03	+9.810e+03	+0.775
166.500	+1.556e+03	+7.672e+03	+9.691e+03	+0.831
166.600	+8.335e+02	+8.112e+03	+8.909e+03	+0.907
166.700	+2.542e+03	+8.059e+03	+1.106e+04	+0.760
166.800	+1.870e+03	+7.972e+03	+1.092e+04	+0.810
166.900	+1.582e+03	+7.732e+03	+9.059e+03	+0.830
167.000	+8.410e+02	+7.405e+03	+9.765e+03	+0.898
167.100	+2.755e+03	+7.710e+03	+8.725e+03	+0.737
167.200	+2.864e+03	+9.128e+03	+1.030e+04	+0.761
167.300	+1.374e+03	+7.707e+03	+9.433e+03	+0.849
167.400	+1.420e+03	+8.333e+03	+9.697e+03	+0.854
167.500	+3.963e+02	+7.413e+03	+1.041e+04	+0.949
167.600	+2.755e+03	+9.115e+03	+1.035e+04	+0.768
167.700	+1.630e+03	+7.400e+03	+9.542e+03	+0.819
167.800	+1.307e+03	+8.710e+03	+8.776e+03	+0.870
167.900	+1.547e+03	+7.648e+03	+1.051e+04	+0.832
168.000	+2.184e+03	+8.490e+03	+1.013e+04	+0.795
168.100	+1.415e+03	+9.255e+03	+1.075e+04	+0.867
168.200	+2.913e+03	+9.148e+03	+9.743e+03	+0.758
168.300	+2.367e+03	+7.440e+03	+9.474e+03	+0.759
168.400	+1.205e+03	+8.155e+03	+9.542e+03	+0.871
168.500	+3.203e+03	+7.143e+03	+1.034e+04	+0.690
168.600	+1.267e+03	+7.514e+03	+9.816e+03	+0.856
168.700	+2.189e+03	+8.503e+03	+9.680e+03	+0.795
168.800	+1.615e+03	+7.602e+03	+1.056e+04	+0.825
168.900	+1.094e+03	+8.535e+03	+1.001e+04	+0.886
169.000	+9.642e+02	+7.518e+03	+1.004e+04	+0.886
169.100	+5.536e+02	+6.926e+03	+1.062e+04	+0.926
169.200	+3.450e+03	+8.613e+03	+1.011e+04	+0.714
169.300	+1.647e+03	+8.119e+03	+1.079e+04	+0.831
169.400	+3.097e+03	+6.913e+03	+9.953e+03	+0.691
169.500	+2.043e+03	+8.389e+03	+1.071e+04	+0.804
169.600	+2.286e+03	+6.732e+03	+9.364e+03	+0.746
169.700	+1.752e+03	+7.945e+03	+9.848e+03	+0.819
169.800	+2.195e+03	+8.405e+03	+9.873e+03	+0.793
169.900	+2.288e+03	+8.717e+03	+8.019e+03	+0.792
170.000	+1.170e+03	+7.280e+03	+1.011e+04	+0.862
170.100	+1.917e+03	+7.659e+03	+1.063e+04	+0.800
170.200	+2.598e+03	+6.767e+03	+1.010e+04	+0.723
170.300	+2.057e+03	+8.090e+03	+9.570e+03	+0.797
170.400	+2.489e+03	+5.936e+03	+1.046e+04	+0.705
170.500	+8.601e+03	+3.542e+03	+8.955e+03	+0.292
170.600	+7.407e+03	+3.383e+03	+9.696e+03	+0.314
170.700	+6.196e+03	+4.267e+03	+9.030e+03	+0.408
170.800	+6.826e+03	+1.276e+03	+1.020e+04	+0.158
170.900	+8.156e+03	+1.704e+03	+9.740e+03	+0.173
171.000	+7.007e+03	+1.677e+03	+9.084e+03	+0.193
171.100	+7.025e+03	+3.415e+03	+9.523e+03	+0.327
171.200	+7.232e+03	+2.719e+03	+9.503e+03	+0.273
171.300	+7.321e+03	+1.168e+03	+9.631e+03	+0.138
171.400	+7.605e+03	+1.948e+03	+1.043e+04	+0.204
171.500	+8.896e+03	+1.726e+03	+1.067e+04	+0.162
171.600	+8.476e+03	+3.809e+03	+1.050e+04	+0.310
171.700	+7.966e+03	+3.041e+03	+9.686e+03	+0.276
171.800	+7.056e+03	+3.402e+03	+9.240e+03	+0.325
171.900	+6.855e+03	+1.722e+03	+9.704e+03	+0.201
172.000	+8.164e+03	+1.641e+03	+9.445e+03	+0.167
172.100	+7.960e+03	+2.410e+03	+9.525e+03	+0.232
172.200	+6.005e+03	+2.272e+03	+1.038e+04	+0.274
172.300	+8.336e+03	+2.069e+03	+1.016e+04	+0.199
172.400	+7.137e+03	+2.079e+03	+9.937e+03	+0.226
172.500	+6.990e+03	+2.318e+03	+1.009e+04	+0.249
172.600	+6.413e+03	+3.357e+03	+9.509e+03	+0.344
172.700	+7.592e+03	+3.103e+03	+1.034e+04	+0.290
172.800	+8.391e+03	+2.900e+03	+9.801e+03	+0.257
172.900	+7.129e+03	+2.456e+03	+9.472e+03	+0.256
173.000	+7.711e+03	+1.790e+03	+1.003e+04	+0.188
173.100	+6.846e+03	+3.949e+03	+9.331e+03	+0.366
173.200	+6.815e+03	+1.981e+03	+9.731e+03	+0.225
173.300	+7.719e+03	+1.233e+03	+1.051e+04	+0.138
173.400	+7.938e+03	+2.819e+03	+9.345e+03	+0.262
173.500	+3.304e+03	+6.886e+03	+1.040e+04	+0.676
173.600	+3.384e+03	+7.726e+03	+9.886e+03	+0.695
173.700	+1.857e+03	+7.944e+03	+9.379e+03	+0.811
173.800	+2.428e+03	+8.531e+03	+1.014e+04	+0.778
173.900	+2.071e+03	+8.135e+03	+1.072e+04	+0.797
174.000	+2.587e+03	+9.219e+03	+9.237e+03	+0.781
174.100	+3.518e+03	+7.403e+03	+9.891e+03	+0.678
174.200	+2.072e+03	+7.306e+03	+9.330e+03	+0.779
174.300	+2.849e+03	+9.345e+03	+1.027e+04	+0.766
174.400	+2.927e+03	+7.867e+03	+1.088e+04	+0.729
174.500	+2.214e+03	+9.558e+03	+1.053e+04	+0.812
174.600	+1.346e+03	+7.462e+03	+9.653e+03	+0.847
174.700	+3.069e+03	+7.681e+03	+9.701e+03	+0.715
174.800	+2.224e+03	+7.769e+03	+1.139e+04	+0.777
174.900	+2.811e+03	+7.632e+03	+1.107e+04	+0.731
175.000	+6.914e+02	+1.001e+04	+1.176e+04	+0.935
175.100	+3.317e+03	+7.375e+03	+1.014e+04	+0.690
175.200	+2.043e+03	+7.757e+03	+1.054e+04	+0.792
175.300	+1.554e+03	+8.196e+03	+1.072e+04	+0.841
175.400	+2.433e+03	+7.833e+03	+1.060e+04	+0.763
175.500	+1.833e+03	+8.543e+03	+9.227e+03	+0.823
175.600	+2.835e+03	+9.375e+03	+9.016e+03	+0.768
175.700	+2.114e+03	+7.769e+03	+9.656e+03	+0.786
175.800	+1.222e+03	+8.900e+03	+1.059e+04	+0.879
175.900	+2.382e+03	+8.505e+03	+9.798e+03	+0.781
176.000	+1.663e+03	+9.508e+03	+9.951e+03	+0.851
176.100	+2.742e+03	+8.352e+03	+1.007e+04	+0.753
176.200	+1.842e+03	+6.894e+03	+9.500e+03	+0.789
176.300	+1.890e+03	+7.481e+03	+9.782e+03	+0.798
176.400	+1.107e+03	+8.522e+03	+9.620e+03	+0.885
176.500	+1.582e+03	+7.782e+03	+9.223e+03	+0.831
176.600	+2.005e+03	+8.169e+03	+1.024e+04	+0.803
176.700	+2.412e+03	+8.741e+03	+1.100e+04	+0.784
176.800	+2.543e+03	+6.490e+03	+1.042e+04	+0.719
176.900	+3.394e+03	+7.822e+03	+9.923e+03	+0.697
177.000	+1.313e+03	+8.883e+03	+9.703e+03	+0.871
177.100	+2.646e+03	+7.946e+03	+1.050e+04	+0.750
177.200	+3.375e+03	+7.389e+03	+9.905e+03	+0.686
177.300	+2.421e+03	+7.600e+03	+1.033e+04	+0.758
177.400	+2.995e+03	+7.153e+03	+1.038e+04	+0.705
177.500	+3.163e+03	+8.504e+03	+8.927e+03	+0.729
177.600	+3.036e+03	+7.698e+03	+1.079e+04	+0.717
177.700	+1.800e+03	+9.069e+03	+9.865e+03	+0.834
177.800	+3.397e+03	+7.170e+03	+1.048e+04	+0.679
177.900	+1.796e+03	+9.904e+03	+1.019e+04	+0.847
178.000	+6.349e+02	+7.665e+03	+1.122e+04	+0.924
178.100	+2.196e+03	+7.463e+03	+9.817e+03	+0.773
178.200	+2.079e+03	+7.597e+03	+1.005e+04	+0.785
178.300	+2.581e+03	+8.151e+03	+1.022e+04	+0.760
178.400	+1.442e+03	+8.520e+03	+9.398e+03	+0.855
178.500	+3.245e+03	+7.979e+03	+8.917e+03	+0.711
178.600	+1.561e+03	+7.805e+03	+1.004e+04	+0.833
178.700	+9.147e+02	+8.061e+03	+9.708e+03	+0.898
178.800	+2.398e+03	+8.844e+03	+1.014e+04	+0.787
178.900	+2.557e+03	+6.401e+03	+1.016e+04	+0.715
179.000	+1.476e+03	+8.400e+03	+9.020e+03	+0.851
179.100	+1.390e+03	+7.620e+03	+1.026e+04	+0.846
179.200	+2.421e+03	+7.980e+03	+9.716e+03	+0.767
179.300	+3.223e+03	+7.536e+03	+1.035e+04	+0.700
179.400	+1.938e+03	+6.985e+03	+1.082e+04	+0.783
179.500	+3.117e+03	+7.816e+03	+9.406e+03	+0.715
179.600	+1.991e+03	+8.193e+03	+8.468e+03	+0.804
179.700	+2.663e+03	+8.445e+03	+9.777e+03	+0.760
179.800	+1.025e+03	+8.931e+03	+1.105e+04	+0.897
179.900	+1.148e+03	+7.092e+03	+9.794e+03	+0.861
180.000	+7.655e+02	+8.075e+03	+1.133e+04	+0.913
180.100	+2.110e+03	+7.297e+03	+9.983e+03	+0.776
180.200	+3.079e+03	+7.934e+03	+9.686e+03	+0.720
180.300	+1.539e+03	+8.207e+03	+1.073e+04	+0.842
180.400	+2.953e+03	+7.608e+03	+1.119e+04	+0.720
180.500	+1.698e+02	+7.842e+03	+9.570e+03	+0.979
180.600	+2.581e+03	+7.222e+03	+1.051e+04	+0.737
180.700	+8.946e+02	+8.999e+03	+9.093e+03	+0.910
180.800	+1.578e+03	+7.877e+03	+9.969e+03	+0.833
180.900	+1.693e+03	+7.202e+03	+1.074e+04	+0.810
181.000	+1.546e+03	+7.893e+03	+1.035e+04	+0.836
181.100	+2.151e+03	+6.670e+03	+1.082e+04	+0.756
181.200	+1.257e+03	+6.648e+03	+9.315e+03	+0.841
181.300	+1.922e+03	+8.928e+03	+9.986e+03	+0.823
181.400	+2.310e+03	+8.685e+03	+9.763e+03	+0.790
181.500	+2.107e+03	+7.730e+03	+1.072e+04	+0.786
181.600	+1.564e+03	+8.670e+03	+9.904e+03	+0.847
181.700	+2.589e+03	+7.481e+03	+1.057e+04	+0.743
181.800	+1.285e+03	+6.358e+03	+9.193e+03	+0.832
181.900	+2.147e+03	+7.576e+03	+1.169e+04	+0.779
182.000	+1.456e+03	+8.347e+03	+9.800e+03	+0.852
182.100	+2.758e+03	+7.477e+03	+9.279e+03	+0.731
182.200	+1.150e+03	+8.754e+03	+1.106e+04	+0.884
182.300	+2.415e+03	+8.377e+03	+9.307e+03	+0.776
182.400	+1.553e+03	+8.381e+03	+9.803e+03	+0.844
182.500	+5.362e+02	+8.228e+03	+1.027e+04	+0.939
182.600	+1.859e+03	+9.033e+03	+9.250e+03	+0.829
182.700	+4.537e+02	+8.327e+03	+9.662e+03	+0.948
182.800	+2.368e+03	+7.643e+03	+1.017e+04	+0.763
182.900	+1.160e+03	+8.988e+03	+9.560e+03	+0.886
183.000	+1.682e+03	+7.624e+03	+9.947e+03	+0.819
183.100	+1.579e+03	+7.342e+03	+9.915e+03	+0.823
183.200	+1.003e+03	+8.382e+03	+1.003e+04	+0.893
183.300	+1.614e+03	+8.649e+03	+1.069e+04	+0.843
183.400	+2.691e+03	+7.880e+03	+1.060e+04	+0.745
183.500	+2.419e+03	+7.537e+03	+1.098e+04	+0.757
183.600	+1.055e+03	+8.483e+03	+1.101e+04	+0.889
183.700	+1.251e+03	+8.097e+03	+1.124e+04	+0.866
183.800	+1.652e+03	+8.265e+03	+1.033e+04	+0.833
183.900	+2.889e+03	+7.463e+03	+1.045e+04	+0.721
184.000	+1.142e+03	+8.333e+03	+1.178e+04	+0.879
184.100	+2.836e+03	+8.131e+03	+1.098e+04	+0.741
184.200	+1.815e+03	+9.138e+03	+1.016e+04	+0.834
184.300	+2.797e+03	+7.336e+03	+9.983e+03	+0.724
184.400	+2.331e+03	+8.147e+03	+1.092e+04	+0.778
184.500	+2.057e+03	+7.695e+03	+9.491e+03	+0.789
184.600	+2.508e+03	+7.236e+03	+9.846e+03	+0.743
184.700	+1.601e+03	+8.874e+03	+1.061e+04	+0.847
184.800	+1.864e+03	+8.483e+03	+8.460e+03	+0.820
184.900	+6.927e+02	+7.438e+03	+1.066e+04	+0.915
185.000	+1.720e+03	+7.769e+03	+1.045e+04	+0.819
185.100	+2.421e+03	+7.758e+03	+9.305e+03	+0.762
185.200	+2.150e+03	+7.461e+03	+9.517e+03	+0.776
185.300	+1.490e+03	+7.714e+03	+1.065e+04	+0.838
185.400	+2.468e+03	+7.196e+03	+9.993e+03	+0.745
185.500	+1.810e+03	+9.265e+03	+1.064e+04	+0.837
185.600	+1.463e+03	+7.492e+03	+9.345e+03	+0.837
185.700	+7.865e+02	+8.197e+03	+1.058e+04	+0.912
185.800	+2.450e+03	+7.615e+03	+1.031e+04	+0.757
185.900	+2.171e+03	+7.918e+03	+1.119e+04	+0.785
186.000	+1.504e+03	+8.403e+03	+1.175e+04	+0.848
186.100	+1.600e+03	+6.440e+03	+1.065e+04	+0.801
186.200	+2.867e+03	+8.563e+03	+1.018e+04	+0.749
186.300	+2.717e+03	+8.728e+03	+1.128e+04	+0.763
186.400	+1.788e+03	+7.535e+03	+1.012e+04	+0.808
186.500	+1.785e+03	+7.570e+03	+1.053e+04	+0.809
186.600	+1.585e+03	+8.268e+03	+1.049e+04	+0.839
186.700	+2.609e+03	+8.202e+03	+1.020e+04	+0.759
186.800	+3.254e+03	+7.203e+03	+8.814e+03	+0.689
186.900	+1.017e+03	+7.548e+03	+1.045e+04	+0.881
187.000	+3.027e+03	+8.526e+03	+9.556e+03	+0.738
187.100	+2.890e+03	+8.714e+03	+1.057e+04	+0.751
187.200	+2.202e+03	+8.720e+03	+8.689e+03	+0.798
187.300	+2.031e+03	+8.533e+03	+9.647e+03	+0.808
187.400	+2.211e+03	+8.638e+03	+9.173e+03	+0.796
187.500	+1.705e+03	+6.545e+03	+1.048e+04	+0.793
187.600	+3.429e+03	+8.397e+03	+9.686e+03	+0.710
187.700	+1.777e+03	+9.501e+03	+8.861e+03	+0.842
187.800	+2.432e+03	+7.783e+03	+8.101e+03	+0.762
187.900	+3.608e+03	+7.666e+03	+1.033e+04	+0.680
188.000	+1.717e+03	+7.785e+03	+9.024e+03	+0.819
188.100	+1.736e+03	+7.848e+03	+9.378e+03	+0.819
188.200	+2.044e+03	+8.050e+03	+1.053e+04	+0.797
188.300	+1.956e+03	+6.763e+03	+9.155e+03	+0.776
188.400	+1.308e+03	+6.868e+03	+1.045e+04	+0.840
188.500	+2.382e+03	+8.940e+03	+1.101e+04	+0.790
188.600	+2.023e+03	+8.817e+03	+9.388e+03	+0.813
188.700	+1.939e+03	+7.423e+03	+9.946e+03	+0.793
188.800	+2.765e+03	+7.423e+03	+9.116e+03	+0.729
188.900	+2.407e+03	+7.726e+03	+8.962e+03	+0.762
189.000	+3.091e+03	+7.994e+03	+1.061e+04	+0.721
189.100	+1.804e+03	+7.820e+03	+1.064e+04	+0.813
189.200	+2.038e+03	+9.553e+03	+9.484e+03	+0.824
189.300	+1.935e+03	+8.041e+03	+9.155e+03	+0.806
189.400	+1.635e+03	+8.996e+03	+1.014e+04	+0.846
189.500	+2.934e+03	+8.340e+03	+1.002e+04	+0.740
189.600	+2.798e+03	+8.727e+03	+9.531e+03	+0.757
189.700	+3.073e+03	+7.530e+03	+9.036e+03	+0.710
189.800	+1.357e+03	+7.303e+03	+1.022e+04	+0.843
189.900	+1.567e+03	+8.076e+03	+1.030e+04	+0.838
190.000	+2.498e+03	+8.327e+03	+9.304e+03	+0.769
190.100	+2.680e+03	+8.071e+03	+1.051e+04	+0.751
190.200	+2.994e+03	+7.219e+03	+9.879e+03	+0.707
190.300	+2.761e+03	+7.643e+03	+1.136e+04	+0.735
190.400	+1.726e+03	+7.507e+03	+9.995e+03	+0.813
190.500	+1.756e+03	+7.182e+03	+9.523e+03	+0.803
190.600	+2.295e+03	+8.331e+03	+1.039e+04	+0.784
190.700	+2.849e+03	+8.491e+03	+1.025e+04	+0.749
190.800	+1.586e+03	+7.818e+03	+9.506e+03	+0.831
190.900	+6.827e+01	+8.055e+03	+9.978e+03	+0.992
191.000	+2.214e+03	+9.041e+03	+9.825e+03	+0.803
191.100	+1.633e+03	+7.863e+03	+1.004e+04	+0.828
191.200	+1.036e+03	+8.287e+03	+1.079e+04	+0.889
191.300	+1.636e+03	+7.978e+03	+1.104e+04	+0.830
191.400	+1.966e+03	+8.648e+03	+1.047e+04	+0.815
191.500	+2.821e+03	+8.678e+03	+1.082e+04	+0.755
191.600	+1.118e+03	+6.039e+03	+9.500e+03	+0.844
191.700	+2.022e+03	+8.822e+03	+1.028e+04	+0.814
191.800	+2.435e+03	+9.062e+03	+1.051e+04	+0.788
191.900	+2.517e+03	+8.413e+03	+9.776e+03	+0.770
192.000	+1.707e+03	+9.060e+03	+1.061e+04	+0.841
192.100	+1.314e+03	+7.673e+03	+8.573e+03	+0.854
192.200	+1.899e+03	+7.754e+03	+9.729e+03	+0.803
192.300	+2.105e+03	+6.608e+03	+1.094e+04	+0.758
192.400	+2.766e+03	+6.803e+03	+9.838e+03	+0.711
192.500	+2.044e+03	+8.161e+03	+9.302e+03	+0.800
192.600	+1.971e+03	+8.605e+03	+9.806e+03	+0.814
192.700	+1.645e+03	+7.190e+03	+9.267e+03	+0.814
192.800	+2.544e+03	+9.036e+03	+1.012e+04	+0.780
192.900	+1.722e+03	+7.381e+03	+1.053e+04	+0.811
193.000	+3.394e+03	+8.140e+03	+1.035e+04	+0.706
193.100	+1.791e+03	+8.840e+03	+1.081e+04	+0.832
193.200	+2.284e+03	+8.107e+03	+1.077e+04	+0.780
193.300	+1.901e+03	+7.554e+03	+1.045e+04	+0.799
193.400	+1.614e+02	+7.765e+03	+1.089e+04	+0.980
193.500	+1.979e+03	+7.488e+03	+1.053e+04	+0.791
193.600	+1.557e+03	+7.368e+03	+9.905e+03	+0.826
193.700	+2.089e+03	+7.914e+03	+1.059e+04	+0.791
193.800	+1.843e+03	+6.982e+03	+1.056e+04	+0.791
193.900	+1.971e+03	+8.360e+03	+9.732e+03	+0.809
194.000	+1.479e+03	+6.758e+03	+1.082e+04	+0.820
194.100	+3.378e+03	+6.699e+03	+1.053e+04	+0.665
194.200	+2.449e+03	+7.767e+03	+1.006e+04	+0.760
194.300	+2.595e+03	+8.203e+03	+1.039e+04	+0.760
194.400	+1.898e+03	+8.492e+03	+8.680e+03	+0.817
194.500	+8.586e+02	+7.930e+03	+9.424e+03	+0.902
194.600	+2.200e+03	+6.963e+03	+1.038e+04	+0.760
194.700	+1.251e+03	+7.489e+03	+8.672e+03	+0.857
194.800	+2.181e+03	+8.080e+03	+9.094e+03	+0.787
194.900	+9.203e+02	+7.507e+03	+1.055e+04	+0.891
195.000	+2.182e+03	+7.947e+03	+1.120e+04	+0.785
195.100	+2.977e+03	+7.963e+03	+1.019e+04	+0.728
195.200	+1.663e+03	+8.355e+03	+9.685e+03	+0.834
195.300	+7.603e+02	+7.279e+03	+1.042e+04	+0.905
195.400	+2.045e+03	+6.186e+03	+1.040e+04	+0.752
195.500	+2.334e+03	+7.293e+03	+1.074e+04	+0.758
195.600	+2.200e+03	+7.758e+03	+1.001e+04	+0.779
195.700	+1.969e+03	+7.086e+03	+1.031e+04	+0.783
195.800	+2.786e+03	+7.739e+03	+1.083e+04	+0.735
195.900	+2.001e+03	+8.510e+03	+1.083e+04	+0.810
196.000	+2.908e+03	+8.295e+03	+1.040e+04	+0.740
196.100	+2.398e+03	+8.321e+03	+8.808e+03	+0.776
196.200	+9.749e+02	+8.326e+03	+9.103e+03	+0.895
196.300	+2.822e+03	+6.556e+03	+1.052e+04	+0.699
196.400	+4.126e+03	+8.225e+03	+1.020e+04	+0.666
196.500	+2.007e+03	+7.743e+03	+9.799e+03	+0.794
196.600	+3.923e+03	+9.035e+03	+9.780e+03	+0.697
196.700	+1.166e+03	+8.149e+03	+1.104e+04	+0.875
196.800	+1.396e+03	+8.296e+03	+8.919e+03	+0.856
196.900	+2.138e+03	+8.193e+03	+9.753e+03	+0.793
197.000	+2.487e+03	+8.005e+03	+9.729e+03	+0.763
197.100	+2.826e+03	+6.377e+03	+1.058e+04	+0.693
197.200	+2.136e+03	+8.263e+03	+9.622e+03	+0.795
197.300	+1.566e+03	+7.907e+03	+1.080e+04	+0.835
197.400	+1.277e+03	+8.266e+03	+9.795e+03	+0.866
197.500	+1.630e+03	+7.326e+03	+1.024e+04	+0.818
197.600	+1.814e+01	+8.369e+03	+1.093e+04	+0.998
197.700	+2.822e+03	+7.000e+03	+1.007e+04	+0.713
197.800	+1.684e+03	+8.349e+03	+9.710e+03	+0.832
197.900	+1.505e+03	+9.141e+03	+1.019e+04	+0.859
198.000	+2.347e+03	+8.130e+03	+9.484e+03	+0.776
198.100	+1.082e+03	+6.787e+03	+1.089e+04	+0.863
198.200	+2.522e+03	+7.429e+03	+1.021e+04	+0.747
198.300	+2.188e+03	+7.709e+03	+9.840e+03	+0.779
198.400	+1.566e+03	+8.012e+03	+9.724e+03	+0.836
198.500	+2.801e+03	+8.436e+03	+9.017e+03	+0.751
198.600	+1.635e+03	+7.374e+03	+1.036e+04	+0.819
198.700	+2.261e+03	+7.432e+03	+1.073e+04	+0.767
198.800	+2.054e+03	+7.929e+03	+9.281e+03	+0.794
198.900	+2.324e+03	+8.157e+03	+9.144e+03	+0.778
199.000	+2.356e+03	+6.600e+03	+9.677e+03	+0.737
199.100	+2.620e+03	+7.098e+03	+9.774e+03	+0.730
199.200	+1.443e+03	+8.213e+03	+1.015e+04	+0.851
199.300	+2.783e+03	+7.042e+03	+1.018e+04	+0.717
199.400	+1.876e+03	+7.859e+03	+1.048e+04	+0.807
199.500	+8.695e+02	+8.324e+03	+1.039e+04	+0.905
199.600	+2.380e+03	+8.657e+03	+9.349e+03	+0.784
199.700	+1.839e+03	+6.632e+03	+1.187e+04	+0.783
199.800	+1.892e+03	+8.112e+03	+1.063e+04	+0.811
199.900	+2.032e+03	+8.299e+03	+8.757e+03	+0.803
200.000	+2.900e+03	+8.241e+03	+9.838e+03	+0.740
200.100	+1.125e+03	+7.986e+03	+9.956e+03	+0.877
200.200	+6.567e+02	+7.582e+03	+1.043e+04	+0.920
200.300	+1.869e+03	+8.298e+03	+1.036e+04	+0.816
200.400	+3.623e+03	+7.270e+03	+8.371e+03	+0.667
200.500	+2.082e+03	+8.357e+03	+9.682e+03	+0.801
200.600	+7.551e+02	+7.647e+03	+1.065e+04	+0.910
200.700	+1.747e+03	+7.404e+03	+1.058e+04	+0.809
200.800	+1.931e+03	+8.818e+03	+1.038e+04	+0.820
200.900	+2.509e+03	+7.142e+03	+9.272e+03	+0.740
201.000	+1.740e+03	+7.771e+03	+9.597e+03	+0.817
201.100	+9.880e+02	+8.876e+03	+9.347e+03	+0.900
201.200	+1.780e+03	+7.067e+03	+9.304e+03	+0.799
201.300	+1.989e+03	+7.466e+03	+1.021e+04	+0.790
201.400	+2.100e+03	+8.476e+03	+1.071e+04	+0.801
201.500	+2.687e+03	+7.706e+03	+1.051e+04	+0.741
201.600	+1.536e+03	+8.197e+03	+8.603e+03	+0.842
201.700	+2.038e+03	+7.280e+03	+1.028e+04	+0.781
201.800	+2.170e+03	+7.451e+03	+1.018e+04	+0.774
201.900	+1.533e+03	+8.441e+03	+8.986e+03	+0.846
202.000	+1.840e+03	+8.702e+03	+9.803e+03	+0.825
202.100	+2.193e+03	+6.613e+03	+1.050e+04	+0.751
202.200	+9.676e+02	+9.193e+03	+1.082e+04	+0.905
202.300	+2.439e+03	+8.387e+03	+1.036e+04	+0.775
202.400	+2.482e+03	+8.316e+03	+1.032e+04	+0.770
202.500	+2.156e+03	+8.345e+03	+1.054e+04	+0.795
202.600	+2.581e+03	+7.603e+03	+1.066e+04	+0.747
202.700	+1.625e+03	+7.345e+03	+9.676e+03	+0.819
202.800	+2.788e+03	+6.960e+03	+1.097e+04	+0.714
202.900	+1.920e+03	+7.748e+03	+1.017e+04	+0.801
203.000	+2.285e+03	+7.486e+03	+1.031e+04	+0.766
203.100	+2.620e+03	+7.783e+03	+9.710e+03	+0.748
203.200	+2.958e+03	+8.011e+03	+1.045e+04	+0.730
203.300	+2.129e+03	+8.263e+03	+1.121e+04	+0.795
203.400	+2.319e+03	+8.257e+03	+9.373e+03	+0.781
203.500	+1.285e+03	+7.974e+03	+1.013e+04	+0.861
203.600	+1.599e+03	+7.698e+03	+1.036e+04	+0.828
203.700	+2.017e+03	+7.561e+03	+9.561e+03	+0.789
203.800	+1.382e+03	+7.134e+03	+9.404e+03	+0.838
203.900	+1.071e+03	+7.712e+03	+1.110e+04	+0.878
204.000	+2.385e+03	+8.415e+03	+8.925e+03	+0.779
204.100	+3.418e+03	+7.517e+03	+9.564e+03	+0.687
204.200	+1.795e+03	+7.659e+03	+8.746e+03	+0.810
204.300	+3.117e+03	+8.618e+03	+1.069e+04	+0.734
204.400	+1.548e+03	+8.093e+03	+1.036e+04	+0.839
204.500	+1.462e+03	+7.863e+03	+9.273e+03	+0.843
204.600	+2.947e+03	+7.345e+03	+9.080e+03	+0.714
204.700	+1.155e+02	+8.811e+03	+9.548e+03	+0.987
204.800	+2.103e+03	+8.530e+03	+9.467e+03	+0.802
204.900	+2.415e+03	+8.246e+03	+1.011e+04	+0.774
205.000	+3.212e+03	+8.195e+03	+9.254e+03	+0.718
205.100	+1.146e+03	+8.164e+03	+1.038e+04	+0.877
205.200	+3.368e+03	+7.278e+03	+1.028e+04	+0.684
205.300	+1.793e+03	+8.676e+03	+9.328e+03	+0.829
205.400	+2.553e+03	+7.744e+03	+9.616e+03	+0.752
205.500	+1.299e+03	+7.874e+03	+9.710e+03	+0.858
205.600	+2.100e+03	+8.313e+03	+8.914e+03	+0.798
205.700	+1.506e+03	+8.656e+03	+1.050e+04	+0.852
205.800	+1.352e+03	+8.212e+03	+9.476e+03	+0.859
205.900	+1.515e+03	+9.226e+03	+9.189e+03	+0.859
206.000	+1.631e+03	+6.943e+03	+9.559e+03	+0.810
206.100	+1.993e+03	+8.430e+03	+1.056e+04	+0.809
206.200	+2.648e+03	+8.005e+03	+1.109e+04	+0.751
206.300	+1.490e+03	+7.206e+03	+9.215e+03	+0.829
206.400	+1.586e+03	+7.921e+03	+1.151e+04	+0.833
206.500	+1.596e+03	+8.132e+03	+1.138e+04	+0.836
206.600	+1.934e+03	+8.115e+03	+8.477e+03	+0.808
206.700	+2.501e+03	+8.194e+03	+1.095e+04	+0.766
206.800	+1.824e+03	+7.966e+03	+9.767e+03	+0.814
206.900	+2.914e+03	+8.447e+03	+9.459e+03	+0.744
