%t (s)	Idd (a.u.)	Ida (a.u.)	Iaa (a.u.)	FRET E
0.000	+7.337e+03	+2.897e+03	+1.040e+04	+0.283
0.100	+7.295e+03	+2.661e+03	+9.839e+03	+0.267
0.200	+8.301e+03	+2.742e+03	+1.014e+04	+0.248
0.300	+7.928e+03	+2.215e+03	+1.013e+04	+0.218
0.400	+7.002e+03	+2.088e+03	+1.031e+04	+0.230
0.500	+8.070e+03	+3.501e+03	+1.033e+04	+0.303
0.600	+7.606e+03	+3.329e+03	+1.120e+04	+0.304
0.700	+5.913e+03	+7.476e+02	+9.393e+03	+0.112
0.800	+6.782e+03	+3.146e+03	+1.046e+04	+0.317
0.900	+8.068e+03	+1.419e+03	+9.593e+03	+0.150
1.000	+6.415e+03	+1.736e+03	+1.011e+04	+0.213
1.100	+6.840e+03	+2.528e+03	+1.038e+04	+0.270
1.200	+8.920e+03	+2.163e+03	+1.027e+04	+0.195
1.300	+8.164e+03	+3.509e+03	+1.081e+04	+0.301
1.400	+7.414e+03	+1.394e+03	+9.579e+03	+0.158
1.500	+8.241e+03	+2.944e+03	+1.185e+04	+0.263
1.600	+7.231e+03	+3.645e+03	+9.374e+03	+0.335
1.700	+7.118e+03	+4.233e+03	+9.406e+03	+0.373
1.800	+9.007e+03	+3.222e+03	+1.049e+04	+0.263
1.900	+8.597e+03	+2.945e+03	+1.147e+04	+0.255
2.000	+8.684e+03	+2.051e+03	+1.001e+04	+0.191
2.100	+6.147e+03	+1.903e+03	+1.049e+04	+0.236
2.200	+7.045e+03	+2.303e+03	+1.011e+04	+0.246
2.300	+6.867e+03	+3.170e+03	+1.006e+04	+0.316
2.400	+8.262e+03	+1.411e+03	+9.557e+03	+0.146
2.500	+7.366e+03	+2.613e+03	+9.405e+03	+0.262
2.600	+8.388e+03	+2.118e+03	+9.388e+03	+0.202
2.700	+7.818e+03	+3.056e+03	+8.754e+03	+0.281
2.800	+8.126e+03	+3.108e+03	+1.044e+04	+0.277
2.900	+7.171e+03	+1.984e+03	+1.089e+04	+0.217
3.000	+7.935e+03	+1.882e+03	+9.627e+03	+0.192
3.100	+6.500e+03	+1.806e+03	+1.090e+04	+0.217
3.200	+6.283e+03	+2.862e+03	+1.033e+04	+0.313
3.300	+8.190e+03	+1.589e+03	+9.913e+03	+0.162
3.400	+8.235e+03	+3.470e+03	+1.055e+04	+0.296
3.500	+8.419e+03	+2.670e+03	+1.048e+04	+0.241
3.600	+6.755e+03	+2.654e+03	+1.171e+04	+0.282
3.700	+7.607e+03	+2.302e+03	+1.068e+04	+0.232
3.800	+7.529e+03	+1.248e+03	+9.277e+03	+0.142
3.900	+8.915e+03	+4.276e+03	+9.538e+03	+0.324
4.000	+8.772e+03	+2.508e+03	+9.562e+03	+0.222
4.100	+7.487e+03	+3.307e+03	+9.563e+03	+0.306
4.200	+6.972e+03	+2.427e+03	+9.701e+03	+0.258
4.300	+7.827e+03	+1.683e+03	+1.015e+04	+0.177
4.400	+6.040e+03	+3.183e+03	+1.051e+04	+0.345
4.500	+6.541e+03	+1.624e+03	+9.758e+03	+0.199
4.600	+7.173e+03	+2.713e+03	+9.366e+03	+0.274
4.700	+8.284e+03	+2.147e+03	+1.047e+04	+0.206
4.800	+6.949e+03	+2.143e+03	+1.072e+04	+0.236
4.900	+7.783e+03	+1.961e+03	+9.657e+03	+0.201
5.000	+7.554e+03	+3.528e+03	+9.397e+03	+0.318
5.100	+6.681e+03	+2.941e+03	+1.048e+04	+0.306
5.200	+7.045e+03	+4.191e+03	+1.063e+04	+0.373
5.300	+1.306e+03	+6.951e+03	+1.038e+04	+0.842
5.400	+1.132e+03	+8.254e+03	+1.026e+04	+0.879
5.500	+2.332e+03	+7.365e+03	+1.064e+04	+0.760
5.600	+2.805e+03	+6.881e+03	+9.995e+03	+0.710
5.700	+1.234e+03	+8.088e+03	+9.353e+03	+0.868
5.800	+1.200e+03	+7.495e+03	+1.008e+04	+0.862
5.900	+3.176e+03	+6.304e+03	+9.995e+03	+0.665
6.000	+2.087e+03	+8.653e+03	+1.059e+04	+0.806
6.100	+3.139e+03	+8.463e+03	+9.777e+03	+0.729
6.200	+2.075e+03	+7.732e+03	+1.092e+04	+0.788
6.300	+1.663e+03	+9.572e+03	+9.202e+03	+0.852
6.400	+4.458e+03	+4.638e+03	+9.854e+03	+0.510
6.500	+4.655e+03	+5.518e+03	+1.051e+04	+0.542
6.600	+5.556e+03	+5.083e+03	+1.047e+04	+0.478
6.700	+5.602e+03	+4.375e+03	+9.133e+03	+0.439
6.800	+4.739e+03	+6.591e+03	+1.086e+04	+0.582
6.900	+4.124e+03	+5.399e+03	+1.039e+04	+0.567
7.000	+4.758e+03	+5.642e+03	+1.047e+04	+0.542
7.100	+5.239e+03	+5.548e+03	+9.650e+03	+0.514
7.200	+3.981e+03	+6.526e+03	+1.028e+04	+0.621
7.300	+5.813e+03	+5.290e+03	+1.056e+04	+0.476
7.400	+4.987e+03	+5.315e+03	+9.052e+03	+0.516
7.500	+5.431e+03	+5.635e+03	+9.587e+03	+0.509
7.600	+4.306e+03	+5.358e+03	+1.139e+04	+0.554
7.700	+6.333e+03	+5.515e+03	+1.031e+04	+0.465
7.800	+5.608e+03	+5.448e+03	+1.106e+04	+0.493
7.900	+3.652e+03	+4.473e+03	+8.359e+03	+0.551
8.000	+4.224e+03	+5.367e+03	+1.100e+04	+0.560
8.100	+4.780e+03	+5.293e+03	+1.078e+04	+0.525
8.200	+4.097e+03	+5.523e+03	+8.635e+03	+0.574
8.300	+3.671e+03	+4.174e+03	+9.866e+03	+0.532
8.400	+4.437e+03	+4.864e+03	+9.868e+03	+0.523
8.500	+5.786e+03	+5.857e+03	+1.075e+04	+0.503
8.600	+4.217e+03	+5.083e+03	+1.033e+04	+0.547
8.700	+5.254e+03	+4.588e+03	+1.056e+04	+0.466
8.800	+6.516e+03	+5.333e+03	+8.862e+03	+0.450
8.900	+4.657e+03	+4.253e+03	+9.365e+03	+0.477
9.000	+5.510e+03	+5.400e+03	+1.113e+04	+0.495
9.100	+5.953e+03	+4.614e+03	+1.030e+04	+0.437
9.200	+8.004e+03	+1.865e+03	+9.205e+03	+0.189
9.300	+7.544e+03	+2.672e+03	+1.160e+04	+0.262
9.400	+6.690e+03	+2.724e+03	+9.713e+03	+0.289
9.500	+7.857e+03	+3.635e+03	+1.026e+04	+0.316
9.600	+8.362e+03	+2.998e+03	+9.743e+03	+0.264
9.700	+8.314e+03	+1.300e+03	+1.017e+04	+0.135
9.800	+7.601e+03	+1.997e+03	+1.015e+04	+0.208
9.900	+7.412e+03	+7.621e+02	+9.226e+03	+0.093
10.000	+5.419e+03	+2.267e+03	+1.016e+04	+0.295
10.100	+7.280e+03	+2.287e+03	+1.063e+04	+0.239
10.200	+7.906e+03	+3.097e+03	+1.166e+04	+0.281
10.300	+7.896e+03	+1.709e+03	+9.569e+03	+0.178
10.400	+6.529e+03	+1.466e+03	+1.098e+04	+0.183
10.500	+7.639e+03	+1.857e+03	+9.678e+03	+0.196
10.600	+6.918e+03	+3.012e+03	+9.901e+03	+0.303
10.700	+7.503e+03	+3.014e+03	+9.599e+03	+0.287
10.800	+5.836e+03	+3.799e+03	+1.004e+04	+0.394
10.900	+5.055e+03	+3.937e+03	+9.135e+03	+0.438
11.000	+5.560e+03	+5.632e+03	+1.085e+04	+0.503
11.100	+5.504e+03	+5.646e+03	+1.120e+04	+0.506
11.200	+4.535e+03	+4.954e+03	+1.005e+04	+0.522
11.300	+8.603e+03	+8.839e+02	+9.484e+03	+0.093
11.400	+7.430e+03	+2.123e+03	+9.014e+03	+0.222
11.500	+7.047e+03	+2.029e+03	+9.718e+03	+0.224
11.600	+7.901e+03	+1.642e+03	+1.012e+04	+0.172
11.700	+7.697e+03	+2.417e+03	+8.894e+03	+0.239
11.800	+6.338e+03	+2.244e+03	+1.007e+04	+0.262
11.900	+7.676e+03	+1.336e+03	+9.985e+03	+0.148
12.000	+8.660e+03	+1.543e+03	+1.102e+04	+0.151
12.100	+7.191e+03	+1.856e+03	+9.486e+03	+0.205
12.200	+7.637e+03	+2.130e+03	+1.114e+04	+0.218
12.300	+7.877e+03	+3.324e+03	+8.636e+03	+0.297
12.400	+8.118e+03	+2.522e+03	+1.114e+04	+0.237
12.500	+6.955e+03	+2.476e+03	+1.021e+04	+0.263
12.600	+7.187e+03	+1.748e+03	+1.049e+04	+0.196
12.700	+8.722e+03	+2.173e+03	+1.035e+04	+0.199
12.800	+6.887e+03	+2.662e+03	+9.220e+03	+0.279
12.900	+7.129e+03	+1.605e+03	+1.011e+04	+0.184
13.000	+7.880e+03	+1.511e+03	+9.871e+03	+0.161
13.100	+6.039e+03	+2.452e+03	+9.993e+03	+0.289
13.200	+7.657e+03	+1.953e+03	+1.051e+04	+0.203
13.300	+7.633e+03	+3.107e+03	+1.043e+04	+0.289
13.400	+7.542e+03	+2.777e+03	+9.811e+03	+0.269
13.500	+6.865e+03	+2.033e+03	+1.024e+04	+0.229
13.600	+7.789e+03	+2.124e+03	+9.464e+03	+0.214
13.700	+8.920e+03	+1.702e+03	+9.867e+03	+0.160
13.800	+7.423e+03	+2.164e+03	+1.073e+04	+0.226
13.900	+7.967e+03	+1.615e+03	+1.009e+04	+0.169
14.000	+7.965e+03	+3.633e+03	+1.096e+04	+0.313
14.100	+7.164e+03	+2.723e+03	+1.016e+04	+0.275
14.200	+6.394e+03	+2.891e+03	+1.056e+04	+0.311
14.300	+7.428e+03	+4.013e+03	+9.967e+03	+0.351
14.400	+7.679e+03	+3.381e+03	+9.502e+03	+0.306
14.500	+8.456e+03	+2.036e+03	+1.009e+04	+0.194
14.600	+8.053e+03	+2.528e+03	+1.001e+04	+0.239
14.700	+7.964e+03	+2.689e+03	+1.120e+04	+0.252
14.800	+7.124e+03	+2.643e+03	+9.649e+03	+0.271
14.900	+6.690e+03	+1.932e+03	+9.782e+03	+0.224
15.000	+6.771e+03	+3.244e+03	+9.285e+03	+0.324
15.100	+6.630e+03	+2.438e+03	+9.770e+03	+0.269
15.200	+8.202e+03	+1.517e+03	+9.547e+03	+0.156
15.300	+7.087e+03	+2.136e+03	+9.708e+03	+0.232
15.400	+7.756e+03	+2.559e+03	+1.001e+04	+0.248
15.500	+7.445e+03	+2.061e+03	+8.861e+03	+0.217
15.600	+7.993e+03	+2.239e+03	+9.669e+03	+0.219
15.700	+7.625e+03	+2.810e+03	+1.016e+04	+0.269
15.800	+7.302e+03	+3.746e+03	+1.072e+04	+0.339
15.900	+8.629e+03	+3.688e+03	+9.576e+03	+0.299
16.000	+7.901e+03	+3.253e+03	+8.292e+03	+0.292
16.100	+7.459e+03	+2.479e+03	+9.756e+03	+0.249
16.200	+8.584e+03	+2.845e+03	+1.039e+04	+0.249
16.300	+9.003e+03	+2.801e+03	+9.994e+03	+0.237
16.400	+7.769e+03	+2.023e+03	+1.012e+04	+0.207
16.500	+7.661e+03	+2.655e+03	+1.036e+04	+0.257
16.600	+6.122e+03	+3.745e+03	+9.902e+03	+0.380
16.700	+7.035e+03	+3.006e+03	+1.097e+04	+0.299
16.800	+7.453e+03	+2.342e+03	+1.038e+04	+0.239
16.900	+7.975e+03	+3.788e+03	+9.665e+03	+0.322
17.000	+6.874e+03	+2.828e+03	+9.600e+03	+0.292
17.100	+8.321e+03	+2.909e+03	+1.026e+04	+0.259
17.200	+8.123e+03	+2.453e+03	+1.016e+04	+0.232
17.300	+8.103e+03	+2.534e+03	+9.794e+03	+0.238
17.400	+7.085e+03	+3.002e+03	+1.051e+04	+0.298
17.500	+8.309e+03	+1.569e+03	+1.149e+04	+0.159
17.600	+8.156e+03	+2.269e+03	+9.742e+03	+0.218
17.700	+8.298e+03	+3.286e+03	+1.058e+04	+0.284
17.800	+6.895e+03	+2.070e+03	+9.181e+03	+0.231
17.900	+8.750e+03	+2.644e+03	+1.063e+04	+0.232
18.000	+7.017e+03	+3.054e+03	+1.044e+04	+0.303
18.100	+8.273e+03	+2.546e+03	+9.814e+03	+0.235
18.200	+7.863e+03	+2.205e+03	+1.111e+04	+0.219
18.300	+7.870e+03	+3.484e+03	+8.710e+03	+0.307
18.400	+7.408e+03	+1.201e+03	+9.794e+03	+0.139
18.500	+5.903e+03	+1.447e+03	+1.124e+04	+0.197
18.600	+7.091e+03	+2.694e+03	+1.050e+04	+0.275
18.700	+7.953e+03	+1.211e+03	+9.962e+03	+0.132
18.800	+8.955e+03	+2.775e+03	+1.063e+04	+0.237
18.900	+8.098e+03	+1.826e+03	+1.152e+04	+0.184
19.000	+6.639e+03	+1.806e+03	+1.061e+04	+0.214
19.100	+7.761e+03	+1.906e+03	+8.719e+03	+0.197
19.200	+6.651e+03	+3.005e+03	+9.075e+03	+0.311
19.300	+6.368e+03	+2.661e+03	+8.533e+03	+0.295
19.400	+7.608e+03	+1.746e+03	+9.496e+03	+0.187
19.500	+7.883e+03	+2.724e+03	+1.074e+04	+0.257
19.600	+7.139e+03	+2.008e+03	+9.836e+03	+0.220
19.700	+7.868e+03	+1.616e+03	+9.604e+03	+0.170
19.800	+7.007e+03	+1.920e+03	+1.014e+04	+0.215
19.900	+7.867e+03	+2.483e+03	+9.414e+03	+0.240
20.000	+6.974e+03	+2.720e+03	+9.888e+03	+0.281
20.100	+7.623e+03	+3.210e+03	+8.819e+03	+0.296
20.200	+6.828e+03	+4.864e+03	+9.859e+03	+0.416
20.300	+7.211e+03	+2.226e+03	+9.813e+03	+0.236
20.400	+5.929e+03	+2.688e+03	+1.050e+04	+0.312
20.500	+7.123e+03	+2.754e+03	+1.061e+04	+0.279
20.600	+6.889e+03	+3.096e+03	+1.004e+04	+0.310
20.700	+8.210e+03	+7.248e+02	+1.038e+04	+0.081
20.800	+8.432e+03	+3.137e+03	+9.866e+03	+0.271
20.900	+7.103e+03	+3.015e+03	+8.507e+03	+0.298
21.000	+7.220e+03	+3.484e+03	+1.064e+04	+0.325
21.100	+7.470e+03	+1.929e+03	+1.001e+04	+0.205
21.200	+7.072e+03	+3.009e+03	+1.049e+04	+0.299
21.300	+6.582e+03	+2.806e+03	+9.878e+03	+0.299
21.400	+7.799e+03	+1.585e+03	+9.815e+03	+0.169
21.500	+8.506e+03	+4.018e+03	+1.046e+04	+0.321
21.600	+7.727e+03	+3.184e+03	+9.973e+03	+0.292
21.700	+7.150e+03	+3.731e+03	+1.083e+04	+0.343
21.800	+8.047e+03	+1.689e+03	+1.110e+04	+0.173
21.900	+8.153e+03	+2.406e+03	+9.818e+03	+0.228
22.000	+6.580e+03	+1.263e+03	+1.034e+04	+0.161
22.100	+6.967e+03	+2.850e+03	+1.044e+04	+0.290
22.200	+6.765e+03	+2.259e+03	+9.618e+03	+0.250
22.300	+7.594e+03	+4.114e+03	+9.960e+03	+0.351
22.400	+7.781e+03	+3.164e+03	+9.401e+03	+0.289
22.500	+6.153e+03	+1.556e+03	+9.776e+03	+0.202
22.600	+7.527e+03	+2.420e+03	+8.693e+03	+0.243
22.700	+7.727e+03	+3.240e+03	+8.997e+03	+0.295
22.800	+7.172e+03	+2.530e+03	+1.069e+04	+0.261
22.900	+6.493e+03	+2.505e+03	+9.735e+03	+0.278
23.000	+9.278e+03	+2.752e+03	+1.062e+04	+0.229
23.100	+7.248e+03	+2.027e+03	+9.505e+03	+0.219
23.200	+7.529e+03	+1.651e+03	+9.571e+03	+0.180
23.300	+7.013e+03	+2.399e+03	+9.791e+03	+0.255
23.400	+7.952e+03	+4.303e+03	+1.027e+04	+0.351
23.500	+6.976e+03	+2.689e+03	+9.722e+03	+0.278
23.600	+7.671e+03	+3.164e+03	+9.819e+03	+0.292
23.700	+7.811e+03	+1.761e+03	+9.727e+03	+0.184
23.800	+7.904e+03	+2.960e+03	+1.002e+04	+0.272
23.900	+6.453e+03	+3.444e+03	+1.124e+04	+0.348
24.000	+8.519e+03	+2.742e+03	+9.185e+03	+0.243
24.100	+7.355e+03	+3.402e+03	+9.856e+03	+0.316
24.200	+6.274e+03	+3.449e+03	+1.006e+04	+0.355
24.300	+7.787e+03	+2.284e+03	+8.791e+03	+0.227
24.400	+8.292e+03	+4.069e+03	+1.013e+04	+0.329
24.500	+7.539e+03	+3.310e+03	+1.065e+04	+0.305
24.600	+7.213e+03	+2.727e+03	+9.667e+03	+0.274
24.700	+7.080e+03	+1.666e+03	+1.017e+04	+0.190
24.800	+8.764e+03	+1.825e+03	+9.670e+03	+0.172
24.900	+8.289e+03	+2.417e+03	+1.106e+04	+0.226
25.000	+6.851e+03	+2.873e+03	+9.501e+03	+0.295
25.100	+8.229e+03	+1.029e+03	+1.011e+04	+0.111
25.200	+5.607e+03	+2.519e+03	+1.015e+04	+0.310
25.300	+7.203e+03	+1.831e+03	+1.052e+04	+0.203
25.400	+7.372e+03	+2.326e+03	+9.914e+03	+0.240
25.500	+8.475e+03	+2.648e+03	+9.168e+03	+0.238
25.600	+7.137e+03	+2.122e+03	+9.961e+03	+0.229
25.700	+7.004e+03	+1.605e+03	+1.018e+04	+0.186
25.800	+7.042e+03	+2.894e+03	+1.021e+04	+0.291
25.900	+6.358e+03	+2.259e+03	+9.624e+03	+0.262
26.000	+8.132e+03	+2.408e+03	+9.922e+03	+0.229
26.100	+7.013e+03	+2.329e+03	+9.023e+03	+0.249
26.200	+8.126e+03	+1.741e+03	+9.754e+03	+0.176
26.300	+6.622e+03	+1.895e+03	+1.038e+04	+0.223
26.400	+7.205e+03	+2.847e+03	+1.080e+04	+0.283
26.500	+7.066e+03	+1.702e+03	+9.813e+03	+0.194
26.600	+6.794e+03	+2.405e+03	+9.870e+03	+0.261
26.700	+6.966e+03	+2.620e+03	+1.100e+04	+0.273
26.800	+7.429e+03	+2.482e+03	+9.875e+03	+0.250
26.900	+6.830e+03	+2.720e+03	+9.278e+03	+0.285
27.000	+6.345e+03	+2.599e+03	+1.018e+04	+0.291
27.100	+8.844e+03	+2.627e+03	+9.990e+03	+0.229
27.200	+7.731e+03	+1.993e+03	+8.678e+03	+0.205
27.300	+7.981e+03	+2.433e+03	+9.105e+03	+0.234
27.400	+7.326e+03	+2.569e+03	+1.003e+04	+0.260
27.500	+8.103e+03	+2.710e+03	+9.872e+03	+0.251
27.600	+7.477e+03	+3.002e+03	+9.820e+03	+0.287
27.700	+6.700e+03	+1.505e+03	+1.072e+04	+0.183
27.800	+7.393e+03	+2.008e+03	+1.039e+04	+0.214
27.900	+5.696e+03	+2.123e+03	+1.026e+04	+0.272
28.000	+8.066e+03	+4.080e+03	+1.040e+04	+0.336
28.100	+7.765e+03	+1.926e+03	+9.859e+03	+0.199
28.200	+7.891e+03	+2.571e+03	+8.772e+03	+0.246
28.300	+7.653e+03	+1.909e+03	+1.012e+04	+0.200
28.400	+7.875e+03	+2.620e+03	+1.111e+04	+0.250
28.500	+6.679e+03	+8.587e+02	+8.920e+03	+0.114
28.600	+8.248e+03	+2.155e+03	+8.512e+03	+0.207
28.700	+7.590e+03	+3.096e+03	+9.337e+03	+0.290
28.800	+8.345e+03	+2.368e+03	+1.084e+04	+0.221
28.900	+7.836e+03	+1.058e+03	+9.073e+03	+0.119
29.000	+7.196e+03	+1.537e+03	+1.057e+04	+0.176
29.100	+7.418e+03	+2.274e+02	+1.027e+04	+0.030
29.200	+6.970e+03	+1.056e+03	+9.355e+03	+0.132
29.300	+7.319e+03	+2.782e+03	+1.151e+04	+0.275
29.400	+7.092e+03	+3.233e+03	+1.037e+04	+0.313
29.500	+8.209e+03	+1.669e+03	+1.010e+04	+0.169
29.600	+7.551e+03	+2.907e+03	+9.749e+03	+0.278
29.700	+8.296e+03	+3.340e+03	+1.038e+04	+0.287
29.800	+7.815e+03	+3.392e+03	+9.520e+03	+0.303
29.900	+7.801e+03	+2.149e+03	+9.914e+03	+0.216
30.000	+8.804e+03	+3.030e+03	+9.433e+03	+0.256
30.100	+7.605e+03	+3.072e+03	+1.058e+04	+0.288
30.200	+7.443e+03	+2.482e+03	+1.080e+04	+0.250
30.300	+7.443e+03	+1.358e+03	+1.095e+04	+0.154
30.400	+6.903e+03	+2.935e+03	+9.445e+03	+0.298
30.500	+8.465e+03	+3.143e+03	+9.450e+03	+0.271
30.600	+7.877e+03	+2.954e+03	+1.030e+04	+0.273
30.700	+6.327e+03	+2.862e+03	+1.046e+04	+0.311
30.800	+6.961e+03	+2.161e+03	+8.823e+03	+0.237
30.900	+7.674e+03	+2.318e+03	+8.810e+03	+0.232
31.000	+7.903e+03	+2.623e+03	+1.106e+04	+0.249
31.100	+8.385e+03	+3.410e+03	+1.025e+04	+0.289
31.200	+6.364e+03	+2.195e+03	+1.053e+04	+0.256
31.300	+6.895e+03	+3.280e+03	+9.856e+03	+0.322
31.400	+7.327e+03	+3.329e+03	+1.006e+04	+0.312
31.500	+7.812e+03	+1.215e+03	+1.109e+04	+0.135
31.600	+8.592e+03	+3.786e+03	+1.119e+04	+0.306
31.700	+6.978e+03	+2.370e+03	+1.072e+04	+0.254
31.800	+7.456e+03	+2.464e+03	+1.008e+04	+0.248
31.900	+7.118e+03	+2.296e+03	+9.764e+03	+0.244
32.000	+6.679e+03	+2.049e+03	+1.062e+04	+0.235
32.100	+7.110e+03	+2.092e+03	+1.040e+04	+0.227
32.200	+6.497e+03	+3.834e+03	+9.436e+03	+0.371
32.300	+8.694e+03	+2.393e+03	+1.084e+04	+0.216
32.400	+7.380e+03	+1.610e+03	+9.785e+03	+0.179
32.500	+7.868e+03	+2.861e+03	+8.665e+03	+0.267
32.600	+7.710e+03	+2.635e+03	+1.142e+04	+0.255
32.700	+7.653e+03	+3.079e+03	+8.314e+03	+0.287
32.800	+7.828e+03	+2.026e+03	+1.051e+04	+0.206
32.900	+6.588e+03	+2.983e+03	+9.928e+03	+0.312
33.000	+7.299e+03	+2.967e+03	+8.838e+03	+0.289
33.100	+7.971e+03	+2.456e+03	+1.032e+04	+0.236
33.200	+7.520e+03	+3.369e+03	+9.837e+03	+0.309
33.300	+8.389e+03	+4.536e+03	+1.037e+04	+0.351
33.400	+7.426e+03	+1.683e+03	+1.056e+04	+0.185
33.500	+7.737e+03	+2.538e+03	+9.685e+03	+0.247
33.600	+7.250e+03	+2.614e+03	+8.903e+03	+0.265
33.700	+6.683e+03	+1.323e+03	+9.254e+03	+0.165
33.800	+8.011e+03	+2.765e+03	+9.073e+03	+0.257
33.900	+7.676e+03	+2.793e+03	+1.018e+04	+0.267
34.000	+6.562e+03	+4.243e+03	+9.081e+03	+0.393
34.100	+7.348e+03	+3.567e+03	+1.093e+04	+0.327
34.200	+6.234e+03	+2.696e+03	+9.229e+03	+0.302
34.300	+7.756e+03	+2.402e+03	+9.726e+03	+0.236
34.400	+7.559e+03	+3.541e+03	+9.726e+03	+0.319
34.500	+8.030e+03	+2.214e+03	+1.005e+04	+0.216
34.600	+6.190e+03	+3.064e+03	+1.031e+04	+0.331
34.700	+7.118e+03	+3.549e+03	+8.913e+03	+0.333
34.800	+8.101e+03	+3.158e+03	+1.142e+04	+0.280
34.900	+6.915e+03	+3.020e+03	+1.018e+04	+0.304
35.000	+7.733e+03	+2.867e+03	+1.045e+04	+0.270
35.100	+7.698e+03	+2.340e+03	+1.037e+04	+0.233
35.200	+7.914e+03	+1.369e+03	+9.215e+03	+0.147
35.300	+7.275e+03	+3.101e+03	+9.497e+03	+0.299
35.400	+5.505e+03	+4.101e+03	+9.079e+03	+0.427
35.500	+4.538e+03	+4.096e+03	+8.795e+03	+0.474
35.600	+4.136e+03	+4.682e+03	+1.011e+04	+0.531
35.700	+4.479e+03	+4.824e+03	+1.185e+04	+0.519
35.800	+4.276e+03	+5.205e+03	+9.900e+03	+0.549
35.900	+5.364e+03	+4.807e+03	+9.666e+03	+0.473
36.000	+4.685e+03	+3.400e+03	+9.130e+03	+0.421
36.100	+5.408e+03	+4.636e+03	+8.368e+03	+0.462
36.200	+6.125e+03	+5.273e+03	+9.432e+03	+0.463
36.300	+5.557e+03	+4.248e+03	+9.935e+03	+0.433
36.400	+4.795e+03	+4.225e+03	+9.430e+03	+0.468
36.500	+5.668e+03	+5.520e+03	+9.775e+03	+0.493
36.600	+4.444e+03	+5.061e+03	+9.242e+03	+0.532
36.700	+5.199e+03	+5.609e+03	+9.374e+03	+0.519
36.800	+5.048e+03	+5.795e+03	+9.531e+03	+0.534
36.900	+4.606e+03	+4.563e+03	+1.060e+04	+0.498
37.000	+4.462e+03	+5.568e+03	+1.020e+04	+0.555
37.100	+4.530e+03	+3.920e+03	+9.517e+03	+0.464
37.200	+5.393e+03	+4.929e+03	+1.014e+04	+0.478
37.300	+5.141e+03	+4.418e+03	+8.795e+03	+0.462
37.400	+5.654e+03	+5.215e+03	+8.940e+03	+0.480
37.500	+4.901e+03	+5.233e+03	+9.992e+03	+0.516
37.600	+4.864e+03	+4.681e+03	+9.815e+03	+0.490
37.700	+4.939e+03	+4.020e+03	+1.036e+04	+0.449
37.800	+4.877e+03	+4.112e+03	+9.859e+03	+0.457
37.900	+3.983e+03	+3.982e+03	+8.162e+03	+0.500
38.000	+4.776e+03	+4.438e+03	+9.776e+03	+0.482
38.100	+4.173e+03	+5.065e+03	+9.446e+03	+0.548
38.200	+4.542e+03	+4.863e+03	+8.480e+03	+0.517
38.300	+4.871e+03	+5.074e+03	+9.580e+03	+0.510
38.400	+3.743e+03	+5.986e+03	+1.146e+04	+0.615
38.500	+4.556e+03	+5.359e+03	+1.011e+04	+0.540
38.600	+5.124e+03	+5.073e+03	+9.377e+03	+0.497
38.700	+4.627e+03	+3.366e+03	+1.061e+04	+0.421
38.800	+5.578e+03	+6.111e+03	+9.825e+03	+0.523
38.900	+5.706e+03	+5.672e+03	+9.338e+03	+0.499
39.000	+5.146e+03	+5.271e+03	+9.074e+03	+0.506
39.100	+4.638e+03	+4.563e+03	+9.313e+03	+0.496
39.200	+5.814e+03	+5.532e+03	+1.017e+04	+0.488
39.300	+6.130e+03	+5.706e+03	+9.625e+03	+0.482
39.400	+4.561e+03	+4.913e+03	+9.772e+03	+0.519
39.500	+4.186e+03	+3.283e+03	+1.039e+04	+0.440
39.600	+5.070e+03	+4.950e+03	+8.808e+03	+0.494
39.700	+4.014e+03	+5.842e+03	+1.000e+04	+0.593
39.800	+4.516e+03	+5.541e+03	+9.470e+03	+0.551
39.900	+4.912e+03	+5.977e+03	+9.661e+03	+0.549
40.000	+3.310e+03	+5.102e+03	+1.028e+04	+0.606
40.100	+4.517e+03	+3.471e+03	+1.082e+04	+0.434
40.200	+4.876e+03	+5.025e+03	+1.054e+04	+0.508
40.300	+5.665e+03	+5.567e+03	+1.096e+04	+0.496
40.400	+4.047e+03	+4.828e+03	+1.060e+04	+0.544
40.500	+4.444e+03	+5.410e+03	+1.142e+04	+0.549
40.600	+5.123e+03	+5.063e+03	+1.160e+04	+0.497
40.700	+5.370e+03	+4.106e+03	+9.314e+03	+0.433
40.800	+5.579e+03	+3.872e+03	+9.964e+03	+0.410
40.900	+4.410e+03	+4.657e+03	+9.506e+03	+0.514
41.000	+5.389e+03	+5.460e+03	+9.752e+03	+0.503
41.100	+5.286e+03	+4.368e+03	+9.790e+03	+0.452
41.200	+4.778e+03	+5.961e+03	+1.008e+04	+0.555
41.300	+6.065e+03	+2.963e+03	+9.189e+03	+0.328
41.400	+6.782e+03	+5.464e+03	+1.039e+04	+0.446
41.500	+4.110e+03	+4.220e+03	+1.002e+04	+0.507
41.600	+5.581e+03	+4.821e+03	+1.058e+04	+0.463
41.700	+4.477e+03	+4.047e+03	+8.975e+03	+0.475
41.800	+4.444e+03	+5.230e+03	+9.826e+03	+0.541
41.900	+4.481e+03	+4.334e+03	+1.071e+04	+0.492
42.000	+8.239e+03	+3.678e+03	+1.036e+04	+0.309
42.100	+8.207e+03	+2.428e+03	+1.019e+04	+0.228
42.200	+8.265e+03	+3.023e+03	+8.961e+03	+0.268
42.300	+6.733e+03	+3.013e+03	+9.328e+03	+0.309
42.400	+7.340e+03	+2.767e+03	+1.166e+04	+0.274
42.500	+7.067e+03	+2.818e+03	+1.034e+04	+0.285
42.600	+6.997e+03	+1.713e+03	+9.993e+03	+0.197
42.700	+7.851e+03	+1.729e+03	+9.785e+03	+0.180
42.800	+6.829e+03	+2.515e+03	+1.019e+04	+0.269
42.900	+8.068e+03	+1.986e+03	+8.703e+03	+0.198
43.000	+7.739e+03	+1.951e+03	+1.063e+04	+0.201
43.100	+8.729e+03	+3.356e+03	+1.053e+04	+0.278
43.200	+7.791e+03	+2.474e+03	+1.026e+04	+0.241
43.300	+7.302e+03	+1.703e+03	+9.683e+03	+0.189
43.400	+7.896e+03	+2.934e+03	+1.039e+04	+0.271
43.500	+7.343e+03	+2.424e+03	+9.128e+03	+0.248
43.600	+7.568e+03	+2.673e+03	+1.034e+04	+0.261
43.700	+7.114e+03	+3.212e+03	+1.046e+04	+0.311
43.800	+5.603e+03	+2.837e+03	+1.101e+04	+0.336
43.900	+4.375e+03	+3.627e+03	+1.053e+04	+0.453
44.000	+5.751e+03	+5.847e+03	+9.848e+03	+0.504
44.100	+4.603e+03	+5.669e+03	+9.530e+03	+0.552
44.200	+5.088e+03	+4.191e+03	+9.220e+03	+0.452
44.300	+6.094e+03	+5.775e+03	+1.108e+04	+0.487
44.400	+4.405e+03	+4.807e+03	+1.096e+04	+0.522
44.500	+5.224e+03	+5.375e+03	+1.069e+04	+0.507
44.600	+5.699e+03	+4.666e+03	+9.521e+03	+0.450
44.700	+5.400e+03	+4.515e+03	+8.404e+03	+0.455
44.800	+5.550e+03	+5.122e+03	+1.008e+04	+0.480
44.900	+5.431e+03	+4.495e+03	+9.828e+03	+0.453
45.000	+4.076e+03	+5.206e+03	+9.807e+03	+0.561
45.100	+5.252e+03	+3.945e+03	+1.036e+04	+0.429
45.200	+4.800e+03	+5.526e+03	+1.036e+04	+0.535
45.300	+4.837e+03	+3.696e+03	+1.034e+04	+0.433
45.400	+3.801e+03	+5.385e+03	+1.066e+04	+0.586
45.500	+5.124e+03	+4.708e+03	+1.054e+04	+0.479
45.600	+4.446e+03	+4.401e+03	+1.034e+04	+0.497
45.700	+5.315e+03	+4.394e+03	+9.052e+03	+0.453
45.800	+6.672e+03	+5.675e+03	+9.343e+03	+0.460
45.900	+5.434e+03	+4.061e+03	+1.077e+04	+0.428
46.000	+4.825e+03	+4.837e+03	+1.091e+04	+0.501
46.100	+5.325e+03	+5.815e+03	+1.029e+04	+0.522
46.200	+5.419e+03	+3.874e+03	+9.974e+03	+0.417
46.300	+3.796e+03	+4.972e+03	+1.080e+04	+0.567
46.400	+5.484e+03	+4.739e+03	+1.079e+04	+0.464
46.500	+5.102e+03	+5.048e+03	+1.029e+04	+0.497
46.600	+5.173e+03	+4.498e+03	+1.015e+04	+0.465
46.700	+5.081e+03	+5.187e+03	+1.086e+04	+0.505
46.800	+4.005e+03	+4.326e+03	+1.005e+04	+0.519
46.900	+4.887e+03	+6.283e+03	+1.089e+04	+0.562
47.000	+4.371e+03	+4.398e+03	+9.602e+03	+0.502
47.100	+4.391e+03	+5.229e+03	+1.082e+04	+0.544
47.200	+5.149e+03	+4.860e+03	+1.182e+04	+0.486
47.300	+5.213e+03	+3.998e+03	+1.011e+04	+0.434
47.400	+3.846e+03	+4.523e+03	+9.106e+03	+0.540
47.500	+5.183e+03	+5.458e+03	+1.086e+04	+0.513
47.600	+4.655e+03	+4.552e+03	+1.039e+04	+0.494
47.700	+4.604e+03	+5.145e+03	+9.162e+03	+0.528
47.800	+3.992e+03	+4.678e+03	+1.001e+04	+0.540
47.900	+5.182e+03	+4.937e+03	+9.289e+03	+0.488
48.000	+5.683e+03	+4.065e+03	+9.532e+03	+0.417
48.100	+4.710e+03	+4.154e+03	+9.926e+03	+0.469
48.200	+4.300e+03	+5.037e+03	+1.033e+04	+0.539
48.300	+4.484e+03	+4.654e+03	+1.017e+04	+0.509
48.400	+7.282e+03	+5.466e+03	+9.531e+03	+0.429
48.500	+8.271e+03	+3.264e+03	+8.898e+03	+0.283
48.600	+8.833e+03	+4.140e+03	+9.568e+03	+0.319
48.700	+8.133e+03	+2.775e+03	+9.383e+03	+0.254
48.800	+5.781e+03	+1.521e+03	+9.474e+03	+0.208
48.900	+7.183e+03	+3.446e+03	+9.097e+03	+0.324
49.000	+7.146e+03	+1.982e+03	+9.661e+03	+0.217
49.100	+9.483e+03	+1.832e+03	+1.052e+04	+0.162
49.200	+6.208e+03	+1.583e+03	+9.393e+03	+0.203
49.300	+8.308e+03	+1.786e+03	+9.745e+03	+0.177
49.400	+6.960e+03	+2.788e+03	+1.012e+04	+0.286
49.500	+8.144e+03	+2.882e+03	+9.309e+03	+0.261
49.600	+6.948e+03	+1.136e+03	+1.061e+04	+0.141
49.700	+8.261e+03	+3.840e+03	+9.157e+03	+0.317
49.800	+6.725e+03	+3.192e+03	+1.004e+04	+0.322
49.900	+6.987e+03	+2.505e+03	+1.029e+04	+0.264
50.000	+7.095e+03	+2.610e+03	+9.584e+03	+0.269
50.100	+8.679e+03	+1.999e+03	+9.593e+03	+0.187
50.200	+8.055e+03	+2.839e+03	+9.627e+03	+0.261
50.300	+8.022e+03	+3.259e+03	+1.051e+04	+0.289
50.400	+7.060e+03	+3.243e+03	+1.087e+04	+0.315
50.500	+8.927e+03	+2.398e+03	+1.018e+04	+0.212
50.600	+6.950e+03	+3.447e+03	+9.167e+03	+0.332
50.700	+3.895e+03	+5.435e+03	+1.040e+04	+0.583
50.800	+4.341e+03	+5.038e+03	+9.303e+03	+0.537
50.900	+5.534e+03	+4.763e+03	+1.022e+04	+0.463
51.000	+5.994e+03	+4.741e+03	+9.404e+03	+0.442
51.100	+4.332e+03	+4.463e+03	+1.031e+04	+0.507
51.200	+4.531e+03	+5.426e+03	+9.113e+03	+0.545
51.300	+5.894e+03	+4.531e+03	+1.013e+04	+0.435
51.400	+5.579e+03	+4.794e+03	+1.048e+04	+0.462
51.500	+4.488e+03	+4.354e+03	+9.329e+03	+0.492
51.600	+5.089e+03	+4.794e+03	+1.061e+04	+0.485
51.700	+4.022e+03	+5.151e+03	+1.059e+04	+0.562
51.800	+5.163e+03	+6.514e+03	+9.797e+03	+0.558
51.900	+5.978e+03	+4.973e+03	+9.954e+03	+0.454
52.000	+5.678e+03	+6.065e+03	+1.063e+04	+0.516
52.100	+5.123e+03	+3.785e+03	+1.195e+04	+0.425
52.200	+5.940e+03	+5.166e+03	+9.702e+03	+0.465
52.300	+4.524e+03	+5.307e+03	+1.099e+04	+0.540
52.400	+5.073e+03	+5.493e+03	+9.478e+03	+0.520
52.500	+5.220e+03	+4.011e+03	+1.005e+04	+0.434
52.600	+4.744e+03	+5.808e+03	+9.363e+03	+0.550
52.700	+4.702e+03	+4.692e+03	+8.819e+03	+0.499
52.800	+4.806e+03	+5.104e+03	+9.028e+03	+0.515
52.900	+5.097e+03	+5.691e+03	+1.020e+04	+0.527
53.000	+5.712e+03	+5.577e+03	+1.007e+04	+0.494
53.100	+3.598e+03	+4.890e+03	+1.023e+04	+0.576
53.200	+4.816e+03	+5.315e+03	+1.128e+04	+0.525
53.300	+6.289e+03	+4.373e+03	+8.857e+03	+0.410
53.400	+4.119e+03	+5.191e+03	+1.072e+04	+0.558
53.500	+4.009e+03	+4.212e+03	+9.418e+03	+0.512
53.600	+5.424e+03	+5.515e+03	+1.079e+04	+0.504
53.700	+5.451e+03	+4.991e+03	+9.919e+03	+0.478
53.800	+5.505e+03	+5.104e+03	+8.649e+03	+0.481
53.900	+5.077e+03	+5.977e+03	+1.034e+04	+0.541
54.000	+5.286e+03	+4.991e+03	+1.143e+04	+0.486
54.100	+5.799e+03	+5.109e+03	+9.649e+03	+0.468
54.200	+4.049e+03	+4.417e+03	+9.448e+03	+0.522
54.300	+4.820e+03	+5.326e+03	+1.016e+04	+0.525
54.400	+4.272e+03	+4.514e+03	+9.978e+03	+0.514
54.500	+5.438e+03	+5.346e+03	+1.079e+04	+0.496
54.600	+4.493e+03	+3.790e+03	+9.473e+03	+0.458
54.700	+5.464e+03	+4.640e+03	+1.040e+04	+0.459
54.800	+6.263e+03	+3.696e+03	+1.127e+04	+0.371
54.900	+5.325e+03	+5.729e+03	+9.392e+03	+0.518
55.000	+5.035e+03	+5.244e+03	+1.021e+04	+0.510
55.100	+5.250e+03	+5.185e+03	+1.191e+04	+0.497
55.200	+5.490e+03	+5.019e+03	+9.383e+03	+0.478
55.300	+5.320e+03	+4.266e+03	+1.029e+04	+0.445
55.400	+4.445e+03	+4.521e+03	+9.386e+03	+0.504
55.500	+4.349e+03	+5.389e+03	+1.033e+04	+0.553
55.600	+6.020e+03	+5.667e+03	+1.041e+04	+0.485
55.700	+5.142e+03	+4.650e+03	+1.042e+04	+0.475
55.800	+4.399e+03	+4.673e+03	+1.002e+04	+0.515
55.900	+5.719e+03	+6.220e+03	+9.361e+03	+0.521
56.000	+4.945e+03	+5.600e+03	+1.152e+04	+0.531
56.100	+4.496e+03	+4.847e+03	+1.215e+04	+0.519
56.200	+5.414e+03	+6.321e+03	+1.040e+04	+0.539
56.300	+4.655e+03	+4.036e+03	+1.001e+04	+0.464
56.400	+5.238e+03	+4.799e+03	+9.131e+03	+0.478
56.500	+4.980e+03	+4.662e+03	+1.070e+04	+0.483
56.600	+4.430e+03	+3.865e+03	+1.012e+04	+0.466
56.700	+4.576e+03	+4.220e+03	+1.095e+04	+0.480
56.800	+5.234e+03	+3.906e+03	+9.764e+03	+0.427
56.900	+5.543e+03	+4.907e+03	+1.037e+04	+0.470
57.000	+6.081e+03	+5.172e+03	+1.026e+04	+0.460
57.100	+5.018e+03	+4.463e+03	+9.692e+03	+0.471
57.200	+5.025e+03	+5.086e+03	+9.852e+03	+0.503
57.300	+4.885e+03	+5.514e+03	+9.648e+03	+0.530
57.400	+5.176e+03	+5.285e+03	+1.024e+04	+0.505
57.500	+4.903e+03	+5.673e+03	+1.036e+04	+0.536
57.600	+5.201e+03	+4.631e+03	+9.572e+03	+0.471
57.700	+5.054e+03	+6.357e+03	+1.064e+04	+0.557
57.800	+4.591e+03	+5.744e+03	+9.733e+03	+0.556
57.900	+6.485e+03	+4.414e+03	+1.049e+04	+0.405
58.000	+4.770e+03	+4.250e+03	+1.078e+04	+0.471
58.100	+4.565e+03	+4.442e+03	+9.196e+03	+0.493
58.200	+3.754e+03	+4.897e+03	+1.004e+04	+0.566
58.300	+4.734e+03	+5.286e+03	+9.539e+03	+0.528
58.400	+4.855e+03	+3.898e+03	+1.038e+04	+0.445
58.500	+4.707e+03	+4.786e+03	+9.346e+03	+0.504
58.600	+5.280e+03	+5.177e+03	+9.764e+03	+0.495
58.700	+4.474e+03	+5.825e+03	+9.963e+03	+0.566
58.800	+4.359e+03	+4.152e+03	+1.056e+04	+0.488
58.900	+4.427e+03	+4.489e+03	+9.565e+03	+0.503
59.000	+6.240e+03	+4.412e+03	+1.097e+04	+0.414
59.100	+5.564e+03	+5.385e+03	+9.130e+03	+0.492
59.200	+5.028e+03	+4.973e+03	+9.476e+03	+0.497
59.300	+6.183e+03	+4.898e+03	+9.987e+03	+0.442
59.400	+4.964e+03	+5.318e+03	+9.992e+03	+0.517
59.500	+4.467e+03	+5.929e+03	+9.430e+03	+0.570
59.600	+4.520e+03	+4.729e+03	+1.089e+04	+0.511
59.700	+5.677e+03	+5.424e+03	+9.796e+03	+0.489
59.800	+6.250e+03	+4.135e+03	+1.037e+04	+0.398
59.900	+5.526e+03	+5.261e+03	+1.045e+04	+0.488
60.000	+4.307e+03	+4.581e+03	+1.172e+04	+0.515
60.100	+4.095e+03	+6.467e+03	+1.003e+04	+0.612
60.200	+5.012e+03	+5.874e+03	+1.118e+04	+0.540
60.300	+6.424e+03	+5.186e+03	+9.203e+03	+0.447
60.400	+4.861e+03	+5.576e+03	+1.111e+04	+0.534
60.500	+4.867e+03	+5.768e+03	+1.013e+04	+0.542
60.600	+6.102e+03	+5.053e+03	+9.837e+03	+0.453
60.700	+6.149e+03	+5.189e+03	+1.006e+04	+0.458
60.800	+4.020e+03	+4.975e+03	+1.043e+04	+0.553
60.900	+4.482e+03	+4.465e+03	+8.476e+03	+0.499
61.000	+5.852e+03	+5.333e+03	+9.702e+03	+0.477
61.100	+4.438e+03	+5.235e+03	+9.585e+03	+0.541
61.200	+4.649e+03	+4.428e+03	+1.155e+04	+0.488
61.300	+4.864e+03	+5.414e+03	+9.910e+03	+0.527
61.400	+6.622e+03	+5.081e+03	+9.364e+03	+0.434
61.500	+5.195e+03	+5.587e+03	+9.757e+03	+0.518
61.600	+4.694e+03	+4.754e+03	+8.818e+03	+0.503
61.700	+5.125e+03	+5.054e+03	+1.049e+04	+0.497
61.800	+5.327e+03	+4.161e+03	+9.617e+03	+0.439
61.900	+5.983e+03	+5.708e+03	+1.019e+04	+0.488
62.000	+6.011e+03	+4.659e+03	+1.072e+04	+0.437
62.100	+3.974e+03	+6.167e+03	+1.070e+04	+0.608
62.200	+4.355e+03	+4.576e+03	+1.096e+04	+0.512
62.300	+5.154e+03	+5.680e+03	+9.198e+03	+0.524
62.400	+5.024e+03	+5.469e+03	+9.994e+03	+0.521
62.500	+5.487e+03	+5.471e+03	+9.110e+03	+0.499
62.600	+5.268e+03	+3.736e+03	+9.644e+03	+0.415
62.700	+4.387e+03	+6.076e+03	+1.002e+04	+0.581
62.800	+5.095e+03	+4.579e+03	+8.946e+03	+0.473
62.900	+3.990e+03	+5.285e+03	+8.821e+03	+0.570
63.000	+5.560e+03	+3.510e+03	+9.279e+03	+0.387
63.100	+4.326e+03	+4.906e+03	+9.632e+03	+0.531
63.200	+5.084e+03	+4.457e+03	+9.584e+03	+0.467
63.300	+5.773e+03	+4.126e+03	+9.843e+03	+0.417
63.400	+3.959e+03	+4.990e+03	+1.087e+04	+0.558
63.500	+5.792e+03	+5.340e+03	+9.910e+03	+0.480
63.600	+4.502e+03	+5.285e+03	+9.574e+03	+0.540
63.700	+5.797e+03	+4.207e+03	+1.065e+04	+0.421
63.800	+6.097e+03	+5.156e+03	+1.034e+04	+0.458
63.900	+4.893e+03	+5.345e+03	+9.711e+03	+0.522
64.000	+3.933e+03	+4.400e+03	+9.392e+03	+0.528
64.100	+4.675e+03	+4.798e+03	+9.783e+03	+0.507
64.200	+6.040e+03	+5.036e+03	+1.009e+04	+0.455
64.300	+3.917e+03	+5.637e+03	+9.566e+03	+0.590
64.400	+4.328e+03	+5.331e+03	+9.952e+03	+0.552
64.500	+5.509e+03	+4.688e+03	+1.041e+04	+0.460
64.600	+4.562e+03	+4.782e+03	+1.116e+04	+0.512
64.700	+5.028e+03	+5.032e+03	+9.836e+03	+0.500
64.800	+5.520e+03	+5.072e+03	+1.040e+04	+0.479
64.900	+4.544e+03	+4.352e+03	+1.195e+04	+0.489
65.000	+5.820e+03	+5.257e+03	+9.407e+03	+0.475
65.100	+5.007e+03	+5.791e+03	+9.765e+03	+0.536
65.200	+5.098e+03	+4.685e+03	+1.085e+04	+0.479
65.300	+5.870e+03	+5.684e+03	+9.747e+03	+0.492
65.400	+6.063e+03	+3.903e+03	+9.319e+03	+0.392
65.500	+5.515e+03	+4.756e+03	+1.027e+04	+0.463
65.600	+4.762e+03	+4.510e+03	+8.849e+03	+0.486
65.700	+5.562e+03	+5.693e+03	+1.067e+04	+0.506
65.800	+5.252e+03	+4.000e+03	+1.037e+04	+0.432
65.900	+6.613e+03	+4.682e+03	+1.027e+04	+0.415
66.000	+5.627e+03	+5.799e+03	+9.847e+03	+0.508
66.100	+4.690e+03	+3.600e+03	+1.209e+04	+0.434
66.200	+5.098e+03	+4.281e+03	+1.112e+04	+0.456
66.300	+6.802e+03	+3.522e+03	+1.067e+04	+0.341
66.400	+7.233e+03	+1.819e+03	+9.428e+03	+0.201
66.500	+7.130e+03	+1.637e+03	+9.011e+03	+0.187
66.600	+8.601e+03	+2.001e+03	+1.063e+04	+0.189
66.700	+7.751e+03	+2.040e+03	+9.480e+03	+0.208
66.800	+6.709e+03	+2.660e+03	+1.082e+04	+0.284
66.900	+6.476e+03	+2.645e+03	+1.014e+04	+0.290
67.000	+7.327e+03	+4.113e+03	+1.029e+04	+0.360
67.100	+7.446e+03	+2.349e+03	+9.486e+03	+0.240
67.200	+8.154e+03	+2.123e+03	+1.010e+04	+0.207
67.300	+6.533e+03	+1.704e+03	+9.853e+03	+0.207
67.400	+7.018e+03	+2.888e+03	+9.554e+03	+0.292
67.500	+5.637e+03	+2.457e+03	+1.103e+04	+0.304
67.600	+6.626e+03	+3.188e+03	+1.065e+04	+0.325
67.700	+6.541e+03	+2.603e+03	+1.034e+04	+0.285
67.800	+7.654e+03	+2.336e+03	+1.007e+04	+0.234
67.900	+6.903e+03	+2.976e+03	+9.794e+03	+0.301
68.000	+6.533e+03	+1.140e+03	+9.996e+03	+0.149
68.100	+7.279e+03	+1.689e+03	+9.572e+03	+0.188
68.200	+7.038e+03	+2.036e+03	+8.636e+03	+0.224
68.300	+7.866e+03	+2.651e+03	+1.093e+04	+0.252
68.400	+8.068e+03	+1.860e+03	+1.144e+04	+0.187
68.500	+7.620e+03	+2.922e+03	+8.843e+03	+0.277
68.600	+7.605e+03	+2.525e+03	+1.061e+04	+0.249
68.700	+6.512e+03	+3.892e+03	+9.042e+03	+0.374
68.800	+6.073e+03	+2.173e+03	+9.740e+03	+0.264
68.900	+7.907e+03	+3.117e+03	+9.450e+03	+0.283
69.000	+6.227e+03	+3.149e+03	+1.089e+04	+0.336
69.100	+5.967e+03	+2.239e+03	+9.840e+03	+0.273
69.200	+6.752e+03	+1.997e+03	+9.421e+03	+0.228
69.300	+7.049e+03	+3.378e+03	+8.681e+03	+0.324
69.400	+7.157e+03	+3.391e+03	+1.033e+04	+0.322
69.500	+8.128e+03	+2.380e+03	+9.552e+03	+0.227
69.600	+7.281e+03	+2.193e+03	+9.884e+03	+0.231
69.700	+7.199e+03	+3.061e+03	+9.662e+03	+0.298
69.800	+8.099e+03	+2.946e+03	+9.980e+03	+0.267
69.900	+7.423e+03	+3.730e+03	+1.063e+04	+0.334
70.000	+8.139e+03	+1.610e+03	+1.004e+04	+0.165
70.100	+7.016e+03	+2.794e+03	+1.013e+04	+0.285
70.200	+7.154e+03	+3.164e+03	+9.045e+03	+0.307
70.300	+6.089e+03	+3.132e+03	+9.433e+03	+0.340
70.400	+7.945e+03	+1.034e+03	+1.059e+04	+0.115
70.500	+8.303e+03	+2.317e+03	+9.603e+03	+0.218
70.600	+7.630e+03	+2.642e+03	+8.824e+03	+0.257
70.700	+8.367e+03	+1.901e+03	+9.662e+03	+0.185
70.800	+8.648e+03	+3.426e+03	+1.070e+04	+0.284
70.900	+7.971e+03	+3.083e+03	+9.917e+03	+0.279
71.000	+7.307e+03	+1.360e+03	+9.391e+03	+0.157
71.100	+8.086e+03	+3.641e+03	+1.064e+04	+0.310
71.200	+7.474e+03	+2.131e+03	+8.494e+03	+0.222
71.300	+7.038e+03	+1.348e+03	+8.579e+03	+0.161
71.400	+6.572e+03	+2.740e+03	+1.070e+04	+0.294
71.500	+8.245e+03	+2.187e+03	+1.020e+04	+0.210
71.600	+8.684e+03	+9.877e+02	+9.635e+03	+0.102
71.700	+9.160e+03	+2.151e+03	+9.773e+03	+0.190
71.800	+7.387e+03	+3.050e+03	+1.012e+04	+0.292
71.900	+6.403e+03	+1.878e+03	+8.077e+03	+0.227
72.000	+7.802e+03	+2.230e+03	+1.110e+04	+0.222
72.100	+8.055e+03	+2.440e+03	+1.020e+04	+0.233
72.200	+8.803e+03	+2.408e+03	+1.042e+04	+0.215
72.300	+7.971e+03	+1.634e+03	+1.043e+04	+0.170
72.400	+7.872e+03	+2.146e+03	+1.027e+04	+0.214
72.500	+7.017e+03	+1.595e+03	+8.556e+03	+0.185
72.600	+7.005e+03	+2.359e+03	+1.013e+04	+0.252
72.700	+8.140e+03	+1.825e+03	+9.789e+03	+0.183
72.800	+7.355e+03	+2.929e+03	+1.064e+04	+0.285
72.900	+6.143e+03	+2.006e+03	+1.022e+04	+0.246
73.000	+6.911e+03	+2.903e+03	+9.223e+03	+0.296
73.100	+6.755e+03	+1.962e+03	+9.275e+03	+0.225
73.200	+8.284e+03	+2.461e+03	+1.056e+04	+0.229
73.300	+8.097e+03	+3.251e+03	+9.435e+03	+0.286
73.400	+9.083e+03	+3.616e+03	+1.035e+04	+0.285
73.500	+7.511e+03	+1.939e+03	+1.159e+04	+0.205
73.600	+8.477e+03	+2.133e+03	+1.010e+04	+0.201
73.700	+7.577e+03	+3.340e+03	+1.028e+04	+0.306
73.800	+7.115e+03	+3.108e+03	+1.130e+04	+0.304
73.900	+6.958e+03	+3.091e+03	+9.687e+03	+0.308
74.000	+7.757e+03	+3.163e+03	+1.023e+04	+0.290
74.100	+7.118e+03	+1.768e+03	+9.761e+03	+0.199
74.200	+7.419e+03	+3.636e+03	+1.211e+04	+0.329
74.300	+7.520e+03	+3.366e+03	+9.124e+03	+0.309
74.400	+6.667e+03	+3.305e+03	+1.068e+04	+0.331
74.500	+7.211e+03	+2.811e+03	+1.006e+04	+0.280
74.600	+8.522e+03	+1.673e+03	+9.447e+03	+0.164
74.700	+8.341e+03	+1.841e+03	+1.000e+04	+0.181
74.800	+6.993e+03	+2.570e+03	+9.949e+03	+0.269
74.900	+8.139e+03	+3.203e+03	+8.779e+03	+0.282
75.000	+7.999e+03	+1.766e+03	+9.673e+03	+0.181
75.100	+6.567e+03	+3.978e+02	+1.082e+04	+0.057
75.200	+7.594e+03	+2.757e+03	+9.473e+03	+0.266
75.300	+6.906e+03	+1.668e+03	+9.442e+03	+0.195
75.400	+8.081e+03	+2.333e+03	+9.151e+03	+0.224
75.500	+8.102e+03	+1.610e+03	+9.623e+03	+0.166
75.600	+7.967e+03	+1.922e+03	+9.169e+03	+0.194
75.700	+7.399e+03	+4.129e+03	+9.516e+03	+0.358
75.800	+7.098e+03	+3.172e+03	+9.832e+03	+0.309
75.900	+8.383e+03	+2.624e+03	+1.040e+04	+0.238
76.000	+7.865e+03	+2.903e+03	+8.667e+03	+0.270
76.100	+7.532e+03	+2.002e+03	+1.029e+04	+0.210
76.200	+8.498e+03	+1.500e+03	+1.226e+04	+0.150
76.300	+7.228e+03	+3.190e+03	+9.293e+03	+0.306
76.400	+7.295e+03	+1.856e+03	+1.136e+04	+0.203
76.500	+6.528e+03	+2.597e+03	+9.120e+03	+0.285
76.600	+6.253e+03	+2.428e+03	+1.120e+04	+0.280
76.700	+7.263e+03	+2.071e+03	+9.309e+03	+0.222
76.800	+7.033e+03	+2.071e+03	+1.010e+04	+0.227
76.900	+8.386e+03	+2.110e+03	+1.203e+04	+0.201
77.000	+7.006e+03	+2.124e+03	+8.825e+03	+0.233
77.100	+7.855e+03	+1.751e+03	+9.817e+03	+0.182
77.200	+9.491e+03	+2.856e+03	+9.467e+03	+0.231
77.300	+7.814e+03	+2.283e+03	+9.190e+03	+0.226
77.400	+7.497e+03	+1.822e+03	+9.845e+03	+0.196
77.500	+9.392e+03	+2.631e+03	+9.953e+03	+0.219
77.600	+8.086e+03	+4.029e+03	+1.004e+04	+0.333
77.700	+7.755e+03	+1.435e+03	+1.020e+04	+0.156
77.800	+7.457e+03	+1.891e+03	+1.020e+04	+0.202
77.900	+6.598e+03	+1.201e+03	+9.666e+03	+0.154
78.000	+7.315e+03	+1.718e+03	+1.026e+04	+0.190
78.100	+7.137e+03	+2.554e+03	+8.746e+03	+0.264
78.200	+7.682e+03	+2.688e+03	+8.827e+03	+0.259
78.300	+7.632e+03	+2.560e+03	+9.299e+03	+0.251
78.400	+6.033e+03	+2.501e+03	+1.001e+04	+0.293
78.500	+6.973e+03	+2.175e+03	+9.258e+03	+0.238
78.600	+6.961e+03	+1.353e+03	+9.490e+03	+0.163
78.700	+6.757e+03	+2.628e+03	+1.052e+04	+0.280
78.800	+7.046e+03	+2.159e+03	+1.016e+04	+0.235
78.900	+6.328e+03	+1.663e+03	+1.063e+04	+0.208
79.000	+7.801e+03	+2.006e+03	+1.071e+04	+0.205
79.100	+7.789e+03	+3.063e+03	+1.041e+04	+0.282
79.200	+7.621e+03	+2.741e+03	+8.879e+03	+0.264
79.300	+7.671e+03	+3.583e+03	+1.092e+04	+0.318
79.400	+7.327e+03	+1.553e+03	+9.634e+03	+0.175
79.500	+7.654e+03	+2.789e+03	+1.055e+04	+0.267
79.600	+6.789e+03	+3.724e+03	+1.025e+04	+0.354
79.700	+5.424e+03	+2.651e+03	+1.134e+04	+0.328
79.800	+7.334e+03	+1.218e+03	+9.889e+03	+0.142
79.900	+7.451e+03	+2.264e+03	+8.870e+03	+0.233
80.000	+9.168e+03	+3.502e+03	+9.880e+03	+0.276
80.100	+6.825e+03	+3.368e+03	+9.196e+03	+0.330
80.200	+8.171e+03	+2.707e+03	+1.015e+04	+0.249
80.300	+6.992e+03	+2.889e+03	+9.465e+03	+0.292
80.400	+8.598e+03	+2.110e+03	+1.050e+04	+0.197
80.500	+7.124e+03	+1.376e+03	+1.118e+04	+0.162
80.600	+6.938e+03	+3.189e+03	+9.048e+03	+0.315
80.700	+6.803e+03	+2.022e+03	+9.534e+03	+0.229
80.800	+7.452e+03	+2.463e+03	+9.352e+03	+0.248
80.900	+7.920e+03	+3.353e+03	+9.959e+03	+0.297
81.000	+6.578e+03	+2.673e+03	+9.776e+03	+0.289
81.100	+8.098e+03	+2.380e+03	+1.011e+04	+0.227
81.200	+7.716e+03	+3.177e+03	+1.023e+04	+0.292
81.300	+7.215e+03	+3.365e+03	+1.012e+04	+0.318
81.400	+7.222e+03	+2.105e+03	+1.129e+04	+0.226
81.500	+7.160e+03	+2.215e+03	+1.055e+04	+0.236
81.600	+7.353e+03	+4.347e+03	+1.056e+04	+0.372
81.700	+8.663e+03	+1.849e+03	+9.673e+03	+0.176
81.800	+6.857e+03	+1.963e+03	+1.092e+04	+0.223
81.900	+7.657e+03	+2.954e+03	+9.820e+03	+0.278
82.000	+7.416e+03	+2.665e+03	+1.002e+04	+0.264
82.100	+8.084e+03	+2.579e+03	+9.698e+03	+0.242
82.200	+7.750e+03	+1.848e+03	+9.876e+03	+0.193
82.300	+6.949e+03	+2.673e+03	+1.024e+04	+0.278
82.400	+7.573e+03	+3.411e+03	+1.086e+04	+0.311
82.500	+7.654e+03	+2.340e+03	+9.472e+03	+0.234
82.600	+6.386e+03	+2.921e+03	+1.016e+04	+0.314
82.700	+7.104e+03	+2.645e+03	+9.248e+03	+0.271
82.800	+7.348e+03	+2.829e+03	+1.113e+04	+0.278
82.900	+6.698e+03	+1.651e+03	+9.901e+03	+0.198
83.000	+7.661e+03	+1.580e+03	+9.638e+03	+0.171
83.100	+7.812e+03	+3.270e+03	+1.005e+04	+0.295
83.200	+6.460e+03	+2.188e+03	+1.063e+04	+0.253
83.300	+7.513e+03	+3.259e+03	+9.529e+03	+0.303
83.400	+6.435e+03	+2.621e+03	+1.035e+04	+0.289
83.500	+6.502e+03	+2.703e+03	+1.069e+04	+0.294
83.600	+7.893e+03	+3.168e+03	+9.678e+03	+0.286
83.700	+7.289e+03	+2.565e+03	+9.531e+03	+0.260
83.800	+6.370e+03	+1.309e+03	+8.914e+03	+0.170
83.900	+7.576e+03	+1.722e+03	+1.044e+04	+0.185
84.000	+8.152e+03	+2.039e+03	+9.354e+03	+0.200
84.100	+7.211e+03	+3.351e+03	+9.301e+03	+0.317
84.200	+7.312e+03	+3.343e+03	+9.648e+03	+0.314
84.300	+7.222e+03	+2.877e+03	+9.735e+03	+0.285
84.400	+7.344e+03	+1.732e+03	+1.090e+04	+0.191
84.500	+7.707e+03	+2.533e+03	+9.530e+03	+0.247
84.600	+7.396e+03	+2.987e+03	+1.065e+04	+0.288
84.700	+8.427e+03	+2.784e+03	+9.746e+03	+0.248
84.800	+6.776e+03	+3.303e+03	+9.223e+03	+0.328
84.900	+7.225e+03	+2.860e+03	+1.047e+04	+0.284
85.000	+8.453e+03	+2.629e+03	+9.423e+03	+0.237
85.100	+8.291e+03	+2.195e+03	+1.034e+04	+0.209
85.200	+8.737e+03	+2.412e+03	+9.873e+03	+0.216
85.300	+6.812e+03	+2.336e+03	+9.250e+03	+0.255
85.400	+7.155e+03	+1.960e+03	+1.080e+04	+0.215
85.500	+8.040e+03	+2.869e+03	+1.001e+04	+0.263
85.600	+6.995e+03	+3.859e+03	+9.495e+03	+0.356
85.700	+6.885e+03	+3.536e+03	+1.048e+04	+0.339
85.800	+6.770e+03	+2.434e+03	+9.355e+03	+0.264
85.900	+6.108e+03	+1.780e+03	+1.085e+04	+0.226
86.000	+6.913e+03	+1.970e+03	+1.068e+04	+0.222
86.100	+7.262e+03	+2.279e+03	+1.004e+04	+0.239
86.200	+8.600e+03	+4.108e+03	+1.101e+04	+0.323
86.300	+7.324e+03	+1.978e+03	+9.595e+03	+0.213
86.400	+9.797e+03	+2.349e+03	+1.112e+04	+0.193
86.500	+7.363e+03	+2.546e+03	+1.001e+04	+0.257
86.600	+7.891e+03	+2.962e+03	+1.044e+04	+0.273
86.700	+7.033e+03	+2.748e+03	+8.898e+03	+0.281
86.800	+7.033e+03	+3.774e+03	+9.203e+03	+0.349
86.900	+7.245e+03	+2.469e+03	+9.523e+03	+0.254
87.000	+2.126e+03	+7.354e+03	+8.523e+03	+0.776
87.100	+2.253e+03	+7.618e+03	+9.624e+03	+0.772
87.200	+1.700e+03	+9.187e+03	+1.001e+04	+0.844
87.300	+7.699e+02	+7.946e+03	+9.391e+03	+0.912
87.400	+2.305e+03	+6.398e+03	+8.913e+03	+0.735
87.500	+1.926e+03	+1.014e+04	+1.003e+04	+0.840
87.600	+1.763e+03	+8.721e+03	+9.908e+03	+0.832
87.700	+5.648e+02	+8.458e+03	+9.158e+03	+0.937
87.800	+1.869e+03	+8.503e+03	+1.021e+04	+0.820
87.900	+3.261e+03	+8.219e+03	+8.747e+03	+0.716
88.000	+3.386e+03	+8.738e+03	+8.416e+03	+0.721
88.100	+1.834e+03	+9.224e+03	+1.043e+04	+0.834
88.200	+8.013e+02	+8.195e+03	+1.046e+04	+0.911
88.300	+3.246e+03	+8.216e+03	+1.116e+04	+0.717
88.400	+1.929e+03	+7.491e+03	+9.981e+03	+0.795
88.500	+2.398e+03	+7.741e+03	+1.005e+04	+0.763
88.600	+2.087e+03	+8.016e+03	+1.010e+04	+0.793
88.700	+1.149e+03	+9.037e+03	+1.004e+04	+0.887
88.800	+2.528e+03	+7.611e+03	+9.355e+03	+0.751
88.900	+1.508e+03	+9.245e+03	+9.168e+03	+0.860
89.000	+2.689e+03	+8.253e+03	+1.026e+04	+0.754
89.100	+1.792e+03	+8.409e+03	+1.012e+04	+0.824
89.200	+1.409e+03	+7.896e+03	+1.042e+04	+0.849
89.300	+2.330e+03	+7.476e+03	+1.208e+04	+0.762
89.400	+2.600e+03	+8.622e+03	+9.039e+03	+0.768
89.500	+1.955e+03	+7.407e+03	+1.027e+04	+0.791
89.600	+1.256e+03	+7.603e+03	+9.487e+03	+0.858
89.700	+3.949e+03	+8.161e+03	+9.885e+03	+0.674
89.800	+2.679e+03	+8.630e+03	+9.378e+03	+0.763
89.900	+1.743e+03	+7.993e+03	+9.599e+03	+0.821
90.000	+1.623e+03	+8.067e+03	+9.651e+03	+0.832
90.100	+2.615e+03	+8.523e+03	+9.063e+03	+0.765
90.200	+2.579e+03	+8.911e+03	+1.025e+04	+0.776
90.300	+2.454e+03	+7.366e+03	+9.886e+03	+0.750
90.400	+1.993e+03	+8.418e+03	+1.038e+04	+0.809
90.500	+2.644e+03	+6.889e+03	+1.046e+04	+0.723
90.600	+1.769e+03	+7.644e+03	+1.071e+04	+0.812
90.700	+2.375e+03	+7.083e+03	+1.013e+04	+0.749
90.800	+2.286e+03	+7.923e+03	+9.275e+03	+0.776
90.900	+7.335e+02	+7.255e+03	+9.743e+03	+0.908
91.000	+1.568e+03	+8.245e+03	+8.783e+03	+0.840
91.100	+2.472e+03	+9.688e+03	+9.347e+03	+0.797
91.200	+2.641e+03	+8.561e+03	+1.043e+04	+0.764
91.300	+2.094e+03	+7.781e+03	+1.033e+04	+0.788
91.400	+1.685e+03	+7.250e+03	+9.733e+03	+0.811
91.500	+2.725e+03	+8.376e+03	+9.773e+03	+0.755
91.600	+1.985e+03	+8.973e+03	+1.021e+04	+0.819
91.700	+2.615e+03	+9.066e+03	+1.050e+04	+0.776
91.800	+1.549e+03	+9.522e+03	+1.033e+04	+0.860
91.900	+2.584e+03	+7.761e+03	+9.674e+03	+0.750
92.000	+2.533e+03	+8.042e+03	+9.777e+03	+0.761
92.100	+1.863e+03	+8.305e+03	+1.065e+04	+0.817
92.200	+1.179e+03	+8.160e+03	+8.981e+03	+0.874
92.300	+7.631e+02	+7.425e+03	+1.008e+04	+0.907
92.400	+1.773e+03	+8.944e+03	+9.884e+03	+0.835
92.500	+1.476e+03	+7.724e+03	+9.948e+03	+0.840
92.600	+2.474e+03	+7.428e+03	+1.034e+04	+0.750
92.700	+1.003e+03	+8.234e+03	+9.191e+03	+0.891
92.800	+6.036e+03	+4.557e+03	+9.930e+03	+0.430
92.900	+7.580e+03	+2.051e+03	+9.546e+03	+0.213
93.000	+7.921e+03	+1.514e+03	+9.477e+03	+0.160
93.100	+8.224e+03	+9.200e+02	+1.008e+04	+0.101
93.200	+8.259e+03	+2.397e+03	+9.601e+03	+0.225
93.300	+6.730e+03	+2.626e+03	+9.719e+03	+0.281
93.400	+8.053e+03	+2.109e+03	+9.391e+03	+0.208
93.500	+7.500e+03	+2.270e+03	+1.091e+04	+0.232
93.600	+8.205e+03	+2.752e+03	+9.811e+03	+0.251
93.700	+7.411e+03	+1.520e+03	+9.542e+03	+0.170
93.800	+7.533e+03	+1.766e+03	+1.077e+04	+0.190
93.900	+6.739e+03	+1.760e+03	+9.367e+03	+0.207
94.000	+7.642e+03	+1.468e+03	+8.690e+03	+0.161
94.100	+7.154e+03	+2.651e+03	+9.667e+03	+0.270
94.200	+6.306e+03	+2.361e+03	+9.639e+03	+0.272
94.300	+7.270e+03	+2.747e+03	+1.147e+04	+0.274
94.400	+7.627e+03	+2.316e+03	+1.072e+04	+0.233
94.500	+7.286e+03	+1.512e+03	+9.718e+03	+0.172
94.600	+7.692e+03	+1.508e+03	+1.086e+04	+0.164
94.700	+7.767e+03	+2.056e+03	+1.008e+04	+0.209
94.800	+6.398e+03	+2.342e+03	+9.868e+03	+0.268
94.900	+7.957e+03	+2.184e+03	+9.957e+03	+0.215
95.000	+6.552e+03	+3.270e+03	+8.741e+03	+0.333
95.100	+8.173e+03	+2.614e+03	+1.002e+04	+0.242
95.200	+7.632e+03	+1.974e+03	+1.069e+04	+0.205
95.300	+7.937e+03	+2.666e+03	+1.096e+04	+0.251
95.400	+7.045e+03	+2.465e+03	+9.859e+03	+0.259
95.500	+7.388e+03	+3.008e+03	+1.122e+04	+0.289
95.600	+6.676e+03	+2.021e+03	+1.009e+04	+0.232
95.700	+7.675e+03	+2.898e+03	+9.561e+03	+0.274
95.800	+7.502e+03	+3.122e+03	+9.260e+03	+0.294
95.900	+6.956e+03	+2.285e+03	+9.677e+03	+0.247
96.000	+8.599e+03	+1.957e+03	+1.022e+04	+0.185
96.100	+6.396e+03	+1.893e+03	+1.011e+04	+0.228
96.200	+7.608e+03	+1.977e+03	+9.712e+03	+0.206
96.300	+8.019e+03	+2.184e+03	+1.012e+04	+0.214
96.400	+6.991e+03	+2.546e+03	+8.379e+03	+0.267
96.500	+5.723e+03	+1.874e+03	+1.119e+04	+0.247
96.600	+8.612e+03	+2.111e+03	+1.069e+04	+0.197
96.700	+7.008e+03	+2.538e+03	+1.108e+04	+0.266
96.800	+7.188e+03	+1.719e+03	+1.028e+04	+0.193
96.900	+7.790e+03	+1.736e+03	+1.023e+04	+0.182
97.000	+6.188e+03	+2.771e+03	+9.171e+03	+0.309
97.100	+8.126e+03	+1.553e+03	+9.496e+03	+0.160
97.200	+7.118e+03	+3.167e+03	+1.145e+04	+0.308
97.300	+6.995e+03	+1.420e+03	+1.164e+04	+0.169
97.400	+7.780e+03	+3.495e+03	+9.720e+03	+0.310
97.500	+8.648e+03	+2.863e+03	+1.110e+04	+0.249
97.600	+6.642e+03	+2.611e+03	+9.360e+03	+0.282
97.700	+7.509e+03	+2.477e+03	+1.038e+04	+0.248
97.800	+7.446e+03	+1.720e+03	+1.002e+04	+0.188
97.900	+7.174e+03	+1.602e+03	+9.816e+03	+0.183
98.000	+7.576e+03	+2.492e+03	+1.080e+04	+0.248
98.100	+7.808e+03	+2.519e+03	+8.357e+03	+0.244
98.200	+9.086e+03	+3.013e+03	+1.002e+04	+0.249
98.300	+6.122e+03	+2.819e+03	+1.067e+04	+0.315
98.400	+7.544e+03	+2.804e+03	+1.029e+04	+0.271
98.500	+8.102e+03	+2.161e+03	+1.018e+04	+0.211
98.600	+9.693e+03	+1.998e+03	+9.838e+03	+0.171
98.700	+6.774e+03	+2.628e+03	+1.008e+04	+0.279
98.800	+7.666e+03	+1.914e+03	+8.499e+03	+0.200
98.900	+7.274e+03	+1.801e+03	+9.605e+03	+0.198
99.000	+8.658e+03	+1.916e+03	+1.199e+04	+0.181
99.100	+7.286e+03	+2.085e+03	+9.791e+03	+0.222
99.200	+8.063e+03	+1.951e+03	+1.033e+04	+0.195
99.300	+7.390e+03	+2.984e+03	+1.159e+04	+0.288
99.400	+8.850e+03	+3.323e+03	+9.533e+03	+0.273
99.500	+7.566e+03	+2.905e+03	+1.009e+04	+0.277
99.600	+6.895e+03	+2.800e+03	+1.020e+04	+0.289
99.700	+7.194e+03	+2.813e+03	+9.187e+03	+0.281
99.800	+7.008e+03	+2.948e+03	+9.556e+03	+0.296
99.900	+5.910e+03	+1.747e+03	+9.185e+03	+0.228
100.000	+7.219e+03	+3.039e+03	+1.052e+04	+0.296
100.100	+7.714e+03	+2.438e+03	+9.887e+03	+0.240
100.200	+8.171e+03	+2.052e+03	+1.045e+04	+0.201
100.300	+7.027e+03	+1.631e+03	+1.097e+04	+0.188
100.400	+8.562e+03	+2.474e+03	+1.058e+04	+0.224
100.500	+7.413e+03	+1.365e+03	+1.027e+04	+0.155
100.600	+8.116e+03	+3.392e+03	+1.033e+04	+0.295
100.700	+8.069e+03	+3.328e+03	+9.106e+03	+0.292
100.800	+8.539e+03	+2.975e+03	+9.540e+03	+0.258
100.900	+7.376e+03	+1.478e+03	+1.055e+04	+0.167
101.000	+7.596e+03	+2.253e+03	+1.008e+04	+0.229
101.100	+8.822e+03	+2.079e+03	+1.047e+04	+0.191
101.200	+7.435e+03	+3.278e+03	+9.468e+03	+0.306
101.300	+7.579e+03	+3.358e+03	+1.047e+04	+0.307
101.400	+8.104e+03	+1.551e+03	+9.854e+03	+0.161
101.500	+6.541e+03	+4.089e+03	+1.039e+04	+0.385
101.600	+7.449e+03	+2.514e+03	+1.053e+04	+0.252
101.700	+7.681e+03	+1.863e+03	+9.688e+03	+0.195
101.800	+7.303e+03	+2.233e+03	+9.242e+03	+0.234
101.900	+7.387e+03	+2.936e+03	+1.041e+04	+0.284
102.000	+7.446e+03	+1.876e+03	+1.090e+04	+0.201
102.100	+6.972e+03	+3.221e+03	+1.049e+04	+0.316
102.200	+7.215e+03	+3.413e+03	+9.524e+03	+0.321
102.300	+7.494e+03	+1.912e+03	+9.608e+03	+0.203
102.400	+7.859e+03	+9.915e+02	+9.682e+03	+0.112
102.500	+6.917e+03	+2.276e+03	+1.070e+04	+0.248
102.600	+7.380e+03	+3.692e+03	+9.618e+03	+0.333
102.700	+6.677e+03	+2.842e+03	+9.357e+03	+0.299
102.800	+7.340e+03	+2.580e+03	+9.545e+03	+0.260
102.900	+6.668e+03	+3.829e+03	+1.070e+04	+0.365
103.000	+7.467e+03	+3.303e+03	+1.043e+04	+0.307
103.100	+8.723e+03	+1.646e+03	+1.062e+04	+0.159
103.200	+7.897e+03	+3.752e+03	+9.576e+03	+0.322
103.300	+6.824e+03	+2.634e+03	+8.853e+03	+0.279
103.400	+2.741e+03	+8.038e+03	+9.788e+03	+0.746
103.500	+2.595e+03	+8.146e+03	+1.083e+04	+0.758
103.600	+2.252e+03	+7.108e+03	+9.689e+03	+0.759
103.700	+2.128e+03	+6.305e+03	+9.722e+03	+0.748
103.800	+1.540e+03	+7.255e+03	+8.697e+03	+0.825
103.900	+2.441e+03	+7.003e+03	+1.033e+04	+0.741
104.000	+2.809e+03	+7.070e+03	+1.011e+04	+0.716
104.100	+2.099e+03	+8.123e+03	+1.045e+04	+0.795
104.200	+1.624e+03	+7.339e+03	+1.002e+04	+0.819
104.300	+1.375e+03	+7.938e+03	+9.286e+03	+0.852
104.400	+1.625e+03	+8.118e+03	+9.758e+03	+0.833
104.500	+1.587e+03	+9.121e+03	+1.009e+04	+0.852
104.600	+2.327e+03	+8.340e+03	+1.033e+04	+0.782
104.700	+1.899e+03	+8.823e+03	+1.082e+04	+0.823
104.800	+2.044e+03	+8.121e+03	+1.076e+04	+0.799
104.900	+3.004e+03	+7.963e+03	+1.148e+04	+0.726
105.000	+1.898e+03	+8.872e+03	+8.334e+03	+0.824
105.100	+2.538e+03	+7.571e+03	+9.167e+03	+0.749
105.200	+1.738e+03	+6.626e+03	+1.054e+04	+0.792
105.300	+2.544e+03	+8.019e+03	+1.148e+04	+0.759
105.400	+5.631e+02	+7.263e+03	+1.011e+04	+0.928
105.500	+2.472e+03	+9.425e+03	+1.037e+04	+0.792
105.600	+2.896e+03	+7.655e+03	+9.795e+03	+0.726
105.700	+1.966e+03	+9.021e+03	+9.498e+03	+0.821
105.800	+1.891e+03	+8.588e+03	+9.495e+03	+0.820
105.900	+2.582e+03	+8.312e+03	+9.142e+03	+0.763
106.000	+2.459e+03	+7.727e+03	+1.007e+04	+0.759
106.100	+2.086e+03	+9.503e+03	+8.629e+03	+0.820
106.200	+2.286e+03	+7.597e+03	+9.628e+03	+0.769
106.300	+1.657e+03	+7.096e+03	+1.091e+04	+0.811
106.400	+2.407e+03	+7.772e+03	+9.655e+03	+0.764
106.500	+2.276e+03	+7.682e+03	+1.001e+04	+0.771
106.600	+1.855e+03	+8.036e+03	+9.458e+03	+0.812
106.700	+1.790e+03	+8.592e+03	+1.075e+04	+0.828
106.800	+1.888e+03	+7.886e+03	+9.818e+03	+0.807
106.900	+1.598e+03	+8.225e+03	+1.016e+04	+0.837
107.000	+7.198e+03	+5.197e+03	+9.184e+03	+0.419
107.100	+5.548e+03	+5.256e+03	+1.019e+04	+0.487
107.200	+4.552e+03	+4.998e+03	+1.042e+04	+0.523
107.300	+4.766e+03	+5.048e+03	+1.030e+04	+0.514
107.400	+4.741e+03	+4.224e+03	+9.588e+03	+0.471
107.500	+6.284e+03	+5.147e+03	+1.114e+04	+0.450
107.600	+4.621e+03	+6.226e+03	+1.091e+04	+0.574
107.700	+5.394e+03	+4.449e+03	+1.094e+04	+0.452
107.800	+4.163e+03	+4.491e+03	+9.390e+03	+0.519
107.900	+5.265e+03	+6.222e+03	+9.047e+03	+0.542
108.000	+5.483e+03	+6.340e+03	+1.022e+04	+0.536
108.100	+4.406e+03	+5.662e+03	+1.021e+04	+0.562
108.200	+4.621e+03	+5.911e+03	+1.174e+04	+0.561
108.300	+4.486e+03	+4.145e+03	+9.075e+03	+0.480
108.400	+4.851e+03	+5.077e+03	+9.660e+03	+0.511
108.500	+4.649e+03	+5.291e+03	+1.003e+04	+0.532
108.600	+6.229e+03	+5.501e+03	+1.027e+04	+0.469
108.700	+5.170e+03	+4.828e+03	+1.022e+04	+0.483
108.800	+4.944e+03	+5.548e+03	+1.098e+04	+0.529
108.900	+4.199e+03	+5.358e+03	+9.316e+03	+0.561
109.000	+5.171e+03	+5.296e+03	+1.203e+04	+0.506
109.100	+4.594e+03	+6.089e+03	+1.030e+04	+0.570
109.200	+6.244e+03	+4.890e+03	+1.218e+04	+0.439
109.300	+5.254e+03	+5.676e+03	+1.021e+04	+0.519
109.400	+4.533e+03	+5.941e+03	+9.598e+03	+0.567
109.500	+5.361e+03	+3.519e+03	+9.931e+03	+0.396
109.600	+4.718e+03	+4.657e+03	+1.150e+04	+0.497
109.700	+4.080e+03	+4.742e+03	+1.002e+04	+0.538
109.800	+5.067e+03	+5.909e+03	+1.072e+04	+0.538
109.900	+4.703e+03	+4.719e+03	+1.041e+04	+0.501
110.000	+3.895e+03	+4.448e+03	+1.130e+04	+0.533
110.100	+5.054e+03	+5.240e+03	+9.661e+03	+0.509
110.200	+4.361e+03	+5.321e+03	+1.059e+04	+0.550
110.300	+4.658e+03	+6.456e+03	+9.798e+03	+0.581
110.400	+5.891e+03	+5.244e+03	+1.099e+04	+0.471
110.500	+4.601e+03	+5.089e+03	+9.039e+03	+0.525
110.600	+5.526e+03	+5.841e+03	+9.928e+03	+0.514
110.700	+5.098e+03	+4.926e+03	+9.489e+03	+0.491
110.800	+6.357e+03	+4.417e+03	+9.378e+03	+0.410
110.900	+5.111e+03	+5.057e+03	+9.085e+03	+0.497
111.000	+3.788e+03	+3.776e+03	+1.044e+04	+0.499
111.100	+4.654e+03	+4.861e+03	+1.058e+04	+0.511
111.200	+5.478e+03	+5.168e+03	+1.021e+04	+0.485
111.300	+5.472e+03	+4.266e+03	+1.026e+04	+0.438
111.400	+5.333e+03	+5.113e+03	+1.009e+04	+0.489
111.500	+4.599e+03	+5.707e+03	+1.048e+04	+0.554
111.600	+4.670e+03	+6.086e+03	+1.043e+04	+0.566
111.700	+4.977e+03	+6.082e+03	+1.033e+04	+0.550
111.800	+5.567e+03	+5.697e+03	+9.960e+03	+0.506
111.900	+4.450e+03	+3.904e+03	+9.778e+03	+0.467
112.000	+4.371e+03	+3.937e+03	+1.048e+04	+0.474
112.100	+6.208e+03	+5.158e+03	+1.033e+04	+0.454
112.200	+5.194e+03	+2.760e+03	+9.710e+03	+0.347
112.300	+5.531e+03	+5.249e+03	+9.925e+03	+0.487
112.400	+5.230e+03	+4.159e+03	+9.677e+03	+0.443
112.500	+4.078e+03	+5.280e+03	+9.467e+03	+0.564
112.600	+5.678e+03	+3.825e+03	+9.801e+03	+0.403
112.700	+5.435e+03	+4.889e+03	+9.967e+03	+0.474
112.800	+4.274e+03	+4.381e+03	+1.017e+04	+0.506
112.900	+4.271e+03	+6.133e+03	+1.171e+04	+0.589
113.000	+5.288e+03	+5.743e+03	+1.137e+04	+0.521
113.100	+4.485e+03	+5.856e+03	+1.042e+04	+0.566
113.200	+4.448e+03	+5.283e+03	+8.653e+03	+0.543
113.300	+5.462e+03	+6.090e+03	+1.062e+04	+0.527
113.400	+5.996e+03	+5.188e+03	+1.035e+04	+0.464
113.500	+4.990e+03	+4.974e+03	+9.857e+03	+0.499
113.600	+4.957e+03	+5.086e+03	+9.937e+03	+0.506
113.700	+5.353e+03	+5.002e+03	+9.372e+03	+0.483
113.800	+6.235e+03	+5.630e+03	+1.053e+04	+0.475
113.900	+5.641e+03	+5.567e+03	+1.041e+04	+0.497
114.000	+5.549e+03	+4.555e+03	+9.360e+03	+0.451
114.100	+4.419e+03	+4.668e+03	+1.079e+04	+0.514
114.200	+5.233e+03	+4.652e+03	+9.532e+03	+0.471
114.300	+5.329e+03	+4.296e+03	+9.434e+03	+0.446
114.400	+4.124e+03	+5.580e+03	+9.476e+03	+0.575
114.500	+6.042e+03	+4.024e+03	+9.870e+03	+0.400
114.600	+3.478e+03	+5.192e+03	+8.967e+03	+0.599
114.700	+5.417e+03	+4.027e+03	+9.883e+03	+0.426
114.800	+5.353e+03	+5.590e+03	+9.574e+03	+0.511
114.900	+5.043e+03	+4.377e+03	+1.088e+04	+0.465
115.000	+5.135e+03	+4.826e+03	+9.616e+03	+0.484
115.100	+6.718e+03	+3.061e+03	+1.081e+04	+0.313
115.200	+7.181e+03	+2.977e+03	+9.368e+03	+0.293
115.300	+8.895e+03	+3.374e+03	+1.119e+04	+0.275
115.400	+6.858e+03	+2.302e+03	+9.129e+03	+0.251
115.500	+8.242e+03	+2.040e+03	+9.070e+03	+0.198
115.600	+8.520e+03	+1.527e+03	+1.003e+04	+0.152
115.700	+6.681e+03	+2.756e+03	+9.284e+03	+0.292
115.800	+8.093e+03	+3.293e+03	+9.346e+03	+0.289
115.900	+7.993e+03	+1.619e+03	+9.977e+03	+0.168
116.000	+6.980e+03	+2.490e+03	+1.027e+04	+0.263
116.100	+7.395e+03	+6.779e+02	+9.000e+03	+0.084
116.200	+7.392e+03	+3.369e+03	+1.104e+04	+0.313
116.300	+8.284e+03	+3.341e+03	+9.696e+03	+0.287
116.400	+7.771e+03	+2.225e+03	+1.023e+04	+0.223
116.500	+6.777e+03	+2.815e+03	+9.693e+03	+0.293
116.600	+7.877e+03	+5.843e+02	+8.859e+03	+0.069
116.700	+6.992e+03	+2.982e+03	+1.032e+04	+0.299
116.800	+7.695e+03	+1.871e+03	+8.613e+03	+0.196
116.900	+8.421e+03	+2.398e+03	+1.003e+04	+0.222
117.000	+7.023e+03	+2.871e+03	+9.151e+03	+0.290
117.100	+7.370e+03	+2.499e+03	+9.886e+03	+0.253
117.200	+7.426e+03	+2.278e+03	+9.062e+03	+0.235
117.300	+8.839e+03	+2.730e+03	+1.032e+04	+0.236
117.400	+7.458e+03	+2.965e+03	+9.072e+03	+0.284
117.500	+8.294e+03	+1.948e+03	+1.011e+04	+0.190
117.600	+6.714e+03	+2.656e+03	+1.022e+04	+0.283
117.700	+6.411e+03	+2.532e+03	+1.119e+04	+0.283
117.800	+5.987e+03	+2.750e+03	+9.506e+03	+0.315
117.900	+7.651e+03	+4.210e+03	+1.105e+04	+0.355
118.000	+6.363e+03	+2.563e+03	+1.094e+04	+0.287
118.100	+7.316e+03	+2.312e+03	+9.699e+03	+0.240
118.200	+8.157e+03	+1.911e+03	+1.088e+04	+0.190
118.300	+7.542e+03	+3.096e+03	+1.049e+04	+0.291
118.400	+6.802e+03	+1.335e+03	+9.835e+03	+0.164
118.500	+7.222e+03	+2.167e+03	+1.089e+04	+0.231
118.600	+7.710e+03	+2.283e+03	+9.321e+03	+0.228
118.700	+6.610e+03	+2.533e+03	+1.093e+04	+0.277
118.800	+6.246e+03	+9.591e+02	+1.036e+04	+0.133
118.900	+7.427e+03	+3.075e+03	+9.461e+03	+0.293
119.000	+7.600e+03	+2.345e+03	+9.679e+03	+0.236
119.100	+7.114e+03	+2.334e+03	+1.063e+04	+0.247
119.200	+7.258e+03	+2.136e+03	+9.156e+03	+0.227
119.300	+8.016e+03	+2.088e+03	+1.010e+04	+0.207
119.400	+7.744e+03	+1.722e+03	+1.020e+04	+0.182
119.500	+7.782e+03	+1.272e+03	+9.957e+03	+0.141
119.600	+7.947e+03	+3.171e+03	+9.570e+03	+0.285
119.700	+6.569e+03	+3.409e+03	+1.007e+04	+0.342
119.800	+7.059e+03	+2.186e+03	+1.097e+04	+0.236
119.900	+6.022e+03	+1.873e+03	+9.438e+03	+0.237
120.000	+8.084e+03	+3.527e+03	+1.029e+04	+0.304
120.100	+7.811e+03	+2.755e+03	+9.940e+03	+0.261
120.200	+7.522e+03	+2.480e+03	+1.019e+04	+0.248
120.300	+8.226e+03	+3.107e+03	+8.621e+03	+0.274
120.400	+5.840e+03	+3.660e+03	+8.934e+03	+0.385
120.500	+9.104e+03	+3.563e+03	+9.399e+03	+0.281
120.600	+7.307e+03	+1.949e+03	+9.908e+03	+0.211
120.700	+7.531e+03	+2.698e+03	+8.841e+03	+0.264
120.800	+7.839e+03	+2.064e+03	+1.013e+04	+0.208
120.900	+6.635e+03	+1.803e+03	+9.034e+03	+0.214
121.000	+7.108e+03	+2.217e+03	+1.021e+04	+0.238
121.100	+8.016e+03	+3.094e+03	+1.042e+04	+0.279
121.200	+7.560e+03	+1.682e+03	+9.994e+03	+0.182
121.300	+7.816e+03	+1.471e+03	+1.097e+04	+0.158
121.400	+8.005e+03	+1.492e+03	+9.406e+03	+0.157
121.500	+7.435e+03	+1.296e+03	+1.090e+04	+0.148
121.600	+6.564e+03	+1.024e+03	+8.920e+03	+0.135
121.700	+9.000e+03	+1.822e+03	+1.117e+04	+0.168
121.800	+7.931e+03	+2.332e+03	+1.046e+04	+0.227
121.900	+8.637e+03	+2.308e+03	+1.059e+04	+0.211
122.000	+6.900e+03	+2.475e+03	+1.043e+04	+0.264
122.100	+8.112e+03	+2.281e+03	+1.097e+04	+0.219
122.200	+7.255e+03	+2.466e+03	+1.039e+04	+0.254
122.300	+7.143e+03	+2.766e+03	+9.068e+03	+0.279
122.400	+5.127e+03	+6.764e+02	+9.473e+03	+0.117
122.500	+7.839e+03	+2.080e+03	+9.719e+03	+0.210
122.600	+6.917e+03	+3.206e+03	+9.982e+03	+0.317
122.700	+6.906e+03	+3.125e+03	+1.034e+04	+0.312
122.800	+8.144e+03	+3.469e+03	+9.741e+03	+0.299
122.900	+5.631e+03	+1.775e+03	+9.900e+03	+0.240
123.000	+8.421e+03	+2.296e+03	+9.440e+03	+0.214
123.100	+6.249e+03	+2.698e+03	+1.042e+04	+0.302
123.200	+8.198e+03	+1.842e+03	+9.937e+03	+0.184
123.300	+6.297e+03	+3.399e+03	+9.978e+03	+0.351
123.400	+6.506e+03	+3.278e+03	+1.031e+04	+0.335
123.500	+7.322e+03	+2.573e+03	+9.720e+03	+0.260
123.600	+8.332e+03	+2.315e+03	+1.089e+04	+0.217
123.700	+8.883e+03	+1.468e+03	+9.707e+03	+0.142
123.800	+6.794e+03	+1.271e+03	+1.106e+04	+0.158
123.900	+7.254e+03	+1.622e+03	+1.036e+04	+0.183
124.000	+6.900e+03	+2.122e+03	+9.821e+03	+0.235
124.100	+6.563e+03	+2.363e+03	+1.160e+04	+0.265
124.200	+8.526e+03	+2.225e+03	+1.054e+04	+0.207
124.300	+7.334e+03	+1.498e+03	+1.053e+04	+0.170
124.400	+7.104e+03	+2.854e+03	+9.781e+03	+0.287
124.500	+7.900e+03	+1.395e+03	+9.964e+03	+0.150
124.600	+7.414e+03	+2.245e+03	+1.123e+04	+0.232
124.700	+6.989e+03	+1.482e+03	+1.025e+04	+0.175
124.800	+7.843e+03	+3.277e+03	+1.016e+04	+0.295
124.900	+6.605e+03	+3.021e+03	+1.008e+04	+0.314
125.000	+8.150e+03	+2.204e+03	+1.096e+04	+0.213
125.100	+2.411e+03	+7.142e+03	+1.032e+04	+0.748
125.200	+1.495e+03	+7.187e+03	+1.096e+04	+0.828
125.300	+2.031e+03	+7.773e+03	+1.169e+04	+0.793
125.400	+1.611e+03	+8.397e+03	+9.798e+03	+0.839
125.500	+2.125e+03	+7.931e+03	+1.100e+04	+0.789
125.600	+2.071e+03	+8.389e+03	+9.553e+03	+0.802
125.700	+1.517e+03	+9.705e+03	+9.643e+03	+0.865
125.800	+1.536e+03	+7.792e+03	+8.923e+03	+0.835
125.900	+1.450e+03	+8.282e+03	+1.095e+04	+0.851
126.000	+1.754e+03	+7.319e+03	+1.002e+04	+0.807
126.100	+1.189e+03	+7.511e+03	+9.657e+03	+0.863
126.200	+1.189e+03	+8.727e+03	+9.937e+03	+0.880
126.300	+2.163e+03	+8.362e+03	+1.022e+04	+0.795
126.400	+1.520e+03	+8.770e+03	+1.023e+04	+0.852
126.500	+1.696e+03	+7.364e+03	+1.162e+04	+0.813
126.600	+6.286e+02	+7.272e+03	+9.778e+03	+0.920
126.700	+2.725e+03	+7.376e+03	+1.039e+04	+0.730
126.800	+2.599e+03	+7.684e+03	+9.869e+03	+0.747
126.900	+1.596e+03	+7.824e+03	+1.066e+04	+0.831
127.000	+2.636e+03	+6.975e+03	+1.086e+04	+0.726
127.100	+2.274e+03	+8.021e+03	+1.002e+04	+0.779
127.200	+2.003e+03	+9.126e+03	+1.025e+04	+0.820
127.300	+2.245e+03	+7.298e+03	+1.092e+04	+0.765
127.400	+1.951e+03	+6.972e+03	+9.908e+03	+0.781
127.500	+3.145e+03	+6.784e+03	+9.978e+03	+0.683
127.600	+5.880e+03	+5.390e+03	+1.075e+04	+0.478
127.700	+5.925e+03	+5.149e+03	+9.975e+03	+0.465
127.800	+4.403e+03	+5.651e+03	+9.989e+03	+0.562
127.900	+4.121e+03	+5.044e+03	+9.608e+03	+0.550
128.000	+5.877e+03	+6.869e+03	+9.967e+03	+0.539
128.100	+4.322e+03	+5.462e+03	+1.106e+04	+0.558
128.200	+6.019e+03	+5.181e+03	+1.034e+04	+0.463
128.300	+4.052e+03	+6.067e+03	+1.081e+04	+0.600
128.400	+4.998e+03	+5.197e+03	+9.940e+03	+0.510
128.500	+6.260e+03	+4.996e+03	+9.313e+03	+0.444
128.600	+5.135e+03	+5.322e+03	+1.025e+04	+0.509
128.700	+5.077e+03	+5.634e+03	+1.069e+04	+0.526
128.800	+5.530e+03	+3.425e+03	+9.531e+03	+0.382
128.900	+5.137e+03	+4.575e+03	+1.002e+04	+0.471
129.000	+5.603e+03	+4.769e+03	+9.556e+03	+0.460
129.100	+5.029e+03	+6.175e+03	+1.010e+04	+0.551
129.200	+5.622e+03	+4.755e+03	+1.001e+04	+0.458
129.300	+5.278e+03	+4.566e+03	+1.086e+04	+0.464
129.400	+4.412e+03	+5.404e+03	+9.752e+03	+0.550
129.500	+5.778e+03	+3.626e+03	+1.035e+04	+0.386
129.600	+4.446e+03	+4.756e+03	+1.003e+04	+0.517
129.700	+4.874e+03	+5.481e+03	+1.032e+04	+0.529
129.800	+4.579e+03	+5.424e+03	+1.040e+04	+0.542
129.900	+5.143e+03	+4.646e+03	+9.532e+03	+0.475
130.000	+4.945e+03	+4.725e+03	+9.828e+03	+0.489
130.100	+5.080e+03	+5.522e+03	+1.124e+04	+0.521
130.200	+4.293e+03	+4.062e+03	+1.046e+04	+0.486
