%t (s)	Idd (a.u.)	Ida (a.u.)	Iaa (a.u.)	FRET E
0.000	+7.794e+03	+3.460e+03	+1.015e+04	+0.307
0.100	+7.935e+03	+2.173e+03	+8.857e+03	+0.215
0.200	+7.572e+03	+2.507e+03	+1.131e+04	+0.249
0.300	+7.589e+03	+1.947e+03	+1.085e+04	+0.204
0.400	+7.686e+03	+3.969e+03	+1.012e+04	+0.341
0.500	+7.434e+03	+3.057e+03	+1.090e+04	+0.291
0.600	+6.558e+03	+3.020e+03	+8.935e+03	+0.315
0.700	+8.193e+03	+4.177e+03	+1.027e+04	+0.338
0.800	+7.619e+03	+3.889e+03	+9.068e+03	+0.338
0.900	+7.679e+03	+2.127e+03	+1.040e+04	+0.217
1.000	+6.815e+03	+4.088e+03	+9.937e+03	+0.375
1.100	+8.021e+03	+2.908e+03	+9.823e+03	+0.266
1.200	+7.826e+03	+2.496e+03	+9.435e+03	+0.242
1.300	+7.711e+03	+1.635e+03	+1.041e+04	+0.175
1.400	+8.029e+03	+3.021e+03	+9.439e+03	+0.273
1.500	+7.417e+03	+2.470e+03	+9.935e+03	+0.250
1.600	+7.097e+03	+2.565e+03	+1.002e+04	+0.265
1.700	+8.391e+03	+1.890e+03	+9.652e+03	+0.184
1.800	+8.311e+03	+2.627e+03	+1.113e+04	+0.240
1.900	+6.033e+03	+3.450e+03	+9.422e+03	+0.364
2.000	+5.085e+03	+3.265e+03	+1.014e+04	+0.391
2.100	+5.813e+03	+3.585e+03	+9.186e+03	+0.381
2.200	+7.188e+03	+3.383e+03	+1.015e+04	+0.320
2.300	+7.319e+03	+2.833e+03	+9.584e+03	+0.279
2.400	+8.623e+03	+2.750e+03	+9.691e+03	+0.242
2.500	+6.969e+03	+2.084e+03	+1.016e+04	+0.230
2.600	+8.232e+03	+1.674e+03	+1.029e+04	+0.169
2.700	+6.956e+03	+1.951e+03	+9.753e+03	+0.219
2.800	+8.104e+03	+3.168e+03	+9.583e+03	+0.281
2.900	+7.238e+03	+3.115e+03	+9.827e+03	+0.301
3.000	+6.507e+03	+1.543e+03	+9.862e+03	+0.192
3.100	+7.896e+03	+3.028e+03	+8.844e+03	+0.277
3.200	+8.113e+03	+9.163e+02	+9.790e+03	+0.101
3.300	+7.331e+03	+3.476e+03	+1.004e+04	+0.322
3.400	+6.415e+03	+1.583e+03	+1.065e+04	+0.198
3.500	+8.468e+03	+2.404e+03	+1.119e+04	+0.221
3.600	+6.268e+03	+1.255e+03	+8.630e+03	+0.167
3.700	+7.977e+03	+2.166e+03	+1.064e+04	+0.214
3.800	+7.113e+03	+3.702e+03	+9.889e+03	+0.342
3.900	+6.829e+03	+2.523e+03	+8.335e+03	+0.270
4.000	+6.913e+03	+3.232e+03	+8.743e+03	+0.319
4.100	+7.135e+03	+3.205e+03	+9.356e+03	+0.310
4.200	+7.315e+03	+2.186e+03	+1.012e+04	+0.230
4.300	+8.119e+03	+7.535e+02	+9.936e+03	+0.085
4.400	+7.923e+03	+2.251e+03	+1.080e+04	+0.221
4.500	+7.168e+03	+2.153e+03	+9.224e+03	+0.231
4.600	+6.162e+03	+3.643e+03	+9.385e+03	+0.372
4.700	+8.269e+03	+1.889e+03	+9.322e+03	+0.186
4.800	+7.099e+03	+3.712e+03	+9.431e+03	+0.343
4.900	+7.209e+03	+1.586e+03	+1.049e+04	+0.180
5.000	+8.155e+03	+2.242e+03	+1.061e+04	+0.216
5.100	+7.646e+03	+1.036e+03	+1.045e+04	+0.119
5.200	+8.764e+03	+2.340e+03	+1.017e+04	+0.211
5.300	+7.347e+03	+2.651e+03	+9.917e+03	+0.265
5.400	+7.698e+03	+3.779e+03	+1.052e+04	+0.329
5.500	+7.937e+03	+3.074e+03	+1.056e+04	+0.279
5.600	+7.866e+03	+2.903e+03	+1.078e+04	+0.270
5.700	+7.126e+03	+2.464e+03	+9.966e+03	+0.257
5.800	+7.917e+03	+2.243e+03	+9.538e+03	+0.221
5.900	+7.999e+03	+1.808e+03	+1.041e+04	+0.184
6.000	+7.262e+03	+4.444e+03	+1.062e+04	+0.380
6.100	+7.220e+03	+2.295e+03	+1.070e+04	+0.241
6.200	+7.742e+03	+1.672e+03	+9.173e+03	+0.178
6.300	+8.567e+03	+2.700e+03	+1.025e+04	+0.240
6.400	+7.975e+03	+2.051e+03	+1.088e+04	+0.205
6.500	+7.338e+03	+1.291e+03	+9.434e+03	+0.150
6.600	+6.032e+03	+2.654e+03	+9.563e+03	+0.306
6.700	+7.177e+03	+2.607e+03	+1.003e+04	+0.266
6.800	+6.308e+03	+2.063e+03	+1.013e+04	+0.246
6.900	+7.162e+03	+2.654e+03	+9.319e+03	+0.270
7.000	+7.516e+03	+3.394e+03	+9.687e+03	+0.311
7.100	+8.509e+03	+2.112e+03	+9.469e+03	+0.199
7.200	+6.715e+03	+3.076e+03	+9.443e+03	+0.314
7.300	+9.118e+03	+2.417e+03	+1.014e+04	+0.210
7.400	+8.122e+03	+1.455e+03	+8.538e+03	+0.152
7.500	+6.573e+03	+3.213e+03	+1.048e+04	+0.328
7.600	+6.955e+03	+2.672e+03	+1.065e+04	+0.278
7.700	+7.761e+03	+3.386e+03	+1.064e+04	+0.304
7.800	+7.931e+03	+2.117e+03	+9.434e+03	+0.211
7.900	+7.673e+03	+2.990e+03	+1.093e+04	+0.280
8.000	+8.055e+03	+2.521e+03	+1.071e+04	+0.238
8.100	+8.042e+03	+1.205e+03	+9.133e+03	+0.130
8.200	+6.443e+03	+2.091e+03	+9.187e+03	+0.245
8.300	+7.175e+03	+2.572e+03	+1.008e+04	+0.264
8.400	+6.702e+03	+2.450e+03	+1.029e+04	+0.268
8.500	+7.643e+03	+2.823e+03	+1.092e+04	+0.270
8.600	+7.735e+03	+3.062e+03	+9.881e+03	+0.284
8.700	+8.013e+03	+1.916e+03	+1.045e+04	+0.193
8.800	+7.548e+03	+1.593e+03	+9.525e+03	+0.174
8.900	+6.686e+03	+3.205e+03	+9.164e+03	+0.324
9.000	+7.085e+03	+2.169e+03	+1.007e+04	+0.234
9.100	+9.042e+03	+2.838e+03	+9.454e+03	+0.239
9.200	+7.416e+03	+3.440e+03	+9.639e+03	+0.317
9.300	+7.304e+03	+2.745e+03	+1.039e+04	+0.273
9.400	+3.818e+03	+6.670e+03	+1.009e+04	+0.636
9.500	+2.083e+03	+7.552e+03	+9.937e+03	+0.784
9.600	+2.153e+03	+6.814e+03	+9.670e+03	+0.760
9.700	+1.250e+03	+8.385e+03	+1.026e+04	+0.870
9.800	+3.437e+03	+8.446e+03	+8.737e+03	+0.711
9.900	+1.268e+03	+9.244e+03	+9.382e+03	+0.879
10.000	+9.014e+02	+8.395e+03	+1.061e+04	+0.903
10.100	+1.071e+03	+8.151e+03	+1.048e+04	+0.884
10.200	+2.388e+03	+7.739e+03	+1.007e+04	+0.764
10.300	+2.807e+03	+8.624e+03	+1.038e+04	+0.754
10.400	+1.741e+03	+6.438e+03	+1.039e+04	+0.787
10.500	+2.097e+03	+7.977e+03	+9.559e+03	+0.792
10.600	+1.936e+03	+7.830e+03	+1.037e+04	+0.802
10.700	+3.082e+03	+8.518e+03	+9.748e+03	+0.734
10.800	+9.300e+02	+7.128e+03	+9.120e+03	+0.885
10.900	+2.135e+03	+8.961e+03	+9.293e+03	+0.808
11.000	+2.283e+03	+8.948e+03	+9.998e+03	+0.797
11.100	+1.741e+03	+8.318e+03	+9.227e+03	+0.827
11.200	+1.991e+03	+8.323e+03	+9.470e+03	+0.807
11.300	+1.255e+03	+7.822e+03	+9.445e+03	+0.862
11.400	+1.909e+03	+6.938e+03	+1.035e+04	+0.784
11.500	+2.136e+03	+8.225e+03	+9.682e+03	+0.794
11.600	+2.075e+03	+8.176e+03	+9.567e+03	+0.798
11.700	+2.337e+03	+7.912e+03	+1.071e+04	+0.772
11.800	+9.913e+02	+7.204e+03	+1.113e+04	+0.879
11.900	+2.326e+03	+9.034e+03	+1.026e+04	+0.795
12.000	+1.486e+03	+8.203e+03	+1.007e+04	+0.847
12.100	+2.032e+03	+7.795e+03	+1.053e+04	+0.793
12.200	+1.669e+03	+9.063e+03	+1.018e+04	+0.844
12.300	+1.197e+02	+7.944e+03	+9.236e+03	+0.985
12.400	+2.101e+03	+9.340e+03	+1.079e+04	+0.816
12.500	+2.555e+03	+7.075e+03	+1.123e+04	+0.735
12.600	+2.457e+03	+7.005e+03	+1.066e+04	+0.740
12.700	+1.952e+03	+8.148e+03	+1.042e+04	+0.807
12.800	+1.994e+03	+8.076e+03	+1.025e+04	+0.802
12.900	+2.581e+03	+8.664e+03	+1.085e+04	+0.770
13.000	+1.226e+03	+8.230e+03	+1.125e+04	+0.870
13.100	+1.608e+03	+1.002e+04	+9.838e+03	+0.862
13.200	+1.653e+03	+6.929e+03	+1.014e+04	+0.807
13.300	+2.659e+03	+8.178e+03	+9.877e+03	+0.755
13.400	+9.316e+02	+7.140e+03	+1.017e+04	+0.885
13.500	+1.521e+03	+7.595e+03	+8.594e+03	+0.833
13.600	+1.563e+03	+7.668e+03	+1.017e+04	+0.831
13.700	+3.022e+03	+8.300e+03	+9.225e+03	+0.733
13.800	+1.272e+03	+8.087e+03	+9.846e+03	+0.864
13.900	+2.213e+03	+7.942e+03	+9.938e+03	+0.782
14.000	+2.732e+03	+8.521e+03	+1.065e+04	+0.757
14.100	+2.064e+03	+6.718e+03	+1.036e+04	+0.765
14.200	+2.586e+03	+7.967e+03	+1.014e+04	+0.755
14.300	+2.440e+03	+7.739e+03	+1.032e+04	+0.760
14.400	+2.117e+03	+9.330e+03	+1.127e+04	+0.815
14.500	+4.879e+02	+9.196e+03	+9.695e+03	+0.950
14.600	+7.428e+02	+8.769e+03	+9.622e+03	+0.922
14.700	+1.855e+03	+7.261e+03	+1.077e+04	+0.796
14.800	+2.325e+03	+7.276e+03	+1.043e+04	+0.758
14.900	+2.949e+03	+7.040e+03	+1.008e+04	+0.705
15.000	+8.835e+02	+7.971e+03	+1.025e+04	+0.900
15.100	+2.736e+03	+8.800e+03	+1.068e+04	+0.763
15.200	+2.753e+03	+9.158e+03	+1.015e+04	+0.769
15.300	+2.062e+03	+7.810e+03	+9.868e+03	+0.791
15.400	+1.783e+03	+6.580e+03	+9.825e+03	+0.787
15.500	+2.255e+03	+8.149e+03	+8.547e+03	+0.783
15.600	+1.301e+03	+6.573e+03	+1.065e+04	+0.835
15.700	+2.237e+03	+8.327e+03	+9.115e+03	+0.788
15.800	+1.743e+03	+8.037e+03	+1.008e+04	+0.822
15.900	+1.882e+03	+8.646e+03	+1.004e+04	+0.821
16.000	+2.641e+03	+7.738e+03	+9.524e+03	+0.746
16.100	+2.470e+03	+7.483e+03	+1.062e+04	+0.752
16.200	+1.795e+03	+7.864e+03	+9.078e+03	+0.814
16.300	+1.675e+03	+7.742e+03	+9.134e+03	+0.822
16.400	+2.904e+03	+8.286e+03	+1.099e+04	+0.740
16.500	+1.026e+03	+7.255e+03	+1.000e+04	+0.876
16.600	+2.018e+03	+7.769e+03	+1.013e+04	+0.794
16.700	+2.801e+03	+7.948e+03	+1.069e+04	+0.739
16.800	+1.962e+03	+8.532e+03	+1.048e+04	+0.813
16.900	+2.287e+03	+8.943e+03	+1.033e+04	+0.796
17.000	+2.447e+03	+9.149e+03	+8.997e+03	+0.789
17.100	+2.701e+03	+7.573e+03	+1.066e+04	+0.737
17.200	+2.426e+03	+8.012e+03	+1.098e+04	+0.768
17.300	+2.077e+03	+8.597e+03	+1.032e+04	+0.805
17.400	+2.292e+03	+6.698e+03	+9.791e+03	+0.745
17.500	+2.377e+03	+7.692e+03	+1.025e+04	+0.764
17.600	+1.018e+03	+7.018e+03	+9.634e+03	+0.873
17.700	+1.679e+03	+7.325e+03	+1.108e+04	+0.814
17.800	+3.145e+03	+8.290e+03	+1.029e+04	+0.725
17.900	+1.202e+03	+7.714e+03	+9.604e+03	+0.865
18.000	+1.461e+02	+7.033e+03	+8.894e+03	+0.980
18.100	+3.063e+03	+7.292e+03	+9.382e+03	+0.704
18.200	+1.338e+03	+8.629e+03	+1.007e+04	+0.866
18.300	+1.870e+03	+7.833e+03	+1.085e+04	+0.807
18.400	+3.005e+03	+7.777e+03	+9.592e+03	+0.721
18.500	+3.112e+03	+8.665e+03	+1.017e+04	+0.736
18.600	+2.012e+03	+9.086e+03	+1.006e+04	+0.819
18.700	+2.713e+03	+7.488e+03	+1.101e+04	+0.734
18.800	+1.687e+03	+7.061e+03	+9.549e+03	+0.807
18.900	+1.901e+03	+8.344e+03	+9.838e+03	+0.814
19.000	+1.587e+03	+7.265e+03	+1.087e+04	+0.821
19.100	+1.709e+03	+8.418e+03	+9.551e+03	+0.831
19.200	+1.916e+03	+8.055e+03	+1.022e+04	+0.808
19.300	+1.602e+03	+8.190e+03	+9.931e+03	+0.836
19.400	+1.982e+03	+7.590e+03	+1.102e+04	+0.793
19.500	+8.793e+02	+7.733e+03	+9.689e+03	+0.898
19.600	+1.565e+03	+7.719e+03	+9.981e+03	+0.831
19.700	+1.977e+03	+8.533e+03	+8.883e+03	+0.812
19.800	+1.333e+03	+7.293e+03	+1.063e+04	+0.846
19.900	+1.449e+03	+8.879e+03	+9.976e+03	+0.860
20.000	+1.694e+03	+8.629e+03	+1.071e+04	+0.836
20.100	+2.191e+03	+7.887e+03	+9.571e+03	+0.783
20.200	+1.547e+03	+8.088e+03	+1.024e+04	+0.839
20.300	+3.687e+03	+6.767e+03	+8.968e+03	+0.647
20.400	+2.262e+03	+8.244e+03	+9.822e+03	+0.785
20.500	+1.901e+03	+7.902e+03	+8.880e+03	+0.806
20.600	+1.878e+03	+8.508e+03	+9.487e+03	+0.819
20.700	+2.482e+03	+8.157e+03	+9.897e+03	+0.767
20.800	+1.273e+03	+8.164e+03	+9.848e+03	+0.865
20.900	+2.213e+03	+6.515e+03	+9.348e+03	+0.746
21.000	+1.940e+03	+7.829e+03	+9.132e+03	+0.801
21.100	+1.930e+03	+7.911e+03	+1.087e+04	+0.804
21.200	+1.691e+03	+9.358e+03	+9.177e+03	+0.847
21.300	+1.726e+03	+8.949e+03	+9.818e+03	+0.838
21.400	+2.402e+03	+7.356e+03	+1.025e+04	+0.754
21.500	+1.421e+03	+8.011e+03	+9.732e+03	+0.849
21.600	+2.090e+03	+7.843e+03	+9.470e+03	+0.790
21.700	+3.121e+03	+7.797e+03	+1.010e+04	+0.714
21.800	+1.260e+03	+7.134e+03	+9.851e+03	+0.850
21.900	+2.706e+03	+8.212e+03	+1.103e+04	+0.752
22.000	+2.446e+03	+6.791e+03	+1.072e+04	+0.735
22.100	+1.415e+03	+7.698e+03	+1.013e+04	+0.845
22.200	+1.347e+03	+6.743e+03	+1.112e+04	+0.833
22.300	+1.945e+03	+7.396e+03	+9.469e+03	+0.792
22.400	+2.117e+03	+7.894e+03	+9.986e+03	+0.789
22.500	+2.588e+03	+8.534e+03	+8.957e+03	+0.767
22.600	+2.882e+03	+7.581e+03	+9.337e+03	+0.725
22.700	+2.874e+03	+7.268e+03	+1.052e+04	+0.717
22.800	+1.692e+03	+7.796e+03	+1.076e+04	+0.822
22.900	+3.920e+03	+6.826e+03	+9.882e+03	+0.635
23.000	+3.123e+03	+6.833e+03	+9.232e+03	+0.686
23.100	+2.198e+03	+9.624e+03	+1.080e+04	+0.814
23.200	+1.080e+03	+7.875e+03	+9.267e+03	+0.879
23.300	+1.848e+03	+8.039e+03	+8.917e+03	+0.813
23.400	+1.911e+03	+8.952e+03	+1.113e+04	+0.824
23.500	+6.905e+02	+9.107e+03	+8.908e+03	+0.930
23.600	+1.460e+03	+8.111e+03	+1.008e+04	+0.847
23.700	+1.876e+03	+8.451e+03	+1.149e+04	+0.818
23.800	+2.371e+03	+7.817e+03	+9.569e+03	+0.767
23.900	+1.764e+03	+8.079e+03	+1.055e+04	+0.821
24.000	+7.800e+02	+7.210e+03	+9.568e+03	+0.902
24.100	+2.061e+03	+7.089e+03	+1.002e+04	+0.775
24.200	+1.838e+03	+6.954e+03	+1.063e+04	+0.791
24.300	+1.411e+03	+7.302e+03	+1.128e+04	+0.838
24.400	+2.112e+03	+7.462e+03	+1.065e+04	+0.779
24.500	+2.050e+03	+8.592e+03	+1.008e+04	+0.807
24.600	+2.275e+03	+7.551e+03	+1.015e+04	+0.768
24.700	+2.123e+03	+7.218e+03	+1.064e+04	+0.773
24.800	+4.848e+02	+7.828e+03	+1.239e+04	+0.942
24.900	+2.151e+03	+9.425e+03	+1.091e+04	+0.814
25.000	+3.932e+03	+7.733e+03	+1.110e+04	+0.663
25.100	+6.355e+02	+8.133e+03	+9.802e+03	+0.928
25.200	+1.943e+03	+7.752e+03	+9.972e+03	+0.800
25.300	+1.871e+03	+9.112e+03	+1.078e+04	+0.830
25.400	+2.898e+03	+7.727e+03	+9.345e+03	+0.727
25.500	+2.459e+03	+8.839e+03	+1.070e+04	+0.782
25.600	+2.612e+03	+8.508e+03	+1.162e+04	+0.765
25.700	+1.916e+03	+7.301e+03	+1.053e+04	+0.792
25.800	+7.970e+02	+9.035e+03	+1.030e+04	+0.919
25.900	+2.658e+03	+7.716e+03	+1.059e+04	+0.744
26.000	+1.761e+03	+9.919e+03	+9.507e+03	+0.849
26.100	+2.394e+03	+7.306e+03	+1.006e+04	+0.753
26.200	+3.248e+03	+8.241e+03	+9.379e+03	+0.717
26.300	+2.349e+03	+7.704e+03	+9.050e+03	+0.766
26.400	+1.064e+03	+8.001e+03	+9.164e+03	+0.883
26.500	+1.632e+03	+8.405e+03	+1.033e+04	+0.837
26.600	+1.963e+03	+7.908e+03	+9.200e+03	+0.801
26.700	+5.066e+02	+8.010e+03	+1.035e+04	+0.941
26.800	+2.068e+03	+8.803e+03	+1.019e+04	+0.810
26.900	+2.262e+03	+8.550e+03	+9.529e+03	+0.791
27.000	+1.463e+03	+7.985e+03	+1.024e+04	+0.845
27.100	+1.544e+03	+8.147e+03	+1.060e+04	+0.841
27.200	+1.054e+03	+7.411e+03	+1.050e+04	+0.876
27.300	+3.286e+03	+7.489e+03	+1.077e+04	+0.695
27.400	+1.644e+03	+7.479e+03	+9.600e+03	+0.820
27.500	+2.085e+03	+8.275e+03	+9.100e+03	+0.799
27.600	+2.108e+03	+8.006e+03	+1.019e+04	+0.792
27.700	+2.414e+03	+8.478e+03	+8.159e+03	+0.778
27.800	+2.631e+03	+8.200e+03	+1.044e+04	+0.757
27.900	+1.383e+03	+8.456e+03	+8.914e+03	+0.859
28.000	+1.998e+03	+8.069e+03	+9.278e+03	+0.802
28.100	+2.926e+03	+9.098e+03	+1.025e+04	+0.757
28.200	+1.466e+03	+7.398e+03	+9.714e+03	+0.835
28.300	+1.471e+03	+7.198e+03	+1.035e+04	+0.830
28.400	+2.666e+03	+8.897e+03	+9.847e+03	+0.769
28.500	+1.131e+03	+6.586e+03	+1.018e+04	+0.853
28.600	+2.705e+03	+8.505e+03	+8.997e+03	+0.759
28.700	+2.803e+03	+8.536e+03	+9.970e+03	+0.753
28.800	+2.486e+03	+8.079e+03	+1.013e+04	+0.765
28.900	+3.411e+03	+7.282e+03	+1.123e+04	+0.681
29.000	+1.351e+03	+8.716e+03	+1.065e+04	+0.866
29.100	+3.418e+03	+7.428e+03	+8.853e+03	+0.685
29.200	+2.817e+03	+6.659e+03	+9.867e+03	+0.703
29.300	+3.050e+03	+8.243e+03	+1.043e+04	+0.730
29.400	+2.137e+03	+8.421e+03	+1.055e+04	+0.798
29.500	+2.937e+03	+7.978e+03	+9.392e+03	+0.731
29.600	+1.858e+03	+7.735e+03	+9.714e+03	+0.806
29.700	+2.979e+03	+7.185e+03	+9.307e+03	+0.707
29.800	+2.338e+03	+8.092e+03	+1.036e+04	+0.776
29.900	+9.697e+02	+8.693e+03	+9.342e+03	+0.900
30.000	+1.842e+03	+8.004e+03	+1.001e+04	+0.813
30.100	+1.798e+03	+8.485e+03	+1.028e+04	+0.825
30.200	+1.855e+03	+8.836e+03	+9.551e+03	+0.827
30.300	+1.188e+03	+8.909e+03	+9.852e+03	+0.882
30.400	+3.534e+03	+6.587e+03	+1.060e+04	+0.651
30.500	+2.235e+03	+9.270e+03	+9.953e+03	+0.806
30.600	+5.078e+02	+8.251e+03	+9.654e+03	+0.942
30.700	+1.659e+03	+7.754e+03	+9.431e+03	+0.824
30.800	+1.423e+03	+7.589e+03	+9.492e+03	+0.842
30.900	+3.914e+03	+9.014e+03	+1.134e+04	+0.697
31.000	+2.165e+03	+8.098e+03	+8.828e+03	+0.789
31.100	+1.774e+03	+8.162e+03	+1.036e+04	+0.821
31.200	+1.930e+03	+8.604e+03	+9.164e+03	+0.817
31.300	+2.622e+03	+7.818e+03	+1.046e+04	+0.749
31.400	+2.534e+03	+8.326e+03	+1.140e+04	+0.767
31.500	+1.927e+03	+7.874e+03	+1.021e+04	+0.803
31.600	+1.963e+03	+6.615e+03	+9.892e+03	+0.771
31.700	+2.161e+03	+8.885e+03	+9.637e+03	+0.804
31.800	+3.051e+03	+7.938e+03	+1.091e+04	+0.722
31.900	+5.188e+03	+5.895e+03	+9.901e+03	+0.532
32.000	+6.956e+03	+4.988e+03	+9.592e+03	+0.418
32.100	+4.569e+03	+4.539e+03	+1.092e+04	+0.498
32.200	+4.361e+03	+4.123e+03	+9.815e+03	+0.486
32.300	+5.125e+03	+4.461e+03	+9.669e+03	+0.465
32.400	+4.963e+03	+4.961e+03	+9.695e+03	+0.500
32.500	+3.928e+03	+5.560e+03	+1.052e+04	+0.586
32.600	+5.678e+03	+5.529e+03	+1.130e+04	+0.493
32.700	+5.635e+03	+4.117e+03	+9.072e+03	+0.422
32.800	+4.298e+03	+4.854e+03	+1.062e+04	+0.530
32.900	+4.310e+03	+4.169e+03	+1.105e+04	+0.492
33.000	+4.868e+03	+4.655e+03	+8.825e+03	+0.489
33.100	+5.048e+03	+5.070e+03	+1.085e+04	+0.501
33.200	+5.196e+03	+3.660e+03	+9.674e+03	+0.413
33.300	+5.930e+03	+5.319e+03	+1.052e+04	+0.473
33.400	+3.673e+03	+5.210e+03	+9.029e+03	+0.586
33.500	+5.182e+03	+5.107e+03	+9.789e+03	+0.496
33.600	+5.280e+03	+5.359e+03	+9.966e+03	+0.504
33.700	+5.317e+03	+3.537e+03	+1.073e+04	+0.400
33.800	+4.975e+03	+6.002e+03	+1.066e+04	+0.547
33.900	+4.760e+03	+4.813e+03	+1.033e+04	+0.503
34.000	+3.558e+03	+4.150e+03	+1.026e+04	+0.538
34.100	+4.785e+03	+3.497e+03	+9.294e+03	+0.422
34.200	+5.250e+03	+5.069e+03	+8.232e+03	+0.491
34.300	+5.356e+03	+5.893e+03	+1.070e+04	+0.524
34.400	+5.736e+03	+4.859e+03	+9.744e+03	+0.459
34.500	+4.476e+03	+5.281e+03	+1.171e+04	+0.541
34.600	+4.818e+03	+3.673e+03	+1.021e+04	+0.433
34.700	+4.588e+03	+4.530e+03	+9.700e+03	+0.497
34.800	+5.056e+03	+4.944e+03	+1.074e+04	+0.494
34.900	+5.451e+03	+4.259e+03	+1.002e+04	+0.439
35.000	+3.836e+03	+4.806e+03	+1.116e+04	+0.556
35.100	+4.154e+03	+5.115e+03	+1.007e+04	+0.552
35.200	+4.446e+03	+5.331e+03	+1.032e+04	+0.545
35.300	+5.296e+03	+4.537e+03	+1.127e+04	+0.461
35.400	+4.995e+03	+5.357e+03	+1.000e+04	+0.518
35.500	+4.135e+03	+4.551e+03	+1.087e+04	+0.524
35.600	+6.671e+03	+3.685e+03	+9.724e+03	+0.356
35.700	+8.028e+03	+1.651e+03	+1.072e+04	+0.171
35.800	+7.038e+03	+2.209e+03	+1.055e+04	+0.239
35.900	+6.818e+03	+1.565e+03	+9.777e+03	+0.187
36.000	+8.173e+03	+1.852e+03	+1.059e+04	+0.185
36.100	+7.915e+03	+1.922e+03	+1.039e+04	+0.195
36.200	+7.940e+03	+3.141e+03	+1.047e+04	+0.283
36.300	+6.791e+03	+3.229e+03	+9.445e+03	+0.322
36.400	+7.472e+03	+1.808e+03	+1.117e+04	+0.195
36.500	+6.387e+03	+2.272e+03	+1.125e+04	+0.262
36.600	+6.909e+03	+1.854e+03	+9.832e+03	+0.212
36.700	+7.295e+03	+3.405e+03	+9.108e+03	+0.318
36.800	+7.681e+03	+1.516e+03	+9.657e+03	+0.165
36.900	+8.486e+03	+2.106e+03	+9.631e+03	+0.199
37.000	+7.400e+03	+1.801e+03	+9.495e+03	+0.196
37.100	+7.024e+03	+2.413e+03	+1.008e+04	+0.256
37.200	+7.871e+03	+2.261e+03	+1.097e+04	+0.223
37.300	+8.460e+03	+1.949e+03	+9.621e+03	+0.187
37.400	+8.506e+03	+2.818e+03	+9.759e+03	+0.249
37.500	+7.626e+03	+1.295e+03	+1.029e+04	+0.145
37.600	+7.751e+03	+2.222e+03	+1.028e+04	+0.223
37.700	+7.088e+03	+3.356e+03	+8.454e+03	+0.321
37.800	+8.560e+03	+2.487e+03	+9.433e+03	+0.225
37.900	+7.886e+03	+3.000e+03	+8.373e+03	+0.276
38.000	+7.926e+03	+2.716e+03	+1.067e+04	+0.255
38.100	+6.412e+03	+2.098e+03	+1.057e+04	+0.247
38.200	+6.745e+03	+3.249e+03	+8.925e+03	+0.325
38.300	+7.440e+03	+2.848e+03	+1.028e+04	+0.277
38.400	+8.861e+03	+3.517e+03	+1.004e+04	+0.284
38.500	+7.060e+03	+3.123e+03	+1.049e+04	+0.307
38.600	+7.622e+03	+2.983e+03	+1.023e+04	+0.281
38.700	+6.962e+03	+3.268e+03	+9.464e+03	+0.319
38.800	+8.769e+03	+1.350e+03	+9.360e+03	+0.133
38.900	+8.122e+03	+2.166e+03	+1.047e+04	+0.211
39.000	+7.877e+03	+2.527e+03	+1.058e+04	+0.243
39.100	+7.974e+03	+4.063e+03	+1.051e+04	+0.338
39.200	+7.067e+03	+3.270e+03	+9.278e+03	+0.316
39.300	+7.108e+03	+1.791e+03	+9.538e+03	+0.201
39.400	+7.593e+03	+3.432e+03	+1.072e+04	+0.311
39.500	+8.065e+03	+2.966e+03	+9.928e+03	+0.269
39.600	+7.260e+03	+1.887e+03	+8.817e+03	+0.206
39.700	+7.157e+03	+2.056e+03	+1.094e+04	+0.223
39.800	+5.595e+03	+3.029e+03	+1.048e+04	+0.351
39.900	+7.714e+03	+2.243e+03	+1.065e+04	+0.225
40.000	+7.538e+03	+1.943e+03	+9.676e+03	+0.205
40.100	+5.703e+03	+2.054e+03	+1.035e+04	+0.265
40.200	+7.478e+03	+2.553e+03	+1.088e+04	+0.255
40.300	+7.057e+03	+3.112e+03	+1.117e+04	+0.306
40.400	+4.776e+03	+4.917e+03	+1.124e+04	+0.507
40.500	+4.994e+03	+5.182e+03	+9.943e+03	+0.509
40.600	+4.319e+03	+4.774e+03	+1.016e+04	+0.525
40.700	+4.155e+03	+6.669e+03	+1.116e+04	+0.616
40.800	+5.169e+03	+4.441e+03	+1.028e+04	+0.462
40.900	+5.446e+03	+5.304e+03	+1.032e+04	+0.493
41.000	+5.366e+03	+6.307e+03	+9.763e+03	+0.540
41.100	+5.276e+03	+4.628e+03	+9.101e+03	+0.467
41.200	+4.430e+03	+3.907e+03	+1.044e+04	+0.469
41.300	+3.768e+03	+4.063e+03	+9.666e+03	+0.519
41.400	+5.219e+03	+4.076e+03	+1.005e+04	+0.438
41.500	+5.041e+03	+5.226e+03	+9.866e+03	+0.509
41.600	+4.674e+03	+5.222e+03	+1.101e+04	+0.528
41.700	+5.904e+03	+4.824e+03	+1.035e+04	+0.450
41.800	+5.686e+03	+4.103e+03	+1.108e+04	+0.419
41.900	+5.383e+03	+5.091e+03	+1.025e+04	+0.486
42.000	+6.299e+03	+3.221e+03	+9.648e+03	+0.338
42.100	+4.207e+03	+5.489e+03	+9.341e+03	+0.566
42.200	+5.189e+03	+4.890e+03	+1.054e+04	+0.485
42.300	+4.368e+03	+5.680e+03	+9.566e+03	+0.565
42.400	+5.164e+03	+4.788e+03	+9.732e+03	+0.481
42.500	+5.277e+03	+4.484e+03	+1.079e+04	+0.459
42.600	+5.024e+03	+5.427e+03	+9.742e+03	+0.519
42.700	+4.969e+03	+4.448e+03	+1.129e+04	+0.472
42.800	+4.835e+03	+4.586e+03	+8.929e+03	+0.487
42.900	+4.934e+03	+4.731e+03	+1.072e+04	+0.489
43.000	+4.376e+03	+4.757e+03	+1.009e+04	+0.521
43.100	+4.265e+03	+5.924e+03	+1.034e+04	+0.581
43.200	+5.820e+03	+3.983e+03	+1.139e+04	+0.406
43.300	+4.295e+03	+5.001e+03	+9.523e+03	+0.538
43.400	+6.274e+03	+5.086e+03	+1.085e+04	+0.448
43.500	+4.987e+03	+4.521e+03	+1.068e+04	+0.475
43.600	+4.163e+03	+5.449e+03	+1.074e+04	+0.567
43.700	+4.858e+03	+5.508e+03	+1.019e+04	+0.531
43.800	+3.535e+03	+4.475e+03	+9.684e+03	+0.559
43.900	+4.673e+03	+4.340e+03	+9.788e+03	+0.482
44.000	+5.085e+03	+5.325e+03	+9.539e+03	+0.512
44.100	+5.137e+03	+4.643e+03	+9.925e+03	+0.475
44.200	+4.915e+03	+5.442e+03	+9.358e+03	+0.525
44.300	+4.259e+03	+6.632e+03	+9.746e+03	+0.609
44.400	+4.524e+03	+5.346e+03	+1.124e+04	+0.542
44.500	+5.390e+03	+5.162e+03	+1.055e+04	+0.489
44.600	+5.243e+03	+5.151e+03	+1.119e+04	+0.496
44.700	+5.105e+03	+4.569e+03	+1.101e+04	+0.472
44.800	+4.573e+03	+4.308e+03	+9.294e+03	+0.485
44.900	+5.094e+03	+4.361e+03	+8.855e+03	+0.461
45.000	+5.390e+03	+4.222e+03	+1.003e+04	+0.439
45.100	+5.273e+03	+4.759e+03	+1.083e+04	+0.474
45.200	+4.137e+03	+4.996e+03	+1.028e+04	+0.547
45.300	+5.101e+03	+5.728e+03	+1.089e+04	+0.529
45.400	+5.552e+03	+4.646e+03	+1.052e+04	+0.456
45.500	+4.621e+03	+4.078e+03	+9.261e+03	+0.469
45.600	+5.088e+03	+5.453e+03	+9.025e+03	+0.517
45.700	+6.106e+03	+4.843e+03	+9.142e+03	+0.442
45.800	+6.273e+03	+5.172e+03	+8.921e+03	+0.452
45.900	+4.418e+03	+5.575e+03	+1.078e+04	+0.558
46.000	+4.905e+03	+5.049e+03	+1.025e+04	+0.507
46.100	+4.428e+03	+5.349e+03	+1.055e+04	+0.547
46.200	+4.046e+03	+5.129e+03	+8.418e+03	+0.559
46.300	+6.119e+03	+5.150e+03	+9.542e+03	+0.457
46.400	+4.636e+03	+5.297e+03	+1.105e+04	+0.533
46.500	+4.486e+03	+6.328e+03	+9.817e+03	+0.585
46.600	+4.925e+03	+5.319e+03	+9.518e+03	+0.519
46.700	+4.009e+03	+5.599e+03	+1.015e+04	+0.583
46.800	+6.002e+03	+4.320e+03	+1.002e+04	+0.419
46.900	+4.943e+03	+6.050e+03	+9.657e+03	+0.550
47.000	+5.234e+03	+4.848e+03	+1.045e+04	+0.481
47.100	+5.038e+03	+5.617e+03	+9.506e+03	+0.527
47.200	+4.123e+03	+5.084e+03	+1.031e+04	+0.552
47.300	+4.956e+03	+5.677e+03	+1.026e+04	+0.534
47.400	+5.224e+03	+6.112e+03	+1.033e+04	+0.539
47.500	+4.673e+03	+3.533e+03	+9.664e+03	+0.431
47.600	+6.042e+03	+4.848e+03	+9.461e+03	+0.445
47.700	+4.636e+03	+3.615e+03	+1.003e+04	+0.438
47.800	+5.213e+03	+4.189e+03	+1.005e+04	+0.446
47.900	+4.814e+03	+4.821e+03	+1.066e+04	+0.500
48.000	+4.892e+03	+5.433e+03	+9.612e+03	+0.526
48.100	+5.062e+03	+4.999e+03	+9.695e+03	+0.497
48.200	+3.601e+03	+4.300e+03	+1.007e+04	+0.544
48.300	+6.182e+03	+4.935e+03	+9.007e+03	+0.444
48.400	+4.923e+03	+4.361e+03	+1.004e+04	+0.470
48.500	+5.235e+03	+4.997e+03	+1.157e+04	+0.488
48.600	+5.638e+03	+4.964e+03	+9.875e+03	+0.468
48.700	+4.116e+03	+4.453e+03	+1.086e+04	+0.520
48.800	+5.929e+03	+4.812e+03	+1.019e+04	+0.448
48.900	+5.560e+03	+5.428e+03	+1.074e+04	+0.494
49.000	+4.631e+03	+4.764e+03	+8.866e+03	+0.507
49.100	+5.420e+03	+4.343e+03	+9.268e+03	+0.445
49.200	+4.760e+03	+4.602e+03	+1.093e+04	+0.492
49.300	+5.573e+03	+5.114e+03	+1.006e+04	+0.479
49.400	+3.972e+03	+4.546e+03	+1.050e+04	+0.534
49.500	+5.407e+03	+5.189e+03	+1.029e+04	+0.490
49.600	+4.500e+03	+5.390e+03	+1.088e+04	+0.545
49.700	+5.609e+03	+4.398e+03	+1.090e+04	+0.439
49.800	+4.601e+03	+5.862e+03	+1.045e+04	+0.560
49.900	+5.661e+03	+5.139e+03	+1.084e+04	+0.476
50.000	+4.642e+03	+4.433e+03	+1.028e+04	+0.488
50.100	+6.039e+03	+5.043e+03	+9.606e+03	+0.455
50.200	+5.151e+03	+5.984e+03	+1.020e+04	+0.537
50.300	+4.672e+03	+5.721e+03	+1.064e+04	+0.550
50.400	+5.912e+03	+5.889e+03	+9.316e+03	+0.499
50.500	+5.674e+03	+4.314e+03	+9.616e+03	+0.432
50.600	+4.682e+03	+3.612e+03	+1.016e+04	+0.436
50.700	+4.346e+03	+5.279e+03	+9.197e+03	+0.549
50.800	+5.190e+03	+4.447e+03	+9.830e+03	+0.461
50.900	+5.007e+03	+6.294e+03	+1.094e+04	+0.557
51.000	+6.171e+03	+4.197e+03	+1.053e+04	+0.405
51.100	+5.335e+03	+6.640e+03	+9.929e+03	+0.554
51.200	+5.868e+03	+3.561e+03	+8.523e+03	+0.378
51.300	+4.222e+03	+5.108e+03	+9.606e+03	+0.547
51.400	+5.904e+03	+5.251e+03	+9.876e+03	+0.471
51.500	+5.303e+03	+5.880e+03	+1.009e+04	+0.526
51.600	+4.909e+03	+5.439e+03	+9.318e+03	+0.526
51.700	+3.780e+03	+6.160e+03	+1.014e+04	+0.620
51.800	+5.343e+03	+4.133e+03	+1.007e+04	+0.436
51.900	+4.063e+03	+4.336e+03	+9.332e+03	+0.516
52.000	+5.329e+03	+4.596e+03	+1.040e+04	+0.463
52.100	+4.724e+03	+5.337e+03	+1.070e+04	+0.530
52.200	+4.344e+03	+5.753e+03	+9.714e+03	+0.570
52.300	+4.536e+03	+3.499e+03	+1.023e+04	+0.435
52.400	+4.986e+03	+5.891e+03	+8.851e+03	+0.542
52.500	+3.107e+03	+5.169e+03	+1.040e+04	+0.625
52.600	+5.097e+03	+5.477e+03	+9.222e+03	+0.518
52.700	+5.246e+03	+5.170e+03	+1.007e+04	+0.496
52.800	+5.457e+03	+6.433e+03	+1.048e+04	+0.541
52.900	+5.438e+03	+6.265e+03	+1.095e+04	+0.535
53.000	+4.735e+03	+4.733e+03	+1.050e+04	+0.500
53.100	+4.386e+03	+5.013e+03	+1.173e+04	+0.533
53.200	+4.420e+03	+5.266e+03	+9.363e+03	+0.544
53.300	+4.502e+03	+3.531e+03	+1.009e+04	+0.440
53.400	+8.170e+03	+3.628e+03	+1.102e+04	+0.308
53.500	+7.664e+03	+2.034e+03	+1.038e+04	+0.210
53.600	+7.042e+03	+1.725e+03	+1.093e+04	+0.197
53.700	+8.495e+03	+3.952e+03	+1.095e+04	+0.317
53.800	+6.741e+03	+2.344e+03	+1.061e+04	+0.258
53.900	+8.195e+03	+3.737e+03	+1.041e+04	+0.313
54.000	+7.902e+03	+3.323e+03	+1.035e+04	+0.296
54.100	+6.738e+03	+1.888e+03	+9.957e+03	+0.219
54.200	+7.980e+03	+2.010e+03	+1.024e+04	+0.201
54.300	+8.004e+03	+2.585e+03	+9.907e+03	+0.244
54.400	+7.803e+03	+3.241e+03	+9.321e+03	+0.293
54.500	+7.087e+03	+2.329e+03	+1.062e+04	+0.247
54.600	+7.170e+03	+1.882e+03	+1.025e+04	+0.208
54.700	+7.100e+03	+2.293e+03	+9.274e+03	+0.244
54.800	+6.837e+03	+2.887e+03	+9.832e+03	+0.297
54.900	+7.328e+03	+2.749e+03	+1.003e+04	+0.273
55.000	+7.803e+03	+1.645e+03	+1.049e+04	+0.174
55.100	+8.097e+03	+2.276e+03	+9.784e+03	+0.219
55.200	+7.506e+03	+3.612e+03	+9.205e+03	+0.325
55.300	+7.628e+03	+2.922e+03	+1.027e+04	+0.277
55.400	+7.829e+03	+2.341e+03	+9.964e+03	+0.230
55.500	+7.718e+03	+3.199e+03	+1.003e+04	+0.293
55.600	+7.942e+03	+2.128e+03	+1.046e+04	+0.211
55.700	+7.291e+03	+2.358e+03	+9.974e+03	+0.244
55.800	+8.125e+03	+3.513e+03	+9.823e+03	+0.302
55.900	+7.609e+03	+2.609e+03	+9.645e+03	+0.255
56.000	+7.593e+03	+1.909e+03	+1.082e+04	+0.201
56.100	+7.083e+03	+2.873e+03	+8.723e+03	+0.289
56.200	+8.221e+03	+3.333e+03	+9.038e+03	+0.288
56.300	+7.604e+03	+3.411e+03	+9.203e+03	+0.310
56.400	+7.566e+03	+2.983e+03	+1.092e+04	+0.283
56.500	+7.767e+03	+2.617e+03	+9.644e+03	+0.252
56.600	+6.945e+03	+2.333e+03	+9.559e+03	+0.251
56.700	+7.178e+03	+3.787e+03	+9.940e+03	+0.345
56.800	+4.762e+03	+3.985e+03	+1.036e+04	+0.456
56.900	+5.381e+03	+3.689e+03	+1.029e+04	+0.407
57.000	+6.370e+03	+3.489e+03	+1.026e+04	+0.354
57.100	+6.536e+03	+2.544e+03	+1.109e+04	+0.280
57.200	+8.423e+03	+2.302e+03	+8.582e+03	+0.215
57.300	+7.983e+03	+2.105e+03	+9.518e+03	+0.209
57.400	+7.295e+03	+1.986e+03	+9.732e+03	+0.214
57.500	+7.627e+03	+2.801e+03	+1.098e+04	+0.269
57.600	+6.887e+03	+1.512e+03	+9.610e+03	+0.180
57.700	+6.150e+03	+3.386e+03	+1.073e+04	+0.355
57.800	+7.547e+03	+2.607e+03	+1.092e+04	+0.257
57.900	+7.898e+03	+1.977e+03	+9.320e+03	+0.200
58.000	+7.519e+03	+1.473e+03	+1.017e+04	+0.164
58.100	+6.935e+03	+2.947e+03	+9.777e+03	+0.298
58.200	+8.003e+03	+2.884e+03	+8.793e+03	+0.265
58.300	+7.317e+03	+2.458e+03	+1.001e+04	+0.251
58.400	+8.097e+03	+3.864e+03	+8.867e+03	+0.323
58.500	+7.245e+03	+7.945e+02	+9.749e+03	+0.099
58.600	+7.807e+03	+1.648e+03	+1.058e+04	+0.174
58.700	+7.307e+03	+2.621e+03	+1.037e+04	+0.264
58.800	+6.341e+03	+1.780e+03	+9.621e+03	+0.219
58.900	+7.473e+03	+1.908e+03	+9.491e+03	+0.203
59.000	+8.582e+03	+2.599e+03	+1.032e+04	+0.232
59.100	+7.241e+03	+2.279e+03	+1.018e+04	+0.239
59.200	+6.763e+03	+2.273e+03	+9.884e+03	+0.252
59.300	+7.782e+03	+1.944e+03	+1.030e+04	+0.200
59.400	+7.082e+03	+2.168e+03	+9.520e+03	+0.234
59.500	+7.320e+03	+2.838e+03	+1.076e+04	+0.279
59.600	+7.890e+03	+2.654e+03	+9.631e+03	+0.252
59.700	+7.931e+03	+1.508e+03	+8.715e+03	+0.160
59.800	+7.445e+03	+2.601e+03	+9.620e+03	+0.259
59.900	+6.573e+03	+3.275e+03	+1.211e+04	+0.333
60.000	+6.654e+03	+2.254e+03	+1.063e+04	+0.253
60.100	+8.983e+03	+1.716e+03	+1.033e+04	+0.160
60.200	+7.277e+03	+3.863e+03	+9.910e+03	+0.347
60.300	+7.726e+03	+2.020e+03	+9.215e+03	+0.207
60.400	+7.772e+03	+2.385e+03	+9.913e+03	+0.235
60.500	+7.275e+03	+1.885e+03	+9.395e+03	+0.206
60.600	+8.277e+03	+2.573e+03	+1.012e+04	+0.237
60.700	+7.372e+03	+1.924e+03	+8.265e+03	+0.207
60.800	+5.829e+03	+3.030e+03	+9.114e+03	+0.342
60.900	+7.597e+03	+3.103e+03	+9.600e+03	+0.290
61.000	+8.444e+03	+2.917e+03	+1.123e+04	+0.257
61.100	+6.116e+03	+2.513e+03	+9.871e+03	+0.291
61.200	+7.526e+03	+7.249e+02	+1.038e+04	+0.088
61.300	+6.725e+03	+3.157e+03	+9.191e+03	+0.319
61.400	+7.628e+03	+2.835e+03	+1.012e+04	+0.271
61.500	+5.826e+03	+8.330e+02	+1.025e+04	+0.125
61.600	+6.607e+03	+1.315e+03	+8.580e+03	+0.166
61.700	+8.342e+03	+2.971e+03	+9.957e+03	+0.263
61.800	+7.668e+03	+2.973e+03	+9.515e+03	+0.279
61.900	+7.603e+03	+2.229e+03	+1.024e+04	+0.227
62.000	+8.588e+03	+1.751e+03	+1.011e+04	+0.169
62.100	+7.764e+03	+3.027e+03	+1.042e+04	+0.281
62.200	+7.691e+03	+2.644e+03	+9.031e+03	+0.256
62.300	+7.597e+03	+2.942e+03	+8.934e+03	+0.279
62.400	+9.224e+03	+2.932e+03	+9.692e+03	+0.241
62.500	+6.891e+03	+2.924e+03	+8.411e+03	+0.298
62.600	+6.668e+03	+2.015e+03	+9.097e+03	+0.232
62.700	+8.369e+03	+1.763e+03	+1.011e+04	+0.174
62.800	+7.735e+03	+3.129e+03	+1.110e+04	+0.288
62.900	+5.991e+03	+1.253e+03	+9.625e+03	+0.173
63.000	+7.307e+03	+2.619e+03	+1.043e+04	+0.264
63.100	+7.481e+03	+1.854e+03	+1.045e+04	+0.199
63.200	+7.063e+03	+2.531e+03	+1.020e+04	+0.264
63.300	+7.239e+03	+2.943e+03	+9.565e+03	+0.289
63.400	+8.427e+03	+2.130e+03	+9.329e+03	+0.202
63.500	+7.286e+03	+2.432e+03	+1.092e+04	+0.250
63.600	+7.010e+03	+2.548e+03	+9.681e+03	+0.267
63.700	+7.603e+03	+1.457e+03	+9.871e+03	+0.161
63.800	+6.609e+03	+1.379e+03	+1.095e+04	+0.173
63.900	+7.408e+03	+2.544e+03	+1.001e+04	+0.256
64.000	+7.779e+03	+2.413e+03	+1.041e+04	+0.237
64.100	+7.305e+03	+1.894e+03	+9.846e+03	+0.206
64.200	+8.032e+03	+2.339e+03	+9.551e+03	+0.226
64.300	+6.821e+03	+3.537e+03	+1.005e+04	+0.341
64.400	+7.411e+03	+1.985e+03	+1.095e+04	+0.211
64.500	+7.522e+03	+1.759e+03	+9.011e+03	+0.190
64.600	+8.085e+03	+1.992e+03	+9.334e+03	+0.198
64.700	+7.436e+03	+3.983e+03	+9.868e+03	+0.349
64.800	+7.449e+03	+2.495e+03	+1.055e+04	+0.251
64.900	+7.620e+03	+2.171e+03	+9.995e+03	+0.222
65.000	+8.544e+03	+1.872e+03	+9.706e+03	+0.180
65.100	+6.720e+03	+2.256e+03	+1.096e+04	+0.251
65.200	+6.488e+03	+2.183e+03	+1.058e+04	+0.252
65.300	+7.910e+03	+2.967e+03	+8.926e+03	+0.273
65.400	+7.603e+03	+1.691e+03	+9.851e+03	+0.182
65.500	+7.969e+03	+3.305e+03	+1.084e+04	+0.293
65.600	+8.076e+03	+2.460e+03	+9.149e+03	+0.233
65.700	+7.453e+03	+2.359e+03	+1.023e+04	+0.240
65.800	+7.620e+03	+1.995e+03	+9.393e+03	+0.207
65.900	+6.413e+03	+3.508e+03	+9.435e+03	+0.354
66.000	+7.745e+03	+1.440e+03	+9.810e+03	+0.157
66.100	+7.168e+03	+2.977e+03	+9.043e+03	+0.293
66.200	+8.772e+03	+2.812e+03	+1.008e+04	+0.243
66.300	+7.727e+03	+1.876e+03	+1.049e+04	+0.195
66.400	+7.267e+03	+2.060e+03	+9.623e+03	+0.221
66.500	+7.912e+03	+2.711e+03	+1.134e+04	+0.255
66.600	+8.193e+03	+2.634e+03	+1.015e+04	+0.243
66.700	+7.709e+03	+2.153e+03	+1.090e+04	+0.218
66.800	+7.832e+03	+1.279e+03	+9.636e+03	+0.140
66.900	+7.635e+03	+2.297e+03	+1.083e+04	+0.231
67.000	+8.540e+03	+2.246e+03	+1.120e+04	+0.208
67.100	+7.248e+03	+2.616e+03	+9.798e+03	+0.265
67.200	+7.512e+03	+1.892e+03	+9.135e+03	+0.201
67.300	+8.864e+03	+1.705e+03	+1.049e+04	+0.161
67.400	+7.699e+03	+3.605e+03	+1.101e+04	+0.319
67.500	+8.137e+03	+2.985e+03	+9.453e+03	+0.268
67.600	+8.251e+03	+3.299e+03	+1.028e+04	+0.286
67.700	+7.918e+03	+4.064e+03	+1.019e+04	+0.339
67.800	+9.028e+03	+2.912e+03	+1.118e+04	+0.244
67.900	+8.692e+03	+2.354e+03	+1.069e+04	+0.213
68.000	+7.545e+03	+3.063e+03	+1.061e+04	+0.289
68.100	+6.918e+03	+2.288e+03	+1.082e+04	+0.248
68.200	+7.033e+03	+2.361e+03	+1.028e+04	+0.251
68.300	+7.642e+03	+2.435e+03	+9.757e+03	+0.242
68.400	+5.575e+03	+1.050e+03	+9.739e+03	+0.159
68.500	+6.636e+03	+1.607e+03	+9.429e+03	+0.195
68.600	+8.877e+03	+3.123e+03	+9.773e+03	+0.260
68.700	+7.715e+03	+2.754e+03	+9.782e+03	+0.263
68.800	+6.421e+03	+2.194e+03	+1.007e+04	+0.255
68.900	+6.700e+03	+1.188e+03	+1.050e+04	+0.151
69.000	+7.731e+03	+1.915e+03	+9.062e+03	+0.199
69.100	+7.413e+03	+1.896e+03	+1.057e+04	+0.204
69.200	+7.680e+03	+2.159e+03	+8.586e+03	+0.219
69.300	+7.606e+03	+2.621e+03	+9.625e+03	+0.256
69.400	+8.189e+03	+1.811e+03	+9.823e+03	+0.181
69.500	+5.574e+03	+3.558e+03	+1.014e+04	+0.390
69.600	+5.138e+03	+5.503e+03	+9.879e+03	+0.517
69.700	+5.226e+03	+4.495e+03	+1.005e+04	+0.462
69.800	+4.699e+03	+5.349e+03	+9.306e+03	+0.532
69.900	+6.769e+03	+4.354e+03	+9.783e+03	+0.391
70.000	+7.291e+03	+1.671e+03	+1.031e+04	+0.186
70.100	+8.514e+03	+2.884e+03	+1.084e+04	+0.253
70.200	+7.378e+03	+3.064e+03	+9.183e+03	+0.293
70.300	+7.156e+03	+2.185e+03	+1.056e+04	+0.234
70.400	+7.931e+03	+1.944e+03	+9.337e+03	+0.197
70.500	+6.366e+03	+2.079e+03	+1.109e+04	+0.246
70.600	+6.569e+03	+3.312e+03	+1.047e+04	+0.335
70.700	+7.176e+03	+3.039e+03	+9.366e+03	+0.297
70.800	+7.395e+03	+2.584e+03	+9.726e+03	+0.259
70.900	+8.144e+03	+3.438e+03	+9.979e+03	+0.297
71.000	+6.550e+03	+2.567e+03	+9.666e+03	+0.282
71.100	+7.109e+03	+2.083e+03	+8.750e+03	+0.227
71.200	+7.915e+03	+2.410e+03	+9.860e+03	+0.233
71.300	+7.431e+03	+2.336e+03	+1.044e+04	+0.239
71.400	+6.550e+03	+2.012e+03	+9.822e+03	+0.235
71.500	+8.568e+03	+2.604e+03	+1.057e+04	+0.233
71.600	+7.741e+03	+2.413e+03	+9.980e+03	+0.238
71.700	+4.173e+03	+6.246e+03	+1.001e+04	+0.600
71.800	+2.187e+03	+7.370e+03	+8.975e+03	+0.771
71.900	+1.992e+03	+8.038e+03	+9.093e+03	+0.801
72.000	+2.013e+03	+7.995e+03	+1.130e+04	+0.799
72.100	+2.680e+03	+7.596e+03	+9.955e+03	+0.739
72.200	+1.961e+03	+8.008e+03	+1.020e+04	+0.803
72.300	+1.453e+03	+8.499e+03	+1.022e+04	+0.854
72.400	+1.696e+03	+7.446e+03	+9.531e+03	+0.815
72.500	+2.442e+03	+7.541e+03	+9.595e+03	+0.755
72.600	+1.255e+03	+8.034e+03	+1.083e+04	+0.865
72.700	+1.452e+03	+8.330e+03	+1.041e+04	+0.852
72.800	+2.855e+03	+7.400e+03	+1.010e+04	+0.722
72.900	+1.575e+03	+8.510e+03	+9.901e+03	+0.844
73.000	+1.015e+03	+7.846e+03	+1.033e+04	+0.885
73.100	+2.461e+03	+8.689e+03	+9.428e+03	+0.779
73.200	+8.434e+02	+8.006e+03	+9.711e+03	+0.905
73.300	+2.616e+03	+7.984e+03	+1.023e+04	+0.753
73.400	+2.935e+03	+6.927e+03	+9.586e+03	+0.702
73.500	+2.548e+03	+7.360e+03	+1.094e+04	+0.743
73.600	+1.254e+03	+7.153e+03	+1.036e+04	+0.851
73.700	+2.893e+03	+9.064e+03	+1.087e+04	+0.758
73.800	+2.742e+03	+7.870e+03	+8.442e+03	+0.742
73.900	+1.848e+03	+8.500e+03	+1.098e+04	+0.821
74.000	+2.814e+03	+7.768e+03	+1.035e+04	+0.734
74.100	+1.401e+03	+8.013e+03	+1.056e+04	+0.851
74.200	+2.493e+03	+7.991e+03	+8.823e+03	+0.762
74.300	+2.560e+03	+6.793e+03	+9.699e+03	+0.726
74.400	+2.000e+03	+7.850e+03	+1.039e+04	+0.797
74.500	+2.715e+03	+7.268e+03	+8.054e+03	+0.728
74.600	+1.866e+03	+8.924e+03	+9.652e+03	+0.827
74.700	+1.563e+03	+7.542e+03	+1.010e+04	+0.828
74.800	+1.466e+03	+7.875e+03	+9.031e+03	+0.843
74.900	+1.496e+03	+8.961e+03	+1.012e+04	+0.857
75.000	+2.861e+03	+8.391e+03	+9.221e+03	+0.746
75.100	+1.758e+03	+8.494e+03	+1.108e+04	+0.829
75.200	+1.534e+03	+9.089e+03	+8.988e+03	+0.856
75.300	+1.625e+03	+9.462e+03	+1.081e+04	+0.853
75.400	+2.240e+03	+8.738e+03	+1.019e+04	+0.796
75.500	+2.971e+03	+7.856e+03	+1.143e+04	+0.726
75.600	+7.970e+02	+7.633e+03	+9.713e+03	+0.905
75.700	+2.128e+03	+7.199e+03	+9.362e+03	+0.772
75.800	+2.046e+03	+8.303e+03	+9.071e+03	+0.802
75.900	+2.988e+03	+7.570e+03	+1.062e+04	+0.717
76.000	+3.162e+03	+6.717e+03	+1.027e+04	+0.680
76.100	+1.424e+03	+8.621e+03	+9.919e+03	+0.858
76.200	+2.766e+03	+8.285e+03	+9.863e+03	+0.750
76.300	+1.562e+03	+7.345e+03	+1.017e+04	+0.825
76.400	+3.470e+03	+7.165e+03	+1.057e+04	+0.674
76.500	+8.839e+02	+8.759e+03	+9.856e+03	+0.908
76.600	+2.657e+03	+8.436e+03	+9.544e+03	+0.761
76.700	+7.095e+02	+7.715e+03	+1.045e+04	+0.916
76.800	+2.418e+03	+7.826e+03	+9.607e+03	+0.764
76.900	+2.506e+03	+8.404e+03	+9.856e+03	+0.770
77.000	+2.485e+03	+7.688e+03	+9.057e+03	+0.756
77.100	+2.963e+03	+7.578e+03	+1.081e+04	+0.719
77.200	+1.349e+03	+9.297e+03	+9.904e+03	+0.873
77.300	+3.199e+03	+8.804e+03	+9.593e+03	+0.733
77.400	+1.932e+03	+7.196e+03	+1.043e+04	+0.788
77.500	+1.132e+03	+7.533e+03	+8.902e+03	+0.869
77.600	+2.345e+03	+7.420e+03	+1.079e+04	+0.760
77.700	+2.443e+03	+7.282e+03	+8.831e+03	+0.749
77.800	+1.998e+03	+8.489e+03	+1.069e+04	+0.809
77.900	+1.311e+03	+8.672e+03	+9.381e+03	+0.869
78.000	+2.130e+03	+8.453e+03	+9.920e+03	+0.799
78.100	+2.447e+03	+8.412e+03	+8.785e+03	+0.775
78.200	+3.226e+03	+9.525e+03	+1.033e+04	+0.747
78.300	+2.043e+03	+8.819e+03	+1.020e+04	+0.812
78.400	+1.858e+03	+8.060e+03	+9.722e+03	+0.813
78.500	+2.786e+03	+8.469e+03	+1.130e+04	+0.752
78.600	+2.302e+03	+7.863e+03	+1.121e+04	+0.773
78.700	+6.784e+02	+8.060e+03	+1.119e+04	+0.922
78.800	+2.586e+03	+7.824e+03	+9.855e+03	+0.752
78.900	+2.118e+03	+7.670e+03	+1.035e+04	+0.784
79.000	+1.929e+03	+7.316e+03	+1.035e+04	+0.791
79.100	+2.272e+03	+7.717e+03	+1.015e+04	+0.773
79.200	+2.684e+03	+7.339e+03	+9.797e+03	+0.732
79.300	+1.973e+03	+8.332e+03	+1.076e+04	+0.809
79.400	+1.617e+03	+7.951e+03	+9.169e+03	+0.831
79.500	+2.485e+03	+8.619e+03	+1.078e+04	+0.776
79.600	+2.194e+03	+7.473e+03	+1.078e+04	+0.773
79.700	+9.989e+02	+8.108e+03	+1.028e+04	+0.890
79.800	+2.489e+03	+7.800e+03	+9.351e+03	+0.758
79.900	+1.662e+03	+7.186e+03	+1.129e+04	+0.812
80.000	+1.951e+03	+6.706e+03	+9.884e+03	+0.775
80.100	+2.639e+03	+8.503e+03	+9.879e+03	+0.763
80.200	+2.543e+03	+7.031e+03	+1.013e+04	+0.734
80.300	+1.760e+03	+8.707e+03	+1.032e+04	+0.832
80.400	+1.357e+03	+7.095e+03	+1.007e+04	+0.839
80.500	+2.526e+03	+7.402e+03	+1.089e+04	+0.746
80.600	+2.191e+03	+7.444e+03	+9.252e+03	+0.773
80.700	+1.887e+03	+8.770e+03	+9.445e+03	+0.823
80.800	+2.928e+02	+6.996e+03	+1.022e+04	+0.960
80.900	+2.304e+03	+8.860e+03	+8.435e+03	+0.794
81.000	+1.340e+03	+9.341e+03	+8.922e+03	+0.875
81.100	+2.575e+03	+8.237e+03	+1.068e+04	+0.762
81.200	+1.981e+03	+8.386e+03	+9.775e+03	+0.809
81.300	+1.985e+03	+8.618e+03	+1.028e+04	+0.813
81.400	+1.822e+03	+7.186e+03	+1.053e+04	+0.798
81.500	+1.242e+03	+8.626e+03	+9.235e+03	+0.874
81.600	+1.689e+03	+7.487e+03	+1.029e+04	+0.816
81.700	+7.446e+02	+7.521e+03	+1.131e+04	+0.910
81.800	+2.575e+03	+8.090e+03	+9.489e+03	+0.759
81.900	+6.004e+02	+8.340e+03	+9.845e+03	+0.933
82.000	+2.111e+03	+8.169e+03	+9.465e+03	+0.795
82.100	+2.053e+03	+7.905e+03	+1.066e+04	+0.794
82.200	+2.510e+03	+9.001e+03	+9.214e+03	+0.782
82.300	+3.010e+03	+7.083e+03	+9.494e+03	+0.702
82.400	+1.665e+03	+8.160e+03	+1.001e+04	+0.831
82.500	+1.751e+03	+9.687e+03	+8.936e+03	+0.847
82.600	+3.097e+03	+7.674e+03	+1.203e+04	+0.712
82.700	+1.734e+03	+7.163e+03	+1.002e+04	+0.805
82.800	+2.617e+03	+7.524e+03	+9.524e+03	+0.742
82.900	+2.320e+03	+7.307e+03	+1.072e+04	+0.759
83.000	+1.387e+03	+8.524e+03	+9.722e+03	+0.860
83.100	+2.901e+03	+8.040e+03	+1.158e+04	+0.735
83.200	+3.688e+03	+5.686e+03	+9.042e+03	+0.607
83.300	+4.992e+03	+5.078e+03	+1.032e+04	+0.504
83.400	+3.821e+03	+3.563e+03	+9.486e+03	+0.483
83.500	+3.312e+03	+6.487e+03	+1.026e+04	+0.662
83.600	+4.859e+03	+5.290e+03	+9.996e+03	+0.521
83.700	+5.328e+03	+4.497e+03	+1.080e+04	+0.458
83.800	+6.333e+03	+6.012e+03	+9.464e+03	+0.487
83.900	+5.337e+03	+5.212e+03	+9.928e+03	+0.494
84.000	+5.524e+03	+4.508e+03	+1.005e+04	+0.449
84.100	+6.117e+03	+3.320e+03	+1.028e+04	+0.352
84.200	+6.932e+03	+1.551e+03	+1.091e+04	+0.183
84.300	+8.306e+03	+9.626e+02	+1.085e+04	+0.104
84.400	+7.407e+03	+1.477e+03	+1.036e+04	+0.166
84.500	+8.669e+03	+3.364e+03	+9.981e+03	+0.280
84.600	+5.910e+03	+2.975e+03	+1.108e+04	+0.335
84.700	+7.272e+03	+2.296e+03	+9.355e+03	+0.240
84.800	+5.582e+03	+2.520e+03	+9.294e+03	+0.311
84.900	+8.862e+03	+2.792e+03	+1.121e+04	+0.240
85.000	+8.674e+03	+8.675e+02	+9.499e+03	+0.091
85.100	+6.678e+03	+2.585e+03	+9.695e+03	+0.279
85.200	+6.348e+03	+2.807e+03	+1.122e+04	+0.307
85.300	+7.671e+03	+3.338e+03	+9.944e+03	+0.303
85.400	+7.868e+03	+3.527e+03	+1.126e+04	+0.310
85.500	+7.651e+03	+1.286e+03	+9.937e+03	+0.144
85.600	+7.412e+03	+2.549e+03	+1.042e+04	+0.256
85.700	+6.123e+03	+2.313e+03	+1.187e+04	+0.274
85.800	+7.784e+03	+2.370e+03	+1.020e+04	+0.233
85.900	+6.828e+03	+1.772e+03	+1.041e+04	+0.206
86.000	+7.361e+03	+2.282e+03	+8.594e+03	+0.237
86.100	+7.708e+03	+2.252e+03	+9.663e+03	+0.226
86.200	+8.726e+03	+2.524e+03	+9.462e+03	+0.224
86.300	+7.793e+03	+2.658e+03	+9.291e+03	+0.254
86.400	+7.858e+03	+2.819e+03	+1.015e+04	+0.264
86.500	+7.730e+03	+2.179e+03	+9.512e+03	+0.220
86.600	+8.046e+03	+1.882e+03	+1.006e+04	+0.190
86.700	+7.422e+03	+2.777e+03	+1.108e+04	+0.272
86.800	+7.165e+03	+2.951e+02	+9.993e+03	+0.040
86.900	+6.328e+03	+3.882e+03	+1.060e+04	+0.380
87.000	+7.368e+03	+3.268e+03	+1.149e+04	+0.307
87.100	+8.454e+03	+2.996e+03	+1.081e+04	+0.262
87.200	+7.190e+03	+1.257e+03	+8.398e+03	+0.149
87.300	+7.136e+03	+1.734e+03	+8.645e+03	+0.196
87.400	+7.078e+03	+2.167e+03	+9.777e+03	+0.234
87.500	+7.751e+03	+2.460e+03	+9.672e+03	+0.241
87.600	+6.358e+03	+2.833e+03	+8.832e+03	+0.308
87.700	+8.163e+03	+2.961e+03	+1.126e+04	+0.266
87.800	+7.061e+03	+1.737e+03	+9.660e+03	+0.197
87.900	+8.112e+03	+3.319e+03	+9.430e+03	+0.290
88.000	+7.983e+03	+2.460e+03	+1.013e+04	+0.236
88.100	+7.157e+03	+2.766e+03	+9.770e+03	+0.279
88.200	+8.139e+03	+1.743e+03	+9.957e+03	+0.176
88.300	+7.191e+03	+1.505e+03	+8.366e+03	+0.173
88.400	+9.261e+03	+3.324e+03	+1.059e+04	+0.264
88.500	+7.426e+03	+3.010e+03	+1.060e+04	+0.288
88.600	+7.333e+03	+2.682e+03	+9.270e+03	+0.268
88.700	+6.542e+03	+3.745e+03	+9.657e+03	+0.364
88.800	+6.275e+03	+2.422e+03	+1.095e+04	+0.279
88.900	+6.017e+03	+2.666e+03	+9.673e+03	+0.307
89.000	+6.971e+03	+2.876e+03	+1.081e+04	+0.292
89.100	+7.333e+03	+1.518e+03	+9.805e+03	+0.172
89.200	+7.305e+03	+1.904e+03	+1.014e+04	+0.207
89.300	+9.177e+03	+1.476e+03	+9.814e+03	+0.139
89.400	+7.973e+03	+2.189e+03	+9.522e+03	+0.215
89.500	+7.180e+03	+3.711e+03	+1.042e+04	+0.341
89.600	+8.203e+03	+2.996e+03	+1.090e+04	+0.267
89.700	+7.087e+03	+1.429e+03	+9.748e+03	+0.168
89.800	+6.718e+03	+1.903e+03	+9.619e+03	+0.221
89.900	+7.853e+03	+2.941e+03	+9.621e+03	+0.272
90.000	+6.415e+03	+3.095e+03	+8.329e+03	+0.325
90.100	+7.071e+03	+2.385e+03	+1.070e+04	+0.252
90.200	+6.543e+03	+1.930e+03	+1.015e+04	+0.228
90.300	+7.758e+03	+3.403e+03	+9.652e+03	+0.305
90.400	+7.971e+03	+1.827e+03	+9.812e+03	+0.186
90.500	+8.835e+03	+4.090e+03	+1.064e+04	+0.316
90.600	+8.625e+03	+3.418e+03	+1.119e+04	+0.284
90.700	+6.826e+03	+3.574e+03	+9.082e+03	+0.344
90.800	+8.197e+03	+2.502e+03	+9.760e+03	+0.234
90.900	+6.665e+03	+3.169e+03	+8.887e+03	+0.322
91.000	+7.559e+03	+2.554e+03	+1.070e+04	+0.253
91.100	+7.843e+03	+1.713e+03	+1.002e+04	+0.179
91.200	+6.526e+03	+3.060e+03	+1.087e+04	+0.319
91.300	+7.833e+03	+2.565e+03	+9.060e+03	+0.247
91.400	+6.305e+03	+2.981e+03	+9.636e+03	+0.321
91.500	+7.085e+03	+2.381e+03	+1.035e+04	+0.252
91.600	+7.075e+03	+1.793e+03	+9.333e+03	+0.202
91.700	+7.004e+03	+3.414e+03	+9.986e+03	+0.328
91.800	+7.899e+03	+3.136e+03	+1.006e+04	+0.284
91.900	+6.782e+03	+2.640e+03	+9.564e+03	+0.280
92.000	+7.882e+03	+2.698e+03	+9.947e+03	+0.255
92.100	+8.219e+03	+3.491e+03	+9.928e+03	+0.298
92.200	+7.883e+03	+2.456e+03	+8.869e+03	+0.238
92.300	+6.934e+03	+2.690e+03	+9.998e+03	+0.280
92.400	+6.355e+03	+3.383e+03	+9.859e+03	+0.347
92.500	+6.792e+03	+2.066e+03	+9.823e+03	+0.233
92.600	+8.546e+03	+2.958e+03	+1.079e+04	+0.257
92.700	+7.475e+03	+3.750e+03	+9.258e+03	+0.334
92.800	+7.660e+03	+3.767e+03	+1.091e+04	+0.330
92.900	+6.923e+03	+4.484e+02	+1.097e+04	+0.061
93.000	+7.115e+03	+1.592e+03	+1.100e+04	+0.183
93.100	+8.203e+03	+2.728e+03	+1.013e+04	+0.250
93.200	+7.729e+03	+3.007e+03	+1.093e+04	+0.280
93.300	+7.315e+03	+3.405e+03	+1.042e+04	+0.318
93.400	+6.883e+03	+3.569e+03	+1.075e+04	+0.341
93.500	+7.629e+03	+2.276e+03	+1.090e+04	+0.230
93.600	+6.822e+03	+2.724e+03	+8.810e+03	+0.285
93.700	+8.000e+03	+2.530e+03	+9.182e+03	+0.240
93.800	+6.511e+03	+1.871e+03	+1.106e+04	+0.223
93.900	+8.389e+03	+2.261e+03	+1.102e+04	+0.212
94.000	+5.879e+03	+2.286e+03	+1.019e+04	+0.280
94.100	+6.915e+03	+2.551e+03	+9.752e+03	+0.269
94.200	+7.615e+03	+2.058e+03	+1.012e+04	+0.213
94.300	+7.226e+03	+2.087e+03	+1.028e+04	+0.224
94.400	+7.512e+03	+2.986e+03	+8.054e+03	+0.284
94.500	+7.097e+03	+1.961e+03	+1.013e+04	+0.217
94.600	+7.448e+03	+2.329e+03	+9.596e+03	+0.238
94.700	+6.900e+03	+2.069e+03	+8.641e+03	+0.231
94.800	+7.623e+03	+1.785e+03	+1.045e+04	+0.190
94.900	+8.080e+03	+2.386e+03	+8.987e+03	+0.228
95.000	+6.868e+03	+1.631e+03	+1.070e+04	+0.192
95.100	+8.049e+03	+2.960e+03	+9.845e+03	+0.269
95.200	+7.076e+03	+3.033e+03	+8.951e+03	+0.300
95.300	+8.379e+03	+1.822e+03	+1.004e+04	+0.179
95.400	+6.659e+03	+1.678e+03	+9.695e+03	+0.201
95.500	+8.241e+03	+2.303e+03	+1.018e+04	+0.218
95.600	+6.674e+03	+3.050e+03	+9.409e+03	+0.314
95.700	+7.224e+03	+2.831e+03	+9.789e+03	+0.282
95.800	+7.279e+03	+2.690e+03	+1.110e+04	+0.270
95.900	+6.227e+03	+3.728e+03	+1.012e+04	+0.374
96.000	+7.297e+03	+1.764e+03	+8.898e+03	+0.195
96.100	+7.837e+03	+2.373e+03	+9.918e+03	+0.232
96.200	+8.075e+03	+1.726e+03	+1.028e+04	+0.176
96.300	+8.200e+03	+2.560e+03	+1.038e+04	+0.238
96.400	+8.174e+03	+2.526e+03	+1.108e+04	+0.236
96.500	+7.782e+03	+2.715e+03	+9.970e+03	+0.259
96.600	+8.301e+03	+1.937e+03	+1.061e+04	+0.189
96.700	+6.708e+03	+2.549e+03	+9.706e+03	+0.275
96.800	+7.089e+03	+1.989e+03	+1.072e+04	+0.219
96.900	+6.996e+03	+2.276e+03	+1.063e+04	+0.245
97.000	+6.907e+03	+3.516e+03	+9.655e+03	+0.337
97.100	+7.417e+03	+1.651e+03	+9.678e+03	+0.182
97.200	+7.449e+03	+2.667e+03	+1.033e+04	+0.264
97.300	+7.663e+03	+2.324e+03	+9.884e+03	+0.233
97.400	+6.532e+03	+1.931e+03	+9.943e+03	+0.228
97.500	+7.552e+03	+2.326e+03	+1.053e+04	+0.235
97.600	+7.858e+03	+2.295e+03	+9.307e+03	+0.226
97.700	+7.070e+03	+2.091e+03	+8.759e+03	+0.228
97.800	+7.121e+03	+3.116e+03	+1.050e+04	+0.304
97.900	+7.045e+03	+2.667e+03	+1.040e+04	+0.275
98.000	+7.108e+03	+1.757e+03	+1.097e+04	+0.198
98.100	+6.566e+03	+2.909e+03	+9.206e+03	+0.307
98.200	+6.019e+03	+3.100e+03	+9.225e+03	+0.340
98.300	+6.670e+03	+3.490e+03	+1.011e+04	+0.344
98.400	+7.309e+03	+1.785e+03	+9.801e+03	+0.196
98.500	+6.959e+03	+2.141e+03	+9.997e+03	+0.235
98.600	+1.047e+04	+2.239e+03	+1.020e+04	+0.176
98.700	+8.330e+03	+2.058e+03	+9.660e+03	+0.198
98.800	+8.823e+03	+1.016e+03	+1.031e+04	+0.103
98.900	+6.519e+03	+3.347e+03	+9.136e+03	+0.339
99.000	+7.714e+03	+1.491e+03	+1.026e+04	+0.162
99.100	+8.452e+03	+2.239e+03	+9.097e+03	+0.209
99.200	+8.111e+03	+1.630e+03	+9.875e+03	+0.167
99.300	+8.070e+03	+2.056e+03	+1.039e+04	+0.203
99.400	+8.793e+03	+2.461e+03	+1.042e+04	+0.219
99.500	+7.368e+03	+2.379e+03	+9.491e+03	+0.244
99.600	+7.541e+03	+1.809e+03	+9.544e+03	+0.193
99.700	+7.317e+03	+1.750e+03	+1.041e+04	+0.193
99.800	+6.548e+03	+2.124e+03	+9.073e+03	+0.245
99.900	+7.307e+03	+1.705e+03	+1.074e+04	+0.189
100.000	+7.051e+03	+3.066e+03	+1.099e+04	+0.303
100.100	+7.351e+03	+2.435e+03	+9.585e+03	+0.249
100.200	+7.079e+03	+2.307e+03	+9.527e+03	+0.246
100.300	+7.261e+03	+2.518e+03	+1.118e+04	+0.258
100.400	+6.568e+03	+2.075e+03	+1.144e+04	+0.240
100.500	+8.014e+03	+3.416e+03	+1.117e+04	+0.299
100.600	+7.385e+03	+1.815e+03	+1.092e+04	+0.197
100.700	+8.646e+03	+2.279e+03	+1.073e+04	+0.209
100.800	+8.529e+03	+1.997e+03	+1.085e+04	+0.190
100.900	+7.732e+03	+2.621e+03	+1.008e+04	+0.253
101.000	+6.355e+03	+2.939e+03	+9.412e+03	+0.316
101.100	+6.600e+03	+2.223e+03	+9.216e+03	+0.252
101.200	+6.941e+03	+1.461e+03	+1.068e+04	+0.174
101.300	+6.411e+03	+2.187e+03	+9.489e+03	+0.254
101.400	+8.153e+03	+2.356e+03	+9.313e+03	+0.224
101.500	+8.272e+03	+2.001e+03	+9.245e+03	+0.195
101.600	+6.105e+03	+2.011e+03	+1.127e+04	+0.248
101.700	+7.402e+03	+2.341e+03	+9.515e+03	+0.240
101.800	+7.891e+03	+2.281e+03	+9.929e+03	+0.224
101.900	+7.183e+03	+2.554e+03	+1.074e+04	+0.262
102.000	+8.968e+03	+2.347e+03	+9.949e+03	+0.207
102.100	+5.849e+03	+2.967e+03	+1.026e+04	+0.337
102.200	+6.714e+03	+3.257e+03	+9.920e+03	+0.327
102.300	+7.585e+03	+3.836e+03	+1.108e+04	+0.336
102.400	+8.010e+03	+3.343e+03	+9.613e+03	+0.294
102.500	+7.626e+03	+1.824e+03	+9.264e+03	+0.193
102.600	+7.698e+03	+2.884e+03	+8.317e+03	+0.273
102.700	+6.822e+03	+2.908e+03	+1.027e+04	+0.299
102.800	+5.888e+03	+2.392e+03	+9.773e+03	+0.289
102.900	+7.891e+03	+1.931e+03	+1.029e+04	+0.197
103.000	+7.775e+03	+1.880e+03	+1.048e+04	+0.195
103.100	+8.044e+03	+1.940e+03	+1.038e+04	+0.194
103.200	+8.839e+03	+3.942e+03	+9.786e+03	+0.308
103.300	+6.934e+03	+1.166e+03	+9.757e+03	+0.144
103.400	+8.128e+03	+2.992e+03	+1.029e+04	+0.269
103.500	+7.143e+03	+1.853e+03	+8.711e+03	+0.206
103.600	+5.294e+03	+2.431e+03	+1.074e+04	+0.315
103.700	+8.035e+03	+2.963e+03	+1.060e+04	+0.269
103.800	+7.897e+03	+3.590e+03	+8.955e+03	+0.313
103.900	+7.866e+03	+3.420e+03	+1.037e+04	+0.303
104.000	+5.993e+03	+4.757e+03	+9.717e+03	+0.443
104.100	+5.327e+03	+5.277e+03	+1.113e+04	+0.498
104.200	+3.969e+03	+3.977e+03	+1.185e+04	+0.500
104.300	+4.710e+03	+5.347e+03	+1.083e+04	+0.532
104.400	+4.610e+03	+5.712e+03	+1.060e+04	+0.553
104.500	+4.554e+03	+4.948e+03	+1.037e+04	+0.521
104.600	+5.742e+03	+4.936e+03	+1.079e+04	+0.462
104.700	+4.478e+03	+4.228e+03	+9.427e+03	+0.486
104.800	+4.394e+03	+5.458e+03	+9.441e+03	+0.554
104.900	+5.711e+03	+4.857e+03	+1.079e+04	+0.460
105.000	+4.135e+03	+3.964e+03	+9.325e+03	+0.489
105.100	+4.703e+03	+5.912e+03	+9.530e+03	+0.557
105.200	+4.494e+03	+4.342e+03	+1.022e+04	+0.491
105.300	+4.030e+03	+5.134e+03	+1.058e+04	+0.560
105.400	+5.255e+03	+4.446e+03	+9.455e+03	+0.458
105.500	+4.597e+03	+5.817e+03	+1.056e+04	+0.559
105.600	+5.822e+03	+5.511e+03	+1.037e+04	+0.486
105.700	+5.082e+03	+3.806e+03	+8.258e+03	+0.428
105.800	+5.220e+03	+4.218e+03	+9.953e+03	+0.447
105.900	+4.117e+03	+5.736e+03	+9.655e+03	+0.582
106.000	+5.845e+03	+5.135e+03	+9.705e+03	+0.468
106.100	+4.931e+03	+6.443e+03	+1.072e+04	+0.566
106.200	+5.348e+03	+4.723e+03	+1.057e+04	+0.469
106.300	+4.389e+03	+4.127e+03	+9.483e+03	+0.485
106.400	+5.537e+03	+4.856e+03	+8.580e+03	+0.467
106.500	+5.467e+03	+6.328e+03	+9.395e+03	+0.537
106.600	+4.378e+03	+5.684e+03	+8.555e+03	+0.565
106.700	+4.966e+03	+5.342e+03	+9.888e+03	+0.518
106.800	+4.460e+03	+5.449e+03	+8.934e+03	+0.550
106.900	+4.701e+03	+5.296e+03	+9.639e+03	+0.530
107.000	+5.136e+03	+4.008e+03	+1.019e+04	+0.438
107.100	+5.173e+03	+4.294e+03	+9.872e+03	+0.454
107.200	+5.585e+03	+5.430e+03	+9.998e+03	+0.493
107.300	+6.725e+03	+2.873e+03	+9.639e+03	+0.299
107.400	+7.085e+03	+1.795e+03	+1.052e+04	+0.202
107.500	+1.301e+03	+6.499e+03	+9.848e+03	+0.833
107.600	+1.098e+03	+7.487e+03	+9.155e+03	+0.872
107.700	+1.505e+03	+8.947e+03	+1.094e+04	+0.856
107.800	+1.023e+03	+7.452e+03	+9.451e+03	+0.879
107.900	+1.591e+03	+7.489e+03	+9.255e+03	+0.825
108.000	+2.653e+03	+9.810e+03	+1.119e+04	+0.787
108.100	+1.889e+03	+7.711e+03	+1.008e+04	+0.803
108.200	+1.854e+03	+7.784e+03	+1.014e+04	+0.808
108.300	+3.231e+03	+7.593e+03	+9.540e+03	+0.701
108.400	+2.144e+03	+7.714e+03	+9.510e+03	+0.782
108.500	+3.135e+03	+7.276e+03	+9.870e+03	+0.699
108.600	+1.544e+03	+9.007e+03	+1.156e+04	+0.854
108.700	+5.664e+02	+7.950e+03	+8.219e+03	+0.933
108.800	+2.300e+03	+8.010e+03	+9.518e+03	+0.777
108.900	+2.363e+03	+7.321e+03	+9.879e+03	+0.756
109.000	+1.290e+03	+7.150e+03	+9.917e+03	+0.847
109.100	+1.075e+02	+7.315e+03	+8.894e+03	+0.986
109.200	+1.699e+03	+8.466e+03	+1.012e+04	+0.833
109.300	+2.544e+03	+8.260e+03	+9.670e+03	+0.765
109.400	+1.853e+03	+9.064e+03	+1.000e+04	+0.830
109.500	+2.678e+03	+8.063e+03	+9.833e+03	+0.751
109.600	+2.898e+03	+7.751e+03	+1.031e+04	+0.728
109.700	+2.408e+03	+7.674e+03	+9.381e+03	+0.761
109.800	+1.429e+03	+8.511e+03	+9.398e+03	+0.856
109.900	+9.089e+02	+8.123e+03	+1.164e+04	+0.899
110.000	+2.214e+03	+7.622e+03	+9.413e+03	+0.775
110.100	+2.526e+03	+8.687e+03	+9.754e+03	+0.775
110.200	+2.700e+03	+8.681e+03	+9.214e+03	+0.763
110.300	+3.954e+02	+7.502e+03	+1.020e+04	+0.950
110.400	+1.114e+03	+7.365e+03	+9.155e+03	+0.869
110.500	+9.572e+02	+7.372e+03	+1.010e+04	+0.885
110.600	+2.672e+03	+8.486e+03	+1.045e+04	+0.761
110.700	+1.411e+03	+7.810e+03	+8.690e+03	+0.847
110.800	+1.382e+03	+9.355e+03	+1.093e+04	+0.871
110.900	+2.208e+03	+8.009e+03	+9.623e+03	+0.784
111.000	+1.914e+03	+8.129e+03	+1.099e+04	+0.809
111.100	+1.980e+03	+8.659e+03	+1.023e+04	+0.814
111.200	+1.622e+03	+8.609e+03	+1.019e+04	+0.841
111.300	+2.047e+03	+8.073e+03	+1.040e+04	+0.798
111.400	+1.483e+03	+6.903e+03	+9.252e+03	+0.823
111.500	+1.810e+03	+7.780e+03	+1.005e+04	+0.811
111.600	+2.793e+03	+8.137e+03	+9.157e+03	+0.744
111.700	+2.453e+03	+7.995e+03	+9.799e+03	+0.765
111.800	+2.280e+03	+9.246e+03	+9.783e+03	+0.802
111.900	+2.059e+03	+7.362e+03	+1.114e+04	+0.781
112.000	+2.785e+03	+7.729e+03	+9.209e+03	+0.735
112.100	+1.679e+03	+8.504e+03	+9.103e+03	+0.835
112.200	+1.254e+03	+6.524e+03	+9.964e+03	+0.839
112.300	+2.058e+03	+7.444e+03	+1.110e+04	+0.783
112.400	+1.507e+03	+7.641e+03	+9.727e+03	+0.835
112.500	+2.306e+03	+7.811e+03	+1.057e+04	+0.772
112.600	+2.133e+03	+1.013e+04	+1.066e+04	+0.826
112.700	+1.754e+03	+8.325e+03	+9.446e+03	+0.826
112.800	+2.173e+03	+7.433e+03	+9.872e+03	+0.774
112.900	+1.064e+02	+8.949e+03	+9.599e+03	+0.988
113.000	+1.068e+03	+8.096e+03	+1.091e+04	+0.883
113.100	+3.566e+03	+8.482e+03	+1.043e+04	+0.704
113.200	+2.174e+03	+7.398e+03	+9.251e+03	+0.773
113.300	+1.925e+03	+7.683e+03	+8.379e+03	+0.800
113.400	+2.245e+03	+8.175e+03	+9.414e+03	+0.785
113.500	+1.710e+03	+8.537e+03	+1.026e+04	+0.833
113.600	+1.895e+03	+8.135e+03	+9.893e+03	+0.811
113.700	+2.639e+03	+8.360e+03	+1.041e+04	+0.760
113.800	+3.084e+03	+7.052e+03	+1.058e+04	+0.696
113.900	+3.165e+03	+8.576e+03	+9.151e+03	+0.730
114.000	+2.882e+03	+8.013e+03	+1.042e+04	+0.735
114.100	+1.622e+03	+8.027e+03	+1.216e+04	+0.832
114.200	+2.401e+03	+9.381e+03	+1.090e+04	+0.796
114.300	+1.672e+03	+7.224e+03	+1.069e+04	+0.812
114.400	+1.263e+03	+7.829e+03	+1.096e+04	+0.861
114.500	+3.817e+02	+9.478e+03	+1.194e+04	+0.961
114.600	+3.289e+03	+6.692e+03	+1.033e+04	+0.670
114.700	+1.949e+03	+7.431e+03	+9.793e+03	+0.792
114.800	+1.387e+03	+8.154e+03	+1.010e+04	+0.855
114.900	+1.730e+03	+8.184e+03	+8.865e+03	+0.825
115.000	+2.061e+03	+7.983e+03	+9.505e+03	+0.795
115.100	+1.108e+03	+8.804e+03	+9.724e+03	+0.888
115.200	+1.267e+03	+6.948e+03	+1.003e+04	+0.846
115.300	+3.088e+03	+8.472e+03	+1.041e+04	+0.733
115.400	+2.844e+03	+8.026e+03	+1.075e+04	+0.738
115.500	+3.181e+03	+8.113e+03	+1.038e+04	+0.718
115.600	+8.282e+02	+7.349e+03	+1.042e+04	+0.899
115.700	+1.032e+03	+7.792e+03	+1.023e+04	+0.883
115.800	+2.228e+03	+7.909e+03	+1.118e+04	+0.780
115.900	+1.889e+03	+8.142e+03	+8.547e+03	+0.812
116.000	+2.816e+02	+7.380e+03	+1.038e+04	+0.963
116.100	+1.529e+03	+8.218e+03	+9.798e+03	+0.843
116.200	+1.473e+03	+7.188e+03	+9.759e+03	+0.830
116.300	+3.123e+03	+8.513e+03	+9.960e+03	+0.732
116.400	+1.831e+03	+8.652e+03	+1.131e+04	+0.825
116.500	+2.494e+03	+7.334e+03	+8.685e+03	+0.746
116.600	+2.219e+03	+8.715e+03	+1.012e+04	+0.797
116.700	+1.346e+03	+8.204e+03	+9.501e+03	+0.859
116.800	+1.431e+03	+7.806e+03	+8.859e+03	+0.845
116.900	+2.537e+03	+7.271e+03	+1.049e+04	+0.741
117.000	+2.134e+03	+7.011e+03	+8.373e+03	+0.767
117.100	+1.546e+03	+8.533e+03	+9.607e+03	+0.847
117.200	+1.904e+03	+8.405e+03	+1.016e+04	+0.815
117.300	+9.050e+02	+8.844e+03	+9.670e+03	+0.907
117.400	+2.409e+03	+7.965e+03	+9.606e+03	+0.768
117.500	+4.891e+02	+6.478e+03	+1.074e+04	+0.930
117.600	+1.277e+03	+8.670e+03	+8.669e+03	+0.872
117.700	+1.620e+03	+8.325e+03	+9.890e+03	+0.837
117.800	+2.815e+03	+9.326e+03	+9.034e+03	+0.768
117.900	+2.166e+03	+7.471e+03	+1.003e+04	+0.775
118.000	+2.005e+03	+8.340e+03	+1.151e+04	+0.806
118.100	+2.657e+03	+7.751e+03	+9.361e+03	+0.745
118.200	+1.224e+03	+7.028e+03	+8.683e+03	+0.852
118.300	+3.678e+02	+7.752e+03	+8.408e+03	+0.955
118.400	+2.360e+03	+8.919e+03	+1.073e+04	+0.791
118.500	+2.401e+03	+6.040e+03	+1.101e+04	+0.716
118.600	+1.890e+03	+7.805e+03	+9.126e+03	+0.805
118.700	+2.025e+03	+8.757e+03	+9.817e+03	+0.812
118.800	+1.728e+03	+7.702e+03	+1.123e+04	+0.817
118.900	+1.635e+03	+8.367e+03	+1.026e+04	+0.837
119.000	+1.864e+03	+7.217e+03	+9.941e+03	+0.795
119.100	+2.444e+03	+8.704e+03	+9.884e+03	+0.781
119.200	+1.622e+03	+8.266e+03	+1.000e+04	+0.836
119.300	+2.307e+03	+6.959e+03	+9.674e+03	+0.751
119.400	+2.168e+03	+7.548e+03	+9.353e+03	+0.777
119.500	+1.874e+03	+8.636e+03	+1.002e+04	+0.822
119.600	+1.608e+03	+7.258e+03	+1.049e+04	+0.819
119.700	+5.016e+03	+6.737e+03	+1.092e+04	+0.573
119.800	+5.162e+03	+5.164e+03	+9.948e+03	+0.500
119.900	+5.873e+03	+6.359e+03	+1.022e+04	+0.520
120.000	+6.152e+03	+5.772e+03	+9.484e+03	+0.484
120.100	+4.631e+03	+4.217e+03	+9.854e+03	+0.477
120.200	+4.410e+03	+5.369e+03	+1.013e+04	+0.549
120.300	+5.068e+03	+5.257e+03	+9.932e+03	+0.509
120.400	+4.815e+03	+5.204e+03	+1.015e+04	+0.519
120.500	+5.688e+03	+4.923e+03	+1.088e+04	+0.464
120.600	+5.128e+03	+3.668e+03	+1.139e+04	+0.417
120.700	+6.061e+03	+4.973e+03	+1.044e+04	+0.451
120.800	+3.323e+03	+4.816e+03	+9.563e+03	+0.592
120.900	+5.204e+03	+5.603e+03	+9.271e+03	+0.518
121.000	+5.550e+03	+5.560e+03	+9.216e+03	+0.500
121.100	+5.119e+03	+5.142e+03	+9.899e+03	+0.501
121.200	+4.703e+03	+6.229e+03	+1.107e+04	+0.570
121.300	+5.975e+03	+3.864e+03	+9.187e+03	+0.393
121.400	+5.144e+03	+5.226e+03	+9.294e+03	+0.504
121.500	+5.854e+03	+4.654e+03	+9.483e+03	+0.443
121.600	+4.923e+03	+4.590e+03	+1.028e+04	+0.483
121.700	+3.994e+03	+4.198e+03	+1.048e+04	+0.512
121.800	+4.372e+03	+6.616e+03	+9.984e+03	+0.602
121.900	+5.576e+03	+6.165e+03	+9.108e+03	+0.525
122.000	+4.320e+03	+4.949e+03	+1.080e+04	+0.534
122.100	+3.679e+03	+5.307e+03	+1.011e+04	+0.591
122.200	+5.313e+03	+5.037e+03	+1.066e+04	+0.487
122.300	+4.377e+03	+4.505e+03	+9.784e+03	+0.507
122.400	+4.541e+03	+5.509e+03	+1.021e+04	+0.548
122.500	+5.075e+03	+4.088e+03	+9.823e+03	+0.446
122.600	+5.885e+03	+4.818e+03	+1.013e+04	+0.450
122.700	+4.350e+03	+4.236e+03	+9.793e+03	+0.493
122.800	+3.824e+03	+5.543e+03	+1.104e+04	+0.592
122.900	+4.588e+03	+5.034e+03	+9.875e+03	+0.523
123.000	+3.855e+03	+3.978e+03	+1.050e+04	+0.508
123.100	+5.450e+03	+3.505e+03	+1.200e+04	+0.391
123.200	+6.044e+03	+5.987e+03	+1.032e+04	+0.498
123.300	+5.521e+03	+6.232e+03	+9.921e+03	+0.530
123.400	+4.779e+03	+4.709e+03	+9.178e+03	+0.496
123.500	+6.537e+03	+5.390e+03	+9.646e+03	+0.452
123.600	+4.289e+03	+5.568e+03	+9.986e+03	+0.565
123.700	+5.820e+03	+4.166e+03	+9.492e+03	+0.417
123.800	+8.762e+03	+3.376e+03	+1.066e+04	+0.278
123.900	+6.972e+03	+2.148e+03	+1.019e+04	+0.236
124.000	+7.992e+03	+3.419e+03	+1.006e+04	+0.300
124.100	+6.625e+03	+2.342e+03	+9.312e+03	+0.261
124.200	+7.604e+03	+2.098e+03	+8.739e+03	+0.216
124.300	+7.873e+03	+1.309e+03	+9.495e+03	+0.143
124.400	+7.503e+03	+2.692e+03	+9.685e+03	+0.264
124.500	+7.718e+03	+3.162e+03	+1.041e+04	+0.291
124.600	+7.632e+03	+1.636e+03	+1.028e+04	+0.176
124.700	+6.989e+03	+2.670e+03	+1.013e+04	+0.276
124.800	+6.807e+03	+2.160e+03	+9.039e+03	+0.241
124.900	+6.276e+03	+2.013e+03	+9.287e+03	+0.243
125.000	+7.475e+03	+3.079e+03	+1.056e+04	+0.292
125.100	+6.961e+03	+2.061e+03	+1.001e+04	+0.228
125.200	+8.152e+03	+2.078e+03	+1.050e+04	+0.203
125.300	+7.477e+03	+2.129e+03	+1.027e+04	+0.222
125.400	+7.163e+03	+2.223e+03	+1.039e+04	+0.237
125.500	+7.081e+03	+2.755e+03	+1.048e+04	+0.280
125.600	+8.000e+03	+2.186e+03	+1.020e+04	+0.215
125.700	+8.566e+03	+1.659e+03	+9.530e+03	+0.162
125.800	+7.530e+03	+2.152e+03	+1.168e+04	+0.222
125.900	+8.379e+03	+1.783e+03	+1.080e+04	+0.175
126.000	+8.281e+03	+3.363e+03	+1.064e+04	+0.289
126.100	+7.836e+03	+2.613e+03	+9.710e+03	+0.250
126.200	+8.033e+03	+1.107e+03	+1.060e+04	+0.121
126.300	+7.882e+03	+1.814e+03	+9.721e+03	+0.187
126.400	+7.668e+03	+2.481e+03	+9.807e+03	+0.244
126.500	+7.986e+03	+1.947e+03	+9.787e+03	+0.196
126.600	+7.294e+03	+3.272e+03	+1.075e+04	+0.310
126.700	+6.879e+03	+2.335e+03	+1.040e+04	+0.253
126.800	+6.609e+03	+2.858e+03	+1.107e+04	+0.302
126.900	+7.621e+03	+2.502e+03	+9.176e+03	+0.247
127.000	+7.901e+03	+2.888e+03	+1.033e+04	+0.268
127.100	+7.347e+03	+2.659e+03	+9.104e+03	+0.266
127.200	+7.254e+03	+8.598e+02	+1.004e+04	+0.106
127.300	+8.171e+03	+2.613e+03	+8.707e+03	+0.242
127.400	+8.404e+03	+3.159e+03	+1.022e+04	+0.273
127.500	+7.367e+03	+1.778e+03	+1.072e+04	+0.194
127.600	+7.191e+03	+3.417e+03	+1.050e+04	+0.322
127.700	+7.809e+03	+2.281e+03	+1.023e+04	+0.226
127.800	+8.233e+03	+2.010e+03	+9.372e+03	+0.196
127.900	+8.134e+03	+2.972e+03	+9.698e+03	+0.268
128.000	+6.993e+03	+3.290e+03	+9.565e+03	+0.320
128.100	+7.268e+03	+2.226e+03	+8.616e+03	+0.234
128.200	+6.962e+03	+1.640e+03	+1.092e+04	+0.191
128.300	+7.325e+03	+2.525e+03	+9.784e+03	+0.256
128.400	+8.578e+03	+3.022e+03	+1.035e+04	+0.260
128.500	+6.750e+03	+2.076e+03	+1.026e+04	+0.235
128.600	+7.694e+03	+2.819e+03	+8.991e+03	+0.268
128.700	+8.055e+03	+3.149e+03	+8.899e+03	+0.281
128.800	+8.847e+03	+1.978e+03	+9.490e+03	+0.183
128.900	+7.192e+03	+2.279e+03	+9.848e+03	+0.241
129.000	+7.513e+03	+4.076e+03	+1.060e+04	+0.352
129.100	+7.950e+03	+1.786e+03	+1.008e+04	+0.183
129.200	+7.467e+03	+2.330e+03	+9.580e+03	+0.238
129.300	+5.939e+03	+3.981e+03	+1.037e+04	+0.401
129.400	+7.129e+03	+3.242e+03	+9.430e+03	+0.313
129.500	+7.225e+03	+1.928e+03	+9.865e+03	+0.211
129.600	+7.076e+03	+1.933e+03	+1.036e+04	+0.215
129.700	+7.539e+03	+2.705e+03	+9.079e+03	+0.264
129.800	+6.575e+03	+3.182e+03	+1.035e+04	+0.326
129.900	+7.696e+03	+1.624e+03	+1.036e+04	+0.174
130.000	+8.143e+03	+2.658e+03	+9.805e+03	+0.246
130.100	+7.769e+03	+1.631e+03	+9.342e+03	+0.174
130.200	+8.575e+03	+2.614e+03	+1.078e+04	+0.234
130.300	+6.956e+03	+3.730e+03	+9.876e+03	+0.349
130.400	+7.015e+03	+2.159e+03	+9.641e+03	+0.235
130.500	+7.277e+03	+2.009e+03	+9.731e+03	+0.216
130.600	+6.538e+03	+1.928e+03	+8.921e+03	+0.228
130.700	+8.627e+03	+2.687e+03	+9.718e+03	+0.238
130.800	+6.975e+03	+4.037e+03	+9.901e+03	+0.367
130.900	+7.194e+03	+3.826e+03	+1.045e+04	+0.347
131.000	+6.181e+03	+2.628e+03	+9.753e+03	+0.298
131.100	+7.504e+03	+2.439e+03	+1.189e+04	+0.245
131.200	+7.027e+03	+2.406e+03	+9.742e+03	+0.255
131.300	+7.194e+03	+2.890e+03	+9.025e+03	+0.287
131.400	+8.211e+03	+3.272e+03	+1.129e+04	+0.285
131.500	+7.313e+03	+2.442e+03	+1.014e+04	+0.250
131.600	+7.839e+03	+3.353e+03	+9.431e+03	+0.300
131.700	+6.949e+03	+3.719e+03	+9.917e+03	+0.349
131.800	+2.375e+03	+8.503e+03	+1.139e+04	+0.782
131.900	+1.685e+03	+8.399e+03	+8.992e+03	+0.833
132.000	+2.583e+03	+6.898e+03	+9.888e+03	+0.728
132.100	+1.343e+03	+6.940e+03	+1.036e+04	+0.838
132.200	+1.675e+03	+9.373e+03	+1.048e+04	+0.848
132.300	+2.673e+03	+7.537e+03	+1.070e+04	+0.738
132.400	+1.708e+03	+8.424e+03	+9.168e+03	+0.831
132.500	+1.743e+03	+7.739e+03	+1.056e+04	+0.816
132.600	+2.144e+03	+7.697e+03	+9.697e+03	+0.782
132.700	+9.907e+02	+6.806e+03	+1.055e+04	+0.873
132.800	+1.236e+03	+8.317e+03	+8.620e+03	+0.871
132.900	+2.243e+03	+8.747e+03	+9.970e+03	+0.796
133.000	+1.329e+03	+7.157e+03	+1.007e+04	+0.843
133.100	+1.936e+03	+8.889e+03	+9.390e+03	+0.821
133.200	+1.624e+03	+8.453e+03	+1.101e+04	+0.839
133.300	+1.941e+03	+8.640e+03	+9.564e+03	+0.817
133.400	+1.416e+03	+9.412e+03	+9.652e+03	+0.869
133.500	+2.725e+03	+8.179e+03	+1.064e+04	+0.750
133.600	+1.873e+03	+8.964e+03	+1.068e+04	+0.827
133.700	+1.974e+03	+9.276e+03	+9.589e+03	+0.825
133.800	+1.406e+03	+7.236e+03	+1.046e+04	+0.837
133.900	+2.794e+03	+8.720e+03	+9.678e+03	+0.757
134.000	+2.703e+03	+8.242e+03	+1.055e+04	+0.753
134.100	+2.465e+03	+7.235e+03	+9.907e+03	+0.746
134.200	+2.539e+03	+7.042e+03	+9.753e+03	+0.735
134.300	+2.720e+03	+8.727e+03	+1.203e+04	+0.762
134.400	+2.655e+03	+8.240e+03	+1.032e+04	+0.756
134.500	+2.637e+03	+8.473e+03	+1.064e+04	+0.763
134.600	+1.810e+03	+7.304e+03	+9.454e+03	+0.801
134.700	+3.179e+03	+9.255e+03	+1.032e+04	+0.744
134.800	+1.317e+03	+7.314e+03	+1.047e+04	+0.847
134.900	+2.005e+03	+8.972e+03	+9.867e+03	+0.817
135.000	+1.709e+03	+7.812e+03	+1.039e+04	+0.821
135.100	+1.976e+03	+8.404e+03	+9.570e+03	+0.810
135.200	+2.277e+03	+8.040e+03	+1.089e+04	+0.779
135.300	+3.189e+03	+8.126e+03	+8.893e+03	+0.718
135.400	+1.048e+03	+7.231e+03	+1.057e+04	+0.873
135.500	+1.900e+03	+6.873e+03	+1.147e+04	+0.783
135.600	+1.875e+03	+8.930e+03	+9.699e+03	+0.826
135.700	+2.118e+03	+7.052e+03	+1.057e+04	+0.769
135.800	+1.919e+03	+8.044e+03	+1.189e+04	+0.807
135.900	+2.745e+03	+8.408e+03	+9.703e+03	+0.754
136.000	+3.569e+03	+8.042e+03	+1.166e+04	+0.693
136.100	+2.359e+03	+7.775e+03	+9.392e+03	+0.767
136.200	+2.709e+03	+8.981e+03	+9.212e+03	+0.768
136.300	+2.585e+03	+8.360e+03	+1.013e+04	+0.764
136.400	+2.559e+03	+7.464e+03	+9.489e+03	+0.745
136.500	+2.630e+03	+7.204e+03	+9.663e+03	+0.733
136.600	+1.573e+03	+8.777e+03	+1.052e+04	+0.848
136.700	+2.023e+03	+8.377e+03	+1.049e+04	+0.805
136.800	+2.146e+03	+7.845e+03	+1.018e+04	+0.785
136.900	+3.010e+03	+7.797e+03	+1.104e+04	+0.721
137.000	+1.798e+03	+8.297e+03	+9.474e+03	+0.822
137.100	+1.841e+03	+7.647e+03	+1.053e+04	+0.806
137.200	+1.930e+03	+8.214e+03	+1.013e+04	+0.810
137.300	+1.664e+03	+6.551e+03	+1.015e+04	+0.797
137.400	+1.344e+03	+7.228e+03	+1.055e+04	+0.843
137.500	+1.907e+03	+8.815e+03	+8.968e+03	+0.822
137.600	+2.550e+03	+8.105e+03	+1.018e+04	+0.761
137.700	+2.144e+03	+6.030e+03	+1.021e+04	+0.738
137.800	+1.932e+03	+7.539e+03	+1.013e+04	+0.796
137.900	+2.661e+03	+7.880e+03	+9.783e+03	+0.748
138.000	+1.210e+03	+9.004e+03	+1.037e+04	+0.881
138.100	+1.963e+03	+8.280e+03	+9.692e+03	+0.808
138.200	+1.922e+03	+7.342e+03	+1.042e+04	+0.793
138.300	+1.315e+03	+8.419e+03	+1.043e+04	+0.865
138.400	+3.928e+03	+8.181e+03	+9.350e+03	+0.676
138.500	+2.630e+03	+7.624e+03	+1.037e+04	+0.743
138.600	+1.684e+03	+7.202e+03	+1.031e+04	+0.810
138.700	+2.093e+03	+8.834e+03	+1.106e+04	+0.808
138.800	+1.510e+03	+8.755e+03	+1.026e+04	+0.853
138.900	+3.197e+03	+7.686e+03	+1.096e+04	+0.706
139.000	+1.605e+03	+7.473e+03	+1.033e+04	+0.823
139.100	+2.168e+03	+8.387e+03	+1.004e+04	+0.795
139.200	+1.809e+03	+7.055e+03	+1.112e+04	+0.796
139.300	+2.710e+03	+7.428e+03	+1.023e+04	+0.733
139.400	+2.542e+03	+8.376e+03	+1.017e+04	+0.767
139.500	+2.575e+03	+8.239e+03	+1.005e+04	+0.762
139.600	+2.666e+03	+7.913e+03	+8.801e+03	+0.748
139.700	+1.599e+03	+7.708e+03	+9.722e+03	+0.828
139.800	+1.668e+03	+8.607e+03	+1.061e+04	+0.838
139.900	+1.068e+03	+7.435e+03	+1.227e+04	+0.874
140.000	+1.772e+03	+9.435e+03	+9.372e+03	+0.842
140.100	+2.822e+03	+8.495e+03	+1.005e+04	+0.751
140.200	+1.683e+03	+6.750e+03	+1.031e+04	+0.800
140.300	+1.079e+03	+7.360e+03	+8.180e+03	+0.872
140.400	+2.212e+03	+9.515e+03	+9.748e+03	+0.811
140.500	+1.601e+03	+8.267e+03	+1.020e+04	+0.838
140.600	+2.451e+03	+7.698e+03	+1.008e+04	+0.759
140.700	+2.770e+02	+8.814e+03	+9.430e+03	+0.970
140.800	+1.404e+03	+8.272e+03	+1.084e+04	+0.855
140.900	+1.414e+03	+8.293e+03	+9.817e+03	+0.854
141.000	+1.339e+03	+7.683e+03	+1.028e+04	+0.852
141.100	+2.643e+03	+6.844e+03	+1.004e+04	+0.721
141.200	+2.323e+03	+9.840e+03	+7.722e+03	+0.809
141.300	+2.044e+03	+7.587e+03	+1.058e+04	+0.788
141.400	+1.519e+03	+7.436e+03	+8.908e+03	+0.830
141.500	+2.598e+03	+8.287e+03	+9.613e+03	+0.761
141.600	+3.576e+03	+7.031e+03	+1.117e+04	+0.663
141.700	+2.012e+03	+7.523e+03	+9.115e+03	+0.789
141.800	+9.432e+02	+7.079e+03	+1.082e+04	+0.882
141.900	+1.019e+03	+7.055e+03	+9.194e+03	+0.874
142.000	+3.056e+03	+7.536e+03	+1.098e+04	+0.711
142.100	+1.807e+03	+7.071e+03	+9.760e+03	+0.796
142.200	+2.361e+03	+8.730e+03	+9.742e+03	+0.787
142.300	+1.468e+03	+8.130e+03	+1.138e+04	+0.847
142.400	+6.181e+02	+7.173e+03	+9.984e+03	+0.921
142.500	+1.940e+03	+8.076e+03	+1.037e+04	+0.806
142.600	+2.185e+03	+7.412e+03	+9.378e+03	+0.772
142.700	+1.689e+03	+7.642e+03	+8.643e+03	+0.819
142.800	+2.680e+03	+6.759e+03	+1.114e+04	+0.716
142.900	+2.244e+03	+8.808e+03	+1.051e+04	+0.797
143.000	+4.670e+03	+5.381e+03	+1.067e+04	+0.535
143.100	+4.081e+03	+5.127e+03	+9.110e+03	+0.557
143.200	+3.952e+03	+5.043e+03	+9.538e+03	+0.561
143.300	+3.769e+03	+5.764e+03	+9.076e+03	+0.605
143.400	+5.675e+03	+4.967e+03	+9.280e+03	+0.467
143.500	+5.726e+03	+6.367e+03	+9.804e+03	+0.527
143.600	+5.166e+03	+4.932e+03	+9.648e+03	+0.488
143.700	+5.896e+03	+5.714e+03	+1.050e+04	+0.492
143.800	+4.345e+03	+6.854e+03	+8.653e+03	+0.612
143.900	+5.377e+03	+5.507e+03	+1.087e+04	+0.506
144.000	+4.934e+03	+5.516e+03	+1.026e+04	+0.528
144.100	+5.686e+03	+5.351e+03	+1.007e+04	+0.485
144.200	+5.848e+03	+4.563e+03	+9.010e+03	+0.438
144.300	+4.646e+03	+5.234e+03	+1.138e+04	+0.530
144.400	+4.384e+03	+3.844e+03	+9.697e+03	+0.467
144.500	+5.162e+03	+5.455e+03	+1.065e+04	+0.514
144.600	+5.437e+03	+5.710e+03	+9.063e+03	+0.512
144.700	+4.990e+03	+5.512e+03	+1.011e+04	+0.525
144.800	+5.378e+03	+4.531e+03	+9.063e+03	+0.457
144.900	+5.885e+03	+4.627e+03	+9.167e+03	+0.440
145.000	+4.428e+03	+5.081e+03	+8.986e+03	+0.534
145.100	+5.624e+03	+5.965e+03	+1.017e+04	+0.515
145.200	+5.296e+03	+4.986e+03	+9.337e+03	+0.485
145.300	+4.280e+03	+5.729e+03	+1.017e+04	+0.572
145.400	+4.967e+03	+5.415e+03	+1.006e+04	+0.522
145.500	+6.008e+03	+5.471e+03	+9.531e+03	+0.477
145.600	+5.015e+03	+4.734e+03	+1.012e+04	+0.486
145.700	+5.242e+03	+3.889e+03	+1.092e+04	+0.426
145.800	+4.806e+03	+6.375e+03	+9.993e+03	+0.570
145.900	+4.604e+03	+4.772e+03	+1.096e+04	+0.509
146.000	+4.612e+03	+4.823e+03	+9.284e+03	+0.511
146.100	+6.303e+03	+3.972e+03	+8.860e+03	+0.387
146.200	+7.668e+03	+1.215e+03	+1.021e+04	+0.137
146.300	+8.042e+03	+2.887e+03	+9.327e+03	+0.264
146.400	+7.313e+03	+1.040e+03	+1.017e+04	+0.125
146.500	+7.039e+03	+2.815e+03	+9.682e+03	+0.286
146.600	+7.462e+03	+2.374e+03	+8.370e+03	+0.241
146.700	+6.155e+03	+2.109e+03	+1.021e+04	+0.255
146.800	+6.543e+03	+3.000e+03	+1.002e+04	+0.314
146.900	+7.483e+03	+1.550e+03	+8.758e+03	+0.172
147.000	+7.178e+03	+4.054e+03	+1.071e+04	+0.361
147.100	+7.060e+03	+1.476e+03	+9.383e+03	+0.173
147.200	+6.155e+03	+2.926e+03	+9.144e+03	+0.322
147.300	+5.257e+03	+4.228e+03	+1.036e+04	+0.446
147.400	+4.612e+03	+5.568e+03	+1.011e+04	+0.547
147.500	+5.617e+03	+6.092e+03	+1.065e+04	+0.520
147.600	+4.572e+03	+3.795e+03	+9.205e+03	+0.454
147.700	+5.144e+03	+3.986e+03	+1.017e+04	+0.437
147.800	+4.494e+03	+5.791e+03	+9.744e+03	+0.563
147.900	+5.388e+03	+5.484e+03	+1.054e+04	+0.504
148.000	+5.024e+03	+4.097e+03	+1.051e+04	+0.449
148.100	+5.566e+03	+5.083e+03	+9.282e+03	+0.477
148.200	+4.715e+03	+4.757e+03	+9.780e+03	+0.502
148.300	+4.385e+03	+4.867e+03	+9.468e+03	+0.526
148.400	+4.883e+03	+6.612e+03	+9.882e+03	+0.575
148.500	+4.455e+03	+5.546e+03	+9.201e+03	+0.555
148.600	+6.006e+03	+5.893e+03	+1.045e+04	+0.495
148.700	+4.228e+03	+5.531e+03	+1.012e+04	+0.567
148.800	+5.588e+03	+2.923e+03	+1.086e+04	+0.343
148.900	+4.549e+03	+5.371e+03	+1.061e+04	+0.541
149.000	+5.169e+03	+4.340e+03	+9.609e+03	+0.456
149.100	+4.739e+03	+3.901e+03	+9.445e+03	+0.451
149.200	+4.552e+03	+4.165e+03	+1.015e+04	+0.478
149.300	+5.152e+03	+5.274e+03	+9.696e+03	+0.506
149.400	+3.628e+03	+4.696e+03	+9.320e+03	+0.564
149.500	+4.634e+03	+5.511e+03	+1.091e+04	+0.543
149.600	+6.648e+03	+5.348e+03	+9.304e+03	+0.446
149.700	+5.732e+03	+4.772e+03	+1.014e+04	+0.454
149.800	+4.546e+03	+4.140e+03	+9.298e+03	+0.477
149.900	+4.153e+03	+4.890e+03	+9.516e+03	+0.541
150.000	+6.514e+03	+4.173e+03	+1.001e+04	+0.390
150.100	+8.080e+03	+2.922e+03	+1.049e+04	+0.266
150.200	+7.760e+03	+2.172e+03	+9.954e+03	+0.219
150.300	+7.489e+03	+2.053e+03	+8.830e+03	+0.215
150.400	+8.732e+03	+1.048e+03	+1.024e+04	+0.107
150.500	+6.609e+03	+1.296e+03	+9.084e+03	+0.164
150.600	+8.156e+03	+2.972e+03	+1.108e+04	+0.267
150.700	+7.168e+03	+2.418e+03	+9.231e+03	+0.252
150.800	+6.254e+03	+3.252e+03	+9.592e+03	+0.342
150.900	+5.978e+03	+2.232e+03	+1.012e+04	+0.272
151.000	+7.546e+03	+2.506e+03	+8.878e+03	+0.249
151.100	+8.039e+03	+1.806e+03	+9.700e+03	+0.183
151.200	+7.953e+03	+2.780e+03	+1.039e+04	+0.259
151.300	+6.691e+03	+2.550e+03	+1.128e+04	+0.276
151.400	+7.495e+03	+2.572e+03	+1.044e+04	+0.255
151.500	+7.243e+03	+3.421e+03	+9.797e+03	+0.321
151.600	+6.883e+03	+2.924e+03	+9.925e+03	+0.298
151.700	+7.887e+03	+2.215e+03	+9.305e+03	+0.219
151.800	+6.637e+03	+1.909e+03	+9.456e+03	+0.223
151.900	+7.928e+03	+1.367e+03	+9.992e+03	+0.147
152.000	+7.522e+03	+3.057e+03	+1.042e+04	+0.289
152.100	+6.976e+03	+2.265e+03	+9.650e+03	+0.245
152.200	+7.292e+03	+2.334e+03	+1.012e+04	+0.242
152.300	+7.792e+03	+9.734e+02	+8.864e+03	+0.111
152.400	+7.815e+03	+2.830e+03	+9.333e+03	+0.266
152.500	+7.960e+03	+2.760e+03	+9.821e+03	+0.257
152.600	+7.735e+03	+3.229e+03	+1.073e+04	+0.295
152.700	+6.722e+03	+1.616e+03	+1.033e+04	+0.194
152.800	+6.599e+03	+2.249e+03	+9.738e+03	+0.254
152.900	+7.091e+03	+2.428e+03	+9.574e+03	+0.255
153.000	+6.997e+03	+2.081e+03	+9.403e+03	+0.229
153.100	+7.111e+03	+3.035e+03	+1.051e+04	+0.299
153.200	+6.649e+03	+2.635e+03	+9.661e+03	+0.284
153.300	+6.913e+03	+3.560e+03	+9.789e+03	+0.340
153.400	+8.091e+03	+4.065e+03	+1.095e+04	+0.334
153.500	+7.551e+03	+1.988e+03	+9.407e+03	+0.208
153.600	+6.718e+03	+2.015e+03	+9.279e+03	+0.231
153.700	+7.695e+03	+2.755e+03	+9.769e+03	+0.264
153.800	+6.120e+03	+3.137e+03	+9.062e+03	+0.339
153.900	+8.148e+03	+2.597e+03	+9.362e+03	+0.242
154.000	+7.769e+03	+2.202e+03	+9.794e+03	+0.221
154.100	+8.708e+03	+2.623e+03	+1.028e+04	+0.231
154.200	+7.378e+03	+2.379e+03	+9.300e+03	+0.244
154.300	+6.591e+03	+2.968e+03	+9.923e+03	+0.311
154.400	+7.148e+03	+2.856e+03	+1.126e+04	+0.286
154.500	+7.348e+03	+3.636e+03	+9.011e+03	+0.331
154.600	+7.117e+03	+2.563e+03	+1.173e+04	+0.265
154.700	+5.626e+03	+1.355e+03	+1.041e+04	+0.194
154.800	+8.406e+03	+2.576e+03	+9.150e+03	+0.235
154.900	+8.282e+03	+2.487e+03	+1.008e+04	+0.231
155.000	+7.806e+03	+2.780e+03	+1.005e+04	+0.263
155.100	+8.227e+03	+2.579e+03	+1.087e+04	+0.239
155.200	+6.754e+03	+2.390e+03	+9.978e+03	+0.261
155.300	+6.800e+03	+2.336e+03	+1.006e+04	+0.256
155.400	+7.056e+03	+1.344e+03	+1.073e+04	+0.160
155.500	+8.092e+03	+2.900e+03	+1.128e+04	+0.264
155.600	+7.794e+03	+2.450e+03	+9.968e+03	+0.239
155.700	+6.651e+03	+2.303e+03	+9.376e+03	+0.257
155.800	+6.284e+03	+2.966e+03	+1.071e+04	+0.321
155.900	+6.344e+03	+3.547e+03	+9.805e+03	+0.359
156.000	+7.610e+03	+1.839e+03	+9.560e+03	+0.195
156.100	+6.007e+03	+3.022e+03	+1.120e+04	+0.335
156.200	+7.699e+03	+2.136e+03	+1.101e+04	+0.217
156.300	+7.804e+03	+1.406e+03	+1.001e+04	+0.153
156.400	+6.536e+03	+2.125e+03	+1.026e+04	+0.245
156.500	+7.525e+03	+2.991e+03	+1.057e+04	+0.284
156.600	+8.833e+03	+2.666e+03	+1.064e+04	+0.232
156.700	+7.479e+03	+2.583e+03	+1.110e+04	+0.257
156.800	+7.029e+03	+2.168e+03	+1.073e+04	+0.236
156.900	+7.791e+03	+2.647e+03	+1.025e+04	+0.254
157.000	+7.145e+03	+2.139e+03	+1.104e+04	+0.230
157.100	+8.541e+03	+2.696e+03	+8.255e+03	+0.240
157.200	+7.312e+03	+2.104e+03	+1.097e+04	+0.223
157.300	+7.267e+03	+3.074e+03	+1.007e+04	+0.297
157.400	+7.275e+03	+3.061e+03	+1.034e+04	+0.296
157.500	+8.313e+03	+1.060e+03	+8.584e+03	+0.113
157.600	+8.826e+03	+2.786e+03	+9.476e+03	+0.240
157.700	+9.340e+03	+1.224e+03	+8.761e+03	+0.116
157.800	+6.608e+03	+2.706e+03	+9.826e+03	+0.291
157.900	+7.582e+03	+3.375e+03	+9.375e+03	+0.308
158.000	+8.418e+03	+1.751e+03	+9.523e+03	+0.172
158.100	+7.147e+03	+3.419e+03	+9.783e+03	+0.324
158.200	+6.325e+03	+3.607e+03	+1.043e+04	+0.363
158.300	+7.672e+03	+1.526e+03	+1.080e+04	+0.166
158.400	+8.169e+03	+1.753e+03	+1.005e+04	+0.177
158.500	+6.987e+03	+2.650e+03	+9.246e+03	+0.275
158.600	+5.605e+03	+1.699e+03	+1.116e+04	+0.233
158.700	+7.797e+03	+2.081e+03	+9.606e+03	+0.211
158.800	+7.668e+03	+2.184e+03	+9.951e+03	+0.222
158.900	+7.145e+03	+2.581e+03	+1.102e+04	+0.265
159.000	+8.183e+03	+2.507e+03	+1.063e+04	+0.234
159.100	+7.982e+03	+1.645e+03	+9.236e+03	+0.171
159.200	+5.920e+03	+2.612e+03	+1.086e+04	+0.306
159.300	+7.395e+03	+1.630e+03	+1.037e+04	+0.181
159.400	+8.458e+03	+2.945e+03	+1.006e+04	+0.258
159.500	+7.177e+03	+2.176e+03	+1.053e+04	+0.233
159.600	+7.764e+03	+3.696e+03	+9.574e+03	+0.323
159.700	+8.281e+03	+3.072e+03	+9.090e+03	+0.271
159.800	+7.118e+03	+3.962e+03	+1.063e+04	+0.358
159.900	+8.227e+03	+3.196e+03	+1.041e+04	+0.280
160.000	+7.381e+03	+3.030e+03	+8.851e+03	+0.291
160.100	+7.366e+03	+3.630e+03	+9.325e+03	+0.330
160.200	+8.904e+03	+2.811e+03	+1.001e+04	+0.240
160.300	+5.948e+03	+3.454e+03	+1.064e+04	+0.367
160.400	+7.449e+03	+1.726e+03	+9.447e+03	+0.188
160.500	+7.697e+03	+2.261e+03	+8.988e+03	+0.227
160.600	+7.389e+03	+2.755e+03	+1.058e+04	+0.272
160.700	+7.451e+03	+3.392e+03	+9.457e+03	+0.313
160.800	+8.331e+03	+2.617e+03	+1.020e+04	+0.239
160.900	+8.440e+03	+3.962e+03	+1.015e+04	+0.319
161.000	+7.388e+03	+3.480e+03	+1.062e+04	+0.320
161.100	+6.805e+03	+2.704e+03	+1.056e+04	+0.284
161.200	+6.901e+03	+2.100e+03	+8.709e+03	+0.233
161.300	+6.919e+03	+2.839e+03	+1.001e+04	+0.291
161.400	+8.054e+03	+2.401e+03	+1.178e+04	+0.230
161.500	+6.723e+03	+1.355e+03	+9.934e+03	+0.168
161.600	+7.916e+03	+2.111e+03	+9.928e+03	+0.211
161.700	+7.236e+03	+3.818e+03	+8.866e+03	+0.345
161.800	+7.303e+03	+2.574e+03	+7.787e+03	+0.261
161.900	+7.498e+03	+2.581e+03	+9.882e+03	+0.256
162.000	+6.601e+03	+2.529e+03	+1.025e+04	+0.277
162.100	+7.595e+03	+3.382e+03	+1.032e+04	+0.308
162.200	+8.770e+03	+3.626e+03	+1.047e+04	+0.292
162.300	+6.898e+03	+2.031e+03	+9.149e+03	+0.227
162.400	+7.032e+03	+3.027e+03	+9.888e+03	+0.301
162.500	+7.796e+03	+2.897e+03	+9.997e+03	+0.271
162.600	+7.408e+03	+3.085e+03	+9.943e+03	+0.294
162.700	+7.344e+03	+2.086e+03	+1.077e+04	+0.221
162.800	+7.098e+03	+1.785e+03	+1.046e+04	+0.201
162.900	+8.512e+03	+8.768e+02	+1.027e+04	+0.093
163.000	+8.699e+03	+4.703e+03	+9.888e+03	+0.351
163.100	+7.040e+03	+1.923e+03	+1.064e+04	+0.215
163.200	+7.931e+03	+2.268e+03	+9.784e+03	+0.222
163.300	+8.032e+03	+1.840e+03	+9.244e+03	+0.186
163.400	+7.432e+03	+2.485e+03	+9.682e+03	+0.251
163.500	+7.957e+03	+1.372e+03	+1.092e+04	+0.147
163.600	+7.470e+03	+2.257e+03	+9.610e+03	+0.232
163.700	+7.458e+03	+1.954e+03	+9.560e+03	+0.208
163.800	+7.154e+03	+3.185e+03	+9.214e+03	+0.308
163.900	+8.832e+03	+2.010e+03	+1.073e+04	+0.185
164.000	+7.813e+03	+2.116e+03	+1.048e+04	+0.213
164.100	+6.901e+03	+3.073e+03	+9.531e+03	+0.308
164.200	+7.895e+03	+3.244e+03	+1.065e+04	+0.291
164.300	+7.019e+03	+3.893e+03	+9.093e+03	+0.357
164.400	+5.470e+03	+5.124e+03	+9.192e+03	+0.484
164.500	+5.314e+03	+4.120e+03	+1.157e+04	+0.437
164.600	+4.503e+03	+4.258e+03	+1.035e+04	+0.486
164.700	+5.297e+03	+5.148e+03	+9.591e+03	+0.493
164.800	+5.383e+03	+4.855e+03	+9.286e+03	+0.474
164.900	+4.369e+03	+3.636e+03	+9.578e+03	+0.454
165.000	+5.712e+03	+5.361e+03	+1.011e+04	+0.484
165.100	+4.368e+03	+4.489e+03	+8.182e+03	+0.507
165.200	+4.650e+03	+4.650e+03	+9.985e+03	+0.500
165.300	+4.718e+03	+4.480e+03	+1.009e+04	+0.487
165.400	+5.368e+03	+4.249e+03	+8.923e+03	+0.442
165.500	+5.337e+03	+3.922e+03	+9.436e+03	+0.424
165.600	+5.408e+03	+4.985e+03	+9.183e+03	+0.480
165.700	+5.730e+03	+4.720e+03	+1.013e+04	+0.452
165.800	+5.637e+03	+4.207e+03	+9.822e+03	+0.427
165.900	+4.948e+03	+4.015e+03	+1.011e+04	+0.448
166.000	+4.960e+03	+4.174e+03	+9.458e+03	+0.457
166.100	+4.718e+03	+5.605e+03	+9.051e+03	+0.543
166.200	+4.926e+03	+4.956e+03	+1.058e+04	+0.501
166.300	+5.588e+03	+5.119e+03	+1.004e+04	+0.478
166.400	+3.073e+03	+5.715e+03	+1.008e+04	+0.650
166.500	+6.617e+03	+4.717e+03	+9.248e+03	+0.416
166.600	+4.695e+03	+4.272e+03	+9.588e+03	+0.476
166.700	+4.658e+03	+4.727e+03	+1.011e+04	+0.504
166.800	+5.484e+03	+5.072e+03	+1.021e+04	+0.480
166.900	+5.178e+03	+5.892e+03	+9.279e+03	+0.532
167.000	+4.479e+03	+5.054e+03	+1.063e+04	+0.530
167.100	+5.273e+03	+4.988e+03	+9.772e+03	+0.486
167.200	+5.098e+03	+5.272e+03	+1.030e+04	+0.508
167.300	+4.559e+03	+6.138e+03	+1.117e+04	+0.574
167.400	+4.873e+03	+4.625e+03	+9.855e+03	+0.487
167.500	+4.431e+03	+6.243e+03	+1.060e+04	+0.585
167.600	+4.353e+03	+5.475e+03	+9.522e+03	+0.557
167.700	+3.846e+03	+5.000e+03	+1.008e+04	+0.565
167.800	+5.935e+03	+4.520e+03	+8.955e+03	+0.432
167.900	+3.029e+03	+4.989e+03	+1.111e+04	+0.622
168.000	+5.098e+03	+6.039e+03	+1.061e+04	+0.542
168.100	+4.465e+03	+5.014e+03	+1.013e+04	+0.529
168.200	+4.762e+03	+4.035e+03	+1.047e+04	+0.459
168.300	+5.423e+03	+4.730e+03	+8.657e+03	+0.466
168.400	+4.811e+03	+4.712e+03	+1.047e+04	+0.495
168.500	+5.048e+03	+5.211e+03	+9.883e+03	+0.508
168.600	+5.500e+03	+4.929e+03	+1.115e+04	+0.473
168.700	+6.436e+03	+4.642e+03	+9.952e+03	+0.419
168.800	+4.873e+03	+4.612e+03	+9.247e+03	+0.486
168.900	+4.913e+03	+5.323e+03	+1.109e+04	+0.520
169.000	+4.255e+03	+4.974e+03	+1.110e+04	+0.539
169.100	+5.738e+03	+5.405e+03	+7.905e+03	+0.485
169.200	+4.992e+03	+5.598e+03	+1.018e+04	+0.529
169.300	+4.731e+03	+5.340e+03	+9.545e+03	+0.530
169.400	+4.590e+03	+4.684e+03	+1.111e+04	+0.505
169.500	+5.705e+03	+4.163e+03	+1.070e+04	+0.422
169.600	+4.527e+03	+5.378e+03	+9.837e+03	+0.543
169.700	+4.147e+03	+5.338e+03	+9.669e+03	+0.563
169.800	+4.766e+03	+5.600e+03	+1.096e+04	+0.540
169.900	+4.893e+03	+5.053e+03	+8.964e+03	+0.508
170.000	+5.415e+03	+4.757e+03	+1.075e+04	+0.468
170.100	+4.563e+03	+5.690e+03	+9.549e+03	+0.555
170.200	+7.688e+03	+2.298e+03	+9.161e+03	+0.230
170.300	+6.864e+03	+2.114e+03	+8.940e+03	+0.235
170.400	+7.084e+03	+1.449e+03	+1.082e+04	+0.170
170.500	+6.779e+03	+2.650e+03	+9.512e+03	+0.281
170.600	+7.228e+03	+2.793e+03	+9.578e+03	+0.279
170.700	+5.145e+03	+5.515e+03	+9.171e+03	+0.517
170.800	+4.060e+03	+3.849e+03	+9.294e+03	+0.487
170.900	+5.113e+03	+5.146e+03	+8.585e+03	+0.502
171.000	+4.109e+03	+5.716e+03	+9.755e+03	+0.582
171.100	+5.511e+03	+5.018e+03	+9.190e+03	+0.477
171.200	+5.432e+03	+4.316e+03	+9.404e+03	+0.443
171.300	+3.055e+03	+4.577e+03	+1.087e+04	+0.600
171.400	+5.078e+03	+4.158e+03	+1.015e+04	+0.450
171.500	+4.984e+03	+5.182e+03	+9.555e+03	+0.510
171.600	+5.554e+03	+4.281e+03	+1.024e+04	+0.435
171.700	+6.991e+03	+5.096e+03	+9.870e+03	+0.422
171.800	+4.849e+03	+4.455e+03	+9.661e+03	+0.479
171.900	+5.909e+03	+4.524e+03	+9.197e+03	+0.434
172.000	+5.655e+03	+5.130e+03	+9.860e+03	+0.476
172.100	+3.976e+03	+3.933e+03	+9.490e+03	+0.497
172.200	+6.683e+03	+4.728e+03	+9.445e+03	+0.414
172.300	+5.213e+03	+4.284e+03	+8.611e+03	+0.451
172.400	+5.552e+03	+6.704e+03	+9.782e+03	+0.547
172.500	+4.739e+03	+4.644e+03	+1.201e+04	+0.495
172.600	+5.387e+03	+4.010e+03	+9.966e+03	+0.427
172.700	+4.960e+03	+4.304e+03	+8.430e+03	+0.465
172.800	+4.674e+03	+4.722e+03	+9.113e+03	+0.503
172.900	+6.377e+03	+3.563e+03	+9.376e+03	+0.358
173.000	+6.820e+03	+2.716e+03	+9.770e+03	+0.285
173.100	+8.168e+03	+2.618e+03	+1.084e+04	+0.243
173.200	+7.431e+03	+2.869e+03	+9.446e+03	+0.279
173.300	+7.542e+03	+2.157e+03	+1.013e+04	+0.222
173.400	+6.612e+03	+3.370e+03	+9.646e+03	+0.338
173.500	+7.675e+03	+1.979e+03	+1.158e+04	+0.205
173.600	+7.994e+03	+4.010e+03	+1.043e+04	+0.334
173.700	+7.352e+03	+2.463e+03	+9.288e+03	+0.251
173.800	+6.619e+03	+2.588e+03	+1.088e+04	+0.281
173.900	+4.346e+03	+5.218e+03	+1.024e+04	+0.546
174.000	+1.521e+03	+6.693e+03	+1.023e+04	+0.815
174.100	+2.763e+03	+8.277e+03	+1.080e+04	+0.750
174.200	+2.044e+03	+8.357e+03	+1.137e+04	+0.803
174.300	+2.010e+03	+8.544e+03	+1.013e+04	+0.810
174.400	+2.179e+03	+7.349e+03	+1.049e+04	+0.771
174.500	+3.645e+03	+8.878e+03	+1.144e+04	+0.709
174.600	+1.478e+03	+1.019e+04	+9.104e+03	+0.873
174.700	+2.962e+03	+9.028e+03	+9.999e+03	+0.753
174.800	+3.583e+02	+7.639e+03	+1.144e+04	+0.955
174.900	+2.749e+03	+6.818e+03	+1.031e+04	+0.713
175.000	+5.770e+02	+8.794e+03	+1.074e+04	+0.938
175.100	+2.635e+03	+8.266e+03	+9.611e+03	+0.758
175.200	+2.569e+03	+8.815e+03	+9.463e+03	+0.774
175.300	+2.149e+03	+7.363e+03	+1.021e+04	+0.774
175.400	+9.211e+02	+7.421e+03	+9.908e+03	+0.890
175.500	+2.619e+03	+9.400e+03	+1.106e+04	+0.782
175.600	+1.043e+03	+8.607e+03	+8.826e+03	+0.892
175.700	+2.410e+03	+7.661e+03	+1.089e+04	+0.761
175.800	+7.820e+02	+8.226e+03	+1.071e+04	+0.913
175.900	+2.514e+03	+7.684e+03	+9.225e+03	+0.753
176.000	+2.221e+03	+7.825e+03	+9.701e+03	+0.779
176.100	+9.775e+02	+7.856e+03	+9.289e+03	+0.889
176.200	+2.818e+03	+8.601e+03	+9.126e+03	+0.753
176.300	+1.030e+03	+7.279e+03	+9.292e+03	+0.876
176.400	+2.182e+03	+8.164e+03	+9.181e+03	+0.789
176.500	+1.783e+03	+8.007e+03	+9.065e+03	+0.818
176.600	+3.502e+03	+8.612e+03	+9.023e+03	+0.711
176.700	+1.676e+03	+8.737e+03	+1.022e+04	+0.839
176.800	+2.021e+03	+7.086e+03	+9.450e+03	+0.778
176.900	+2.584e+03	+7.496e+03	+1.016e+04	+0.744
177.000	+8.964e+02	+8.678e+03	+9.851e+03	+0.906
177.100	+1.493e+03	+8.800e+03	+9.883e+03	+0.855
177.200	+2.765e+03	+8.539e+03	+1.107e+04	+0.755
177.300	+1.379e+03	+8.212e+03	+1.056e+04	+0.856
177.400	+1.599e+03	+7.573e+03	+1.036e+04	+0.826
177.500	+1.959e+03	+8.642e+03	+9.577e+03	+0.815
177.600	+2.201e+03	+8.023e+03	+9.517e+03	+0.785
177.700	+1.387e+03	+7.916e+03	+1.081e+04	+0.851
177.800	+9.814e+02	+7.985e+03	+1.121e+04	+0.891
177.900	+1.027e+03	+9.910e+03	+9.014e+03	+0.906
178.000	+1.161e+03	+9.420e+03	+9.878e+03	+0.890
178.100	+2.068e+03	+8.686e+03	+9.801e+03	+0.808
178.200	+4.817e+03	+5.399e+03	+1.126e+04	+0.528
178.300	+5.026e+03	+5.610e+03	+1.052e+04	+0.527
178.400	+5.593e+03	+4.421e+03	+1.105e+04	+0.441
178.500	+4.634e+03	+5.122e+03	+9.919e+03	+0.525
178.600	+4.736e+03	+6.737e+03	+1.027e+04	+0.587
178.700	+5.291e+03	+5.520e+03	+1.142e+04	+0.511
178.800	+6.209e+03	+5.993e+03	+1.016e+04	+0.491
178.900	+5.136e+03	+3.831e+03	+9.710e+03	+0.427
179.000	+7.198e+03	+3.273e+03	+1.035e+04	+0.313
179.100	+6.975e+03	+2.294e+03	+1.074e+04	+0.247
179.200	+7.778e+03	+2.469e+03	+1.124e+04	+0.241
179.300	+8.196e+03	+3.361e+03	+8.617e+03	+0.291
179.400	+8.361e+03	+3.899e+03	+1.053e+04	+0.318
179.500	+6.742e+03	+1.610e+03	+1.013e+04	+0.193
179.600	+7.614e+03	+1.607e+03	+1.112e+04	+0.174
179.700	+6.686e+03	+1.234e+03	+9.724e+03	+0.156
179.800	+7.485e+03	+2.245e+03	+9.426e+03	+0.231
179.900	+8.429e+03	+2.006e+03	+9.156e+03	+0.192
180.000	+7.743e+03	+2.570e+03	+1.121e+04	+0.249
180.100	+8.643e+03	+2.792e+03	+1.079e+04	+0.244
180.200	+7.461e+03	+2.402e+03	+9.774e+03	+0.244
180.300	+7.707e+03	+3.417e+03	+9.284e+03	+0.307
180.400	+8.081e+03	+3.826e+03	+7.328e+03	+0.321
180.500	+5.979e+03	+4.998e+03	+9.542e+03	+0.455
180.600	+4.683e+03	+5.243e+03	+1.076e+04	+0.528
180.700	+4.158e+03	+5.289e+03	+1.047e+04	+0.560
180.800	+4.875e+03	+5.860e+03	+9.765e+03	+0.546
180.900	+5.040e+03	+4.942e+03	+1.016e+04	+0.495
181.000	+6.022e+03	+4.250e+03	+1.141e+04	+0.414
181.100	+4.665e+03	+5.116e+03	+9.745e+03	+0.523
181.200	+5.707e+03	+5.130e+03	+1.177e+04	+0.473
181.300	+5.914e+03	+5.925e+03	+9.741e+03	+0.500
181.400	+4.437e+03	+5.599e+03	+1.094e+04	+0.558
181.500	+5.742e+03	+5.001e+03	+8.829e+03	+0.466
181.600	+4.865e+03	+4.820e+03	+1.093e+04	+0.498
181.700	+5.395e+03	+5.123e+03	+1.038e+04	+0.487
181.800	+5.078e+03	+3.792e+03	+1.062e+04	+0.428
181.900	+4.234e+03	+5.007e+03	+9.893e+03	+0.542
182.000	+5.168e+03	+4.852e+03	+8.683e+03	+0.484
182.100	+4.318e+03	+4.829e+03	+9.260e+03	+0.528
182.200	+5.449e+03	+5.518e+03	+1.079e+04	+0.503
182.300	+4.267e+03	+5.488e+03	+1.154e+04	+0.563
182.400	+5.443e+03	+4.717e+03	+9.412e+03	+0.464
182.500	+4.972e+03	+6.090e+03	+9.917e+03	+0.551
182.600	+4.781e+03	+5.615e+03	+1.007e+04	+0.540
182.700	+5.179e+03	+5.397e+03	+9.512e+03	+0.510
182.800	+5.724e+03	+4.551e+03	+9.582e+03	+0.443
182.900	+4.279e+03	+4.233e+03	+1.018e+04	+0.497
183.000	+5.547e+03	+5.537e+03	+1.112e+04	+0.500
183.100	+5.223e+03	+5.082e+03	+1.037e+04	+0.493
183.200	+4.347e+03	+5.037e+03	+9.334e+03	+0.537
183.300	+6.129e+03	+4.506e+03	+1.012e+04	+0.424
183.400	+4.154e+03	+5.213e+03	+9.897e+03	+0.557
183.500	+5.875e+03	+4.482e+03	+8.912e+03	+0.433
183.600	+4.103e+03	+6.094e+03	+1.026e+04	+0.598
183.700	+3.622e+03	+6.041e+03	+8.781e+03	+0.625
183.800	+6.507e+03	+4.781e+03	+1.033e+04	+0.424
183.900	+7.563e+03	+1.575e+03	+1.122e+04	+0.172
184.000	+7.720e+03	+1.923e+03	+9.359e+03	+0.199
184.100	+7.996e+03	+2.330e+03	+9.292e+03	+0.226
184.200	+6.432e+03	+2.045e+03	+9.078e+03	+0.241
184.300	+7.017e+03	+2.234e+03	+9.198e+03	+0.241
184.400	+6.827e+03	+2.440e+03	+1.040e+04	+0.263
184.500	+7.732e+03	+2.276e+03	+9.040e+03	+0.227
184.600	+6.447e+03	+2.321e+03	+1.026e+04	+0.265
184.700	+7.071e+03	+3.347e+03	+1.028e+04	+0.321
184.800	+6.149e+03	+3.745e+03	+1.111e+04	+0.379
184.900	+7.798e+03	+2.429e+03	+1.070e+04	+0.238
185.000	+8.387e+03	+2.330e+03	+9.126e+03	+0.217
185.100	+7.677e+03	+2.294e+03	+9.842e+03	+0.230
185.200	+7.877e+03	+2.946e+03	+1.180e+04	+0.272
185.300	+7.235e+03	+3.530e+03	+9.863e+03	+0.328
185.400	+5.823e+03	+1.228e+03	+1.097e+04	+0.174
185.500	+7.624e+03	+2.560e+03	+9.454e+03	+0.251
185.600	+7.325e+03	+2.436e+03	+1.095e+04	+0.250
185.700	+7.517e+03	+3.069e+03	+9.578e+03	+0.290
185.800	+6.675e+03	+3.030e+03	+9.943e+03	+0.312
185.900	+6.743e+03	+1.856e+03	+9.425e+03	+0.216
186.000	+7.011e+03	+2.258e+03	+1.041e+04	+0.244
186.100	+7.906e+03	+2.739e+03	+1.015e+04	+0.257
186.200	+7.140e+03	+2.655e+03	+1.017e+04	+0.271
186.300	+7.086e+03	+3.245e+03	+1.033e+04	+0.314
186.400	+7.509e+03	+3.713e+03	+9.984e+03	+0.331
186.500	+8.096e+03	+3.532e+03	+9.690e+03	+0.304
186.600	+7.037e+03	+1.465e+03	+9.567e+03	+0.172
186.700	+7.164e+03	+2.779e+03	+9.420e+03	+0.279
186.800	+7.368e+03	+2.930e+03	+1.060e+04	+0.285
186.900	+8.326e+03	+3.628e+03	+8.796e+03	+0.303
187.000	+6.936e+03	+1.659e+03	+8.712e+03	+0.193
187.100	+8.357e+03	+3.230e+03	+9.827e+03	+0.279
187.200	+7.654e+03	+2.874e+03	+1.101e+04	+0.273
187.300	+8.265e+03	+1.784e+03	+1.064e+04	+0.178
187.400	+7.762e+03	+8.385e+02	+9.934e+03	+0.097
187.500	+7.834e+03	+2.899e+03	+9.711e+03	+0.270
187.600	+8.000e+03	+2.774e+03	+1.085e+04	+0.257
187.700	+7.429e+03	+3.102e+03	+1.016e+04	+0.295
187.800	+6.397e+03	+2.680e+03	+1.062e+04	+0.295
187.900	+7.884e+03	+2.598e+03	+9.550e+03	+0.248
188.000	+7.966e+03	+2.549e+03	+1.027e+04	+0.242
188.100	+7.842e+03	+3.555e+03	+1.011e+04	+0.312
188.200	+8.290e+03	+2.664e+03	+8.247e+03	+0.243
188.300	+7.820e+03	+3.017e+03	+8.878e+03	+0.278
188.400	+8.390e+03	+2.227e+03	+9.359e+03	+0.210
188.500	+8.069e+03	+2.768e+03	+9.263e+03	+0.255
188.600	+8.444e+03	+3.132e+03	+1.077e+04	+0.271
188.700	+8.382e+03	+3.249e+03	+9.257e+03	+0.279
188.800	+6.759e+03	+1.907e+03	+1.100e+04	+0.220
188.900	+6.760e+03	+3.292e+03	+9.400e+03	+0.327
189.000	+8.261e+03	+2.066e+03	+1.035e+04	+0.200
189.100	+7.236e+03	+2.721e+03	+9.305e+03	+0.273
189.200	+6.515e+03	+3.273e+03	+1.006e+04	+0.334
189.300	+7.748e+03	+1.762e+03	+1.046e+04	+0.185
189.400	+7.386e+03	+2.863e+03	+9.178e+03	+0.279
189.500	+6.849e+03	+1.718e+03	+8.965e+03	+0.201
189.600	+8.093e+03	+2.702e+03	+9.467e+03	+0.250
189.700	+6.886e+03	+2.426e+03	+9.690e+03	+0.260
189.800	+7.279e+03	+3.174e+03	+9.272e+03	+0.304
189.900	+6.831e+03	+2.787e+03	+9.642e+03	+0.290
190.000	+8.177e+03	+2.633e+03	+1.093e+04	+0.244
190.100	+7.340e+03	+2.414e+03	+1.150e+04	+0.247
190.200	+6.794e+03	+2.033e+03	+9.273e+03	+0.230
190.300	+6.620e+03	+1.267e+03	+1.009e+04	+0.161
190.400	+7.533e+03	+2.296e+03	+9.162e+03	+0.234
190.500	+6.877e+03	+2.970e+03	+9.838e+03	+0.302
190.600	+8.070e+03	+2.206e+03	+9.885e+03	+0.215
190.700	+6.383e+03	+1.394e+03	+9.400e+03	+0.179
190.800	+7.542e+03	+3.021e+03	+1.066e+04	+0.286
190.900	+7.276e+03	+4.038e+03	+1.012e+04	+0.357
191.000	+7.535e+03	+2.308e+03	+9.898e+03	+0.234
191.100	+6.260e+03	+2.515e+03	+9.923e+03	+0.287
191.200	+8.210e+03	+3.057e+03	+9.196e+03	+0.271
191.300	+7.922e+03	+2.558e+03	+9.383e+03	+0.244
191.400	+7.073e+03	+2.650e+03	+9.244e+03	+0.273
191.500	+6.799e+03	+2.811e+03	+9.364e+03	+0.293
191.600	+7.816e+03	+2.035e+03	+1.009e+04	+0.207
191.700	+7.126e+03	+2.528e+03	+1.057e+04	+0.262
191.800	+6.847e+03	+2.354e+03	+9.701e+03	+0.256
191.900	+7.781e+03	+1.525e+03	+9.298e+03	+0.164
192.000	+8.009e+03	+2.342e+03	+1.175e+04	+0.226
192.100	+7.661e+03	+1.152e+03	+9.729e+03	+0.131
192.200	+7.137e+03	+2.622e+03	+1.008e+04	+0.269
192.300	+7.634e+03	+1.545e+03	+1.053e+04	+0.168
192.400	+6.580e+03	+1.958e+03	+1.084e+04	+0.229
192.500	+8.014e+03	+1.579e+03	+1.078e+04	+0.165
192.600	+6.630e+03	+1.444e+03	+9.868e+03	+0.179
192.700	+7.942e+03	+2.892e+03	+1.073e+04	+0.267
192.800	+7.581e+03	+2.796e+03	+1.025e+04	+0.269
192.900	+6.354e+03	+3.039e+03	+1.051e+04	+0.324
193.000	+8.053e+03	+1.958e+03	+9.868e+03	+0.196
193.100	+7.315e+03	+3.077e+03	+9.986e+03	+0.296
193.200	+6.783e+03	+2.383e+03	+1.015e+04	+0.260
193.300	+6.885e+03	+2.142e+03	+1.114e+04	+0.237
193.400	+4.268e+03	+4.420e+03	+1.044e+04	+0.509
193.500	+3.042e+03	+5.146e+03	+1.018e+04	+0.628
193.600	+5.622e+03	+5.640e+03	+8.371e+03	+0.501
193.700	+3.866e+03	+4.392e+03	+9.240e+03	+0.532
193.800	+4.618e+03	+5.122e+03	+1.031e+04	+0.526
193.900	+5.578e+03	+4.469e+03	+1.104e+04	+0.445
194.000	+4.823e+03	+5.614e+03	+9.626e+03	+0.538
194.100	+4.712e+03	+4.787e+03	+9.493e+03	+0.504
194.200	+3.945e+03	+5.087e+03	+9.959e+03	+0.563
194.300	+3.769e+03	+6.017e+03	+9.931e+03	+0.615
194.400	+6.579e+03	+4.555e+03	+9.407e+03	+0.409
194.500	+4.126e+03	+5.635e+03	+1.064e+04	+0.577
194.600	+3.905e+03	+4.336e+03	+9.751e+03	+0.526
194.700	+4.637e+03	+5.867e+03	+1.006e+04	+0.559
194.800	+5.121e+03	+3.887e+03	+9.744e+03	+0.432
194.900	+4.540e+03	+6.414e+03	+9.956e+03	+0.586
195.000	+4.493e+03	+4.017e+03	+1.100e+04	+0.472
195.100	+5.962e+03	+5.242e+03	+1.051e+04	+0.468
195.200	+3.767e+03	+4.681e+03	+9.640e+03	+0.554
195.300	+3.820e+03	+4.636e+03	+8.186e+03	+0.548
195.400	+4.514e+03	+5.541e+03	+9.855e+03	+0.551
195.500	+5.651e+03	+5.115e+03	+8.629e+03	+0.475
195.600	+4.635e+03	+4.954e+03	+1.031e+04	+0.517
195.700	+5.542e+03	+5.013e+03	+9.628e+03	+0.475
195.800	+6.005e+03	+4.743e+03	+1.102e+04	+0.441
195.900	+5.476e+03	+5.383e+03	+8.885e+03	+0.496
196.000	+6.052e+03	+4.624e+03	+1.094e+04	+0.433
196.100	+6.597e+03	+5.011e+03	+1.170e+04	+0.432
196.200	+4.928e+03	+4.874e+03	+1.063e+04	+0.497
196.300	+3.943e+03	+5.361e+03	+9.571e+03	+0.576
196.400	+5.834e+03	+4.872e+03	+9.357e+03	+0.455
196.500	+5.307e+03	+4.981e+03	+1.013e+04	+0.484
196.600	+3.398e+03	+4.866e+03	+8.880e+03	+0.589
196.700	+4.389e+03	+5.495e+03	+9.899e+03	+0.556
196.800	+4.629e+03	+4.259e+03	+1.037e+04	+0.479
196.900	+6.075e+03	+4.099e+03	+1.062e+04	+0.403
197.000	+7.426e+03	+2.763e+03	+1.072e+04	+0.271
197.100	+6.875e+03	+2.451e+03	+1.043e+04	+0.263
197.200	+7.476e+03	+2.112e+03	+1.056e+04	+0.220
197.300	+8.119e+03	+2.616e+03	+9.869e+03	+0.244
197.400	+6.054e+03	+2.067e+03	+9.103e+03	+0.255
197.500	+1.817e+03	+8.025e+03	+9.511e+03	+0.815
197.600	+1.919e+03	+7.935e+03	+9.875e+03	+0.805
197.700	+3.140e+03	+7.537e+03	+9.768e+03	+0.706
197.800	+2.404e+03	+7.643e+03	+1.062e+04	+0.761
197.900	+9.956e+02	+9.023e+03	+9.577e+03	+0.901
198.000	+1.559e+03	+6.248e+03	+9.340e+03	+0.800
198.100	+2.013e+03	+8.653e+03	+9.495e+03	+0.811
198.200	+3.060e+03	+6.423e+03	+9.300e+03	+0.677
198.300	+2.187e+03	+8.516e+03	+1.065e+04	+0.796
198.400	+1.856e+03	+8.054e+03	+9.986e+03	+0.813
198.500	+2.047e+03	+7.856e+03	+9.668e+03	+0.793
198.600	+2.225e+03	+9.701e+03	+9.332e+03	+0.813
198.700	+1.531e+03	+8.138e+03	+9.232e+03	+0.842
198.800	+2.276e+03	+7.399e+03	+9.994e+03	+0.765
198.900	+2.527e+03	+8.157e+03	+8.778e+03	+0.764
199.000	+2.891e+03	+9.119e+03	+9.182e+03	+0.759
199.100	+2.896e+03	+7.602e+03	+9.493e+03	+0.724
199.200	+1.686e+03	+8.169e+03	+1.053e+04	+0.829
199.300	+1.462e+03	+9.311e+03	+9.763e+03	+0.864
199.400	+2.016e+03	+8.134e+03	+1.059e+04	+0.801
199.500	+2.957e+03	+7.990e+03	+9.463e+03	+0.730
199.600	+1.884e+03	+8.321e+03	+1.125e+04	+0.815
199.700	+9.553e+02	+8.775e+03	+1.081e+04	+0.902
199.800	+3.112e+03	+7.380e+03	+9.338e+03	+0.703
