%t (s)	Idd (a.u.)	Ida (a.u.)	Iaa (a.u.)	FRET E
0.000	+7.578e+03	+3.790e+03	+1.078e+04	+0.333
0.100	+7.756e+03	+2.659e+03	+9.703e+03	+0.255
0.200	+7.577e+03	+2.752e+03	+1.083e+04	+0.266
0.300	+8.329e+03	+3.345e+03	+1.020e+04	+0.287
0.400	+7.035e+03	+3.369e+03	+8.148e+03	+0.324
0.500	+8.184e+03	+2.930e+03	+1.037e+04	+0.264
0.600	+7.374e+03	+2.199e+03	+9.001e+03	+0.230
0.700	+7.806e+03	+1.179e+03	+8.826e+03	+0.131
0.800	+7.054e+03	+3.578e+03	+9.955e+03	+0.337
0.900	+6.638e+03	+2.032e+03	+9.636e+03	+0.234
1.000	+6.980e+03	+1.492e+03	+1.046e+04	+0.176
1.100	+6.769e+03	+1.926e+03	+9.795e+03	+0.221
1.200	+8.717e+03	+1.670e+03	+1.137e+04	+0.161
1.300	+8.738e+03	+2.717e+03	+9.907e+03	+0.237
1.400	+8.470e+03	+2.197e+03	+1.100e+04	+0.206
1.500	+5.997e+03	+1.991e+03	+9.237e+03	+0.249
1.600	+6.777e+03	+3.725e+03	+9.377e+03	+0.355
1.700	+7.158e+03	+2.788e+03	+9.890e+03	+0.280
1.800	+8.449e+03	+2.970e+03	+1.025e+04	+0.260
1.900	+8.478e+03	+1.478e+03	+1.000e+04	+0.148
2.000	+8.069e+03	+3.286e+03	+1.068e+04	+0.289
2.100	+7.815e+03	+2.760e+03	+1.005e+04	+0.261
2.200	+8.045e+03	+2.081e+03	+8.955e+03	+0.205
2.300	+7.348e+03	+2.686e+03	+9.344e+03	+0.268
2.400	+6.576e+03	+2.951e+03	+9.567e+03	+0.310
2.500	+7.823e+03	+3.315e+03	+9.469e+03	+0.298
2.600	+6.652e+03	+2.610e+03	+8.325e+03	+0.282
2.700	+7.623e+03	+2.531e+03	+1.076e+04	+0.249
2.800	+8.768e+03	+2.965e+03	+1.052e+04	+0.253
2.900	+8.543e+03	+2.003e+03	+9.203e+03	+0.190
3.000	+6.372e+03	+3.017e+03	+9.632e+03	+0.321
3.100	+7.554e+03	+2.881e+03	+1.038e+04	+0.276
3.200	+6.529e+03	+2.353e+03	+9.906e+03	+0.265
3.300	+9.041e+03	+1.978e+03	+1.054e+04	+0.180
3.400	+7.625e+03	+2.342e+03	+9.862e+03	+0.235
3.500	+7.809e+03	+2.853e+03	+1.184e+04	+0.268
3.600	+7.411e+03	+2.026e+03	+1.052e+04	+0.215
3.700	+6.277e+03	+3.797e+03	+9.498e+03	+0.377
3.800	+6.884e+03	+1.123e+03	+1.131e+04	+0.140
3.900	+6.804e+03	+2.889e+03	+9.335e+03	+0.298
4.000	+7.977e+03	+2.740e+03	+1.060e+04	+0.256
4.100	+8.110e+03	+2.140e+03	+1.086e+04	+0.209
4.200	+8.255e+03	+1.960e+03	+9.170e+03	+0.192
4.300	+6.782e+03	+1.809e+03	+9.937e+03	+0.211
4.400	+7.077e+03	+2.021e+03	+9.311e+03	+0.222
4.500	+7.138e+03	+1.173e+03	+9.850e+03	+0.141
4.600	+7.195e+03	+3.066e+03	+9.567e+03	+0.299
4.700	+7.699e+03	+3.276e+03	+1.029e+04	+0.299
4.800	+7.956e+03	+3.236e+03	+9.591e+03	+0.289
4.900	+6.983e+03	+3.218e+03	+8.387e+03	+0.315
5.000	+5.961e+03	+2.399e+03	+1.051e+04	+0.287
5.100	+7.601e+03	+1.481e+03	+9.764e+03	+0.163
5.200	+7.797e+03	+1.805e+03	+8.750e+03	+0.188
5.300	+7.006e+03	+1.815e+03	+1.002e+04	+0.206
5.400	+6.932e+03	+2.574e+03	+1.052e+04	+0.271
5.500	+8.204e+03	+1.450e+03	+9.925e+03	+0.150
5.600	+8.104e+03	+1.465e+03	+9.632e+03	+0.153
5.700	+7.996e+03	+1.003e+03	+9.258e+03	+0.111
5.800	+6.203e+03	+3.304e+03	+1.127e+04	+0.348
5.900	+7.279e+03	+2.745e+03	+1.065e+04	+0.274
6.000	+7.640e+03	+1.519e+03	+1.021e+04	+0.166
6.100	+8.404e+03	+1.899e+03	+1.016e+04	+0.184
6.200	+7.425e+03	+1.663e+03	+9.808e+03	+0.183
6.300	+7.644e+03	+2.870e+03	+1.038e+04	+0.273
6.400	+8.130e+03	+2.143e+03	+1.015e+04	+0.209
6.500	+7.711e+03	+3.422e+03	+1.048e+04	+0.307
6.600	+7.789e+03	+1.880e+03	+1.015e+04	+0.194
6.700	+7.647e+03	+2.106e+03	+1.027e+04	+0.216
6.800	+6.777e+03	+1.803e+03	+9.945e+03	+0.210
6.900	+8.626e+03	+3.417e+03	+9.699e+03	+0.284
7.000	+7.691e+03	+1.995e+03	+1.044e+04	+0.206
7.100	+7.427e+03	+2.798e+03	+9.889e+03	+0.274
7.200	+7.834e+03	+2.251e+03	+9.133e+03	+0.223
7.300	+6.737e+03	+2.620e+03	+9.444e+03	+0.280
7.400	+5.089e+03	+5.343e+03	+1.015e+04	+0.512
7.500	+5.381e+03	+5.094e+03	+9.322e+03	+0.486
7.600	+4.909e+03	+4.493e+03	+1.006e+04	+0.478
7.700	+6.236e+03	+4.792e+03	+9.846e+03	+0.435
7.800	+4.922e+03	+3.968e+03	+1.027e+04	+0.446
7.900	+4.360e+03	+5.016e+03	+9.311e+03	+0.535
8.000	+5.212e+03	+3.900e+03	+7.990e+03	+0.428
8.100	+5.288e+03	+5.464e+03	+9.655e+03	+0.508
8.200	+5.969e+03	+4.616e+03	+1.032e+04	+0.436
8.300	+4.769e+03	+5.292e+03	+1.029e+04	+0.526
8.400	+4.788e+03	+5.029e+03	+1.062e+04	+0.512
8.500	+6.073e+03	+4.610e+03	+9.293e+03	+0.432
8.600	+5.539e+03	+5.931e+03	+9.569e+03	+0.517
8.700	+6.036e+03	+5.267e+03	+1.079e+04	+0.466
8.800	+4.475e+03	+4.779e+03	+1.026e+04	+0.516
8.900	+4.584e+03	+5.190e+03	+1.000e+04	+0.531
9.000	+5.587e+03	+4.629e+03	+9.443e+03	+0.453
9.100	+6.988e+03	+2.724e+03	+9.871e+03	+0.280
9.200	+8.886e+03	+2.482e+03	+9.500e+03	+0.218
9.300	+7.616e+03	+4.016e+03	+1.030e+04	+0.345
9.400	+6.199e+03	+2.546e+03	+1.040e+04	+0.291
9.500	+6.716e+03	+2.843e+03	+1.044e+04	+0.297
9.600	+6.053e+03	+3.003e+03	+9.483e+03	+0.332
9.700	+7.264e+03	+2.280e+03	+9.555e+03	+0.239
9.800	+7.168e+03	+2.437e+03	+8.700e+03	+0.254
9.900	+6.541e+03	+2.532e+03	+1.036e+04	+0.279
10.000	+5.851e+03	+2.018e+03	+9.781e+03	+0.256
10.100	+7.705e+03	+2.077e+03	+9.823e+03	+0.212
10.200	+8.515e+03	+2.000e+03	+1.042e+04	+0.190
10.300	+7.562e+03	+2.138e+03	+1.085e+04	+0.220
10.400	+7.515e+03	+4.131e+03	+8.852e+03	+0.355
10.500	+9.459e+03	+1.632e+03	+1.064e+04	+0.147
10.600	+7.013e+03	+2.725e+03	+9.016e+03	+0.280
10.700	+7.437e+03	+2.853e+03	+9.731e+03	+0.277
10.800	+7.794e+03	+3.070e+03	+9.144e+03	+0.283
10.900	+6.898e+03	+1.550e+03	+1.041e+04	+0.183
11.000	+8.001e+03	+2.305e+03	+1.102e+04	+0.224
11.100	+8.165e+03	+2.710e+03	+9.793e+03	+0.249
11.200	+7.579e+03	+2.563e+03	+1.076e+04	+0.253
11.300	+8.096e+03	+4.023e+03	+8.812e+03	+0.332
11.400	+7.947e+03	+2.343e+03	+9.333e+03	+0.228
11.500	+7.390e+03	+2.400e+03	+9.999e+03	+0.245
11.600	+6.607e+03	+2.361e+03	+8.976e+03	+0.263
11.700	+5.984e+03	+3.427e+03	+1.008e+04	+0.364
11.800	+6.443e+03	+3.493e+03	+1.002e+04	+0.352
11.900	+7.774e+03	+3.609e+03	+9.498e+03	+0.317
12.000	+8.040e+03	+2.366e+03	+9.576e+03	+0.227
12.100	+7.370e+03	+2.424e+03	+1.007e+04	+0.248
12.200	+7.020e+03	+2.336e+03	+1.004e+04	+0.250
12.300	+5.917e+03	+3.053e+03	+8.857e+03	+0.340
12.400	+8.097e+03	+2.779e+03	+9.291e+03	+0.256
12.500	+7.557e+03	+2.973e+03	+9.416e+03	+0.282
12.600	+6.924e+03	+2.896e+03	+1.001e+04	+0.295
12.700	+8.144e+03	+2.716e+03	+1.024e+04	+0.250
12.800	+6.934e+03	+3.360e+03	+9.652e+03	+0.326
12.900	+7.245e+03	+2.023e+03	+9.942e+03	+0.218
13.000	+7.733e+03	+2.793e+03	+1.046e+04	+0.265
13.100	+7.808e+03	+1.971e+03	+1.075e+04	+0.202
13.200	+7.996e+03	+1.222e+03	+1.091e+04	+0.133
13.300	+7.032e+03	+2.227e+03	+1.011e+04	+0.241
13.400	+6.516e+03	+3.968e+03	+9.700e+03	+0.379
13.500	+7.490e+03	+2.468e+03	+9.715e+03	+0.248
13.600	+7.686e+03	+3.710e+03	+9.606e+03	+0.326
13.700	+8.941e+03	+2.420e+03	+1.124e+04	+0.213
13.800	+7.303e+03	+2.516e+03	+1.031e+04	+0.256
13.900	+7.073e+03	+1.688e+03	+1.030e+04	+0.193
14.000	+7.207e+03	+1.793e+03	+1.080e+04	+0.199
14.100	+7.213e+03	+2.643e+03	+9.563e+03	+0.268
14.200	+7.858e+03	+2.178e+03	+8.868e+03	+0.217
14.300	+7.441e+03	+1.775e+03	+9.779e+03	+0.193
14.400	+7.578e+03	+2.668e+03	+9.410e+03	+0.260
14.500	+8.336e+03	+3.144e+03	+1.067e+04	+0.274
14.600	+6.678e+03	+2.817e+03	+9.234e+03	+0.297
14.700	+8.110e+03	+1.157e+03	+1.000e+04	+0.125
14.800	+6.277e+03	+2.795e+03	+9.623e+03	+0.308
14.900	+6.208e+03	+3.142e+03	+1.101e+04	+0.336
15.000	+7.377e+03	+1.517e+03	+9.292e+03	+0.171
15.100	+6.671e+03	+2.460e+03	+9.989e+03	+0.269
15.200	+8.096e+03	+2.142e+03	+1.044e+04	+0.209
15.300	+7.301e+03	+2.061e+03	+9.885e+03	+0.220
15.400	+4.772e+03	+6.011e+03	+1.001e+04	+0.557
15.500	+5.547e+03	+4.694e+03	+1.055e+04	+0.458
15.600	+4.983e+03	+4.930e+03	+9.554e+03	+0.497
15.700	+5.287e+03	+5.466e+03	+9.770e+03	+0.508
15.800	+4.989e+03	+5.574e+03	+1.137e+04	+0.528
15.900	+5.685e+03	+5.167e+03	+9.466e+03	+0.476
16.000	+5.201e+03	+4.939e+03	+1.177e+04	+0.487
16.100	+6.055e+03	+3.715e+03	+1.081e+04	+0.380
16.200	+7.319e+03	+3.791e+03	+1.003e+04	+0.341
16.300	+7.689e+03	+1.741e+03	+1.107e+04	+0.185
16.400	+7.752e+03	+1.985e+03	+8.502e+03	+0.204
16.500	+8.782e+03	+1.662e+03	+1.040e+04	+0.159
16.600	+6.820e+03	+2.282e+03	+1.015e+04	+0.251
16.700	+8.783e+03	+2.571e+03	+1.107e+04	+0.226
16.800	+7.201e+03	+3.312e+03	+1.010e+04	+0.315
16.900	+8.221e+03	+2.718e+03	+9.180e+03	+0.248
17.000	+6.799e+03	+1.583e+03	+1.110e+04	+0.189
17.100	+6.842e+03	+1.864e+03	+1.069e+04	+0.214
17.200	+7.209e+03	+1.976e+03	+9.238e+03	+0.215
17.300	+7.163e+03	+1.013e+03	+1.027e+04	+0.124
17.400	+6.984e+03	+2.725e+03	+1.011e+04	+0.281
17.500	+6.768e+03	+3.295e+03	+1.018e+04	+0.327
17.600	+8.948e+03	+2.059e+03	+9.400e+03	+0.187
17.700	+7.503e+03	+2.825e+03	+9.184e+03	+0.274
17.800	+7.333e+03	+2.020e+03	+1.084e+04	+0.216
17.900	+7.872e+03	+2.432e+03	+9.998e+03	+0.236
18.000	+7.666e+03	+2.896e+03	+9.126e+03	+0.274
18.100	+7.514e+03	+2.682e+03	+8.971e+03	+0.263
18.200	+6.666e+03	+3.038e+03	+9.238e+03	+0.313
18.300	+7.813e+03	+2.575e+03	+9.810e+03	+0.248
18.400	+7.395e+03	+1.633e+03	+1.160e+04	+0.181
18.500	+8.636e+03	+3.170e+03	+9.923e+03	+0.268
18.600	+9.181e+03	+2.618e+03	+9.800e+03	+0.222
18.700	+9.147e+03	+2.109e+03	+9.508e+03	+0.187
18.800	+8.255e+03	+2.639e+03	+9.234e+03	+0.242
18.900	+6.832e+03	+2.980e+03	+9.399e+03	+0.304
19.000	+6.700e+03	+2.335e+03	+1.013e+04	+0.258
19.100	+7.344e+03	+2.014e+03	+9.833e+03	+0.215
19.200	+7.144e+03	+1.777e+03	+9.299e+03	+0.199
19.300	+7.638e+03	+2.155e+03	+1.118e+04	+0.220
19.400	+7.396e+03	+2.695e+03	+1.115e+04	+0.267
19.500	+7.107e+03	+2.820e+03	+1.040e+04	+0.284
19.600	+7.420e+03	+2.045e+03	+9.037e+03	+0.216
19.700	+7.509e+03	+2.375e+03	+9.632e+03	+0.240
19.800	+8.218e+03	+2.338e+03	+8.619e+03	+0.221
19.900	+6.934e+03	+1.404e+03	+9.426e+03	+0.168
20.000	+8.019e+03	+1.858e+03	+1.119e+04	+0.188
20.100	+6.996e+03	+2.269e+03	+1.053e+04	+0.245
20.200	+7.885e+03	+3.044e+03	+1.092e+04	+0.278
20.300	+6.938e+03	+1.357e+03	+9.766e+03	+0.164
20.400	+7.690e+03	+3.098e+03	+8.420e+03	+0.287
20.500	+8.247e+03	+1.938e+03	+9.378e+03	+0.190
20.600	+7.593e+03	+2.199e+03	+1.038e+04	+0.225
20.700	+7.606e+03	+2.487e+03	+9.063e+03	+0.246
20.800	+6.917e+03	+3.234e+03	+1.030e+04	+0.319
20.900	+7.785e+03	+3.411e+03	+9.811e+03	+0.305
21.000	+7.560e+03	+3.347e+03	+9.978e+03	+0.307
21.100	+7.343e+03	+2.801e+03	+1.079e+04	+0.276
21.200	+6.674e+03	+3.386e+03	+1.123e+04	+0.337
21.300	+7.786e+03	+1.934e+03	+9.014e+03	+0.199
21.400	+8.167e+03	+1.227e+03	+9.433e+03	+0.131
21.500	+7.392e+03	+2.654e+03	+1.010e+04	+0.264
21.600	+6.262e+03	+3.172e+03	+9.946e+03	+0.336
21.700	+8.749e+03	+1.959e+03	+9.572e+03	+0.183
21.800	+7.574e+03	+2.741e+03	+1.085e+04	+0.266
21.900	+8.233e+03	+1.658e+03	+1.047e+04	+0.168
22.000	+7.445e+03	+1.950e+03	+9.785e+03	+0.208
22.100	+7.137e+03	+1.969e+03	+1.032e+04	+0.216
22.200	+7.290e+03	+2.138e+03	+1.000e+04	+0.227
22.300	+7.969e+03	+2.836e+03	+9.721e+03	+0.262
22.400	+6.733e+03	+1.366e+03	+9.482e+03	+0.169
22.500	+7.733e+03	+3.097e+03	+1.040e+04	+0.286
22.600	+7.571e+03	+2.134e+03	+1.071e+04	+0.220
22.700	+7.967e+03	+8.857e+02	+9.300e+03	+0.100
22.800	+6.720e+03	+1.437e+03	+9.553e+03	+0.176
22.900	+7.786e+03	+2.893e+03	+8.985e+03	+0.271
23.000	+7.617e+03	+3.171e+03	+9.566e+03	+0.294
23.100	+6.692e+03	+2.138e+03	+8.703e+03	+0.242
23.200	+6.752e+03	+2.544e+03	+9.897e+03	+0.274
23.300	+8.083e+03	+2.900e+03	+9.321e+03	+0.264
23.400	+7.724e+03	+3.038e+03	+1.030e+04	+0.282
23.500	+6.197e+03	+1.945e+03	+9.374e+03	+0.239
23.600	+7.473e+03	+3.786e+03	+1.137e+04	+0.336
23.700	+7.757e+03	+3.949e+03	+1.112e+04	+0.337
23.800	+8.212e+03	+3.066e+03	+1.070e+04	+0.272
23.900	+7.000e+03	+2.174e+03	+8.736e+03	+0.237
24.000	+6.025e+03	+1.797e+03	+8.904e+03	+0.230
24.100	+7.023e+03	+3.060e+03	+1.043e+04	+0.304
24.200	+7.619e+03	+1.172e+03	+1.074e+04	+0.133
24.300	+5.580e+03	+2.549e+03	+1.100e+04	+0.314
24.400	+9.255e+03	+3.538e+03	+7.950e+03	+0.277
24.500	+7.084e+03	+3.215e+03	+1.060e+04	+0.312
24.600	+7.520e+03	+2.979e+03	+1.099e+04	+0.284
24.700	+7.943e+03	+3.022e+03	+9.433e+03	+0.276
24.800	+7.929e+03	+4.086e+03	+9.692e+03	+0.340
24.900	+5.602e+03	+5.046e+03	+9.976e+03	+0.474
25.000	+4.501e+03	+5.282e+03	+9.384e+03	+0.540
25.100	+4.318e+03	+6.569e+03	+8.780e+03	+0.603
25.200	+5.849e+03	+5.624e+03	+1.020e+04	+0.490
25.300	+5.585e+03	+3.973e+03	+9.305e+03	+0.416
25.400	+5.284e+03	+4.370e+03	+9.062e+03	+0.453
25.500	+4.709e+03	+5.895e+03	+9.793e+03	+0.556
25.600	+4.192e+03	+4.936e+03	+8.737e+03	+0.541
25.700	+5.653e+03	+3.989e+03	+9.707e+03	+0.414
25.800	+5.128e+03	+4.712e+03	+1.012e+04	+0.479
25.900	+5.617e+03	+6.434e+03	+1.048e+04	+0.534
26.000	+5.113e+03	+4.805e+03	+1.001e+04	+0.484
26.100	+6.196e+03	+5.411e+03	+9.942e+03	+0.466
26.200	+5.138e+03	+5.118e+03	+1.027e+04	+0.499
26.300	+5.492e+03	+5.219e+03	+1.147e+04	+0.487
26.400	+5.498e+03	+5.387e+03	+9.299e+03	+0.495
26.500	+6.016e+03	+3.646e+03	+8.450e+03	+0.377
26.600	+4.663e+03	+4.157e+03	+1.048e+04	+0.471
26.700	+3.837e+03	+6.140e+03	+1.044e+04	+0.615
26.800	+3.296e+03	+5.331e+03	+1.035e+04	+0.618
26.900	+4.273e+03	+4.947e+03	+1.001e+04	+0.537
27.000	+4.310e+03	+4.776e+03	+1.063e+04	+0.526
27.100	+4.513e+03	+4.556e+03	+9.482e+03	+0.502
27.200	+4.982e+03	+4.465e+03	+1.007e+04	+0.473
27.300	+4.313e+03	+6.560e+03	+9.867e+03	+0.603
27.400	+5.283e+03	+4.872e+03	+9.785e+03	+0.480
27.500	+5.276e+03	+4.815e+03	+9.552e+03	+0.477
27.600	+4.645e+03	+4.315e+03	+8.783e+03	+0.482
27.700	+4.936e+03	+4.415e+03	+9.614e+03	+0.472
27.800	+5.920e+03	+4.715e+03	+1.063e+04	+0.443
27.900	+5.185e+03	+4.806e+03	+1.034e+04	+0.481
28.000	+4.286e+03	+3.760e+03	+1.044e+04	+0.467
28.100	+5.296e+03	+3.419e+03	+9.248e+03	+0.392
28.200	+4.908e+03	+6.407e+03	+9.903e+03	+0.566
28.300	+4.861e+03	+4.491e+03	+1.012e+04	+0.480
28.400	+5.258e+03	+5.413e+03	+1.104e+04	+0.507
28.500	+5.251e+03	+5.682e+03	+9.168e+03	+0.520
28.600	+5.658e+03	+6.119e+03	+9.709e+03	+0.520
28.700	+4.320e+03	+4.865e+03	+9.263e+03	+0.530
28.800	+5.020e+03	+5.341e+03	+9.051e+03	+0.515
28.900	+5.075e+03	+4.952e+03	+9.710e+03	+0.494
29.000	+4.577e+03	+5.845e+03	+1.098e+04	+0.561
29.100	+5.216e+03	+4.150e+03	+1.050e+04	+0.443
29.200	+4.748e+03	+4.221e+03	+9.622e+03	+0.471
29.300	+4.193e+03	+5.072e+03	+9.425e+03	+0.547
29.400	+4.466e+03	+4.746e+03	+1.021e+04	+0.515
29.500	+8.011e+03	+2.337e+03	+9.114e+03	+0.226
29.600	+8.015e+03	+2.723e+03	+1.088e+04	+0.254
29.700	+7.385e+03	+1.604e+03	+9.469e+03	+0.178
29.800	+6.034e+03	+2.229e+03	+1.082e+04	+0.270
29.900	+7.817e+03	+1.097e+03	+9.329e+03	+0.123
30.000	+6.902e+03	+3.216e+03	+9.643e+03	+0.318
30.100	+7.013e+03	+4.881e+03	+1.010e+04	+0.410
30.200	+7.161e+03	+2.094e+03	+1.084e+04	+0.226
30.300	+7.388e+03	+2.333e+03	+9.672e+03	+0.240
30.400	+8.603e+03	+2.336e+03	+9.774e+03	+0.214
30.500	+7.475e+03	+2.514e+03	+9.987e+03	+0.252
30.600	+7.567e+03	+1.853e+03	+9.390e+03	+0.197
30.700	+8.607e+03	+1.831e+03	+9.010e+03	+0.175
30.800	+8.261e+03	+3.101e+03	+1.012e+04	+0.273
30.900	+8.104e+03	+3.041e+03	+1.012e+04	+0.273
31.000	+8.153e+03	+1.908e+03	+1.013e+04	+0.190
31.100	+7.211e+03	+2.084e+03	+1.022e+04	+0.224
31.200	+8.078e+03	+3.472e+03	+1.120e+04	+0.301
31.300	+7.308e+03	+2.411e+03	+9.998e+03	+0.248
31.400	+7.501e+03	+2.090e+03	+9.574e+03	+0.218
31.500	+7.194e+03	+3.519e+03	+1.058e+04	+0.328
31.600	+8.194e+03	+3.355e+03	+1.040e+04	+0.290
31.700	+8.218e+03	+2.420e+03	+8.137e+03	+0.227
31.800	+7.292e+03	+2.511e+03	+1.013e+04	+0.256
31.900	+7.645e+03	+1.817e+03	+9.362e+03	+0.192
32.000	+7.421e+03	+1.068e+03	+1.003e+04	+0.126
32.100	+9.140e+03	+2.281e+03	+9.774e+03	+0.200
32.200	+6.236e+03	+2.907e+03	+1.029e+04	+0.318
32.300	+7.741e+03	+3.169e+03	+1.031e+04	+0.290
32.400	+6.294e+03	+2.523e+03	+9.708e+03	+0.286
32.500	+7.464e+03	+2.719e+03	+1.040e+04	+0.267
32.600	+8.673e+03	+2.607e+03	+9.333e+03	+0.231
32.700	+6.836e+03	+3.366e+03	+9.460e+03	+0.330
32.800	+7.655e+03	+3.328e+03	+1.043e+04	+0.303
32.900	+7.402e+03	+3.168e+03	+9.986e+03	+0.300
33.000	+7.321e+03	+2.453e+03	+1.103e+04	+0.251
33.100	+6.988e+03	+1.978e+03	+9.286e+03	+0.221
33.200	+7.052e+03	+1.539e+03	+1.047e+04	+0.179
33.300	+8.371e+03	+1.093e+03	+1.157e+04	+0.116
33.400	+7.853e+03	+1.195e+03	+9.696e+03	+0.132
33.500	+7.967e+03	+3.206e+03	+1.029e+04	+0.287
33.600	+7.183e+03	+2.270e+03	+9.537e+03	+0.240
33.700	+7.790e+03	+2.466e+03	+9.326e+03	+0.240
33.800	+1.022e+04	+1.360e+03	+1.092e+04	+0.117
33.900	+7.135e+03	+2.736e+03	+1.044e+04	+0.277
34.000	+7.364e+03	+2.682e+03	+1.057e+04	+0.267
34.100	+7.256e+03	+1.347e+03	+1.080e+04	+0.157
34.200	+7.111e+03	+1.520e+03	+9.134e+03	+0.176
34.300	+7.310e+03	+2.124e+03	+1.019e+04	+0.225
34.400	+8.898e+03	+3.140e+03	+9.972e+03	+0.261
34.500	+7.654e+03	+2.169e+03	+9.347e+03	+0.221
34.600	+7.997e+03	+1.565e+03	+7.874e+03	+0.164
34.700	+7.333e+03	+1.457e+03	+1.147e+04	+0.166
34.800	+7.293e+03	+2.277e+03	+9.462e+03	+0.238
34.900	+8.605e+03	+2.986e+03	+9.189e+03	+0.258
35.000	+7.759e+03	+2.934e+03	+1.139e+04	+0.274
35.100	+6.757e+03	+1.275e+03	+9.920e+03	+0.159
35.200	+7.240e+03	+1.823e+03	+1.018e+04	+0.201
35.300	+7.667e+03	+4.223e+03	+1.093e+04	+0.355
35.400	+7.953e+03	+1.845e+03	+9.448e+03	+0.188
35.500	+7.640e+03	+1.977e+03	+1.009e+04	+0.206
35.600	+7.154e+03	+1.349e+03	+9.867e+03	+0.159
35.700	+6.836e+03	+2.334e+03	+1.016e+04	+0.255
35.800	+7.258e+03	+2.249e+03	+1.121e+04	+0.237
35.900	+8.139e+03	+1.402e+03	+1.033e+04	+0.147
36.000	+7.118e+03	+2.230e+03	+9.149e+03	+0.239
36.100	+7.406e+03	+2.374e+03	+1.068e+04	+0.243
36.200	+6.982e+03	+2.598e+03	+1.054e+04	+0.271
36.300	+7.932e+03	+2.556e+03	+9.598e+03	+0.244
36.400	+7.829e+03	+3.178e+03	+1.047e+04	+0.289
36.500	+6.740e+03	+1.572e+03	+9.572e+03	+0.189
36.600	+7.765e+03	+2.831e+03	+1.104e+04	+0.267
36.700	+7.197e+03	+1.947e+03	+9.840e+03	+0.213
36.800	+8.539e+03	+1.653e+03	+9.697e+03	+0.162
36.900	+6.732e+03	+3.256e+03	+8.990e+03	+0.326
37.000	+7.472e+03	+2.595e+03	+8.900e+03	+0.258
37.100	+7.904e+03	+3.374e+03	+1.158e+04	+0.299
37.200	+6.663e+03	+2.308e+03	+1.070e+04	+0.257
37.300	+6.427e+03	+2.419e+03	+1.146e+04	+0.273
37.400	+7.086e+03	+1.969e+03	+9.251e+03	+0.217
37.500	+8.199e+03	+2.284e+03	+9.340e+03	+0.218
37.600	+8.787e+03	+2.099e+03	+9.383e+03	+0.193
37.700	+7.509e+03	+2.225e+03	+9.437e+03	+0.229
37.800	+7.199e+03	+3.292e+03	+1.124e+04	+0.314
37.900	+8.543e+03	+2.248e+03	+1.064e+04	+0.208
38.000	+7.567e+03	+2.463e+03	+1.011e+04	+0.246
38.100	+7.624e+03	+3.313e+03	+9.436e+03	+0.303
38.200	+8.010e+03	+2.050e+03	+1.005e+04	+0.204
38.300	+6.756e+03	+2.402e+03	+9.610e+03	+0.262
38.400	+8.204e+03	+2.496e+03	+1.003e+04	+0.233
38.500	+6.612e+03	+7.375e+02	+9.557e+03	+0.100
38.600	+7.929e+03	+2.917e+03	+9.493e+03	+0.269
38.700	+7.475e+03	+1.607e+03	+1.024e+04	+0.177
38.800	+6.488e+03	+1.415e+03	+1.100e+04	+0.179
38.900	+8.886e+03	+2.835e+03	+9.554e+03	+0.242
39.000	+7.881e+03	+2.384e+03	+1.078e+04	+0.232
39.100	+8.132e+03	+1.757e+03	+1.092e+04	+0.178
39.200	+7.810e+03	+4.090e+03	+9.664e+03	+0.344
39.300	+8.428e+03	+3.381e+03	+9.774e+03	+0.286
39.400	+7.995e+03	+3.502e+03	+9.269e+03	+0.305
39.500	+7.262e+03	+1.774e+03	+9.556e+03	+0.196
39.600	+6.954e+03	+2.656e+03	+1.010e+04	+0.276
39.700	+6.761e+03	+2.776e+03	+1.060e+04	+0.291
39.800	+6.785e+03	+2.003e+03	+1.007e+04	+0.228
39.900	+8.120e+03	+3.837e+03	+1.046e+04	+0.321
40.000	+6.801e+03	+2.678e+03	+9.154e+03	+0.282
40.100	+8.379e+03	+3.539e+03	+1.009e+04	+0.297
40.200	+7.875e+03	+3.417e+03	+8.982e+03	+0.303
40.300	+6.898e+03	+1.579e+03	+1.073e+04	+0.186
40.400	+7.270e+03	+2.988e+03	+8.841e+03	+0.291
40.500	+7.272e+03	+3.191e+03	+9.976e+03	+0.305
40.600	+7.788e+03	+2.202e+03	+9.886e+03	+0.220
40.700	+6.446e+03	+2.335e+03	+1.057e+04	+0.266
40.800	+6.889e+03	+3.346e+03	+9.223e+03	+0.327
40.900	+7.354e+03	+3.254e+03	+1.050e+04	+0.307
41.000	+7.678e+03	+2.247e+03	+1.019e+04	+0.226
41.100	+6.901e+03	+2.021e+03	+9.502e+03	+0.226
41.200	+7.606e+03	+1.248e+03	+9.870e+03	+0.141
41.300	+6.869e+03	+2.301e+03	+9.764e+03	+0.251
41.400	+6.464e+03	+3.337e+03	+8.979e+03	+0.341
41.500	+7.303e+03	+2.944e+03	+1.011e+04	+0.287
41.600	+7.223e+03	+2.813e+03	+9.174e+03	+0.280
41.700	+7.328e+03	+1.675e+03	+9.689e+03	+0.186
41.800	+7.161e+03	+2.769e+03	+9.157e+03	+0.279
41.900	+7.424e+03	+2.864e+03	+1.016e+04	+0.278
42.000	+7.361e+03	+3.035e+03	+9.916e+03	+0.292
42.100	+7.069e+03	+1.743e+03	+9.303e+03	+0.198
42.200	+8.366e+03	+3.425e+03	+1.122e+04	+0.290
42.300	+8.571e+03	+2.395e+03	+1.065e+04	+0.218
42.400	+7.447e+03	+1.517e+03	+1.073e+04	+0.169
42.500	+6.762e+03	+2.729e+03	+9.301e+03	+0.288
42.600	+7.196e+03	+2.666e+03	+9.730e+03	+0.270
42.700	+7.159e+03	+2.964e+03	+1.123e+04	+0.293
42.800	+8.132e+03	+2.640e+03	+8.942e+03	+0.245
42.900	+6.906e+03	+2.178e+03	+1.017e+04	+0.240
43.000	+7.404e+03	+1.874e+03	+9.342e+03	+0.202
43.100	+7.254e+03	+2.754e+03	+8.846e+03	+0.275
43.200	+6.661e+03	+4.218e+03	+1.017e+04	+0.388
43.300	+8.009e+03	+2.203e+03	+9.666e+03	+0.216
43.400	+8.068e+03	+1.381e+03	+8.938e+03	+0.146
43.500	+8.862e+03	+2.327e+03	+1.032e+04	+0.208
43.600	+6.384e+03	+2.499e+03	+9.282e+03	+0.281
43.700	+7.444e+03	+2.353e+03	+9.565e+03	+0.240
43.800	+7.064e+03	+1.763e+03	+8.806e+03	+0.200
43.900	+6.427e+03	+1.635e+03	+1.017e+04	+0.203
44.000	+6.425e+03	+2.686e+03	+1.057e+04	+0.295
44.100	+6.314e+03	+1.775e+03	+1.078e+04	+0.219
44.200	+6.056e+03	+4.464e+03	+1.018e+04	+0.424
44.300	+4.910e+03	+4.233e+03	+9.613e+03	+0.463
44.400	+5.399e+03	+5.952e+03	+9.813e+03	+0.524
44.500	+3.962e+03	+4.688e+03	+9.431e+03	+0.542
44.600	+4.709e+03	+4.812e+03	+9.314e+03	+0.505
44.700	+3.683e+03	+4.085e+03	+1.043e+04	+0.526
44.800	+4.204e+03	+5.286e+03	+9.105e+03	+0.557
44.900	+5.349e+03	+3.187e+03	+9.662e+03	+0.373
45.000	+5.944e+03	+6.304e+03	+9.680e+03	+0.515
45.100	+3.978e+03	+3.327e+03	+1.099e+04	+0.455
45.200	+4.060e+03	+6.330e+03	+8.462e+03	+0.609
45.300	+4.491e+03	+5.031e+03	+9.380e+03	+0.528
45.400	+4.732e+03	+6.645e+03	+1.095e+04	+0.584
45.500	+4.679e+03	+4.542e+03	+1.038e+04	+0.493
45.600	+5.637e+03	+4.409e+03	+1.055e+04	+0.439
45.700	+4.112e+03	+4.484e+03	+1.100e+04	+0.522
45.800	+5.287e+03	+5.041e+03	+8.939e+03	+0.488
45.900	+5.693e+03	+5.446e+03	+8.961e+03	+0.489
46.000	+2.920e+03	+5.449e+03	+9.392e+03	+0.651
46.100	+4.357e+03	+3.697e+03	+1.007e+04	+0.459
46.200	+4.625e+03	+5.566e+03	+9.694e+03	+0.546
46.300	+5.511e+03	+4.393e+03	+9.298e+03	+0.444
46.400	+5.246e+03	+5.600e+03	+9.997e+03	+0.516
46.500	+4.441e+03	+3.518e+03	+9.636e+03	+0.442
46.600	+4.038e+03	+5.186e+03	+8.833e+03	+0.562
46.700	+3.926e+03	+6.016e+03	+8.166e+03	+0.605
46.800	+4.427e+03	+3.658e+03	+1.059e+04	+0.452
46.900	+4.442e+03	+5.146e+03	+1.055e+04	+0.537
47.000	+4.451e+03	+4.942e+03	+1.015e+04	+0.526
47.100	+6.269e+03	+4.211e+03	+9.059e+03	+0.402
47.200	+4.323e+03	+4.235e+03	+1.040e+04	+0.495
47.300	+5.635e+03	+5.516e+03	+9.568e+03	+0.495
47.400	+5.499e+03	+6.373e+03	+1.042e+04	+0.537
47.500	+4.595e+03	+5.347e+03	+9.278e+03	+0.538
47.600	+5.343e+03	+4.749e+03	+9.268e+03	+0.471
47.700	+4.728e+03	+5.359e+03	+1.030e+04	+0.531
47.800	+4.989e+03	+5.482e+03	+1.030e+04	+0.524
47.900	+4.675e+03	+5.200e+03	+9.567e+03	+0.527
48.000	+5.610e+03	+5.121e+03	+1.042e+04	+0.477
48.100	+5.235e+03	+5.571e+03	+1.040e+04	+0.516
48.200	+4.615e+03	+5.224e+03	+1.073e+04	+0.531
48.300	+5.247e+03	+4.068e+03	+9.180e+03	+0.437
48.400	+4.918e+03	+5.413e+03	+1.032e+04	+0.524
48.500	+4.063e+03	+4.329e+03	+1.087e+04	+0.516
48.600	+4.973e+03	+5.242e+03	+8.266e+03	+0.513
48.700	+5.939e+03	+5.481e+03	+8.888e+03	+0.480
48.800	+5.252e+03	+6.449e+03	+9.596e+03	+0.551
48.900	+5.872e+03	+5.721e+03	+1.098e+04	+0.494
49.000	+4.125e+03	+5.290e+03	+9.068e+03	+0.562
49.100	+4.658e+03	+4.692e+03	+9.755e+03	+0.502
49.200	+6.530e+03	+5.060e+03	+9.483e+03	+0.437
49.300	+4.082e+03	+4.368e+03	+9.243e+03	+0.517
49.400	+5.328e+03	+4.734e+03	+1.032e+04	+0.470
49.500	+5.757e+03	+5.634e+03	+9.994e+03	+0.495
49.600	+4.313e+03	+5.237e+03	+1.048e+04	+0.548
49.700	+4.514e+03	+4.342e+03	+8.832e+03	+0.490
49.800	+5.573e+03	+4.788e+03	+9.542e+03	+0.462
49.900	+4.869e+03	+5.340e+03	+1.009e+04	+0.523
50.000	+5.525e+03	+4.883e+03	+9.865e+03	+0.469
50.100	+6.733e+03	+2.560e+03	+1.017e+04	+0.276
50.200	+8.145e+03	+2.902e+03	+1.055e+04	+0.263
50.300	+7.744e+03	+3.146e+03	+9.120e+03	+0.289
50.400	+7.995e+03	+2.144e+03	+1.156e+04	+0.211
50.500	+8.946e+03	+2.220e+03	+1.032e+04	+0.199
50.600	+7.154e+03	+1.700e+03	+1.147e+04	+0.192
50.700	+7.876e+03	+2.029e+03	+9.655e+03	+0.205
50.800	+8.980e+03	+2.442e+03	+1.076e+04	+0.214
50.900	+7.370e+03	+2.105e+03	+7.767e+03	+0.222
51.000	+6.849e+03	+3.302e+03	+1.105e+04	+0.325
51.100	+7.869e+03	+4.439e+03	+9.225e+03	+0.361
51.200	+7.446e+03	+2.220e+03	+9.846e+03	+0.230
51.300	+6.281e+03	+3.246e+03	+9.730e+03	+0.341
51.400	+6.638e+03	+1.677e+03	+1.022e+04	+0.202
51.500	+7.369e+03	+1.897e+03	+9.748e+03	+0.205
51.600	+8.626e+03	+3.084e+03	+9.860e+03	+0.263
51.700	+8.338e+03	+3.941e+03	+1.040e+04	+0.321
51.800	+7.895e+03	+2.229e+03	+1.009e+04	+0.220
51.900	+8.074e+03	+2.909e+03	+1.052e+04	+0.265
52.000	+7.134e+03	+2.850e+03	+9.956e+03	+0.285
52.100	+9.055e+03	+3.613e+03	+9.560e+03	+0.285
52.200	+7.698e+03	+3.762e+03	+1.011e+04	+0.328
52.300	+7.202e+03	+3.507e+03	+9.646e+03	+0.327
52.400	+8.887e+03	+3.583e+03	+1.093e+04	+0.287
52.500	+7.722e+03	+2.339e+03	+1.051e+04	+0.233
52.600	+7.274e+03	+1.603e+03	+9.600e+03	+0.181
52.700	+5.935e+03	+3.214e+03	+1.010e+04	+0.351
52.800	+7.049e+03	+2.353e+03	+9.984e+03	+0.250
52.900	+6.747e+03	+1.569e+03	+1.011e+04	+0.189
53.000	+7.644e+03	+1.844e+03	+1.010e+04	+0.194
53.100	+7.138e+03	+2.389e+03	+9.849e+03	+0.251
53.200	+6.987e+03	+2.989e+03	+1.065e+04	+0.300
53.300	+6.925e+03	+3.534e+03	+1.006e+04	+0.338
53.400	+7.482e+03	+2.336e+03	+1.207e+04	+0.238
53.500	+6.346e+03	+2.242e+03	+1.140e+04	+0.261
53.600	+7.765e+03	+3.342e+03	+9.190e+03	+0.301
53.700	+7.353e+03	+2.663e+03	+9.011e+03	+0.266
53.800	+7.638e+03	+2.898e+03	+9.638e+03	+0.275
53.900	+6.922e+03	+2.601e+03	+9.327e+03	+0.273
54.000	+8.283e+03	+2.375e+03	+1.144e+04	+0.223
54.100	+8.075e+03	+1.561e+03	+9.793e+03	+0.162
54.200	+8.065e+03	+3.179e+03	+9.671e+03	+0.283
54.300	+8.681e+03	+3.901e+03	+1.023e+04	+0.310
54.400	+7.114e+03	+4.800e+03	+8.788e+03	+0.403
54.500	+7.017e+03	+2.758e+03	+1.063e+04	+0.282
54.600	+7.282e+03	+2.825e+03	+1.038e+04	+0.279
54.700	+7.055e+03	+2.363e+03	+9.514e+03	+0.251
54.800	+8.754e+03	+2.213e+03	+1.081e+04	+0.202
54.900	+7.209e+03	+2.713e+03	+9.798e+03	+0.273
55.000	+7.789e+03	+3.738e+03	+8.936e+03	+0.324
55.100	+7.298e+03	+2.302e+03	+1.000e+04	+0.240
55.200	+6.919e+03	+2.699e+03	+9.616e+03	+0.281
55.300	+8.412e+03	+2.557e+03	+8.458e+03	+0.233
55.400	+7.000e+03	+2.115e+03	+9.921e+03	+0.232
55.500	+7.197e+03	+3.660e+03	+9.599e+03	+0.337
55.600	+8.559e+03	+1.813e+03	+1.024e+04	+0.175
55.700	+7.165e+03	+3.152e+03	+9.944e+03	+0.306
55.800	+7.518e+03	+2.909e+03	+1.104e+04	+0.279
55.900	+6.741e+03	+2.136e+03	+1.056e+04	+0.241
56.000	+7.604e+03	+8.161e+02	+9.475e+03	+0.097
56.100	+7.862e+03	+2.246e+03	+1.023e+04	+0.222
56.200	+7.614e+03	+2.840e+03	+9.192e+03	+0.272
56.300	+7.382e+03	+2.450e+03	+1.047e+04	+0.249
56.400	+7.137e+03	+3.271e+03	+1.012e+04	+0.314
56.500	+7.420e+03	+1.795e+03	+1.101e+04	+0.195
56.600	+8.078e+03	+3.052e+03	+9.064e+03	+0.274
56.700	+7.123e+03	+1.954e+03	+1.116e+04	+0.215
56.800	+7.811e+03	+3.641e+03	+1.072e+04	+0.318
56.900	+7.165e+03	+1.465e+03	+9.461e+03	+0.170
57.000	+7.956e+03	+2.199e+03	+1.022e+04	+0.217
57.100	+7.335e+03	+2.946e+03	+1.129e+04	+0.287
57.200	+7.559e+03	+3.086e+03	+9.626e+03	+0.290
57.300	+8.487e+03	+2.331e+03	+1.074e+04	+0.216
57.400	+6.112e+03	+1.664e+03	+9.659e+03	+0.214
57.500	+7.915e+03	+2.607e+03	+9.493e+03	+0.248
57.600	+7.797e+03	+2.519e+03	+9.290e+03	+0.244
57.700	+6.785e+03	+2.043e+03	+9.389e+03	+0.231
57.800	+7.590e+03	+2.268e+03	+1.025e+04	+0.230
57.900	+8.785e+03	+1.735e+03	+1.012e+04	+0.165
58.000	+7.624e+03	+1.989e+03	+1.052e+04	+0.207
58.100	+8.035e+03	+1.958e+03	+1.028e+04	+0.196
58.200	+7.037e+03	+4.372e+03	+1.082e+04	+0.383
58.300	+7.874e+03	+2.343e+03	+9.131e+03	+0.229
58.400	+7.190e+03	+2.109e+03	+9.614e+03	+0.227
58.500	+8.276e+03	+2.186e+03	+1.068e+04	+0.209
58.600	+7.480e+03	+1.385e+03	+1.010e+04	+0.156
58.700	+7.441e+03	+2.413e+03	+9.919e+03	+0.245
58.800	+6.291e+03	+1.892e+03	+9.836e+03	+0.231
58.900	+7.693e+03	+2.901e+03	+9.894e+03	+0.274
59.000	+7.858e+03	+2.833e+03	+1.116e+04	+0.265
59.100	+6.006e+03	+2.544e+03	+9.818e+03	+0.298
59.200	+6.625e+03	+2.441e+03	+9.899e+03	+0.269
59.300	+7.327e+03	+2.304e+03	+1.012e+04	+0.239
59.400	+6.763e+03	+1.657e+03	+9.762e+03	+0.197
59.500	+5.779e+03	+2.665e+03	+9.524e+03	+0.316
59.600	+7.931e+03	+2.230e+03	+1.006e+04	+0.219
59.700	+7.446e+03	+2.423e+03	+1.004e+04	+0.246
59.800	+7.500e+03	+2.527e+03	+1.007e+04	+0.252
59.900	+6.948e+03	+1.479e+03	+1.125e+04	+0.175
60.000	+6.993e+03	+3.370e+03	+8.713e+03	+0.325
60.100	+7.498e+03	+2.176e+03	+9.463e+03	+0.225
60.200	+7.964e+03	+2.890e+03	+1.024e+04	+0.266
60.300	+8.182e+03	+1.819e+03	+9.334e+03	+0.182
60.400	+7.636e+03	+2.796e+03	+8.758e+03	+0.268
60.500	+7.948e+03	+3.023e+03	+1.006e+04	+0.276
60.600	+7.076e+03	+3.690e+03	+1.103e+04	+0.343
60.700	+7.187e+03	+3.112e+03	+9.795e+03	+0.302
60.800	+7.827e+03	+3.034e+03	+1.012e+04	+0.279
60.900	+8.752e+03	+2.521e+03	+1.084e+04	+0.224
61.000	+7.223e+03	+3.401e+03	+8.886e+03	+0.320
61.100	+8.741e+03	+2.334e+03	+1.054e+04	+0.211
61.200	+6.489e+03	+2.460e+03	+9.089e+03	+0.275
61.300	+7.953e+03	+1.718e+03	+9.820e+03	+0.178
61.400	+6.775e+03	+2.968e+03	+1.051e+04	+0.305
61.500	+7.484e+03	+3.467e+03	+9.499e+03	+0.317
61.600	+7.664e+03	+3.179e+03	+1.086e+04	+0.293
61.700	+8.086e+03	+1.341e+03	+1.023e+04	+0.142
61.800	+6.561e+03	+1.387e+03	+9.964e+03	+0.174
61.900	+6.308e+03	+2.829e+03	+8.351e+03	+0.310
62.000	+7.061e+03	+2.409e+03	+1.000e+04	+0.254
62.100	+7.763e+03	+3.118e+03	+8.914e+03	+0.287
62.200	+6.793e+03	+2.127e+03	+1.002e+04	+0.238
62.300	+6.494e+03	+2.626e+03	+9.316e+03	+0.288
62.400	+6.966e+03	+3.039e+03	+9.697e+03	+0.304
62.500	+6.614e+03	+3.012e+03	+8.960e+03	+0.313
62.600	+6.476e+03	+3.587e+03	+1.057e+04	+0.356
62.700	+7.402e+03	+1.716e+03	+1.047e+04	+0.188
62.800	+7.031e+03	+1.530e+03	+1.037e+04	+0.179
62.900	+8.068e+03	+2.648e+03	+1.008e+04	+0.247
63.000	+7.569e+03	+2.541e+03	+1.081e+04	+0.251
63.100	+7.692e+03	+2.543e+03	+9.972e+03	+0.248
63.200	+5.580e+03	+1.603e+03	+9.761e+03	+0.223
63.300	+8.210e+03	+2.197e+03	+1.040e+04	+0.211
63.400	+7.749e+03	+2.120e+03	+1.023e+04	+0.215
63.500	+7.704e+03	+1.710e+03	+1.082e+04	+0.182
63.600	+7.678e+03	+3.163e+03	+1.009e+04	+0.292
63.700	+6.930e+03	+2.419e+03	+1.061e+04	+0.259
63.800	+7.463e+03	+3.151e+03	+1.072e+04	+0.297
63.900	+8.052e+03	+2.833e+03	+1.028e+04	+0.260
64.000	+8.290e+03	+8.429e+02	+1.034e+04	+0.092
64.100	+8.358e+03	+2.691e+03	+1.062e+04	+0.244
64.200	+7.495e+03	+1.711e+03	+1.048e+04	+0.186
64.300	+6.695e+03	+2.147e+03	+9.472e+03	+0.243
64.400	+6.655e+03	+2.523e+03	+1.026e+04	+0.275
64.500	+8.422e+03	+2.414e+03	+9.883e+03	+0.223
64.600	+7.987e+03	+2.052e+03	+1.025e+04	+0.204
64.700	+8.011e+03	+3.099e+03	+9.148e+03	+0.279
64.800	+7.102e+03	+1.985e+03	+1.019e+04	+0.218
64.900	+7.583e+03	+2.495e+03	+9.701e+03	+0.248
65.000	+9.159e+03	+2.228e+03	+9.934e+03	+0.196
65.100	+6.922e+03	+2.858e+03	+9.950e+03	+0.292
65.200	+8.418e+03	+2.832e+03	+1.027e+04	+0.252
65.300	+7.426e+03	+2.178e+03	+1.048e+04	+0.227
65.400	+7.441e+03	+3.688e+03	+1.008e+04	+0.331
65.500	+7.597e+03	+1.725e+03	+9.674e+03	+0.185
65.600	+7.236e+03	+2.493e+03	+9.238e+03	+0.256
65.700	+8.864e+03	+3.764e+03	+1.057e+04	+0.298
65.800	+7.122e+03	+3.034e+03	+1.040e+04	+0.299
65.900	+7.533e+03	+2.723e+03	+9.636e+03	+0.265
66.000	+7.615e+03	+3.491e+03	+9.953e+03	+0.314
66.100	+7.365e+03	+1.867e+03	+1.056e+04	+0.202
66.200	+7.869e+03	+3.118e+03	+9.918e+03	+0.284
66.300	+7.071e+03	+2.361e+03	+1.001e+04	+0.250
66.400	+7.735e+03	+2.107e+03	+1.029e+04	+0.214
66.500	+6.494e+03	+1.770e+03	+1.110e+04	+0.214
66.600	+7.886e+03	+2.835e+03	+1.030e+04	+0.264
66.700	+7.264e+03	+2.571e+03	+1.087e+04	+0.261
66.800	+7.920e+03	+2.054e+03	+9.135e+03	+0.206
66.900	+7.308e+03	+1.040e+03	+9.167e+03	+0.125
67.000	+7.448e+03	+2.610e+03	+1.072e+04	+0.260
67.100	+7.700e+03	+1.955e+03	+8.574e+03	+0.202
67.200	+6.183e+03	+2.249e+03	+9.022e+03	+0.267
67.300	+6.434e+03	+1.910e+03	+8.796e+03	+0.229
67.400	+8.054e+03	+3.424e+03	+1.062e+04	+0.298
67.500	+8.657e+03	+2.240e+03	+1.084e+04	+0.206
67.600	+8.085e+03	+1.898e+03	+9.103e+03	+0.190
67.700	+6.742e+03	+1.714e+03	+1.005e+04	+0.203
67.800	+7.297e+03	+2.269e+03	+1.064e+04	+0.237
67.900	+8.159e+03	+1.898e+03	+9.679e+03	+0.189
68.000	+6.688e+03	+2.524e+03	+8.918e+03	+0.274
68.100	+7.874e+03	+3.138e+03	+9.278e+03	+0.285
68.200	+8.027e+03	+1.831e+03	+9.379e+03	+0.186
68.300	+7.308e+03	+2.388e+03	+9.789e+03	+0.246
68.400	+7.501e+03	+1.846e+03	+9.637e+03	+0.198
68.500	+6.813e+03	+3.908e+03	+1.041e+04	+0.365
68.600	+7.339e+03	+1.639e+03	+1.043e+04	+0.183
68.700	+7.342e+03	+1.832e+03	+1.028e+04	+0.200
68.800	+7.949e+03	+2.414e+03	+9.564e+03	+0.233
68.900	+7.972e+03	+1.316e+03	+9.265e+03	+0.142
69.000	+7.370e+03	+1.694e+03	+9.129e+03	+0.187
69.100	+7.951e+03	+2.968e+03	+1.002e+04	+0.272
69.200	+8.239e+03	+2.584e+03	+9.674e+03	+0.239
69.300	+8.648e+03	+1.242e+03	+9.759e+03	+0.126
69.400	+7.744e+03	+3.937e+03	+8.645e+03	+0.337
69.500	+8.401e+03	+2.701e+03	+1.083e+04	+0.243
69.600	+6.867e+03	+7.112e+02	+9.985e+03	+0.094
69.700	+6.845e+03	+3.351e+03	+9.140e+03	+0.329
69.800	+8.611e+03	+2.441e+03	+9.967e+03	+0.221
69.900	+8.149e+03	+1.968e+03	+1.037e+04	+0.194
70.000	+8.789e+03	+2.907e+03	+1.045e+04	+0.249
70.100	+7.045e+03	+3.507e+03	+1.017e+04	+0.332
70.200	+7.436e+03	+3.937e+03	+1.079e+04	+0.346
70.300	+7.798e+03	+1.635e+03	+9.878e+03	+0.173
70.400	+6.475e+03	+3.233e+03	+9.905e+03	+0.333
70.500	+6.977e+03	+1.473e+03	+9.296e+03	+0.174
70.600	+8.252e+03	+2.126e+03	+8.918e+03	+0.205
70.700	+6.010e+03	+2.550e+03	+9.299e+03	+0.298
70.800	+7.835e+03	+2.718e+03	+8.668e+03	+0.258
70.900	+8.202e+03	+1.494e+03	+1.033e+04	+0.154
71.000	+7.801e+03	+2.621e+03	+1.069e+04	+0.251
71.100	+6.195e+03	+3.439e+03	+9.150e+03	+0.357
71.200	+7.727e+03	+2.851e+03	+9.251e+03	+0.269
71.300	+7.968e+03	+2.576e+03	+9.527e+03	+0.244
71.400	+7.904e+03	+7.996e+02	+1.039e+04	+0.092
71.500	+6.671e+03	+2.220e+03	+9.122e+03	+0.250
71.600	+8.110e+03	+2.263e+03	+1.045e+04	+0.218
71.700	+7.885e+03	+1.500e+03	+1.119e+04	+0.160
71.800	+7.527e+03	+2.246e+03	+9.925e+03	+0.230
71.900	+6.994e+03	+1.491e+03	+1.060e+04	+0.176
72.000	+6.754e+03	+1.545e+03	+9.109e+03	+0.186
72.100	+7.640e+03	+3.216e+03	+1.031e+04	+0.296
72.200	+7.372e+03	+2.847e+03	+1.060e+04	+0.279
72.300	+5.999e+03	+4.046e+03	+1.028e+04	+0.403
72.400	+3.944e+03	+5.030e+03	+9.441e+03	+0.561
72.500	+5.325e+03	+5.039e+03	+9.214e+03	+0.486
72.600	+4.846e+03	+5.758e+03	+8.673e+03	+0.543
72.700	+4.690e+03	+5.436e+03	+9.870e+03	+0.537
72.800	+4.887e+03	+3.689e+03	+9.598e+03	+0.430
72.900	+5.048e+03	+4.906e+03	+9.513e+03	+0.493
73.000	+4.932e+03	+5.044e+03	+9.282e+03	+0.506
73.100	+5.218e+03	+5.659e+03	+9.768e+03	+0.520
73.200	+4.769e+03	+3.075e+03	+1.114e+04	+0.392
73.300	+5.038e+03	+4.946e+03	+9.850e+03	+0.495
73.400	+4.896e+03	+4.753e+03	+1.106e+04	+0.493
73.500	+4.131e+03	+4.705e+03	+1.036e+04	+0.533
73.600	+4.182e+03	+5.572e+03	+9.934e+03	+0.571
73.700	+5.575e+03	+4.711e+03	+9.455e+03	+0.458
73.800	+4.590e+03	+5.483e+03	+1.020e+04	+0.544
73.900	+4.504e+03	+5.459e+03	+9.382e+03	+0.548
74.000	+5.149e+03	+5.987e+03	+9.893e+03	+0.538
74.100	+4.667e+03	+5.380e+03	+9.968e+03	+0.535
74.200	+5.062e+03	+3.462e+03	+9.568e+03	+0.406
74.300	+5.316e+03	+4.113e+03	+9.258e+03	+0.436
74.400	+7.899e+03	+2.972e+03	+9.772e+03	+0.273
74.500	+8.088e+03	+2.113e+03	+1.043e+04	+0.207
74.600	+8.278e+03	+1.990e+03	+1.072e+04	+0.194
74.700	+7.457e+03	+2.471e+03	+9.766e+03	+0.249
74.800	+8.523e+03	+8.520e+02	+1.109e+04	+0.091
74.900	+7.887e+03	+2.446e+03	+9.369e+03	+0.237
75.000	+6.675e+03	+2.784e+03	+9.257e+03	+0.294
75.100	+7.293e+03	+2.719e+03	+1.029e+04	+0.272
75.200	+7.515e+03	+2.509e+03	+1.129e+04	+0.250
75.300	+7.924e+03	+9.864e+02	+9.613e+03	+0.111
75.400	+8.012e+03	+2.064e+03	+9.602e+03	+0.205
75.500	+6.428e+03	+2.292e+03	+9.514e+03	+0.263
75.600	+7.874e+03	+2.216e+03	+9.894e+03	+0.220
75.700	+7.074e+03	+3.258e+03	+1.068e+04	+0.315
75.800	+8.189e+03	+2.536e+03	+8.901e+03	+0.236
75.900	+7.000e+03	+2.814e+03	+1.059e+04	+0.287
76.000	+7.084e+03	+4.027e+03	+8.418e+03	+0.362
76.100	+6.865e+03	+3.355e+03	+1.028e+04	+0.328
76.200	+7.917e+03	+2.841e+03	+1.028e+04	+0.264
76.300	+7.005e+03	+1.333e+03	+1.003e+04	+0.160
76.400	+6.180e+03	+1.545e+03	+1.099e+04	+0.200
76.500	+8.231e+03	+2.549e+03	+1.071e+04	+0.236
76.600	+7.841e+03	+3.232e+03	+1.029e+04	+0.292
76.700	+7.727e+03	+2.490e+03	+1.121e+04	+0.244
76.800	+7.263e+03	+3.374e+03	+1.050e+04	+0.317
76.900	+7.854e+03	+1.671e+03	+1.084e+04	+0.175
77.000	+7.035e+03	+1.295e+03	+9.760e+03	+0.155
77.100	+7.479e+03	+2.524e+03	+1.064e+04	+0.252
77.200	+8.066e+03	+2.863e+03	+9.984e+03	+0.262
77.300	+6.421e+03	+2.344e+03	+9.819e+03	+0.267
77.400	+8.934e+03	+2.891e+03	+9.369e+03	+0.244
77.500	+5.968e+03	+3.528e+03	+9.550e+03	+0.372
77.600	+7.810e+03	+2.933e+03	+1.131e+04	+0.273
77.700	+7.465e+03	+2.782e+03	+1.037e+04	+0.271
77.800	+7.653e+03	+3.155e+03	+9.806e+03	+0.292
77.900	+7.797e+03	+2.437e+03	+9.884e+03	+0.238
78.000	+6.722e+03	+1.880e+03	+1.116e+04	+0.219
78.100	+8.217e+03	+3.267e+03	+9.704e+03	+0.285
78.200	+6.892e+03	+2.951e+03	+1.125e+04	+0.300
78.300	+6.880e+03	+2.349e+03	+8.828e+03	+0.255
78.400	+6.876e+03	+2.210e+03	+1.057e+04	+0.243
78.500	+6.388e+03	+2.928e+03	+1.079e+04	+0.314
78.600	+8.152e+03	+2.685e+03	+9.103e+03	+0.248
78.700	+6.608e+03	+1.523e+03	+8.907e+03	+0.187
78.800	+7.396e+03	+3.079e+03	+9.341e+03	+0.294
78.900	+8.573e+03	+2.866e+03	+1.091e+04	+0.251
79.000	+7.848e+03	+1.330e+03	+9.909e+03	+0.145
79.100	+7.439e+03	+2.733e+03	+9.280e+03	+0.269
79.200	+8.939e+03	+3.143e+03	+1.020e+04	+0.260
79.300	+6.827e+03	+1.975e+03	+9.719e+03	+0.224
79.400	+6.856e+03	+3.225e+03	+1.014e+04	+0.320
79.500	+6.347e+03	+2.339e+03	+9.359e+03	+0.269
79.600	+7.750e+03	+1.305e+03	+9.944e+03	+0.144
79.700	+7.105e+03	+1.172e+03	+9.729e+03	+0.142
79.800	+6.794e+03	+2.391e+03	+1.094e+04	+0.260
79.900	+7.331e+03	+2.220e+03	+1.028e+04	+0.232
80.000	+6.220e+03	+3.425e+03	+1.021e+04	+0.355
80.100	+7.336e+03	+1.704e+03	+1.074e+04	+0.188
80.200	+9.544e+03	+2.006e+03	+9.508e+03	+0.174
80.300	+6.812e+03	+2.415e+03	+1.074e+04	+0.262
80.400	+8.489e+03	+2.887e+03	+9.447e+03	+0.254
80.500	+7.795e+03	+2.351e+03	+9.346e+03	+0.232
80.600	+7.470e+03	+3.229e+03	+1.057e+04	+0.302
80.700	+6.708e+03	+1.742e+03	+9.958e+03	+0.206
80.800	+7.418e+03	+3.507e+03	+1.055e+04	+0.321
80.900	+7.821e+03	+9.817e+02	+1.073e+04	+0.112
81.000	+6.911e+03	+2.657e+03	+1.016e+04	+0.278
81.100	+6.967e+03	+3.211e+03	+1.078e+04	+0.316
81.200	+9.249e+03	+1.806e+03	+9.262e+03	+0.163
81.300	+8.147e+03	+3.985e+03	+1.081e+04	+0.328
81.400	+7.912e+03	+1.597e+03	+9.205e+03	+0.168
81.500	+7.109e+03	+2.019e+03	+1.119e+04	+0.221
81.600	+7.248e+03	+3.030e+03	+1.088e+04	+0.295
81.700	+6.646e+03	+1.863e+03	+9.033e+03	+0.219
81.800	+7.801e+03	+2.842e+03	+9.916e+03	+0.267
81.900	+7.158e+03	+7.417e+02	+1.068e+04	+0.094
82.000	+7.917e+03	+2.620e+03	+9.833e+03	+0.249
82.100	+8.279e+03	+1.208e+03	+9.700e+03	+0.127
82.200	+7.274e+03	+3.233e+03	+1.050e+04	+0.308
82.300	+7.710e+03	+2.027e+03	+9.439e+03	+0.208
82.400	+6.473e+03	+1.680e+03	+9.938e+03	+0.206
82.500	+7.478e+03	+2.480e+03	+9.312e+03	+0.249
82.600	+8.868e+03	+2.608e+03	+9.479e+03	+0.227
82.700	+7.100e+03	+1.800e+03	+1.013e+04	+0.202
82.800	+7.504e+03	+2.941e+03	+9.162e+03	+0.282
82.900	+6.630e+03	+2.944e+03	+9.542e+03	+0.307
83.000	+7.200e+03	+2.432e+03	+1.069e+04	+0.252
83.100	+8.048e+03	+2.824e+03	+1.043e+04	+0.260
83.200	+8.428e+03	+1.712e+03	+1.072e+04	+0.169
83.300	+7.326e+03	+2.302e+03	+9.857e+03	+0.239
83.400	+9.037e+03	+3.177e+03	+9.655e+03	+0.260
83.500	+7.742e+03	+2.514e+03	+1.015e+04	+0.245
83.600	+6.497e+03	+2.279e+03	+9.820e+03	+0.260
83.700	+7.766e+03	+2.375e+03	+9.316e+03	+0.234
83.800	+7.505e+03	+2.333e+03	+9.432e+03	+0.237
83.900	+6.707e+03	+2.305e+03	+1.011e+04	+0.256
84.000	+6.710e+03	+3.468e+03	+1.156e+04	+0.341
84.100	+5.682e+03	+3.025e+03	+9.485e+03	+0.347
84.200	+7.807e+03	+2.512e+03	+9.872e+03	+0.243
84.300	+7.841e+03	+1.916e+03	+9.606e+03	+0.196
84.400	+6.408e+03	+2.277e+03	+1.032e+04	+0.262
84.500	+8.592e+03	+3.193e+03	+9.878e+03	+0.271
84.600	+6.844e+03	+1.023e+03	+1.018e+04	+0.130
84.700	+7.114e+03	+3.635e+03	+1.073e+04	+0.338
84.800	+7.073e+03	+2.521e+03	+1.013e+04	+0.263
84.900	+6.486e+03	+2.901e+03	+9.840e+03	+0.309
85.000	+7.801e+03	+2.221e+03	+1.089e+04	+0.222
85.100	+7.221e+03	+1.755e+03	+9.433e+03	+0.196
85.200	+7.092e+03	+2.208e+03	+1.017e+04	+0.237
85.300	+6.891e+03	+3.224e+03	+1.046e+04	+0.319
85.400	+7.745e+03	+1.098e+03	+9.713e+03	+0.124
85.500	+8.302e+03	+2.256e+03	+1.004e+04	+0.214
85.600	+8.044e+03	+3.207e+03	+8.671e+03	+0.285
85.700	+7.335e+03	+3.096e+03	+9.715e+03	+0.297
85.800	+7.987e+03	+1.670e+03	+1.084e+04	+0.173
85.900	+6.827e+03	+2.965e+03	+1.042e+04	+0.303
86.000	+8.009e+03	+2.191e+03	+1.023e+04	+0.215
86.100	+6.065e+03	+2.363e+03	+9.630e+03	+0.280
86.200	+7.196e+03	+1.516e+03	+9.127e+03	+0.174
86.300	+6.923e+03	+2.518e+03	+9.280e+03	+0.267
86.400	+8.269e+03	+1.764e+03	+9.938e+03	+0.176
86.500	+7.714e+03	+2.595e+03	+9.397e+03	+0.252
86.600	+6.575e+03	+1.795e+03	+9.853e+03	+0.214
86.700	+7.427e+03	+2.951e+03	+1.063e+04	+0.284
86.800	+7.552e+03	+1.349e+03	+1.084e+04	+0.152
86.900	+7.849e+03	+3.869e+03	+9.883e+03	+0.330
87.000	+9.141e+03	+2.368e+03	+1.007e+04	+0.206
87.100	+6.928e+03	+3.461e+03	+9.077e+03	+0.333
87.200	+7.581e+03	+1.906e+03	+9.345e+03	+0.201
87.300	+7.669e+03	+2.180e+03	+8.734e+03	+0.221
87.400	+7.448e+03	+2.957e+03	+1.017e+04	+0.284
87.500	+7.203e+03	+2.036e+03	+1.063e+04	+0.220
87.600	+8.502e+03	+2.704e+03	+9.655e+03	+0.241
87.700	+8.143e+03	+1.660e+03	+1.050e+04	+0.169
87.800	+7.352e+03	+3.321e+03	+1.028e+04	+0.311
87.900	+7.989e+03	+3.157e+03	+1.042e+04	+0.283
88.000	+7.408e+03	+2.425e+03	+1.009e+04	+0.247
88.100	+6.418e+03	+2.859e+03	+9.902e+03	+0.308
88.200	+8.478e+03	+3.030e+03	+9.839e+03	+0.263
88.300	+6.990e+03	+1.742e+03	+9.875e+03	+0.199
88.400	+7.517e+03	+2.381e+03	+9.924e+03	+0.241
88.500	+7.526e+03	+2.613e+03	+9.808e+03	+0.258
88.600	+7.440e+03	+2.572e+03	+1.045e+04	+0.257
88.700	+2.102e+03	+6.983e+03	+1.015e+04	+0.769
88.800	+3.344e+03	+7.722e+03	+9.170e+03	+0.698
88.900	+2.741e+03	+8.597e+03	+9.740e+03	+0.758
89.000	+3.318e+03	+7.663e+03	+1.155e+04	+0.698
89.100	+3.615e+03	+8.316e+03	+9.847e+03	+0.697
89.200	+2.055e+03	+9.141e+03	+9.803e+03	+0.816
89.300	+2.317e+03	+7.883e+03	+9.987e+03	+0.773
89.400	+2.522e+03	+7.845e+03	+1.024e+04	+0.757
89.500	+2.556e+03	+8.066e+03	+1.006e+04	+0.759
89.600	+1.677e+03	+7.341e+03	+9.745e+03	+0.814
89.700	+2.321e+03	+8.143e+03	+9.233e+03	+0.778
89.800	+1.448e+03	+6.968e+03	+9.606e+03	+0.828
89.900	+1.055e+03	+8.321e+03	+9.073e+03	+0.888
90.000	+2.341e+03	+8.741e+03	+9.291e+03	+0.789
90.100	+1.412e+03	+8.160e+03	+1.105e+04	+0.852
90.200	+2.460e+03	+8.599e+03	+1.050e+04	+0.778
90.300	+1.160e+03	+8.760e+03	+9.373e+03	+0.883
90.400	+1.187e+03	+7.005e+03	+1.022e+04	+0.855
90.500	+6.650e+03	+3.863e+03	+1.074e+04	+0.367
90.600	+8.987e+03	+3.511e+03	+1.085e+04	+0.281
90.700	+7.307e+03	+2.104e+03	+1.038e+04	+0.224
90.800	+7.132e+03	+3.693e+03	+1.052e+04	+0.341
90.900	+9.325e+03	+2.754e+03	+1.060e+04	+0.228
91.000	+6.415e+03	+2.776e+03	+1.119e+04	+0.302
91.100	+6.850e+03	+2.911e+03	+1.037e+04	+0.298
91.200	+5.026e+03	+4.528e+03	+1.030e+04	+0.474
91.300	+5.193e+03	+4.951e+03	+9.557e+03	+0.488
91.400	+4.932e+03	+4.574e+03	+9.734e+03	+0.481
91.500	+5.691e+03	+3.536e+03	+1.058e+04	+0.383
91.600	+3.360e+03	+4.287e+03	+9.612e+03	+0.561
91.700	+4.480e+03	+4.334e+03	+8.586e+03	+0.492
91.800	+5.407e+03	+4.776e+03	+9.401e+03	+0.469
91.900	+4.768e+03	+4.536e+03	+1.141e+04	+0.487
92.000	+5.140e+03	+4.700e+03	+1.085e+04	+0.478
92.100	+4.880e+03	+5.657e+03	+9.671e+03	+0.537
92.200	+4.835e+03	+4.431e+03	+9.283e+03	+0.478
92.300	+6.740e+03	+5.129e+03	+1.005e+04	+0.432
92.400	+5.088e+03	+4.139e+03	+1.027e+04	+0.449
92.500	+5.094e+03	+5.029e+03	+1.019e+04	+0.497
92.600	+5.377e+03	+4.889e+03	+1.134e+04	+0.476
92.700	+5.134e+03	+3.650e+03	+1.099e+04	+0.416
92.800	+4.641e+03	+5.230e+03	+1.029e+04	+0.530
92.900	+4.907e+03	+4.446e+03	+8.308e+03	+0.475
93.000	+5.838e+03	+4.166e+03	+9.973e+03	+0.416
93.100	+5.284e+03	+4.237e+03	+9.257e+03	+0.445
93.200	+4.950e+03	+4.708e+03	+9.700e+03	+0.487
93.300	+5.758e+03	+4.229e+03	+9.637e+03	+0.423
93.400	+5.896e+03	+4.950e+03	+9.619e+03	+0.456
93.500	+5.814e+03	+4.139e+03	+1.027e+04	+0.416
93.600	+4.572e+03	+5.230e+03	+9.710e+03	+0.534
93.700	+5.127e+03	+4.982e+03	+1.159e+04	+0.493
93.800	+4.891e+03	+5.565e+03	+9.845e+03	+0.532
93.900	+5.726e+03	+5.528e+03	+1.023e+04	+0.491
94.000	+5.246e+03	+4.742e+03	+1.031e+04	+0.475
94.100	+5.004e+03	+4.974e+03	+9.912e+03	+0.498
94.200	+5.739e+03	+5.823e+03	+1.023e+04	+0.504
94.300	+4.936e+03	+4.300e+03	+8.856e+03	+0.466
94.400	+5.938e+03	+4.968e+03	+1.193e+04	+0.455
94.500	+5.463e+03	+4.983e+03	+9.922e+03	+0.477
94.600	+5.472e+03	+4.906e+03	+9.353e+03	+0.473
94.700	+5.095e+03	+5.144e+03	+1.020e+04	+0.502
94.800	+3.051e+03	+4.823e+03	+1.108e+04	+0.613
94.900	+5.582e+03	+3.238e+03	+9.698e+03	+0.367
95.000	+5.697e+03	+4.930e+03	+9.759e+03	+0.464
95.100	+5.478e+03	+4.508e+03	+1.006e+04	+0.451
95.200	+5.802e+03	+5.126e+03	+1.084e+04	+0.469
95.300	+4.517e+03	+4.033e+03	+9.995e+03	+0.472
95.400	+5.764e+03	+5.157e+03	+1.072e+04	+0.472
95.500	+4.744e+03	+4.430e+03	+1.041e+04	+0.483
95.600	+5.072e+03	+4.288e+03	+1.059e+04	+0.458
95.700	+4.399e+03	+4.332e+03	+1.008e+04	+0.496
95.800	+5.895e+03	+4.854e+03	+9.171e+03	+0.452
95.900	+5.078e+03	+4.864e+03	+1.100e+04	+0.489
96.000	+5.839e+03	+5.756e+03	+1.019e+04	+0.496
96.100	+5.387e+03	+5.699e+03	+9.491e+03	+0.514
96.200	+5.988e+03	+4.747e+03	+9.596e+03	+0.442
96.300	+5.291e+03	+6.114e+03	+1.038e+04	+0.536
96.400	+4.053e+03	+5.660e+03	+1.077e+04	+0.583
96.500	+6.434e+03	+3.179e+03	+9.819e+03	+0.331
96.600	+7.503e+03	+3.334e+03	+1.002e+04	+0.308
96.700	+6.964e+03	+3.276e+03	+1.045e+04	+0.320
96.800	+8.576e+03	+1.934e+03	+9.164e+03	+0.184
96.900	+8.003e+03	+2.605e+03	+1.003e+04	+0.246
97.000	+7.254e+03	+2.742e+03	+1.036e+04	+0.274
97.100	+7.145e+03	+1.644e+03	+1.007e+04	+0.187
97.200	+6.304e+03	+2.568e+03	+9.543e+03	+0.289
97.300	+7.483e+03	+2.932e+03	+8.719e+03	+0.281
97.400	+5.288e+03	+4.926e+03	+9.423e+03	+0.482
97.500	+5.902e+03	+4.837e+03	+8.393e+03	+0.450
97.600	+5.367e+03	+5.117e+03	+9.993e+03	+0.488
97.700	+4.931e+03	+6.020e+03	+1.059e+04	+0.550
97.800	+2.617e+03	+4.929e+03	+9.584e+03	+0.653
97.900	+5.741e+03	+4.760e+03	+1.028e+04	+0.453
98.000	+5.633e+03	+5.619e+03	+9.160e+03	+0.499
98.100	+6.207e+03	+4.517e+03	+1.028e+04	+0.421
98.200	+4.766e+03	+4.340e+03	+9.014e+03	+0.477
98.300	+6.846e+03	+6.245e+03	+1.097e+04	+0.477
98.400	+5.939e+03	+5.762e+03	+9.800e+03	+0.492
98.500	+5.317e+03	+5.869e+03	+9.303e+03	+0.525
98.600	+4.914e+03	+3.785e+03	+1.054e+04	+0.435
98.700	+5.010e+03	+5.049e+03	+9.647e+03	+0.502
98.800	+5.669e+03	+6.135e+03	+9.793e+03	+0.520
98.900	+4.072e+03	+5.377e+03	+9.710e+03	+0.569
99.000	+4.458e+03	+3.982e+03	+1.004e+04	+0.472
99.100	+4.594e+03	+4.113e+03	+9.924e+03	+0.472
99.200	+4.215e+03	+4.358e+03	+1.088e+04	+0.508
99.300	+5.668e+03	+6.435e+03	+1.115e+04	+0.532
99.400	+5.092e+03	+5.997e+03	+1.035e+04	+0.541
99.500	+4.543e+03	+5.375e+03	+1.060e+04	+0.542
99.600	+5.145e+03	+4.777e+03	+9.602e+03	+0.481
99.700	+4.271e+03	+5.540e+03	+9.629e+03	+0.565
99.800	+4.466e+03	+5.228e+03	+1.018e+04	+0.539
99.900	+6.703e+03	+5.020e+03	+1.085e+04	+0.428
100.000	+5.419e+03	+5.115e+03	+9.458e+03	+0.486
100.100	+3.488e+03	+5.483e+03	+9.872e+03	+0.611
100.200	+4.960e+03	+5.299e+03	+8.984e+03	+0.517
100.300	+4.068e+03	+4.890e+03	+9.808e+03	+0.546
100.400	+5.263e+03	+6.296e+03	+9.836e+03	+0.545
100.500	+4.199e+03	+6.568e+03	+9.767e+03	+0.610
100.600	+4.130e+03	+4.989e+03	+1.057e+04	+0.547
100.700	+5.556e+03	+5.428e+03	+9.693e+03	+0.494
100.800	+4.622e+03	+5.143e+03	+9.758e+03	+0.527
100.900	+5.375e+03	+5.131e+03	+8.617e+03	+0.488
101.000	+6.165e+03	+3.570e+03	+1.009e+04	+0.367
101.100	+4.855e+03	+4.573e+03	+9.522e+03	+0.485
101.200	+5.237e+03	+5.048e+03	+8.668e+03	+0.491
101.300	+4.953e+03	+5.023e+03	+9.915e+03	+0.504
101.400	+4.798e+03	+4.216e+03	+1.048e+04	+0.468
101.500	+4.107e+03	+4.303e+03	+9.453e+03	+0.512
101.600	+4.657e+03	+3.925e+03	+8.671e+03	+0.457
101.700	+4.665e+03	+5.525e+03	+9.702e+03	+0.542
101.800	+5.313e+03	+4.876e+03	+9.275e+03	+0.479
101.900	+5.177e+03	+5.468e+03	+9.858e+03	+0.514
102.000	+4.905e+03	+4.992e+03	+1.091e+04	+0.504
102.100	+3.908e+03	+5.370e+03	+1.008e+04	+0.579
102.200	+4.380e+03	+4.460e+03	+1.042e+04	+0.505
102.300	+5.418e+03	+5.187e+03	+9.331e+03	+0.489
102.400	+6.421e+03	+5.534e+03	+9.349e+03	+0.463
102.500	+4.254e+03	+3.626e+03	+9.486e+03	+0.460
102.600	+4.687e+03	+5.244e+03	+9.781e+03	+0.528
102.700	+5.301e+03	+4.554e+03	+1.026e+04	+0.462
102.800	+4.080e+03	+4.910e+03	+1.026e+04	+0.546
102.900	+4.206e+03	+4.911e+03	+1.027e+04	+0.539
103.000	+4.743e+03	+3.753e+03	+1.018e+04	+0.442
103.100	+5.219e+03	+5.524e+03	+9.946e+03	+0.514
103.200	+4.318e+03	+6.321e+03	+9.927e+03	+0.594
103.300	+2.956e+03	+5.351e+03	+1.088e+04	+0.644
103.400	+5.043e+03	+4.780e+03	+9.716e+03	+0.487
103.500	+5.936e+03	+4.504e+03	+1.092e+04	+0.431
103.600	+6.580e+03	+5.089e+03	+9.993e+03	+0.436
103.700	+5.363e+03	+3.886e+03	+1.136e+04	+0.420
103.800	+3.787e+03	+5.573e+03	+1.003e+04	+0.595
103.900	+4.470e+03	+4.438e+03	+1.052e+04	+0.498
104.000	+7.183e+03	+1.774e+03	+1.009e+04	+0.198
104.100	+7.124e+03	+2.326e+03	+9.547e+03	+0.246
104.200	+7.230e+03	+2.408e+03	+1.027e+04	+0.250
104.300	+8.679e+03	+2.618e+03	+9.608e+03	+0.232
104.400	+7.095e+03	+1.974e+03	+1.083e+04	+0.218
104.500	+6.898e+03	+2.519e+03	+1.107e+04	+0.267
104.600	+7.421e+03	+2.235e+03	+9.928e+03	+0.231
104.700	+7.073e+03	+2.246e+03	+1.100e+04	+0.241
104.800	+7.261e+03	+1.721e+03	+1.047e+04	+0.192
104.900	+7.885e+03	+1.743e+03	+1.003e+04	+0.181
105.000	+6.289e+03	+1.829e+03	+1.004e+04	+0.225
105.100	+8.156e+03	+3.874e+03	+9.739e+03	+0.322
105.200	+7.533e+03	+1.834e+03	+9.286e+03	+0.196
105.300	+7.671e+03	+1.785e+03	+1.048e+04	+0.189
105.400	+6.977e+03	+3.287e+03	+8.922e+03	+0.320
105.500	+5.650e+03	+4.008e+03	+9.576e+03	+0.415
105.600	+5.054e+03	+4.128e+03	+1.102e+04	+0.450
105.700	+3.852e+03	+5.471e+03	+1.066e+04	+0.587
105.800	+4.625e+03	+4.948e+03	+1.031e+04	+0.517
105.900	+4.882e+03	+5.081e+03	+9.863e+03	+0.510
106.000	+4.855e+03	+5.405e+03	+1.112e+04	+0.527
106.100	+5.392e+03	+4.897e+03	+1.069e+04	+0.476
106.200	+4.587e+03	+4.245e+03	+1.005e+04	+0.481
106.300	+4.553e+03	+5.640e+03	+9.747e+03	+0.553
106.400	+4.393e+03	+4.901e+03	+9.512e+03	+0.527
106.500	+5.596e+03	+3.867e+03	+1.137e+04	+0.409
106.600	+5.964e+03	+4.101e+03	+9.492e+03	+0.407
106.700	+4.542e+03	+5.020e+03	+1.029e+04	+0.525
106.800	+4.461e+03	+4.583e+03	+9.438e+03	+0.507
106.900	+3.003e+03	+5.088e+03	+1.046e+04	+0.629
107.000	+5.669e+03	+5.924e+03	+1.028e+04	+0.511
107.100	+4.485e+03	+4.128e+03	+9.538e+03	+0.479
107.200	+5.004e+03	+5.138e+03	+9.329e+03	+0.507
107.300	+5.776e+03	+4.890e+03	+9.924e+03	+0.458
107.400	+5.351e+03	+4.800e+03	+1.062e+04	+0.473
107.500	+5.393e+03	+6.315e+03	+9.762e+03	+0.539
107.600	+3.724e+03	+4.503e+03	+9.963e+03	+0.547
107.700	+4.254e+03	+5.162e+03	+9.796e+03	+0.548
107.800	+4.063e+03	+4.471e+03	+1.104e+04	+0.524
107.900	+4.391e+03	+6.624e+03	+1.174e+04	+0.601
108.000	+3.998e+03	+5.305e+03	+9.488e+03	+0.570
108.100	+6.802e+03	+2.917e+03	+9.420e+03	+0.300
108.200	+7.188e+03	+1.855e+03	+1.031e+04	+0.205
108.300	+7.560e+03	+1.959e+03	+1.128e+04	+0.206
108.400	+7.831e+03	+2.314e+03	+1.068e+04	+0.228
108.500	+5.781e+03	+2.746e+03	+9.777e+03	+0.322
108.600	+6.414e+03	+2.183e+03	+9.414e+03	+0.254
108.700	+6.619e+03	+2.145e+03	+9.895e+03	+0.245
108.800	+7.436e+03	+1.981e+03	+8.561e+03	+0.210
108.900	+7.520e+03	+1.507e+03	+1.057e+04	+0.167
109.000	+8.525e+03	+2.133e+03	+9.571e+03	+0.200
109.100	+7.927e+03	+2.524e+03	+1.002e+04	+0.242
109.200	+7.963e+03	+3.024e+03	+1.023e+04	+0.275
109.300	+8.299e+03	+2.518e+03	+9.043e+03	+0.233
109.400	+6.979e+03	+2.933e+03	+9.495e+03	+0.296
109.500	+6.449e+03	+2.941e+03	+9.366e+03	+0.313
109.600	+7.226e+03	+2.439e+03	+9.612e+03	+0.252
109.700	+8.455e+03	+1.071e+03	+9.619e+03	+0.112
109.800	+7.335e+03	+3.564e+03	+9.853e+03	+0.327
109.900	+7.568e+03	+3.300e+03	+9.434e+03	+0.304
110.000	+7.663e+03	+3.477e+03	+8.977e+03	+0.312
110.100	+7.698e+03	+2.040e+03	+9.494e+03	+0.210
110.200	+6.650e+03	+3.729e+03	+9.682e+03	+0.359
110.300	+4.398e+03	+3.290e+03	+1.063e+04	+0.428
110.400	+5.868e+03	+4.612e+03	+1.069e+04	+0.440
110.500	+3.973e+03	+5.485e+03	+1.032e+04	+0.580
110.600	+4.547e+03	+6.084e+03	+1.100e+04	+0.572
110.700	+4.049e+03	+4.386e+03	+1.026e+04	+0.520
110.800	+5.924e+03	+4.930e+03	+9.420e+03	+0.454
110.900	+5.066e+03	+4.556e+03	+1.049e+04	+0.473
111.000	+4.081e+03	+5.472e+03	+9.753e+03	+0.573
111.100	+4.684e+03	+4.775e+03	+9.747e+03	+0.505
111.200	+4.988e+03	+4.510e+03	+1.043e+04	+0.475
111.300	+5.098e+03	+4.668e+03	+9.399e+03	+0.478
111.400	+3.919e+03	+4.756e+03	+9.566e+03	+0.548
111.500	+5.474e+03	+4.620e+03	+9.973e+03	+0.458
111.600	+5.466e+03	+3.716e+03	+9.791e+03	+0.405
111.700	+5.625e+03	+5.489e+03	+1.016e+04	+0.494
111.800	+5.080e+03	+4.516e+03	+1.116e+04	+0.471
111.900	+5.466e+03	+6.153e+03	+9.378e+03	+0.530
112.000	+3.450e+03	+5.629e+03	+9.939e+03	+0.620
112.100	+5.599e+03	+4.322e+03	+1.052e+04	+0.436
112.200	+4.603e+03	+3.833e+03	+1.051e+04	+0.454
112.300	+6.058e+03	+2.913e+03	+9.804e+03	+0.325
112.400	+5.681e+03	+5.628e+03	+1.032e+04	+0.498
112.500	+5.620e+03	+5.495e+03	+1.057e+04	+0.494
112.600	+4.965e+03	+4.430e+03	+9.747e+03	+0.472
112.700	+3.901e+03	+4.500e+03	+9.708e+03	+0.536
112.800	+4.852e+03	+4.783e+03	+8.802e+03	+0.496
112.900	+4.280e+03	+6.026e+03	+9.151e+03	+0.585
113.000	+4.782e+03	+3.874e+03	+9.785e+03	+0.448
113.100	+5.938e+03	+4.695e+03	+7.900e+03	+0.442
113.200	+4.110e+03	+4.205e+03	+8.725e+03	+0.506
113.300	+3.935e+03	+5.477e+03	+8.783e+03	+0.582
113.400	+5.394e+03	+3.275e+03	+9.622e+03	+0.378
113.500	+4.064e+03	+4.752e+03	+8.637e+03	+0.539
113.600	+4.335e+03	+6.110e+03	+9.548e+03	+0.585
113.700	+4.466e+03	+4.525e+03	+1.032e+04	+0.503
113.800	+5.318e+03	+4.963e+03	+9.754e+03	+0.483
113.900	+5.733e+03	+4.880e+03	+1.123e+04	+0.460
114.000	+4.130e+03	+5.597e+03	+9.334e+03	+0.575
114.100	+4.880e+03	+5.338e+03	+9.478e+03	+0.522
114.200	+5.282e+03	+5.656e+03	+1.046e+04	+0.517
114.300	+4.607e+03	+5.383e+03	+1.040e+04	+0.539
114.400	+4.140e+03	+4.560e+03	+1.004e+04	+0.524
114.500	+4.743e+03	+4.385e+03	+9.254e+03	+0.480
114.600	+5.239e+03	+4.940e+03	+9.970e+03	+0.485
114.700	+4.205e+03	+3.938e+03	+1.039e+04	+0.484
114.800	+5.884e+03	+4.806e+03	+9.133e+03	+0.450
114.900	+4.391e+03	+6.053e+03	+1.066e+04	+0.580
115.000	+5.950e+03	+3.950e+03	+9.689e+03	+0.399
115.100	+6.257e+03	+4.864e+03	+8.215e+03	+0.437
115.200	+7.194e+03	+3.474e+03	+9.315e+03	+0.326
115.300	+7.414e+03	+3.415e+03	+1.076e+04	+0.315
115.400	+7.586e+03	+2.212e+03	+1.026e+04	+0.226
115.500	+6.559e+03	+2.432e+03	+1.009e+04	+0.271
115.600	+9.628e+03	+1.942e+03	+9.236e+03	+0.168
115.700	+7.998e+03	+3.121e+03	+1.072e+04	+0.281
115.800	+7.319e+03	+2.086e+03	+1.112e+04	+0.222
115.900	+8.364e+03	+2.343e+03	+1.048e+04	+0.219
116.000	+6.706e+03	+1.254e+03	+1.089e+04	+0.157
116.100	+7.982e+03	+3.380e+03	+1.091e+04	+0.297
116.200	+7.505e+03	+2.308e+03	+9.951e+03	+0.235
116.300	+5.826e+03	+1.642e+03	+9.835e+03	+0.220
116.400	+7.130e+03	+2.887e+03	+9.993e+03	+0.288
116.500	+8.138e+03	+2.147e+03	+1.019e+04	+0.209
116.600	+6.855e+03	+3.050e+03	+9.206e+03	+0.308
116.700	+7.353e+03	+3.616e+03	+8.318e+03	+0.330
116.800	+7.906e+03	+3.689e+03	+1.034e+04	+0.318
116.900	+6.156e+03	+3.311e+03	+9.580e+03	+0.350
117.000	+8.184e+03	+2.858e+03	+1.070e+04	+0.259
117.100	+7.744e+03	+3.093e+03	+1.107e+04	+0.285
117.200	+6.939e+03	+1.202e+03	+9.519e+03	+0.148
117.300	+6.672e+03	+2.353e+03	+1.043e+04	+0.261
117.400	+7.701e+03	+2.380e+03	+9.823e+03	+0.236
117.500	+6.162e+03	+3.032e+03	+1.055e+04	+0.330
117.600	+6.377e+03	+3.563e+03	+1.046e+04	+0.358
117.700	+8.104e+03	+3.219e+03	+1.063e+04	+0.284
117.800	+8.178e+03	+1.585e+03	+8.949e+03	+0.162
117.900	+7.602e+03	+2.692e+03	+9.294e+03	+0.262
118.000	+7.981e+03	+2.159e+03	+1.019e+04	+0.213
118.100	+7.190e+03	+2.822e+03	+1.012e+04	+0.282
118.200	+7.094e+03	+2.381e+03	+8.522e+03	+0.251
118.300	+6.889e+03	+1.481e+03	+1.033e+04	+0.177
118.400	+7.565e+03	+3.110e+03	+1.080e+04	+0.291
118.500	+7.106e+03	+3.302e+03	+9.742e+03	+0.317
118.600	+7.808e+03	+2.627e+03	+9.844e+03	+0.252
118.700	+8.955e+03	+2.533e+03	+1.165e+04	+0.221
118.800	+7.274e+03	+1.702e+03	+9.942e+03	+0.190
118.900	+7.468e+03	+2.490e+03	+9.405e+03	+0.250
119.000	+7.372e+03	+3.068e+03	+1.103e+04	+0.294
119.100	+8.003e+03	+3.015e+03	+1.023e+04	+0.274
119.200	+7.076e+03	+2.129e+03	+1.044e+04	+0.231
119.300	+8.190e+03	+1.023e+03	+1.017e+04	+0.111
119.400	+7.563e+03	+3.208e+03	+9.944e+03	+0.298
119.500	+7.814e+03	+1.626e+03	+1.034e+04	+0.172
119.600	+7.898e+03	+3.310e+03	+1.060e+04	+0.295
119.700	+7.569e+03	+1.918e+03	+1.092e+04	+0.202
119.800	+7.738e+03	+1.585e+03	+1.084e+04	+0.170
119.900	+7.373e+03	+2.763e+03	+9.910e+03	+0.273
120.000	+7.284e+03	+2.601e+03	+9.192e+03	+0.263
120.100	+8.343e+03	+2.062e+03	+1.082e+04	+0.198
120.200	+7.550e+03	+2.831e+03	+9.484e+03	+0.273
120.300	+7.610e+03	+2.111e+03	+1.031e+04	+0.217
120.400	+7.833e+03	+1.191e+03	+1.073e+04	+0.132
120.500	+6.921e+03	+2.835e+03	+1.006e+04	+0.291
120.600	+7.468e+03	+3.574e+03	+9.346e+03	+0.324
120.700	+7.901e+03	+3.318e+03	+1.071e+04	+0.296
120.800	+6.849e+03	+2.293e+03	+9.337e+03	+0.251
120.900	+7.796e+03	+1.437e+03	+1.011e+04	+0.156
121.000	+7.432e+03	+2.428e+03	+1.144e+04	+0.246
121.100	+7.021e+03	+2.544e+03	+1.101e+04	+0.266
121.200	+7.519e+03	+2.465e+03	+9.544e+03	+0.247
121.300	+7.510e+03	+4.027e+03	+1.058e+04	+0.349
121.400	+6.292e+03	+3.292e+03	+9.481e+03	+0.343
121.500	+7.530e+03	+2.591e+03	+1.001e+04	+0.256
121.600	+7.867e+03	+3.102e+03	+9.992e+03	+0.283
121.700	+8.161e+03	+2.451e+03	+9.978e+03	+0.231
121.800	+6.886e+03	+2.650e+03	+1.013e+04	+0.278
121.900	+6.943e+03	+1.415e+03	+1.038e+04	+0.169
122.000	+7.479e+03	+2.109e+03	+1.019e+04	+0.220
122.100	+5.813e+03	+2.055e+03	+1.122e+04	+0.261
122.200	+6.809e+03	+3.975e+03	+9.578e+03	+0.369
122.300	+8.434e+03	+3.872e+03	+1.003e+04	+0.315
122.400	+7.258e+03	+3.251e+03	+9.738e+03	+0.309
122.500	+8.074e+03	+2.720e+03	+9.138e+03	+0.252
122.600	+6.578e+03	+2.354e+03	+9.687e+03	+0.264
122.700	+6.607e+03	+1.413e+03	+9.831e+03	+0.176
122.800	+7.582e+03	+2.146e+03	+9.730e+03	+0.221
122.900	+6.834e+03	+1.572e+03	+1.047e+04	+0.187
123.000	+6.610e+03	+2.859e+03	+9.322e+03	+0.302
123.100	+6.820e+03	+3.304e+03	+1.072e+04	+0.326
123.200	+7.095e+03	+2.893e+03	+9.851e+03	+0.290
123.300	+7.212e+03	+3.340e+03	+1.008e+04	+0.317
123.400	+7.645e+03	+1.884e+03	+1.044e+04	+0.198
123.500	+7.126e+03	+1.588e+03	+9.747e+03	+0.182
123.600	+6.724e+03	+2.504e+03	+1.013e+04	+0.271
123.700	+7.333e+03	+2.645e+03	+1.072e+04	+0.265
123.800	+7.505e+03	+1.734e+03	+9.407e+03	+0.188
123.900	+7.914e+03	+2.768e+03	+1.094e+04	+0.259
124.000	+6.457e+03	+1.266e+03	+9.806e+03	+0.164
124.100	+7.412e+03	+1.847e+03	+9.809e+03	+0.199
124.200	+6.771e+03	+3.393e+03	+1.044e+04	+0.334
124.300	+7.919e+03	+2.654e+03	+1.023e+04	+0.251
124.400	+5.734e+03	+1.856e+03	+9.875e+03	+0.245
124.500	+6.596e+03	+2.150e+03	+1.062e+04	+0.246
124.600	+6.274e+03	+4.559e+03	+1.082e+04	+0.421
124.700	+5.132e+03	+4.833e+03	+9.989e+03	+0.485
124.800	+5.951e+03	+5.465e+03	+1.080e+04	+0.479
124.900	+5.706e+03	+5.139e+03	+8.775e+03	+0.474
125.000	+4.565e+03	+3.875e+03	+1.117e+04	+0.459
125.100	+4.973e+03	+5.762e+03	+1.036e+04	+0.537
125.200	+5.678e+03	+5.005e+03	+9.471e+03	+0.469
125.300	+5.885e+03	+4.499e+03	+9.943e+03	+0.433
125.400	+5.505e+03	+4.633e+03	+1.021e+04	+0.457
125.500	+5.757e+03	+4.019e+03	+8.753e+03	+0.411
125.600	+3.632e+03	+5.424e+03	+9.131e+03	+0.599
125.700	+6.208e+03	+4.798e+03	+1.047e+04	+0.436
125.800	+5.086e+03	+5.306e+03	+1.040e+04	+0.511
125.900	+4.924e+03	+5.053e+03	+8.274e+03	+0.506
126.000	+4.787e+03	+5.444e+03	+1.087e+04	+0.532
126.100	+6.267e+03	+5.024e+03	+9.732e+03	+0.445
126.200	+4.815e+03	+6.492e+03	+9.109e+03	+0.574
126.300	+5.094e+03	+6.152e+03	+9.751e+03	+0.547
126.400	+4.479e+03	+4.601e+03	+1.002e+04	+0.507
126.500	+5.467e+03	+3.863e+03	+1.011e+04	+0.414
126.600	+4.433e+03	+5.479e+03	+9.396e+03	+0.553
126.700	+5.288e+03	+4.589e+03	+9.561e+03	+0.465
126.800	+4.888e+03	+6.311e+03	+9.591e+03	+0.563
126.900	+4.190e+03	+4.604e+03	+9.826e+03	+0.524
127.000	+3.830e+03	+4.928e+03	+9.885e+03	+0.563
127.100	+6.787e+03	+3.966e+03	+8.964e+03	+0.369
127.200	+4.618e+03	+4.686e+03	+1.065e+04	+0.504
127.300	+4.545e+03	+5.220e+03	+9.578e+03	+0.535
127.400	+4.806e+03	+4.374e+03	+9.501e+03	+0.476
127.500	+4.388e+03	+4.819e+03	+1.042e+04	+0.523
127.600	+6.092e+03	+4.421e+03	+1.030e+04	+0.421
127.700	+4.708e+03	+4.833e+03	+1.061e+04	+0.507
127.800	+5.232e+03	+5.884e+03	+9.885e+03	+0.529
127.900	+6.185e+03	+5.078e+03	+1.057e+04	+0.451
128.000	+6.458e+03	+3.456e+03	+1.020e+04	+0.349
128.100	+5.328e+03	+4.767e+03	+8.938e+03	+0.472
128.200	+4.090e+03	+6.153e+03	+1.039e+04	+0.601
128.300	+4.856e+03	+6.251e+03	+9.233e+03	+0.563
128.400	+3.535e+03	+4.417e+03	+9.667e+03	+0.555
128.500	+4.660e+03	+4.172e+03	+9.629e+03	+0.472
128.600	+3.029e+03	+4.330e+03	+1.013e+04	+0.588
128.700	+5.356e+03	+4.738e+03	+1.070e+04	+0.469
128.800	+5.779e+03	+4.939e+03	+1.062e+04	+0.461
128.900	+6.192e+03	+5.319e+03	+1.057e+04	+0.462
129.000	+3.861e+03	+4.609e+03	+9.701e+03	+0.544
129.100	+5.693e+03	+5.044e+03	+9.565e+03	+0.470
129.200	+5.135e+03	+4.949e+03	+1.013e+04	+0.491
129.300	+3.859e+03	+4.664e+03	+1.032e+04	+0.547
129.400	+4.854e+03	+5.423e+03	+9.695e+03	+0.528
129.500	+5.749e+03	+4.974e+03	+9.533e+03	+0.464
129.600	+5.422e+03	+5.559e+03	+1.103e+04	+0.506
129.700	+5.422e+03	+6.290e+03	+8.998e+03	+0.537
129.800	+3.150e+03	+5.429e+03	+1.039e+04	+0.633
129.900	+5.288e+03	+4.540e+03	+1.035e+04	+0.462
130.000	+4.760e+03	+5.284e+03	+9.732e+03	+0.526
130.100	+3.983e+03	+4.071e+03	+1.037e+04	+0.505
130.200	+6.501e+03	+2.788e+03	+9.983e+03	+0.300
130.300	+6.914e+03	+2.936e+03	+9.010e+03	+0.298
130.400	+6.571e+03	+1.969e+03	+1.006e+04	+0.231
130.500	+7.397e+03	+3.495e+03	+1.078e+04	+0.321
130.600	+7.170e+03	+3.482e+03	+1.116e+04	+0.327
130.700	+8.418e+03	+1.838e+03	+1.002e+04	+0.179
130.800	+5.734e+03	+2.274e+03	+9.445e+03	+0.284
130.900	+8.066e+03	+1.722e+03	+9.683e+03	+0.176
131.000	+7.458e+03	+2.581e+03	+9.369e+03	+0.257
131.100	+7.003e+03	+2.576e+03	+9.090e+03	+0.269
131.200	+5.465e+03	+5.141e+03	+1.045e+04	+0.485
131.300	+4.911e+03	+6.084e+03	+1.035e+04	+0.553
131.400	+4.573e+03	+4.401e+03	+9.923e+03	+0.490
131.500	+5.540e+03	+5.197e+03	+1.021e+04	+0.484
131.600	+4.438e+03	+4.237e+03	+8.210e+03	+0.488
131.700	+5.276e+03	+5.728e+03	+9.106e+03	+0.521
131.800	+4.191e+03	+5.783e+03	+1.010e+04	+0.580
131.900	+5.835e+03	+5.995e+03	+1.119e+04	+0.507
132.000	+5.236e+03	+5.510e+03	+9.184e+03	+0.513
132.100	+4.957e+03	+4.797e+03	+9.046e+03	+0.492
132.200	+5.891e+03	+5.888e+03	+8.980e+03	+0.500
132.300	+4.927e+03	+5.536e+03	+9.651e+03	+0.529
132.400	+5.455e+03	+5.242e+03	+1.072e+04	+0.490
132.500	+5.770e+03	+4.712e+03	+1.002e+04	+0.450
132.600	+5.080e+03	+4.431e+03	+9.311e+03	+0.466
132.700	+5.400e+03	+5.633e+03	+9.973e+03	+0.511
132.800	+4.637e+03	+4.472e+03	+1.053e+04	+0.491
132.900	+5.638e+03	+3.255e+03	+9.410e+03	+0.366
133.000	+5.607e+03	+4.419e+03	+9.435e+03	+0.441
133.100	+5.760e+03	+3.851e+03	+1.082e+04	+0.401
133.200	+6.246e+03	+4.910e+03	+9.879e+03	+0.440
133.300	+5.695e+03	+3.755e+03	+9.940e+03	+0.397
133.400	+3.989e+03	+4.797e+03	+9.261e+03	+0.546
133.500	+4.636e+03	+5.048e+03	+1.031e+04	+0.521
133.600	+6.117e+03	+5.220e+03	+1.002e+04	+0.460
133.700	+4.825e+03	+4.579e+03	+1.000e+04	+0.487
133.800	+5.045e+03	+4.614e+03	+1.070e+04	+0.478
133.900	+4.412e+03	+5.427e+03	+9.954e+03	+0.552
134.000	+5.734e+03	+4.777e+03	+1.063e+04	+0.454
134.100	+4.911e+03	+6.195e+03	+1.028e+04	+0.558
134.200	+5.502e+03	+6.550e+03	+8.905e+03	+0.543
134.300	+4.235e+03	+5.749e+03	+1.019e+04	+0.576
134.400	+6.409e+03	+4.300e+03	+1.004e+04	+0.402
134.500	+5.826e+03	+4.779e+03	+1.102e+04	+0.451
134.600	+4.606e+03	+3.754e+03	+1.051e+04	+0.449
134.700	+4.787e+03	+4.530e+03	+1.043e+04	+0.486
134.800	+4.908e+03	+5.053e+03	+1.053e+04	+0.507
134.900	+5.756e+03	+6.031e+03	+1.006e+04	+0.512
135.000	+4.475e+03	+5.635e+03	+1.045e+04	+0.557
135.100	+4.209e+03	+4.284e+03	+1.112e+04	+0.504
135.200	+4.715e+03	+4.757e+03	+9.495e+03	+0.502
135.300	+6.438e+03	+5.816e+03	+9.030e+03	+0.475
135.400	+5.102e+03	+6.303e+03	+9.778e+03	+0.553
135.500	+5.024e+03	+6.240e+03	+8.764e+03	+0.554
135.600	+4.826e+03	+5.133e+03	+1.020e+04	+0.515
135.700	+4.503e+03	+3.988e+03	+1.146e+04	+0.470
135.800	+5.876e+03	+4.847e+03	+9.834e+03	+0.452
135.900	+5.858e+03	+4.622e+03	+1.004e+04	+0.441
136.000	+6.195e+03	+5.905e+03	+1.009e+04	+0.488
136.100	+6.344e+03	+5.436e+03	+1.022e+04	+0.461
136.200	+5.248e+03	+4.990e+03	+1.008e+04	+0.487
136.300	+5.462e+03	+5.492e+03	+1.095e+04	+0.501
136.400	+4.097e+03	+2.746e+03	+1.099e+04	+0.401
136.500	+4.638e+03	+3.189e+03	+8.846e+03	+0.407
136.600	+5.649e+03	+4.606e+03	+9.515e+03	+0.449
136.700	+4.979e+03	+5.804e+03	+8.999e+03	+0.538
136.800	+4.058e+03	+4.876e+03	+9.494e+03	+0.546
136.900	+4.555e+03	+5.233e+03	+1.024e+04	+0.535
137.000	+5.087e+03	+4.175e+03	+1.104e+04	+0.451
137.100	+6.160e+03	+6.604e+03	+1.054e+04	+0.517
137.200	+6.579e+03	+5.445e+03	+1.011e+04	+0.453
137.300	+4.870e+03	+4.782e+03	+1.078e+04	+0.495
137.400	+4.553e+03	+4.847e+03	+1.010e+04	+0.516
137.500	+4.666e+03	+4.759e+03	+1.008e+04	+0.505
137.600	+4.434e+03	+3.934e+03	+1.017e+04	+0.470
137.700	+4.737e+03	+5.387e+03	+1.034e+04	+0.532
137.800	+4.807e+03	+4.543e+03	+1.120e+04	+0.486
137.900	+5.246e+03	+6.026e+03	+9.337e+03	+0.535
138.000	+5.907e+03	+5.842e+03	+9.707e+03	+0.497
138.100	+4.840e+03	+4.762e+03	+1.057e+04	+0.496
138.200	+5.449e+03	+3.189e+03	+9.560e+03	+0.369
138.300	+5.553e+03	+6.720e+03	+1.002e+04	+0.548
138.400	+4.729e+03	+4.517e+03	+1.046e+04	+0.489
138.500	+4.871e+03	+4.528e+03	+9.832e+03	+0.482
138.600	+4.233e+03	+4.618e+03	+1.054e+04	+0.522
138.700	+5.620e+03	+4.968e+03	+9.472e+03	+0.469
138.800	+5.585e+03	+5.086e+03	+9.942e+03	+0.477
138.900	+5.705e+03	+6.684e+03	+1.077e+04	+0.540
139.000	+5.014e+03	+5.133e+03	+9.791e+03	+0.506
139.100	+7.889e+03	+3.171e+03	+1.065e+04	+0.287
139.200	+8.270e+03	+2.097e+03	+1.089e+04	+0.202
139.300	+6.606e+03	+2.916e+03	+9.757e+03	+0.306
139.400	+7.056e+03	+1.959e+03	+1.062e+04	+0.217
139.500	+8.322e+03	+2.624e+03	+1.025e+04	+0.240
139.600	+6.999e+03	+1.678e+03	+1.040e+04	+0.193
139.700	+7.503e+03	+2.280e+03	+1.022e+04	+0.233
139.800	+8.257e+03	+2.226e+03	+9.630e+03	+0.212
139.900	+7.727e+03	+2.475e+03	+9.523e+03	+0.243
140.000	+6.915e+03	+2.595e+03	+9.436e+03	+0.273
140.100	+8.685e+03	+2.295e+03	+1.085e+04	+0.209
140.200	+7.935e+03	+1.645e+03	+1.061e+04	+0.172
140.300	+8.165e+03	+2.382e+03	+1.100e+04	+0.226
140.400	+7.093e+03	+2.321e+03	+1.014e+04	+0.247
140.500	+7.952e+03	+2.118e+03	+1.162e+04	+0.210
140.600	+8.045e+03	+1.948e+03	+9.363e+03	+0.195
140.700	+7.046e+03	+2.555e+03	+1.149e+04	+0.266
140.800	+7.600e+03	+2.137e+03	+9.776e+03	+0.219
140.900	+6.946e+03	+1.674e+03	+1.175e+04	+0.194
141.000	+6.783e+03	+3.118e+03	+1.070e+04	+0.315
141.100	+7.086e+03	+1.668e+03	+9.553e+03	+0.191
141.200	+7.561e+03	+2.361e+03	+1.058e+04	+0.238
141.300	+8.222e+03	+2.570e+03	+9.219e+03	+0.238
141.400	+6.919e+03	+2.012e+03	+9.716e+03	+0.225
141.500	+7.233e+03	+2.303e+03	+9.402e+03	+0.242
141.600	+7.619e+03	+1.881e+03	+9.953e+03	+0.198
141.700	+8.281e+03	+2.952e+03	+9.127e+03	+0.263
141.800	+7.894e+03	+3.085e+03	+9.726e+03	+0.281
141.900	+7.971e+03	+3.702e+03	+1.110e+04	+0.317
142.000	+8.003e+03	+2.541e+03	+1.019e+04	+0.241
142.100	+8.448e+03	+2.457e+03	+9.466e+03	+0.225
142.200	+6.954e+03	+2.823e+03	+1.062e+04	+0.289
142.300	+6.633e+03	+3.047e+03	+1.091e+04	+0.315
142.400	+7.914e+03	+2.051e+03	+9.273e+03	+0.206
142.500	+7.566e+03	+1.715e+03	+9.951e+03	+0.185
142.600	+8.556e+03	+2.867e+03	+8.046e+03	+0.251
142.700	+6.742e+03	+3.354e+03	+1.053e+04	+0.332
142.800	+7.846e+03	+1.550e+03	+9.894e+03	+0.165
142.900	+7.995e+03	+2.488e+03	+9.955e+03	+0.237
143.000	+7.609e+03	+1.079e+03	+1.039e+04	+0.124
143.100	+7.744e+03	+1.693e+03	+9.377e+03	+0.179
143.200	+8.249e+03	+3.063e+03	+1.050e+04	+0.271
143.300	+7.674e+03	+2.493e+03	+9.543e+03	+0.245
143.400	+6.099e+03	+2.632e+03	+9.826e+03	+0.301
143.500	+6.384e+03	+2.247e+03	+9.912e+03	+0.260
143.600	+7.075e+03	+2.396e+03	+1.094e+04	+0.253
143.700	+7.015e+03	+3.093e+03	+1.011e+04	+0.306
143.800	+8.931e+03	+2.714e+03	+1.048e+04	+0.233
143.900	+7.559e+03	+1.059e+03	+9.637e+03	+0.123
144.000	+7.115e+03	+1.058e+03	+1.126e+04	+0.129
144.100	+9.282e+03	+3.129e+03	+1.025e+04	+0.252
144.200	+6.124e+03	+1.887e+03	+9.351e+03	+0.236
144.300	+6.350e+03	+1.675e+03	+9.932e+03	+0.209
144.400	+8.920e+03	+3.054e+03	+1.020e+04	+0.255
144.500	+8.621e+03	+3.774e+03	+1.054e+04	+0.304
144.600	+7.801e+03	+1.777e+03	+9.642e+03	+0.186
144.700	+7.121e+03	+2.266e+03	+9.662e+03	+0.241
144.800	+7.350e+03	+3.056e+03	+1.134e+04	+0.294
144.900	+7.475e+03	+2.800e+03	+9.922e+03	+0.273
145.000	+7.408e+03	+2.117e+03	+9.944e+03	+0.222
145.100	+8.963e+03	+2.647e+03	+9.762e+03	+0.228
145.200	+7.129e+03	+2.448e+03	+1.119e+04	+0.256
145.300	+7.917e+03	+1.694e+03	+1.087e+04	+0.176
145.400	+7.786e+03	+2.685e+03	+9.831e+03	+0.256
145.500	+7.544e+03	+2.524e+03	+1.041e+04	+0.251
145.600	+8.451e+03	+1.394e+03	+1.052e+04	+0.142
145.700	+8.392e+03	+2.587e+03	+9.364e+03	+0.236
145.800	+7.340e+03	+2.983e+03	+1.128e+04	+0.289
145.900	+8.029e+03	+1.618e+03	+8.879e+03	+0.168
146.000	+7.079e+03	+2.512e+03	+9.900e+03	+0.262
146.100	+6.151e+03	+2.016e+03	+8.860e+03	+0.247
146.200	+7.304e+03	+3.033e+03	+1.034e+04	+0.293
146.300	+6.397e+03	+2.137e+03	+9.747e+03	+0.250
146.400	+7.851e+03	+2.422e+03	+1.088e+04	+0.236
146.500	+6.664e+03	+3.024e+03	+1.064e+04	+0.312
146.600	+6.052e+03	+2.531e+03	+1.063e+04	+0.295
146.700	+7.168e+03	+2.017e+03	+1.006e+04	+0.220
146.800	+7.964e+03	+2.053e+03	+9.903e+03	+0.205
146.900	+7.613e+03	+1.722e+03	+1.012e+04	+0.184
147.000	+9.019e+03	+3.093e+03	+1.037e+04	+0.255
147.100	+7.826e+03	+1.741e+03	+1.006e+04	+0.182
147.200	+7.325e+03	+3.666e+03	+1.017e+04	+0.334
147.300	+7.917e+03	+3.409e+03	+9.741e+03	+0.301
147.400	+6.935e+03	+2.999e+03	+9.613e+03	+0.302
147.500	+8.336e+03	+1.933e+03	+1.061e+04	+0.188
147.600	+6.227e+03	+2.888e+03	+9.476e+03	+0.317
147.700	+8.758e+03	+1.944e+03	+1.031e+04	+0.182
147.800	+8.010e+03	+2.157e+03	+1.047e+04	+0.212
147.900	+6.424e+03	+2.704e+03	+9.205e+03	+0.296
148.000	+7.268e+03	+2.313e+03	+1.002e+04	+0.241
148.100	+7.419e+03	+1.816e+03	+8.735e+03	+0.197
148.200	+7.035e+03	+2.057e+03	+1.045e+04	+0.226
148.300	+6.998e+03	+2.435e+03	+1.021e+04	+0.258
148.400	+7.359e+03	+2.402e+03	+1.062e+04	+0.246
148.500	+7.557e+03	+2.680e+03	+9.568e+03	+0.262
148.600	+8.429e+03	+3.117e+03	+9.554e+03	+0.270
148.700	+8.924e+03	+1.677e+03	+1.026e+04	+0.158
148.800	+7.411e+03	+3.163e+03	+1.092e+04	+0.299
148.900	+6.979e+03	+3.214e+03	+9.146e+03	+0.315
149.000	+6.797e+03	+2.968e+03	+1.086e+04	+0.304
149.100	+7.075e+03	+4.045e+03	+1.009e+04	+0.364
149.200	+8.468e+03	+3.409e+03	+9.753e+03	+0.287
149.300	+6.284e+03	+2.463e+03	+8.928e+03	+0.282
149.400	+6.192e+03	+1.820e+03	+8.728e+03	+0.227
149.500	+8.329e+03	+3.534e+03	+9.809e+03	+0.298
149.600	+7.760e+03	+1.977e+03	+1.075e+04	+0.203
149.700	+7.546e+03	+2.610e+03	+9.993e+03	+0.257
149.800	+7.826e+03	+1.434e+03	+9.528e+03	+0.155
149.900	+7.690e+03	+1.747e+03	+1.018e+04	+0.185
150.000	+5.286e+03	+4.523e+03	+9.962e+03	+0.461
150.100	+4.651e+03	+4.329e+03	+1.007e+04	+0.482
150.200	+5.550e+03	+5.315e+03	+9.040e+03	+0.489
150.300	+5.201e+03	+4.070e+03	+9.508e+03	+0.439
150.400	+4.232e+03	+4.557e+03	+1.007e+04	+0.518
150.500	+5.143e+03	+5.605e+03	+1.050e+04	+0.522
150.600	+5.597e+03	+5.757e+03	+9.107e+03	+0.507
150.700	+5.475e+03	+3.554e+03	+1.009e+04	+0.394
150.800	+8.008e+03	+2.863e+03	+1.136e+04	+0.263
150.900	+6.733e+03	+3.343e+03	+1.014e+04	+0.332
151.000	+7.543e+03	+3.180e+03	+1.068e+04	+0.297
151.100	+7.435e+03	+2.830e+03	+1.050e+04	+0.276
151.200	+8.411e+03	+1.136e+03	+9.867e+03	+0.119
151.300	+8.025e+03	+3.039e+03	+1.075e+04	+0.275
151.400	+7.672e+03	+1.807e+03	+1.004e+04	+0.191
151.500	+7.474e+03	+1.046e+03	+1.080e+04	+0.123
151.600	+7.595e+03	+2.472e+03	+1.072e+04	+0.246
151.700	+7.622e+03	+2.025e+03	+1.002e+04	+0.210
151.800	+7.547e+03	+2.233e+03	+1.046e+04	+0.228
151.900	+8.202e+03	+3.048e+03	+1.001e+04	+0.271
152.000	+7.345e+03	+2.455e+03	+9.062e+03	+0.250
152.100	+7.770e+03	+2.736e+03	+1.019e+04	+0.260
152.200	+8.393e+03	+2.414e+03	+1.004e+04	+0.223
152.300	+7.482e+03	+1.502e+03	+1.046e+04	+0.167
152.400	+8.058e+03	+4.268e+03	+8.535e+03	+0.346
152.500	+8.284e+03	+3.674e+03	+1.035e+04	+0.307
152.600	+8.097e+03	+2.399e+03	+1.053e+04	+0.229
152.700	+8.090e+03	+1.210e+03	+9.245e+03	+0.130
152.800	+6.400e+03	+1.988e+03	+1.040e+04	+0.237
152.900	+7.209e+03	+3.758e+03	+9.411e+03	+0.343
153.000	+7.265e+03	+1.471e+03	+1.077e+04	+0.168
153.100	+7.592e+03	+2.437e+03	+9.778e+03	+0.243
153.200	+7.253e+03	+1.878e+03	+9.743e+03	+0.206
153.300	+7.041e+03	+2.048e+03	+9.085e+03	+0.225
153.400	+8.105e+03	+2.619e+03	+1.022e+04	+0.244
153.500	+8.514e+03	+1.636e+03	+1.010e+04	+0.161
153.600	+7.194e+03	+2.641e+03	+1.052e+04	+0.269
153.700	+8.817e+03	+2.920e+03	+9.815e+03	+0.249
153.800	+7.422e+03	+2.860e+03	+1.095e+04	+0.278
153.900	+7.442e+03	+2.686e+03	+9.852e+03	+0.265
154.000	+7.399e+03	+2.037e+03	+9.995e+03	+0.216
154.100	+7.696e+03	+1.664e+03	+1.056e+04	+0.178
154.200	+7.705e+03	+3.901e+03	+1.089e+04	+0.336
154.300	+6.727e+03	+2.016e+03	+8.867e+03	+0.231
154.400	+8.166e+03	+2.353e+03	+1.056e+04	+0.224
154.500	+8.243e+03	+2.972e+03	+1.004e+04	+0.265
154.600	+7.382e+03	+1.750e+03	+9.935e+03	+0.192
154.700	+6.348e+03	+3.767e+03	+1.007e+04	+0.372
154.800	+6.180e+03	+2.972e+03	+9.626e+03	+0.325
154.900	+8.371e+03	+2.694e+03	+9.885e+03	+0.243
155.000	+7.507e+03	+3.039e+03	+9.264e+03	+0.288
155.100	+7.130e+03	+1.687e+03	+9.779e+03	+0.191
155.200	+8.323e+03	+2.195e+03	+9.844e+03	+0.209
155.300	+6.280e+03	+2.989e+03	+1.091e+04	+0.323
155.400	+7.126e+03	+3.172e+03	+9.562e+03	+0.308
155.500	+6.614e+03	+2.553e+03	+1.038e+04	+0.278
155.600	+7.513e+03	+3.271e+03	+1.140e+04	+0.303
155.700	+7.411e+03	+2.209e+03	+9.770e+03	+0.230
155.800	+6.649e+03	+3.523e+03	+9.809e+03	+0.346
155.900	+7.670e+03	+2.772e+03	+9.337e+03	+0.265
156.000	+7.639e+03	+1.954e+03	+1.014e+04	+0.204
156.100	+6.205e+03	+2.104e+03	+9.546e+03	+0.253
156.200	+7.902e+03	+3.019e+03	+9.551e+03	+0.276
156.300	+7.439e+03	+2.544e+03	+1.027e+04	+0.255
156.400	+6.468e+03	+2.624e+03	+1.057e+04	+0.289
156.500	+7.737e+03	+2.136e+03	+9.275e+03	+0.216
156.600	+7.590e+03	+3.110e+03	+9.948e+03	+0.291
156.700	+7.871e+03	+2.493e+03	+1.076e+04	+0.241
156.800	+6.913e+03	+1.592e+03	+1.010e+04	+0.187
156.900	+7.386e+03	+3.129e+03	+9.779e+03	+0.298
157.000	+7.256e+03	+1.835e+03	+9.904e+03	+0.202
157.100	+6.856e+03	+3.148e+03	+1.084e+04	+0.315
157.200	+7.411e+03	+3.108e+03	+1.102e+04	+0.295
157.300	+8.564e+03	+2.080e+03	+9.869e+03	+0.195
157.400	+8.497e+03	+2.856e+03	+9.995e+03	+0.252
157.500	+8.299e+03	+2.247e+03	+1.083e+04	+0.213
157.600	+6.727e+03	+2.135e+03	+1.033e+04	+0.241
157.700	+7.523e+03	+1.436e+03	+1.016e+04	+0.160
157.800	+7.132e+03	+2.035e+03	+9.376e+03	+0.222
157.900	+6.398e+03	+2.043e+03	+1.056e+04	+0.242
158.000	+7.103e+03	+3.189e+03	+1.085e+04	+0.310
158.100	+3.117e+03	+8.603e+03	+1.036e+04	+0.734
158.200	+2.093e+03	+8.096e+03	+1.088e+04	+0.795
158.300	+1.494e+03	+9.151e+03	+1.044e+04	+0.860
158.400	+1.852e+03	+8.976e+03	+9.675e+03	+0.829
158.500	+2.285e+03	+7.344e+03	+1.028e+04	+0.763
158.600	+1.601e+03	+8.085e+03	+9.980e+03	+0.835
158.700	+2.202e+03	+7.658e+03	+9.976e+03	+0.777
158.800	+1.978e+03	+7.393e+03	+1.047e+04	+0.789
158.900	-3.435e+02	+7.856e+03	+9.744e+03	+1.046
159.000	+2.147e+03	+8.001e+03	+9.548e+03	+0.788
159.100	+2.918e+03	+7.166e+03	+9.344e+03	+0.711
159.200	+1.656e+03	+8.822e+03	+9.796e+03	+0.842
159.300	+1.616e+03	+7.507e+03	+1.072e+04	+0.823
159.400	+1.391e+03	+8.915e+03	+1.022e+04	+0.865
159.500	+2.015e+03	+8.388e+03	+1.122e+04	+0.806
159.600	+1.375e+03	+7.788e+03	+9.662e+03	+0.850
159.700	+5.398e+02	+7.252e+03	+9.587e+03	+0.931
159.800	+1.706e+03	+8.123e+03	+9.029e+03	+0.826
159.900	+2.220e+03	+6.371e+03	+1.164e+04	+0.742
160.000	+1.181e+03	+7.735e+03	+1.117e+04	+0.868
160.100	+2.695e+03	+7.723e+03	+9.575e+03	+0.741
160.200	+3.063e+03	+7.564e+03	+1.011e+04	+0.712
160.300	+1.820e+03	+7.768e+03	+1.013e+04	+0.810
160.400	+1.911e+03	+7.633e+03	+9.599e+03	+0.800
160.500	+1.329e+03	+7.625e+03	+9.014e+03	+0.852
160.600	+1.135e+03	+8.998e+03	+1.111e+04	+0.888
160.700	+9.375e+02	+8.240e+03	+9.196e+03	+0.898
160.800	+2.355e+03	+7.275e+03	+1.075e+04	+0.755
160.900	+1.452e+03	+8.731e+03	+9.263e+03	+0.857
161.000	+1.637e+03	+7.652e+03	+9.488e+03	+0.824
161.100	+2.059e+03	+7.990e+03	+9.920e+03	+0.795
161.200	+2.132e+03	+7.840e+03	+1.074e+04	+0.786
161.300	+2.072e+03	+6.852e+03	+9.170e+03	+0.768
161.400	+1.925e+03	+8.745e+03	+1.013e+04	+0.820
161.500	+2.373e+03	+7.562e+03	+9.180e+03	+0.761
161.600	+2.666e+03	+6.144e+03	+8.728e+03	+0.697
161.700	+2.054e+03	+7.804e+03	+1.137e+04	+0.792
161.800	+2.886e+03	+7.747e+03	+1.057e+04	+0.729
161.900	+2.673e+03	+8.023e+03	+8.811e+03	+0.750
162.000	+2.255e+03	+9.162e+03	+1.022e+04	+0.802
162.100	+3.401e+03	+8.464e+03	+1.059e+04	+0.713
162.200	+1.414e+03	+7.601e+03	+1.046e+04	+0.843
162.300	+2.519e+03	+8.171e+03	+9.323e+03	+0.764
162.400	+1.764e+03	+7.943e+03	+1.043e+04	+0.818
162.500	+1.266e+03	+7.701e+03	+9.654e+03	+0.859
162.600	+2.131e+03	+9.482e+03	+1.044e+04	+0.817
162.700	+1.647e+03	+8.261e+03	+1.071e+04	+0.834
162.800	+2.253e+03	+7.213e+03	+9.760e+03	+0.762
162.900	+1.355e+03	+8.343e+03	+8.941e+03	+0.860
163.000	+2.011e+03	+9.010e+03	+1.031e+04	+0.818
163.100	+2.275e+03	+7.288e+03	+1.039e+04	+0.762
163.200	+3.375e+03	+7.878e+03	+1.006e+04	+0.700
163.300	+2.356e+03	+8.842e+03	+9.238e+03	+0.790
163.400	+1.671e+03	+7.634e+03	+9.619e+03	+0.820
163.500	+1.704e+03	+7.361e+03	+1.069e+04	+0.812
163.600	+1.820e+03	+8.121e+03	+1.122e+04	+0.817
163.700	+2.205e+03	+8.466e+03	+1.020e+04	+0.793
163.800	+1.492e+03	+9.778e+03	+8.630e+03	+0.868
163.900	+2.109e+03	+6.721e+03	+1.066e+04	+0.761
164.000	+2.754e+03	+7.372e+03	+9.814e+03	+0.728
164.100	+1.430e+03	+8.372e+03	+9.574e+03	+0.854
164.200	+1.782e+03	+7.675e+03	+9.760e+03	+0.812
164.300	+1.490e+03	+8.475e+03	+1.045e+04	+0.851
164.400	+2.391e+03	+7.640e+03	+9.921e+03	+0.762
164.500	+1.996e+03	+8.190e+03	+1.061e+04	+0.804
164.600	+2.156e+03	+7.743e+03	+9.791e+03	+0.782
164.700	+1.395e+03	+7.014e+03	+1.121e+04	+0.834
164.800	+3.394e+03	+7.758e+03	+1.047e+04	+0.696
164.900	+2.746e+03	+7.972e+03	+9.859e+03	+0.744
165.000	+2.069e+03	+6.735e+03	+8.081e+03	+0.765
165.100	+2.672e+03	+7.763e+03	+9.801e+03	+0.744
165.200	+1.972e+03	+8.725e+03	+9.580e+03	+0.816
165.300	+2.420e+03	+7.895e+03	+9.903e+03	+0.765
165.400	+2.404e+03	+6.674e+03	+8.822e+03	+0.735
165.500	+2.137e+03	+7.666e+03	+1.036e+04	+0.782
165.600	+2.136e+03	+7.733e+03	+9.475e+03	+0.784
165.700	+1.539e+03	+8.451e+03	+1.038e+04	+0.846
165.800	+2.353e+03	+7.723e+03	+1.040e+04	+0.766
165.900	+1.262e+03	+7.671e+03	+1.011e+04	+0.859
166.000	+2.952e+03	+8.466e+03	+1.044e+04	+0.741
166.100	+2.723e+03	+7.917e+03	+9.430e+03	+0.744
166.200	+1.171e+03	+8.131e+03	+9.317e+03	+0.874
166.300	+2.773e+03	+7.917e+03	+1.098e+04	+0.741
166.400	+2.019e+03	+8.232e+03	+1.109e+04	+0.803
166.500	+9.077e+02	+1.032e+04	+8.668e+03	+0.919
166.600	+1.973e+03	+7.641e+03	+1.055e+04	+0.795
166.700	+6.660e+02	+8.727e+03	+8.877e+03	+0.929
166.800	+1.551e+03	+7.286e+03	+8.966e+03	+0.825
166.900	+2.657e+03	+7.460e+03	+1.076e+04	+0.737
167.000	+1.911e+03	+8.307e+03	+9.713e+03	+0.813
167.100	+4.449e+03	+8.232e+03	+8.515e+03	+0.649
167.200	+1.439e+03	+8.807e+03	+9.621e+03	+0.860
167.300	+1.950e+03	+8.122e+03	+9.638e+03	+0.806
167.400	+2.157e+03	+7.064e+03	+1.033e+04	+0.766
167.500	+2.469e+03	+8.927e+03	+9.942e+03	+0.783
167.600	+2.011e+03	+6.849e+03	+1.010e+04	+0.773
167.700	+2.231e+03	+7.987e+03	+9.834e+03	+0.782
167.800	+6.350e+02	+7.400e+03	+1.007e+04	+0.921
167.900	+2.794e+03	+8.023e+03	+1.052e+04	+0.742
168.000	+3.189e+03	+8.332e+03	+9.294e+03	+0.723
168.100	+2.451e+03	+7.858e+03	+9.153e+03	+0.762
168.200	+1.405e+03	+7.161e+03	+1.027e+04	+0.836
168.300	+2.891e+03	+9.934e+03	+1.020e+04	+0.775
168.400	+3.023e+03	+6.330e+03	+1.011e+04	+0.677
168.500	+6.749e+03	+2.645e+03	+1.027e+04	+0.282
168.600	+7.673e+03	+2.521e+03	+9.842e+03	+0.247
168.700	+7.121e+03	+2.996e+03	+9.243e+03	+0.296
168.800	+6.640e+03	+2.809e+03	+1.017e+04	+0.297
168.900	+7.502e+03	+2.242e+03	+1.078e+04	+0.230
169.000	+7.039e+03	+2.621e+03	+1.097e+04	+0.271
169.100	+7.683e+03	+2.204e+03	+1.031e+04	+0.223
169.200	+4.816e+03	+3.285e+03	+1.096e+04	+0.405
169.300	+7.077e+03	+2.048e+03	+1.060e+04	+0.224
169.400	+7.908e+03	+1.957e+03	+9.676e+03	+0.198
169.500	+7.761e+03	+3.339e+03	+1.026e+04	+0.301
169.600	+7.601e+03	+2.611e+03	+9.652e+03	+0.256
169.700	+7.753e+03	+1.953e+03	+1.046e+04	+0.201
169.800	+7.058e+03	+2.035e+03	+9.125e+03	+0.224
169.900	+7.826e+03	+2.057e+03	+1.116e+04	+0.208
170.000	+6.387e+03	+2.303e+03	+9.286e+03	+0.265
170.100	+7.563e+03	+1.027e+03	+1.069e+04	+0.120
170.200	+8.066e+03	+3.719e+03	+1.004e+04	+0.316
170.300	+8.399e+03	+2.213e+03	+1.045e+04	+0.209
170.400	+7.390e+03	+1.867e+03	+9.919e+03	+0.202
170.500	+7.579e+03	+2.536e+03	+9.947e+03	+0.251
170.600	+8.639e+03	+2.919e+03	+9.017e+03	+0.253
170.700	+8.092e+03	+3.083e+03	+9.354e+03	+0.276
170.800	+7.693e+03	+2.772e+03	+1.042e+04	+0.265
170.900	+6.795e+03	+3.181e+03	+9.850e+03	+0.319
171.000	+7.095e+03	+2.586e+03	+1.074e+04	+0.267
171.100	+7.810e+03	+1.236e+03	+9.950e+03	+0.137
171.200	+6.788e+03	+1.603e+03	+1.069e+04	+0.191
171.300	+6.983e+03	+2.082e+03	+1.082e+04	+0.230
171.400	+7.745e+03	+2.027e+03	+1.071e+04	+0.207
171.500	+7.009e+03	+3.143e+03	+8.873e+03	+0.310
171.600	+7.878e+03	+9.919e+02	+9.909e+03	+0.112
171.700	+7.129e+03	+2.190e+03	+9.735e+03	+0.235
171.800	+7.661e+03	+2.119e+03	+8.825e+03	+0.217
171.900	+6.708e+03	+2.336e+03	+9.906e+03	+0.258
172.000	+7.244e+03	+2.115e+03	+1.111e+04	+0.226
172.100	+8.011e+03	+2.861e+03	+1.102e+04	+0.263
172.200	+6.921e+03	+3.306e+03	+9.529e+03	+0.323
172.300	+6.753e+03	+2.943e+03	+9.313e+03	+0.304
172.400	+6.777e+03	+3.491e+03	+8.459e+03	+0.340
172.500	+8.047e+03	+2.042e+03	+8.982e+03	+0.202
172.600	+7.192e+03	+1.961e+03	+1.126e+04	+0.214
172.700	+7.071e+03	+2.904e+03	+1.003e+04	+0.291
172.800	+9.109e+03	+2.932e+03	+9.614e+03	+0.243
172.900	+6.128e+03	+2.941e+03	+1.045e+04	+0.324
173.000	+8.223e+03	+3.060e+03	+1.036e+04	+0.271
173.100	+8.381e+03	+2.311e+03	+9.526e+03	+0.216
173.200	+7.923e+03	+2.379e+03	+9.950e+03	+0.231
173.300	+6.458e+03	+3.017e+03	+9.297e+03	+0.318
173.400	+8.629e+03	+1.353e+03	+1.016e+04	+0.136
173.500	+8.284e+03	+2.454e+03	+9.898e+03	+0.229
173.600	+7.472e+03	+2.889e+03	+8.718e+03	+0.279
173.700	+9.134e+03	+3.331e+03	+9.430e+03	+0.267
173.800	+7.080e+03	+3.195e+03	+9.565e+03	+0.311
173.900	+7.816e+03	+2.926e+03	+1.158e+04	+0.272
174.000	+7.437e+03	+2.708e+03	+1.045e+04	+0.267
174.100	+7.932e+03	+2.233e+03	+9.070e+03	+0.220
174.200	+7.351e+03	+1.896e+03	+1.101e+04	+0.205
174.300	+6.835e+03	+1.174e+03	+1.187e+04	+0.147
174.400	+7.390e+03	+3.147e+03	+1.012e+04	+0.299
174.500	+7.191e+03	+2.390e+03	+1.024e+04	+0.249
174.600	+7.579e+03	+3.301e+03	+1.189e+04	+0.303
174.700	+7.230e+03	+2.344e+03	+9.920e+03	+0.245
174.800	+8.907e+03	+3.412e+03	+9.722e+03	+0.277
174.900	+6.244e+03	+2.101e+03	+9.802e+03	+0.252
175.000	+7.500e+03	+2.177e+03	+9.850e+03	+0.225
175.100	+7.550e+03	+3.823e+03	+8.669e+03	+0.336
175.200	+7.346e+03	+2.525e+03	+8.783e+03	+0.256
175.300	+6.912e+03	+2.071e+03	+1.011e+04	+0.231
175.400	+7.313e+03	+2.561e+03	+1.033e+04	+0.259
175.500	+7.548e+03	+2.859e+03	+9.838e+03	+0.275
175.600	+7.865e+03	+3.348e+03	+9.785e+03	+0.299
175.700	+7.544e+03	+3.425e+03	+1.151e+04	+0.312
175.800	+8.866e+03	+2.057e+03	+1.028e+04	+0.188
175.900	+6.776e+03	+3.456e+03	+1.099e+04	+0.338
176.000	+6.921e+03	+2.867e+03	+1.024e+04	+0.293
176.100	+6.911e+03	+3.089e+03	+9.998e+03	+0.309
176.200	+7.822e+03	+5.700e+02	+9.747e+03	+0.068
176.300	+7.918e+03	+2.362e+03	+1.002e+04	+0.230
176.400	+7.309e+03	+2.777e+03	+1.043e+04	+0.275
176.500	+8.748e+03	+2.205e+03	+1.002e+04	+0.201
176.600	+7.105e+03	+2.044e+03	+1.007e+04	+0.223
176.700	+8.787e+03	+2.787e+03	+9.167e+03	+0.241
176.800	+8.053e+03	+1.698e+03	+1.086e+04	+0.174
176.900	+8.179e+03	+2.614e+03	+9.392e+03	+0.242
177.000	+8.306e+03	+3.096e+03	+1.030e+04	+0.272
177.100	+7.481e+03	+2.132e+03	+8.853e+03	+0.222
177.200	+6.260e+03	+2.465e+03	+1.068e+04	+0.283
177.300	+9.699e+03	+1.728e+03	+1.061e+04	+0.151
177.400	+8.978e+03	+2.997e+03	+9.779e+03	+0.250
177.500	+8.373e+03	+3.712e+03	+1.072e+04	+0.307
177.600	+8.019e+03	+2.132e+03	+1.028e+04	+0.210
177.700	+6.864e+03	+1.883e+03	+9.004e+03	+0.215
177.800	+7.901e+03	+3.734e+03	+8.983e+03	+0.321
177.900	+7.805e+03	+1.810e+03	+9.541e+03	+0.188
178.000	+7.106e+03	+2.632e+03	+1.032e+04	+0.270
178.100	+6.321e+03	+2.052e+03	+9.317e+03	+0.245
178.200	+7.281e+03	+2.893e+03	+1.035e+04	+0.284
178.300	+7.455e+03	+3.525e+03	+9.083e+03	+0.321
178.400	+7.929e+03	+2.654e+03	+1.014e+04	+0.251
178.500	+6.942e+03	+2.335e+03	+1.024e+04	+0.252
178.600	+8.052e+03	+2.723e+03	+1.182e+04	+0.253
178.700	+6.897e+03	+2.356e+03	+9.134e+03	+0.255
178.800	+8.686e+03	+2.572e+03	+9.127e+03	+0.228
178.900	+8.038e+03	+2.092e+03	+1.041e+04	+0.207
179.000	+8.253e+03	+3.025e+03	+9.824e+03	+0.268
179.100	+7.396e+03	+3.400e+03	+9.336e+03	+0.315
179.200	+7.228e+03	+2.478e+03	+1.098e+04	+0.255
179.300	+6.340e+03	+2.196e+03	+1.122e+04	+0.257
179.400	+7.284e+03	+1.314e+03	+9.998e+03	+0.153
179.500	+7.964e+03	+3.351e+03	+1.059e+04	+0.296
179.600	+7.731e+03	+8.821e+02	+1.071e+04	+0.102
179.700	+5.963e+03	+3.274e+03	+1.057e+04	+0.354
179.800	+7.603e+03	+1.971e+03	+9.419e+03	+0.206
179.900	+8.301e+03	+3.101e+03	+1.000e+04	+0.272
180.000	+8.571e+03	+2.535e+03	+1.061e+04	+0.228
180.100	+7.776e+03	+2.689e+03	+9.424e+03	+0.257
180.200	+7.735e+03	+2.264e+03	+1.011e+04	+0.226
180.300	+8.345e+03	+2.685e+03	+1.099e+04	+0.243
180.400	+7.402e+03	+2.848e+03	+9.416e+03	+0.278
180.500	+7.036e+03	+2.241e+03	+8.829e+03	+0.242
180.600	+7.572e+03	+3.532e+03	+1.017e+04	+0.318
180.700	+7.919e+03	+1.792e+03	+1.012e+04	+0.185
180.800	+7.933e+03	+3.014e+03	+9.493e+03	+0.275
180.900	+6.229e+03	+1.891e+03	+1.073e+04	+0.233
181.000	+8.360e+03	+2.466e+03	+1.085e+04	+0.228
181.100	+7.778e+03	+1.577e+03	+9.309e+03	+0.169
181.200	+8.027e+03	+3.010e+03	+1.014e+04	+0.273
181.300	+7.977e+03	+3.938e+03	+9.606e+03	+0.331
181.400	+7.236e+03	+2.708e+03	+1.011e+04	+0.272
181.500	+7.359e+03	+1.687e+03	+1.074e+04	+0.186
181.600	+7.248e+03	+2.109e+03	+1.030e+04	+0.225
181.700	+8.715e+03	+3.644e+03	+1.023e+04	+0.295
181.800	+8.266e+03	+2.560e+03	+1.055e+04	+0.236
181.900	+7.144e+03	+1.968e+03	+9.388e+03	+0.216
182.000	+8.050e+03	+2.532e+03	+1.124e+04	+0.239
182.100	+8.555e+03	+3.978e+03	+8.775e+03	+0.317
182.200	+6.263e+03	+3.142e+03	+1.061e+04	+0.334
182.300	+8.644e+03	+2.682e+03	+9.700e+03	+0.237
182.400	+8.498e+03	+2.367e+03	+9.031e+03	+0.218
182.500	+7.476e+03	+3.710e+03	+1.071e+04	+0.332
182.600	+7.417e+03	+2.467e+03	+9.746e+03	+0.250
182.700	+7.671e+03	+2.683e+03	+9.772e+03	+0.259
182.800	+7.856e+03	+2.445e+03	+9.953e+03	+0.237
182.900	+8.159e+03	+2.800e+03	+8.994e+03	+0.255
183.000	+7.348e+03	+1.849e+03	+1.086e+04	+0.201
183.100	+7.723e+03	+2.672e+03	+1.043e+04	+0.257
183.200	+7.636e+03	+2.084e+03	+9.021e+03	+0.214
183.300	+8.210e+03	+1.535e+03	+8.817e+03	+0.158
183.400	+6.354e+03	+2.370e+03	+9.793e+03	+0.272
183.500	+6.617e+03	+3.648e+03	+9.956e+03	+0.355
183.600	+7.662e+03	+2.679e+03	+1.093e+04	+0.259
183.700	+6.396e+03	+1.924e+03	+9.148e+03	+0.231
183.800	+7.510e+03	+3.552e+03	+1.041e+04	+0.321
183.900	+7.483e+03	+3.992e+03	+1.037e+04	+0.348
184.000	+7.683e+03	+2.484e+03	+9.714e+03	+0.244
184.100	+6.558e+03	+2.147e+03	+9.955e+03	+0.247
184.200	+8.340e+03	+2.983e+03	+1.015e+04	+0.263
184.300	+8.066e+03	+2.438e+03	+1.017e+04	+0.232
184.400	+6.825e+03	+1.764e+03	+9.431e+03	+0.205
184.500	+7.690e+03	+1.960e+03	+1.037e+04	+0.203
184.600	+7.268e+03	+3.099e+03	+9.480e+03	+0.299
184.700	+7.403e+03	+1.371e+03	+9.854e+03	+0.156
184.800	+7.436e+03	+2.058e+03	+9.836e+03	+0.217
184.900	+7.585e+03	+1.010e+03	+9.475e+03	+0.117
185.000	+8.818e+03	+2.488e+03	+9.714e+03	+0.220
185.100	+6.447e+03	+4.251e+03	+1.037e+04	+0.397
185.200	+7.071e+03	+3.055e+03	+1.017e+04	+0.302
185.300	+7.941e+03	+1.982e+03	+1.112e+04	+0.200
185.400	+5.713e+03	+2.433e+03	+1.072e+04	+0.299
185.500	+6.719e+03	+3.012e+03	+1.085e+04	+0.310
185.600	+9.100e+03	+2.435e+03	+1.031e+04	+0.211
185.700	+7.023e+03	+2.893e+03	+1.050e+04	+0.292
185.800	+7.527e+03	+3.390e+03	+1.009e+04	+0.311
185.900	+7.862e+03	+2.753e+03	+9.625e+03	+0.259
186.000	+8.066e+03	+2.513e+03	+9.727e+03	+0.238
186.100	+8.078e+03	+2.261e+03	+9.426e+03	+0.219
186.200	+7.441e+03	+1.491e+03	+9.639e+03	+0.167
186.300	+6.955e+03	+2.746e+03	+9.750e+03	+0.283
186.400	+7.437e+03	+1.007e+03	+9.814e+03	+0.119
186.500	+7.621e+03	+2.719e+03	+9.178e+03	+0.263
186.600	+8.616e+03	+2.884e+03	+9.039e+03	+0.251
186.700	+7.435e+03	+2.991e+03	+9.695e+03	+0.287
186.800	+6.987e+03	+2.076e+03	+1.071e+04	+0.229
186.900	+3.736e+03	+3.880e+03	+1.033e+04	+0.509
187.000	+5.088e+03	+5.551e+03	+1.083e+04	+0.522
187.100	+4.314e+03	+4.924e+03	+1.083e+04	+0.533
187.200	+3.970e+03	+5.109e+03	+1.087e+04	+0.563
187.300	+5.508e+03	+4.821e+03	+1.031e+04	+0.467
187.400	+5.448e+03	+4.906e+03	+9.174e+03	+0.474
187.500	+4.589e+03	+5.253e+03	+1.016e+04	+0.534
187.600	+5.540e+03	+5.044e+03	+1.052e+04	+0.477
187.700	+5.122e+03	+4.595e+03	+1.097e+04	+0.473
187.800	+4.144e+03	+5.407e+03	+9.916e+03	+0.566
187.900	+5.864e+03	+5.805e+03	+9.482e+03	+0.497
188.000	+5.337e+03	+5.231e+03	+1.011e+04	+0.495
188.100	+5.048e+03	+6.130e+03	+9.578e+03	+0.548
188.200	+4.598e+03	+4.872e+03	+9.679e+03	+0.514
188.300	+6.393e+03	+5.284e+03	+9.982e+03	+0.452
188.400	+5.584e+03	+4.377e+03	+9.123e+03	+0.439
188.500	+3.781e+03	+5.463e+03	+9.472e+03	+0.591
188.600	+4.672e+03	+5.624e+03	+9.917e+03	+0.546
188.700	+6.722e+03	+5.269e+03	+9.160e+03	+0.439
188.800	+3.497e+03	+4.768e+03	+1.025e+04	+0.577
188.900	+5.912e+03	+5.600e+03	+1.021e+04	+0.486
189.000	+5.224e+03	+4.393e+03	+9.699e+03	+0.457
189.100	+4.349e+03	+5.454e+03	+9.976e+03	+0.556
189.200	+4.081e+03	+5.112e+03	+9.684e+03	+0.556
189.300	+5.596e+03	+5.917e+03	+1.036e+04	+0.514
189.400	+5.976e+03	+4.651e+03	+9.251e+03	+0.438
189.500	+4.816e+03	+5.489e+03	+9.543e+03	+0.533
189.600	+4.727e+03	+5.091e+03	+9.898e+03	+0.519
189.700	+5.805e+03	+4.113e+03	+9.317e+03	+0.415
189.800	+5.043e+03	+5.085e+03	+9.861e+03	+0.502
189.900	+4.591e+03	+5.435e+03	+9.914e+03	+0.542
190.000	+3.690e+03	+4.782e+03	+9.527e+03	+0.564
190.100	+4.313e+03	+4.871e+03	+1.063e+04	+0.530
190.200	+4.667e+03	+3.671e+03	+9.388e+03	+0.440
190.300	+4.461e+03	+5.399e+03	+9.471e+03	+0.548
190.400	+4.990e+03	+4.379e+03	+1.028e+04	+0.467
190.500	+5.167e+03	+5.102e+03	+1.064e+04	+0.497
190.600	+4.610e+03	+5.011e+03	+9.952e+03	+0.521
190.700	+5.490e+03	+4.806e+03	+1.019e+04	+0.467
190.800	+5.931e+03	+5.321e+03	+1.069e+04	+0.473
190.900	+5.114e+03	+5.224e+03	+9.772e+03	+0.505
191.000	+4.813e+03	+5.813e+03	+1.007e+04	+0.547
191.100	+5.132e+03	+4.836e+03	+1.043e+04	+0.485
191.200	+3.283e+03	+4.482e+03	+1.010e+04	+0.577
191.300	+4.717e+03	+5.484e+03	+1.054e+04	+0.538
191.400	+4.618e+03	+4.040e+03	+1.001e+04	+0.467
191.500	+5.829e+03	+4.642e+03	+9.405e+03	+0.443
191.600	+8.138e+03	+2.517e+03	+1.116e+04	+0.236
191.700	+7.792e+03	+3.010e+03	+9.819e+03	+0.279
191.800	+8.051e+03	+1.887e+03	+1.056e+04	+0.190
191.900	+8.174e+03	+2.692e+03	+9.002e+03	+0.248
192.000	+7.627e+03	+2.558e+03	+8.690e+03	+0.251
192.100	+7.558e+03	+3.281e+03	+9.440e+03	+0.303
192.200	+6.392e+03	+2.168e+03	+9.351e+03	+0.253
192.300	+7.810e+03	+2.387e+03	+9.918e+03	+0.234
192.400	+8.023e+03	+3.383e+03	+9.370e+03	+0.297
192.500	+7.333e+03	+2.329e+03	+1.110e+04	+0.241
192.600	+8.050e+03	+2.313e+03	+1.017e+04	+0.223
192.700	+7.552e+03	+2.488e+03	+1.078e+04	+0.248
192.800	+7.789e+03	+3.162e+03	+8.965e+03	+0.289
192.900	+7.361e+03	+2.032e+03	+9.695e+03	+0.216
193.000	+6.943e+03	+1.652e+03	+1.082e+04	+0.192
193.100	+7.298e+03	+2.911e+03	+1.011e+04	+0.285
193.200	+6.894e+03	+1.804e+03	+9.766e+03	+0.207
193.300	+6.498e+03	+2.344e+03	+9.880e+03	+0.265
193.400	+6.713e+03	+2.526e+03	+1.058e+04	+0.273
193.500	+7.232e+03	+2.493e+03	+9.109e+03	+0.256
193.600	+9.104e+03	+3.034e+03	+1.038e+04	+0.250
193.700	+6.833e+03	+2.976e+03	+1.053e+04	+0.303
193.800	+6.978e+03	+3.041e+03	+1.100e+04	+0.303
193.900	+8.332e+03	+2.800e+03	+9.903e+03	+0.252
194.000	+7.645e+03	+2.765e+03	+1.060e+04	+0.266
194.100	+8.512e+03	+2.607e+03	+9.392e+03	+0.235
194.200	+6.877e+03	+1.486e+03	+1.064e+04	+0.178
194.300	+6.232e+03	+2.096e+03	+8.277e+03	+0.252
194.400	+7.331e+03	+3.241e+03	+1.019e+04	+0.307
194.500	+7.068e+03	+2.271e+03	+9.682e+03	+0.243
194.600	+6.921e+03	+2.340e+03	+9.952e+03	+0.253
194.700	+6.728e+03	+1.571e+03	+1.076e+04	+0.189
194.800	+7.338e+03	+3.084e+03	+9.164e+03	+0.296
194.900	+6.487e+03	+1.413e+03	+8.772e+03	+0.179
195.000	+8.054e+03	+2.232e+03	+1.142e+04	+0.217
195.100	+7.394e+03	+3.018e+03	+9.838e+03	+0.290
195.200	+7.828e+03	+2.854e+03	+9.409e+03	+0.267
195.300	+7.362e+03	+3.099e+03	+1.031e+04	+0.296
195.400	+8.912e+03	+3.370e+03	+9.122e+03	+0.274
195.500	+6.437e+03	+1.769e+03	+1.138e+04	+0.216
195.600	+7.997e+03	+2.005e+03	+1.013e+04	+0.200
195.700	+7.533e+03	+2.798e+03	+9.672e+03	+0.271
195.800	+8.603e+03	+3.276e+03	+1.019e+04	+0.276
195.900	+7.618e+03	+1.950e+03	+1.017e+04	+0.204
196.000	+8.288e+03	+2.920e+03	+1.037e+04	+0.260
196.100	+5.748e+03	+2.928e+03	+9.138e+03	+0.337
196.200	+6.924e+03	+2.772e+03	+1.018e+04	+0.286
196.300	+6.987e+03	+4.331e+03	+1.060e+04	+0.383
196.400	+7.933e+03	+1.739e+03	+9.586e+03	+0.180
196.500	+8.172e+03	+4.310e+02	+1.049e+04	+0.050
196.600	+6.672e+03	+3.038e+03	+1.028e+04	+0.313
196.700	+8.190e+03	+7.217e+02	+1.083e+04	+0.081
196.800	+6.622e+03	+2.788e+03	+1.025e+04	+0.296
196.900	+7.751e+03	+3.355e+03	+1.075e+04	+0.302
197.000	+7.603e+03	+3.286e+03	+9.748e+03	+0.302
197.100	+6.717e+03	+2.549e+03	+9.145e+03	+0.275
197.200	+7.063e+03	+3.051e+03	+9.118e+03	+0.302
197.300	+6.012e+03	+2.607e+03	+9.700e+03	+0.303
197.400	+8.479e+03	+3.106e+03	+9.483e+03	+0.268
197.500	+7.933e+03	+2.924e+03	+9.987e+03	+0.269
197.600	+6.528e+03	+1.238e+03	+9.137e+03	+0.159
197.700	+7.321e+03	+6.023e+02	+1.045e+04	+0.076
197.800	+6.373e+03	+1.590e+03	+9.217e+03	+0.200
197.900	+7.783e+03	+2.417e+03	+1.143e+04	+0.237
198.000	+7.120e+03	+2.624e+03	+8.826e+03	+0.269
198.100	+7.564e+03	+2.547e+03	+9.914e+03	+0.252
198.200	+8.743e+03	+2.908e+03	+9.875e+03	+0.250
198.300	+7.556e+03	+1.779e+03	+9.573e+03	+0.191
198.400	+7.113e+03	+3.241e+03	+1.064e+04	+0.313
198.500	+6.985e+03	+2.646e+03	+1.052e+04	+0.275
198.600	+7.777e+03	+2.446e+03	+1.070e+04	+0.239
198.700	+7.862e+03	+3.801e+03	+1.101e+04	+0.326
198.800	+6.915e+03	+2.323e+03	+8.822e+03	+0.251
198.900	+7.289e+03	+2.003e+03	+9.280e+03	+0.216
199.000	+8.525e+03	+3.099e+03	+1.078e+04	+0.267
199.100	+8.484e+03	+1.716e+03	+1.079e+04	+0.168
199.200	+7.059e+03	+3.158e+03	+9.895e+03	+0.309
199.300	+6.876e+03	+2.401e+03	+1.081e+04	+0.259
199.400	+7.937e+03	+3.066e+03	+1.043e+04	+0.279
199.500	+7.209e+03	+2.577e+03	+9.958e+03	+0.263
199.600	+7.712e+03	+2.170e+03	+9.174e+03	+0.220
199.700	+6.810e+03	+3.041e+03	+1.016e+04	+0.309
199.800	+5.994e+03	+4.332e+03	+1.004e+04	+0.420
