%t (s)	Idd (a.u.)	Ida (a.u.)	Iaa (a.u.)	FRET E
0.000	+1.594e+03	+7.670e+03	+9.970e+03	+0.828
0.100	+3.123e+03	+7.986e+03	+1.048e+04	+0.719
0.200	+1.591e+03	+7.991e+03	+1.031e+04	+0.834
0.300	+3.097e+03	+8.816e+03	+1.006e+04	+0.740
0.400	+2.181e+03	+7.425e+03	+9.396e+03	+0.773
0.500	+2.466e+03	+8.109e+03	+9.005e+03	+0.767
0.600	+1.745e+03	+7.781e+03	+9.580e+03	+0.817
0.700	+3.364e+03	+7.088e+03	+1.150e+04	+0.678
0.800	+3.615e+03	+8.383e+03	+1.062e+04	+0.699
0.900	+3.429e+03	+9.304e+03	+1.023e+04	+0.731
1.000	+2.044e+03	+7.389e+03	+8.927e+03	+0.783
1.100	+1.968e+03	+7.669e+03	+9.369e+03	+0.796
1.200	+3.062e+03	+7.580e+03	+8.921e+03	+0.712
1.300	+2.040e+03	+8.024e+03	+1.035e+04	+0.797
1.400	+1.387e+03	+8.026e+03	+9.675e+03	+0.853
1.500	+2.458e+03	+8.401e+03	+1.086e+04	+0.774
1.600	+1.262e+03	+7.242e+03	+1.081e+04	+0.852
1.700	+2.000e+03	+8.643e+03	+1.023e+04	+0.812
1.800	+1.863e+03	+7.843e+03	+1.031e+04	+0.808
1.900	+1.698e+03	+7.709e+03	+1.012e+04	+0.819
2.000	+3.066e+03	+7.487e+03	+1.086e+04	+0.709
2.100	+1.792e+03	+9.256e+03	+1.008e+04	+0.838
2.200	+1.251e+03	+9.163e+03	+9.501e+03	+0.880
2.300	+2.566e+03	+7.594e+03	+1.074e+04	+0.747
2.400	+1.423e+03	+7.329e+03	+8.596e+03	+0.837
2.500	+2.085e+03	+6.692e+03	+9.548e+03	+0.762
2.600	+2.813e+03	+8.499e+03	+9.904e+03	+0.751
2.700	+2.383e+03	+8.852e+03	+1.064e+04	+0.788
2.800	+1.958e+03	+8.171e+03	+9.359e+03	+0.807
2.900	+2.539e+03	+8.762e+03	+1.005e+04	+0.775
3.000	+3.090e+03	+8.436e+03	+1.081e+04	+0.732
3.100	+1.713e+03	+8.136e+03	+1.003e+04	+0.826
3.200	+2.236e+03	+6.801e+03	+1.035e+04	+0.753
3.300	+2.129e+03	+8.106e+03	+1.039e+04	+0.792
3.400	+5.265e+02	+7.719e+03	+9.979e+03	+0.936
3.500	+2.166e+03	+8.754e+03	+1.049e+04	+0.802
3.600	+8.338e+02	+7.059e+03	+9.750e+03	+0.894
3.700	+2.325e+03	+6.845e+03	+1.044e+04	+0.746
3.800	+2.793e+03	+8.421e+03	+9.960e+03	+0.751
3.900	+2.564e+03	+7.631e+03	+9.361e+03	+0.748
4.000	+1.643e+03	+8.089e+03	+1.011e+04	+0.831
4.100	+1.637e+03	+8.093e+03	+1.020e+04	+0.832
4.200	+2.338e+03	+8.456e+03	+1.027e+04	+0.783
4.300	+1.725e+03	+8.930e+03	+1.233e+04	+0.838
4.400	+2.728e+03	+6.381e+03	+1.043e+04	+0.700
4.500	+1.465e+03	+8.236e+03	+9.570e+03	+0.849
4.600	+8.572e+02	+7.120e+03	+1.019e+04	+0.893
4.700	+1.063e+03	+7.834e+03	+1.013e+04	+0.881
4.800	+2.298e+03	+7.771e+03	+1.006e+04	+0.772
4.900	+2.469e+03	+7.870e+03	+9.252e+03	+0.761
5.000	+2.930e+03	+8.083e+03	+1.006e+04	+0.734
5.100	+2.615e+03	+7.791e+03	+9.666e+03	+0.749
5.200	+1.823e+03	+6.954e+03	+9.937e+03	+0.792
5.300	+2.400e+03	+7.591e+03	+9.947e+03	+0.760
5.400	+3.024e+03	+8.115e+03	+1.052e+04	+0.729
5.500	+2.939e+03	+8.023e+03	+1.076e+04	+0.732
5.600	+2.180e+03	+8.847e+03	+1.028e+04	+0.802
5.700	+4.961e+02	+8.780e+03	+9.739e+03	+0.947
5.800	+7.704e+02	+6.367e+03	+1.095e+04	+0.892
5.900	+2.136e+03	+7.698e+03	+1.011e+04	+0.783
6.000	+1.601e+03	+8.408e+03	+1.120e+04	+0.840
6.100	+5.491e+02	+8.436e+03	+9.835e+03	+0.939
6.200	-5.192e+01	+6.112e+03	+9.826e+03	+1.009
6.300	+1.710e+03	+8.266e+03	+9.794e+03	+0.829
6.400	+3.435e+03	+8.251e+03	+1.036e+04	+0.706
6.500	+2.759e+03	+7.658e+03	+9.553e+03	+0.735
6.600	+3.606e+03	+7.760e+03	+9.801e+03	+0.683
6.700	+1.805e+03	+8.804e+03	+9.947e+03	+0.830
6.800	+1.811e+03	+7.191e+03	+8.807e+03	+0.799
6.900	+2.817e+03	+7.640e+03	+9.167e+03	+0.731
7.000	+2.007e+03	+8.157e+03	+1.149e+04	+0.803
7.100	+2.386e+03	+8.828e+03	+9.570e+03	+0.787
7.200	+1.911e+03	+9.071e+03	+1.223e+04	+0.826
7.300	+2.185e+03	+7.516e+03	+9.364e+03	+0.775
7.400	+2.468e+03	+7.085e+03	+9.976e+03	+0.742
7.500	+2.164e+03	+7.977e+03	+1.017e+04	+0.787
7.600	+1.893e+03	+7.068e+03	+8.936e+03	+0.789
7.700	+6.233e+02	+8.703e+03	+1.009e+04	+0.933
7.800	+1.823e+03	+7.656e+03	+9.487e+03	+0.808
7.900	+1.872e+03	+7.710e+03	+9.610e+03	+0.805
8.000	+2.140e+03	+7.570e+03	+9.934e+03	+0.780
8.100	+2.551e+03	+6.994e+03	+1.050e+04	+0.733
8.200	+1.124e+03	+7.104e+03	+1.007e+04	+0.863
8.300	+1.733e+03	+7.793e+03	+9.187e+03	+0.818
8.400	+2.501e+03	+7.838e+03	+7.621e+03	+0.758
8.500	+2.100e+03	+7.883e+03	+1.111e+04	+0.790
8.600	+2.441e+03	+8.814e+03	+1.126e+04	+0.783
8.700	+1.767e+03	+7.179e+03	+1.071e+04	+0.802
8.800	+1.833e+03	+8.284e+03	+9.765e+03	+0.819
8.900	+3.918e+03	+7.711e+03	+1.018e+04	+0.663
9.000	+2.565e+03	+7.967e+03	+1.023e+04	+0.756
9.100	+2.994e+03	+8.042e+03	+1.051e+04	+0.729
9.200	+1.862e+03	+7.823e+03	+1.088e+04	+0.808
9.300	+2.236e+03	+8.384e+03	+1.049e+04	+0.789
9.400	+2.985e+03	+7.439e+03	+9.700e+03	+0.714
9.500	+1.490e+03	+8.659e+03	+1.152e+04	+0.853
9.600	+3.425e+01	+6.972e+03	+9.890e+03	+0.995
9.700	+2.357e+03	+8.053e+03	+9.826e+03	+0.774
9.800	+2.213e+03	+8.220e+03	+9.373e+03	+0.788
9.900	+1.303e+03	+8.122e+03	+9.548e+03	+0.862
10.000	+1.684e+03	+7.694e+03	+1.017e+04	+0.820
10.100	+1.889e+03	+8.088e+03	+9.084e+03	+0.811
10.200	+1.041e+03	+9.678e+03	+1.029e+04	+0.903
10.300	+2.988e+03	+7.186e+03	+9.983e+03	+0.706
10.400	+1.057e+03	+7.241e+03	+1.020e+04	+0.873
10.500	+2.362e+03	+8.989e+03	+9.743e+03	+0.792
10.600	+1.572e+03	+8.434e+03	+9.658e+03	+0.843
10.700	+2.900e+03	+8.230e+03	+1.117e+04	+0.739
10.800	+1.874e+03	+8.561e+03	+1.146e+04	+0.820
10.900	+7.252e+02	+7.129e+03	+1.139e+04	+0.908
11.000	+2.083e+03	+7.705e+03	+1.021e+04	+0.787
11.100	+2.086e+03	+7.340e+03	+9.161e+03	+0.779
11.200	+1.868e+03	+7.502e+03	+9.751e+03	+0.801
11.300	+3.401e+03	+7.415e+03	+1.022e+04	+0.686
11.400	+3.006e+03	+7.529e+03	+9.138e+03	+0.715
11.500	+2.405e+03	+7.707e+03	+9.952e+03	+0.762
11.600	+8.096e+02	+8.267e+03	+1.076e+04	+0.911
11.700	+2.203e+03	+7.850e+03	+9.621e+03	+0.781
11.800	+1.854e+03	+7.266e+03	+1.027e+04	+0.797
11.900	+6.365e+02	+8.951e+03	+1.168e+04	+0.934
12.000	+1.629e+03	+8.147e+03	+1.035e+04	+0.833
12.100	+1.715e+03	+8.748e+03	+9.871e+03	+0.836
12.200	+2.479e+03	+9.827e+03	+9.329e+03	+0.799
12.300	+2.447e+03	+8.309e+03	+9.815e+03	+0.772
12.400	+5.576e+02	+7.436e+03	+9.041e+03	+0.930
12.500	+2.117e+03	+8.900e+03	+9.819e+03	+0.808
12.600	+1.783e+03	+7.680e+03	+1.069e+04	+0.812
12.700	+2.040e+03	+7.807e+03	+9.220e+03	+0.793
12.800	+7.109e+02	+9.223e+03	+1.023e+04	+0.928
12.900	+1.415e+03	+9.186e+03	+1.047e+04	+0.866
13.000	+2.397e+03	+8.404e+03	+9.202e+03	+0.778
13.100	+1.534e+03	+8.762e+03	+1.061e+04	+0.851
13.200	+1.356e+03	+8.293e+03	+9.007e+03	+0.859
13.300	+1.746e+03	+8.131e+03	+9.681e+03	+0.823
13.400	+1.282e+03	+7.727e+03	+1.032e+04	+0.858
13.500	+1.630e+03	+8.732e+03	+1.118e+04	+0.843
13.600	+2.449e+03	+7.557e+03	+1.141e+04	+0.755
13.700	+2.538e+03	+7.238e+03	+1.100e+04	+0.740
13.800	+2.162e+03	+7.264e+03	+9.742e+03	+0.771
13.900	+1.763e+03	+9.929e+03	+9.537e+03	+0.849
14.000	+1.974e+03	+7.596e+03	+1.008e+04	+0.794
14.100	+1.500e+03	+7.567e+03	+1.010e+04	+0.835
14.200	+2.417e+03	+7.818e+03	+9.293e+03	+0.764
14.300	+1.966e+03	+7.304e+03	+9.713e+03	+0.788
14.400	+2.720e+03	+7.004e+03	+1.052e+04	+0.720
14.500	+2.316e+03	+6.631e+03	+1.040e+04	+0.741
14.600	+1.536e+03	+7.391e+03	+9.819e+03	+0.828
14.700	+2.910e+03	+6.861e+03	+8.943e+03	+0.702
14.800	+8.376e+02	+6.282e+03	+1.085e+04	+0.882
14.900	+2.428e+03	+8.439e+03	+9.888e+03	+0.777
15.000	+1.236e+03	+9.477e+03	+1.108e+04	+0.885
15.100	+2.746e+03	+6.841e+03	+1.022e+04	+0.714
15.200	+1.209e+03	+7.111e+03	+1.007e+04	+0.855
15.300	+3.255e+03	+8.911e+03	+9.800e+03	+0.732
15.400	+3.546e+03	+8.475e+03	+9.711e+03	+0.705
15.500	+2.048e+03	+7.601e+03	+9.403e+03	+0.788
15.600	+3.026e+03	+8.365e+03	+9.503e+03	+0.734
15.700	+1.299e+03	+8.128e+03	+9.779e+03	+0.862
15.800	+2.492e+03	+7.829e+03	+8.543e+03	+0.759
15.900	+8.681e+02	+9.207e+03	+9.310e+03	+0.914
16.000	+2.778e+03	+9.410e+03	+9.688e+03	+0.772
16.100	+3.247e+03	+7.687e+03	+1.006e+04	+0.703
16.200	+2.734e+03	+8.025e+03	+9.391e+03	+0.746
16.300	+1.404e+03	+7.550e+03	+1.017e+04	+0.843
16.400	+2.459e+03	+9.574e+03	+9.864e+03	+0.796
16.500	+1.630e+03	+7.705e+03	+1.028e+04	+0.825
16.600	+1.708e+03	+7.366e+03	+1.013e+04	+0.812
16.700	+1.891e+03	+8.057e+03	+9.782e+03	+0.810
16.800	+2.522e+03	+8.237e+03	+1.034e+04	+0.766
16.900	+2.474e+03	+7.979e+03	+9.799e+03	+0.763
17.000	+2.104e+03	+8.105e+03	+1.103e+04	+0.794
17.100	+1.327e+03	+6.803e+03	+1.032e+04	+0.837
17.200	+9.862e+02	+7.916e+03	+9.048e+03	+0.889
17.300	+6.687e+02	+8.220e+03	+9.815e+03	+0.925
17.400	+2.564e+03	+8.166e+03	+9.502e+03	+0.761
17.500	+1.872e+03	+8.913e+03	+1.031e+04	+0.826
17.600	+1.696e+03	+8.459e+03	+9.382e+03	+0.833
17.700	+3.105e+03	+8.799e+03	+1.080e+04	+0.739
17.800	+2.719e+03	+9.731e+03	+9.144e+03	+0.782
17.900	+8.741e+02	+7.017e+03	+1.002e+04	+0.889
18.000	+1.126e+03	+8.199e+03	+1.018e+04	+0.879
18.100	+2.817e+03	+7.814e+03	+9.138e+03	+0.735
18.200	+1.169e+03	+8.849e+03	+1.070e+04	+0.883
18.300	+2.455e+03	+7.880e+03	+1.057e+04	+0.762
18.400	+1.988e+03	+8.615e+03	+1.032e+04	+0.812
18.500	+2.053e+03	+8.017e+03	+1.009e+04	+0.796
18.600	+9.500e+02	+8.083e+03	+1.140e+04	+0.895
18.700	+1.806e+03	+8.308e+03	+1.008e+04	+0.821
18.800	+2.269e+03	+7.650e+03	+1.027e+04	+0.771
18.900	+2.464e+03	+7.931e+03	+1.062e+04	+0.763
19.000	+1.953e+03	+7.978e+03	+9.035e+03	+0.803
19.100	+6.059e+02	+8.082e+03	+1.043e+04	+0.930
19.200	+1.374e+03	+7.283e+03	+9.963e+03	+0.841
19.300	+3.038e+03	+8.239e+03	+1.020e+04	+0.731
19.400	+1.621e+03	+7.853e+03	+1.085e+04	+0.829
19.500	+1.301e+03	+9.150e+03	+1.030e+04	+0.875
19.600	+2.602e+03	+6.811e+03	+1.011e+04	+0.724
19.700	+1.128e+03	+8.099e+03	+9.915e+03	+0.878
19.800	+1.991e+03	+7.442e+03	+1.026e+04	+0.789
19.900	+1.079e+03	+8.745e+03	+9.493e+03	+0.890
20.000	+2.173e+03	+7.764e+03	+1.009e+04	+0.781
20.100	+2.270e+03	+7.900e+03	+9.756e+03	+0.777
20.200	+1.026e+03	+8.035e+03	+1.036e+04	+0.887
20.300	+2.177e+03	+7.959e+03	+9.449e+03	+0.785
20.400	+1.322e+03	+7.825e+03	+9.484e+03	+0.855
20.500	+1.511e+03	+8.388e+03	+9.450e+03	+0.847
20.600	+1.844e+03	+7.812e+03	+9.773e+03	+0.809
20.700	+2.222e+03	+7.940e+03	+9.715e+03	+0.781
20.800	+2.208e+03	+7.749e+03	+1.022e+04	+0.778
20.900	+2.526e+03	+8.557e+03	+1.102e+04	+0.772
21.000	+1.621e+03	+7.316e+03	+1.094e+04	+0.819
21.100	+2.559e+03	+7.900e+03	+1.014e+04	+0.755
21.200	+2.194e+03	+8.160e+03	+1.076e+04	+0.788
21.300	+1.711e+03	+8.138e+03	+1.001e+04	+0.826
21.400	+3.386e+03	+8.144e+03	+1.191e+04	+0.706
21.500	+1.900e+03	+7.111e+03	+9.140e+03	+0.789
21.600	+2.311e+03	+8.690e+03	+8.794e+03	+0.790
21.700	+2.159e+03	+7.376e+03	+1.029e+04	+0.774
21.800	+2.387e+03	+8.369e+03	+8.714e+03	+0.778
21.900	+1.528e+03	+7.287e+03	+9.182e+03	+0.827
22.000	+1.824e+03	+6.615e+03	+9.787e+03	+0.784
22.100	+1.876e+03	+7.599e+03	+9.832e+03	+0.802
22.200	+1.822e+03	+8.065e+03	+1.002e+04	+0.816
22.300	+3.418e+03	+8.870e+03	+9.721e+03	+0.722
22.400	+2.304e+03	+7.772e+03	+1.105e+04	+0.771
22.500	+2.242e+03	+9.556e+03	+1.143e+04	+0.810
22.600	+2.766e+03	+8.009e+03	+1.005e+04	+0.743
22.700	+1.551e+03	+7.971e+03	+1.169e+04	+0.837
22.800	+1.986e+03	+7.476e+03	+1.000e+04	+0.790
22.900	+2.259e+03	+7.889e+03	+9.677e+03	+0.777
23.000	+2.433e+03	+8.668e+03	+9.915e+03	+0.781
23.100	+3.091e+03	+6.812e+03	+1.045e+04	+0.688
23.200	+2.847e+03	+7.698e+03	+1.010e+04	+0.730
23.300	+1.157e+03	+6.907e+03	+9.950e+03	+0.856
23.400	+1.645e+03	+7.501e+03	+1.016e+04	+0.820
23.500	+3.256e+03	+7.262e+03	+1.009e+04	+0.690
23.600	+5.465e+03	+4.858e+03	+9.888e+03	+0.471
23.700	+5.085e+03	+4.873e+03	+8.945e+03	+0.489
23.800	+4.496e+03	+4.694e+03	+8.330e+03	+0.511
23.900	+4.935e+03	+4.631e+03	+1.171e+04	+0.484
24.000	+5.992e+03	+5.110e+03	+1.149e+04	+0.460
24.100	+5.880e+03	+5.544e+03	+1.085e+04	+0.485
24.200	+5.249e+03	+5.156e+03	+1.019e+04	+0.496
24.300	+5.220e+03	+4.076e+03	+1.061e+04	+0.438
24.400	+4.616e+03	+6.022e+03	+9.425e+03	+0.566
24.500	+5.498e+03	+5.465e+03	+9.295e+03	+0.498
24.600	+4.657e+03	+3.978e+03	+9.768e+03	+0.461
24.700	+5.474e+03	+3.467e+03	+9.607e+03	+0.388
24.800	+6.180e+03	+4.575e+03	+9.022e+03	+0.425
24.900	+5.003e+03	+4.027e+03	+9.570e+03	+0.446
25.000	+5.713e+03	+5.791e+03	+1.093e+04	+0.503
25.100	+5.681e+03	+5.880e+03	+1.048e+04	+0.509
25.200	+4.506e+03	+6.304e+03	+1.076e+04	+0.583
25.300	+6.088e+03	+4.883e+03	+9.337e+03	+0.445
25.400	+4.374e+03	+5.391e+03	+8.739e+03	+0.552
25.500	+5.660e+03	+4.583e+03	+9.671e+03	+0.447
25.600	+4.309e+03	+4.548e+03	+9.876e+03	+0.513
25.700	+5.655e+03	+6.528e+03	+1.026e+04	+0.536
25.800	+5.776e+03	+5.444e+03	+9.930e+03	+0.485
25.900	+4.958e+03	+4.990e+03	+9.922e+03	+0.502
26.000	+7.249e+03	+1.988e+03	+9.945e+03	+0.215
26.100	+7.549e+03	+2.327e+03	+1.072e+04	+0.236
26.200	+8.106e+03	+1.730e+03	+1.017e+04	+0.176
26.300	+7.829e+03	+1.664e+03	+1.005e+04	+0.175
26.400	+7.440e+03	+3.951e+03	+9.875e+03	+0.347
26.500	+7.607e+03	+2.007e+03	+9.447e+03	+0.209
26.600	+7.278e+03	+2.212e+03	+1.134e+04	+0.233
26.700	+7.940e+03	+2.083e+03	+1.123e+04	+0.208
26.800	+7.181e+03	+1.134e+03	+1.010e+04	+0.136
26.900	+7.068e+03	+2.698e+03	+1.062e+04	+0.276
27.000	+7.481e+03	+2.070e+03	+9.350e+03	+0.217
27.100	+8.559e+03	+2.800e+03	+9.605e+03	+0.246
27.200	+8.059e+03	+3.134e+03	+8.530e+03	+0.280
27.300	+7.250e+03	+2.676e+03	+1.000e+04	+0.270
27.400	+7.960e+03	+1.955e+03	+9.961e+03	+0.197
27.500	+7.279e+03	+4.068e+03	+9.571e+03	+0.359
27.600	+6.758e+03	+2.435e+03	+1.039e+04	+0.265
27.700	+8.462e+03	+1.910e+03	+9.814e+03	+0.184
27.800	+7.575e+03	+3.307e+03	+9.974e+03	+0.304
27.900	+7.863e+03	+3.612e+03	+9.493e+03	+0.315
28.000	+7.979e+03	+2.623e+03	+1.092e+04	+0.247
28.100	+8.242e+03	+1.664e+03	+9.937e+03	+0.168
28.200	+6.542e+03	+3.776e+03	+9.049e+03	+0.366
28.300	+3.076e+03	+5.170e+03	+9.632e+03	+0.627
28.400	+6.013e+03	+4.789e+03	+1.050e+04	+0.443
28.500	+4.289e+03	+4.977e+03	+1.026e+04	+0.537
28.600	+4.363e+03	+4.976e+03	+9.756e+03	+0.533
28.700	+5.730e+03	+4.315e+03	+1.051e+04	+0.430
28.800	+3.823e+03	+5.483e+03	+1.059e+04	+0.589
28.900	+5.459e+03	+4.600e+03	+1.003e+04	+0.457
29.000	+4.115e+03	+6.996e+03	+1.052e+04	+0.630
29.100	+4.902e+03	+3.747e+03	+9.630e+03	+0.433
29.200	+5.029e+03	+6.191e+03	+9.938e+03	+0.552
29.300	+5.506e+03	+5.200e+03	+1.062e+04	+0.486
29.400	+5.830e+03	+4.928e+03	+1.082e+04	+0.458
29.500	+4.576e+03	+5.186e+03	+9.646e+03	+0.531
29.600	+4.660e+03	+4.769e+03	+1.090e+04	+0.506
29.700	+4.313e+03	+3.796e+03	+9.695e+03	+0.468
29.800	+4.423e+03	+4.397e+03	+9.379e+03	+0.499
29.900	+4.611e+03	+4.440e+03	+1.030e+04	+0.491
30.000	+5.133e+03	+5.503e+03	+1.080e+04	+0.517
30.100	+4.187e+03	+5.563e+03	+9.824e+03	+0.571
30.200	+4.452e+03	+6.174e+03	+9.522e+03	+0.581
30.300	+4.278e+03	+3.543e+03	+8.490e+03	+0.453
30.400	+4.718e+03	+5.877e+03	+1.022e+04	+0.555
30.500	+4.003e+03	+5.313e+03	+1.058e+04	+0.570
30.600	+4.966e+03	+5.091e+03	+9.944e+03	+0.506
30.700	+5.647e+03	+4.447e+03	+1.020e+04	+0.441
30.800	+6.593e+03	+4.563e+03	+1.033e+04	+0.409
30.900	+5.192e+03	+4.456e+03	+9.460e+03	+0.462
31.000	+4.831e+03	+4.690e+03	+1.019e+04	+0.493
31.100	+3.861e+03	+5.837e+03	+9.364e+03	+0.602
31.200	+6.254e+03	+5.838e+03	+1.049e+04	+0.483
31.300	+5.744e+03	+4.732e+03	+1.002e+04	+0.452
31.400	+4.831e+03	+5.262e+03	+1.037e+04	+0.521
31.500	+4.959e+03	+5.661e+03	+1.067e+04	+0.533
31.600	+4.553e+03	+5.345e+03	+1.061e+04	+0.540
31.700	+5.365e+03	+3.624e+03	+1.041e+04	+0.403
31.800	+5.699e+03	+5.007e+03	+9.911e+03	+0.468
31.900	+5.268e+03	+5.034e+03	+9.433e+03	+0.489
32.000	+4.611e+03	+3.908e+03	+9.836e+03	+0.459
32.100	+4.629e+03	+5.885e+03	+1.110e+04	+0.560
32.200	+4.409e+03	+4.416e+03	+8.900e+03	+0.500
32.300	+3.305e+03	+4.735e+03	+1.079e+04	+0.589
32.400	+4.429e+03	+4.541e+03	+9.437e+03	+0.506
32.500	+5.093e+03	+5.363e+03	+1.091e+04	+0.513
32.600	+5.234e+03	+4.934e+03	+1.015e+04	+0.485
32.700	+5.233e+03	+5.378e+03	+9.139e+03	+0.507
32.800	+5.189e+03	+5.808e+03	+1.007e+04	+0.528
32.900	+5.354e+03	+4.352e+03	+1.075e+04	+0.448
33.000	+5.137e+03	+5.681e+03	+9.111e+03	+0.525
33.100	+4.961e+03	+5.163e+03	+9.006e+03	+0.510
33.200	+4.557e+03	+6.100e+03	+1.002e+04	+0.572
33.300	+2.801e+03	+5.831e+03	+1.002e+04	+0.676
33.400	+4.688e+03	+4.818e+03	+1.004e+04	+0.507
33.500	+5.247e+03	+5.425e+03	+1.056e+04	+0.508
33.600	+6.475e+03	+5.084e+03	+7.916e+03	+0.440
33.700	+4.324e+03	+5.394e+03	+9.810e+03	+0.555
33.800	+3.690e+03	+5.373e+03	+9.082e+03	+0.593
33.900	+4.831e+03	+5.375e+03	+9.590e+03	+0.527
34.000	+5.521e+03	+4.480e+03	+9.045e+03	+0.448
34.100	+6.481e+03	+2.227e+03	+9.920e+03	+0.256
34.200	+7.141e+03	+2.558e+03	+9.145e+03	+0.264
34.300	+7.434e+03	+3.327e+03	+9.462e+03	+0.309
34.400	+7.136e+03	+3.475e+03	+1.023e+04	+0.328
34.500	+8.014e+03	+2.387e+03	+9.373e+03	+0.230
34.600	+7.497e+03	+3.278e+03	+9.304e+03	+0.304
34.700	+8.263e+03	+2.126e+03	+9.800e+03	+0.205
34.800	+7.840e+03	+1.934e+03	+1.062e+04	+0.198
34.900	+6.996e+03	+3.443e+03	+9.536e+03	+0.330
35.000	+6.890e+03	+2.403e+03	+9.834e+03	+0.259
35.100	+7.623e+03	+2.915e+03	+9.466e+03	+0.277
35.200	+7.933e+03	+3.482e+03	+1.009e+04	+0.305
35.300	+6.313e+03	+1.086e+03	+1.001e+04	+0.147
35.400	+7.011e+03	+2.532e+03	+1.008e+04	+0.265
35.500	+8.517e+03	+3.180e+03	+8.827e+03	+0.272
35.600	+7.276e+03	+1.994e+03	+1.006e+04	+0.215
35.700	+7.576e+03	+3.122e+03	+9.602e+03	+0.292
35.800	+7.493e+03	+2.233e+03	+1.067e+04	+0.230
35.900	+7.476e+03	+2.286e+03	+1.074e+04	+0.234
36.000	+7.882e+03	+2.420e+03	+8.953e+03	+0.235
36.100	+7.461e+03	+2.716e+03	+9.398e+03	+0.267
36.200	+7.824e+03	+2.093e+03	+9.992e+03	+0.211
36.300	+7.852e+03	+3.505e+03	+1.008e+04	+0.309
36.400	+7.418e+03	+1.598e+03	+1.023e+04	+0.177
36.500	+6.323e+03	+2.388e+03	+9.198e+03	+0.274
36.600	+8.365e+03	+2.738e+03	+1.153e+04	+0.247
36.700	+6.293e+03	+2.023e+03	+9.174e+03	+0.243
36.800	+7.646e+03	+2.693e+03	+1.028e+04	+0.260
36.900	+8.064e+03	+1.582e+03	+1.097e+04	+0.164
37.000	+7.591e+03	+3.443e+03	+1.119e+04	+0.312
37.100	+7.196e+03	+3.500e+03	+1.034e+04	+0.327
37.200	+7.208e+03	+3.349e+03	+1.009e+04	+0.317
37.300	+7.475e+03	+3.316e+03	+9.635e+03	+0.307
37.400	+7.171e+03	+3.632e+03	+1.028e+04	+0.336
37.500	+7.158e+03	+3.049e+03	+1.016e+04	+0.299
37.600	+7.717e+03	+3.347e+03	+9.187e+03	+0.303
37.700	+6.814e+03	+2.016e+03	+8.566e+03	+0.228
37.800	+7.401e+03	+2.262e+03	+1.029e+04	+0.234
37.900	+6.500e+03	+3.155e+03	+1.045e+04	+0.327
38.000	+7.055e+03	+3.762e+03	+1.100e+04	+0.348
38.100	+8.022e+03	+2.713e+03	+9.047e+03	+0.253
38.200	+7.936e+03	+2.278e+03	+1.002e+04	+0.223
38.300	+7.392e+03	+1.801e+03	+9.987e+03	+0.196
38.400	+8.373e+03	+1.646e+03	+9.282e+03	+0.164
38.500	+6.210e+03	+1.348e+03	+1.119e+04	+0.178
38.600	+7.404e+03	+3.649e+03	+9.667e+03	+0.330
38.700	+7.998e+03	+1.940e+03	+9.653e+03	+0.195
38.800	+7.114e+03	+2.042e+03	+1.122e+04	+0.223
38.900	+6.710e+03	+2.493e+03	+1.018e+04	+0.271
39.000	+8.495e+03	+2.851e+03	+8.956e+03	+0.251
39.100	+8.034e+03	+1.444e+03	+1.068e+04	+0.152
39.200	+7.053e+03	+2.124e+03	+1.074e+04	+0.231
39.300	+6.909e+03	+4.057e+02	+1.004e+04	+0.055
39.400	+6.497e+03	+3.090e+03	+9.354e+03	+0.322
39.500	+7.597e+03	+2.357e+03	+9.940e+03	+0.237
39.600	+7.669e+03	+1.549e+03	+9.181e+03	+0.168
39.700	+7.353e+03	+3.848e+03	+9.755e+03	+0.344
39.800	+7.432e+03	+1.648e+03	+1.178e+04	+0.181
39.900	+7.214e+03	+1.343e+03	+1.015e+04	+0.157
40.000	+6.250e+03	+1.796e+03	+9.292e+03	+0.223
40.100	+7.822e+03	+3.504e+03	+1.159e+04	+0.309
40.200	+8.374e+03	+1.310e+03	+9.378e+03	+0.135
40.300	+8.295e+03	+2.397e+03	+1.010e+04	+0.224
40.400	+8.811e+03	+1.597e+03	+1.010e+04	+0.153
40.500	+7.651e+03	+1.840e+03	+1.058e+04	+0.194
40.600	+8.047e+03	+3.215e+03	+1.023e+04	+0.285
40.700	+8.131e+03	+2.609e+03	+8.411e+03	+0.243
40.800	+6.618e+03	+3.510e+03	+9.032e+03	+0.347
40.900	+8.411e+03	+2.115e+03	+1.106e+04	+0.201
41.000	+7.121e+03	+1.517e+03	+1.038e+04	+0.176
41.100	+8.924e+03	+1.288e+03	+1.008e+04	+0.126
41.200	+7.627e+03	+2.595e+03	+9.969e+03	+0.254
41.300	+7.560e+03	+2.857e+03	+1.031e+04	+0.274
41.400	+8.036e+03	+1.864e+03	+8.900e+03	+0.188
41.500	+7.447e+03	+2.254e+03	+9.888e+03	+0.232
41.600	+8.737e+03	+2.647e+03	+9.738e+03	+0.233
41.700	+8.285e+03	+2.191e+03	+1.062e+04	+0.209
41.800	+7.748e+03	+3.694e+03	+1.099e+04	+0.323
41.900	+7.919e+03	+2.394e+03	+8.697e+03	+0.232
42.000	+7.753e+03	+2.469e+03	+8.345e+03	+0.242
42.100	+7.496e+03	+1.892e+03	+1.020e+04	+0.202
42.200	+5.940e+03	+2.124e+03	+9.822e+03	+0.263
42.300	+6.589e+03	+1.818e+03	+9.722e+03	+0.216
42.400	+6.790e+03	+2.068e+03	+1.008e+04	+0.233
42.500	+6.452e+03	+1.889e+03	+9.254e+03	+0.227
42.600	+7.744e+03	+1.695e+03	+1.078e+04	+0.180
42.700	+7.855e+03	+2.512e+03	+9.228e+03	+0.242
42.800	+8.251e+03	+1.407e+03	+1.045e+04	+0.146
42.900	+7.991e+03	+2.618e+03	+9.574e+03	+0.247
43.000	+8.941e+03	+2.308e+03	+9.655e+03	+0.205
43.100	+7.590e+03	+3.912e+03	+8.638e+03	+0.340
43.200	+7.786e+03	+2.311e+03	+9.824e+03	+0.229
43.300	+8.089e+03	+3.579e+03	+9.014e+03	+0.307
43.400	+8.805e+03	+2.902e+03	+8.734e+03	+0.248
43.500	+8.095e+03	+3.106e+03	+1.037e+04	+0.277
43.600	+7.012e+03	+2.781e+03	+1.014e+04	+0.284
43.700	+8.598e+03	+2.093e+03	+9.975e+03	+0.196
43.800	+6.191e+03	+2.415e+03	+1.075e+04	+0.281
43.900	+6.900e+03	+1.071e+03	+1.045e+04	+0.134
44.000	+6.987e+03	+1.029e+03	+1.175e+04	+0.128
44.100	+7.212e+03	+3.673e+03	+8.495e+03	+0.337
44.200	+8.449e+03	+2.134e+03	+1.005e+04	+0.202
44.300	+7.036e+03	+1.971e+03	+1.005e+04	+0.219
44.400	+7.695e+03	+2.369e+03	+9.433e+03	+0.235
44.500	+8.047e+03	+2.084e+03	+9.904e+03	+0.206
44.600	+7.404e+03	+1.263e+03	+9.006e+03	+0.146
44.700	+7.229e+03	+2.338e+03	+9.982e+03	+0.244
44.800	+7.867e+03	+2.794e+03	+8.269e+03	+0.262
44.900	+7.287e+03	+2.459e+03	+1.013e+04	+0.252
45.000	+8.029e+03	+3.216e+03	+1.088e+04	+0.286
45.100	+6.545e+03	+2.412e+03	+9.542e+03	+0.269
45.200	+6.818e+03	+1.361e+03	+9.788e+03	+0.166
45.300	+8.333e+03	+1.898e+03	+9.952e+03	+0.186
45.400	+7.775e+03	+1.822e+03	+1.122e+04	+0.190
45.500	+7.831e+03	+2.266e+03	+1.099e+04	+0.224
45.600	+7.820e+03	+3.971e+03	+9.995e+03	+0.337
45.700	+7.862e+03	+2.704e+03	+1.002e+04	+0.256
45.800	+8.038e+03	+3.405e+03	+1.050e+04	+0.298
45.900	+7.550e+03	+2.033e+03	+1.048e+04	+0.212
46.000	+6.929e+03	+2.843e+03	+8.853e+03	+0.291
46.100	+7.827e+03	+1.932e+03	+8.792e+03	+0.198
46.200	+6.757e+03	+2.351e+03	+9.149e+03	+0.258
46.300	+8.862e+03	+5.494e+02	+8.775e+03	+0.058
46.400	+8.228e+03	+3.011e+03	+1.026e+04	+0.268
46.500	+6.191e+03	+2.864e+03	+1.085e+04	+0.316
46.600	+6.915e+03	+3.220e+03	+9.199e+03	+0.318
46.700	+7.832e+03	+2.704e+03	+9.485e+03	+0.257
46.800	+7.383e+03	+3.149e+03	+9.780e+03	+0.299
46.900	+7.170e+03	+2.446e+03	+1.026e+04	+0.254
47.000	+7.413e+03	+1.151e+03	+9.787e+03	+0.134
47.100	+9.530e+03	+3.594e+03	+9.776e+03	+0.274
47.200	+7.328e+03	+2.103e+03	+9.866e+03	+0.223
47.300	+7.015e+03	+3.301e+03	+1.045e+04	+0.320
47.400	+8.495e+03	+2.344e+03	+9.256e+03	+0.216
47.500	+7.129e+03	+2.274e+03	+9.232e+03	+0.242
47.600	+7.271e+03	+3.408e+03	+8.579e+03	+0.319
47.700	+6.546e+03	+2.458e+03	+9.792e+03	+0.273
47.800	+5.963e+03	+1.348e+03	+9.270e+03	+0.184
47.900	+6.288e+03	+3.355e+03	+9.372e+03	+0.348
48.000	+8.563e+03	+3.189e+03	+1.041e+04	+0.271
48.100	+6.703e+03	+2.629e+03	+1.054e+04	+0.282
48.200	+7.191e+03	+2.307e+03	+9.082e+03	+0.243
48.300	+7.699e+03	+2.229e+03	+9.688e+03	+0.224
48.400	+7.216e+03	+2.759e+03	+9.338e+03	+0.277
48.500	+9.356e+03	+5.732e+02	+1.018e+04	+0.058
48.600	+7.400e+03	+2.984e+03	+9.961e+03	+0.287
48.700	+7.797e+03	+2.513e+03	+9.501e+03	+0.244
48.800	+7.597e+03	+2.968e+03	+1.124e+04	+0.281
48.900	+7.484e+03	+3.369e+03	+9.853e+03	+0.310
49.000	+7.627e+03	+2.837e+03	+9.873e+03	+0.271
49.100	+8.301e+03	+1.315e+03	+1.013e+04	+0.137
49.200	+7.881e+03	+3.308e+03	+1.018e+04	+0.296
49.300	+7.059e+03	+1.829e+03	+1.001e+04	+0.206
49.400	+7.619e+03	+2.583e+03	+1.026e+04	+0.253
49.500	+6.466e+03	+2.518e+03	+1.051e+04	+0.280
49.600	+7.787e+03	+4.603e+02	+9.167e+03	+0.056
49.700	+6.717e+03	+2.734e+03	+1.037e+04	+0.289
49.800	+7.733e+03	+1.699e+03	+1.008e+04	+0.180
49.900	+7.852e+03	+2.708e+03	+9.993e+03	+0.256
50.000	+7.482e+03	+2.020e+03	+1.012e+04	+0.213
50.100	+6.978e+03	+3.305e+03	+9.927e+03	+0.321
50.200	+8.047e+03	+3.337e+03	+1.041e+04	+0.293
50.300	+6.443e+03	+2.123e+03	+8.944e+03	+0.248
50.400	+6.567e+03	+1.752e+03	+9.809e+03	+0.211
50.500	+8.301e+03	+1.481e+03	+1.040e+04	+0.151
50.600	+7.285e+03	+2.290e+03	+9.173e+03	+0.239
50.700	+7.492e+03	+2.012e+03	+9.606e+03	+0.212
50.800	+7.872e+03	+3.600e+03	+1.080e+04	+0.314
50.900	+7.345e+03	+1.931e+03	+1.012e+04	+0.208
51.000	+7.309e+03	+2.889e+03	+1.061e+04	+0.283
51.100	+7.197e+03	+1.887e+03	+9.792e+03	+0.208
51.200	+8.389e+03	+1.436e+03	+9.223e+03	+0.146
51.300	+7.607e+03	+1.823e+03	+1.096e+04	+0.193
51.400	+6.673e+03	+3.329e+03	+9.673e+03	+0.333
51.500	+7.100e+03	+3.790e+03	+9.432e+03	+0.348
51.600	+7.184e+03	+2.807e+03	+1.139e+04	+0.281
51.700	+7.590e+03	+1.455e+03	+1.130e+04	+0.161
51.800	+6.636e+03	+3.822e+03	+9.650e+03	+0.365
51.900	+7.950e+03	+1.818e+03	+9.651e+03	+0.186
52.000	+7.975e+03	+1.387e+03	+9.716e+03	+0.148
52.100	+7.255e+03	+2.916e+03	+1.029e+04	+0.287
52.200	+7.298e+03	+1.474e+03	+1.047e+04	+0.168
52.300	+7.703e+03	+2.448e+03	+9.816e+03	+0.241
52.400	+8.569e+03	+2.027e+03	+1.066e+04	+0.191
52.500	+7.880e+03	+3.473e+03	+9.593e+03	+0.306
52.600	+8.180e+03	+2.661e+03	+9.404e+03	+0.245
52.700	+7.363e+03	+3.133e+03	+9.646e+03	+0.298
52.800	+7.631e+03	+4.323e+03	+1.048e+04	+0.362
52.900	+7.993e+03	+2.697e+03	+9.127e+03	+0.252
53.000	+8.099e+03	+2.804e+03	+9.053e+03	+0.257
53.100	+7.059e+03	+3.314e+03	+9.106e+03	+0.320
53.200	+8.295e+03	+3.029e+03	+1.071e+04	+0.267
53.300	+8.490e+03	+2.261e+03	+1.074e+04	+0.210
53.400	+4.946e+03	+2.414e+03	+9.838e+03	+0.328
53.500	+8.779e+03	+1.879e+03	+1.022e+04	+0.176
53.600	+7.691e+03	+2.667e+03	+1.044e+04	+0.257
53.700	+3.453e+03	+6.688e+03	+1.054e+04	+0.659
53.800	+1.533e+03	+7.505e+03	+1.062e+04	+0.830
53.900	+4.963e+02	+7.841e+03	+1.091e+04	+0.940
54.000	+1.344e+03	+6.923e+03	+9.890e+03	+0.837
54.100	+2.921e+03	+8.996e+03	+9.755e+03	+0.755
54.200	+2.051e+03	+8.162e+03	+1.014e+04	+0.799
54.300	+3.799e+02	+9.172e+03	+8.511e+03	+0.960
54.400	+1.214e+03	+7.186e+03	+1.032e+04	+0.855
54.500	+1.541e+03	+7.841e+03	+9.258e+03	+0.836
54.600	+1.299e+03	+8.686e+03	+1.117e+04	+0.870
54.700	+2.565e+03	+8.015e+03	+1.136e+04	+0.758
54.800	+1.104e+03	+9.277e+03	+1.049e+04	+0.894
54.900	+1.042e+03	+7.960e+03	+9.408e+03	+0.884
55.000	+1.849e+03	+8.699e+03	+9.353e+03	+0.825
55.100	+1.191e+03	+7.843e+03	+9.418e+03	+0.868
55.200	+2.827e+03	+8.161e+03	+1.004e+04	+0.743
55.300	+1.861e+03	+7.462e+03	+9.832e+03	+0.800
55.400	+2.253e+03	+8.842e+03	+9.334e+03	+0.797
55.500	+2.963e+03	+7.603e+03	+1.160e+04	+0.720
55.600	+3.820e+03	+8.168e+03	+1.044e+04	+0.681
55.700	+1.365e+03	+8.124e+03	+9.952e+03	+0.856
55.800	+1.616e+03	+7.816e+03	+9.025e+03	+0.829
55.900	+9.522e+02	+7.228e+03	+8.480e+03	+0.884
56.000	+5.969e+02	+7.434e+03	+1.015e+04	+0.926
56.100	+2.201e+03	+7.681e+03	+1.019e+04	+0.777
56.200	+1.785e+03	+8.787e+03	+1.099e+04	+0.831
56.300	+1.429e+03	+7.754e+03	+8.914e+03	+0.844
56.400	+3.111e+03	+8.870e+03	+8.400e+03	+0.740
56.500	+1.580e+03	+7.750e+03	+1.074e+04	+0.831
56.600	+2.107e+03	+8.018e+03	+9.768e+03	+0.792
56.700	+1.487e+03	+8.348e+03	+9.894e+03	+0.849
56.800	+4.475e+02	+7.114e+03	+1.057e+04	+0.941
56.900	+1.372e+03	+8.884e+03	+1.002e+04	+0.866
57.000	+1.814e+03	+7.360e+03	+1.042e+04	+0.802
57.100	+2.648e+03	+8.140e+03	+1.046e+04	+0.755
57.200	+2.794e+03	+8.726e+03	+1.043e+04	+0.757
57.300	+1.127e+03	+8.582e+03	+9.186e+03	+0.884
57.400	+2.176e+03	+6.837e+03	+1.101e+04	+0.759
57.500	+1.406e+03	+8.534e+03	+1.003e+04	+0.859
57.600	+1.899e+03	+9.286e+03	+9.304e+03	+0.830
57.700	+1.215e+03	+7.588e+03	+1.031e+04	+0.862
57.800	+1.740e+03	+9.183e+03	+1.054e+04	+0.841
57.900	+3.476e+03	+6.878e+03	+1.063e+04	+0.664
58.000	+1.922e+03	+8.595e+03	+9.625e+03	+0.817
58.100	+1.650e+03	+7.797e+03	+9.627e+03	+0.825
58.200	+2.417e+03	+7.836e+03	+9.536e+03	+0.764
58.300	+5.219e+02	+9.078e+03	+1.065e+04	+0.946
58.400	+2.148e+03	+7.816e+03	+1.047e+04	+0.784
58.500	+2.064e+03	+8.788e+03	+9.602e+03	+0.810
58.600	+2.517e+03	+8.692e+03	+9.428e+03	+0.775
58.700	+1.262e+03	+7.659e+03	+1.048e+04	+0.859
58.800	+2.015e+03	+8.218e+03	+8.824e+03	+0.803
58.900	+2.522e+03	+6.988e+03	+1.020e+04	+0.735
59.000	+1.365e+03	+8.144e+03	+9.951e+03	+0.856
59.100	+1.965e+03	+7.682e+03	+1.075e+04	+0.796
59.200	+1.118e+03	+8.136e+03	+9.747e+03	+0.879
59.300	+1.364e+03	+7.140e+03	+1.001e+04	+0.840
59.400	+1.845e+03	+8.175e+03	+1.140e+04	+0.816
59.500	+1.738e+03	+8.202e+03	+1.027e+04	+0.825
59.600	+1.297e+03	+7.881e+03	+9.910e+03	+0.859
59.700	+2.329e+03	+6.788e+03	+1.004e+04	+0.745
59.800	+9.072e+02	+8.900e+03	+9.817e+03	+0.907
59.900	+1.175e+03	+8.167e+03	+9.645e+03	+0.874
60.000	+2.414e+03	+8.121e+03	+1.050e+04	+0.771
60.100	+1.810e+03	+7.453e+03	+9.585e+03	+0.805
60.200	+1.849e+03	+8.013e+03	+9.509e+03	+0.813
60.300	+1.451e+03	+7.993e+03	+1.017e+04	+0.846
60.400	+2.308e+03	+8.317e+03	+9.584e+03	+0.783
60.500	+2.381e+03	+7.621e+03	+9.641e+03	+0.762
60.600	+1.094e+03	+6.776e+03	+9.849e+03	+0.861
60.700	+2.715e+03	+8.603e+03	+9.634e+03	+0.760
60.800	+1.543e+03	+8.381e+03	+9.929e+03	+0.845
60.900	+1.794e+03	+9.126e+03	+1.097e+04	+0.836
61.000	+5.886e+02	+8.437e+03	+9.422e+03	+0.935
61.100	+2.315e+03	+8.359e+03	+9.824e+03	+0.783
61.200	+2.457e+03	+8.989e+03	+1.054e+04	+0.785
61.300	+3.072e+03	+8.312e+03	+9.782e+03	+0.730
61.400	+2.236e+03	+8.546e+03	+1.063e+04	+0.793
61.500	+2.068e+03	+8.179e+03	+1.037e+04	+0.798
61.600	+2.881e+03	+7.418e+03	+1.028e+04	+0.720
61.700	+2.683e+03	+7.848e+03	+9.424e+03	+0.745
61.800	+2.807e+03	+6.481e+03	+1.034e+04	+0.698
61.900	+2.120e+02	+8.750e+03	+9.878e+03	+0.976
62.000	+3.228e+03	+7.825e+03	+9.944e+03	+0.708
62.100	+2.328e+03	+7.313e+03	+1.012e+04	+0.759
62.200	+1.712e+03	+8.311e+03	+9.543e+03	+0.829
62.300	+2.714e+03	+7.859e+03	+9.164e+03	+0.743
62.400	+2.470e+03	+6.140e+03	+9.470e+03	+0.713
62.500	+1.801e+03	+8.053e+03	+9.178e+03	+0.817
62.600	+2.819e+03	+8.967e+03	+1.059e+04	+0.761
62.700	+2.081e+03	+8.802e+03	+9.544e+03	+0.809
62.800	+2.191e+03	+8.025e+03	+9.495e+03	+0.786
62.900	+1.738e+03	+8.433e+03	+9.480e+03	+0.829
63.000	+2.608e+03	+8.854e+03	+1.046e+04	+0.772
63.100	+2.560e+03	+8.433e+03	+1.019e+04	+0.767
63.200	+2.046e+03	+7.865e+03	+9.469e+03	+0.794
63.300	+2.645e+03	+9.692e+03	+1.061e+04	+0.786
63.400	+2.452e+03	+7.829e+03	+1.014e+04	+0.761
63.500	+1.563e+03	+6.721e+03	+1.030e+04	+0.811
63.600	-1.252e+02	+7.417e+03	+9.842e+03	+1.017
63.700	+2.462e+03	+8.605e+03	+1.035e+04	+0.778
63.800	+1.782e+03	+9.277e+03	+1.038e+04	+0.839
63.900	+3.391e+03	+7.653e+03	+1.033e+04	+0.693
64.000	+2.517e+03	+8.743e+03	+9.937e+03	+0.776
64.100	+1.887e+03	+7.969e+03	+1.098e+04	+0.809
64.200	+1.109e+03	+7.350e+03	+9.388e+03	+0.869
64.300	+1.567e+03	+7.812e+03	+9.722e+03	+0.833
64.400	+2.147e+03	+9.351e+03	+1.024e+04	+0.813
64.500	+2.941e+03	+8.646e+03	+9.726e+03	+0.746
64.600	+2.464e+03	+7.696e+03	+9.576e+03	+0.757
64.700	+2.100e+03	+7.867e+03	+9.466e+03	+0.789
64.800	+1.652e+03	+9.606e+03	+1.102e+04	+0.853
64.900	+7.492e+02	+7.802e+03	+9.452e+03	+0.912
65.000	+1.610e+02	+8.393e+03	+9.100e+03	+0.981
65.100	+1.570e+03	+8.481e+03	+9.638e+03	+0.844
65.200	+1.627e+03	+6.900e+03	+9.733e+03	+0.809
65.300	+1.607e+03	+8.477e+03	+9.752e+03	+0.841
65.400	+2.713e+03	+7.455e+03	+8.757e+03	+0.733
65.500	+2.716e+03	+8.343e+03	+9.436e+03	+0.754
65.600	+2.240e+03	+7.735e+03	+1.015e+04	+0.775
65.700	+2.128e+03	+7.482e+03	+1.000e+04	+0.779
65.800	+2.301e+03	+7.278e+03	+1.178e+04	+0.760
65.900	+2.212e+03	+7.909e+03	+9.241e+03	+0.781
66.000	+2.834e+03	+8.843e+03	+1.029e+04	+0.757
66.100	+2.301e+03	+7.837e+03	+9.253e+03	+0.773
66.200	+2.062e+03	+7.928e+03	+9.615e+03	+0.794
66.300	+1.531e+03	+8.236e+03	+9.714e+03	+0.843
66.400	+1.907e+03	+8.502e+03	+9.525e+03	+0.817
66.500	+2.043e+03	+7.788e+03	+1.044e+04	+0.792
66.600	+3.023e+03	+7.402e+03	+9.284e+03	+0.710
66.700	+2.108e+03	+8.154e+03	+9.630e+03	+0.795
66.800	+1.899e+03	+8.302e+03	+9.038e+03	+0.814
66.900	+1.692e+03	+7.308e+03	+1.047e+04	+0.812
67.000	+2.541e+03	+7.614e+03	+9.233e+03	+0.750
67.100	+3.676e+03	+7.429e+03	+9.874e+03	+0.669
67.200	+3.559e+03	+7.966e+03	+9.580e+03	+0.691
67.300	+2.130e+03	+8.481e+03	+1.042e+04	+0.799
67.400	+2.624e+03	+6.824e+03	+1.125e+04	+0.722
67.500	+1.918e+03	+8.006e+03	+1.018e+04	+0.807
67.600	+1.274e+03	+7.115e+03	+1.013e+04	+0.848
67.700	+2.439e+03	+8.844e+03	+1.034e+04	+0.784
67.800	+1.243e+03	+8.400e+03	+9.210e+03	+0.871
67.900	+2.542e+03	+7.609e+03	+1.084e+04	+0.750
68.000	+1.848e+03	+6.504e+03	+1.084e+04	+0.779
68.100	+1.130e+03	+8.269e+03	+1.030e+04	+0.880
68.200	+1.650e+03	+8.486e+03	+8.639e+03	+0.837
68.300	+2.023e+03	+8.380e+03	+9.524e+03	+0.806
68.400	+1.850e+03	+7.829e+03	+9.592e+03	+0.809
68.500	+2.496e+03	+1.026e+04	+1.097e+04	+0.804
68.600	+1.780e+03	+7.864e+03	+1.185e+04	+0.815
68.700	+1.327e+03	+6.929e+03	+9.312e+03	+0.839
68.800	+1.752e+03	+8.262e+03	+9.928e+03	+0.825
68.900	+1.932e+03	+7.503e+03	+9.931e+03	+0.795
69.000	+3.169e+03	+8.776e+03	+1.009e+04	+0.735
69.100	+7.253e+02	+9.197e+03	+1.056e+04	+0.927
69.200	+1.383e+03	+9.147e+03	+1.043e+04	+0.869
69.300	+2.728e+03	+7.977e+03	+1.229e+04	+0.745
69.400	+2.199e+03	+8.061e+03	+9.873e+03	+0.786
69.500	+2.713e+03	+6.072e+03	+1.055e+04	+0.691
69.600	+2.412e+03	+8.811e+03	+1.027e+04	+0.785
69.700	+1.922e+03	+8.800e+03	+9.408e+03	+0.821
69.800	+2.288e+03	+7.919e+03	+9.681e+03	+0.776
69.900	+1.725e+03	+8.035e+03	+1.025e+04	+0.823
70.000	+2.626e+03	+7.898e+03	+1.066e+04	+0.751
70.100	+2.488e+03	+7.950e+03	+1.009e+04	+0.762
70.200	+1.438e+03	+7.879e+03	+1.120e+04	+0.846
70.300	+1.932e+03	+7.362e+03	+9.381e+03	+0.792
70.400	+2.505e+03	+7.258e+03	+1.035e+04	+0.743
70.500	+1.429e+03	+8.230e+03	+9.544e+03	+0.852
70.600	+2.750e+03	+7.731e+03	+8.447e+03	+0.738
70.700	+2.994e+03	+7.497e+03	+9.492e+03	+0.715
70.800	+3.601e+03	+8.209e+03	+1.029e+04	+0.695
70.900	+1.582e+03	+7.708e+03	+1.032e+04	+0.830
71.000	+1.312e+03	+7.576e+03	+1.024e+04	+0.852
71.100	+1.843e+03	+8.198e+03	+1.093e+04	+0.816
71.200	+6.535e+02	+8.882e+03	+1.022e+04	+0.931
71.300	+1.981e+03	+8.663e+03	+8.646e+03	+0.814
71.400	+1.645e+03	+7.468e+03	+8.811e+03	+0.819
71.500	+2.118e+03	+8.518e+03	+1.063e+04	+0.801
71.600	+1.083e+03	+8.376e+03	+1.111e+04	+0.886
71.700	+1.490e+03	+7.768e+03	+9.707e+03	+0.839
71.800	+1.701e+03	+6.618e+03	+1.027e+04	+0.795
71.900	+9.988e+02	+8.683e+03	+1.008e+04	+0.897
72.000	+3.242e+03	+6.984e+03	+9.504e+03	+0.683
72.100	+2.177e+03	+8.201e+03	+1.150e+04	+0.790
72.200	+3.543e+03	+7.745e+03	+1.088e+04	+0.686
72.300	+2.290e+03	+7.978e+03	+9.126e+03	+0.777
72.400	+2.058e+03	+8.015e+03	+1.022e+04	+0.796
72.500	+1.197e+03	+7.878e+03	+1.062e+04	+0.868
72.600	+1.446e+03	+7.774e+03	+9.078e+03	+0.843
72.700	+1.376e+03	+7.769e+03	+8.763e+03	+0.850
72.800	+2.126e+03	+6.876e+03	+9.514e+03	+0.764
72.900	+2.102e+03	+7.987e+03	+9.624e+03	+0.792
73.000	+1.553e+03	+7.361e+03	+9.845e+03	+0.826
73.100	+2.449e+03	+7.871e+03	+9.378e+03	+0.763
73.200	+1.984e+03	+8.172e+03	+1.009e+04	+0.805
73.300	+1.451e+03	+7.928e+03	+9.758e+03	+0.845
73.400	+1.813e+03	+7.879e+03	+1.014e+04	+0.813
73.500	+2.680e+03	+7.687e+03	+8.401e+03	+0.741
73.600	+1.429e+03	+7.981e+03	+1.105e+04	+0.848
73.700	+2.202e+03	+7.679e+03	+1.140e+04	+0.777
73.800	+1.949e+03	+7.798e+03	+1.035e+04	+0.800
73.900	+1.103e+03	+8.118e+03	+9.745e+03	+0.880
74.000	+1.533e+03	+7.625e+03	+1.053e+04	+0.833
74.100	+3.446e+03	+8.271e+03	+1.016e+04	+0.706
74.200	+1.741e+03	+8.409e+03	+9.793e+03	+0.828
74.300	+2.475e+03	+8.551e+03	+9.848e+03	+0.776
74.400	+1.217e+03	+8.620e+03	+1.045e+04	+0.876
74.500	+1.722e+03	+8.084e+03	+1.058e+04	+0.824
74.600	+3.290e+03	+8.734e+03	+1.053e+04	+0.726
74.700	+1.979e+03	+7.848e+03	+1.015e+04	+0.799
74.800	+6.542e+02	+7.317e+03	+1.069e+04	+0.918
74.900	+2.512e+03	+7.809e+03	+1.026e+04	+0.757
75.000	+2.134e+03	+8.856e+03	+1.010e+04	+0.806
75.100	+7.372e+02	+7.817e+03	+9.736e+03	+0.914
75.200	+2.796e+03	+6.730e+03	+9.300e+03	+0.706
75.300	+3.239e+03	+8.682e+03	+9.876e+03	+0.728
75.400	+2.309e+03	+7.404e+03	+1.085e+04	+0.762
75.500	+1.203e+03	+9.458e+03	+9.289e+03	+0.887
75.600	+1.565e+03	+7.128e+03	+1.018e+04	+0.820
75.700	+1.563e+03	+7.011e+03	+1.138e+04	+0.818
75.800	+2.899e+03	+6.688e+03	+9.675e+03	+0.698
75.900	+2.080e+03	+8.117e+03	+1.035e+04	+0.796
76.000	+2.214e+03	+6.839e+03	+1.025e+04	+0.755
76.100	+1.212e+03	+7.679e+03	+1.088e+04	+0.864
76.200	+2.294e+03	+7.594e+03	+9.046e+03	+0.768
76.300	+1.707e+03	+7.479e+03	+9.633e+03	+0.814
76.400	+1.601e+03	+7.817e+03	+1.072e+04	+0.830
76.500	+2.053e+03	+8.374e+03	+8.493e+03	+0.803
76.600	+2.044e+03	+7.047e+03	+9.489e+03	+0.775
76.700	+2.162e+03	+7.348e+03	+1.054e+04	+0.773
76.800	+1.173e+03	+8.325e+03	+1.002e+04	+0.876
76.900	+2.913e+03	+7.519e+03	+9.539e+03	+0.721
77.000	+1.927e+03	+8.827e+03	+1.074e+04	+0.821
77.100	+3.262e+03	+7.935e+03	+9.028e+03	+0.709
77.200	+5.147e+02	+8.200e+03	+9.703e+03	+0.941
77.300	+2.161e+03	+8.500e+03	+9.828e+03	+0.797
77.400	+1.854e+03	+8.614e+03	+8.752e+03	+0.823
77.500	+1.015e+03	+7.857e+03	+1.092e+04	+0.886
77.600	+2.280e+03	+7.607e+03	+1.043e+04	+0.769
77.700	+2.647e+03	+8.589e+03	+9.324e+03	+0.764
77.800	+1.670e+03	+8.692e+03	+9.610e+03	+0.839
77.900	+2.285e+03	+8.800e+03	+1.005e+04	+0.794
78.000	+1.881e+03	+9.969e+03	+9.740e+03	+0.841
78.100	+3.276e+03	+8.067e+03	+8.962e+03	+0.711
78.200	+1.598e+03	+9.754e+03	+9.437e+03	+0.859
78.300	+1.405e+03	+8.469e+03	+1.100e+04	+0.858
78.400	+2.464e+03	+6.842e+03	+9.471e+03	+0.735
78.500	+1.987e+03	+8.565e+03	+1.080e+04	+0.812
78.600	+1.633e+03	+7.889e+03	+9.915e+03	+0.828
78.700	+2.906e+03	+7.869e+03	+1.003e+04	+0.730
78.800	+2.329e+03	+9.163e+03	+9.341e+03	+0.797
78.900	+2.646e+03	+8.956e+03	+9.050e+03	+0.772
79.000	+1.757e+03	+8.531e+03	+9.766e+03	+0.829
79.100	+1.834e+03	+7.254e+03	+9.578e+03	+0.798
79.200	+3.800e+02	+7.339e+03	+9.558e+03	+0.951
79.300	+1.211e+03	+8.493e+03	+1.003e+04	+0.875
79.400	+1.575e+03	+6.898e+03	+1.051e+04	+0.814
79.500	+2.665e+03	+8.373e+03	+9.769e+03	+0.759
79.600	+3.199e+03	+7.314e+03	+1.113e+04	+0.696
79.700	+8.605e+02	+7.604e+03	+1.085e+04	+0.898
79.800	+2.229e+03	+7.273e+03	+1.034e+04	+0.765
79.900	+1.504e+03	+7.945e+03	+9.480e+03	+0.841
80.000	+1.012e+03	+7.200e+03	+9.275e+03	+0.877
80.100	+1.671e+03	+7.823e+03	+1.053e+04	+0.824
80.200	+1.018e+03	+7.378e+03	+8.833e+03	+0.879
80.300	+2.372e+03	+8.721e+03	+1.087e+04	+0.786
80.400	+8.043e+02	+8.677e+03	+1.041e+04	+0.915
80.500	+2.124e+03	+7.696e+03	+1.074e+04	+0.784
80.600	+1.973e+03	+6.897e+03	+1.032e+04	+0.778
80.700	+3.001e+03	+7.063e+03	+1.043e+04	+0.702
80.800	+3.198e+03	+6.568e+03	+9.970e+03	+0.673
80.900	+2.494e+03	+6.639e+03	+9.392e+03	+0.727
81.000	+2.010e+03	+9.549e+03	+1.017e+04	+0.826
81.100	+1.090e+02	+7.400e+03	+8.958e+03	+0.985
81.200	+2.236e+03	+7.999e+03	+9.075e+03	+0.782
81.300	+1.786e+03	+7.877e+03	+1.028e+04	+0.815
81.400	+1.879e+03	+8.307e+03	+1.012e+04	+0.816
81.500	+1.736e+02	+7.990e+03	+1.065e+04	+0.979
81.600	+1.268e+03	+7.390e+03	+1.078e+04	+0.854
81.700	+7.866e+02	+8.506e+03	+9.534e+03	+0.915
81.800	+1.672e+03	+7.425e+03	+9.672e+03	+0.816
81.900	+3.259e+03	+6.289e+03	+9.447e+03	+0.659
82.000	+4.409e+03	+4.969e+03	+1.115e+04	+0.530
82.100	+5.450e+03	+5.652e+03	+9.387e+03	+0.509
82.200	+6.323e+03	+5.378e+03	+8.800e+03	+0.460
82.300	+5.216e+03	+4.845e+03	+1.045e+04	+0.482
82.400	+5.352e+03	+4.650e+03	+9.414e+03	+0.465
82.500	+5.598e+03	+5.461e+03	+1.061e+04	+0.494
82.600	+4.445e+03	+4.365e+03	+9.548e+03	+0.495
82.700	+3.323e+03	+5.598e+03	+1.020e+04	+0.628
82.800	+4.508e+03	+3.950e+03	+9.800e+03	+0.467
82.900	+4.892e+03	+4.865e+03	+1.035e+04	+0.499
83.000	+5.563e+03	+4.501e+03	+9.086e+03	+0.447
83.100	+5.218e+03	+5.449e+03	+1.081e+04	+0.511
83.200	+3.972e+03	+5.483e+03	+1.107e+04	+0.580
83.300	+3.957e+03	+4.713e+03	+9.910e+03	+0.544
83.400	+6.496e+03	+4.994e+03	+1.045e+04	+0.435
83.500	+5.142e+03	+5.337e+03	+9.999e+03	+0.509
83.600	+5.183e+03	+5.011e+03	+1.102e+04	+0.492
83.700	+4.581e+03	+4.225e+03	+9.303e+03	+0.480
83.800	+5.017e+03	+4.230e+03	+1.012e+04	+0.457
83.900	+5.434e+03	+5.204e+03	+1.047e+04	+0.489
84.000	+5.612e+03	+4.177e+03	+1.039e+04	+0.427
84.100	+5.269e+03	+5.861e+03	+9.932e+03	+0.527
84.200	+5.065e+03	+6.180e+03	+8.904e+03	+0.550
84.300	+4.666e+03	+4.520e+03	+1.131e+04	+0.492
84.400	+4.644e+03	+3.879e+03	+9.612e+03	+0.455
84.500	+4.520e+03	+3.385e+03	+9.845e+03	+0.428
84.600	+5.928e+03	+4.549e+03	+1.010e+04	+0.434
84.700	+5.661e+03	+4.719e+03	+8.793e+03	+0.455
84.800	+6.145e+03	+4.469e+03	+9.176e+03	+0.421
84.900	+4.639e+03	+3.662e+03	+9.923e+03	+0.441
85.000	+3.953e+03	+5.953e+03	+1.122e+04	+0.601
85.100	+4.712e+03	+5.321e+03	+9.469e+03	+0.530
85.200	+5.426e+03	+5.933e+03	+1.142e+04	+0.522
85.300	+3.764e+03	+2.624e+03	+8.773e+03	+0.411
85.400	+5.112e+03	+3.691e+03	+1.043e+04	+0.419
85.500	+5.729e+03	+4.645e+03	+9.795e+03	+0.448
85.600	+5.951e+03	+5.237e+03	+9.226e+03	+0.468
85.700	+6.148e+03	+4.942e+03	+9.712e+03	+0.446
85.800	+4.985e+03	+4.251e+03	+9.041e+03	+0.460
85.900	+4.167e+03	+4.402e+03	+1.059e+04	+0.514
86.000	+6.656e+03	+4.218e+03	+9.959e+03	+0.388
86.100	+4.232e+03	+4.693e+03	+1.031e+04	+0.526
86.200	+5.098e+03	+5.211e+03	+9.572e+03	+0.505
86.300	+3.572e+03	+5.278e+03	+9.841e+03	+0.596
86.400	+4.453e+03	+4.417e+03	+1.084e+04	+0.498
86.500	+6.202e+03	+6.076e+03	+1.064e+04	+0.495
86.600	+4.875e+03	+3.682e+03	+1.067e+04	+0.430
86.700	+4.003e+03	+5.590e+03	+1.082e+04	+0.583
86.800	+5.629e+03	+5.096e+03	+1.003e+04	+0.475
86.900	+4.319e+03	+6.168e+03	+1.100e+04	+0.588
87.000	+3.837e+03	+5.885e+03	+9.599e+03	+0.605
87.100	+4.575e+03	+5.142e+03	+9.364e+03	+0.529
87.200	+5.355e+03	+4.934e+03	+7.881e+03	+0.480
87.300	+5.091e+03	+3.773e+03	+9.238e+03	+0.426
87.400	+5.266e+03	+5.554e+03	+1.010e+04	+0.513
87.500	+4.505e+03	+5.286e+03	+1.073e+04	+0.540
87.600	+4.354e+03	+3.487e+03	+9.392e+03	+0.445
87.700	+6.196e+03	+4.923e+03	+1.083e+04	+0.443
87.800	+4.409e+03	+5.562e+03	+9.253e+03	+0.558
87.900	+4.914e+03	+6.018e+03	+1.088e+04	+0.550
88.000	+4.537e+03	+4.910e+03	+8.642e+03	+0.520
88.100	+3.986e+03	+5.527e+03	+1.108e+04	+0.581
88.200	+4.601e+03	+4.113e+03	+9.338e+03	+0.472
88.300	+4.019e+03	+4.220e+03	+9.365e+03	+0.512
88.400	+5.060e+03	+4.743e+03	+1.158e+04	+0.484
88.500	+5.038e+03	+4.164e+03	+8.911e+03	+0.453
88.600	+4.906e+03	+5.207e+03	+9.170e+03	+0.515
88.700	+5.022e+03	+5.549e+03	+1.135e+04	+0.525
88.800	+5.223e+03	+4.940e+03	+9.458e+03	+0.486
88.900	+4.344e+03	+4.451e+03	+1.067e+04	+0.506
89.000	+3.981e+03	+5.024e+03	+1.031e+04	+0.558
89.100	+4.847e+03	+4.907e+03	+9.930e+03	+0.503
89.200	+4.370e+03	+5.208e+03	+1.021e+04	+0.544
89.300	+3.523e+03	+5.060e+03	+9.524e+03	+0.590
89.400	+4.549e+03	+4.466e+03	+1.038e+04	+0.495
89.500	+8.381e+03	+3.812e+03	+1.113e+04	+0.313
89.600	+8.197e+03	+2.234e+03	+1.025e+04	+0.214
89.700	+7.703e+03	+2.947e+03	+9.549e+03	+0.277
89.800	+7.683e+03	+1.925e+03	+8.546e+03	+0.200
89.900	+7.697e+03	+3.179e+03	+9.481e+03	+0.292
90.000	+7.659e+03	+2.186e+03	+8.917e+03	+0.222
90.100	+7.888e+03	+1.786e+03	+1.037e+04	+0.185
90.200	+7.211e+03	+2.271e+03	+9.308e+03	+0.239
90.300	+7.253e+03	+2.566e+03	+9.684e+03	+0.261
90.400	+7.080e+03	+3.073e+03	+9.139e+03	+0.303
90.500	+8.004e+03	+2.331e+03	+1.037e+04	+0.226
90.600	+7.644e+03	+2.354e+03	+9.990e+03	+0.235
90.700	+7.700e+03	+1.605e+03	+1.002e+04	+0.172
90.800	+7.545e+03	+2.549e+03	+9.772e+03	+0.252
90.900	+7.558e+03	+4.023e+03	+9.568e+03	+0.347
91.000	+8.324e+03	+2.200e+03	+1.049e+04	+0.209
91.100	+7.066e+03	+2.603e+03	+1.056e+04	+0.269
91.200	+7.550e+03	+3.127e+03	+9.826e+03	+0.293
91.300	+7.167e+03	+3.209e+03	+9.137e+03	+0.309
91.400	+7.868e+03	+1.521e+03	+1.021e+04	+0.162
91.500	+7.188e+03	+2.589e+03	+1.036e+04	+0.265
91.600	+6.925e+03	+3.260e+03	+1.021e+04	+0.320
91.700	+7.425e+03	+2.940e+03	+9.593e+03	+0.284
91.800	+7.601e+03	+3.492e+03	+9.399e+03	+0.315
91.900	+6.993e+03	+2.431e+03	+9.856e+03	+0.258
92.000	+7.620e+03	+2.297e+03	+9.888e+03	+0.232
92.100	+6.447e+03	+2.473e+03	+1.011e+04	+0.277
92.200	+8.436e+03	+2.154e+03	+9.617e+03	+0.203
92.300	+7.744e+03	+1.695e+03	+8.418e+03	+0.180
92.400	+7.542e+03	+2.726e+03	+9.896e+03	+0.266
92.500	+7.637e+03	+3.313e+03	+9.868e+03	+0.303
92.600	+8.524e+03	+1.285e+03	+1.101e+04	+0.131
92.700	+8.763e+03	+2.965e+03	+1.019e+04	+0.253
92.800	+8.044e+03	+2.633e+03	+1.114e+04	+0.247
92.900	+7.446e+03	+3.079e+03	+9.819e+03	+0.293
93.000	+7.481e+03	+2.349e+03	+9.096e+03	+0.239
93.100	+7.575e+03	+2.511e+03	+8.551e+03	+0.249
93.200	+7.915e+03	+3.064e+03	+9.989e+03	+0.279
93.300	+7.105e+03	+2.345e+03	+1.063e+04	+0.248
93.400	+8.602e+03	+2.412e+03	+1.087e+04	+0.219
93.500	+7.770e+03	+2.892e+03	+9.035e+03	+0.271
93.600	+8.321e+03	+2.525e+03	+1.012e+04	+0.233
93.700	+7.599e+03	+2.366e+03	+9.231e+03	+0.237
93.800	+6.498e+03	+1.475e+03	+9.218e+03	+0.185
93.900	+7.346e+03	+3.319e+03	+1.077e+04	+0.311
94.000	+8.107e+03	+1.778e+03	+9.566e+03	+0.180
94.100	+8.930e+03	+2.228e+03	+9.452e+03	+0.200
94.200	+7.444e+03	+2.595e+03	+9.934e+03	+0.259
94.300	+7.474e+03	+2.887e+03	+9.065e+03	+0.279
94.400	+7.759e+03	+2.626e+03	+1.062e+04	+0.253
94.500	+8.096e+03	+3.328e+03	+9.687e+03	+0.291
94.600	+7.348e+03	+3.207e+03	+9.519e+03	+0.304
94.700	+7.246e+03	+3.282e+03	+1.000e+04	+0.312
94.800	+7.932e+03	+3.438e+03	+9.524e+03	+0.302
94.900	+6.612e+03	+2.142e+03	+1.021e+04	+0.245
95.000	+7.630e+03	+3.297e+03	+9.106e+03	+0.302
95.100	+8.652e+03	+2.276e+03	+9.354e+03	+0.208
95.200	+7.289e+03	+1.871e+03	+9.840e+03	+0.204
95.300	+6.896e+03	+2.148e+03	+1.052e+04	+0.238
95.400	+8.243e+03	+1.403e+03	+1.088e+04	+0.145
95.500	+7.900e+03	+2.200e+03	+9.864e+03	+0.218
95.600	+5.841e+03	+2.672e+03	+1.031e+04	+0.314
95.700	+7.093e+03	+1.589e+03	+1.064e+04	+0.183
95.800	+7.503e+03	+2.648e+03	+9.945e+03	+0.261
95.900	+7.709e+03	+2.653e+03	+9.970e+03	+0.256
96.000	+7.456e+03	+1.339e+03	+1.078e+04	+0.152
96.100	+6.828e+03	+2.701e+03	+9.998e+03	+0.283
96.200	+7.187e+03	+3.224e+03	+1.028e+04	+0.310
96.300	+7.600e+03	+2.271e+03	+9.385e+03	+0.230
96.400	+8.056e+03	+2.084e+03	+9.437e+03	+0.205
96.500	+8.453e+03	+1.860e+03	+8.779e+03	+0.180
96.600	+6.613e+03	+1.485e+03	+1.039e+04	+0.183
96.700	+7.031e+03	+2.467e+03	+1.030e+04	+0.260
96.800	+7.508e+03	+2.964e+03	+1.042e+04	+0.283
96.900	+8.231e+03	+2.810e+03	+1.058e+04	+0.255
97.000	+7.081e+03	+2.464e+03	+1.154e+04	+0.258
97.100	+8.046e+03	+2.441e+03	+1.165e+04	+0.233
97.200	+7.530e+03	+3.310e+03	+1.033e+04	+0.305
97.300	+6.592e+03	+2.353e+03	+9.635e+03	+0.263
97.400	+6.635e+03	+2.665e+03	+9.601e+03	+0.287
97.500	+7.097e+03	+2.890e+03	+9.816e+03	+0.289
97.600	+6.838e+03	+8.707e+02	+1.069e+04	+0.113
97.700	+8.024e+03	+2.117e+03	+1.064e+04	+0.209
97.800	+7.971e+03	+3.234e+03	+9.806e+03	+0.289
97.900	+7.769e+03	+3.316e+03	+1.100e+04	+0.299
98.000	+5.129e+03	+5.152e+03	+1.043e+04	+0.501
98.100	+3.840e+03	+4.813e+03	+1.063e+04	+0.556
98.200	+5.155e+03	+4.946e+03	+1.053e+04	+0.490
98.300	+4.232e+03	+5.831e+03	+1.070e+04	+0.579
98.400	+5.186e+03	+5.065e+03	+1.236e+04	+0.494
98.500	+7.032e+03	+5.864e+03	+1.044e+04	+0.455
98.600	+5.042e+03	+3.874e+03	+1.066e+04	+0.435
98.700	+5.470e+03	+5.388e+03	+9.323e+03	+0.496
98.800	+5.995e+03	+3.942e+03	+1.019e+04	+0.397
98.900	+3.726e+03	+5.983e+03	+9.731e+03	+0.616
99.000	+4.750e+03	+4.605e+03	+9.741e+03	+0.492
99.100	+5.655e+03	+5.309e+03	+1.073e+04	+0.484
99.200	+4.560e+03	+6.593e+03	+9.558e+03	+0.591
99.300	+5.055e+03	+4.379e+03	+9.174e+03	+0.464
99.400	+6.110e+03	+5.827e+03	+1.057e+04	+0.488
99.500	+3.505e+03	+4.565e+03	+9.529e+03	+0.566
99.600	+5.533e+03	+4.364e+03	+1.076e+04	+0.441
99.700	+5.494e+03	+4.430e+03	+9.339e+03	+0.446
99.800	+4.091e+03	+3.120e+03	+9.134e+03	+0.433
99.900	+5.297e+03	+5.455e+03	+9.218e+03	+0.507
100.000	+5.572e+03	+5.076e+03	+9.767e+03	+0.477
100.100	+7.847e+03	+2.794e+03	+1.080e+04	+0.263
100.200	+7.468e+03	+3.011e+03	+1.017e+04	+0.287
100.300	+7.168e+03	+1.834e+03	+9.329e+03	+0.204
100.400	+7.853e+03	+2.904e+03	+1.021e+04	+0.270
100.500	+8.144e+03	+2.656e+03	+1.011e+04	+0.246
100.600	+7.867e+03	+1.871e+03	+9.884e+03	+0.192
100.700	+6.508e+03	+2.714e+03	+9.651e+03	+0.294
100.800	+6.839e+03	+2.662e+03	+1.015e+04	+0.280
100.900	+6.972e+03	+2.984e+03	+1.025e+04	+0.300
101.000	+7.296e+03	+1.842e+03	+9.396e+03	+0.202
101.100	+9.344e+03	+2.920e+03	+9.194e+03	+0.238
101.200	+6.965e+03	+2.459e+03	+1.022e+04	+0.261
101.300	+8.788e+03	+3.459e+03	+9.916e+03	+0.282
101.400	+6.660e+03	+3.108e+03	+9.437e+03	+0.318
101.500	+7.387e+03	+1.702e+03	+9.602e+03	+0.187
101.600	+7.561e+03	+2.917e+03	+9.640e+03	+0.278
101.700	+8.765e+03	+1.654e+03	+9.763e+03	+0.159
101.800	+7.526e+03	+1.819e+03	+1.084e+04	+0.195
101.900	+7.888e+03	+2.018e+03	+9.267e+03	+0.204
102.000	+8.710e+03	+3.128e+03	+9.658e+03	+0.264
102.100	+8.314e+03	+3.144e+03	+1.116e+04	+0.274
102.200	+7.585e+03	+2.050e+03	+9.618e+03	+0.213
102.300	+7.164e+03	+2.109e+03	+1.009e+04	+0.227
102.400	+7.247e+03	+2.323e+03	+9.268e+03	+0.243
102.500	+7.978e+03	+2.349e+03	+8.969e+03	+0.227
102.600	+8.479e+03	+3.368e+03	+9.831e+03	+0.284
102.700	+7.391e+03	+2.790e+03	+1.015e+04	+0.274
102.800	+7.960e+03	+3.242e+03	+1.093e+04	+0.289
102.900	+7.370e+03	+3.005e+03	+8.543e+03	+0.290
103.000	+7.374e+03	+2.501e+03	+1.008e+04	+0.253
103.100	+8.358e+03	+1.664e+03	+9.897e+03	+0.166
103.200	+6.014e+03	+3.167e+03	+1.078e+04	+0.345
103.300	+6.491e+03	+1.956e+03	+9.746e+03	+0.232
103.400	+7.181e+03	+1.958e+03	+9.741e+03	+0.214
103.500	+8.041e+03	+2.420e+03	+9.061e+03	+0.231
103.600	+7.583e+03	+1.613e+03	+9.996e+03	+0.175
103.700	+7.437e+03	+1.905e+03	+9.512e+03	+0.204
103.800	+7.631e+03	+3.107e+03	+9.760e+03	+0.289
103.900	+8.173e+03	+2.393e+03	+9.852e+03	+0.227
104.000	+7.164e+03	+2.124e+03	+1.064e+04	+0.229
104.100	+7.895e+03	+2.447e+03	+9.186e+03	+0.237
104.200	+8.086e+03	+2.214e+03	+1.033e+04	+0.215
104.300	+6.748e+03	+1.941e+03	+1.024e+04	+0.223
104.400	+7.409e+03	+3.138e+03	+1.047e+04	+0.298
104.500	+6.690e+03	+2.256e+03	+1.065e+04	+0.252
104.600	+7.875e+03	+3.085e+03	+9.330e+03	+0.281
104.700	+7.345e+03	+2.012e+03	+9.993e+03	+0.215
104.800	+5.400e+03	+3.061e+03	+9.386e+03	+0.362
104.900	+8.153e+03	+2.276e+03	+1.013e+04	+0.218
105.000	+8.323e+03	+3.362e+03	+1.012e+04	+0.288
105.100	+7.421e+03	+2.491e+03	+9.589e+03	+0.251
105.200	+6.097e+03	+2.847e+03	+1.067e+04	+0.318
105.300	+7.938e+03	+4.163e+03	+9.828e+03	+0.344
105.400	+7.514e+03	+2.390e+03	+9.253e+03	+0.241
105.500	+8.800e+03	+2.592e+03	+1.010e+04	+0.228
105.600	+6.274e+03	+2.563e+03	+1.098e+04	+0.290
105.700	+6.914e+03	+1.444e+03	+9.487e+03	+0.173
105.800	+6.906e+03	+3.290e+03	+1.040e+04	+0.323
105.900	+7.395e+03	+1.702e+03	+1.063e+04	+0.187
106.000	+7.438e+03	+3.246e+03	+1.019e+04	+0.304
106.100	+6.840e+03	+2.062e+03	+9.198e+03	+0.232
106.200	+6.743e+03	+2.811e+03	+9.537e+03	+0.294
106.300	+7.436e+03	+2.074e+03	+9.766e+03	+0.218
106.400	+7.980e+03	+1.220e+03	+9.793e+03	+0.133
106.500	+7.341e+03	+2.643e+03	+9.291e+03	+0.265
106.600	+8.277e+03	+2.439e+03	+1.116e+04	+0.228
106.700	+7.804e+03	+1.957e+03	+9.037e+03	+0.201
106.800	+7.625e+03	+2.014e+03	+9.457e+03	+0.209
106.900	+6.652e+03	+2.241e+03	+1.008e+04	+0.252
107.000	+7.012e+03	+3.058e+03	+9.712e+03	+0.304
107.100	+7.680e+03	+3.580e+03	+9.754e+03	+0.318
107.200	+7.788e+03	+3.334e+03	+9.847e+03	+0.300
107.300	+6.866e+03	+3.474e+03	+9.725e+03	+0.336
107.400	+7.590e+03	+1.611e+03	+1.120e+04	+0.175
107.500	+8.115e+03	+3.671e+03	+9.109e+03	+0.311
107.600	+7.525e+03	+2.589e+03	+9.325e+03	+0.256
107.700	+7.706e+03	+2.227e+03	+9.401e+03	+0.224
107.800	+7.516e+03	+2.371e+03	+9.708e+03	+0.240
107.900	+8.386e+03	+2.008e+03	+8.946e+03	+0.193
108.000	+7.528e+03	+2.490e+03	+9.989e+03	+0.249
108.100	+7.419e+03	+3.502e+03	+9.585e+03	+0.321
108.200	+6.831e+03	+2.748e+03	+1.171e+04	+0.287
108.300	+8.394e+03	+1.088e+03	+9.848e+03	+0.115
108.400	+7.735e+03	+2.558e+03	+9.933e+03	+0.249
108.500	+6.540e+03	+1.102e+03	+1.092e+04	+0.144
108.600	+8.573e+03	+2.502e+03	+9.981e+03	+0.226
108.700	+6.790e+03	+2.794e+03	+1.023e+04	+0.292
108.800	+8.780e+03	+4.073e+03	+9.626e+03	+0.317
108.900	+7.019e+03	+1.707e+03	+9.117e+03	+0.196
109.000	+8.086e+03	+2.348e+03	+9.926e+03	+0.225
109.100	+9.505e+03	+3.690e+03	+1.000e+04	+0.280
109.200	+7.168e+03	+2.795e+03	+9.679e+03	+0.281
109.300	+8.374e+03	+2.677e+03	+1.097e+04	+0.242
109.400	+7.682e+03	+2.809e+03	+8.611e+03	+0.268
109.500	+8.370e+03	+3.117e+03	+1.093e+04	+0.271
109.600	+6.315e+03	+2.153e+03	+1.130e+04	+0.254
109.700	+7.486e+03	+2.381e+03	+9.948e+03	+0.241
109.800	+7.788e+03	+2.550e+03	+8.141e+03	+0.247
109.900	+6.687e+03	+3.843e+03	+8.687e+03	+0.365
110.000	+7.409e+03	+1.435e+03	+1.024e+04	+0.162
110.100	+7.629e+03	+2.919e+03	+1.064e+04	+0.277
110.200	+6.857e+03	+3.035e+03	+1.027e+04	+0.307
110.300	+6.903e+03	+2.411e+03	+1.045e+04	+0.259
110.400	+7.183e+03	+2.065e+03	+8.851e+03	+0.223
110.500	+7.389e+03	+2.248e+03	+1.040e+04	+0.233
110.600	+6.545e+03	+1.328e+03	+8.369e+03	+0.169
110.700	+7.388e+03	+2.314e+03	+1.031e+04	+0.238
110.800	+6.111e+03	+2.488e+03	+8.915e+03	+0.289
110.900	+8.599e+03	+2.631e+03	+9.618e+03	+0.234
111.000	+6.625e+03	+2.289e+03	+1.003e+04	+0.257
111.100	+5.813e+03	+3.383e+03	+1.021e+04	+0.368
111.200	+7.851e+03	+4.047e+03	+1.065e+04	+0.340
111.300	+8.725e+03	+2.219e+03	+1.028e+04	+0.203
111.400	+7.515e+03	+2.395e+03	+1.090e+04	+0.242
111.500	+6.846e+03	+3.328e+03	+1.033e+04	+0.327
111.600	+5.638e+03	+1.597e+03	+1.148e+04	+0.221
111.700	+7.766e+03	+1.831e+03	+1.064e+04	+0.191
111.800	+8.848e+03	+4.101e+03	+9.207e+03	+0.317
111.900	+8.022e+03	+1.105e+03	+9.361e+03	+0.121
112.000	+7.695e+03	+2.084e+03	+9.834e+03	+0.213
112.100	+7.681e+03	+2.905e+03	+9.255e+03	+0.274
112.200	+8.163e+03	+3.168e+03	+1.072e+04	+0.280
112.300	+6.936e+03	+1.887e+03	+1.106e+04	+0.214
112.400	+6.601e+03	+2.838e+03	+9.849e+03	+0.301
112.500	+7.848e+03	+2.114e+03	+9.617e+03	+0.212
112.600	+8.103e+03	+1.642e+03	+1.090e+04	+0.169
112.700	+7.417e+03	+3.293e+03	+9.780e+03	+0.307
112.800	+7.559e+03	+1.768e+03	+9.675e+03	+0.190
112.900	+6.860e+03	+2.168e+03	+9.745e+03	+0.240
113.000	+7.562e+03	+2.651e+03	+9.707e+03	+0.260
113.100	+6.937e+03	+2.316e+03	+9.355e+03	+0.250
113.200	+7.201e+03	+2.771e+03	+1.102e+04	+0.278
113.300	+7.333e+03	+2.065e+03	+1.014e+04	+0.220
113.400	+7.668e+03	+2.640e+03	+1.038e+04	+0.256
113.500	+3.871e+03	+4.487e+03	+9.671e+03	+0.537
113.600	+4.618e+03	+4.607e+03	+1.114e+04	+0.499
113.700	+5.742e+03	+5.169e+03	+9.629e+03	+0.474
113.800	+5.268e+03	+3.858e+03	+9.594e+03	+0.423
113.900	+4.971e+03	+4.920e+03	+9.812e+03	+0.497
114.000	+4.021e+03	+4.886e+03	+9.263e+03	+0.549
114.100	+4.539e+03	+5.345e+03	+1.063e+04	+0.541
114.200	+4.759e+03	+4.849e+03	+1.034e+04	+0.505
114.300	+4.875e+03	+5.202e+03	+1.115e+04	+0.516
114.400	+5.168e+03	+6.223e+03	+1.041e+04	+0.546
114.500	+4.399e+03	+4.678e+03	+1.016e+04	+0.515
114.600	+5.410e+03	+4.936e+03	+9.938e+03	+0.477
114.700	+4.367e+03	+5.529e+03	+1.036e+04	+0.559
114.800	+5.623e+03	+5.522e+03	+9.740e+03	+0.495
114.900	+5.324e+03	+5.590e+03	+9.814e+03	+0.512
115.000	+5.644e+03	+6.161e+03	+1.089e+04	+0.522
115.100	+5.062e+03	+4.714e+03	+9.857e+03	+0.482
115.200	+4.188e+03	+4.512e+03	+1.024e+04	+0.519
115.300	+4.640e+03	+5.528e+03	+9.266e+03	+0.544
115.400	+5.122e+03	+4.987e+03	+9.729e+03	+0.493
115.500	+5.086e+03	+5.000e+03	+1.015e+04	+0.496
115.600	+3.922e+03	+5.298e+03	+1.023e+04	+0.575
115.700	+5.007e+03	+4.487e+03	+1.090e+04	+0.473
115.800	+6.272e+03	+5.558e+03	+1.098e+04	+0.470
115.900	+4.571e+03	+6.218e+03	+1.052e+04	+0.576
116.000	+5.216e+03	+5.276e+03	+1.060e+04	+0.503
116.100	+5.461e+03	+4.344e+03	+1.020e+04	+0.443
116.200	+4.887e+03	+4.160e+03	+1.055e+04	+0.460
116.300	+4.753e+03	+5.280e+03	+1.062e+04	+0.526
116.400	+5.095e+03	+4.288e+03	+9.517e+03	+0.457
116.500	+5.794e+03	+4.805e+03	+9.694e+03	+0.453
116.600	+4.955e+03	+5.024e+03	+1.072e+04	+0.503
116.700	+5.134e+03	+7.057e+03	+1.024e+04	+0.579
116.800	+5.125e+03	+4.415e+03	+1.012e+04	+0.463
116.900	+8.419e+03	+3.305e+03	+9.899e+03	+0.282
117.000	+7.007e+03	+2.632e+03	+1.000e+04	+0.273
117.100	+8.665e+03	+1.665e+03	+1.034e+04	+0.161
117.200	+8.188e+03	+2.439e+03	+1.010e+04	+0.229
117.300	+8.073e+03	+1.688e+03	+1.123e+04	+0.173
117.400	+6.921e+03	+3.270e+03	+1.076e+04	+0.321
117.500	+6.254e+03	+2.136e+03	+9.467e+03	+0.255
117.600	+8.008e+03	+3.407e+03	+1.108e+04	+0.298
117.700	+7.976e+03	+1.956e+03	+9.971e+03	+0.197
117.800	+7.027e+03	+2.497e+03	+9.294e+03	+0.262
117.900	+7.087e+03	+2.914e+03	+1.011e+04	+0.291
118.000	+7.631e+03	+1.844e+03	+1.046e+04	+0.195
118.100	+7.132e+03	+9.372e+02	+1.140e+04	+0.116
118.200	+7.668e+03	+2.631e+03	+1.110e+04	+0.255
118.300	+9.064e+03	+3.414e+03	+9.622e+03	+0.274
118.400	+8.052e+03	+2.495e+03	+1.007e+04	+0.237
118.500	+7.263e+03	+3.189e+03	+9.320e+03	+0.305
118.600	+8.886e+03	+3.143e+03	+1.031e+04	+0.261
118.700	+6.833e+03	+3.813e+03	+9.364e+03	+0.358
118.800	+7.274e+03	+1.798e+03	+9.330e+03	+0.198
118.900	+7.557e+03	+2.277e+03	+8.500e+03	+0.232
119.000	+7.015e+03	+1.913e+03	+1.027e+04	+0.214
119.100	+7.948e+03	+3.351e+03	+8.609e+03	+0.297
119.200	+6.949e+03	+2.322e+03	+9.994e+03	+0.250
119.300	+6.607e+03	+3.131e+03	+1.135e+04	+0.322
119.400	+7.078e+03	+2.105e+03	+9.586e+03	+0.229
119.500	+6.568e+03	+2.527e+03	+9.191e+03	+0.278
119.600	+7.851e+03	+2.594e+03	+1.052e+04	+0.248
119.700	+8.379e+03	+1.856e+03	+9.931e+03	+0.181
119.800	+6.139e+03	+2.185e+03	+9.640e+03	+0.262
119.900	+7.157e+03	+2.832e+03	+9.597e+03	+0.283
120.000	+6.463e+03	+2.741e+03	+9.877e+03	+0.298
120.100	+7.795e+03	+2.542e+03	+8.867e+03	+0.246
120.200	+7.926e+03	+2.623e+03	+8.529e+03	+0.249
120.300	+7.314e+03	+2.741e+03	+1.022e+04	+0.273
120.400	+7.691e+03	+2.689e+03	+9.656e+03	+0.259
120.500	+7.433e+03	+1.645e+03	+9.472e+03	+0.181
120.600	+6.924e+03	+2.179e+03	+1.041e+04	+0.239
120.700	+6.631e+03	+3.032e+03	+9.437e+03	+0.314
120.800	+7.962e+03	+1.964e+03	+1.038e+04	+0.198
120.900	+7.438e+03	+3.129e+03	+1.069e+04	+0.296
121.000	+7.226e+03	+2.955e+03	+1.043e+04	+0.290
121.100	+7.666e+03	+2.066e+03	+1.020e+04	+0.212
121.200	+8.046e+03	+2.691e+03	+9.434e+03	+0.251
121.300	+8.371e+03	+1.011e+03	+9.587e+03	+0.108
121.400	+7.230e+03	+2.277e+03	+1.007e+04	+0.240
121.500	+7.241e+03	+2.806e+03	+1.159e+04	+0.279
121.600	+7.937e+03	+3.147e+03	+9.352e+03	+0.284
121.700	+6.659e+03	+2.088e+03	+8.506e+03	+0.239
121.800	+7.319e+03	+2.683e+03	+9.977e+03	+0.268
121.900	+6.856e+03	+2.593e+03	+8.945e+03	+0.274
122.000	+8.483e+03	+3.116e+03	+1.032e+04	+0.269
122.100	+7.897e+03	+2.621e+03	+1.062e+04	+0.249
122.200	+8.621e+03	+2.634e+03	+1.024e+04	+0.234
122.300	+8.053e+03	+2.908e+03	+1.019e+04	+0.265
122.400	+7.543e+03	+1.933e+03	+9.459e+03	+0.204
122.500	+7.989e+03	+3.063e+03	+1.129e+04	+0.277
122.600	+7.893e+03	+2.333e+03	+9.280e+03	+0.228
122.700	+7.843e+03	+3.628e+03	+1.123e+04	+0.316
122.800	+6.771e+03	+2.904e+03	+1.081e+04	+0.300
122.900	+7.241e+03	+2.472e+03	+9.839e+03	+0.255
123.000	+6.723e+03	+3.503e+03	+1.012e+04	+0.343
123.100	+7.044e+03	+2.456e+03	+9.473e+03	+0.259
123.200	+7.392e+03	+1.480e+03	+1.014e+04	+0.167
123.300	+8.732e+03	+2.690e+03	+1.009e+04	+0.236
123.400	+7.870e+03	+2.757e+03	+1.028e+04	+0.259
123.500	+8.530e+03	+2.902e+03	+1.045e+04	+0.254
123.600	+6.384e+03	+1.460e+03	+1.051e+04	+0.186
123.700	+7.287e+03	+3.340e+03	+9.959e+03	+0.314
123.800	+7.503e+03	+1.298e+03	+1.026e+04	+0.148
123.900	+8.544e+03	+3.010e+03	+1.070e+04	+0.261
124.000	+8.086e+03	+2.275e+03	+1.006e+04	+0.220
124.100	+7.324e+03	+2.912e+03	+9.482e+03	+0.285
124.200	+6.390e+03	+3.132e+03	+1.059e+04	+0.329
124.300	+5.291e+03	+5.569e+03	+1.063e+04	+0.513
124.400	+3.599e+03	+4.883e+03	+1.105e+04	+0.576
124.500	+4.640e+03	+5.489e+03	+1.070e+04	+0.542
124.600	+4.515e+03	+4.466e+03	+1.100e+04	+0.497
124.700	+4.992e+03	+4.922e+03	+1.068e+04	+0.496
124.800	+5.277e+03	+6.466e+03	+9.560e+03	+0.551
124.900	+3.381e+03	+5.475e+03	+1.016e+04	+0.618
125.000	+5.464e+03	+4.616e+03	+9.097e+03	+0.458
125.100	+5.071e+03	+4.947e+03	+9.014e+03	+0.494
125.200	+3.732e+03	+4.552e+03	+9.588e+03	+0.550
125.300	+4.454e+03	+5.170e+03	+9.392e+03	+0.537
125.400	+5.049e+03	+5.061e+03	+1.031e+04	+0.501
125.500	+6.286e+03	+5.117e+03	+1.058e+04	+0.449
125.600	+4.781e+03	+5.388e+03	+1.066e+04	+0.530
125.700	+4.834e+03	+3.966e+03	+1.005e+04	+0.451
125.800	+5.602e+03	+3.562e+03	+9.423e+03	+0.389
125.900	+5.844e+03	+5.255e+03	+9.344e+03	+0.473
126.000	+4.526e+03	+4.955e+03	+1.084e+04	+0.523
126.100	+4.861e+03	+4.585e+03	+1.004e+04	+0.485
126.200	+4.502e+03	+5.206e+03	+8.689e+03	+0.536
126.300	+6.098e+03	+3.984e+03	+8.689e+03	+0.395
126.400	+4.800e+03	+5.116e+03	+1.060e+04	+0.516
126.500	+5.239e+03	+4.595e+03	+1.068e+04	+0.467
126.600	+3.922e+03	+4.812e+03	+1.144e+04	+0.551
126.700	+3.900e+03	+4.945e+03	+1.049e+04	+0.559
126.800	+4.971e+03	+5.198e+03	+1.068e+04	+0.511
126.900	+4.521e+03	+5.290e+03	+1.006e+04	+0.539
127.000	+5.375e+03	+4.083e+03	+9.270e+03	+0.432
127.100	+6.177e+03	+4.805e+03	+9.675e+03	+0.438
127.200	+4.784e+03	+5.064e+03	+1.079e+04	+0.514
127.300	+4.677e+03	+4.827e+03	+9.520e+03	+0.508
127.400	+3.316e+03	+5.258e+03	+9.669e+03	+0.613
127.500	+5.140e+03	+5.203e+03	+1.037e+04	+0.503
127.600	+7.241e+03	+2.148e+03	+9.840e+03	+0.229
127.700	+7.847e+03	+3.109e+03	+1.055e+04	+0.284
127.800	+6.839e+03	+1.950e+03	+1.073e+04	+0.222
127.900	+7.251e+03	+2.353e+03	+9.654e+03	+0.245
128.000	+6.432e+03	+2.687e+03	+9.200e+03	+0.295
128.100	+8.415e+03	+2.349e+03	+1.058e+04	+0.218
128.200	+7.697e+03	+9.690e+02	+9.812e+03	+0.112
128.300	+8.630e+03	+2.196e+03	+9.534e+03	+0.203
128.400	+6.882e+03	+2.616e+03	+9.786e+03	+0.275
128.500	+6.957e+03	+2.837e+03	+1.050e+04	+0.290
128.600	+8.434e+03	+1.242e+03	+9.369e+03	+0.128
128.700	+7.507e+03	+3.088e+03	+9.005e+03	+0.291
128.800	+7.392e+03	+2.527e+03	+9.453e+03	+0.255
128.900	+7.236e+03	+2.602e+03	+9.600e+03	+0.265
129.000	+7.347e+03	+1.920e+03	+8.881e+03	+0.207
129.100	+7.929e+03	+1.872e+03	+9.871e+03	+0.191
129.200	+7.379e+03	+2.648e+03	+1.035e+04	+0.264
129.300	+7.945e+03	+3.199e+03	+9.344e+03	+0.287
129.400	+6.077e+03	+2.941e+03	+1.029e+04	+0.326
129.500	+7.028e+03	+3.970e+03	+9.209e+03	+0.361
129.600	+7.333e+03	+2.481e+03	+1.008e+04	+0.253
129.700	+6.949e+03	+2.789e+03	+8.608e+03	+0.286
129.800	+6.724e+03	+2.701e+03	+9.677e+03	+0.287
129.900	+8.098e+03	+2.719e+03	+1.060e+04	+0.251
130.000	+7.802e+03	+3.361e+03	+1.018e+04	+0.301
130.100	+8.194e+03	+2.130e+03	+9.558e+03	+0.206
130.200	+8.409e+03	+1.292e+03	+1.034e+04	+0.133
130.300	+7.268e+03	+3.087e+03	+9.378e+03	+0.298
130.400	+8.670e+03	+2.376e+03	+9.215e+03	+0.215
130.500	+7.546e+03	+1.866e+03	+1.049e+04	+0.198
130.600	+7.008e+03	+3.055e+03	+9.070e+03	+0.304
130.700	+7.265e+03	+2.570e+03	+1.029e+04	+0.261
130.800	+6.912e+03	+1.366e+03	+9.946e+03	+0.165
130.900	+6.692e+03	+2.544e+03	+8.834e+03	+0.275
131.000	+6.941e+03	+2.083e+03	+1.068e+04	+0.231
131.100	+7.391e+03	+2.502e+03	+1.049e+04	+0.253
131.200	+7.738e+03	+2.706e+03	+1.074e+04	+0.259
131.300	+8.022e+03	+3.984e+03	+9.571e+03	+0.332
131.400	+7.696e+03	+2.999e+03	+9.303e+03	+0.280
131.500	+7.758e+03	+2.249e+03	+1.014e+04	+0.225
131.600	+8.165e+03	+1.672e+03	+9.609e+03	+0.170
131.700	+6.667e+03	+2.392e+03	+1.096e+04	+0.264
131.800	+8.256e+03	+3.055e+03	+1.023e+04	+0.270
131.900	+7.892e+03	+2.601e+03	+9.463e+03	+0.248
132.000	+8.774e+03	+1.742e+03	+9.861e+03	+0.166
132.100	+7.897e+03	+2.420e+03	+1.024e+04	+0.235
132.200	+7.151e+03	+3.084e+03	+9.635e+03	+0.301
132.300	+9.374e+03	+1.005e+03	+1.044e+04	+0.097
132.400	+8.241e+03	+1.958e+03	+1.042e+04	+0.192
132.500	+8.537e+03	+1.333e+03	+1.101e+04	+0.135
132.600	+7.111e+03	+2.874e+03	+1.030e+04	+0.288
132.700	+7.582e+03	+2.487e+03	+9.267e+03	+0.247
132.800	+7.187e+03	+2.959e+03	+9.614e+03	+0.292
132.900	+8.302e+03	+2.782e+03	+1.050e+04	+0.251
133.000	+7.473e+03	+3.164e+03	+1.012e+04	+0.297
133.100	+9.411e+03	+2.998e+03	+8.669e+03	+0.242
133.200	+6.942e+03	+2.792e+03	+1.021e+04	+0.287
133.300	+7.156e+03	+2.448e+03	+9.951e+03	+0.255
133.400	+7.436e+03	+2.470e+03	+1.140e+04	+0.249
133.500	+7.445e+03	+2.428e+03	+9.804e+03	+0.246
133.600	+7.705e+03	+2.091e+03	+1.070e+04	+0.213
133.700	+7.168e+03	+2.888e+03	+1.044e+04	+0.287
133.800	+7.697e+03	+2.607e+03	+1.037e+04	+0.253
133.900	+7.780e+03	+8.436e+02	+1.059e+04	+0.098
134.000	+8.468e+03	+2.326e+03	+1.053e+04	+0.215
134.100	+7.296e+03	+3.333e+03	+9.762e+03	+0.314
134.200	+6.807e+03	+2.300e+03	+9.444e+03	+0.253
134.300	+8.783e+03	+2.258e+03	+1.007e+04	+0.205
134.400	+7.005e+03	+1.040e+03	+9.834e+03	+0.129
134.500	+7.229e+03	+1.288e+03	+1.011e+04	+0.151
134.600	+7.722e+03	+3.348e+03	+1.041e+04	+0.302
134.700	+6.254e+03	+3.771e+03	+1.023e+04	+0.376
134.800	+6.608e+03	+1.181e+03	+1.040e+04	+0.152
134.900	+7.989e+03	+2.608e+03	+9.673e+03	+0.246
135.000	+7.487e+03	+2.263e+03	+1.097e+04	+0.232
135.100	+7.347e+03	+3.636e+03	+1.161e+04	+0.331
135.200	+7.736e+03	+2.811e+03	+9.062e+03	+0.267
135.300	+7.693e+03	+2.077e+03	+1.040e+04	+0.213
135.400	+7.599e+03	+3.864e+03	+1.079e+04	+0.337
135.500	+7.391e+03	+2.259e+03	+9.474e+03	+0.234
135.600	+6.654e+03	+1.268e+03	+1.035e+04	+0.160
135.700	+7.579e+03	+2.680e+03	+9.949e+03	+0.261
135.800	+8.895e+03	+3.592e+03	+1.086e+04	+0.288
135.900	+8.180e+03	+1.465e+03	+1.002e+04	+0.152
136.000	+7.285e+03	+1.817e+03	+9.059e+03	+0.200
136.100	+7.054e+03	+2.253e+03	+9.794e+03	+0.242
136.200	+7.223e+03	+1.859e+03	+1.082e+04	+0.205
136.300	+8.278e+03	+2.194e+03	+1.009e+04	+0.210
136.400	+5.415e+03	+4.521e+03	+1.035e+04	+0.455
136.500	+5.567e+03	+5.274e+03	+7.776e+03	+0.487
136.600	+6.516e+03	+4.601e+03	+9.348e+03	+0.414
136.700	+4.009e+03	+4.862e+03	+1.022e+04	+0.548
136.800	+4.444e+03	+4.117e+03	+8.733e+03	+0.481
136.900	+4.900e+03	+4.817e+03	+1.011e+04	+0.496
137.000	+5.512e+03	+5.045e+03	+1.033e+04	+0.478
137.100	+4.470e+03	+5.562e+03	+1.056e+04	+0.554
137.200	+5.580e+03	+4.717e+03	+1.110e+04	+0.458
137.300	+3.967e+03	+3.695e+03	+1.015e+04	+0.482
137.400	+5.098e+03	+3.854e+03	+9.499e+03	+0.431
137.500	+4.284e+03	+5.982e+03	+1.004e+04	+0.583
137.600	+6.096e+03	+4.850e+03	+1.103e+04	+0.443
137.700	+5.015e+03	+5.375e+03	+1.010e+04	+0.517
137.800	+4.269e+03	+5.191e+03	+1.072e+04	+0.549
137.900	+4.908e+03	+4.831e+03	+1.015e+04	+0.496
138.000	+5.275e+03	+4.345e+03	+9.616e+03	+0.452
138.100	+5.659e+03	+6.109e+03	+9.451e+03	+0.519
138.200	+4.577e+03	+5.738e+03	+8.752e+03	+0.556
138.300	+4.164e+03	+5.309e+03	+1.040e+04	+0.560
138.400	+5.220e+03	+3.626e+03	+9.995e+03	+0.410
138.500	+4.105e+03	+5.104e+03	+9.415e+03	+0.554
138.600	+4.530e+03	+4.870e+03	+1.010e+04	+0.518
138.700	+5.047e+03	+4.766e+03	+9.207e+03	+0.486
138.800	+4.231e+03	+5.787e+03	+1.039e+04	+0.578
138.900	+4.517e+03	+5.863e+03	+9.617e+03	+0.565
139.000	+3.725e+03	+5.776e+03	+1.167e+04	+0.608
139.100	+4.966e+03	+3.708e+03	+1.033e+04	+0.428
139.200	+7.944e+03	+4.176e+03	+9.908e+03	+0.345
139.300	+6.893e+03	+2.764e+03	+1.022e+04	+0.286
139.400	+7.751e+03	+3.372e+03	+9.972e+03	+0.303
139.500	+7.122e+03	+2.609e+03	+9.540e+03	+0.268
139.600	+7.120e+03	+2.459e+03	+9.600e+03	+0.257
139.700	+7.530e+03	+2.391e+03	+1.107e+04	+0.241
139.800	+7.940e+03	+2.788e+03	+1.113e+04	+0.260
139.900	+7.903e+03	+2.280e+03	+9.392e+03	+0.224
140.000	+7.898e+03	+1.967e+03	+9.330e+03	+0.199
140.100	+8.409e+03	+2.532e+03	+9.157e+03	+0.231
140.200	+6.527e+03	+2.099e+03	+9.419e+03	+0.243
140.300	+7.108e+03	+2.827e+03	+1.099e+04	+0.285
140.400	+8.174e+03	+3.809e+03	+9.316e+03	+0.318
140.500	+8.294e+03	+2.972e+03	+1.087e+04	+0.264
140.600	+7.328e+03	+1.728e+03	+1.039e+04	+0.191
140.700	+6.157e+03	+2.102e+03	+1.076e+04	+0.255
140.800	+7.330e+03	+3.434e+03	+9.396e+03	+0.319
140.900	+7.547e+03	+8.663e+02	+1.141e+04	+0.103
141.000	+7.198e+03	+2.434e+03	+1.139e+04	+0.253
141.100	+8.062e+03	+2.942e+03	+8.160e+03	+0.267
141.200	+7.108e+03	+1.107e+03	+1.071e+04	+0.135
141.300	+8.097e+03	+2.537e+03	+1.063e+04	+0.239
141.400	+8.434e+03	+1.638e+03	+9.808e+03	+0.163
141.500	+7.592e+03	+2.796e+03	+1.084e+04	+0.269
141.600	+6.738e+03	+2.729e+03	+9.779e+03	+0.288
141.700	+7.538e+03	+7.667e+02	+1.086e+04	+0.092
141.800	+7.515e+03	+2.548e+03	+9.915e+03	+0.253
141.900	+7.687e+03	+2.550e+03	+1.033e+04	+0.249
142.000	+7.051e+03	+3.104e+03	+9.961e+03	+0.306
142.100	+6.811e+03	+2.072e+03	+1.099e+04	+0.233
142.200	+7.819e+03	+2.072e+03	+9.977e+03	+0.209
142.300	+7.259e+03	+1.456e+03	+9.823e+03	+0.167
142.400	+7.352e+03	+2.962e+03	+1.134e+04	+0.287
142.500	+7.406e+03	+2.473e+03	+1.107e+04	+0.250
142.600	+7.897e+03	+2.522e+03	+1.003e+04	+0.242
142.700	+7.625e+03	+3.237e+03	+9.463e+03	+0.298
142.800	+6.751e+03	+2.624e+03	+1.022e+04	+0.280
142.900	+7.510e+03	+2.730e+03	+1.079e+04	+0.267
143.000	+8.094e+03	+4.069e+03	+1.014e+04	+0.335
143.100	+6.669e+03	+4.155e+03	+9.363e+03	+0.384
143.200	+8.187e+03	+3.204e+03	+1.054e+04	+0.281
143.300	+5.973e+03	+2.384e+03	+1.010e+04	+0.285
143.400	+7.507e+03	+2.315e+03	+9.576e+03	+0.236
143.500	+9.134e+03	+2.643e+03	+1.013e+04	+0.224
143.600	+7.401e+03	+1.951e+03	+9.413e+03	+0.209
143.700	+7.387e+03	+2.325e+03	+1.053e+04	+0.239
143.800	+7.960e+03	+2.774e+03	+1.149e+04	+0.258
143.900	+8.309e+03	+4.010e+03	+9.743e+03	+0.326
144.000	+7.619e+03	+2.474e+03	+1.161e+04	+0.245
144.100	+7.334e+03	+2.463e+03	+9.247e+03	+0.251
144.200	+5.967e+03	+2.684e+03	+1.147e+04	+0.310
144.300	+7.768e+03	+1.745e+03	+9.674e+03	+0.183
144.400	+7.037e+03	+2.492e+03	+9.989e+03	+0.262
144.500	+7.557e+03	+3.155e+03	+1.012e+04	+0.295
144.600	+9.056e+03	+2.013e+03	+1.066e+04	+0.182
144.700	+7.339e+03	+3.927e+03	+9.633e+03	+0.349
144.800	+6.672e+03	+2.839e+03	+1.034e+04	+0.298
144.900	+7.989e+03	+2.439e+03	+1.016e+04	+0.234
145.000	+7.058e+03	+3.235e+03	+9.661e+03	+0.314
145.100	+7.909e+03	+2.354e+03	+9.131e+03	+0.229
145.200	+7.582e+03	+2.126e+03	+9.536e+03	+0.219
145.300	+8.570e+03	+2.296e+03	+9.644e+03	+0.211
145.400	+5.560e+03	+1.435e+03	+8.722e+03	+0.205
145.500	+8.046e+03	+3.130e+03	+1.090e+04	+0.280
145.600	+7.550e+03	+1.985e+03	+1.041e+04	+0.208
145.700	+7.593e+03	+3.641e+03	+1.033e+04	+0.324
145.800	+8.114e+03	+1.951e+03	+1.045e+04	+0.194
145.900	+7.646e+03	+2.848e+03	+9.611e+03	+0.271
146.000	+7.195e+03	+2.786e+03	+9.836e+03	+0.279
146.100	+8.316e+03	+2.991e+03	+9.295e+03	+0.265
146.200	+7.087e+03	+2.865e+03	+9.728e+03	+0.288
146.300	+7.992e+03	+3.039e+03	+1.050e+04	+0.276
146.400	+8.767e+03	+2.071e+03	+1.003e+04	+0.191
146.500	+6.926e+03	+1.438e+03	+1.001e+04	+0.172
146.600	+8.115e+03	+1.199e+03	+1.012e+04	+0.129
146.700	+6.980e+03	+1.296e+03	+9.933e+03	+0.157
146.800	+6.540e+03	+2.010e+03	+1.111e+04	+0.235
146.900	+6.494e+03	+3.568e+03	+1.000e+04	+0.355
147.000	+7.058e+03	+2.081e+03	+1.068e+04	+0.228
147.100	+7.219e+03	+3.396e+03	+9.868e+03	+0.320
147.200	+6.753e+03	+2.627e+03	+8.758e+03	+0.280
147.300	+7.185e+03	+3.290e+03	+8.991e+03	+0.314
147.400	+7.016e+03	+3.344e+03	+9.109e+03	+0.323
147.500	+6.827e+03	+2.212e+03	+9.229e+03	+0.245
147.600	+7.585e+03	+2.215e+03	+9.552e+03	+0.226
147.700	+5.763e+03	+1.929e+03	+9.922e+03	+0.251
147.800	+6.607e+03	+3.714e+03	+1.051e+04	+0.360
147.900	+1.676e+03	+7.250e+03	+1.125e+04	+0.812
148.000	+1.723e+03	+7.049e+03	+1.018e+04	+0.804
148.100	+2.790e+03	+8.109e+03	+9.691e+03	+0.744
148.200	+2.054e+03	+7.487e+03	+1.038e+04	+0.785
148.300	+1.794e+03	+7.856e+03	+9.852e+03	+0.814
148.400	+1.161e+03	+8.838e+03	+1.056e+04	+0.884
148.500	+1.813e+03	+8.717e+03	+1.039e+04	+0.828
148.600	+1.775e+03	+8.652e+03	+8.769e+03	+0.830
148.700	+2.353e+03	+7.857e+03	+9.601e+03	+0.770
148.800	+2.043e+03	+8.826e+03	+1.007e+04	+0.812
148.900	+2.733e+03	+7.656e+03	+9.275e+03	+0.737
149.000	+2.588e+03	+7.334e+03	+1.077e+04	+0.739
149.100	+1.978e+03	+7.847e+03	+1.144e+04	+0.799
149.200	+1.107e+03	+7.810e+03	+9.818e+03	+0.876
149.300	+2.124e+03	+6.775e+03	+9.317e+03	+0.761
149.400	+3.133e+03	+8.068e+03	+1.029e+04	+0.720
149.500	+1.826e+03	+8.109e+03	+1.047e+04	+0.816
149.600	+5.375e+02	+7.113e+03	+1.001e+04	+0.930
149.700	+3.221e+03	+8.056e+03	+8.205e+03	+0.714
149.800	+1.707e+03	+8.345e+03	+9.041e+03	+0.830
149.900	+1.653e+03	+8.717e+03	+9.728e+03	+0.841
150.000	+1.798e+03	+7.393e+03	+9.929e+03	+0.804
150.100	+3.616e+02	+8.185e+03	+1.061e+04	+0.958
150.200	+2.480e+03	+9.102e+03	+8.843e+03	+0.786
150.300	+1.234e+03	+8.427e+03	+1.042e+04	+0.872
150.400	+2.470e+03	+8.969e+03	+9.719e+03	+0.784
150.500	+1.328e+03	+8.640e+03	+9.860e+03	+0.867
150.600	+2.763e+03	+8.014e+03	+8.980e+03	+0.744
150.700	+1.757e+03	+8.828e+03	+9.445e+03	+0.834
150.800	+8.374e+02	+7.717e+03	+9.066e+03	+0.902
150.900	+2.627e+03	+9.502e+03	+8.597e+03	+0.783
151.000	+2.007e+03	+8.764e+03	+9.270e+03	+0.814
151.100	+1.399e+03	+9.031e+03	+9.990e+03	+0.866
151.200	+2.674e+03	+7.331e+03	+1.156e+04	+0.733
151.300	+1.579e+03	+8.656e+03	+9.665e+03	+0.846
151.400	+1.328e+03	+7.635e+03	+9.542e+03	+0.852
151.500	+1.636e+03	+8.768e+03	+9.780e+03	+0.843
151.600	+1.697e+03	+9.119e+03	+1.033e+04	+0.843
151.700	+3.001e+03	+6.413e+03	+9.720e+03	+0.681
151.800	+2.612e+03	+7.822e+03	+9.560e+03	+0.750
151.900	+3.120e+03	+7.726e+03	+8.707e+03	+0.712
152.000	+2.449e+03	+7.903e+03	+1.146e+04	+0.763
152.100	+1.536e+03	+7.108e+03	+1.057e+04	+0.822
152.200	+2.689e+03	+8.631e+03	+1.049e+04	+0.762
152.300	+2.181e+03	+8.427e+03	+9.436e+03	+0.794
152.400	+2.891e+03	+7.740e+03	+1.103e+04	+0.728
152.500	+2.272e+03	+9.193e+03	+9.803e+03	+0.802
152.600	+1.581e+03	+7.989e+03	+8.442e+03	+0.835
152.700	+2.475e+03	+8.043e+03	+9.495e+03	+0.765
152.800	+2.185e+03	+9.300e+03	+9.381e+03	+0.810
152.900	+3.079e+03	+8.996e+03	+9.566e+03	+0.745
153.000	+4.491e+03	+5.762e+03	+9.839e+03	+0.562
153.100	+6.014e+03	+5.666e+03	+1.058e+04	+0.485
153.200	+5.581e+03	+5.729e+03	+9.914e+03	+0.507
153.300	+3.760e+03	+5.699e+03	+1.029e+04	+0.602
153.400	+4.252e+03	+4.195e+03	+1.055e+04	+0.497
153.500	+5.362e+03	+5.387e+03	+9.428e+03	+0.501
153.600	+5.301e+03	+5.761e+03	+9.739e+03	+0.521
153.700	+4.012e+03	+5.788e+03	+1.002e+04	+0.591
153.800	+6.489e+03	+5.284e+03	+1.003e+04	+0.449
153.900	+4.588e+03	+6.171e+03	+1.010e+04	+0.574
154.000	+5.675e+03	+4.177e+03	+9.524e+03	+0.424
154.100	+4.808e+03	+5.093e+03	+9.587e+03	+0.514
154.200	+4.889e+03	+5.434e+03	+9.889e+03	+0.526
154.300	+3.844e+03	+4.995e+03	+1.157e+04	+0.565
154.400	+5.382e+03	+4.503e+03	+9.465e+03	+0.456
154.500	+5.096e+03	+5.044e+03	+9.341e+03	+0.497
154.600	+4.264e+03	+4.844e+03	+1.028e+04	+0.532
154.700	+4.637e+03	+4.167e+03	+9.615e+03	+0.473
154.800	+5.573e+03	+4.412e+03	+1.012e+04	+0.442
154.900	+4.921e+03	+6.516e+03	+1.090e+04	+0.570
155.000	+6.579e+03	+5.921e+03	+1.096e+04	+0.474
155.100	+6.090e+03	+4.492e+03	+1.017e+04	+0.424
155.200	+4.955e+03	+5.571e+03	+9.516e+03	+0.529
155.300	+4.774e+03	+4.715e+03	+9.206e+03	+0.497
155.400	+5.222e+03	+3.924e+03	+8.825e+03	+0.429
155.500	+3.842e+03	+5.120e+03	+8.828e+03	+0.571
155.600	+5.327e+03	+6.009e+03	+1.067e+04	+0.530
155.700	+6.726e+03	+3.234e+03	+9.784e+03	+0.325
155.800	+7.232e+03	+1.300e+03	+9.651e+03	+0.152
155.900	+8.096e+03	+2.770e+03	+9.576e+03	+0.255
156.000	+7.206e+03	+2.038e+03	+1.004e+04	+0.220
156.100	+8.759e+03	+3.507e+03	+8.486e+03	+0.286
156.200	+6.404e+03	+1.679e+03	+9.403e+03	+0.208
156.300	+6.753e+03	+2.633e+03	+8.662e+03	+0.281
156.400	+8.200e+03	+2.846e+03	+1.000e+04	+0.258
156.500	+7.670e+03	+2.667e+03	+9.687e+03	+0.258
156.600	+7.519e+03	+1.204e+03	+9.452e+03	+0.138
156.700	+7.275e+03	+3.443e+03	+9.853e+03	+0.321
156.800	+7.750e+03	+2.319e+03	+9.557e+03	+0.230
156.900	+7.108e+03	+2.418e+03	+9.643e+03	+0.254
157.000	+6.385e+03	+2.322e+03	+8.815e+03	+0.267
157.100	+6.906e+03	+2.125e+03	+1.032e+04	+0.235
157.200	+6.897e+03	+3.712e+03	+9.534e+03	+0.350
157.300	+7.400e+03	+3.128e+03	+9.846e+03	+0.297
157.400	+7.378e+03	+1.136e+03	+9.238e+03	+0.133
157.500	+7.917e+03	+2.796e+03	+1.047e+04	+0.261
157.600	+7.426e+03	+1.085e+03	+1.019e+04	+0.128
157.700	+6.653e+03	+2.201e+03	+1.063e+04	+0.249
157.800	+8.364e+03	+2.517e+03	+9.763e+03	+0.231
157.900	+7.005e+03	+3.497e+03	+9.376e+03	+0.333
158.000	+7.620e+03	+2.590e+03	+1.094e+04	+0.254
158.100	+9.309e+03	+1.748e+03	+1.159e+04	+0.158
158.200	+6.477e+03	+3.724e+03	+1.044e+04	+0.365
158.300	+1.602e+03	+7.479e+03	+1.056e+04	+0.824
158.400	+3.228e+03	+7.889e+03	+9.840e+03	+0.710
158.500	+1.517e+03	+7.407e+03	+1.099e+04	+0.830
158.600	+1.319e+03	+7.391e+03	+9.724e+03	+0.849
158.700	+1.840e+03	+7.816e+03	+9.639e+03	+0.809
158.800	+1.831e+03	+8.343e+03	+1.023e+04	+0.820
158.900	+1.404e+03	+8.310e+03	+9.399e+03	+0.855
159.000	+1.504e+03	+7.548e+03	+9.539e+03	+0.834
159.100	+2.859e+03	+8.447e+03	+1.061e+04	+0.747
159.200	+5.866e+02	+8.224e+03	+1.022e+04	+0.933
159.300	+1.464e+03	+6.961e+03	+1.034e+04	+0.826
159.400	+1.961e+03	+8.503e+03	+9.587e+03	+0.813
159.500	+2.662e+02	+9.179e+03	+1.048e+04	+0.972
159.600	+1.391e+03	+8.949e+03	+1.084e+04	+0.865
159.700	+1.578e+03	+7.866e+03	+8.629e+03	+0.833
159.800	+1.333e+03	+7.940e+03	+9.530e+03	+0.856
159.900	+2.840e+03	+7.972e+03	+9.962e+03	+0.737
160.000	+1.379e+03	+8.046e+03	+1.051e+04	+0.854
160.100	+3.151e+03	+8.175e+03	+1.055e+04	+0.722
160.200	+1.771e+03	+8.202e+03	+1.064e+04	+0.822
160.300	+1.063e+03	+8.684e+03	+9.853e+03	+0.891
160.400	+1.198e+03	+7.120e+03	+9.296e+03	+0.856
160.500	+1.959e+03	+8.893e+03	+9.240e+03	+0.819
160.600	+1.817e+03	+9.119e+03	+9.438e+03	+0.834
160.700	+2.622e+03	+7.748e+03	+1.080e+04	+0.747
160.800	+1.500e+03	+7.714e+03	+1.133e+04	+0.837
160.900	+1.870e+03	+9.130e+03	+9.304e+03	+0.830
161.000	+1.353e+03	+8.638e+03	+9.621e+03	+0.865
161.100	+2.713e+03	+9.162e+03	+1.071e+04	+0.772
161.200	+2.869e+03	+7.998e+03	+9.150e+03	+0.736
161.300	+1.539e+03	+7.496e+03	+1.013e+04	+0.830
161.400	+1.335e+03	+6.656e+03	+9.653e+03	+0.833
161.500	+1.407e+03	+7.977e+03	+1.027e+04	+0.850
161.600	+2.456e+03	+8.069e+03	+9.311e+03	+0.767
161.700	+1.558e+03	+9.096e+03	+9.440e+03	+0.854
161.800	+2.392e+03	+6.720e+03	+9.145e+03	+0.737
161.900	+1.729e+03	+9.123e+03	+8.260e+03	+0.841
162.000	+1.683e+03	+8.086e+03	+1.064e+04	+0.828
162.100	+2.320e+03	+8.354e+03	+1.203e+04	+0.783
162.200	+2.596e+03	+7.758e+03	+1.002e+04	+0.749
162.300	+2.003e+03	+6.468e+03	+9.973e+03	+0.764
162.400	+1.705e+03	+6.981e+03	+9.810e+03	+0.804
162.500	+3.773e+03	+8.789e+03	+1.031e+04	+0.700
162.600	+2.640e+03	+7.520e+03	+9.764e+03	+0.740
162.700	+2.345e+03	+7.907e+03	+9.716e+03	+0.771
162.800	+1.461e+03	+8.582e+03	+9.878e+03	+0.855
162.900	+2.566e+03	+7.905e+03	+1.036e+04	+0.755
163.000	+2.111e+03	+7.501e+03	+1.041e+04	+0.780
163.100	+2.501e+03	+8.772e+03	+9.372e+03	+0.778
163.200	+1.489e+03	+7.537e+03	+1.074e+04	+0.835
163.300	+2.147e+03	+7.414e+03	+1.070e+04	+0.775
163.400	+2.279e+03	+7.480e+03	+9.321e+03	+0.766
163.500	+1.374e+03	+7.641e+03	+1.043e+04	+0.848
163.600	+9.105e+02	+7.618e+03	+9.496e+03	+0.893
163.700	+6.889e+02	+8.003e+03	+9.999e+03	+0.921
163.800	+3.211e+03	+7.894e+03	+1.027e+04	+0.711
163.900	+3.407e+03	+8.945e+03	+9.274e+03	+0.724
164.000	+2.574e+03	+8.402e+03	+1.099e+04	+0.766
164.100	+1.746e+03	+6.265e+03	+1.016e+04	+0.782
164.200	-7.803e+02	+8.482e+03	+9.944e+03	+1.101
164.300	+2.093e+03	+8.926e+03	+1.055e+04	+0.810
164.400	+1.857e+03	+7.875e+03	+9.204e+03	+0.809
164.500	+1.926e+03	+8.788e+03	+1.005e+04	+0.820
164.600	+1.821e+03	+9.487e+03	+1.054e+04	+0.839
164.700	+1.736e+03	+7.906e+03	+1.148e+04	+0.820
164.800	+3.123e+03	+7.851e+03	+9.931e+03	+0.715
164.900	+3.523e+03	+8.399e+03	+9.815e+03	+0.704
165.000	+3.020e+03	+8.267e+03	+1.097e+04	+0.732
165.100	+2.600e+03	+8.625e+03	+1.057e+04	+0.768
165.200	+1.153e+03	+7.312e+03	+1.102e+04	+0.864
165.300	+2.283e+03	+8.521e+03	+9.586e+03	+0.789
165.400	+2.562e+03	+7.232e+03	+1.056e+04	+0.738
165.500	+1.976e+03	+6.805e+03	+1.047e+04	+0.775
165.600	+3.204e+03	+8.406e+03	+9.501e+03	+0.724
165.700	+9.797e+02	+7.708e+03	+1.009e+04	+0.887
165.800	+2.281e+03	+7.721e+03	+9.122e+03	+0.772
165.900	+1.100e+03	+8.315e+03	+9.657e+03	+0.883
166.000	+3.018e+03	+7.148e+03	+1.096e+04	+0.703
166.100	+1.112e+03	+8.437e+03	+9.109e+03	+0.884
166.200	+1.862e+03	+8.391e+03	+1.013e+04	+0.818
166.300	+2.285e+03	+8.955e+03	+1.097e+04	+0.797
166.400	+2.028e+03	+8.808e+03	+1.030e+04	+0.813
166.500	+2.202e+03	+7.167e+03	+9.924e+03	+0.765
166.600	+1.793e+03	+8.085e+03	+9.622e+03	+0.818
166.700	+2.304e+03	+8.069e+03	+9.898e+03	+0.778
166.800	+2.548e+03	+7.555e+03	+9.665e+03	+0.748
166.900	+1.666e+03	+8.581e+03	+9.537e+03	+0.837
167.000	+1.480e+03	+8.117e+03	+1.107e+04	+0.846
167.100	+1.730e+03	+8.729e+03	+1.053e+04	+0.835
167.200	+2.286e+03	+8.189e+03	+1.003e+04	+0.782
167.300	+1.773e+03	+9.131e+03	+1.027e+04	+0.837
167.400	+2.845e+03	+8.581e+03	+9.515e+03	+0.751
167.500	+1.283e+03	+8.288e+03	+9.753e+03	+0.866
167.600	+2.264e+03	+9.029e+03	+1.078e+04	+0.800
167.700	+3.141e+03	+8.494e+03	+9.999e+03	+0.730
167.800	+1.469e+03	+7.879e+03	+9.820e+03	+0.843
167.900	+2.451e+03	+7.725e+03	+1.061e+04	+0.759
168.000	+2.084e+03	+8.260e+03	+9.705e+03	+0.799
168.100	+9.916e+02	+8.549e+03	+1.073e+04	+0.896
168.200	+2.060e+03	+8.310e+03	+9.997e+03	+0.801
168.300	+1.431e+03	+8.722e+03	+1.003e+04	+0.859
168.400	+2.267e+03	+7.915e+03	+9.931e+03	+0.777
168.500	+6.408e+02	+8.143e+03	+9.843e+03	+0.927
168.600	+2.306e+03	+8.327e+03	+1.072e+04	+0.783
168.700	+2.503e+03	+8.210e+03	+1.023e+04	+0.766
168.800	+1.370e+03	+7.493e+03	+9.913e+03	+0.845
168.900	+2.463e+03	+7.174e+03	+1.049e+04	+0.744
169.000	+2.442e+03	+8.052e+03	+9.194e+03	+0.767
169.100	+2.399e+03	+6.986e+03	+9.508e+03	+0.744
169.200	+2.574e+03	+8.057e+03	+1.089e+04	+0.758
169.300	+2.228e+03	+9.187e+03	+1.101e+04	+0.805
169.400	+2.045e+03	+9.704e+03	+1.047e+04	+0.826
169.500	+1.561e+03	+8.304e+03	+9.640e+03	+0.842
169.600	+1.500e+03	+9.088e+03	+1.001e+04	+0.858
169.700	+2.284e+03	+5.182e+03	+9.159e+03	+0.694
169.800	+2.271e+03	+6.899e+03	+1.017e+04	+0.752
169.900	+2.270e+03	+7.801e+03	+1.052e+04	+0.775
170.000	+1.879e+03	+8.545e+03	+9.726e+03	+0.820
170.100	+1.795e+03	+7.790e+03	+9.894e+03	+0.813
170.200	+2.361e+03	+8.756e+03	+8.411e+03	+0.788
170.300	+2.486e+03	+7.827e+03	+8.205e+03	+0.759
170.400	+1.523e+03	+8.268e+03	+9.659e+03	+0.844
170.500	+2.036e+03	+8.042e+03	+1.085e+04	+0.798
170.600	+1.660e+03	+7.508e+03	+8.769e+03	+0.819
170.700	+2.802e+03	+8.339e+03	+9.332e+03	+0.748
170.800	+1.117e+03	+8.720e+03	+9.857e+03	+0.886
170.900	-1.923e+02	+7.811e+03	+1.063e+04	+1.025
171.000	+3.189e+03	+7.442e+03	+9.936e+03	+0.700
171.100	+4.820e+03	+4.338e+03	+1.002e+04	+0.474
171.200	+4.051e+03	+5.982e+03	+1.002e+04	+0.596
171.300	+4.975e+03	+4.080e+03	+1.065e+04	+0.451
171.400	+4.374e+03	+4.069e+03	+1.005e+04	+0.482
171.500	+7.799e+03	+3.495e+03	+1.034e+04	+0.309
171.600	+8.278e+03	+2.995e+03	+1.113e+04	+0.266
171.700	+7.280e+03	+1.040e+03	+9.576e+03	+0.125
171.800	+6.508e+03	+2.827e+03	+1.014e+04	+0.303
171.900	+7.396e+03	+2.554e+03	+1.040e+04	+0.257
172.000	+4.632e+03	+3.790e+03	+9.878e+03	+0.450
172.100	+6.911e+02	+7.840e+03	+1.028e+04	+0.919
172.200	+2.338e+03	+8.355e+03	+9.844e+03	+0.781
172.300	+1.535e+03	+7.713e+03	+9.802e+03	+0.834
172.400	+1.368e+03	+7.473e+03	+9.140e+03	+0.845
172.500	+1.366e+03	+8.366e+03	+9.881e+03	+0.860
172.600	+3.063e+03	+9.107e+03	+1.036e+04	+0.748
172.700	+1.633e+03	+9.358e+03	+1.129e+04	+0.851
172.800	+2.073e+03	+8.166e+03	+8.270e+03	+0.798
172.900	+2.922e+03	+6.984e+03	+1.152e+04	+0.705
173.000	+1.364e+03	+8.492e+03	+9.356e+03	+0.862
173.100	+2.565e+03	+8.156e+03	+9.072e+03	+0.761
173.200	+2.167e+03	+7.208e+03	+9.015e+03	+0.769
173.300	+2.104e+03	+7.466e+03	+1.041e+04	+0.780
173.400	+2.071e+02	+6.835e+03	+1.083e+04	+0.971
173.500	+1.993e+03	+6.322e+03	+8.620e+03	+0.760
173.600	+1.931e+03	+8.355e+03	+9.122e+03	+0.812
173.700	+1.017e+03	+6.884e+03	+9.714e+03	+0.871
173.800	+9.649e+02	+7.712e+03	+1.050e+04	+0.889
173.900	+2.890e+03	+8.171e+03	+1.028e+04	+0.739
174.000	+1.735e+03	+7.369e+03	+1.107e+04	+0.809
174.100	+2.397e+03	+7.716e+03	+9.589e+03	+0.763
174.200	+1.827e+03	+7.203e+03	+1.034e+04	+0.798
174.300	+2.629e+03	+6.817e+03	+9.970e+03	+0.722
174.400	+1.227e+03	+7.924e+03	+1.098e+04	+0.866
174.500	+2.062e+03	+7.776e+03	+1.099e+04	+0.790
174.600	+2.441e+03	+7.378e+03	+9.051e+03	+0.751
174.700	+5.485e+02	+8.645e+03	+1.007e+04	+0.940
174.800	+1.643e+03	+8.054e+03	+1.060e+04	+0.831
174.900	+2.912e+03	+8.312e+03	+1.154e+04	+0.741
175.000	+1.649e+03	+7.825e+03	+9.657e+03	+0.826
175.100	+1.404e+03	+7.349e+03	+9.374e+03	+0.840
175.200	+9.020e+02	+8.939e+03	+1.099e+04	+0.908
175.300	+2.313e+03	+6.647e+03	+1.106e+04	+0.742
175.400	+1.038e+03	+7.820e+03	+1.080e+04	+0.883
175.500	+3.002e+03	+8.061e+03	+1.060e+04	+0.729
175.600	+2.582e+03	+9.398e+03	+1.003e+04	+0.784
175.700	+4.206e+02	+9.423e+03	+9.751e+03	+0.957
175.800	+2.756e+03	+7.311e+03	+1.018e+04	+0.726
175.900	+2.786e+03	+8.098e+03	+9.351e+03	+0.744
176.000	+1.633e+03	+7.899e+03	+9.836e+03	+0.829
176.100	+1.981e+03	+8.085e+03	+9.877e+03	+0.803
176.200	+2.459e+03	+7.010e+03	+8.031e+03	+0.740
176.300	+2.447e+03	+8.437e+03	+1.021e+04	+0.775
176.400	+2.917e+03	+9.012e+03	+9.201e+03	+0.755
176.500	+3.014e+03	+6.964e+03	+1.017e+04	+0.698
176.600	+2.178e+03	+8.303e+03	+1.091e+04	+0.792
176.700	+2.452e+03	+8.352e+03	+9.840e+03	+0.773
176.800	+1.665e+03	+7.754e+03	+1.103e+04	+0.823
176.900	+2.762e+03	+7.639e+03	+1.000e+04	+0.734
177.000	+1.934e+03	+7.820e+03	+9.252e+03	+0.802
177.100	+2.461e+03	+8.045e+03	+9.784e+03	+0.766
177.200	+3.969e+02	+8.677e+03	+9.892e+03	+0.956
177.300	+3.257e+03	+8.425e+03	+8.681e+03	+0.721
177.400	+1.437e+03	+8.741e+03	+9.611e+03	+0.859
177.500	+1.581e+03	+7.814e+03	+9.417e+03	+0.832
177.600	+1.093e+03	+7.716e+03	+1.181e+04	+0.876
177.700	+1.046e+03	+7.289e+03	+9.892e+03	+0.874
177.800	+2.870e+03	+7.641e+03	+1.038e+04	+0.727
177.900	+3.233e+03	+7.154e+03	+1.054e+04	+0.689
178.000	+1.342e+03	+8.648e+03	+9.334e+03	+0.866
178.100	+1.560e+03	+7.863e+03	+9.860e+03	+0.834
178.200	+2.084e+03	+8.115e+03	+9.784e+03	+0.796
178.300	+1.675e+03	+7.184e+03	+9.998e+03	+0.811
178.400	+1.463e+03	+8.468e+03	+1.136e+04	+0.853
178.500	+1.697e+03	+7.541e+03	+9.772e+03	+0.816
178.600	+2.368e+03	+7.442e+03	+1.060e+04	+0.759
178.700	+2.561e+03	+7.722e+03	+1.004e+04	+0.751
178.800	+2.174e+03	+7.449e+03	+9.154e+03	+0.774
178.900	+3.886e+02	+8.262e+03	+9.661e+03	+0.955
179.000	+1.975e+03	+7.231e+03	+1.027e+04	+0.785
179.100	+1.427e+03	+8.209e+03	+1.067e+04	+0.852
179.200	+2.375e+03	+8.327e+03	+1.013e+04	+0.778
179.300	+1.845e+03	+7.316e+03	+1.044e+04	+0.799
179.400	+2.161e+03	+7.420e+03	+1.010e+04	+0.774
179.500	+1.445e+03	+7.221e+03	+1.106e+04	+0.833
179.600	+1.456e+03	+6.769e+03	+9.114e+03	+0.823
179.700	+3.369e+03	+7.891e+03	+9.674e+03	+0.701
179.800	+2.376e+03	+9.068e+03	+1.043e+04	+0.792
179.900	+2.537e+03	+8.305e+03	+1.032e+04	+0.766
180.000	+3.239e+03	+9.369e+03	+9.312e+03	+0.743
180.100	+4.181e+03	+5.672e+03	+9.933e+03	+0.576
180.200	+5.386e+03	+5.526e+03	+1.044e+04	+0.506
180.300	+5.550e+03	+4.322e+03	+1.041e+04	+0.438
180.400	+4.479e+03	+3.808e+03	+1.049e+04	+0.460
180.500	+4.314e+03	+4.084e+03	+9.050e+03	+0.486
180.600	+5.653e+03	+4.093e+03	+1.071e+04	+0.420
180.700	+4.320e+03	+3.856e+03	+1.010e+04	+0.472
180.800	+5.776e+03	+4.806e+03	+9.426e+03	+0.454
180.900	+4.841e+03	+4.272e+03	+1.009e+04	+0.469
181.000	+6.182e+03	+6.139e+03	+1.018e+04	+0.498
181.100	+4.305e+03	+5.604e+03	+1.008e+04	+0.566
181.200	+5.694e+03	+3.679e+03	+8.978e+03	+0.393
181.300	+5.419e+03	+5.216e+03	+1.110e+04	+0.490
181.400	+4.268e+03	+5.322e+03	+9.115e+03	+0.555
181.500	+4.751e+03	+6.265e+03	+1.015e+04	+0.569
181.600	+5.983e+03	+5.058e+03	+9.351e+03	+0.458
181.700	+4.300e+03	+4.438e+03	+1.060e+04	+0.508
181.800	+5.467e+03	+5.006e+03	+9.717e+03	+0.478
181.900	+5.041e+03	+4.586e+03	+9.781e+03	+0.476
182.000	+4.273e+03	+4.625e+03	+9.561e+03	+0.520
182.100	+4.804e+03	+4.831e+03	+8.866e+03	+0.501
182.200	+4.609e+03	+5.144e+03	+1.004e+04	+0.527
182.300	+4.271e+03	+5.779e+03	+9.856e+03	+0.575
182.400	+4.908e+03	+4.844e+03	+9.134e+03	+0.497
182.500	+4.754e+03	+5.071e+03	+1.023e+04	+0.516
182.600	+4.851e+03	+4.006e+03	+1.025e+04	+0.452
182.700	+5.471e+03	+4.731e+03	+8.952e+03	+0.464
182.800	+5.113e+03	+5.594e+03	+1.022e+04	+0.522
182.900	+5.224e+03	+3.403e+03	+1.027e+04	+0.394
183.000	+4.553e+03	+4.286e+03	+9.241e+03	+0.485
183.100	+4.627e+03	+3.661e+03	+1.031e+04	+0.442
183.200	+4.566e+03	+6.093e+03	+7.874e+03	+0.572
183.300	+5.358e+03	+4.300e+03	+1.104e+04	+0.445
183.400	+3.732e+03	+5.069e+03	+1.015e+04	+0.576
183.500	+5.461e+03	+6.295e+03	+1.026e+04	+0.535
183.600	+4.435e+03	+4.654e+03	+1.032e+04	+0.512
183.700	+4.491e+03	+4.654e+03	+1.051e+04	+0.509
183.800	+2.738e+03	+4.623e+03	+1.057e+04	+0.628
183.900	+4.047e+03	+4.422e+03	+9.992e+03	+0.522
184.000	+4.818e+03	+6.164e+03	+8.960e+03	+0.561
184.100	+5.896e+03	+6.659e+03	+1.048e+04	+0.530
184.200	+6.038e+03	+3.784e+03	+9.757e+03	+0.385
184.300	+4.584e+03	+5.704e+03	+1.011e+04	+0.554
184.400	+5.791e+03	+4.959e+03	+9.377e+03	+0.461
184.500	+4.749e+03	+5.048e+03	+1.018e+04	+0.515
184.600	+5.035e+03	+4.492e+03	+1.029e+04	+0.471
184.700	+5.697e+03	+5.877e+03	+9.373e+03	+0.508
184.800	+4.652e+03	+5.425e+03	+1.030e+04	+0.538
184.900	+6.545e+03	+5.307e+03	+9.745e+03	+0.448
185.000	+4.296e+03	+4.939e+03	+9.396e+03	+0.535
185.100	+4.168e+03	+5.199e+03	+9.895e+03	+0.555
185.200	+5.729e+03	+4.463e+03	+9.841e+03	+0.438
185.300	+7.533e+03	+2.640e+03	+9.077e+03	+0.260
185.400	+6.579e+03	+2.890e+03	+9.876e+03	+0.305
185.500	+7.469e+03	+1.123e+03	+1.101e+04	+0.131
185.600	+7.042e+03	+2.442e+03	+9.406e+03	+0.257
185.700	+7.329e+03	+2.860e+03	+9.650e+03	+0.281
185.800	+7.205e+03	+2.485e+03	+1.015e+04	+0.256
185.900	+7.812e+03	+3.175e+03	+9.473e+03	+0.289
186.000	+7.582e+03	+1.806e+03	+1.052e+04	+0.192
186.100	+6.384e+03	+2.300e+03	+9.919e+03	+0.265
186.200	+8.764e+03	+2.481e+03	+8.773e+03	+0.221
186.300	+6.985e+03	+1.836e+03	+1.105e+04	+0.208
186.400	+7.385e+03	+1.941e+03	+1.094e+04	+0.208
186.500	+7.717e+03	+2.959e+03	+9.107e+03	+0.277
186.600	+8.394e+03	+2.479e+03	+9.929e+03	+0.228
186.700	+7.916e+03	+1.739e+03	+1.031e+04	+0.180
186.800	+7.302e+03	+2.500e+03	+9.750e+03	+0.255
186.900	+7.522e+03	+2.462e+03	+9.838e+03	+0.247
187.000	+8.271e+03	+3.936e+03	+1.042e+04	+0.322
187.100	+5.835e+03	+1.688e+03	+1.060e+04	+0.224
187.200	+6.347e+03	+2.950e+03	+8.798e+03	+0.317
187.300	+8.051e+03	+1.222e+03	+9.615e+03	+0.132
187.400	+6.933e+03	+2.410e+03	+9.383e+03	+0.258
187.500	+7.838e+03	+1.826e+03	+1.015e+04	+0.189
187.600	+6.229e+03	+2.277e+03	+9.674e+03	+0.268
187.700	+7.439e+03	+4.048e+03	+1.092e+04	+0.352
187.800	+6.793e+03	+2.773e+03	+9.041e+03	+0.290
187.900	+7.063e+03	+1.882e+03	+9.718e+03	+0.210
188.000	+8.063e+03	+2.352e+03	+1.062e+04	+0.226
188.100	+7.878e+03	+3.372e+03	+9.413e+03	+0.300
188.200	+3.843e+03	+5.362e+03	+1.001e+04	+0.583
188.300	+2.178e+03	+7.723e+03	+1.065e+04	+0.780
188.400	+2.606e+03	+8.257e+03	+9.551e+03	+0.760
188.500	+1.301e+03	+8.893e+03	+8.935e+03	+0.872
188.600	+2.359e+03	+8.527e+03	+9.453e+03	+0.783
188.700	+1.485e+03	+7.236e+03	+9.937e+03	+0.830
188.800	+3.591e+03	+7.802e+03	+1.005e+04	+0.685
188.900	+2.309e+03	+8.762e+03	+9.722e+03	+0.791
189.000	+2.317e+03	+7.268e+03	+9.791e+03	+0.758
189.100	+1.993e+03	+8.613e+03	+9.510e+03	+0.812
189.200	+1.923e+03	+7.733e+03	+9.768e+03	+0.801
189.300	+2.248e+03	+8.622e+03	+8.569e+03	+0.793
189.400	+1.670e+03	+9.206e+03	+1.057e+04	+0.846
189.500	+2.476e+03	+8.952e+03	+8.736e+03	+0.783
189.600	+2.876e+03	+7.878e+03	+1.036e+04	+0.733
189.700	+1.424e+03	+7.600e+03	+1.064e+04	+0.842
189.800	+2.087e+03	+7.063e+03	+1.056e+04	+0.772
189.900	+1.798e+03	+7.303e+03	+9.385e+03	+0.802
190.000	+2.376e+03	+7.629e+03	+9.937e+03	+0.763
190.100	+1.633e+03	+8.258e+03	+9.801e+03	+0.835
190.200	+2.176e+03	+7.436e+03	+9.923e+03	+0.774
190.300	+2.182e+03	+6.909e+03	+1.032e+04	+0.760
190.400	+3.023e+03	+7.876e+03	+9.316e+03	+0.723
190.500	+2.733e+03	+8.784e+03	+1.029e+04	+0.763
190.600	+2.699e+03	+8.299e+03	+1.046e+04	+0.755
190.700	+2.146e+03	+7.940e+03	+9.034e+03	+0.787
190.800	+1.831e+03	+9.030e+03	+9.623e+03	+0.831
190.900	+2.985e+03	+7.195e+03	+9.401e+03	+0.707
191.000	+2.104e+03	+9.133e+03	+1.029e+04	+0.813
191.100	+3.706e+03	+6.642e+03	+1.058e+04	+0.642
191.200	+1.066e+03	+7.054e+03	+8.946e+03	+0.869
191.300	+2.027e+03	+8.080e+03	+9.774e+03	+0.799
191.400	+2.367e+03	+8.123e+03	+9.062e+03	+0.774
191.500	+4.451e+02	+8.152e+03	+9.705e+03	+0.948
191.600	+2.853e+03	+7.403e+03	+9.961e+03	+0.722
191.700	+2.387e+03	+8.505e+03	+1.069e+04	+0.781
191.800	+3.390e+03	+7.903e+03	+1.043e+04	+0.700
191.900	+2.081e+03	+7.695e+03	+9.497e+03	+0.787
192.000	+3.345e+03	+8.287e+03	+9.489e+03	+0.712
192.100	+2.383e+03	+7.949e+03	+1.160e+04	+0.769
192.200	+1.429e+03	+7.146e+03	+9.877e+03	+0.833
192.300	+1.193e+03	+8.334e+03	+9.962e+03	+0.875
192.400	+1.232e+03	+7.740e+03	+9.653e+03	+0.863
192.500	+4.749e+02	+8.228e+03	+1.122e+04	+0.945
192.600	+2.297e+03	+6.554e+03	+1.105e+04	+0.740
192.700	+2.097e+03	+9.492e+03	+1.016e+04	+0.819
192.800	+2.267e+03	+6.585e+03	+9.379e+03	+0.744
192.900	+1.753e+03	+8.174e+03	+9.383e+03	+0.823
193.000	+1.386e+03	+8.383e+03	+1.155e+04	+0.858
193.100	+2.289e+03	+7.973e+03	+1.002e+04	+0.777
193.200	+9.443e+02	+7.636e+03	+1.090e+04	+0.890
193.300	+1.111e+03	+8.721e+03	+1.080e+04	+0.887
193.400	+1.609e+03	+8.004e+03	+9.198e+03	+0.833
193.500	+6.194e+02	+8.899e+03	+1.004e+04	+0.935
193.600	+3.013e+03	+8.493e+03	+1.011e+04	+0.738
193.700	+2.143e+03	+7.769e+03	+9.791e+03	+0.784
193.800	+1.873e+03	+7.883e+03	+9.397e+03	+0.808
193.900	+2.727e+03	+7.566e+03	+1.053e+04	+0.735
194.000	+3.383e+03	+8.332e+03	+9.912e+03	+0.711
194.100	+1.536e+03	+7.974e+03	+1.020e+04	+0.838
194.200	+1.960e+03	+7.455e+03	+9.818e+03	+0.792
194.300	+6.341e+02	+7.513e+03	+9.583e+03	+0.922
194.400	+5.213e+01	+7.499e+03	+9.836e+03	+0.993
194.500	+2.661e+03	+6.714e+03	+1.030e+04	+0.716
194.600	+2.908e+03	+7.276e+03	+8.709e+03	+0.714
194.700	+2.093e+03	+6.774e+03	+9.512e+03	+0.764
194.800	+1.677e+03	+8.700e+03	+9.844e+03	+0.838
194.900	+2.523e+03	+7.087e+03	+8.970e+03	+0.737
195.000	+1.610e+03	+7.926e+03	+9.868e+03	+0.831
195.100	+1.314e+03	+6.941e+03	+1.014e+04	+0.841
195.200	+1.991e+03	+7.544e+03	+9.263e+03	+0.791
195.300	+1.663e+03	+9.173e+03	+1.113e+04	+0.847
195.400	+2.441e+03	+8.160e+03	+9.499e+03	+0.770
195.500	+1.825e+03	+8.241e+03	+9.462e+03	+0.819
195.600	+2.549e+03	+7.382e+03	+1.030e+04	+0.743
195.700	+1.789e+03	+7.704e+03	+1.003e+04	+0.812
195.800	+1.054e+03	+8.664e+03	+1.012e+04	+0.892
195.900	+2.619e+03	+8.622e+03	+1.028e+04	+0.767
196.000	+2.857e+03	+7.857e+03	+1.169e+04	+0.733
196.100	+2.588e+03	+8.791e+03	+1.039e+04	+0.773
196.200	+2.188e+03	+6.806e+03	+9.295e+03	+0.757
196.300	+2.804e+03	+8.265e+03	+1.063e+04	+0.747
196.400	+1.689e+03	+8.006e+03	+1.173e+04	+0.826
196.500	+1.245e+03	+8.813e+03	+9.145e+03	+0.876
196.600	+2.188e+03	+7.288e+03	+1.099e+04	+0.769
196.700	+1.712e+03	+7.495e+03	+1.189e+04	+0.814
196.800	+2.106e+03	+7.609e+03	+1.090e+04	+0.783
196.900	+5.808e+03	+3.530e+03	+1.004e+04	+0.378
197.000	+4.420e+03	+5.368e+03	+9.613e+03	+0.548
197.100	+5.332e+03	+3.896e+03	+9.889e+03	+0.422
197.200	+5.438e+03	+5.100e+03	+1.046e+04	+0.484
197.300	+7.366e+03	+3.183e+03	+1.016e+04	+0.302
197.400	+8.004e+03	+2.524e+03	+9.981e+03	+0.240
197.500	+6.903e+03	+1.061e+03	+1.045e+04	+0.133
197.600	+7.892e+03	+2.521e+03	+1.011e+04	+0.242
197.700	+8.439e+03	+2.354e+03	+1.130e+04	+0.218
197.800	+7.889e+03	+2.597e+03	+1.105e+04	+0.248
197.900	+6.340e+03	+3.753e+03	+1.167e+04	+0.372
198.000	+7.787e+03	+2.904e+03	+1.168e+04	+0.272
198.100	+8.087e+03	+2.154e+03	+9.958e+03	+0.210
198.200	+7.295e+03	+2.254e+03	+8.937e+03	+0.236
198.300	+5.692e+03	+2.198e+03	+1.087e+04	+0.279
198.400	+9.055e+03	+2.414e+03	+9.545e+03	+0.210
198.500	+7.494e+03	+2.690e+03	+8.668e+03	+0.264
198.600	+8.165e+03	+1.646e+03	+1.031e+04	+0.168
198.700	+7.095e+03	+1.490e+03	+9.789e+03	+0.174
198.800	+7.021e+03	+3.369e+03	+1.014e+04	+0.324
198.900	+6.889e+03	+2.491e+03	+1.026e+04	+0.266
199.000	+7.575e+03	+2.997e+03	+1.063e+04	+0.283
199.100	+8.444e+03	+2.114e+03	+1.069e+04	+0.200
199.200	+7.410e+03	+3.305e+03	+1.030e+04	+0.308
199.300	+7.780e+03	+2.808e+03	+9.647e+03	+0.265
199.400	+6.844e+03	+2.129e+03	+1.030e+04	+0.237
199.500	+7.104e+03	+1.338e+03	+9.624e+03	+0.158
199.600	+7.310e+03	+2.316e+03	+1.113e+04	+0.241
199.700	+8.912e+03	+2.047e+03	+1.064e+04	+0.187
199.800	+7.412e+03	+3.382e+03	+9.388e+03	+0.313
