%t (s)	Idd (a.u.)	Ida (a.u.)	Iaa (a.u.)	FRET E
0.000	+2.203e+03	+8.686e+03	+1.010e+04	+0.798
0.100	+2.526e+03	+8.323e+03	+9.960e+03	+0.767
0.200	+3.317e+03	+8.917e+03	+8.815e+03	+0.729
0.300	+2.424e+03	+7.848e+03	+1.110e+04	+0.764
0.400	+2.028e+03	+9.146e+03	+9.844e+03	+0.818
0.500	+1.547e+03	+7.446e+03	+9.429e+03	+0.828
0.600	+2.390e+03	+7.688e+03	+1.057e+04	+0.763
0.700	+2.642e+03	+7.706e+03	+1.025e+04	+0.745
0.800	+1.916e+03	+6.695e+03	+9.404e+03	+0.778
0.900	+1.844e+03	+7.537e+03	+9.898e+03	+0.803
1.000	+1.590e+03	+8.121e+03	+9.241e+03	+0.836
1.100	+2.674e+03	+7.959e+03	+1.069e+04	+0.749
1.200	+1.344e+03	+7.199e+03	+9.696e+03	+0.843
1.300	+9.769e+02	+8.608e+03	+1.006e+04	+0.898
1.400	+1.490e+03	+7.569e+03	+1.019e+04	+0.836
1.500	+2.014e+03	+8.205e+03	+1.061e+04	+0.803
1.600	+1.942e+03	+8.375e+03	+1.034e+04	+0.812
1.700	+1.256e+03	+7.862e+03	+9.336e+03	+0.862
1.800	+1.732e+03	+9.092e+03	+1.106e+04	+0.840
1.900	+1.769e+03	+8.799e+03	+9.473e+03	+0.833
2.000	+2.395e+03	+7.566e+03	+9.241e+03	+0.760
2.100	+2.459e+03	+7.764e+03	+9.543e+03	+0.759
2.200	+2.501e+03	+7.537e+03	+9.176e+03	+0.751
2.300	+1.835e+03	+9.000e+03	+1.013e+04	+0.831
2.400	+2.391e+03	+7.642e+03	+1.092e+04	+0.762
2.500	-2.673e+02	+7.795e+03	+1.054e+04	+1.036
2.600	+1.802e+03	+6.915e+03	+9.864e+03	+0.793
2.700	+1.509e+03	+7.172e+03	+1.038e+04	+0.826
2.800	+1.711e+03	+9.421e+03	+9.703e+03	+0.846
2.900	+1.442e+03	+6.559e+03	+1.062e+04	+0.820
3.000	+5.644e+03	+5.117e+03	+1.047e+04	+0.476
3.100	+7.854e+03	+2.869e+03	+9.755e+03	+0.268
3.200	+7.435e+03	+2.889e+03	+1.093e+04	+0.280
3.300	+6.242e+03	+1.980e+03	+1.037e+04	+0.241
3.400	+7.966e+03	+3.334e+03	+9.947e+03	+0.295
3.500	+6.975e+03	+2.856e+03	+1.011e+04	+0.291
3.600	+5.847e+03	+2.608e+03	+9.654e+03	+0.308
3.700	+7.960e+03	+2.987e+03	+1.061e+04	+0.273
3.800	+6.901e+03	+2.567e+03	+1.073e+04	+0.271
3.900	+8.676e+03	+2.421e+03	+1.037e+04	+0.218
4.000	+7.234e+03	+2.547e+03	+9.557e+03	+0.260
4.100	+7.427e+03	+1.390e+03	+1.041e+04	+0.158
4.200	+7.380e+03	+2.446e+03	+1.089e+04	+0.249
4.300	+8.210e+03	+2.420e+03	+1.044e+04	+0.228
4.400	+7.588e+03	+3.164e+03	+9.917e+03	+0.294
4.500	+6.960e+03	+2.344e+03	+9.637e+03	+0.252
4.600	+7.856e+03	+3.135e+03	+9.023e+03	+0.285
4.700	+8.773e+03	+1.881e+03	+1.102e+04	+0.177
4.800	+7.280e+03	+2.049e+03	+9.905e+03	+0.220
4.900	+7.472e+03	+2.510e+03	+8.955e+03	+0.251
5.000	+7.289e+03	+2.335e+03	+1.022e+04	+0.243
5.100	+7.461e+03	+1.971e+03	+9.875e+03	+0.209
5.200	+8.478e+03	+3.233e+03	+9.717e+03	+0.276
5.300	+7.476e+03	+3.457e+03	+9.728e+03	+0.316
5.400	+7.136e+03	+2.130e+03	+9.411e+03	+0.230
5.500	+6.490e+03	+1.414e+03	+1.030e+04	+0.179
5.600	+7.711e+03	+3.854e+03	+1.072e+04	+0.333
5.700	+7.738e+03	+3.031e+03	+9.728e+03	+0.281
5.800	+8.219e+03	+3.479e+03	+1.059e+04	+0.297
5.900	+8.246e+03	+1.897e+03	+1.091e+04	+0.187
6.000	+6.999e+03	+1.463e+03	+1.020e+04	+0.173
6.100	+7.312e+03	+3.002e+03	+1.001e+04	+0.291
6.200	+8.444e+03	+2.469e+03	+9.872e+03	+0.226
6.300	+8.164e+03	+2.700e+03	+9.568e+03	+0.249
6.400	+6.804e+03	+3.266e+03	+9.291e+03	+0.324
6.500	+5.954e+03	+2.845e+03	+1.153e+04	+0.323
6.600	+7.926e+03	+2.140e+03	+9.798e+03	+0.213
6.700	+7.635e+03	+2.678e+03	+9.796e+03	+0.260
6.800	+7.814e+03	+3.076e+03	+1.017e+04	+0.282
6.900	+7.455e+03	+1.752e+03	+1.049e+04	+0.190
7.000	+7.933e+03	+2.526e+03	+9.437e+03	+0.241
7.100	+7.780e+03	+3.105e+03	+9.904e+03	+0.285
7.200	+7.931e+03	+1.700e+03	+9.447e+03	+0.177
7.300	+8.041e+03	+1.626e+03	+9.592e+03	+0.168
7.400	+7.470e+03	+2.239e+03	+1.007e+04	+0.231
7.500	+7.899e+03	+2.160e+03	+1.036e+04	+0.215
7.600	+7.025e+03	+2.216e+03	+9.813e+03	+0.240
7.700	+7.010e+03	+1.963e+03	+9.890e+03	+0.219
7.800	+7.019e+03	+1.777e+03	+1.006e+04	+0.202
7.900	+6.282e+03	+4.082e+03	+9.247e+03	+0.394
8.000	+3.892e+03	+7.719e+03	+9.646e+03	+0.665
8.100	+2.545e+03	+8.119e+03	+9.961e+03	+0.761
8.200	+2.396e+03	+8.476e+03	+1.124e+04	+0.780
8.300	+1.779e+03	+7.162e+03	+8.906e+03	+0.801
8.400	+2.329e+03	+8.877e+03	+1.052e+04	+0.792
8.500	+2.963e+03	+7.738e+03	+9.955e+03	+0.723
8.600	+2.086e+03	+8.291e+03	+9.930e+03	+0.799
8.700	+7.350e+02	+8.116e+03	+9.779e+03	+0.917
8.800	+2.381e+03	+8.959e+03	+1.093e+04	+0.790
8.900	+1.802e+03	+7.496e+03	+9.683e+03	+0.806
9.000	+2.551e+03	+7.988e+03	+1.132e+04	+0.758
9.100	+2.792e+03	+7.603e+03	+9.478e+03	+0.731
9.200	+1.805e+02	+8.671e+03	+9.393e+03	+0.980
9.300	+1.859e+03	+9.081e+03	+9.215e+03	+0.830
9.400	+1.888e+03	+7.184e+03	+9.951e+03	+0.792
9.500	+1.021e+03	+7.347e+03	+8.369e+03	+0.878
9.600	+2.222e+03	+7.821e+03	+9.954e+03	+0.779
9.700	+2.734e+03	+8.704e+03	+1.032e+04	+0.761
9.800	+2.036e+03	+7.958e+03	+1.018e+04	+0.796
9.900	+2.393e+03	+7.599e+03	+9.755e+03	+0.761
10.000	+2.637e+03	+8.348e+03	+8.741e+03	+0.760
10.100	+2.020e+03	+8.459e+03	+9.345e+03	+0.807
10.200	+2.220e+03	+8.334e+03	+1.059e+04	+0.790
10.300	+2.767e+03	+7.926e+03	+8.740e+03	+0.741
10.400	+1.197e+03	+8.598e+03	+9.525e+03	+0.878
10.500	+2.874e+03	+6.836e+03	+1.059e+04	+0.704
10.600	+1.294e+03	+7.550e+03	+1.075e+04	+0.854
10.700	+1.218e+03	+7.953e+03	+1.061e+04	+0.867
10.800	+2.009e+03	+8.187e+03	+9.053e+03	+0.803
10.900	+2.988e+03	+7.832e+03	+9.954e+03	+0.724
11.000	+1.561e+03	+7.203e+03	+9.601e+03	+0.822
11.100	+1.413e+03	+6.749e+03	+1.021e+04	+0.827
11.200	+5.373e+02	+7.560e+03	+1.038e+04	+0.934
11.300	+1.804e+03	+8.399e+03	+1.157e+04	+0.823
11.400	+2.208e+03	+8.538e+03	+1.007e+04	+0.794
11.500	+2.326e+03	+7.181e+03	+9.470e+03	+0.755
11.600	+3.497e+03	+7.964e+03	+1.051e+04	+0.695
11.700	+1.420e+03	+7.515e+03	+1.061e+04	+0.841
11.800	+1.635e+03	+7.796e+03	+1.112e+04	+0.827
11.900	+2.416e+03	+7.960e+03	+9.488e+03	+0.767
12.000	+2.104e+03	+9.375e+03	+9.798e+03	+0.817
12.100	+1.215e+03	+7.506e+03	+8.998e+03	+0.861
12.200	+1.972e+03	+8.196e+03	+9.543e+03	+0.806
12.300	+3.444e+02	+7.900e+03	+1.086e+04	+0.958
12.400	+1.787e+03	+7.053e+03	+1.090e+04	+0.798
12.500	+2.726e+03	+8.740e+03	+8.805e+03	+0.762
12.600	+1.733e+03	+8.547e+03	+9.360e+03	+0.831
12.700	+2.358e+03	+9.017e+03	+1.137e+04	+0.793
12.800	+1.869e+03	+8.585e+03	+9.961e+03	+0.821
12.900	+1.950e+03	+7.392e+03	+1.066e+04	+0.791
13.000	+2.562e+03	+8.836e+03	+1.143e+04	+0.775
13.100	+2.768e+03	+7.112e+03	+9.003e+03	+0.720
13.200	+1.241e+03	+7.057e+03	+9.595e+03	+0.850
13.300	+2.364e+03	+8.608e+03	+9.201e+03	+0.785
13.400	+2.533e+03	+8.029e+03	+1.095e+04	+0.760
13.500	+2.107e+03	+6.884e+03	+1.019e+04	+0.766
13.600	+1.061e+03	+7.971e+03	+9.422e+03	+0.883
13.700	+2.560e+03	+7.184e+03	+1.078e+04	+0.737
13.800	+2.192e+03	+8.306e+03	+1.052e+04	+0.791
13.900	+6.868e+02	+8.133e+03	+1.061e+04	+0.922
14.000	+1.826e+03	+8.035e+03	+1.001e+04	+0.815
14.100	+3.956e+03	+8.077e+03	+9.394e+03	+0.671
14.200	+3.280e+03	+8.489e+03	+1.007e+04	+0.721
14.300	+1.251e+03	+6.928e+03	+1.014e+04	+0.847
14.400	+1.105e+03	+7.891e+03	+1.118e+04	+0.877
14.500	+9.075e+02	+6.355e+03	+9.750e+03	+0.875
14.600	+1.759e+03	+8.624e+03	+9.770e+03	+0.831
14.700	+2.103e+03	+8.930e+03	+9.786e+03	+0.809
14.800	+2.112e+03	+8.040e+03	+9.204e+03	+0.792
14.900	+1.685e+03	+6.890e+03	+1.038e+04	+0.803
15.000	+2.526e+03	+7.943e+03	+9.381e+03	+0.759
15.100	+1.944e+03	+9.240e+03	+1.020e+04	+0.826
15.200	+4.530e+03	+8.723e+03	+9.199e+03	+0.658
15.300	+3.012e+03	+6.921e+03	+9.855e+03	+0.697
15.400	+1.730e+03	+7.495e+03	+9.638e+03	+0.812
15.500	+1.123e+03	+8.345e+03	+1.060e+04	+0.881
15.600	+2.299e+03	+7.805e+03	+9.655e+03	+0.772
15.700	+1.950e+03	+7.331e+03	+9.854e+03	+0.790
15.800	+3.241e+03	+7.735e+03	+9.476e+03	+0.705
15.900	+2.214e+03	+7.624e+03	+9.954e+03	+0.775
16.000	+1.974e+03	+7.746e+03	+1.123e+04	+0.797
16.100	+1.390e+03	+7.312e+03	+9.812e+03	+0.840
16.200	+2.680e+03	+8.170e+03	+8.265e+03	+0.753
16.300	+3.736e+02	+8.135e+03	+1.013e+04	+0.956
16.400	+2.437e+03	+8.334e+03	+1.028e+04	+0.774
16.500	+1.975e+03	+8.432e+03	+8.299e+03	+0.810
16.600	+2.798e+03	+8.312e+03	+9.482e+03	+0.748
16.700	+1.686e+03	+9.099e+03	+9.523e+03	+0.844
16.800	+2.198e+03	+7.309e+03	+9.420e+03	+0.769
16.900	+1.526e+03	+7.055e+03	+1.085e+04	+0.822
17.000	+1.751e+03	+9.595e+03	+1.005e+04	+0.846
17.100	+2.845e+03	+7.451e+03	+1.104e+04	+0.724
17.200	+1.211e+03	+8.321e+03	+1.010e+04	+0.873
17.300	+2.769e+03	+8.898e+03	+9.494e+03	+0.763
17.400	+2.031e+03	+7.859e+03	+9.549e+03	+0.795
17.500	+1.785e+03	+7.781e+03	+1.199e+04	+0.813
17.600	+2.046e+03	+8.941e+03	+1.047e+04	+0.814
17.700	+2.276e+03	+8.155e+03	+1.082e+04	+0.782
17.800	+1.125e+03	+8.822e+03	+9.220e+03	+0.887
17.900	+2.363e+03	+6.837e+03	+1.095e+04	+0.743
18.000	+1.617e+03	+7.590e+03	+9.743e+03	+0.824
18.100	+2.410e+03	+8.000e+03	+9.854e+03	+0.769
18.200	+2.672e+03	+8.398e+03	+1.072e+04	+0.759
18.300	+2.548e+03	+7.857e+03	+1.043e+04	+0.755
18.400	+2.436e+03	+7.481e+03	+1.088e+04	+0.754
18.500	+2.454e+03	+7.648e+03	+1.024e+04	+0.757
18.600	+1.440e+03	+7.652e+03	+9.793e+03	+0.842
18.700	+2.018e+03	+6.861e+03	+9.203e+03	+0.773
18.800	+2.117e+03	+8.492e+03	+9.774e+03	+0.800
18.900	+1.192e+03	+7.271e+03	+1.059e+04	+0.859
19.000	+3.017e+03	+7.570e+03	+8.541e+03	+0.715
19.100	+3.540e+03	+8.201e+03	+9.705e+03	+0.698
19.200	+1.166e+03	+7.413e+03	+1.091e+04	+0.864
19.300	+2.169e+03	+8.615e+03	+1.008e+04	+0.799
19.400	+1.948e+03	+6.858e+03	+1.054e+04	+0.779
19.500	+3.189e+03	+8.258e+03	+9.913e+03	+0.721
19.600	+2.455e+03	+7.782e+03	+9.698e+03	+0.760
19.700	+2.747e+03	+8.742e+03	+1.012e+04	+0.761
19.800	+2.546e+03	+7.954e+03	+9.464e+03	+0.758
19.900	+2.127e+03	+8.254e+03	+1.077e+04	+0.795
20.000	+1.002e+03	+8.339e+03	+8.978e+03	+0.893
20.100	+2.069e+03	+8.240e+03	+1.108e+04	+0.799
20.200	+1.602e+03	+7.947e+03	+1.017e+04	+0.832
20.300	+1.191e+03	+8.365e+03	+1.098e+04	+0.875
20.400	+3.489e+03	+9.136e+03	+8.907e+03	+0.724
20.500	+1.549e+03	+7.449e+03	+9.768e+03	+0.828
20.600	+3.615e+03	+9.237e+03	+9.706e+03	+0.719
20.700	+7.392e+02	+7.927e+03	+1.021e+04	+0.915
20.800	+2.097e+03	+8.031e+03	+1.032e+04	+0.793
20.900	+1.876e+03	+7.772e+03	+9.492e+03	+0.806
21.000	+3.948e+03	+7.569e+03	+9.585e+03	+0.657
21.100	+3.339e+03	+8.385e+03	+1.000e+04	+0.715
21.200	+1.891e+03	+7.947e+03	+9.826e+03	+0.808
21.300	+1.901e+03	+8.254e+03	+8.886e+03	+0.813
21.400	+2.416e+03	+8.007e+03	+1.048e+04	+0.768
21.500	+2.755e+03	+8.390e+03	+9.799e+03	+0.753
21.600	+2.585e+01	+6.956e+03	+1.065e+04	+0.996
21.700	+3.169e+03	+7.552e+03	+9.553e+03	+0.704
21.800	+1.980e+03	+7.473e+03	+9.585e+03	+0.791
21.900	+1.890e+03	+8.154e+03	+9.840e+03	+0.812
22.000	+2.235e+03	+8.032e+03	+9.789e+03	+0.782
22.100	+2.528e+03	+8.601e+03	+1.080e+04	+0.773
22.200	+1.624e+03	+7.432e+03	+9.065e+03	+0.821
22.300	+1.945e+03	+8.768e+03	+9.130e+03	+0.818
22.400	+1.999e+03	+7.442e+03	+1.099e+04	+0.788
22.500	+2.846e+03	+8.374e+03	+9.349e+03	+0.746
22.600	+1.177e+03	+7.445e+03	+1.038e+04	+0.864
22.700	+2.440e+03	+8.112e+03	+9.288e+03	+0.769
22.800	+9.138e+02	+8.084e+03	+1.075e+04	+0.898
22.900	+3.491e+03	+9.124e+03	+9.969e+03	+0.723
23.000	+1.632e+03	+7.598e+03	+9.562e+03	+0.823
23.100	+2.464e+03	+8.760e+03	+1.065e+04	+0.780
23.200	+3.181e+03	+8.023e+03	+9.592e+03	+0.716
23.300	+2.098e+03	+8.380e+03	+9.989e+03	+0.800
23.400	+2.177e+03	+8.807e+03	+1.048e+04	+0.802
23.500	+2.511e+02	+8.467e+03	+1.085e+04	+0.971
23.600	+1.461e+03	+8.289e+03	+9.885e+03	+0.850
23.700	+1.776e+03	+7.374e+03	+9.895e+03	+0.806
23.800	+1.951e+03	+8.288e+03	+8.501e+03	+0.809
23.900	+1.802e+03	+7.311e+03	+9.557e+03	+0.802
24.000	+2.062e+03	+8.190e+03	+1.037e+04	+0.799
24.100	+2.277e+03	+7.691e+03	+1.063e+04	+0.772
24.200	+3.548e+03	+8.453e+03	+9.375e+03	+0.704
24.300	+2.290e+03	+9.222e+03	+9.683e+03	+0.801
24.400	+1.927e+03	+7.349e+03	+9.905e+03	+0.792
24.500	+2.788e+03	+8.267e+03	+1.060e+04	+0.748
24.600	+1.545e+03	+7.416e+03	+9.896e+03	+0.828
24.700	+1.155e+03	+8.923e+03	+1.150e+04	+0.885
24.800	+3.042e+03	+7.827e+03	+1.065e+04	+0.720
24.900	+2.017e+03	+8.133e+03	+9.868e+03	+0.801
25.000	+1.260e+03	+7.259e+03	+1.086e+04	+0.852
25.100	+1.579e+03	+8.987e+03	+8.963e+03	+0.851
25.200	+2.231e+03	+7.826e+03	+1.104e+04	+0.778
25.300	+2.855e+03	+9.237e+03	+9.164e+03	+0.764
25.400	+1.367e+03	+8.625e+03	+1.081e+04	+0.863
25.500	+1.619e+03	+7.777e+03	+9.847e+03	+0.828
25.600	+2.880e+03	+9.173e+03	+9.918e+03	+0.761
25.700	+2.104e+03	+7.682e+03	+8.668e+03	+0.785
25.800	+1.953e+03	+7.995e+03	+1.033e+04	+0.804
25.900	+2.481e+03	+8.556e+03	+9.703e+03	+0.775
26.000	+1.610e+03	+7.602e+03	+9.911e+03	+0.825
26.100	+1.802e+03	+8.716e+03	+8.967e+03	+0.829
26.200	+2.842e+03	+8.692e+03	+1.006e+04	+0.754
26.300	+2.081e+03	+7.179e+03	+1.093e+04	+0.775
26.400	+2.223e+03	+6.736e+03	+9.750e+03	+0.752
26.500	+1.556e+03	+7.125e+03	+1.068e+04	+0.821
26.600	+1.877e+03	+7.918e+03	+9.964e+03	+0.808
26.700	+1.578e+03	+8.466e+03	+1.074e+04	+0.843
26.800	+1.634e+03	+8.207e+03	+9.422e+03	+0.834
26.900	+2.235e+03	+8.384e+03	+9.701e+03	+0.790
27.000	+1.365e+03	+8.122e+03	+9.038e+03	+0.856
27.100	+1.446e+03	+8.324e+03	+9.678e+03	+0.852
27.200	+1.526e+03	+9.090e+03	+1.037e+04	+0.856
27.300	+1.922e+03	+7.799e+03	+1.061e+04	+0.802
27.400	+2.127e+03	+6.574e+03	+9.280e+03	+0.755
27.500	+9.179e+02	+8.295e+03	+9.019e+03	+0.900
27.600	+1.676e+03	+8.031e+03	+1.098e+04	+0.827
27.700	+3.632e+03	+8.136e+03	+8.948e+03	+0.691
27.800	+2.050e+03	+7.356e+03	+9.316e+03	+0.782
27.900	+8.813e+02	+6.799e+03	+9.375e+03	+0.885
28.000	+1.391e+03	+6.870e+03	+9.759e+03	+0.832
28.100	+1.327e+03	+6.906e+03	+9.018e+03	+0.839
28.200	+2.152e+03	+9.378e+03	+1.069e+04	+0.813
28.300	+1.997e+03	+7.363e+03	+9.888e+03	+0.787
28.400	+4.541e+03	+6.069e+03	+1.012e+04	+0.572
28.500	+4.645e+03	+4.951e+03	+9.535e+03	+0.516
28.600	+5.088e+03	+4.644e+03	+1.018e+04	+0.477
28.700	+6.067e+03	+4.230e+03	+9.808e+03	+0.411
28.800	+5.112e+03	+4.072e+03	+9.560e+03	+0.443
28.900	+5.921e+03	+4.787e+03	+1.011e+04	+0.447
29.000	+4.764e+03	+5.007e+03	+1.031e+04	+0.512
29.100	+5.407e+03	+4.719e+03	+8.989e+03	+0.466
29.200	+4.647e+03	+5.738e+03	+9.489e+03	+0.552
29.300	+8.331e+03	+3.000e+03	+9.953e+03	+0.265
29.400	+7.278e+03	+7.563e+02	+1.180e+04	+0.094
29.500	+7.744e+03	+3.387e+03	+9.440e+03	+0.304
29.600	+7.799e+03	+2.500e+03	+9.643e+03	+0.243
29.700	+5.889e+03	+2.265e+03	+1.011e+04	+0.278
29.800	+7.723e+03	+1.512e+03	+1.108e+04	+0.164
29.900	+7.449e+03	+1.593e+03	+1.008e+04	+0.176
30.000	+7.309e+03	+1.722e+03	+7.852e+03	+0.191
30.100	+8.229e+03	+2.990e+03	+1.184e+04	+0.266
30.200	+7.773e+03	+1.572e+03	+8.194e+03	+0.168
30.300	+8.787e+03	+1.787e+03	+8.631e+03	+0.169
30.400	+7.330e+03	+2.227e+03	+9.426e+03	+0.233
30.500	+8.184e+03	+2.846e+03	+1.004e+04	+0.258
30.600	+8.144e+03	+1.960e+03	+9.829e+03	+0.194
30.700	+7.379e+03	+2.993e+03	+9.954e+03	+0.289
30.800	+8.352e+03	+2.962e+03	+9.126e+03	+0.262
30.900	+7.038e+03	+3.234e+03	+9.891e+03	+0.315
31.000	+7.688e+03	+1.541e+03	+9.169e+03	+0.167
31.100	+7.735e+03	+3.087e+03	+1.029e+04	+0.285
31.200	+8.492e+03	+3.394e+03	+1.021e+04	+0.286
31.300	+2.212e+03	+7.681e+03	+9.844e+03	+0.776
31.400	+2.447e+03	+7.518e+03	+8.411e+03	+0.754
31.500	+2.250e+03	+9.576e+03	+9.039e+03	+0.810
31.600	+3.217e+03	+7.352e+03	+8.763e+03	+0.696
31.700	+2.880e+03	+8.870e+03	+9.330e+03	+0.755
31.800	+1.516e+03	+7.899e+03	+9.631e+03	+0.839
31.900	+1.011e+03	+8.072e+03	+9.403e+03	+0.889
32.000	+3.097e+03	+8.443e+03	+1.052e+04	+0.732
32.100	+1.133e+03	+8.022e+03	+8.936e+03	+0.876
32.200	+2.862e+03	+8.019e+03	+1.104e+04	+0.737
32.300	+2.541e+03	+7.527e+03	+9.794e+03	+0.748
32.400	+1.627e+03	+8.332e+03	+9.692e+03	+0.837
32.500	+2.087e+03	+8.361e+03	+9.985e+03	+0.800
32.600	+1.343e+03	+8.411e+03	+1.055e+04	+0.862
32.700	+1.977e+03	+8.788e+03	+1.007e+04	+0.816
32.800	+2.154e+03	+7.929e+03	+9.986e+03	+0.786
32.900	+3.561e+03	+7.936e+03	+1.127e+04	+0.690
33.000	+2.709e+03	+7.553e+03	+1.052e+04	+0.736
33.100	+1.620e+03	+7.400e+03	+9.040e+03	+0.820
33.200	+1.177e+03	+7.243e+03	+9.845e+03	+0.860
33.300	+1.660e+03	+8.610e+03	+1.002e+04	+0.838
33.400	+1.016e+03	+8.507e+03	+1.131e+04	+0.893
33.500	+1.394e+03	+7.323e+03	+8.578e+03	+0.840
33.600	+1.656e+03	+7.476e+03	+9.456e+03	+0.819
33.700	+1.402e+03	+8.878e+03	+1.020e+04	+0.864
33.800	+2.591e+03	+8.466e+03	+1.085e+04	+0.766
33.900	+1.727e+03	+7.216e+03	+9.845e+03	+0.807
34.000	+1.764e+03	+8.672e+03	+1.081e+04	+0.831
34.100	+1.771e+03	+6.802e+03	+9.816e+03	+0.793
34.200	+1.355e+03	+8.090e+03	+8.525e+03	+0.857
34.300	+1.860e+03	+8.420e+03	+1.072e+04	+0.819
34.400	+3.033e+02	+7.621e+03	+1.089e+04	+0.962
34.500	+1.909e+03	+7.915e+03	+9.870e+03	+0.806
34.600	+2.231e+03	+7.546e+03	+1.028e+04	+0.772
34.700	+1.932e+03	+7.390e+03	+1.035e+04	+0.793
34.800	+1.875e+03	+7.980e+03	+1.012e+04	+0.810
34.900	+8.365e+02	+8.332e+03	+9.348e+03	+0.909
35.000	+1.418e+03	+8.014e+03	+1.040e+04	+0.850
35.100	+1.982e+03	+7.937e+03	+9.935e+03	+0.800
35.200	+2.304e+03	+8.430e+03	+1.040e+04	+0.785
35.300	+2.188e+03	+9.051e+03	+1.066e+04	+0.805
35.400	+9.305e+02	+7.317e+03	+9.582e+03	+0.887
35.500	+1.803e+03	+7.914e+03	+8.963e+03	+0.814
35.600	+2.652e+03	+6.302e+03	+9.686e+03	+0.704
35.700	+3.240e+03	+7.444e+03	+1.028e+04	+0.697
35.800	+2.305e+03	+8.153e+03	+9.656e+03	+0.780
35.900	+2.986e+03	+7.888e+03	+9.430e+03	+0.725
36.000	+1.491e+03	+7.598e+03	+1.107e+04	+0.836
36.100	+2.259e+03	+8.464e+03	+1.049e+04	+0.789
36.200	+1.469e+03	+8.397e+03	+9.719e+03	+0.851
36.300	+2.029e+03	+7.440e+03	+1.123e+04	+0.786
36.400	+2.120e+03	+8.935e+03	+1.071e+04	+0.808
36.500	+1.925e+03	+9.389e+03	+1.059e+04	+0.830
36.600	+1.265e+03	+7.950e+03	+1.022e+04	+0.863
36.700	+1.684e+03	+7.180e+03	+9.126e+03	+0.810
36.800	+2.451e+03	+7.124e+03	+1.113e+04	+0.744
36.900	+2.296e+03	+7.212e+03	+1.013e+04	+0.759
37.000	+2.972e+03	+6.937e+03	+9.979e+03	+0.700
37.100	+1.578e+03	+8.067e+03	+9.656e+03	+0.836
37.200	+2.653e+03	+8.167e+03	+1.018e+04	+0.755
37.300	+2.312e+03	+6.478e+03	+9.248e+03	+0.737
37.400	+1.142e+03	+8.247e+03	+1.038e+04	+0.878
37.500	+2.289e+03	+8.117e+03	+9.733e+03	+0.780
37.600	+2.804e+03	+9.292e+03	+9.776e+03	+0.768
37.700	+1.716e+03	+8.270e+03	+1.044e+04	+0.828
37.800	+1.528e+03	+7.500e+03	+1.004e+04	+0.831
37.900	+1.417e+03	+8.689e+03	+1.059e+04	+0.860
38.000	+2.050e+03	+9.605e+03	+1.045e+04	+0.824
38.100	+2.204e+03	+7.961e+03	+9.034e+03	+0.783
38.200	+2.619e+03	+8.153e+03	+9.845e+03	+0.757
38.300	+1.992e+03	+8.139e+03	+9.380e+03	+0.803
38.400	+2.033e+03	+7.626e+03	+9.346e+03	+0.790
38.500	+2.692e+03	+8.079e+03	+1.005e+04	+0.750
38.600	+1.598e+03	+7.507e+03	+1.045e+04	+0.825
38.700	+8.962e+02	+7.138e+03	+1.012e+04	+0.888
38.800	+2.023e+03	+8.582e+03	+9.876e+03	+0.809
38.900	+2.987e+03	+8.803e+03	+1.129e+04	+0.747
39.000	+1.739e+03	+8.293e+03	+1.007e+04	+0.827
39.100	+8.770e+02	+8.194e+03	+1.015e+04	+0.903
39.200	+9.394e+02	+7.673e+03	+1.121e+04	+0.891
39.300	+1.014e+03	+7.970e+03	+9.428e+03	+0.887
39.400	+2.301e+03	+7.477e+03	+1.049e+04	+0.765
39.500	+1.291e+03	+8.961e+03	+1.081e+04	+0.874
39.600	+1.609e+03	+7.354e+03	+1.067e+04	+0.821
39.700	+2.315e+03	+7.193e+03	+1.011e+04	+0.756
39.800	+1.767e+03	+8.326e+03	+1.065e+04	+0.825
39.900	+1.498e+03	+7.939e+03	+1.056e+04	+0.841
40.000	+1.814e+03	+8.184e+03	+9.672e+03	+0.819
40.100	+1.628e+03	+8.301e+03	+9.851e+03	+0.836
40.200	+1.833e+03	+8.683e+03	+9.460e+03	+0.826
40.300	+2.215e+03	+7.392e+03	+9.975e+03	+0.769
40.400	+2.520e+03	+8.943e+03	+9.741e+03	+0.780
40.500	+1.863e+03	+5.641e+03	+8.801e+03	+0.752
40.600	+2.710e+03	+8.180e+03	+1.106e+04	+0.751
40.700	+7.326e+02	+8.572e+03	+1.068e+04	+0.921
40.800	+1.849e+03	+6.672e+03	+1.062e+04	+0.783
40.900	+1.182e+03	+8.721e+03	+1.071e+04	+0.881
41.000	+1.208e+03	+8.583e+03	+1.071e+04	+0.877
41.100	+3.439e+03	+6.797e+03	+1.001e+04	+0.664
41.200	+2.435e+03	+7.629e+03	+9.839e+03	+0.758
41.300	+1.884e+03	+7.052e+03	+1.033e+04	+0.789
41.400	+1.579e+03	+6.710e+03	+9.800e+03	+0.809
41.500	+1.932e+03	+8.227e+03	+1.028e+04	+0.810
41.600	+3.118e+03	+7.565e+03	+1.004e+04	+0.708
41.700	+8.487e+02	+7.453e+03	+8.939e+03	+0.898
41.800	+3.221e+03	+8.317e+03	+9.625e+03	+0.721
41.900	+2.232e+03	+8.194e+03	+9.651e+03	+0.786
42.000	+1.755e+03	+7.627e+03	+1.111e+04	+0.813
42.100	+2.540e+03	+8.304e+03	+9.904e+03	+0.766
42.200	+2.574e+03	+7.815e+03	+1.028e+04	+0.752
42.300	+4.882e+02	+8.007e+03	+1.044e+04	+0.943
42.400	+2.831e+03	+8.619e+03	+9.699e+03	+0.753
42.500	+2.366e+03	+7.153e+03	+1.120e+04	+0.751
42.600	+1.689e+03	+8.763e+03	+9.881e+03	+0.838
42.700	+2.306e+03	+7.471e+03	+1.034e+04	+0.764
42.800	+2.016e+03	+7.909e+03	+9.586e+03	+0.797
42.900	+1.713e+03	+9.006e+03	+1.056e+04	+0.840
43.000	+2.844e+03	+8.186e+03	+9.793e+03	+0.742
43.100	+2.352e+03	+7.906e+03	+9.015e+03	+0.771
43.200	+2.105e+03	+8.751e+03	+9.335e+03	+0.806
43.300	+1.518e+03	+7.514e+03	+1.050e+04	+0.832
43.400	+1.797e+03	+6.481e+03	+1.067e+04	+0.783
43.500	+2.405e+03	+7.626e+03	+9.211e+03	+0.760
43.600	+1.254e+03	+8.371e+03	+1.103e+04	+0.870
43.700	+2.631e+03	+7.251e+03	+1.027e+04	+0.734
43.800	+2.026e+03	+7.516e+03	+9.688e+03	+0.788
43.900	+1.145e+03	+8.414e+03	+8.883e+03	+0.880
44.000	+1.045e+03	+7.916e+03	+8.209e+03	+0.883
44.100	+1.610e+03	+8.073e+03	+9.537e+03	+0.834
44.200	+2.230e+03	+7.059e+03	+1.143e+04	+0.760
44.300	+1.999e+03	+8.544e+03	+9.877e+03	+0.810
44.400	+1.037e+03	+7.412e+03	+9.713e+03	+0.877
44.500	+2.441e+03	+8.369e+03	+9.671e+03	+0.774
44.600	+1.273e+03	+7.231e+03	+8.749e+03	+0.850
44.700	+2.037e+03	+7.519e+03	+1.091e+04	+0.787
44.800	+2.425e+03	+7.417e+03	+1.066e+04	+0.754
44.900	+2.554e+03	+7.054e+03	+8.750e+03	+0.734
45.000	+3.074e+03	+7.314e+03	+8.991e+03	+0.704
45.100	+3.415e+03	+8.460e+03	+9.398e+03	+0.712
45.200	+1.583e+03	+7.716e+03	+1.018e+04	+0.830
45.300	+2.202e+03	+8.125e+03	+9.650e+03	+0.787
45.400	+1.216e+03	+8.318e+03	+1.025e+04	+0.872
45.500	+2.545e+03	+9.136e+03	+1.027e+04	+0.782
45.600	+1.762e+03	+7.617e+03	+9.148e+03	+0.812
45.700	+1.164e+03	+8.136e+03	+9.070e+03	+0.875
45.800	+2.026e+03	+8.871e+03	+1.032e+04	+0.814
45.900	+1.429e+03	+7.550e+03	+8.705e+03	+0.841
46.000	+1.865e+03	+8.311e+03	+1.059e+04	+0.817
46.100	+9.569e+02	+7.617e+03	+1.110e+04	+0.888
46.200	+1.396e+03	+8.219e+03	+9.071e+03	+0.855
46.300	+3.350e+03	+8.666e+03	+9.585e+03	+0.721
46.400	+1.720e+03	+7.915e+03	+1.023e+04	+0.821
46.500	+3.200e+03	+8.071e+03	+1.022e+04	+0.716
46.600	+1.941e+03	+8.520e+03	+9.503e+03	+0.814
46.700	+1.309e+03	+8.487e+03	+9.707e+03	+0.866
46.800	+2.225e+03	+8.012e+03	+9.298e+03	+0.783
46.900	+9.018e+02	+9.206e+03	+1.147e+04	+0.911
47.000	+1.705e+03	+6.824e+03	+1.128e+04	+0.800
47.100	+1.237e+03	+7.565e+03	+1.105e+04	+0.859
47.200	+2.367e+03	+7.098e+03	+1.052e+04	+0.750
47.300	+2.802e+03	+7.517e+03	+9.321e+03	+0.728
47.400	+1.193e+03	+7.306e+03	+9.080e+03	+0.860
47.500	+2.220e+03	+8.302e+03	+1.011e+04	+0.789
47.600	+2.142e+03	+8.161e+03	+8.834e+03	+0.792
47.700	+1.970e+03	+7.524e+03	+9.112e+03	+0.792
47.800	+7.861e+02	+8.297e+03	+1.097e+04	+0.913
47.900	+2.305e+03	+8.267e+03	+1.065e+04	+0.782
48.000	+1.751e+03	+8.045e+03	+1.000e+04	+0.821
48.100	+2.116e+03	+8.249e+03	+1.000e+04	+0.796
48.200	+2.852e+03	+7.274e+03	+1.047e+04	+0.718
48.300	+1.710e+03	+7.996e+03	+1.091e+04	+0.824
48.400	+1.270e+03	+8.172e+03	+1.059e+04	+0.866
48.500	+2.779e+03	+8.346e+03	+9.148e+03	+0.750
48.600	+1.748e+03	+7.892e+03	+9.701e+03	+0.819
48.700	+9.288e+02	+7.853e+03	+1.061e+04	+0.894
48.800	+3.311e+03	+8.297e+03	+1.024e+04	+0.715
48.900	+1.956e+03	+8.140e+03	+1.072e+04	+0.806
49.000	+1.307e+03	+7.244e+03	+1.027e+04	+0.847
49.100	+2.533e+03	+6.959e+03	+9.884e+03	+0.733
49.200	+1.641e+03	+7.758e+03	+1.124e+04	+0.825
49.300	+2.422e+03	+8.503e+03	+9.889e+03	+0.778
49.400	+2.723e+03	+8.460e+03	+1.031e+04	+0.757
49.500	+1.940e+03	+9.206e+03	+9.754e+03	+0.826
49.600	+2.181e+03	+7.020e+03	+8.867e+03	+0.763
49.700	+1.753e+03	+6.962e+03	+9.893e+03	+0.799
49.800	+2.751e+03	+7.015e+03	+1.103e+04	+0.718
49.900	+2.963e+03	+7.314e+03	+9.039e+03	+0.712
50.000	+2.155e+03	+7.140e+03	+8.857e+03	+0.768
50.100	+3.090e+03	+7.742e+03	+8.733e+03	+0.715
50.200	+9.281e+02	+7.750e+03	+1.029e+04	+0.893
50.300	+1.270e+03	+7.811e+03	+9.920e+03	+0.860
50.400	+2.931e+03	+7.194e+03	+1.010e+04	+0.711
50.500	+1.307e+03	+8.047e+03	+9.070e+03	+0.860
50.600	+3.445e+03	+6.834e+03	+1.038e+04	+0.665
50.700	+3.916e+03	+5.769e+03	+9.706e+03	+0.596
50.800	+2.910e+03	+4.096e+03	+9.282e+03	+0.585
50.900	+5.080e+03	+4.894e+03	+9.508e+03	+0.491
51.000	+4.292e+03	+5.835e+03	+9.348e+03	+0.576
51.100	+4.736e+03	+5.515e+03	+1.052e+04	+0.538
51.200	+4.834e+03	+4.398e+03	+1.073e+04	+0.476
51.300	+3.854e+03	+3.845e+03	+1.106e+04	+0.499
51.400	+3.767e+03	+5.343e+03	+1.097e+04	+0.586
51.500	+5.424e+03	+5.708e+03	+1.040e+04	+0.513
51.600	+5.389e+03	+4.541e+03	+1.048e+04	+0.457
51.700	+7.166e+03	+6.133e+03	+9.668e+03	+0.461
51.800	+5.402e+03	+4.980e+03	+1.051e+04	+0.480
51.900	+6.875e+03	+5.502e+03	+1.016e+04	+0.445
52.000	+5.719e+03	+6.539e+03	+9.230e+03	+0.533
52.100	+5.307e+03	+4.047e+03	+9.248e+03	+0.433
52.200	+6.079e+03	+4.513e+03	+1.156e+04	+0.426
52.300	+8.855e+03	+3.364e+03	+1.047e+04	+0.275
52.400	+7.704e+03	+2.391e+03	+9.864e+03	+0.237
52.500	+7.218e+03	+1.946e+03	+1.197e+04	+0.212
52.600	+6.605e+03	+3.123e+03	+9.235e+03	+0.321
52.700	+6.940e+03	+2.057e+03	+9.504e+03	+0.229
52.800	+6.303e+03	+1.163e+03	+1.024e+04	+0.156
52.900	+7.396e+03	+2.792e+03	+1.049e+04	+0.274
53.000	+7.305e+03	+2.791e+03	+9.852e+03	+0.276
53.100	+6.628e+03	+2.375e+03	+8.483e+03	+0.264
53.200	+7.484e+03	+2.069e+03	+9.493e+03	+0.217
53.300	+7.976e+03	+1.495e+03	+1.041e+04	+0.158
53.400	+7.562e+03	+3.431e+03	+9.726e+03	+0.312
53.500	+7.188e+03	+3.118e+03	+9.448e+03	+0.303
53.600	+7.844e+03	+3.008e+03	+1.080e+04	+0.277
53.700	+7.171e+03	+2.286e+03	+1.040e+04	+0.242
53.800	+7.364e+03	+4.066e+03	+9.401e+03	+0.356
53.900	+8.073e+03	+3.580e+03	+1.055e+04	+0.307
54.000	+7.173e+03	+3.426e+03	+9.865e+03	+0.323
54.100	+7.575e+03	+2.144e+03	+9.928e+03	+0.221
54.200	+7.810e+03	+1.805e+03	+1.050e+04	+0.188
54.300	+6.516e+03	+3.523e+03	+9.636e+03	+0.351
54.400	+7.878e+03	+2.694e+03	+1.019e+04	+0.255
54.500	+7.775e+03	+2.224e+03	+9.414e+03	+0.222
54.600	+7.566e+03	+2.901e+03	+1.005e+04	+0.277
54.700	+7.900e+03	+2.701e+03	+9.579e+03	+0.255
54.800	+6.177e+03	+3.102e+03	+8.581e+03	+0.334
54.900	+7.955e+03	+1.057e+03	+1.125e+04	+0.117
55.000	+6.470e+03	+2.707e+03	+1.019e+04	+0.295
55.100	+7.694e+03	+3.189e+03	+1.140e+04	+0.293
55.200	+6.490e+03	+3.140e+03	+9.817e+03	+0.326
55.300	+7.974e+03	+2.797e+03	+9.641e+03	+0.260
55.400	+6.990e+03	+2.147e+03	+9.761e+03	+0.235
55.500	+7.311e+03	+3.469e+03	+1.058e+04	+0.322
55.600	+6.759e+03	+3.180e+03	+9.557e+03	+0.320
55.700	+6.950e+03	+3.542e+03	+9.979e+03	+0.338
55.800	+7.650e+03	+2.578e+03	+9.166e+03	+0.252
55.900	+7.158e+03	+2.226e+03	+1.062e+04	+0.237
56.000	+7.103e+03	+2.432e+03	+9.971e+03	+0.255
56.100	+7.204e+03	+3.006e+03	+9.968e+03	+0.294
56.200	+7.624e+03	+3.368e+03	+9.937e+03	+0.306
56.300	+6.092e+03	+2.237e+03	+1.099e+04	+0.269
56.400	+7.584e+03	+2.060e+03	+9.625e+03	+0.214
56.500	+7.883e+03	+2.582e+03	+8.989e+03	+0.247
56.600	+7.567e+03	+2.384e+03	+1.025e+04	+0.240
56.700	+8.025e+03	+3.180e+03	+9.152e+03	+0.284
56.800	+8.438e+03	+3.061e+03	+9.708e+03	+0.266
56.900	+8.763e+03	+3.208e+03	+1.013e+04	+0.268
57.000	+8.209e+03	+2.992e+03	+1.037e+04	+0.267
57.100	+7.063e+03	+3.079e+03	+9.922e+03	+0.304
57.200	+7.954e+03	+1.876e+03	+9.618e+03	+0.191
57.300	+6.406e+03	+3.027e+03	+1.066e+04	+0.321
57.400	+5.976e+03	+3.265e+03	+1.046e+04	+0.353
57.500	+8.247e+03	+2.269e+03	+9.775e+03	+0.216
57.600	+7.457e+03	+3.248e+03	+8.719e+03	+0.303
57.700	+7.583e+03	+2.234e+03	+9.659e+03	+0.228
57.800	+7.681e+03	+1.168e+03	+1.050e+04	+0.132
57.900	+8.325e+03	+2.774e+03	+1.036e+04	+0.250
58.000	+6.544e+03	+1.265e+03	+1.014e+04	+0.162
58.100	+7.133e+03	+3.294e+03	+9.374e+03	+0.316
58.200	+7.236e+03	+2.280e+03	+1.003e+04	+0.240
58.300	+8.063e+03	+3.471e+03	+9.895e+03	+0.301
58.400	+6.508e+03	+2.555e+03	+9.694e+03	+0.282
58.500	+8.117e+03	+2.253e+03	+9.631e+03	+0.217
58.600	+8.149e+03	+1.848e+03	+9.646e+03	+0.185
58.700	+7.967e+03	+1.480e+03	+1.032e+04	+0.157
58.800	+6.212e+03	+2.607e+03	+9.756e+03	+0.296
58.900	+7.112e+03	+1.270e+03	+1.134e+04	+0.152
59.000	+7.616e+03	+2.760e+03	+9.773e+03	+0.266
59.100	+7.189e+03	+3.981e+03	+1.033e+04	+0.356
59.200	+7.679e+03	+2.598e+03	+8.971e+03	+0.253
59.300	+8.027e+03	+2.233e+03	+8.870e+03	+0.218
59.400	+7.472e+03	+2.360e+03	+9.589e+03	+0.240
59.500	+8.332e+03	+1.538e+03	+1.047e+04	+0.156
59.600	+6.616e+03	+2.433e+03	+9.193e+03	+0.269
59.700	+7.087e+03	+2.306e+03	+1.107e+04	+0.246
59.800	+7.257e+03	+1.776e+03	+1.111e+04	+0.197
59.900	+5.336e+03	+4.263e+03	+1.054e+04	+0.444
60.000	+4.430e+03	+3.917e+03	+8.576e+03	+0.469
60.100	+7.127e+03	+6.096e+03	+9.988e+03	+0.461
60.200	+4.859e+03	+4.045e+03	+8.915e+03	+0.454
60.300	+5.636e+03	+4.446e+03	+1.057e+04	+0.441
60.400	+4.780e+03	+4.878e+03	+1.043e+04	+0.505
60.500	+5.025e+03	+5.130e+03	+1.065e+04	+0.505
60.600	+4.619e+03	+3.605e+03	+1.064e+04	+0.438
60.700	+4.539e+03	+6.142e+03	+1.054e+04	+0.575
60.800	+5.584e+03	+4.961e+03	+9.637e+03	+0.471
60.900	+6.319e+03	+5.729e+03	+1.072e+04	+0.476
61.000	+5.244e+03	+4.550e+03	+1.023e+04	+0.465
61.100	+5.760e+03	+5.063e+03	+9.558e+03	+0.468
61.200	+5.534e+03	+6.273e+03	+1.177e+04	+0.531
61.300	+5.043e+03	+4.581e+03	+9.764e+03	+0.476
61.400	+5.051e+03	+4.394e+03	+9.363e+03	+0.465
61.500	+4.697e+03	+5.015e+03	+1.028e+04	+0.516
61.600	+5.354e+03	+4.297e+03	+9.984e+03	+0.445
61.700	+4.663e+03	+4.592e+03	+1.144e+04	+0.496
61.800	+4.286e+03	+4.208e+03	+1.068e+04	+0.495
61.900	+4.764e+03	+4.450e+03	+1.091e+04	+0.483
62.000	+4.184e+03	+6.290e+03	+9.960e+03	+0.601
62.100	+4.064e+03	+3.969e+03	+9.661e+03	+0.494
62.200	+5.352e+03	+4.811e+03	+9.079e+03	+0.473
62.300	+5.183e+03	+6.836e+03	+1.052e+04	+0.569
62.400	+5.354e+03	+5.219e+03	+1.007e+04	+0.494
62.500	+6.089e+03	+3.971e+03	+9.389e+03	+0.395
62.600	+5.076e+03	+5.095e+03	+9.167e+03	+0.501
62.700	+5.443e+03	+5.765e+03	+1.002e+04	+0.514
62.800	+4.730e+03	+4.367e+03	+9.864e+03	+0.480
62.900	+3.858e+03	+4.799e+03	+9.559e+03	+0.554
63.000	+4.492e+03	+4.634e+03	+1.065e+04	+0.508
63.100	+4.260e+03	+4.673e+03	+9.555e+03	+0.523
63.200	+4.725e+03	+5.566e+03	+9.904e+03	+0.541
63.300	+4.369e+03	+5.882e+03	+8.366e+03	+0.574
63.400	+4.052e+03	+4.884e+03	+8.671e+03	+0.547
63.500	+4.556e+03	+6.681e+03	+9.117e+03	+0.595
63.600	+4.956e+03	+4.666e+03	+9.179e+03	+0.485
63.700	+3.967e+03	+5.353e+03	+9.462e+03	+0.574
63.800	+4.777e+03	+4.589e+03	+8.859e+03	+0.490
63.900	+3.668e+03	+5.399e+03	+1.052e+04	+0.595
64.000	+5.291e+03	+5.976e+03	+9.626e+03	+0.530
64.100	+5.287e+03	+5.148e+03	+9.964e+03	+0.493
64.200	+5.872e+03	+4.284e+03	+1.039e+04	+0.422
64.300	+4.377e+03	+5.460e+03	+9.395e+03	+0.555
64.400	+4.642e+03	+5.171e+03	+1.011e+04	+0.527
64.500	+5.046e+03	+5.738e+03	+9.274e+03	+0.532
64.600	+6.193e+03	+5.203e+03	+9.286e+03	+0.457
64.700	+5.515e+03	+5.991e+03	+9.025e+03	+0.521
64.800	+5.418e+03	+4.496e+03	+8.403e+03	+0.453
64.900	+5.431e+03	+4.096e+03	+1.092e+04	+0.430
65.000	+5.632e+03	+3.802e+03	+1.022e+04	+0.403
65.100	+5.010e+03	+5.399e+03	+9.770e+03	+0.519
65.200	+4.783e+03	+5.037e+03	+1.159e+04	+0.513
65.300	+5.739e+03	+4.800e+03	+9.309e+03	+0.455
65.400	+4.862e+03	+6.169e+03	+8.826e+03	+0.559
65.500	+5.362e+03	+4.561e+03	+9.059e+03	+0.460
65.600	+5.808e+03	+5.281e+03	+1.146e+04	+0.476
65.700	+6.861e+03	+3.546e+03	+1.101e+04	+0.341
65.800	+7.187e+03	+7.248e+02	+1.063e+04	+0.092
65.900	+6.721e+03	+2.079e+03	+9.243e+03	+0.236
66.000	+7.757e+03	+1.113e+03	+1.066e+04	+0.125
66.100	+7.674e+03	+3.564e+03	+1.071e+04	+0.317
66.200	+8.279e+03	+2.469e+03	+1.043e+04	+0.230
66.300	+6.546e+03	+2.845e+03	+1.017e+04	+0.303
66.400	+7.379e+03	+1.539e+03	+1.027e+04	+0.173
66.500	+8.315e+03	+2.437e+03	+9.013e+03	+0.227
66.600	+9.365e+03	+4.381e+03	+9.621e+03	+0.319
66.700	+7.716e+03	+1.971e+03	+1.056e+04	+0.203
66.800	+8.249e+03	+2.092e+03	+1.069e+04	+0.202
66.900	+9.472e+03	+3.706e+03	+1.072e+04	+0.281
67.000	+7.888e+03	+9.587e+02	+1.014e+04	+0.108
67.100	+8.773e+03	+1.693e+03	+9.686e+03	+0.162
67.200	+7.282e+03	+3.478e+03	+8.894e+03	+0.323
67.300	+7.286e+03	+2.906e+03	+9.958e+03	+0.285
67.400	+4.666e+03	+5.473e+03	+1.034e+04	+0.540
67.500	+4.785e+03	+6.277e+03	+9.460e+03	+0.567
67.600	+6.426e+03	+4.290e+03	+1.011e+04	+0.400
67.700	+3.741e+03	+5.024e+03	+9.994e+03	+0.573
67.800	+4.954e+03	+4.986e+03	+9.754e+03	+0.502
67.900	+4.137e+03	+4.064e+03	+1.003e+04	+0.496
68.000	+4.562e+03	+6.568e+03	+9.885e+03	+0.590
68.100	+5.510e+03	+3.231e+03	+9.605e+03	+0.370
68.200	+5.527e+03	+4.915e+03	+1.027e+04	+0.471
68.300	+4.523e+03	+3.869e+03	+9.027e+03	+0.461
68.400	+5.216e+03	+5.010e+03	+1.028e+04	+0.490
68.500	+4.572e+03	+5.446e+03	+1.106e+04	+0.544
68.600	+7.128e+03	+5.732e+03	+9.915e+03	+0.446
68.700	+4.611e+03	+3.593e+03	+9.876e+03	+0.438
68.800	+4.546e+03	+5.120e+03	+1.193e+04	+0.530
68.900	+6.417e+03	+4.606e+03	+9.703e+03	+0.418
69.000	+4.792e+03	+5.856e+03	+9.772e+03	+0.550
69.100	+5.713e+03	+3.621e+03	+1.061e+04	+0.388
69.200	+4.989e+03	+5.995e+03	+1.004e+04	+0.546
69.300	+5.060e+03	+5.156e+03	+9.792e+03	+0.505
69.400	+4.653e+03	+4.003e+03	+9.613e+03	+0.462
69.500	+5.570e+03	+4.914e+03	+1.023e+04	+0.469
69.600	+4.729e+03	+4.465e+03	+1.024e+04	+0.486
69.700	+5.178e+03	+4.372e+03	+9.806e+03	+0.458
69.800	+8.246e+03	+1.781e+03	+1.066e+04	+0.178
69.900	+8.038e+03	+2.438e+03	+1.018e+04	+0.233
70.000	+8.598e+03	+2.681e+03	+1.051e+04	+0.238
70.100	+7.683e+03	+1.818e+03	+1.074e+04	+0.191
70.200	+6.624e+03	+3.296e+03	+9.026e+03	+0.332
70.300	+7.103e+03	+1.786e+03	+1.043e+04	+0.201
70.400	+7.130e+03	+2.038e+03	+9.545e+03	+0.222
70.500	+7.479e+03	+1.739e+03	+1.047e+04	+0.189
70.600	+8.183e+03	+1.115e+03	+9.376e+03	+0.120
70.700	+7.087e+03	+2.354e+03	+9.932e+03	+0.249
70.800	+8.181e+03	+9.690e+02	+8.810e+03	+0.106
70.900	+7.882e+03	+2.367e+03	+9.576e+03	+0.231
71.000	+6.975e+03	+1.882e+03	+9.447e+03	+0.212
71.100	+8.491e+03	+2.525e+03	+1.135e+04	+0.229
71.200	+7.967e+03	+2.204e+03	+9.335e+03	+0.217
71.300	+7.588e+03	+3.361e+03	+9.999e+03	+0.307
71.400	+7.501e+03	+2.669e+03	+9.155e+03	+0.262
71.500	+8.523e+03	+2.639e+03	+8.725e+03	+0.236
71.600	+6.278e+03	+3.757e+03	+1.096e+04	+0.374
71.700	+8.136e+03	+1.505e+03	+1.028e+04	+0.156
71.800	+6.069e+03	+3.128e+03	+9.885e+03	+0.340
71.900	+7.310e+03	+1.813e+03	+9.806e+03	+0.199
72.000	+6.778e+03	+1.526e+03	+9.475e+03	+0.184
72.100	+6.293e+03	+2.732e+03	+9.487e+03	+0.303
72.200	+6.098e+03	+2.757e+03	+1.078e+04	+0.311
72.300	+6.614e+03	+2.891e+03	+9.980e+03	+0.304
72.400	+6.336e+03	+2.164e+03	+1.143e+04	+0.255
72.500	+7.716e+03	+1.082e+03	+1.054e+04	+0.123
72.600	+7.628e+03	+2.733e+03	+9.332e+03	+0.264
72.700	+6.914e+03	+1.652e+03	+1.028e+04	+0.193
72.800	+7.193e+03	+2.675e+03	+1.092e+04	+0.271
72.900	+7.063e+03	+2.719e+03	+1.078e+04	+0.278
73.000	+7.704e+03	+3.666e+02	+9.984e+03	+0.045
73.100	+7.603e+03	+3.360e+03	+1.086e+04	+0.306
73.200	+6.896e+03	+1.841e+03	+9.371e+03	+0.211
73.300	+7.775e+03	+3.523e+03	+9.663e+03	+0.312
73.400	+7.882e+03	+2.122e+03	+1.070e+04	+0.212
73.500	+6.723e+03	+8.829e+02	+1.090e+04	+0.116
73.600	+7.118e+03	+2.739e+03	+9.894e+03	+0.278
73.700	+6.007e+03	+1.870e+03	+1.005e+04	+0.237
73.800	+8.580e+03	+2.876e+03	+1.032e+04	+0.251
73.900	+6.572e+03	+2.107e+03	+9.130e+03	+0.243
74.000	+7.169e+03	+2.967e+03	+9.028e+03	+0.293
74.100	+6.360e+03	+3.054e+03	+1.014e+04	+0.324
74.200	+7.106e+03	+2.109e+03	+1.027e+04	+0.229
74.300	+7.160e+03	+2.484e+03	+1.055e+04	+0.258
74.400	+7.586e+03	+2.766e+03	+1.005e+04	+0.267
74.500	+8.071e+03	+2.213e+03	+1.015e+04	+0.215
74.600	+7.850e+03	+2.005e+03	+9.143e+03	+0.203
74.700	+6.973e+03	+2.475e+03	+1.053e+04	+0.262
74.800	+6.830e+03	+2.962e+03	+9.722e+03	+0.302
74.900	+7.490e+03	+3.395e+03	+9.839e+03	+0.312
75.000	+6.877e+03	+3.255e+03	+1.063e+04	+0.321
75.100	+7.655e+03	+2.672e+03	+1.000e+04	+0.259
75.200	+7.795e+03	+1.806e+03	+1.079e+04	+0.188
75.300	+5.881e+03	+3.312e+03	+1.089e+04	+0.360
75.400	+6.613e+03	+3.513e+03	+1.048e+04	+0.347
75.500	+7.929e+03	+2.268e+03	+9.474e+03	+0.222
75.600	+7.689e+03	+2.120e+03	+9.260e+03	+0.216
75.700	+8.074e+03	+3.109e+03	+9.975e+03	+0.278
75.800	+7.363e+03	+2.179e+03	+1.021e+04	+0.228
75.900	+7.711e+03	+2.339e+03	+9.187e+03	+0.233
76.000	+7.176e+03	+2.399e+03	+1.042e+04	+0.251
76.100	+7.164e+03	+2.461e+03	+8.938e+03	+0.256
76.200	+7.047e+03	+1.308e+03	+9.102e+03	+0.157
76.300	+7.492e+03	+3.496e+03	+9.956e+03	+0.318
76.400	+6.729e+03	+3.637e+03	+1.017e+04	+0.351
76.500	+7.537e+03	+3.116e+03	+1.075e+04	+0.292
76.600	+6.949e+03	+1.845e+03	+9.618e+03	+0.210
76.700	+6.714e+03	+2.205e+03	+1.033e+04	+0.247
76.800	+7.439e+03	+3.958e+03	+1.010e+04	+0.347
76.900	+7.347e+03	+2.523e+03	+1.054e+04	+0.256
77.000	+6.968e+03	+2.919e+03	+9.731e+03	+0.295
77.100	+8.706e+03	+2.743e+03	+9.734e+03	+0.240
77.200	+7.479e+03	+2.639e+03	+8.838e+03	+0.261
77.300	+7.874e+03	+1.960e+03	+1.050e+04	+0.199
77.400	+7.181e+03	+2.010e+03	+9.914e+03	+0.219
77.500	+8.478e+03	+3.459e+03	+1.008e+04	+0.290
77.600	+7.802e+03	+2.275e+03	+9.433e+03	+0.226
77.700	+7.631e+03	+2.601e+03	+1.009e+04	+0.254
77.800	+8.179e+03	+2.333e+03	+1.084e+04	+0.222
77.900	+6.923e+03	+2.660e+03	+9.034e+03	+0.278
78.000	+8.256e+03	+1.984e+03	+8.900e+03	+0.194
78.100	+6.740e+03	+3.138e+03	+1.036e+04	+0.318
78.200	+8.502e+03	+2.654e+03	+9.976e+03	+0.238
78.300	+6.601e+03	+4.137e+03	+1.015e+04	+0.385
78.400	+7.654e+03	+2.128e+03	+9.410e+03	+0.218
78.500	+7.058e+03	+2.498e+03	+9.871e+03	+0.261
78.600	+7.272e+03	+1.261e+03	+1.047e+04	+0.148
78.700	+6.648e+03	+2.373e+03	+9.440e+03	+0.263
78.800	+8.513e+03	+2.337e+03	+9.866e+03	+0.215
78.900	+7.449e+03	+2.290e+03	+1.003e+04	+0.235
79.000	+9.040e+03	+2.865e+03	+1.029e+04	+0.241
79.100	+8.650e+03	+2.577e+03	+1.080e+04	+0.230
79.200	+8.014e+03	+2.984e+03	+9.619e+03	+0.271
79.300	+7.129e+03	+3.396e+03	+1.135e+04	+0.323
79.400	+7.208e+03	+3.695e+03	+9.527e+03	+0.339
79.500	+7.225e+03	+2.678e+03	+1.011e+04	+0.270
79.600	+6.681e+03	+1.944e+03	+1.054e+04	+0.225
79.700	+7.902e+03	+1.427e+03	+9.203e+03	+0.153
79.800	+8.273e+03	+2.948e+03	+8.958e+03	+0.263
79.900	+8.756e+03	+2.856e+03	+9.981e+03	+0.246
80.000	+6.244e+03	+2.088e+03	+1.042e+04	+0.251
80.100	+7.880e+03	+1.065e+03	+9.926e+03	+0.119
80.200	+9.282e+03	+9.233e+02	+1.047e+04	+0.090
80.300	+8.156e+03	+2.715e+03	+9.673e+03	+0.250
80.400	+7.262e+03	+2.406e+03	+1.085e+04	+0.249
80.500	+9.447e+03	+2.529e+03	+1.113e+04	+0.211
80.600	+6.969e+03	+2.270e+03	+9.928e+03	+0.246
80.700	+7.241e+03	+2.912e+03	+9.954e+03	+0.287
80.800	+6.648e+03	+2.497e+03	+9.948e+03	+0.273
80.900	+6.688e+03	+2.978e+03	+1.010e+04	+0.308
81.000	+6.927e+03	+2.417e+03	+9.876e+03	+0.259
81.100	+6.313e+03	+2.650e+03	+9.748e+03	+0.296
81.200	+7.062e+03	+2.144e+03	+1.023e+04	+0.233
81.300	+8.234e+03	+2.816e+03	+1.057e+04	+0.255
81.400	+7.627e+03	+2.491e+03	+1.015e+04	+0.246
81.500	+8.636e+03	+2.976e+03	+1.020e+04	+0.256
81.600	+6.546e+03	+3.149e+03	+1.073e+04	+0.325
81.700	+8.271e+03	+2.234e+03	+9.489e+03	+0.213
81.800	+7.963e+03	+2.736e+03	+9.865e+03	+0.256
81.900	+7.232e+03	+3.018e+03	+1.005e+04	+0.294
82.000	+8.116e+03	+1.917e+03	+9.298e+03	+0.191
82.100	+6.733e+03	+2.659e+03	+9.631e+03	+0.283
82.200	+7.970e+03	+2.356e+03	+8.790e+03	+0.228
82.300	+7.535e+03	+1.862e+03	+9.741e+03	+0.198
82.400	+7.654e+03	+3.522e+03	+8.782e+03	+0.315
82.500	+7.676e+03	+1.734e+03	+1.174e+04	+0.184
82.600	+8.225e+03	+2.352e+03	+9.263e+03	+0.222
82.700	+7.160e+03	+1.570e+03	+9.626e+03	+0.180
82.800	+7.051e+03	+1.917e+03	+9.990e+03	+0.214
82.900	+6.952e+03	+3.312e+03	+9.300e+03	+0.323
83.000	+5.742e+03	+1.478e+03	+8.315e+03	+0.205
83.100	+7.871e+03	+2.125e+03	+1.087e+04	+0.213
83.200	+7.544e+03	+1.642e+03	+9.817e+03	+0.179
83.300	+7.750e+03	+2.497e+03	+8.793e+03	+0.244
83.400	+7.593e+03	+3.174e+03	+9.152e+03	+0.295
83.500	+7.495e+03	+1.399e+03	+9.681e+03	+0.157
83.600	+8.094e+03	+3.092e+03	+1.003e+04	+0.276
83.700	+7.924e+03	+2.559e+03	+9.444e+03	+0.244
83.800	+6.879e+03	+2.155e+03	+1.064e+04	+0.239
83.900	+6.809e+03	+1.408e+03	+8.861e+03	+0.171
84.000	+7.696e+03	+1.096e+03	+9.989e+03	+0.125
84.100	+7.502e+03	+1.477e+03	+1.067e+04	+0.164
84.200	+7.718e+03	+3.940e+03	+1.029e+04	+0.338
84.300	+7.347e+03	+2.857e+03	+1.029e+04	+0.280
84.400	+6.725e+03	+2.819e+03	+9.455e+03	+0.295
84.500	+6.386e+03	+2.566e+03	+9.831e+03	+0.287
84.600	+7.316e+03	+2.347e+03	+9.069e+03	+0.243
84.700	+6.655e+03	+3.510e+03	+9.682e+03	+0.345
84.800	+6.932e+03	+2.473e+03	+1.011e+04	+0.263
84.900	+7.195e+03	+1.816e+03	+1.103e+04	+0.202
85.000	+8.157e+03	+1.975e+03	+1.039e+04	+0.195
85.100	+7.701e+03	+2.021e+03	+1.108e+04	+0.208
85.200	+8.365e+03	+3.132e+03	+9.036e+03	+0.272
85.300	+8.096e+03	+2.921e+03	+9.890e+03	+0.265
85.400	+7.083e+03	+3.890e+03	+9.761e+03	+0.355
85.500	+7.917e+03	+3.119e+03	+8.802e+03	+0.283
85.600	+7.182e+03	+2.184e+03	+1.155e+04	+0.233
85.700	+7.647e+03	+1.911e+03	+9.437e+03	+0.200
85.800	+6.094e+03	+2.814e+03	+9.284e+03	+0.316
85.900	+8.274e+03	+3.516e+03	+1.033e+04	+0.298
86.000	+7.349e+03	+2.632e+03	+8.769e+03	+0.264
86.100	+9.270e+03	+3.532e+03	+1.023e+04	+0.276
86.200	+7.435e+03	+2.733e+03	+1.134e+04	+0.269
86.300	+7.075e+03	+3.100e+03	+8.930e+03	+0.305
86.400	+6.992e+03	+1.684e+03	+1.084e+04	+0.194
86.500	+8.048e+03	+2.600e+03	+9.995e+03	+0.244
86.600	+6.864e+03	+2.721e+03	+9.652e+03	+0.284
86.700	+6.364e+03	+2.222e+03	+1.083e+04	+0.259
86.800	+7.319e+03	+3.278e+03	+1.067e+04	+0.309
86.900	+8.781e+03	+3.758e+03	+9.949e+03	+0.300
87.000	+7.420e+03	+2.581e+03	+1.103e+04	+0.258
87.100	+6.686e+03	+2.978e+03	+1.044e+04	+0.308
87.200	+7.479e+03	+3.077e+03	+9.778e+03	+0.291
87.300	+7.472e+03	+3.112e+03	+1.005e+04	+0.294
87.400	+5.475e+03	+2.754e+03	+8.156e+03	+0.335
87.500	+7.875e+03	+3.820e+03	+1.015e+04	+0.327
87.600	+7.327e+03	+2.215e+03	+8.935e+03	+0.232
87.700	+8.027e+03	+3.439e+03	+9.900e+03	+0.300
87.800	+8.343e+03	+3.002e+03	+9.864e+03	+0.265
87.900	+9.157e+03	+1.348e+03	+1.092e+04	+0.128
88.000	+7.104e+03	+1.417e+03	+9.783e+03	+0.166
88.100	+7.371e+03	+2.046e+03	+1.067e+04	+0.217
88.200	+6.122e+03	+1.646e+03	+9.619e+03	+0.212
88.300	+7.082e+03	+2.088e+03	+9.912e+03	+0.228
88.400	+8.227e+03	+2.059e+03	+1.096e+04	+0.200
88.500	+6.361e+03	+1.384e+03	+1.037e+04	+0.179
88.600	+7.088e+03	+3.221e+03	+9.082e+03	+0.312
88.700	+6.881e+03	+2.395e+03	+1.067e+04	+0.258
88.800	+6.926e+03	+1.091e+03	+8.601e+03	+0.136
88.900	+7.517e+03	+1.947e+03	+1.046e+04	+0.206
89.000	+6.862e+03	+3.210e+03	+1.036e+04	+0.319
89.100	+5.048e+03	+5.940e+03	+1.063e+04	+0.541
89.200	+4.723e+03	+4.648e+03	+9.072e+03	+0.496
89.300	+5.120e+03	+5.621e+03	+9.618e+03	+0.523
89.400	+4.937e+03	+4.560e+03	+1.073e+04	+0.480
89.500	+5.602e+03	+6.402e+03	+1.098e+04	+0.533
89.600	+5.246e+03	+5.988e+03	+9.763e+03	+0.533
89.700	+3.938e+03	+5.008e+03	+1.059e+04	+0.560
89.800	+6.236e+03	+2.712e+03	+9.846e+03	+0.303
89.900	+4.774e+03	+5.407e+03	+1.048e+04	+0.531
90.000	+4.999e+03	+4.706e+03	+9.653e+03	+0.485
90.100	+5.508e+03	+4.221e+03	+1.024e+04	+0.434
90.200	+4.594e+03	+5.704e+03	+1.051e+04	+0.554
90.300	+4.887e+03	+4.188e+03	+8.732e+03	+0.461
90.400	+5.546e+03	+4.285e+03	+9.313e+03	+0.436
90.500	+6.459e+03	+4.547e+03	+8.693e+03	+0.413
90.600	+5.824e+03	+5.620e+03	+1.016e+04	+0.491
90.700	+5.042e+03	+4.717e+03	+1.004e+04	+0.483
90.800	+5.219e+03	+5.148e+03	+9.827e+03	+0.497
90.900	+4.675e+03	+4.583e+03	+1.065e+04	+0.495
91.000	+4.578e+03	+6.654e+03	+9.855e+03	+0.592
91.100	+4.563e+03	+5.218e+03	+1.013e+04	+0.534
91.200	+5.218e+03	+4.041e+03	+1.003e+04	+0.436
91.300	+3.782e+03	+4.970e+03	+9.911e+03	+0.568
91.400	+6.284e+03	+5.735e+03	+1.063e+04	+0.477
91.500	+3.377e+03	+5.577e+03	+9.494e+03	+0.623
91.600	+4.004e+03	+4.577e+03	+1.045e+04	+0.533
91.700	+5.840e+03	+4.109e+03	+9.348e+03	+0.413
91.800	+4.975e+03	+5.676e+03	+1.028e+04	+0.533
91.900	+5.497e+03	+5.042e+03	+1.034e+04	+0.478
92.000	+5.200e+03	+5.081e+03	+1.072e+04	+0.494
92.100	+4.720e+03	+4.260e+03	+9.604e+03	+0.474
92.200	+4.829e+03	+5.046e+03	+1.113e+04	+0.511
92.300	+4.413e+03	+4.854e+03	+1.042e+04	+0.524
92.400	+4.524e+03	+5.183e+03	+9.600e+03	+0.534
92.500	+5.916e+03	+5.304e+03	+9.535e+03	+0.473
92.600	+4.453e+03	+5.746e+03	+9.912e+03	+0.563
92.700	+5.384e+03	+4.646e+03	+1.173e+04	+0.463
92.800	+5.200e+03	+4.603e+03	+1.062e+04	+0.470
92.900	+4.893e+03	+4.563e+03	+1.023e+04	+0.483
93.000	+4.843e+03	+4.465e+03	+1.073e+04	+0.480
93.100	+4.211e+03	+4.092e+03	+1.099e+04	+0.493
93.200	+5.571e+03	+4.908e+03	+1.014e+04	+0.468
93.300	+6.572e+03	+5.396e+03	+1.049e+04	+0.451
93.400	+3.715e+03	+4.796e+03	+1.045e+04	+0.563
93.500	+5.016e+03	+5.139e+03	+9.996e+03	+0.506
93.600	+4.193e+03	+6.280e+03	+9.991e+03	+0.600
93.700	+5.806e+03	+4.948e+03	+1.030e+04	+0.460
93.800	+8.336e+03	+2.781e+03	+1.001e+04	+0.250
93.900	+7.270e+03	+1.984e+03	+9.813e+03	+0.214
94.000	+6.663e+03	+3.902e+03	+9.697e+03	+0.369
94.100	+5.144e+03	+5.096e+03	+1.085e+04	+0.498
94.200	+4.945e+03	+4.965e+03	+1.099e+04	+0.501
94.300	+4.720e+03	+5.613e+03	+1.017e+04	+0.543
94.400	+5.170e+03	+5.416e+03	+1.033e+04	+0.512
94.500	+4.498e+03	+5.393e+03	+1.102e+04	+0.545
94.600	+4.259e+03	+6.045e+03	+9.857e+03	+0.587
94.700	+6.914e+03	+2.968e+03	+9.512e+03	+0.300
94.800	+7.643e+03	+3.044e+03	+9.873e+03	+0.285
94.900	+7.592e+03	+2.678e+03	+8.821e+03	+0.261
95.000	+8.096e+03	+2.349e+03	+1.037e+04	+0.225
95.100	+8.415e+03	+1.161e+03	+9.908e+03	+0.121
95.200	+6.747e+03	+1.858e+03	+8.925e+03	+0.216
95.300	+7.147e+03	+3.310e+03	+8.989e+03	+0.317
95.400	+7.099e+03	+1.791e+03	+1.012e+04	+0.201
95.500	+7.804e+03	+3.479e+03	+1.134e+04	+0.308
95.600	+7.629e+03	+2.413e+03	+9.484e+03	+0.240
95.700	+7.700e+03	+1.981e+03	+1.058e+04	+0.205
95.800	+7.517e+03	+2.853e+03	+1.044e+04	+0.275
95.900	+7.714e+03	+3.255e+03	+9.354e+03	+0.297
96.000	+7.785e+03	+1.136e+03	+9.849e+03	+0.127
96.100	+8.640e+03	+2.859e+03	+9.317e+03	+0.249
96.200	+6.510e+03	+1.959e+03	+9.892e+03	+0.231
96.300	+7.825e+03	+2.788e+03	+9.968e+03	+0.263
96.400	+7.753e+03	+2.787e+03	+8.653e+03	+0.264
96.500	+7.646e+03	+2.354e+03	+9.223e+03	+0.235
96.600	+6.146e+03	+1.919e+03	+9.644e+03	+0.238
96.700	+8.315e+03	+9.210e+02	+1.044e+04	+0.100
96.800	+7.137e+03	+2.621e+03	+1.030e+04	+0.269
96.900	+7.550e+03	+1.889e+03	+9.900e+03	+0.200
97.000	+7.691e+03	+3.820e+03	+1.066e+04	+0.332
97.100	+6.448e+03	+2.804e+03	+1.088e+04	+0.303
97.200	+8.086e+03	+1.068e+03	+1.088e+04	+0.117
97.300	+8.222e+03	+1.154e+03	+1.023e+04	+0.123
97.400	+7.446e+03	+2.460e+03	+1.085e+04	+0.248
97.500	+7.883e+03	+1.250e+03	+9.851e+03	+0.137
97.600	+7.495e+03	+3.399e+03	+9.745e+03	+0.312
97.700	+7.539e+03	+2.164e+03	+8.982e+03	+0.223
97.800	+7.008e+03	+2.628e+03	+9.951e+03	+0.273
97.900	+7.579e+03	+3.672e+03	+9.938e+03	+0.326
98.000	+8.319e+03	+2.659e+03	+9.741e+03	+0.242
98.100	+7.315e+03	+1.969e+03	+1.185e+04	+0.212
98.200	+9.196e+03	+2.454e+03	+1.037e+04	+0.211
98.300	+7.946e+03	+2.437e+03	+1.156e+04	+0.235
98.400	+6.960e+03	+3.099e+03	+9.349e+03	+0.308
98.500	+7.203e+03	+1.168e+03	+1.028e+04	+0.140
98.600	+7.317e+03	+2.111e+03	+9.959e+03	+0.224
98.700	+7.680e+03	+2.002e+03	+9.475e+03	+0.207
98.800	+7.317e+03	+3.906e+03	+9.607e+03	+0.348
98.900	+7.089e+03	+2.718e+03	+1.034e+04	+0.277
99.000	+8.036e+03	+2.730e+03	+1.021e+04	+0.254
99.100	+7.026e+03	+1.739e+03	+1.010e+04	+0.198
99.200	+8.423e+03	+2.485e+03	+8.732e+03	+0.228
99.300	+7.455e+03	+1.415e+03	+1.113e+04	+0.160
99.400	+6.944e+03	+1.310e+03	+9.623e+03	+0.159
99.500	+8.093e+03	+3.278e+03	+9.685e+03	+0.288
99.600	+7.552e+03	+1.238e+03	+1.042e+04	+0.141
99.700	+7.325e+03	+2.704e+03	+1.068e+04	+0.270
99.800	+7.395e+03	+3.573e+03	+1.002e+04	+0.326
99.900	+8.744e+03	+2.262e+03	+1.043e+04	+0.206
100.000	+7.614e+03	+1.482e+03	+9.604e+03	+0.163
100.100	+7.259e+03	+1.965e+03	+9.170e+03	+0.213
100.200	+7.983e+03	+1.828e+03	+8.609e+03	+0.186
100.300	+8.268e+03	+2.848e+03	+1.040e+04	+0.256
100.400	+7.870e+03	+1.766e+03	+9.159e+03	+0.183
100.500	+7.189e+03	+2.205e+03	+9.602e+03	+0.235
100.600	+7.173e+03	+2.243e+03	+1.078e+04	+0.238
100.700	+7.214e+03	+2.507e+03	+1.046e+04	+0.258
100.800	+8.110e+03	+3.236e+03	+9.877e+03	+0.285
100.900	+8.434e+03	+2.350e+03	+9.795e+03	+0.218
101.000	+7.960e+03	+3.304e+03	+9.989e+03	+0.293
101.100	+6.694e+03	+2.352e+03	+9.870e+03	+0.260
101.200	+6.842e+03	+2.673e+03	+1.040e+04	+0.281
101.300	+7.553e+03	+2.704e+03	+1.005e+04	+0.264
101.400	+6.236e+03	+2.893e+03	+1.076e+04	+0.317
101.500	+7.319e+03	+3.520e+03	+9.518e+03	+0.325
101.600	+6.928e+03	+2.956e+03	+1.164e+04	+0.299
101.700	+6.890e+03	+2.709e+03	+1.029e+04	+0.282
101.800	+6.828e+03	+2.293e+03	+1.009e+04	+0.251
101.900	+7.523e+03	+3.605e+03	+9.359e+03	+0.324
102.000	+6.221e+03	+1.793e+03	+8.580e+03	+0.224
102.100	+7.851e+03	+3.269e+03	+1.026e+04	+0.294
102.200	+6.803e+03	+2.159e+03	+1.058e+04	+0.241
102.300	+7.789e+03	+2.895e+03	+1.089e+04	+0.271
102.400	+7.295e+03	+1.723e+03	+1.006e+04	+0.191
102.500	+8.535e+03	+2.174e+03	+1.155e+04	+0.203
102.600	+7.433e+03	+1.970e+03	+1.089e+04	+0.210
102.700	+6.005e+03	+1.892e+03	+1.026e+04	+0.240
102.800	+6.223e+03	+1.242e+03	+9.814e+03	+0.166
102.900	+6.392e+03	+3.041e+03	+1.085e+04	+0.322
103.000	+9.174e+03	+2.839e+03	+9.973e+03	+0.236
103.100	+7.588e+03	+2.374e+03	+1.036e+04	+0.238
103.200	+6.772e+03	+4.182e+03	+1.020e+04	+0.382
103.300	+7.497e+03	+2.628e+03	+1.039e+04	+0.260
103.400	+7.092e+03	+1.086e+03	+1.015e+04	+0.133
103.500	+7.222e+03	+1.601e+03	+1.066e+04	+0.181
103.600	+8.028e+03	+3.346e+03	+9.534e+03	+0.294
103.700	+8.099e+03	+3.035e+03	+9.824e+03	+0.273
103.800	+8.819e+03	+1.349e+03	+1.006e+04	+0.133
103.900	+7.319e+03	+2.843e+03	+1.068e+04	+0.280
104.000	+7.689e+03	+2.983e+03	+1.129e+04	+0.280
104.100	+7.468e+03	+2.570e+03	+9.679e+03	+0.256
104.200	+5.838e+03	+4.414e+03	+1.101e+04	+0.431
104.300	+4.819e+03	+4.782e+03	+9.893e+03	+0.498
104.400	+5.649e+03	+5.854e+03	+8.416e+03	+0.509
104.500	+4.743e+03	+5.232e+03	+1.049e+04	+0.525
104.600	+5.915e+03	+5.183e+03	+1.041e+04	+0.467
104.700	+4.344e+03	+5.177e+03	+1.066e+04	+0.544
104.800	+4.740e+03	+4.449e+03	+1.084e+04	+0.484
104.900	+6.498e+03	+5.832e+03	+9.413e+03	+0.473
105.000	+6.629e+03	+4.882e+03	+1.024e+04	+0.424
105.100	+6.932e+03	+2.862e+03	+1.043e+04	+0.292
105.200	+6.668e+03	+2.809e+03	+1.040e+04	+0.296
105.300	+8.342e+03	+3.211e+03	+9.994e+03	+0.278
105.400	+6.851e+03	+1.950e+03	+8.543e+03	+0.222
105.500	+8.489e+03	+3.368e+03	+1.062e+04	+0.284
105.600	+7.071e+03	+2.791e+03	+1.028e+04	+0.283
105.700	+8.139e+03	+3.338e+03	+9.572e+03	+0.291
105.800	+7.972e+03	+2.870e+03	+1.062e+04	+0.265
105.900	+7.486e+03	+4.724e+03	+1.019e+04	+0.387
106.000	+8.056e+03	+2.173e+03	+9.900e+03	+0.212
106.100	+7.448e+03	+3.176e+03	+1.046e+04	+0.299
106.200	+8.231e+03	+2.627e+03	+9.316e+03	+0.242
106.300	+7.080e+03	+3.794e+03	+1.112e+04	+0.349
106.400	+7.777e+03	+2.304e+03	+1.063e+04	+0.229
106.500	+9.018e+03	+2.295e+03	+1.025e+04	+0.203
106.600	+6.795e+03	+3.079e+03	+1.117e+04	+0.312
106.700	+7.420e+03	+2.128e+03	+9.024e+03	+0.223
106.800	+7.166e+03	+2.242e+03	+9.255e+03	+0.238
106.900	+5.847e+03	+1.630e+03	+1.042e+04	+0.218
107.000	+7.943e+03	+2.461e+03	+1.003e+04	+0.237
107.100	+6.375e+03	+1.886e+03	+1.037e+04	+0.228
107.200	+6.907e+03	+3.172e+03	+8.857e+03	+0.315
107.300	+7.577e+03	+2.493e+03	+9.136e+03	+0.248
107.400	+9.078e+03	+3.553e+03	+9.324e+03	+0.281
107.500	+5.870e+03	+2.647e+03	+8.520e+03	+0.311
107.600	+6.442e+03	+1.788e+03	+9.828e+03	+0.217
107.700	+8.263e+03	+2.515e+03	+9.279e+03	+0.233
107.800	+6.386e+03	+4.374e+03	+9.017e+03	+0.407
107.900	+7.056e+03	+2.938e+03	+1.011e+04	+0.294
108.000	+8.319e+03	+1.717e+03	+1.047e+04	+0.171
108.100	+8.228e+03	+2.240e+03	+9.529e+03	+0.214
108.200	+8.116e+03	+3.503e+03	+9.036e+03	+0.301
108.300	+7.111e+03	+1.735e+03	+9.104e+03	+0.196
108.400	+6.537e+03	+2.184e+03	+9.428e+03	+0.250
108.500	+7.806e+03	+3.031e+03	+8.756e+03	+0.280
108.600	+8.065e+03	+2.340e+03	+8.804e+03	+0.225
108.700	+6.615e+03	+2.024e+03	+1.053e+04	+0.234
108.800	+6.625e+03	+3.636e+03	+1.000e+04	+0.354
108.900	+8.619e+03	+1.797e+03	+1.010e+04	+0.173
109.000	+8.324e+03	+2.627e+03	+9.744e+03	+0.240
109.100	+8.029e+03	+1.743e+03	+1.091e+04	+0.178
109.200	+8.323e+03	+2.667e+03	+1.110e+04	+0.243
109.300	+6.227e+03	+4.298e+03	+1.071e+04	+0.408
109.400	+7.921e+03	+3.484e+03	+9.248e+03	+0.305
109.500	+7.192e+03	+3.811e+03	+1.024e+04	+0.346
109.600	+7.092e+03	+3.541e+03	+9.842e+03	+0.333
109.700	+8.178e+03	+1.497e+03	+9.351e+03	+0.155
109.800	+6.756e+03	+2.991e+03	+1.114e+04	+0.307
109.900	+8.074e+03	+3.570e+03	+8.924e+03	+0.307
110.000	+8.171e+03	+1.959e+03	+9.960e+03	+0.193
110.100	+8.185e+03	+3.105e+03	+9.863e+03	+0.275
110.200	+7.140e+03	+3.346e+03	+9.997e+03	+0.319
110.300	+6.570e+03	+1.757e+03	+1.035e+04	+0.211
110.400	+7.604e+03	+1.125e+03	+1.062e+04	+0.129
110.500	+7.287e+03	+2.078e+03	+9.029e+03	+0.222
110.600	+8.985e+03	+1.819e+03	+1.037e+04	+0.168
110.700	+8.023e+03	+3.639e+03	+8.888e+03	+0.312
110.800	+8.133e+03	+2.772e+03	+1.059e+04	+0.254
110.900	+7.492e+03	+3.485e+03	+9.488e+03	+0.318
111.000	+7.950e+03	+2.361e+03	+9.710e+03	+0.229
111.100	+8.217e+03	+2.722e+03	+1.046e+04	+0.249
111.200	+7.510e+03	+2.686e+03	+1.056e+04	+0.263
111.300	+7.754e+03	+1.340e+03	+1.018e+04	+0.147
111.400	+7.947e+03	+9.381e+02	+1.026e+04	+0.106
111.500	+7.893e+03	+2.801e+03	+9.381e+03	+0.262
111.600	+7.166e+03	+1.903e+03	+1.058e+04	+0.210
111.700	+6.892e+03	+2.279e+03	+9.583e+03	+0.249
111.800	+8.010e+03	+2.488e+03	+1.026e+04	+0.237
111.900	+7.968e+03	+2.005e+03	+1.008e+04	+0.201
112.000	+7.968e+03	+3.884e+03	+9.081e+03	+0.328
112.100	+8.048e+03	+3.444e+03	+1.012e+04	+0.300
112.200	+7.429e+03	+2.434e+03	+1.118e+04	+0.247
112.300	+8.201e+03	+1.156e+03	+1.174e+04	+0.124
112.400	+7.487e+03	+2.851e+03	+9.489e+03	+0.276
112.500	+7.412e+03	+2.499e+03	+9.354e+03	+0.252
112.600	+8.204e+03	+3.396e+03	+9.721e+03	+0.293
112.700	+8.046e+03	+2.896e+03	+1.083e+04	+0.265
112.800	+6.986e+03	+2.621e+03	+9.366e+03	+0.273
112.900	+8.637e+03	+2.457e+03	+1.100e+04	+0.221
113.000	+8.307e+03	+2.660e+03	+9.389e+03	+0.243
113.100	+6.926e+03	+1.793e+03	+9.538e+03	+0.206
113.200	+8.880e+03	+1.644e+03	+1.027e+04	+0.156
113.300	+8.242e+03	+2.179e+03	+9.276e+03	+0.209
113.400	+6.685e+03	+2.366e+03	+1.035e+04	+0.261
113.500	+7.693e+03	+1.837e+03	+1.123e+04	+0.193
113.600	+8.000e+03	+2.598e+03	+1.076e+04	+0.245
113.700	+7.585e+03	+1.410e+03	+1.079e+04	+0.157
113.800	+6.060e+03	+2.423e+03	+1.023e+04	+0.286
113.900	+6.425e+03	+3.497e+03	+8.183e+03	+0.352
114.000	+7.150e+03	+3.220e+03	+1.157e+04	+0.311
114.100	+7.896e+03	+3.480e+03	+1.031e+04	+0.306
114.200	+8.188e+03	+2.138e+03	+1.072e+04	+0.207
114.300	+7.187e+03	+2.133e+03	+1.028e+04	+0.229
114.400	+7.323e+03	+1.265e+03	+8.638e+03	+0.147
114.500	+7.691e+03	+3.370e+03	+9.390e+03	+0.305
114.600	+7.067e+03	+2.632e+03	+9.750e+03	+0.271
114.700	+7.861e+03	+3.136e+03	+1.033e+04	+0.285
114.800	+6.702e+03	+1.472e+03	+1.012e+04	+0.180
114.900	+7.185e+03	+1.406e+03	+1.126e+04	+0.164
115.000	+6.735e+03	+2.777e+03	+9.853e+03	+0.292
115.100	+6.594e+03	+2.487e+03	+1.000e+04	+0.274
115.200	+7.492e+03	+2.764e+03	+9.232e+03	+0.269
115.300	+7.160e+03	+2.078e+03	+1.057e+04	+0.225
115.400	+6.566e+03	+3.131e+03	+9.442e+03	+0.323
115.500	+7.152e+03	+3.273e+03	+9.823e+03	+0.314
115.600	+6.668e+03	+1.232e+03	+1.129e+04	+0.156
115.700	+7.446e+03	+2.015e+03	+1.067e+04	+0.213
115.800	+7.204e+03	+2.025e+03	+1.029e+04	+0.219
115.900	+8.386e+03	+2.181e+03	+8.747e+03	+0.206
116.000	+6.980e+03	+1.666e+03	+1.073e+04	+0.193
116.100	+7.849e+03	+2.320e+03	+9.507e+03	+0.228
116.200	+6.407e+03	+2.594e+03	+1.019e+04	+0.288
116.300	+7.054e+03	+3.720e+03	+9.687e+03	+0.345
116.400	+6.639e+03	+2.528e+03	+9.272e+03	+0.276
116.500	+7.347e+03	+2.875e+03	+9.523e+03	+0.281
116.600	+7.678e+03	+2.277e+03	+1.061e+04	+0.229
116.700	+6.832e+03	+3.303e+03	+9.307e+03	+0.326
116.800	+7.655e+03	+2.088e+03	+9.705e+03	+0.214
116.900	+8.336e+03	+2.124e+03	+1.098e+04	+0.203
117.000	+6.473e+03	+1.335e+03	+1.036e+04	+0.171
117.100	+7.551e+03	+2.191e+03	+1.095e+04	+0.225
117.200	+7.010e+03	+3.216e+03	+9.495e+03	+0.315
117.300	+8.618e+03	+1.801e+03	+9.440e+03	+0.173
117.400	+6.651e+03	+2.145e+03	+9.837e+03	+0.244
117.500	+7.790e+03	+2.479e+03	+1.041e+04	+0.241
117.600	+8.240e+03	+2.537e+03	+9.965e+03	+0.235
117.700	+8.596e+03	+2.781e+03	+9.921e+03	+0.244
117.800	+5.269e+03	+1.702e+03	+1.058e+04	+0.244
117.900	+6.917e+03	+1.984e+03	+1.016e+04	+0.223
118.000	+7.833e+03	+3.015e+03	+1.080e+04	+0.278
118.100	+7.632e+03	+3.389e+03	+8.701e+03	+0.308
118.200	+6.678e+03	+2.132e+03	+1.003e+04	+0.242
118.300	+6.676e+03	+3.326e+03	+9.968e+03	+0.333
118.400	+5.985e+03	+1.899e+03	+1.127e+04	+0.241
118.500	+7.148e+03	+2.093e+03	+1.084e+04	+0.226
118.600	+7.714e+03	+2.469e+03	+1.038e+04	+0.242
118.700	+7.410e+03	+1.778e+03	+9.225e+03	+0.194
118.800	+6.293e+03	+2.694e+03	+1.089e+04	+0.300
118.900	+7.762e+03	+3.120e+03	+1.067e+04	+0.287
119.000	+6.891e+03	+2.399e+03	+1.066e+04	+0.258
119.100	+7.594e+03	+2.650e+03	+1.026e+04	+0.259
119.200	+7.130e+03	+1.810e+03	+1.014e+04	+0.202
119.300	+6.951e+03	+2.330e+03	+1.129e+04	+0.251
119.400	+7.150e+03	+1.386e+03	+9.427e+03	+0.162
119.500	+7.507e+03	+7.689e+02	+1.088e+04	+0.093
119.600	+7.368e+03	+1.739e+03	+9.820e+03	+0.191
119.700	+7.131e+03	+3.511e+03	+1.027e+04	+0.330
119.800	+7.692e+03	+3.039e+03	+1.031e+04	+0.283
119.900	+8.077e+03	+2.159e+03	+1.027e+04	+0.211
120.000	+8.243e+03	+3.152e+03	+1.045e+04	+0.277
120.100	+7.143e+03	+2.381e+03	+8.729e+03	+0.250
120.200	+7.968e+03	+2.635e+03	+1.002e+04	+0.249
120.300	+7.706e+03	+1.236e+03	+1.049e+04	+0.138
120.400	+6.190e+03	+1.461e+03	+9.679e+03	+0.191
120.500	+8.224e+03	+2.304e+03	+9.129e+03	+0.219
120.600	+6.529e+03	+9.856e+02	+9.414e+03	+0.131
120.700	+7.912e+03	+1.419e+03	+1.030e+04	+0.152
120.800	+7.471e+03	+2.193e+03	+8.786e+03	+0.227
120.900	+7.347e+03	+2.311e+03	+1.093e+04	+0.239
121.000	+7.005e+03	+2.458e+03	+1.056e+04	+0.260
121.100	+7.610e+03	+2.579e+03	+9.755e+03	+0.253
121.200	+7.041e+03	+3.779e+03	+9.479e+03	+0.349
121.300	+8.001e+03	+2.872e+03	+1.027e+04	+0.264
121.400	+9.097e+03	+3.187e+03	+1.104e+04	+0.259
121.500	+8.294e+03	+2.507e+03	+1.151e+04	+0.232
121.600	+7.120e+03	+2.123e+03	+1.023e+04	+0.230
121.700	+6.927e+03	+2.826e+03	+1.011e+04	+0.290
121.800	+7.373e+03	+2.755e+03	+9.549e+03	+0.272
121.900	+7.000e+03	+2.755e+03	+9.698e+03	+0.282
122.000	+7.412e+03	+4.052e+03	+9.400e+03	+0.353
122.100	+7.564e+03	+2.448e+03	+9.751e+03	+0.244
122.200	+7.232e+03	+2.942e+03	+1.056e+04	+0.289
122.300	+7.495e+03	+3.566e+03	+9.734e+03	+0.322
122.400	+7.898e+03	+3.163e+03	+1.002e+04	+0.286
122.500	+7.190e+03	+2.317e+03	+1.003e+04	+0.244
122.600	+6.912e+03	+2.385e+03	+9.578e+03	+0.257
122.700	+7.877e+03	+2.323e+03	+8.529e+03	+0.228
122.800	+8.089e+03	+1.433e+03	+9.812e+03	+0.150
122.900	+6.800e+03	+2.386e+03	+9.989e+03	+0.260
123.000	+5.969e+03	+4.252e+03	+9.786e+03	+0.416
123.100	+4.564e+03	+3.964e+03	+9.335e+03	+0.465
123.200	+5.412e+03	+4.956e+03	+1.095e+04	+0.478
123.300	+5.591e+03	+6.121e+03	+9.571e+03	+0.523
123.400	+5.629e+03	+5.033e+03	+9.917e+03	+0.472
123.500	+6.553e+03	+5.716e+03	+1.004e+04	+0.466
123.600	+4.925e+03	+4.855e+03	+1.128e+04	+0.496
123.700	+4.608e+03	+4.441e+03	+1.049e+04	+0.491
123.800	+5.649e+03	+5.418e+03	+9.931e+03	+0.490
123.900	+6.172e+03	+5.621e+03	+1.032e+04	+0.477
124.000	+4.316e+03	+4.663e+03	+1.014e+04	+0.519
124.100	+4.950e+03	+5.072e+03	+9.323e+03	+0.506
124.200	+4.525e+03	+5.625e+03	+9.663e+03	+0.554
124.300	+5.109e+03	+5.231e+03	+9.418e+03	+0.506
124.400	+4.941e+03	+4.272e+03	+9.205e+03	+0.464
124.500	+4.513e+03	+3.976e+03	+1.063e+04	+0.468
124.600	+4.568e+03	+5.590e+03	+1.029e+04	+0.550
124.700	+3.787e+03	+3.705e+03	+1.158e+04	+0.495
124.800	+5.341e+03	+5.083e+03	+8.876e+03	+0.488
124.900	+4.227e+03	+5.632e+03	+1.048e+04	+0.571
125.000	+5.703e+03	+5.687e+03	+9.626e+03	+0.499
125.100	+5.336e+03	+4.419e+03	+9.465e+03	+0.453
125.200	+5.433e+03	+3.714e+03	+9.749e+03	+0.406
125.300	+5.080e+03	+4.758e+03	+9.911e+03	+0.484
125.400	+5.273e+03	+4.544e+03	+9.840e+03	+0.463
125.500	+5.432e+03	+5.005e+03	+9.400e+03	+0.480
125.600	+4.868e+03	+5.005e+03	+1.152e+04	+0.507
125.700	+3.684e+03	+5.062e+03	+1.088e+04	+0.579
125.800	+6.194e+03	+5.453e+03	+1.029e+04	+0.468
125.900	+3.698e+03	+5.481e+03	+9.412e+03	+0.597
126.000	+6.484e+03	+5.108e+03	+9.473e+03	+0.441
126.100	+4.852e+03	+4.691e+03	+9.315e+03	+0.492
126.200	+5.523e+03	+6.066e+03	+1.005e+04	+0.523
126.300	+4.637e+03	+4.738e+03	+1.024e+04	+0.505
126.400	+5.400e+03	+5.467e+03	+8.934e+03	+0.503
126.500	+5.162e+03	+5.052e+03	+9.710e+03	+0.495
126.600	+5.834e+03	+5.532e+03	+9.735e+03	+0.487
126.700	+4.823e+03	+4.351e+03	+9.111e+03	+0.474
126.800	+4.252e+03	+5.807e+03	+8.434e+03	+0.577
126.900	+4.016e+03	+5.101e+03	+1.030e+04	+0.560
127.000	+6.391e+03	+5.145e+03	+1.028e+04	+0.446
127.100	+4.490e+03	+6.386e+03	+8.675e+03	+0.587
127.200	+4.728e+03	+4.339e+03	+8.920e+03	+0.479
127.300	+3.627e+03	+5.045e+03	+8.971e+03	+0.582
127.400	+4.845e+03	+5.705e+03	+9.463e+03	+0.541
127.500	+5.848e+03	+4.644e+03	+1.044e+04	+0.443
127.600	+5.631e+03	+4.307e+03	+1.068e+04	+0.433
127.700	+4.983e+03	+5.047e+03	+1.053e+04	+0.503
127.800	+6.665e+03	+4.210e+03	+9.754e+03	+0.387
127.900	+7.114e+03	+2.951e+03	+1.062e+04	+0.293
128.000	+7.625e+03	+2.713e+03	+9.407e+03	+0.262
128.100	+6.235e+03	+1.864e+03	+9.381e+03	+0.230
128.200	+7.515e+03	+2.512e+03	+1.050e+04	+0.251
128.300	+7.830e+03	+1.649e+03	+1.050e+04	+0.174
128.400	+6.263e+03	+1.131e+03	+9.751e+03	+0.153
128.500	+7.770e+03	+3.296e+03	+9.810e+03	+0.298
128.600	+7.105e+03	+1.896e+03	+1.061e+04	+0.211
128.700	+7.094e+03	+3.318e+03	+1.003e+04	+0.319
128.800	+7.180e+03	+2.713e+03	+1.015e+04	+0.274
128.900	+6.394e+03	+1.779e+03	+9.729e+03	+0.218
129.000	+9.186e+03	+6.940e+02	+1.035e+04	+0.070
129.100	+7.396e+03	+3.413e+03	+9.640e+03	+0.316
129.200	+7.226e+03	+1.904e+03	+1.106e+04	+0.209
129.300	+6.861e+03	+1.860e+03	+1.145e+04	+0.213
129.400	+7.589e+03	+1.954e+03	+1.121e+04	+0.205
129.500	+7.189e+03	+9.137e+02	+8.730e+03	+0.113
129.600	+6.793e+03	+3.431e+03	+1.011e+04	+0.336
129.700	+6.977e+03	+2.797e+03	+1.027e+04	+0.286
129.800	+6.866e+03	+3.001e+03	+1.031e+04	+0.304
129.900	+7.235e+03	+2.287e+03	+1.044e+04	+0.240
130.000	+6.979e+03	+3.599e+03	+9.222e+03	+0.340
130.100	+8.195e+03	+2.838e+03	+9.032e+03	+0.257
130.200	+4.628e+03	+3.956e+03	+9.276e+03	+0.461
130.300	+8.314e+03	+2.538e+03	+9.045e+03	+0.234
130.400	+8.099e+03	+3.037e+03	+1.103e+04	+0.273
130.500	+6.768e+03	+2.809e+03	+1.075e+04	+0.293
130.600	+7.722e+03	+2.904e+03	+1.040e+04	+0.273
130.700	+8.120e+03	+2.579e+03	+1.032e+04	+0.241
130.800	+7.759e+03	+1.428e+03	+9.959e+03	+0.155
130.900	+6.240e+03	+1.885e+03	+1.031e+04	+0.232
131.000	+7.792e+03	+3.168e+03	+9.221e+03	+0.289
131.100	+7.490e+03	+2.200e+03	+9.404e+03	+0.227
131.200	+8.512e+03	+3.016e+03	+1.116e+04	+0.262
131.300	+7.394e+03	+2.867e+03	+9.762e+03	+0.279
131.400	+7.750e+03	+2.305e+03	+8.370e+03	+0.229
131.500	+8.795e+03	+1.938e+03	+9.253e+03	+0.181
131.600	+7.475e+03	+1.951e+03	+9.727e+03	+0.207
131.700	+6.626e+03	+2.345e+03	+1.032e+04	+0.261
131.800	+7.188e+03	+2.373e+03	+1.073e+04	+0.248
131.900	+7.355e+03	+3.287e+02	+1.080e+04	+0.043
132.000	+6.829e+03	+2.819e+03	+9.253e+03	+0.292
132.100	+7.249e+03	+3.099e+03	+9.005e+03	+0.299
132.200	+7.761e+03	+2.690e+03	+9.956e+03	+0.257
132.300	+6.674e+03	+2.039e+03	+9.562e+03	+0.234
132.400	+6.600e+03	+1.371e+03	+8.935e+03	+0.172
132.500	+7.457e+03	+2.531e+03	+9.151e+03	+0.253
132.600	+7.530e+03	+3.076e+03	+9.634e+03	+0.290
132.700	+7.333e+03	+3.422e+03	+9.356e+03	+0.318
132.800	+9.216e+03	+3.203e+03	+1.125e+04	+0.258
132.900	+8.649e+03	+2.527e+03	+1.112e+04	+0.226
133.000	+7.007e+03	+2.678e+03	+1.142e+04	+0.277
133.100	+8.077e+03	+1.895e+03	+1.070e+04	+0.190
133.200	+6.505e+03	+9.819e+02	+8.894e+03	+0.131
133.300	+7.346e+03	+2.285e+03	+9.891e+03	+0.237
133.400	+8.300e+03	+2.477e+03	+8.966e+03	+0.230
133.500	+7.918e+03	+2.970e+03	+9.860e+03	+0.273
133.600	+8.679e+03	+3.647e+03	+1.020e+04	+0.296
133.700	+7.597e+03	+2.043e+03	+9.091e+03	+0.212
133.800	+7.449e+03	+1.801e+03	+8.286e+03	+0.195
133.900	+7.526e+03	+2.596e+03	+9.408e+03	+0.256
134.000	+7.635e+03	+2.853e+03	+1.010e+04	+0.272
134.100	+6.306e+03	+1.551e+03	+1.090e+04	+0.197
134.200	+7.676e+03	+1.527e+03	+1.030e+04	+0.166
134.300	+8.553e+03	+3.181e+03	+1.025e+04	+0.271
134.400	+7.445e+03	+3.108e+03	+1.068e+04	+0.295
134.500	+6.921e+03	+2.660e+03	+1.021e+04	+0.278
134.600	+7.746e+03	+1.884e+03	+1.017e+04	+0.196
134.700	+8.114e+03	+2.030e+03	+9.307e+03	+0.200
134.800	+7.411e+03	+2.725e+03	+1.059e+04	+0.269
134.900	+7.199e+03	+2.498e+03	+1.055e+04	+0.258
135.000	+6.966e+03	+3.784e+03	+1.026e+04	+0.352
135.100	+7.058e+03	+2.282e+03	+1.085e+04	+0.244
135.200	+7.774e+03	+2.393e+03	+1.036e+04	+0.235
135.300	+6.668e+03	+2.355e+03	+1.054e+04	+0.261
135.400	+7.289e+03	+2.621e+03	+9.362e+03	+0.264
135.500	+7.944e+03	+3.200e+03	+1.164e+04	+0.287
135.600	+7.912e+03	+3.004e+03	+9.381e+03	+0.275
135.700	+7.408e+03	+3.112e+03	+1.068e+04	+0.296
135.800	+8.018e+03	+2.963e+03	+1.231e+04	+0.270
135.900	+7.100e+03	+2.783e+03	+1.068e+04	+0.282
136.000	+7.604e+03	+3.554e+03	+9.104e+03	+0.318
136.100	+7.402e+03	+2.531e+03	+9.976e+03	+0.255
136.200	+8.396e+03	+2.188e+03	+1.131e+04	+0.207
136.300	+6.416e+03	+3.221e+03	+9.739e+03	+0.334
136.400	+5.999e+03	+5.150e+03	+1.065e+04	+0.462
136.500	+4.719e+03	+4.778e+03	+1.077e+04	+0.503
136.600	+4.358e+03	+5.152e+03	+1.100e+04	+0.542
136.700	+4.558e+03	+5.663e+03	+9.330e+03	+0.554
136.800	+3.877e+03	+4.597e+03	+9.419e+03	+0.542
136.900	+5.614e+03	+6.316e+03	+1.020e+04	+0.529
137.000	+4.758e+03	+5.359e+03	+9.895e+03	+0.530
137.100	+5.070e+03	+5.536e+03	+9.568e+03	+0.522
137.200	+4.029e+03	+5.823e+03	+9.284e+03	+0.591
137.300	+5.222e+03	+6.162e+03	+9.578e+03	+0.541
137.400	+4.746e+03	+5.517e+03	+1.049e+04	+0.538
137.500	+4.676e+03	+4.592e+03	+9.610e+03	+0.495
137.600	+4.685e+03	+4.553e+03	+9.680e+03	+0.493
137.700	+5.903e+03	+5.830e+03	+8.748e+03	+0.497
137.800	+4.761e+03	+5.422e+03	+1.122e+04	+0.532
137.900	+6.273e+03	+5.411e+03	+1.004e+04	+0.463
138.000	+6.960e+03	+3.357e+03	+9.776e+03	+0.325
138.100	+8.053e+03	+1.844e+03	+1.108e+04	+0.186
138.200	+7.403e+03	+2.462e+03	+1.050e+04	+0.250
138.300	+6.812e+03	+3.541e+03	+1.087e+04	+0.342
138.400	+7.796e+03	+2.326e+03	+8.707e+03	+0.230
138.500	+8.195e+03	+3.092e+03	+1.061e+04	+0.274
138.600	+7.848e+03	+2.883e+03	+1.033e+04	+0.269
138.700	+6.356e+03	+3.035e+03	+9.943e+03	+0.323
138.800	+7.197e+03	+2.856e+03	+1.004e+04	+0.284
138.900	+7.255e+03	+1.762e+03	+1.002e+04	+0.195
139.000	+7.533e+03	+2.431e+03	+1.054e+04	+0.244
139.100	+7.128e+03	+2.333e+03	+9.318e+03	+0.247
139.200	+7.391e+03	+2.748e+03	+1.084e+04	+0.271
139.300	+7.458e+03	+2.023e+03	+1.132e+04	+0.213
139.400	+7.640e+03	+1.697e+03	+9.579e+03	+0.182
139.500	+7.885e+03	+2.929e+03	+9.511e+03	+0.271
139.600	+7.281e+03	+3.392e+03	+8.214e+03	+0.318
139.700	+7.723e+03	+2.318e+03	+1.009e+04	+0.231
139.800	+7.672e+03	+1.203e+03	+1.005e+04	+0.136
139.900	+7.170e+03	+2.925e+03	+8.715e+03	+0.290
140.000	+6.650e+03	+1.797e+03	+1.063e+04	+0.213
140.100	+8.074e+03	+2.598e+03	+1.001e+04	+0.243
140.200	+7.746e+03	+2.061e+03	+9.560e+03	+0.210
140.300	+6.009e+03	+3.055e+03	+9.463e+03	+0.337
140.400	+6.874e+03	+2.032e+03	+9.334e+03	+0.228
140.500	+7.934e+03	+2.385e+03	+9.607e+03	+0.231
140.600	+7.759e+03	+2.484e+03	+1.126e+04	+0.243
140.700	+6.148e+03	+3.142e+03	+1.034e+04	+0.338
140.800	+8.144e+03	+2.936e+03	+1.008e+04	+0.265
140.900	+7.314e+03	+2.244e+03	+9.489e+03	+0.235
141.000	+7.858e+03	+3.379e+03	+9.565e+03	+0.301
141.100	+7.178e+03	+3.432e+03	+9.896e+03	+0.323
141.200	+7.000e+03	+2.209e+03	+9.762e+03	+0.240
141.300	+7.624e+03	+3.080e+03	+9.703e+03	+0.288
141.400	+7.435e+03	+4.080e+03	+9.868e+03	+0.354
141.500	+7.190e+03	+2.334e+03	+1.047e+04	+0.245
141.600	+8.429e+03	+2.897e+03	+8.672e+03	+0.256
141.700	+8.999e+03	+2.486e+03	+9.133e+03	+0.216
141.800	+7.949e+03	+1.446e+03	+9.959e+03	+0.154
141.900	+8.681e+03	+9.269e+02	+1.045e+04	+0.096
142.000	+7.606e+03	+2.846e+03	+9.619e+03	+0.272
142.100	+7.486e+03	+2.903e+03	+1.006e+04	+0.279
142.200	+8.120e+03	+1.767e+03	+1.067e+04	+0.179
142.300	+7.363e+03	+3.403e+03	+9.410e+03	+0.316
142.400	+7.125e+03	+4.007e+03	+1.079e+04	+0.360
142.500	+7.533e+03	+3.705e+03	+8.598e+03	+0.330
142.600	+8.795e+03	+2.037e+03	+8.944e+03	+0.188
142.700	+6.912e+03	+1.494e+03	+8.258e+03	+0.178
142.800	+7.311e+03	+2.809e+03	+1.096e+04	+0.278
142.900	+8.207e+03	+2.197e+03	+1.012e+04	+0.211
143.000	+9.432e+03	+3.012e+03	+1.036e+04	+0.242
143.100	+7.188e+03	+2.194e+03	+1.035e+04	+0.234
143.200	+7.503e+03	+2.641e+03	+9.931e+03	+0.260
143.300	+7.636e+03	+1.767e+03	+1.035e+04	+0.188
143.400	+7.168e+03	+1.414e+03	+1.095e+04	+0.165
143.500	+6.876e+03	+2.870e+03	+1.042e+04	+0.294
143.600	+4.464e+03	+4.945e+03	+1.061e+04	+0.526
143.700	+4.706e+03	+4.964e+03	+1.076e+04	+0.513
143.800	+4.718e+03	+5.748e+03	+9.712e+03	+0.549
143.900	+5.568e+03	+4.767e+03	+8.648e+03	+0.461
144.000	+4.678e+03	+4.725e+03	+1.006e+04	+0.502
144.100	+4.728e+03	+4.557e+03	+1.001e+04	+0.491
144.200	+4.880e+03	+5.288e+03	+8.825e+03	+0.520
144.300	+4.724e+03	+4.294e+03	+9.980e+03	+0.476
144.400	+5.265e+03	+5.342e+03	+1.077e+04	+0.504
144.500	+4.158e+03	+5.048e+03	+1.001e+04	+0.548
144.600	+4.521e+03	+5.323e+03	+1.012e+04	+0.541
144.700	+5.391e+03	+5.712e+03	+1.046e+04	+0.514
144.800	+4.809e+03	+5.218e+03	+1.029e+04	+0.520
144.900	+6.114e+03	+4.798e+03	+9.913e+03	+0.440
145.000	+4.932e+03	+5.047e+03	+1.002e+04	+0.506
145.100	+4.624e+03	+5.890e+03	+9.142e+03	+0.560
145.200	+6.092e+03	+4.313e+03	+1.052e+04	+0.414
145.300	+5.208e+03	+3.735e+03	+9.338e+03	+0.418
145.400	+5.771e+03	+4.614e+03	+1.008e+04	+0.444
145.500	+4.803e+03	+5.875e+03	+9.531e+03	+0.550
145.600	+3.973e+03	+5.636e+03	+1.082e+04	+0.587
145.700	+4.392e+03	+5.418e+03	+9.736e+03	+0.552
145.800	+4.729e+03	+4.974e+03	+1.021e+04	+0.513
145.900	+5.009e+03	+4.381e+03	+1.019e+04	+0.467
146.000	+4.708e+03	+3.977e+03	+1.094e+04	+0.458
146.100	+4.531e+03	+5.241e+03	+9.988e+03	+0.536
146.200	+4.041e+03	+5.795e+03	+1.086e+04	+0.589
146.300	+5.697e+03	+4.373e+03	+9.539e+03	+0.434
146.400	+4.326e+03	+4.158e+03	+1.029e+04	+0.490
146.500	+5.575e+03	+4.761e+03	+9.437e+03	+0.461
146.600	+4.093e+03	+4.540e+03	+1.004e+04	+0.526
146.700	+5.524e+03	+5.518e+03	+1.032e+04	+0.500
146.800	+4.465e+03	+4.182e+03	+9.072e+03	+0.484
146.900	+5.433e+03	+4.100e+03	+1.048e+04	+0.430
147.000	+4.595e+03	+4.459e+03	+1.101e+04	+0.493
147.100	+5.009e+03	+4.986e+03	+9.912e+03	+0.499
147.200	+5.251e+03	+5.798e+03	+9.689e+03	+0.525
147.300	+4.379e+03	+5.720e+03	+1.065e+04	+0.566
147.400	+4.223e+03	+3.855e+03	+1.141e+04	+0.477
147.500	+4.790e+03	+4.976e+03	+9.980e+03	+0.510
147.600	+5.044e+03	+5.136e+03	+8.784e+03	+0.505
147.700	+4.777e+03	+5.006e+03	+9.031e+03	+0.512
147.800	+4.533e+03	+5.430e+03	+1.055e+04	+0.545
147.900	+5.610e+03	+4.446e+03	+9.945e+03	+0.442
148.000	+5.059e+03	+5.311e+03	+9.900e+03	+0.512
148.100	+3.651e+03	+5.724e+03	+9.755e+03	+0.611
148.200	+5.592e+03	+5.453e+03	+1.000e+04	+0.494
148.300	+5.177e+03	+3.866e+03	+1.010e+04	+0.428
148.400	+6.696e+03	+2.753e+03	+1.010e+04	+0.291
148.500	+5.775e+03	+1.511e+03	+1.088e+04	+0.207
148.600	+7.779e+03	+2.184e+03	+9.262e+03	+0.219
148.700	+8.278e+03	+3.641e+03	+1.081e+04	+0.305
148.800	+7.013e+03	+9.800e+02	+9.531e+03	+0.123
148.900	+6.997e+03	+2.144e+03	+9.516e+03	+0.235
149.000	+7.172e+03	+2.755e+03	+9.759e+03	+0.278
149.100	+7.593e+03	+3.087e+03	+1.047e+04	+0.289
149.200	+7.541e+03	+2.208e+03	+1.034e+04	+0.227
149.300	+6.377e+03	+2.928e+03	+1.103e+04	+0.315
149.400	+8.349e+03	+2.538e+03	+1.005e+04	+0.233
149.500	+8.899e+03	+2.423e+03	+9.710e+03	+0.214
149.600	+7.444e+03	+2.107e+03	+1.083e+04	+0.221
149.700	+6.975e+03	+2.162e+03	+9.654e+03	+0.237
149.800	+7.292e+03	+2.569e+03	+1.151e+04	+0.261
149.900	+7.045e+03	+2.779e+03	+1.030e+04	+0.283
150.000	+7.867e+03	+3.826e+03	+9.887e+03	+0.327
150.100	+7.172e+03	+2.250e+03	+9.800e+03	+0.239
150.200	+7.367e+03	+1.820e+03	+1.027e+04	+0.198
150.300	+7.069e+03	+2.724e+03	+8.968e+03	+0.278
150.400	+6.216e+03	+2.514e+03	+1.046e+04	+0.288
150.500	+7.938e+03	+1.545e+03	+9.802e+03	+0.163
150.600	+8.060e+03	+2.546e+03	+1.003e+04	+0.240
150.700	+6.868e+03	+2.722e+03	+1.015e+04	+0.284
150.800	+7.199e+03	+4.022e+03	+1.017e+04	+0.358
150.900	+6.106e+03	+3.360e+03	+8.755e+03	+0.355
151.000	+7.181e+03	+2.723e+03	+1.073e+04	+0.275
151.100	+7.684e+03	+4.318e+03	+1.022e+04	+0.360
151.200	+7.188e+03	+2.602e+03	+1.029e+04	+0.266
151.300	+7.475e+03	+2.890e+03	+8.878e+03	+0.279
151.400	+8.219e+03	+2.798e+03	+9.554e+03	+0.254
151.500	+6.447e+03	+2.681e+03	+1.011e+04	+0.294
151.600	+7.803e+03	+3.006e+03	+9.058e+03	+0.278
151.700	+7.071e+03	+1.746e+03	+8.804e+03	+0.198
151.800	+7.296e+03	+2.053e+03	+9.042e+03	+0.220
151.900	+7.819e+03	+4.083e+03	+9.846e+03	+0.343
152.000	+6.969e+03	+3.374e+03	+1.029e+04	+0.326
152.100	+7.392e+03	+2.860e+03	+1.057e+04	+0.279
152.200	+7.089e+03	+3.166e+03	+1.154e+04	+0.309
152.300	+7.905e+03	+2.793e+03	+8.523e+03	+0.261
152.400	+7.659e+03	+2.844e+03	+9.054e+03	+0.271
152.500	+7.299e+03	+2.934e+03	+1.077e+04	+0.287
152.600	+6.663e+03	+2.186e+03	+9.849e+03	+0.247
152.700	+7.351e+03	+2.563e+03	+9.679e+03	+0.259
152.800	+7.626e+03	+4.462e+03	+1.023e+04	+0.369
152.900	+8.346e+03	+2.466e+03	+1.081e+04	+0.228
153.000	+8.029e+03	+7.098e+02	+1.009e+04	+0.081
153.100	+8.275e+03	+3.794e+03	+1.090e+04	+0.314
153.200	+7.795e+03	+3.099e+03	+9.627e+03	+0.284
153.300	+7.463e+03	+3.293e+03	+8.956e+03	+0.306
153.400	+7.066e+03	+1.454e+03	+1.070e+04	+0.171
153.500	+7.599e+03	+2.939e+03	+1.009e+04	+0.279
153.600	+7.349e+03	+2.629e+03	+1.022e+04	+0.263
153.700	+9.408e+03	+2.786e+03	+9.500e+03	+0.229
153.800	+7.522e+03	+2.027e+03	+1.046e+04	+0.212
153.900	+6.593e+03	+1.373e+03	+9.462e+03	+0.172
154.000	+6.712e+03	+2.514e+03	+1.146e+04	+0.272
154.100	+7.804e+03	+2.456e+03	+1.083e+04	+0.239
154.200	+8.159e+03	+2.205e+03	+9.022e+03	+0.213
154.300	+7.149e+03	+3.150e+03	+1.080e+04	+0.306
154.400	+7.479e+03	+2.892e+03	+9.725e+03	+0.279
154.500	+7.247e+03	+2.173e+03	+9.820e+03	+0.231
154.600	+7.294e+03	+1.430e+03	+1.053e+04	+0.164
154.700	+8.142e+03	+2.899e+03	+1.020e+04	+0.263
154.800	+8.017e+03	+2.425e+03	+1.007e+04	+0.232
154.900	+8.055e+03	+1.254e+03	+9.962e+03	+0.135
155.000	+7.999e+03	+2.007e+03	+9.609e+03	+0.201
155.100	+7.235e+03	+2.610e+03	+1.043e+04	+0.265
155.200	+7.207e+03	+2.211e+03	+1.087e+04	+0.235
155.300	+6.563e+03	+1.848e+03	+9.001e+03	+0.220
155.400	+7.823e+03	+2.224e+03	+1.114e+04	+0.221
155.500	+7.673e+03	+1.875e+03	+8.359e+03	+0.196
155.600	+8.013e+03	+2.660e+03	+1.003e+04	+0.249
155.700	+6.667e+03	+2.962e+03	+8.775e+03	+0.308
155.800	+7.157e+03	+3.665e+03	+1.027e+04	+0.339
155.900	+6.992e+03	+2.446e+03	+8.642e+03	+0.259
156.000	+6.419e+03	+2.796e+03	+1.083e+04	+0.303
156.100	+7.952e+03	+3.530e+03	+1.000e+04	+0.307
156.200	+7.784e+03	+2.189e+03	+1.020e+04	+0.220
156.300	+7.155e+03	+2.736e+03	+1.123e+04	+0.277
156.400	+7.284e+03	+2.506e+03	+9.821e+03	+0.256
156.500	+6.980e+03	+3.589e+03	+9.851e+03	+0.340
156.600	+7.166e+03	+3.875e+03	+1.065e+04	+0.351
156.700	+8.201e+03	+6.731e+02	+9.584e+03	+0.076
156.800	+8.613e+03	+2.118e+03	+9.919e+03	+0.197
156.900	+8.104e+03	+6.568e+02	+1.020e+04	+0.075
157.000	+7.671e+03	+3.064e+03	+1.003e+04	+0.285
157.100	+7.183e+03	+2.768e+03	+1.036e+04	+0.278
157.200	+7.008e+03	+2.964e+03	+1.049e+04	+0.297
157.300	+7.399e+03	+2.542e+03	+1.032e+04	+0.256
157.400	+7.044e+03	+1.733e+03	+1.035e+04	+0.197
157.500	+6.933e+03	+1.842e+03	+1.099e+04	+0.210
157.600	+7.930e+03	+1.621e+03	+9.545e+03	+0.170
157.700	+8.095e+03	+1.474e+03	+9.749e+03	+0.154
157.800	+8.202e+03	+2.567e+03	+9.165e+03	+0.238
157.900	+6.897e+03	+2.139e+03	+1.093e+04	+0.237
158.000	+8.312e+03	+2.747e+03	+1.029e+04	+0.248
158.100	+7.868e+03	+3.261e+03	+1.016e+04	+0.293
158.200	+6.437e+03	+2.808e+03	+9.361e+03	+0.304
158.300	+9.133e+03	+3.068e+03	+1.035e+04	+0.251
158.400	+6.054e+03	+1.422e+03	+9.735e+03	+0.190
158.500	+7.301e+03	+1.321e+03	+1.045e+04	+0.153
158.600	+6.066e+03	+3.414e+03	+1.019e+04	+0.360
158.700	+7.253e+03	+2.788e+03	+1.013e+04	+0.278
158.800	+6.444e+03	+3.143e+03	+1.022e+04	+0.328
158.900	+8.089e+03	+3.120e+03	+1.030e+04	+0.278
159.000	+7.332e+03	+3.574e+02	+9.539e+03	+0.046
159.100	+7.774e+03	+2.462e+03	+1.009e+04	+0.241
159.200	+8.115e+03	+2.624e+03	+9.756e+03	+0.244
159.300	+6.638e+03	+2.106e+03	+1.010e+04	+0.241
159.400	+7.747e+03	+2.417e+03	+8.253e+03	+0.238
159.500	+8.930e+03	+2.650e+03	+1.075e+04	+0.229
159.600	+8.001e+03	+3.721e+03	+1.033e+04	+0.317
159.700	+7.428e+03	+2.308e+03	+1.113e+04	+0.237
159.800	+9.005e+03	+3.161e+03	+9.547e+03	+0.260
159.900	+6.838e+03	+2.839e+03	+1.005e+04	+0.293
160.000	+6.772e+03	+2.416e+03	+1.103e+04	+0.263
160.100	+7.587e+03	+3.479e+03	+9.721e+03	+0.314
160.200	+8.013e+03	+2.810e+03	+9.194e+03	+0.260
160.300	+7.851e+03	+3.520e+03	+1.064e+04	+0.310
160.400	+6.476e+03	+3.471e+03	+9.141e+03	+0.349
160.500	+7.539e+03	+1.787e+03	+1.059e+04	+0.192
160.600	+7.806e+03	+2.009e+03	+1.033e+04	+0.205
160.700	+5.972e+03	+1.830e+03	+9.777e+03	+0.235
160.800	+6.847e+03	+3.404e+03	+1.097e+04	+0.332
160.900	+7.802e+03	+3.086e+03	+1.062e+04	+0.283
161.000	+8.048e+03	+1.638e+03	+1.074e+04	+0.169
161.100	+7.123e+03	+3.111e+03	+9.582e+03	+0.304
161.200	+6.276e+03	+2.973e+03	+9.241e+03	+0.321
161.300	+7.449e+03	+1.941e+03	+8.865e+03	+0.207
161.400	+7.478e+03	+1.460e+03	+9.746e+03	+0.163
161.500	+6.167e+03	+1.789e+03	+9.503e+03	+0.225
161.600	+7.581e+03	+1.921e+03	+1.074e+04	+0.202
161.700	+7.672e+03	+7.275e+02	+9.222e+03	+0.087
161.800	+7.638e+03	+1.744e+03	+9.377e+03	+0.186
161.900	+8.835e+03	+3.398e+03	+1.120e+04	+0.278
162.000	+7.742e+03	+2.233e+03	+1.018e+04	+0.224
162.100	+8.948e+03	+9.630e+02	+9.526e+03	+0.097
162.200	+7.951e+03	+2.255e+03	+9.493e+03	+0.221
162.300	+6.777e+03	+2.059e+03	+1.015e+04	+0.233
162.400	+7.092e+03	+3.655e+03	+1.055e+04	+0.340
162.500	+7.438e+03	+2.276e+03	+9.735e+03	+0.234
162.600	+8.359e+03	+2.515e+03	+1.099e+04	+0.231
162.700	+6.922e+03	+2.131e+03	+1.056e+04	+0.235
162.800	+7.775e+03	+1.176e+03	+1.014e+04	+0.131
162.900	+6.746e+03	+3.291e+03	+9.588e+03	+0.328
163.000	+8.285e+03	+3.204e+03	+9.131e+03	+0.279
163.100	+8.241e+03	+2.867e+03	+1.115e+04	+0.258
163.200	+7.721e+03	+1.840e+03	+1.021e+04	+0.192
163.300	+6.649e+03	+2.507e+03	+1.044e+04	+0.274
163.400	+7.607e+03	+2.349e+03	+9.960e+03	+0.236
163.500	+8.670e+03	+1.410e+03	+1.073e+04	+0.140
163.600	+7.226e+03	+3.720e+03	+8.998e+03	+0.340
163.700	+8.347e+03	+3.041e+03	+9.214e+03	+0.267
163.800	+7.952e+03	+2.893e+03	+1.063e+04	+0.267
163.900	+5.711e+03	+2.633e+03	+9.510e+03	+0.316
164.000	+8.403e+03	+5.495e+02	+9.974e+03	+0.061
164.100	+8.292e+03	+2.448e+03	+1.104e+04	+0.228
164.200	+7.649e+03	+2.479e+03	+9.958e+03	+0.245
164.300	+7.446e+03	+2.375e+03	+9.944e+03	+0.242
164.400	+6.082e+03	+3.305e+03	+9.811e+03	+0.352
164.500	+6.690e+03	+3.244e+03	+9.929e+03	+0.327
164.600	+7.619e+03	+2.885e+03	+1.014e+04	+0.275
164.700	+7.444e+03	+5.890e+02	+1.006e+04	+0.073
164.800	+7.429e+03	+2.549e+03	+9.663e+03	+0.256
164.900	+5.977e+03	+4.656e+03	+9.944e+03	+0.438
165.000	+4.285e+03	+5.825e+03	+1.058e+04	+0.576
165.100	+4.629e+03	+4.234e+03	+1.069e+04	+0.478
165.200	+7.004e+03	+1.672e+03	+1.094e+04	+0.193
165.300	+8.239e+03	+3.028e+03	+9.367e+03	+0.269
165.400	+7.226e+03	+2.815e+03	+1.004e+04	+0.280
165.500	+7.609e+03	+2.759e+03	+1.108e+04	+0.266
165.600	+7.415e+03	+1.749e+03	+9.482e+03	+0.191
165.700	+8.433e+03	+1.894e+03	+9.070e+03	+0.183
165.800	+7.475e+03	+2.016e+03	+9.753e+03	+0.212
165.900	+7.279e+03	+3.566e+03	+9.363e+03	+0.329
166.000	+7.295e+03	+1.357e+03	+9.910e+03	+0.157
166.100	+7.233e+03	+2.208e+03	+9.881e+03	+0.234
166.200	+7.059e+03	+2.942e+03	+9.616e+03	+0.294
166.300	+7.945e+03	+3.309e+03	+1.047e+04	+0.294
166.400	+8.137e+03	+2.301e+03	+8.890e+03	+0.220
166.500	+7.919e+03	+1.412e+03	+9.383e+03	+0.151
166.600	+8.170e+03	+3.990e+03	+1.003e+04	+0.328
166.700	+6.755e+03	+3.536e+03	+1.016e+04	+0.344
166.800	+7.723e+03	+2.978e+03	+9.443e+03	+0.278
166.900	+7.709e+03	+2.456e+03	+9.806e+03	+0.242
167.000	+7.637e+03	+2.696e+03	+1.121e+04	+0.261
167.100	+7.707e+03	+2.859e+03	+1.089e+04	+0.271
167.200	+4.344e+03	+6.801e+03	+9.812e+03	+0.610
167.300	+5.749e+03	+4.054e+03	+9.526e+03	+0.414
167.400	+7.453e+03	+2.563e+03	+1.047e+04	+0.256
167.500	+6.779e+03	+1.990e+03	+9.395e+03	+0.227
167.600	+8.037e+03	+3.114e+03	+9.567e+03	+0.279
167.700	+8.409e+03	+1.151e+03	+9.567e+03	+0.120
167.800	+7.712e+03	+1.654e+03	+9.991e+03	+0.177
167.900	+6.612e+03	+1.647e+03	+9.013e+03	+0.199
168.000	+6.782e+03	+3.358e+03	+9.955e+03	+0.331
168.100	+6.759e+03	+3.430e+03	+1.101e+04	+0.337
168.200	+6.325e+03	+2.904e+03	+9.959e+03	+0.315
168.300	+7.510e+03	+3.161e+03	+9.369e+03	+0.296
168.400	+6.969e+03	+2.423e+03	+1.076e+04	+0.258
168.500	+7.420e+03	+2.079e+03	+1.142e+04	+0.219
168.600	+8.713e+03	+3.139e+03	+1.009e+04	+0.265
168.700	+8.049e+03	+2.761e+03	+9.865e+03	+0.255
168.800	+6.518e+03	+2.129e+03	+9.154e+03	+0.246
168.900	+8.375e+03	+2.010e+03	+9.114e+03	+0.194
169.000	+7.805e+03	+2.869e+03	+9.137e+03	+0.269
169.100	+7.270e+03	+4.543e+03	+1.005e+04	+0.385
169.200	+8.231e+03	+2.434e+03	+9.338e+03	+0.228
169.300	+8.794e+03	+2.210e+03	+9.322e+03	+0.201
169.400	+6.131e+03	+1.414e+03	+9.852e+03	+0.187
169.500	+7.730e+03	+3.596e+03	+8.993e+03	+0.318
169.600	+8.508e+03	+1.336e+03	+1.057e+04	+0.136
169.700	+6.605e+03	+1.745e+03	+1.078e+04	+0.209
169.800	+8.214e+03	+2.169e+03	+1.156e+04	+0.209
169.900	+7.328e+03	+2.053e+03	+1.012e+04	+0.219
170.000	+7.462e+03	+1.613e+03	+1.009e+04	+0.178
170.100	+7.578e+03	+2.017e+03	+1.109e+04	+0.210
170.200	+5.833e+03	+2.038e+03	+1.007e+04	+0.259
170.300	+8.175e+03	+4.154e+03	+1.026e+04	+0.337
170.400	+8.088e+03	+1.984e+03	+1.035e+04	+0.197
170.500	+7.838e+03	+3.057e+03	+1.030e+04	+0.281
170.600	+6.731e+03	+1.912e+03	+1.067e+04	+0.221
170.700	+7.159e+03	+2.325e+03	+9.923e+03	+0.245
170.800	+8.343e+03	+3.450e+03	+9.942e+03	+0.293
170.900	+6.795e+03	+2.488e+03	+1.101e+04	+0.268
171.000	+8.117e+03	+1.907e+03	+1.037e+04	+0.190
171.100	+8.825e+03	+2.809e+03	+1.049e+04	+0.241
171.200	+8.580e+03	+2.573e+03	+1.051e+04	+0.231
171.300	+7.435e+03	+1.796e+03	+8.399e+03	+0.195
171.400	+7.990e+03	+3.440e+03	+9.826e+03	+0.301
171.500	+7.373e+03	+2.201e+03	+9.921e+03	+0.230
171.600	+8.162e+03	+2.462e+03	+9.779e+03	+0.232
171.700	+7.918e+03	+2.092e+03	+9.823e+03	+0.209
171.800	+6.706e+03	+1.870e+03	+9.959e+03	+0.218
171.900	+7.411e+03	+2.145e+03	+9.680e+03	+0.224
172.000	+8.082e+03	+1.024e+03	+1.111e+04	+0.112
172.100	+6.491e+03	+3.477e+03	+9.260e+03	+0.349
172.200	+7.947e+03	+2.654e+03	+9.677e+03	+0.250
172.300	+6.961e+03	+2.479e+03	+9.038e+03	+0.263
172.400	+8.214e+03	+2.201e+03	+8.582e+03	+0.211
172.500	+7.402e+03	+2.366e+03	+1.022e+04	+0.242
172.600	+7.119e+03	+2.107e+03	+1.104e+04	+0.228
172.700	+8.235e+03	+4.026e+03	+1.098e+04	+0.328
172.800	+7.700e+03	+3.770e+03	+1.214e+04	+0.329
172.900	+7.623e+03	+2.681e+03	+9.690e+03	+0.260
173.000	+6.444e+03	+1.158e+03	+1.060e+04	+0.152
173.100	+7.566e+03	+3.093e+03	+1.066e+04	+0.290
173.200	+8.579e+03	+2.705e+03	+1.025e+04	+0.240
173.300	+8.308e+03	+2.853e+03	+9.885e+03	+0.256
173.400	+7.103e+03	+9.155e+02	+1.010e+04	+0.114
173.500	+5.829e+03	+2.232e+03	+9.018e+03	+0.277
173.600	+7.592e+03	+2.287e+03	+9.372e+03	+0.232
173.700	+5.697e+03	+2.211e+03	+1.130e+04	+0.280
173.800	+7.976e+03	+3.008e+03	+1.011e+04	+0.274
173.900	+8.067e+03	+3.286e+03	+9.199e+03	+0.289
174.000	+8.691e+03	+2.567e+03	+1.044e+04	+0.228
174.100	+7.421e+03	+1.079e+03	+9.378e+03	+0.127
174.200	+7.509e+03	+2.321e+03	+9.044e+03	+0.236
174.300	+6.860e+03	+1.633e+03	+9.412e+03	+0.192
174.400	+6.658e+03	+1.464e+03	+1.059e+04	+0.180
174.500	+6.766e+03	+2.758e+03	+9.053e+03	+0.290
174.600	+8.890e+03	+3.002e+03	+1.163e+04	+0.252
174.700	+7.166e+03	+2.366e+03	+1.121e+04	+0.248
174.800	+5.632e+03	+2.727e+03	+1.025e+04	+0.326
174.900	+7.162e+03	+2.237e+03	+1.115e+04	+0.238
175.000	+7.644e+03	+3.375e+03	+9.991e+03	+0.306
175.100	+6.462e+03	+2.957e+03	+9.393e+03	+0.314
175.200	+9.587e+03	+3.037e+03	+9.811e+03	+0.241
175.300	+7.755e+03	+1.984e+03	+1.115e+04	+0.204
175.400	+8.137e+03	+3.319e+03	+9.421e+03	+0.290
175.500	+8.070e+03	+2.348e+03	+1.054e+04	+0.225
175.600	+6.968e+03	+1.450e+03	+9.247e+03	+0.172
175.700	+7.544e+03	+3.180e+03	+9.542e+03	+0.297
175.800	+8.217e+03	+1.948e+03	+9.744e+03	+0.192
175.900	+7.344e+03	+2.122e+03	+1.004e+04	+0.224
176.000	+7.640e+03	+2.437e+03	+1.038e+04	+0.242
176.100	+8.231e+03	+2.971e+03	+9.726e+03	+0.265
176.200	+7.191e+03	+1.717e+03	+9.607e+03	+0.193
176.300	+7.494e+03	+3.135e+03	+9.267e+03	+0.295
176.400	+7.099e+03	+3.842e+02	+9.895e+03	+0.051
176.500	+6.719e+03	+3.606e+03	+9.772e+03	+0.349
176.600	+7.567e+03	+3.005e+03	+9.789e+03	+0.284
176.700	+8.015e+03	+2.812e+03	+9.330e+03	+0.260
176.800	+7.845e+03	+3.155e+03	+9.885e+03	+0.287
176.900	+8.022e+03	+2.445e+03	+1.085e+04	+0.234
177.000	+8.740e+03	+2.392e+03	+1.100e+04	+0.215
177.100	+8.082e+03	+3.563e+03	+1.131e+04	+0.306
177.200	+7.854e+03	+1.461e+03	+9.183e+03	+0.157
177.300	+8.121e+03	+2.152e+03	+1.039e+04	+0.210
177.400	+7.963e+03	+2.680e+03	+9.572e+03	+0.252
177.500	+7.674e+03	+1.394e+03	+8.870e+03	+0.154
177.600	+7.970e+03	+1.673e+03	+9.188e+03	+0.174
177.700	+8.921e+03	+1.942e+03	+9.791e+03	+0.179
177.800	+8.459e+03	+2.053e+03	+1.037e+04	+0.195
177.900	+7.876e+03	+2.235e+03	+1.005e+04	+0.221
178.000	+7.660e+03	+2.298e+03	+9.719e+03	+0.231
178.100	+6.206e+03	+2.402e+03	+1.026e+04	+0.279
178.200	+4.112e+03	+5.220e+03	+1.007e+04	+0.559
178.300	+1.608e+03	+8.335e+03	+9.721e+03	+0.838
178.400	+2.023e+03	+7.985e+03	+9.144e+03	+0.798
178.500	+2.968e+03	+8.908e+03	+9.442e+03	+0.750
178.600	+2.560e+03	+7.947e+03	+1.077e+04	+0.756
178.700	+2.103e+03	+8.098e+03	+1.019e+04	+0.794
178.800	+1.296e+03	+7.911e+03	+9.554e+03	+0.859
178.900	+2.046e+03	+8.357e+03	+1.007e+04	+0.803
179.000	+1.952e+03	+7.873e+03	+1.117e+04	+0.801
179.100	+1.428e+03	+9.657e+03	+1.030e+04	+0.871
179.200	+2.739e+03	+7.911e+03	+1.074e+04	+0.743
179.300	+1.470e+03	+8.755e+03	+9.959e+03	+0.856
179.400	+1.670e+03	+8.507e+03	+1.073e+04	+0.836
179.500	+3.044e+03	+8.206e+03	+9.381e+03	+0.729
179.600	+9.307e+02	+9.027e+03	+9.609e+03	+0.907
179.700	+2.644e+03	+8.789e+03	+9.829e+03	+0.769
179.800	+1.859e+03	+7.377e+03	+9.046e+03	+0.799
179.900	+1.239e+03	+7.603e+03	+1.134e+04	+0.860
180.000	+2.104e+03	+9.153e+03	+8.553e+03	+0.813
180.100	+3.656e+03	+8.462e+03	+1.022e+04	+0.698
180.200	+2.306e+03	+8.457e+03	+9.063e+03	+0.786
180.300	+1.973e+03	+8.949e+03	+1.060e+04	+0.819
180.400	+2.462e+03	+7.810e+03	+1.046e+04	+0.760
180.500	+9.244e+02	+7.595e+03	+1.055e+04	+0.891
180.600	+1.215e+03	+7.308e+03	+9.047e+03	+0.857
180.700	+1.455e+03	+8.811e+03	+1.020e+04	+0.858
180.800	+1.657e+03	+8.358e+03	+1.077e+04	+0.835
180.900	+3.046e+03	+8.503e+03	+9.832e+03	+0.736
181.000	+3.748e+03	+6.610e+03	+8.087e+03	+0.638
181.100	+1.946e+03	+8.491e+03	+1.069e+04	+0.814
181.200	+2.496e+03	+7.923e+03	+9.615e+03	+0.760
181.300	+2.066e+03	+7.069e+03	+1.049e+04	+0.774
181.400	+1.874e+03	+7.950e+03	+9.208e+03	+0.809
181.500	+1.861e+03	+8.488e+03	+1.014e+04	+0.820
181.600	+2.354e+03	+8.223e+03	+1.001e+04	+0.777
181.700	+2.854e+03	+7.997e+03	+1.129e+04	+0.737
181.800	+2.158e+03	+8.581e+03	+9.746e+03	+0.799
181.900	+1.599e+03	+9.079e+03	+1.013e+04	+0.850
182.000	+1.674e+03	+8.720e+03	+9.637e+03	+0.839
182.100	+9.531e+02	+8.088e+03	+9.809e+03	+0.895
182.200	+2.239e+03	+7.711e+03	+1.038e+04	+0.775
182.300	+2.309e+03	+7.473e+03	+9.519e+03	+0.764
182.400	+2.358e+03	+7.240e+03	+9.656e+03	+0.754
182.500	+2.253e+03	+7.867e+03	+1.140e+04	+0.777
182.600	+1.816e+03	+7.494e+03	+9.232e+03	+0.805
182.700	+2.840e+03	+8.878e+03	+9.664e+03	+0.758
182.800	+2.570e+03	+7.419e+03	+9.896e+03	+0.743
182.900	+1.175e+03	+9.011e+03	+1.039e+04	+0.885
183.000	+9.783e+02	+8.141e+03	+9.823e+03	+0.893
183.100	+1.670e+03	+8.726e+03	+1.067e+04	+0.839
183.200	+2.825e+03	+7.250e+03	+9.376e+03	+0.720
183.300	+1.738e+03	+7.566e+03	+9.849e+03	+0.813
183.400	+2.186e+03	+8.891e+03	+9.637e+03	+0.803
183.500	+3.358e+03	+8.012e+03	+8.791e+03	+0.705
183.600	+8.597e+02	+7.713e+03	+9.775e+03	+0.900
183.700	+3.341e+02	+7.406e+03	+1.003e+04	+0.957
183.800	+2.253e+03	+7.824e+03	+1.151e+04	+0.776
183.900	+2.319e+03	+8.828e+03	+1.015e+04	+0.792
184.000	+2.321e+03	+7.656e+03	+1.142e+04	+0.767
184.100	+1.725e+03	+7.821e+03	+9.441e+03	+0.819
184.200	+8.591e+02	+9.108e+03	+9.370e+03	+0.914
184.300	+1.703e+03	+7.785e+03	+9.658e+03	+0.821
184.400	+1.946e+03	+7.467e+03	+9.657e+03	+0.793
184.500	+3.452e+03	+7.862e+03	+1.104e+04	+0.695
184.600	+1.784e+03	+9.083e+03	+1.075e+04	+0.836
184.700	+2.691e+03	+7.371e+03	+9.934e+03	+0.733
184.800	+1.957e+03	+7.410e+03	+9.798e+03	+0.791
184.900	+1.862e+03	+8.336e+03	+1.232e+04	+0.817
185.000	+1.461e+03	+7.491e+03	+9.984e+03	+0.837
185.100	+1.978e+03	+7.844e+03	+9.552e+03	+0.799
185.200	+2.221e+03	+8.486e+03	+1.149e+04	+0.793
185.300	+1.151e+03	+6.946e+03	+1.060e+04	+0.858
185.400	+1.539e+03	+7.645e+03	+1.050e+04	+0.832
185.500	+1.042e+03	+7.923e+03	+9.298e+03	+0.884
185.600	+3.665e+03	+7.432e+03	+1.081e+04	+0.670
185.700	+2.513e+03	+8.570e+03	+1.008e+04	+0.773
185.800	+1.474e+03	+7.226e+03	+1.031e+04	+0.831
185.900	+2.333e+03	+8.484e+03	+1.080e+04	+0.784
186.000	+1.526e+03	+7.725e+03	+1.198e+04	+0.835
186.100	+1.379e+03	+6.992e+03	+1.056e+04	+0.835
186.200	+2.895e+03	+8.383e+03	+1.010e+04	+0.743
186.300	+2.768e+03	+7.184e+03	+1.134e+04	+0.722
186.400	+1.491e+03	+7.329e+03	+8.676e+03	+0.831
186.500	+3.343e+03	+9.396e+03	+1.063e+04	+0.738
186.600	+2.722e+03	+8.055e+03	+1.087e+04	+0.747
186.700	+1.624e+03	+7.267e+03	+9.910e+03	+0.817
186.800	+2.108e+03	+8.466e+03	+1.044e+04	+0.801
186.900	+2.632e+03	+8.591e+03	+9.961e+03	+0.765
187.000	+1.143e+03	+7.793e+03	+9.946e+03	+0.872
187.100	+2.552e+03	+8.306e+03	+9.183e+03	+0.765
187.200	+2.571e+03	+7.800e+03	+1.056e+04	+0.752
187.300	+1.475e+03	+7.022e+03	+9.170e+03	+0.826
187.400	+2.893e+03	+8.697e+03	+9.874e+03	+0.750
187.500	+1.848e+03	+7.832e+03	+9.815e+03	+0.809
187.600	+2.002e+03	+6.832e+03	+1.034e+04	+0.773
187.700	+2.256e+03	+7.544e+03	+9.619e+03	+0.770
187.800	+2.142e+03	+8.559e+03	+9.419e+03	+0.800
187.900	+2.135e+03	+9.250e+03	+9.270e+03	+0.813
188.000	+8.155e+02	+7.517e+03	+1.012e+04	+0.902
188.100	+4.720e+02	+8.227e+03	+9.491e+03	+0.946
188.200	+2.374e+03	+7.764e+03	+1.063e+04	+0.766
188.300	+1.352e+03	+8.413e+03	+9.048e+03	+0.861
188.400	+1.654e+03	+7.902e+03	+1.092e+04	+0.827
188.500	+2.895e+03	+7.709e+03	+1.071e+04	+0.727
188.600	+2.700e+03	+9.754e+03	+1.081e+04	+0.783
188.700	+1.607e+03	+8.572e+03	+9.826e+03	+0.842
188.800	+1.784e+03	+8.898e+03	+1.051e+04	+0.833
188.900	+1.814e+03	+6.638e+03	+1.018e+04	+0.785
189.000	+2.528e+03	+8.294e+03	+8.564e+03	+0.766
189.100	+2.548e+03	+7.293e+03	+1.006e+04	+0.741
189.200	+1.875e+03	+7.700e+03	+9.822e+03	+0.804
189.300	+2.084e+03	+7.340e+03	+9.806e+03	+0.779
189.400	+1.644e+03	+8.396e+03	+1.009e+04	+0.836
189.500	+2.575e+03	+8.001e+03	+1.028e+04	+0.757
189.600	+3.556e+03	+7.896e+03	+9.390e+03	+0.689
189.700	+1.897e+03	+6.792e+03	+1.026e+04	+0.782
189.800	+1.390e+03	+9.234e+03	+9.832e+03	+0.869
189.900	+2.405e+03	+6.883e+03	+9.285e+03	+0.741
190.000	+1.134e+03	+8.708e+03	+9.829e+03	+0.885
190.100	+3.387e+03	+8.758e+03	+1.105e+04	+0.721
190.200	+1.581e+03	+7.851e+03	+9.997e+03	+0.832
190.300	+3.267e+03	+7.202e+03	+1.052e+04	+0.688
190.400	+2.293e+03	+9.073e+03	+9.791e+03	+0.798
190.500	+2.294e+03	+7.262e+03	+9.754e+03	+0.760
190.600	+1.003e+03	+8.508e+03	+1.036e+04	+0.895
190.700	+2.120e+03	+8.142e+03	+1.105e+04	+0.793
190.800	+2.224e+03	+8.571e+03	+9.513e+03	+0.794
190.900	+2.316e+03	+7.116e+03	+1.047e+04	+0.754
191.000	+2.188e+03	+8.180e+03	+1.026e+04	+0.789
191.100	+1.501e+03	+8.959e+03	+1.022e+04	+0.856
191.200	+2.317e+03	+8.061e+03	+1.022e+04	+0.777
191.300	+3.726e+03	+7.640e+03	+1.018e+04	+0.672
191.400	+2.356e+03	+7.562e+03	+1.050e+04	+0.762
191.500	+2.714e+03	+7.144e+03	+9.763e+03	+0.725
191.600	+8.265e+02	+7.854e+03	+9.335e+03	+0.905
191.700	+1.290e+03	+7.997e+03	+9.534e+03	+0.861
191.800	+1.683e+03	+7.976e+03	+9.221e+03	+0.826
191.900	+3.075e+03	+7.348e+03	+1.015e+04	+0.705
192.000	+1.912e+03	+8.511e+03	+9.591e+03	+0.817
192.100	+2.669e+03	+9.703e+03	+1.013e+04	+0.784
192.200	+1.008e+03	+7.579e+03	+9.702e+03	+0.883
192.300	+3.038e+03	+7.956e+03	+9.488e+03	+0.724
192.400	+1.671e+03	+6.884e+03	+9.283e+03	+0.805
192.500	+1.840e+03	+7.198e+03	+9.163e+03	+0.796
192.600	+2.125e+03	+6.449e+03	+9.716e+03	+0.752
192.700	+1.473e+03	+7.368e+03	+1.048e+04	+0.833
192.800	+1.052e+03	+7.103e+03	+9.813e+03	+0.871
192.900	+1.789e+03	+9.112e+03	+1.119e+04	+0.836
193.000	+2.224e+03	+7.498e+03	+9.135e+03	+0.771
193.100	+1.982e+03	+8.612e+03	+1.126e+04	+0.813
193.200	+3.238e+03	+7.561e+03	+9.528e+03	+0.700
193.300	+2.900e+03	+8.018e+03	+9.468e+03	+0.734
193.400	+2.073e+03	+8.763e+03	+1.097e+04	+0.809
193.500	+1.710e+03	+8.106e+03	+9.599e+03	+0.826
193.600	+2.203e+03	+8.536e+03	+1.043e+04	+0.795
193.700	+8.443e+02	+7.451e+03	+1.002e+04	+0.898
193.800	+1.765e+03	+9.602e+03	+9.455e+03	+0.845
193.900	+1.387e+03	+7.998e+03	+1.038e+04	+0.852
194.000	+2.077e+02	+7.691e+03	+9.259e+03	+0.974
194.100	+2.925e+03	+7.474e+03	+1.070e+04	+0.719
194.200	+7.738e+02	+7.584e+03	+1.075e+04	+0.907
194.300	+3.060e+03	+7.654e+03	+9.666e+03	+0.714
194.400	+1.612e+03	+8.406e+03	+9.594e+03	+0.839
194.500	+1.371e+03	+7.916e+03	+1.026e+04	+0.852
194.600	+2.656e+03	+8.525e+03	+1.071e+04	+0.762
194.700	+1.745e+03	+8.677e+03	+8.683e+03	+0.833
194.800	+2.604e+03	+8.785e+03	+1.048e+04	+0.771
194.900	+1.546e+03	+7.711e+03	+1.091e+04	+0.833
195.000	+2.630e+03	+9.014e+03	+9.825e+03	+0.774
195.100	+2.793e+03	+7.569e+03	+9.313e+03	+0.730
195.200	+1.837e+03	+7.234e+03	+9.990e+03	+0.798
195.300	+2.854e+03	+8.568e+03	+9.789e+03	+0.750
195.400	+2.310e+03	+7.834e+03	+1.068e+04	+0.772
195.500	+7.025e+02	+7.522e+03	+1.095e+04	+0.915
195.600	+1.722e+03	+8.354e+03	+9.258e+03	+0.829
195.700	+2.277e+03	+8.564e+03	+1.030e+04	+0.790
195.800	+2.261e+03	+7.190e+03	+1.007e+04	+0.761
195.900	+1.831e+03	+9.264e+03	+9.624e+03	+0.835
196.000	+1.505e+03	+8.859e+03	+8.920e+03	+0.855
196.100	+2.213e+03	+7.157e+03	+1.050e+04	+0.764
196.200	+3.385e+03	+8.211e+03	+8.953e+03	+0.708
196.300	+1.741e+03	+7.782e+03	+1.070e+04	+0.817
196.400	+2.521e+03	+8.859e+03	+1.000e+04	+0.778
196.500	+1.252e+03	+7.895e+03	+9.207e+03	+0.863
196.600	+3.057e+03	+8.843e+03	+9.984e+03	+0.743
196.700	+3.418e+03	+7.836e+03	+9.340e+03	+0.696
196.800	+2.236e+03	+6.946e+03	+1.019e+04	+0.756
196.900	+2.364e+03	+8.554e+03	+8.910e+03	+0.783
197.000	+1.340e+03	+7.187e+03	+1.029e+04	+0.843
197.100	+2.670e+03	+8.012e+03	+1.103e+04	+0.750
197.200	+1.595e+03	+8.244e+03	+8.920e+03	+0.838
197.300	+2.725e+03	+8.410e+03	+1.026e+04	+0.755
197.400	+1.872e+03	+8.697e+03	+9.392e+03	+0.823
197.500	+1.316e+03	+7.964e+03	+9.781e+03	+0.858
197.600	+2.175e+03	+7.135e+03	+8.765e+03	+0.766
197.700	+2.268e+03	+7.184e+03	+1.042e+04	+0.760
197.800	+1.558e+03	+9.023e+03	+9.931e+03	+0.853
197.900	+1.944e+03	+8.181e+03	+1.046e+04	+0.808
198.000	+1.837e+03	+7.870e+03	+9.449e+03	+0.811
198.100	+3.643e+03	+7.698e+03	+9.801e+03	+0.679
198.200	+2.385e+03	+7.960e+03	+9.015e+03	+0.769
198.300	+1.821e+03	+7.996e+03	+1.053e+04	+0.815
198.400	+9.494e+02	+8.459e+03	+1.059e+04	+0.899
198.500	+1.262e+03	+7.383e+03	+1.016e+04	+0.854
198.600	+2.602e+03	+8.186e+03	+1.100e+04	+0.759
198.700	+1.040e+03	+7.806e+03	+9.231e+03	+0.882
198.800	+9.532e+02	+7.556e+03	+1.018e+04	+0.888
198.900	+3.002e+03	+7.845e+03	+9.115e+03	+0.723
199.000	+2.599e+03	+8.073e+03	+9.550e+03	+0.756
199.100	+2.126e+03	+8.235e+03	+8.550e+03	+0.795
199.200	+3.438e+03	+7.756e+03	+9.128e+03	+0.693
199.300	+1.391e+03	+8.349e+03	+1.036e+04	+0.857
199.400	+1.221e+03	+8.688e+03	+1.011e+04	+0.877
199.500	+3.193e+03	+8.259e+03	+9.244e+03	+0.721
199.600	+1.715e+03	+7.577e+03	+9.351e+03	+0.815
199.700	+2.185e+03	+8.440e+03	+1.095e+04	+0.794
199.800	+1.254e+03	+7.942e+03	+9.588e+03	+0.864
