%t (s)	Idd (a.u.)	Ida (a.u.)	Iaa (a.u.)	FRET E
0.000	+8.752e+03	+2.779e+03	+8.704e+03	+0.241
0.100	+6.559e+03	+2.821e+03	+8.833e+03	+0.301
0.200	+7.543e+03	+2.499e+03	+9.371e+03	+0.249
0.300	+6.881e+03	+2.204e+03	+1.059e+04	+0.243
0.400	+5.997e+03	+3.652e+03	+1.029e+04	+0.378
0.500	+6.711e+03	+2.465e+03	+9.147e+03	+0.269
0.600	+7.205e+03	+3.293e+03	+1.064e+04	+0.314
0.700	+8.106e+03	+2.905e+03	+1.100e+04	+0.264
0.800	+6.315e+03	+3.913e+03	+9.865e+03	+0.383
0.900	+8.130e+03	+3.605e+03	+9.325e+03	+0.307
1.000	+8.658e+03	+2.444e+03	+1.036e+04	+0.220
1.100	+8.449e+03	+1.253e+03	+1.013e+04	+0.129
1.200	+8.686e+03	+3.250e+03	+9.171e+03	+0.272
1.300	+8.027e+03	+2.061e+03	+9.927e+03	+0.204
1.400	+8.081e+03	+2.226e+03	+1.022e+04	+0.216
1.500	+7.286e+03	+1.175e+03	+1.087e+04	+0.139
1.600	+7.524e+03	+2.827e+03	+1.193e+04	+0.273
1.700	+6.894e+03	+3.672e+03	+9.989e+03	+0.348
1.800	+7.225e+03	+2.508e+03	+9.258e+03	+0.258
1.900	+6.093e+03	+5.196e+03	+1.029e+04	+0.460
2.000	+1.300e+03	+7.805e+03	+1.074e+04	+0.857
2.100	+1.116e+03	+7.444e+03	+1.058e+04	+0.870
2.200	+8.289e+02	+8.321e+03	+9.814e+03	+0.909
2.300	+1.014e+03	+8.136e+03	+9.329e+03	+0.889
2.400	+1.361e+03	+8.676e+03	+9.513e+03	+0.864
2.500	+2.445e+03	+7.773e+03	+1.150e+04	+0.761
2.600	+1.894e+03	+7.937e+03	+1.023e+04	+0.807
2.700	+1.608e+03	+7.728e+03	+1.011e+04	+0.828
2.800	+1.587e+03	+8.283e+03	+9.632e+03	+0.839
2.900	+2.233e+03	+7.463e+03	+9.563e+03	+0.770
3.000	+3.145e+03	+8.289e+03	+9.208e+03	+0.725
3.100	+1.064e+03	+8.086e+03	+9.857e+03	+0.884
3.200	+9.168e+02	+9.562e+03	+9.674e+03	+0.913
3.300	+1.184e+03	+7.566e+03	+1.094e+04	+0.865
3.400	+2.912e+03	+7.049e+03	+9.464e+03	+0.708
3.500	+2.321e+03	+9.123e+03	+1.120e+04	+0.797
3.600	+1.691e+03	+6.451e+03	+9.718e+03	+0.792
3.700	+7.665e+02	+7.462e+03	+1.027e+04	+0.907
3.800	+6.551e+02	+8.061e+03	+1.003e+04	+0.925
3.900	+1.969e+03	+8.117e+03	+9.225e+03	+0.805
4.000	+1.433e+03	+8.208e+03	+8.404e+03	+0.851
4.100	+2.494e+03	+8.700e+03	+9.841e+03	+0.777
4.200	+2.288e+03	+8.231e+03	+9.480e+03	+0.783
4.300	+2.012e+03	+8.307e+03	+1.125e+04	+0.805
4.400	+2.078e+03	+7.947e+03	+1.018e+04	+0.793
4.500	+9.381e+02	+6.973e+03	+1.008e+04	+0.881
4.600	+4.087e+02	+8.633e+03	+1.050e+04	+0.955
4.700	+1.549e+03	+8.974e+03	+9.420e+03	+0.853
4.800	+2.937e+03	+7.629e+03	+9.455e+03	+0.722
4.900	+1.624e+03	+8.415e+03	+9.495e+03	+0.838
5.000	+5.037e+03	+4.851e+03	+1.009e+04	+0.491
5.100	+5.338e+03	+6.187e+03	+1.023e+04	+0.537
5.200	+4.868e+03	+5.697e+03	+9.222e+03	+0.539
5.300	+4.355e+03	+4.519e+03	+8.760e+03	+0.509
5.400	+4.962e+03	+5.021e+03	+1.003e+04	+0.503
5.500	+4.757e+03	+4.395e+03	+1.026e+04	+0.480
5.600	+4.495e+03	+4.425e+03	+1.035e+04	+0.496
5.700	+5.554e+03	+6.218e+03	+9.389e+03	+0.528
5.800	+4.459e+03	+5.322e+03	+9.415e+03	+0.544
5.900	+5.232e+03	+4.580e+03	+9.809e+03	+0.467
6.000	+4.245e+03	+5.469e+03	+1.044e+04	+0.563
6.100	+5.824e+03	+4.788e+03	+1.028e+04	+0.451
6.200	+3.953e+03	+5.667e+03	+1.022e+04	+0.589
6.300	+4.710e+03	+6.346e+03	+9.773e+03	+0.574
6.400	+5.587e+03	+5.771e+03	+1.053e+04	+0.508
6.500	+3.600e+03	+4.197e+03	+9.095e+03	+0.538
6.600	+5.076e+03	+5.112e+03	+1.065e+04	+0.502
6.700	+6.286e+03	+5.877e+03	+1.022e+04	+0.483
6.800	+5.708e+03	+4.010e+03	+9.871e+03	+0.413
6.900	+5.675e+03	+6.469e+03	+9.927e+03	+0.533
7.000	+4.748e+03	+4.534e+03	+1.000e+04	+0.488
7.100	+5.845e+03	+5.552e+03	+9.887e+03	+0.487
7.200	+4.835e+03	+4.924e+03	+9.103e+03	+0.505
7.300	+4.764e+03	+5.007e+03	+9.452e+03	+0.512
7.400	+5.303e+03	+4.918e+03	+9.569e+03	+0.481
7.500	+5.393e+03	+5.214e+03	+9.023e+03	+0.492
7.600	+5.769e+03	+4.658e+03	+9.837e+03	+0.447
7.700	+4.901e+03	+5.552e+03	+8.928e+03	+0.531
7.800	+4.438e+03	+4.094e+03	+9.057e+03	+0.480
7.900	+4.958e+03	+4.747e+03	+9.734e+03	+0.489
8.000	+5.002e+03	+5.428e+03	+1.064e+04	+0.520
8.100	+5.811e+03	+3.060e+03	+1.018e+04	+0.345
8.200	+5.767e+03	+4.714e+03	+1.046e+04	+0.450
8.300	+4.209e+03	+4.738e+03	+9.531e+03	+0.530
8.400	+6.054e+03	+5.877e+03	+9.946e+03	+0.493
8.500	+3.879e+03	+5.913e+03	+9.973e+03	+0.604
8.600	+4.889e+03	+6.030e+03	+1.041e+04	+0.552
8.700	+3.984e+03	+4.144e+03	+1.066e+04	+0.510
8.800	+5.087e+03	+4.969e+03	+9.319e+03	+0.494
8.900	+4.384e+03	+5.564e+03	+1.064e+04	+0.559
9.000	+5.537e+03	+4.798e+03	+9.333e+03	+0.464
9.100	+5.820e+03	+5.839e+03	+9.375e+03	+0.501
9.200	+4.707e+03	+4.550e+03	+1.056e+04	+0.491
9.300	+4.576e+03	+5.290e+03	+9.475e+03	+0.536
9.400	+4.840e+03	+5.758e+03	+9.314e+03	+0.543
9.500	+5.136e+03	+5.455e+03	+9.851e+03	+0.515
9.600	+3.438e+03	+4.086e+03	+9.751e+03	+0.543
9.700	+5.167e+03	+4.951e+03	+9.943e+03	+0.489
9.800	+6.013e+03	+6.261e+03	+9.723e+03	+0.510
9.900	+5.882e+03	+3.522e+03	+9.823e+03	+0.375
10.000	+7.404e+03	+2.348e+03	+8.747e+03	+0.241
10.100	+8.599e+03	+2.663e+03	+8.409e+03	+0.236
10.200	+7.938e+03	+1.834e+03	+1.054e+04	+0.188
10.300	+7.621e+03	+3.150e+03	+8.701e+03	+0.292
10.400	+6.752e+03	+2.341e+03	+9.956e+03	+0.257
10.500	+6.958e+03	+2.827e+03	+1.045e+04	+0.289
10.600	+6.367e+03	+1.861e+03	+9.877e+03	+0.226
10.700	+7.121e+03	+2.646e+03	+9.379e+03	+0.271
10.800	+7.458e+03	+2.360e+03	+1.014e+04	+0.240
10.900	+7.063e+03	+2.425e+03	+9.955e+03	+0.256
11.000	+7.553e+03	+3.859e+03	+9.036e+03	+0.338
11.100	+7.537e+03	+2.137e+03	+9.923e+03	+0.221
11.200	+7.656e+03	+2.258e+03	+1.086e+04	+0.228
11.300	+7.825e+03	+2.230e+03	+9.480e+03	+0.222
11.400	+7.417e+03	+3.063e+03	+1.165e+04	+0.292
11.500	+7.190e+03	+2.742e+03	+9.983e+03	+0.276
11.600	+8.752e+03	+3.579e+03	+1.045e+04	+0.290
11.700	+7.241e+03	+1.203e+03	+1.033e+04	+0.142
11.800	+7.037e+03	+2.247e+03	+8.612e+03	+0.242
11.900	+7.687e+03	+3.103e+03	+9.597e+03	+0.288
12.000	+5.546e+03	+5.513e+03	+1.077e+04	+0.499
12.100	+6.396e+03	+3.957e+03	+1.074e+04	+0.382
12.200	+5.050e+03	+6.810e+03	+9.094e+03	+0.574
12.300	+5.657e+03	+5.162e+03	+1.021e+04	+0.477
12.400	+5.205e+03	+4.124e+03	+9.538e+03	+0.442
12.500	+4.716e+03	+5.174e+03	+9.263e+03	+0.523
12.600	+4.485e+03	+4.755e+03	+1.086e+04	+0.515
12.700	+4.745e+03	+5.433e+03	+9.678e+03	+0.534
12.800	+5.786e+03	+4.609e+03	+9.730e+03	+0.443
12.900	+5.168e+03	+4.655e+03	+1.004e+04	+0.474
13.000	+3.624e+03	+3.949e+03	+1.081e+04	+0.522
13.100	+5.073e+03	+4.645e+03	+1.039e+04	+0.478
13.200	+5.430e+03	+5.378e+03	+9.554e+03	+0.498
13.300	+3.802e+03	+4.678e+03	+1.078e+04	+0.552
13.400	+5.430e+03	+6.682e+03	+9.134e+03	+0.552
13.500	+5.344e+03	+4.214e+03	+1.057e+04	+0.441
13.600	+5.041e+03	+4.420e+03	+1.072e+04	+0.467
13.700	+5.010e+03	+4.982e+03	+9.337e+03	+0.499
13.800	+5.341e+03	+4.665e+03	+9.875e+03	+0.466
13.900	+3.961e+03	+4.867e+03	+1.198e+04	+0.551
14.000	+5.428e+03	+3.943e+03	+9.649e+03	+0.421
14.100	+4.832e+03	+5.636e+03	+9.383e+03	+0.538
14.200	+4.312e+03	+5.083e+03	+8.831e+03	+0.541
14.300	+4.303e+03	+4.768e+03	+9.939e+03	+0.526
14.400	+4.545e+03	+4.624e+03	+1.227e+04	+0.504
14.500	+5.479e+03	+4.630e+03	+1.055e+04	+0.458
14.600	+5.810e+03	+4.325e+03	+9.478e+03	+0.427
14.700	+4.532e+03	+6.181e+03	+9.888e+03	+0.577
14.800	+3.906e+03	+5.468e+03	+9.522e+03	+0.583
14.900	+4.868e+03	+5.286e+03	+1.113e+04	+0.521
15.000	+4.619e+03	+4.981e+03	+9.615e+03	+0.519
15.100	+5.056e+03	+4.314e+03	+9.282e+03	+0.460
15.200	+4.858e+03	+4.416e+03	+1.020e+04	+0.476
15.300	+4.275e+03	+5.474e+03	+1.045e+04	+0.561
15.400	+4.717e+03	+4.764e+03	+9.815e+03	+0.502
15.500	+5.948e+03	+5.913e+03	+1.023e+04	+0.499
15.600	+4.584e+03	+4.476e+03	+1.115e+04	+0.494
15.700	+4.946e+03	+4.521e+03	+9.885e+03	+0.478
15.800	+3.866e+03	+5.285e+03	+8.816e+03	+0.578
15.900	+5.973e+03	+3.947e+03	+9.542e+03	+0.398
16.000	+4.106e+03	+4.976e+03	+1.063e+04	+0.548
16.100	+4.541e+03	+4.962e+03	+1.055e+04	+0.522
16.200	+4.871e+03	+5.121e+03	+9.383e+03	+0.512
16.300	+3.987e+03	+5.727e+03	+1.070e+04	+0.590
16.400	+4.590e+03	+4.587e+03	+9.414e+03	+0.500
16.500	+5.388e+03	+4.269e+03	+9.722e+03	+0.442
16.600	+4.618e+03	+3.672e+03	+9.552e+03	+0.443
16.700	+5.819e+03	+4.554e+03	+1.052e+04	+0.439
16.800	+6.152e+03	+6.197e+03	+1.009e+04	+0.502
16.900	+3.707e+03	+5.266e+03	+1.066e+04	+0.587
17.000	+4.684e+03	+4.911e+03	+9.916e+03	+0.512
17.100	+4.597e+03	+5.006e+03	+1.025e+04	+0.521
17.200	+4.407e+03	+6.202e+03	+9.373e+03	+0.585
17.300	+3.614e+03	+5.530e+03	+9.668e+03	+0.605
17.400	+4.455e+03	+5.642e+03	+1.041e+04	+0.559
17.500	+5.949e+03	+4.148e+03	+1.040e+04	+0.411
17.600	+5.450e+03	+3.984e+03	+1.036e+04	+0.422
17.700	+5.086e+03	+4.040e+03	+1.020e+04	+0.443
17.800	+5.754e+03	+4.537e+03	+9.847e+03	+0.441
17.900	+4.980e+03	+5.179e+03	+1.091e+04	+0.510
18.000	+5.337e+03	+5.754e+03	+9.262e+03	+0.519
18.100	+5.392e+03	+5.962e+03	+1.010e+04	+0.525
18.200	+4.417e+03	+4.883e+03	+1.008e+04	+0.525
18.300	+5.226e+03	+3.894e+03	+1.033e+04	+0.427
18.400	+5.331e+03	+6.416e+03	+9.834e+03	+0.546
18.500	+5.659e+03	+5.209e+03	+1.048e+04	+0.479
18.600	+4.755e+03	+5.593e+03	+9.819e+03	+0.540
18.700	+4.103e+03	+4.847e+03	+1.008e+04	+0.542
18.800	+7.206e+03	+2.906e+03	+1.114e+04	+0.287
18.900	+7.146e+03	+2.493e+03	+9.506e+03	+0.259
19.000	+7.925e+03	+1.510e+03	+1.030e+04	+0.160
19.100	+6.929e+03	+1.761e+03	+1.042e+04	+0.203
19.200	+8.540e+03	+2.461e+03	+9.513e+03	+0.224
19.300	+6.994e+03	+1.490e+02	+9.077e+03	+0.021
19.400	+7.241e+03	+1.688e+03	+9.834e+03	+0.189
19.500	+7.372e+03	+2.155e+03	+9.705e+03	+0.226
19.600	+7.398e+03	+2.135e+03	+7.977e+03	+0.224
19.700	+7.648e+03	+1.133e+03	+1.023e+04	+0.129
19.800	+6.382e+03	+2.292e+03	+9.406e+03	+0.264
19.900	+6.589e+03	+1.640e+03	+1.049e+04	+0.199
20.000	+6.867e+03	+2.969e+03	+1.028e+04	+0.302
20.100	+5.999e+03	+1.260e+03	+1.146e+04	+0.174
20.200	+8.251e+03	+1.544e+03	+9.914e+03	+0.158
20.300	+7.246e+03	+2.446e+03	+9.446e+03	+0.252
20.400	+6.759e+03	+1.829e+03	+1.033e+04	+0.213
20.500	+9.031e+03	+2.355e+03	+1.022e+04	+0.207
20.600	+7.507e+03	+2.319e+03	+9.646e+03	+0.236
20.700	+6.850e+03	+1.626e+03	+9.742e+03	+0.192
20.800	+7.880e+03	+1.242e+03	+1.041e+04	+0.136
20.900	+7.685e+03	+3.175e+03	+1.094e+04	+0.292
21.000	+8.952e+03	+2.346e+03	+1.089e+04	+0.208
21.100	+7.327e+03	+2.293e+03	+1.040e+04	+0.238
21.200	+7.109e+03	+2.212e+03	+1.130e+04	+0.237
21.300	+7.471e+03	+2.036e+03	+9.283e+03	+0.214
21.400	+7.484e+03	+3.014e+03	+1.068e+04	+0.287
21.500	+6.909e+03	+1.695e+03	+9.646e+03	+0.197
21.600	+8.668e+03	+2.572e+03	+1.094e+04	+0.229
21.700	+7.862e+03	+2.302e+03	+1.095e+04	+0.226
21.800	+7.611e+03	+3.865e+03	+1.051e+04	+0.337
21.900	+6.892e+03	+3.301e+03	+9.439e+03	+0.324
22.000	+7.961e+03	+2.304e+03	+1.014e+04	+0.224
22.100	+7.322e+03	+1.413e+03	+9.319e+03	+0.162
22.200	+8.820e+03	+2.097e+03	+1.015e+04	+0.192
22.300	+8.787e+03	+3.469e+03	+7.986e+03	+0.283
22.400	+8.385e+03	+4.205e+03	+1.017e+04	+0.334
22.500	+7.180e+03	+2.163e+03	+9.372e+03	+0.231
22.600	+7.277e+03	+2.231e+03	+9.191e+03	+0.235
22.700	+7.815e+03	+2.345e+03	+9.506e+03	+0.231
22.800	+8.513e+03	+1.941e+03	+1.004e+04	+0.186
22.900	+8.872e+03	+2.176e+03	+9.687e+03	+0.197
23.000	+7.856e+03	+2.264e+03	+9.536e+03	+0.224
23.100	+6.684e+03	+3.862e+03	+1.062e+04	+0.366
23.200	+8.041e+03	+2.257e+03	+9.829e+03	+0.219
23.300	+7.476e+03	+1.708e+03	+9.168e+03	+0.186
23.400	+6.963e+03	+3.795e+03	+9.754e+03	+0.353
23.500	+5.540e+03	+3.936e+03	+1.059e+04	+0.415
23.600	+4.654e+03	+4.891e+03	+9.377e+03	+0.512
23.700	+5.373e+03	+3.664e+03	+1.066e+04	+0.405
23.800	+5.805e+03	+6.238e+03	+1.133e+04	+0.518
23.900	+4.141e+03	+5.352e+03	+1.014e+04	+0.564
24.000	+5.900e+03	+5.473e+03	+1.014e+04	+0.481
24.100	+4.244e+03	+5.238e+03	+9.215e+03	+0.552
24.200	+5.272e+03	+4.555e+03	+9.205e+03	+0.464
24.300	+4.979e+03	+5.849e+03	+1.049e+04	+0.540
24.400	+4.316e+03	+5.844e+03	+1.037e+04	+0.575
24.500	+6.231e+03	+5.202e+03	+8.962e+03	+0.455
24.600	+4.151e+03	+5.014e+03	+1.052e+04	+0.547
24.700	+5.887e+03	+6.716e+03	+9.470e+03	+0.533
24.800	+4.684e+03	+4.993e+03	+1.070e+04	+0.516
24.900	+5.169e+03	+5.351e+03	+9.816e+03	+0.509
25.000	+5.660e+03	+4.996e+03	+9.502e+03	+0.469
25.100	+5.070e+03	+4.876e+03	+1.038e+04	+0.490
25.200	+4.179e+03	+4.297e+03	+9.381e+03	+0.507
25.300	+4.794e+03	+4.292e+03	+9.653e+03	+0.472
25.400	+3.488e+03	+4.555e+03	+1.043e+04	+0.566
25.500	+4.986e+03	+5.256e+03	+1.025e+04	+0.513
25.600	+5.672e+03	+5.635e+03	+1.079e+04	+0.498
25.700	+4.225e+03	+5.489e+03	+8.955e+03	+0.565
25.800	+4.729e+03	+4.467e+03	+1.072e+04	+0.486
25.900	+5.396e+03	+5.033e+03	+1.045e+04	+0.483
26.000	+6.362e+03	+5.321e+03	+1.147e+04	+0.455
26.100	+6.055e+03	+5.914e+03	+1.031e+04	+0.494
26.200	+4.357e+03	+4.353e+03	+9.733e+03	+0.500
26.300	+4.990e+03	+5.546e+03	+8.432e+03	+0.526
26.400	+5.450e+03	+4.452e+03	+9.986e+03	+0.450
26.500	+5.478e+03	+5.096e+03	+1.008e+04	+0.482
26.600	+3.622e+03	+4.901e+03	+1.038e+04	+0.575
26.700	+4.308e+03	+5.305e+03	+9.673e+03	+0.552
26.800	+4.414e+03	+4.780e+03	+1.018e+04	+0.520
26.900	+3.737e+03	+6.183e+03	+1.079e+04	+0.623
27.000	+4.282e+03	+5.195e+03	+9.219e+03	+0.548
27.100	+5.072e+03	+4.168e+03	+1.073e+04	+0.451
27.200	+4.576e+03	+5.406e+03	+9.683e+03	+0.542
27.300	+5.855e+03	+5.107e+03	+1.130e+04	+0.466
27.400	+4.985e+03	+4.186e+03	+9.688e+03	+0.456
27.500	+5.557e+03	+5.490e+03	+9.723e+03	+0.497
27.600	+7.394e+03	+2.758e+03	+1.129e+04	+0.272
27.700	+7.410e+03	+3.350e+03	+9.895e+03	+0.311
27.800	+6.958e+03	+1.657e+03	+9.265e+03	+0.192
27.900	+7.359e+03	+2.573e+03	+9.396e+03	+0.259
28.000	+7.758e+03	+1.683e+03	+1.017e+04	+0.178
28.100	+5.805e+03	+3.724e+03	+1.032e+04	+0.391
28.200	+4.901e+03	+4.555e+03	+9.616e+03	+0.482
28.300	+5.085e+03	+5.255e+03	+8.535e+03	+0.508
28.400	+5.930e+03	+4.768e+03	+1.001e+04	+0.446
28.500	+5.288e+03	+4.903e+03	+1.081e+04	+0.481
28.600	+5.678e+03	+5.107e+03	+1.080e+04	+0.473
28.700	+4.999e+03	+4.387e+03	+1.009e+04	+0.467
28.800	+4.544e+03	+5.031e+03	+1.031e+04	+0.525
28.900	+4.714e+03	+5.510e+03	+1.094e+04	+0.539
29.000	+3.957e+03	+5.492e+03	+9.799e+03	+0.581
29.100	+4.932e+03	+4.766e+03	+1.009e+04	+0.491
29.200	+4.050e+03	+3.524e+03	+9.704e+03	+0.465
29.300	+4.731e+03	+5.270e+03	+1.013e+04	+0.527
29.400	+4.542e+03	+5.559e+03	+1.040e+04	+0.550
29.500	+3.896e+03	+5.424e+03	+1.039e+04	+0.582
29.600	+4.080e+03	+4.212e+03	+9.730e+03	+0.508
29.700	+4.839e+03	+5.388e+03	+9.521e+03	+0.527
29.800	+4.302e+03	+4.093e+03	+9.717e+03	+0.488
29.900	+3.740e+03	+4.360e+03	+9.447e+03	+0.538
30.000	+5.517e+03	+3.947e+03	+9.721e+03	+0.417
30.100	+4.924e+03	+5.409e+03	+1.003e+04	+0.523
30.200	+4.942e+03	+5.956e+03	+9.921e+03	+0.546
30.300	+4.698e+03	+5.768e+03	+9.776e+03	+0.551
30.400	+3.572e+03	+5.207e+03	+1.037e+04	+0.593
30.500	+5.137e+03	+5.995e+03	+1.031e+04	+0.539
30.600	+3.691e+03	+5.417e+03	+9.496e+03	+0.595
30.700	+4.518e+03	+5.224e+03	+1.008e+04	+0.536
30.800	+4.574e+03	+5.499e+03	+9.500e+03	+0.546
30.900	+5.470e+03	+5.191e+03	+1.028e+04	+0.487
31.000	+5.718e+03	+5.242e+03	+1.033e+04	+0.478
31.100	+4.157e+03	+5.044e+03	+1.033e+04	+0.548
31.200	+6.175e+03	+4.970e+03	+9.302e+03	+0.446
31.300	+4.854e+03	+5.775e+03	+1.066e+04	+0.543
31.400	+3.848e+03	+4.578e+03	+9.237e+03	+0.543
31.500	+4.935e+03	+4.921e+03	+1.029e+04	+0.499
31.600	+4.912e+03	+3.665e+03	+9.425e+03	+0.427
31.700	+4.392e+03	+5.598e+03	+1.013e+04	+0.560
31.800	+5.293e+03	+5.198e+03	+1.031e+04	+0.495
31.900	+4.752e+03	+4.299e+03	+9.014e+03	+0.475
32.000	+4.280e+03	+5.597e+03	+1.067e+04	+0.567
32.100	+6.451e+03	+4.954e+03	+1.087e+04	+0.434
32.200	+4.384e+03	+3.791e+03	+8.292e+03	+0.464
32.300	+5.502e+03	+4.807e+03	+1.100e+04	+0.466
32.400	+4.920e+03	+5.393e+03	+1.043e+04	+0.523
32.500	+6.076e+03	+4.425e+03	+1.011e+04	+0.421
32.600	+6.487e+03	+3.991e+03	+1.166e+04	+0.381
32.700	+7.013e+03	+1.694e+03	+1.062e+04	+0.195
32.800	+8.079e+03	+2.915e+03	+1.109e+04	+0.265
32.900	+6.933e+03	+2.809e+03	+1.086e+04	+0.288
33.000	+6.591e+03	+1.563e+03	+9.586e+03	+0.192
33.100	+7.209e+03	+2.531e+03	+9.397e+03	+0.260
33.200	+8.313e+03	+3.136e+03	+1.028e+04	+0.274
33.300	+7.874e+03	+2.106e+03	+9.017e+03	+0.211
33.400	+8.104e+03	+3.742e+03	+9.237e+03	+0.316
33.500	+6.831e+03	+2.222e+03	+1.181e+04	+0.245
33.600	+7.675e+03	+2.918e+03	+1.050e+04	+0.275
33.700	+8.054e+03	+2.605e+03	+8.080e+03	+0.244
33.800	+7.616e+03	+2.446e+03	+9.159e+03	+0.243
33.900	+7.521e+03	+8.798e+02	+9.603e+03	+0.105
34.000	+7.035e+03	+2.647e+03	+1.026e+04	+0.273
34.100	+8.258e+03	+1.714e+03	+1.062e+04	+0.172
34.200	+8.820e+03	+2.158e+03	+9.498e+03	+0.197
34.300	+7.428e+03	+3.771e+03	+9.357e+03	+0.337
34.400	+7.758e+03	+1.849e+03	+9.784e+03	+0.192
34.500	+7.395e+03	+2.289e+03	+1.163e+04	+0.236
34.600	+7.225e+03	+1.827e+03	+1.060e+04	+0.202
34.700	+8.926e+03	+2.346e+03	+1.055e+04	+0.208
34.800	+7.554e+03	+3.735e+03	+9.743e+03	+0.331
34.900	+6.971e+03	+2.924e+03	+9.742e+03	+0.296
35.000	+7.418e+03	+1.984e+03	+1.043e+04	+0.211
35.100	+6.326e+03	+2.715e+03	+9.409e+03	+0.300
35.200	+8.921e+03	+2.729e+03	+1.002e+04	+0.234
35.300	+8.495e+03	+2.275e+03	+8.774e+03	+0.211
35.400	+6.834e+03	+2.858e+03	+9.664e+03	+0.295
35.500	+7.621e+03	+2.095e+03	+9.618e+03	+0.216
35.600	+7.005e+03	+1.961e+03	+9.048e+03	+0.219
35.700	+5.923e+03	+1.129e+03	+9.395e+03	+0.160
35.800	+7.038e+03	+1.993e+03	+9.673e+03	+0.221
35.900	+6.721e+03	+1.736e+03	+9.965e+03	+0.205
36.000	+6.474e+03	+2.891e+03	+9.088e+03	+0.309
36.100	+7.674e+03	+2.610e+03	+8.912e+03	+0.254
36.200	+7.975e+03	+1.742e+03	+9.858e+03	+0.179
36.300	+7.695e+03	+2.934e+03	+1.044e+04	+0.276
36.400	+6.191e+03	+3.095e+03	+1.020e+04	+0.333
36.500	+8.321e+03	+4.862e+02	+1.148e+04	+0.055
36.600	+8.502e+03	+2.631e+03	+9.792e+03	+0.236
36.700	+8.856e+03	+3.471e+03	+1.001e+04	+0.282
36.800	+6.908e+03	+2.797e+03	+9.539e+03	+0.288
36.900	+7.855e+03	+1.424e+03	+9.443e+03	+0.153
37.000	+8.184e+03	+2.493e+03	+9.277e+03	+0.233
37.100	+6.627e+03	+3.168e+03	+9.078e+03	+0.323
37.200	+7.140e+03	+2.093e+03	+9.621e+03	+0.227
37.300	+8.146e+03	+2.344e+03	+9.736e+03	+0.223
37.400	+6.920e+03	+2.063e+03	+1.008e+04	+0.230
37.500	+7.695e+03	+2.190e+03	+9.325e+03	+0.222
37.600	+7.197e+03	+4.126e+03	+9.045e+03	+0.364
37.700	+7.887e+03	+3.480e+03	+8.754e+03	+0.306
37.800	+6.282e+03	+2.414e+03	+1.059e+04	+0.278
37.900	+7.368e+03	+1.603e+03	+1.019e+04	+0.179
38.000	+7.393e+03	+2.448e+03	+9.737e+03	+0.249
38.100	+8.701e+03	+1.994e+03	+1.051e+04	+0.186
38.200	+8.572e+03	+1.228e+03	+1.097e+04	+0.125
38.300	+7.064e+03	+2.524e+03	+9.851e+03	+0.263
38.400	+7.875e+03	+2.020e+03	+1.023e+04	+0.204
38.500	+8.190e+03	+1.759e+03	+9.974e+03	+0.177
38.600	+8.462e+03	+2.115e+03	+1.030e+04	+0.200
38.700	+6.677e+03	+2.139e+03	+9.131e+03	+0.243
38.800	+8.068e+03	+3.481e+03	+9.720e+03	+0.301
38.900	+8.166e+03	+1.259e+03	+1.007e+04	+0.134
39.000	+5.943e+03	+3.267e+03	+1.006e+04	+0.355
39.100	+5.527e+03	+4.970e+03	+9.740e+03	+0.473
39.200	+4.527e+03	+6.101e+03	+1.076e+04	+0.574
39.300	+5.577e+03	+5.200e+03	+9.837e+03	+0.483
39.400	+6.948e+03	+4.042e+03	+1.101e+04	+0.368
39.500	+3.844e+03	+4.372e+03	+1.086e+04	+0.532
39.600	+5.446e+03	+4.727e+03	+1.010e+04	+0.465
39.700	+4.890e+03	+3.011e+03	+9.805e+03	+0.381
39.800	+5.171e+03	+4.631e+03	+9.416e+03	+0.472
39.900	+4.101e+03	+6.421e+03	+1.011e+04	+0.610
40.000	+6.226e+03	+5.177e+03	+1.053e+04	+0.454
40.100	+4.937e+03	+5.498e+03	+8.089e+03	+0.527
40.200	+4.399e+03	+4.837e+03	+1.019e+04	+0.524
40.300	+5.011e+03	+4.946e+03	+9.751e+03	+0.497
40.400	+4.282e+03	+5.263e+03	+1.063e+04	+0.551
40.500	+5.428e+03	+5.279e+03	+9.579e+03	+0.493
40.600	+4.954e+03	+5.159e+03	+9.844e+03	+0.510
40.700	+6.125e+03	+5.191e+03	+1.018e+04	+0.459
40.800	+6.962e+03	+5.147e+03	+1.058e+04	+0.425
40.900	+4.883e+03	+4.441e+03	+9.064e+03	+0.476
41.000	+5.016e+03	+5.028e+03	+1.028e+04	+0.501
41.100	+5.236e+03	+4.701e+03	+9.780e+03	+0.473
41.200	+4.733e+03	+4.210e+03	+1.106e+04	+0.471
41.300	+4.490e+03	+5.269e+03	+8.811e+03	+0.540
41.400	+4.286e+03	+4.792e+03	+9.643e+03	+0.528
41.500	+6.977e+03	+3.803e+03	+1.025e+04	+0.353
41.600	+7.062e+03	+2.851e+03	+9.944e+03	+0.288
41.700	+8.538e+03	+2.878e+03	+9.031e+03	+0.252
41.800	+7.083e+03	+1.880e+03	+9.439e+03	+0.210
41.900	+6.791e+03	+2.893e+03	+1.020e+04	+0.299
42.000	+8.075e+03	+2.976e+03	+1.064e+04	+0.269
42.100	+7.149e+03	+2.326e+03	+1.072e+04	+0.245
42.200	+7.161e+03	+2.025e+03	+9.158e+03	+0.220
42.300	+7.353e+03	+3.709e+03	+9.077e+03	+0.335
42.400	+8.490e+03	+2.087e+03	+9.352e+03	+0.197
42.500	+6.700e+03	+1.451e+03	+9.475e+03	+0.178
42.600	+8.079e+03	+2.360e+03	+9.475e+03	+0.226
42.700	+7.030e+03	+3.731e+03	+9.027e+03	+0.347
42.800	+8.057e+03	+2.746e+03	+1.133e+04	+0.254
42.900	+7.882e+03	+2.934e+03	+1.066e+04	+0.271
43.000	+6.655e+03	+3.149e+03	+9.090e+03	+0.321
43.100	+7.895e+03	+1.575e+03	+1.038e+04	+0.166
43.200	+8.313e+03	+2.099e+03	+8.772e+03	+0.202
43.300	+9.142e+03	+1.786e+03	+1.020e+04	+0.163
43.400	+7.418e+03	+1.974e+03	+1.053e+04	+0.210
43.500	+7.572e+03	+2.761e+03	+9.710e+03	+0.267
43.600	+8.185e+03	+3.288e+03	+1.088e+04	+0.287
43.700	+8.239e+03	+2.399e+03	+1.183e+04	+0.226
43.800	+7.767e+03	+1.556e+03	+9.628e+03	+0.167
43.900	+6.692e+03	+3.020e+03	+1.064e+04	+0.311
44.000	+6.293e+03	+1.500e+03	+9.525e+03	+0.193
44.100	+7.994e+03	+2.122e+03	+9.844e+03	+0.210
44.200	+8.085e+03	+1.631e+03	+8.775e+03	+0.168
44.300	+8.033e+03	+1.568e+03	+9.452e+03	+0.163
44.400	+6.846e+03	+2.004e+03	+1.147e+04	+0.226
44.500	+7.574e+03	+1.336e+03	+1.043e+04	+0.150
44.600	+8.239e+03	+1.535e+03	+9.728e+03	+0.157
44.700	+7.596e+03	+3.245e+03	+1.045e+04	+0.299
44.800	+7.250e+03	+1.905e+03	+9.544e+03	+0.208
44.900	+7.486e+03	+3.196e+03	+9.958e+03	+0.299
45.000	+5.758e+03	+5.108e+03	+9.511e+03	+0.470
45.100	+5.372e+03	+5.490e+03	+1.007e+04	+0.505
45.200	+5.905e+03	+4.564e+03	+1.040e+04	+0.436
45.300	+4.613e+03	+5.782e+03	+8.567e+03	+0.556
45.400	+4.552e+03	+4.238e+03	+1.012e+04	+0.482
45.500	+4.529e+03	+5.138e+03	+1.060e+04	+0.532
45.600	+6.162e+03	+4.397e+03	+1.066e+04	+0.416
45.700	+5.552e+03	+6.296e+03	+1.027e+04	+0.531
45.800	+6.065e+03	+5.029e+03	+9.377e+03	+0.453
45.900	+5.530e+03	+4.982e+03	+1.032e+04	+0.474
46.000	+5.276e+03	+5.196e+03	+9.266e+03	+0.496
46.100	+3.849e+03	+4.102e+03	+8.857e+03	+0.516
46.200	+5.119e+03	+5.805e+03	+1.146e+04	+0.531
46.300	+4.349e+03	+4.822e+03	+8.888e+03	+0.526
46.400	+4.051e+03	+4.771e+03	+8.641e+03	+0.541
46.500	+5.779e+03	+6.208e+03	+9.069e+03	+0.518
46.600	+4.485e+03	+5.305e+03	+9.710e+03	+0.542
46.700	+4.347e+03	+4.762e+03	+9.718e+03	+0.523
46.800	+4.524e+03	+4.545e+03	+1.106e+04	+0.501
46.900	+4.530e+03	+5.090e+03	+9.111e+03	+0.529
47.000	+5.088e+03	+3.289e+03	+1.036e+04	+0.393
47.100	+4.355e+03	+3.670e+03	+1.003e+04	+0.457
47.200	+4.166e+03	+5.599e+03	+1.026e+04	+0.573
47.300	+5.076e+03	+5.279e+03	+1.123e+04	+0.510
47.400	+4.919e+03	+4.910e+03	+9.550e+03	+0.500
47.500	+5.105e+03	+5.560e+03	+1.033e+04	+0.521
47.600	+4.123e+03	+4.403e+03	+1.079e+04	+0.516
47.700	+4.620e+03	+3.934e+03	+9.995e+03	+0.460
47.800	+5.705e+03	+5.579e+03	+9.834e+03	+0.494
47.900	+6.763e+03	+5.079e+03	+9.904e+03	+0.429
48.000	+5.444e+03	+6.034e+03	+1.054e+04	+0.526
48.100	+5.353e+03	+6.642e+03	+1.012e+04	+0.554
48.200	+5.662e+03	+4.327e+03	+1.057e+04	+0.433
48.300	+4.542e+03	+5.387e+03	+1.102e+04	+0.543
48.400	+4.485e+03	+5.145e+03	+1.062e+04	+0.534
48.500	+5.055e+03	+5.088e+03	+1.002e+04	+0.502
48.600	+5.029e+03	+4.869e+03	+9.315e+03	+0.492
48.700	+5.494e+03	+5.371e+03	+9.524e+03	+0.494
48.800	+5.553e+03	+5.379e+03	+9.503e+03	+0.492
48.900	+6.300e+03	+6.032e+03	+1.054e+04	+0.489
49.000	+4.486e+03	+5.233e+03	+1.057e+04	+0.538
49.100	+3.991e+03	+5.443e+03	+1.098e+04	+0.577
49.200	+5.399e+03	+5.152e+03	+9.951e+03	+0.488
49.300	+5.579e+03	+5.362e+03	+9.736e+03	+0.490
49.400	+5.179e+03	+3.530e+03	+1.073e+04	+0.405
49.500	+4.274e+03	+4.150e+03	+1.025e+04	+0.493
49.600	+5.579e+03	+3.942e+03	+1.046e+04	+0.414
49.700	+5.501e+03	+5.120e+03	+1.136e+04	+0.482
49.800	+5.579e+03	+4.934e+03	+1.000e+04	+0.469
49.900	+5.521e+03	+5.665e+03	+9.765e+03	+0.506
50.000	+5.967e+03	+4.934e+03	+1.128e+04	+0.453
50.100	+5.522e+03	+5.382e+03	+1.067e+04	+0.494
50.200	+5.642e+03	+4.735e+03	+9.746e+03	+0.456
50.300	+5.017e+03	+5.053e+03	+9.799e+03	+0.502
50.400	+4.169e+03	+5.105e+03	+1.097e+04	+0.550
50.500	+4.675e+03	+5.397e+03	+1.059e+04	+0.536
50.600	+4.853e+03	+4.721e+03	+9.334e+03	+0.493
50.700	+4.862e+03	+5.782e+03	+1.115e+04	+0.543
50.800	+4.462e+03	+6.284e+03	+1.008e+04	+0.585
50.900	+4.978e+03	+3.854e+03	+1.088e+04	+0.436
51.000	+4.831e+03	+4.682e+03	+8.252e+03	+0.492
51.100	+4.424e+03	+5.364e+03	+1.076e+04	+0.548
51.200	+4.777e+03	+5.729e+03	+9.307e+03	+0.545
51.300	+6.469e+03	+4.927e+03	+1.062e+04	+0.432
51.400	+4.731e+03	+5.331e+03	+1.051e+04	+0.530
51.500	+5.933e+03	+5.289e+03	+1.022e+04	+0.471
51.600	+4.813e+03	+4.026e+03	+9.803e+03	+0.455
51.700	+4.983e+03	+4.504e+03	+1.073e+04	+0.475
51.800	+6.099e+03	+5.457e+03	+9.441e+03	+0.472
51.900	+5.618e+03	+4.723e+03	+1.026e+04	+0.457
52.000	+4.461e+03	+5.068e+03	+1.114e+04	+0.532
52.100	+6.126e+03	+4.690e+03	+9.604e+03	+0.434
52.200	+5.568e+03	+5.159e+03	+1.054e+04	+0.481
52.300	+5.266e+03	+4.202e+03	+1.115e+04	+0.444
52.400	+5.448e+03	+4.573e+03	+9.664e+03	+0.456
52.500	+5.121e+03	+5.014e+03	+9.016e+03	+0.495
52.600	+4.636e+03	+5.274e+03	+9.057e+03	+0.532
52.700	+5.255e+03	+4.653e+03	+8.799e+03	+0.470
52.800	+5.301e+03	+5.256e+03	+8.531e+03	+0.498
52.900	+4.393e+03	+6.747e+03	+1.034e+04	+0.606
53.000	+4.338e+03	+4.531e+03	+1.068e+04	+0.511
53.100	+5.789e+03	+5.907e+03	+9.791e+03	+0.505
53.200	+5.848e+03	+5.053e+03	+9.209e+03	+0.464
53.300	+4.753e+03	+4.472e+03	+9.640e+03	+0.485
53.400	+6.062e+03	+4.817e+03	+9.448e+03	+0.443
53.500	+4.554e+03	+5.132e+03	+1.027e+04	+0.530
53.600	+4.189e+03	+4.780e+03	+9.034e+03	+0.533
53.700	+4.962e+03	+5.522e+03	+9.973e+03	+0.527
53.800	+5.235e+03	+4.895e+03	+1.055e+04	+0.483
53.900	+3.436e+03	+4.453e+03	+8.894e+03	+0.564
54.000	+5.436e+03	+3.973e+03	+9.503e+03	+0.422
54.100	+6.435e+03	+5.038e+03	+1.006e+04	+0.439
54.200	+5.301e+03	+4.571e+03	+1.073e+04	+0.463
54.300	+4.560e+03	+6.475e+03	+9.850e+03	+0.587
54.400	+4.706e+03	+4.193e+03	+1.030e+04	+0.471
54.500	+4.538e+03	+4.601e+03	+1.035e+04	+0.503
54.600	+4.562e+03	+6.365e+03	+1.087e+04	+0.583
54.700	+4.098e+03	+4.145e+03	+1.015e+04	+0.503
54.800	+5.712e+03	+5.179e+03	+9.827e+03	+0.476
54.900	+5.426e+03	+5.102e+03	+1.006e+04	+0.485
55.000	+5.910e+03	+5.862e+03	+9.981e+03	+0.498
55.100	+4.490e+03	+3.736e+03	+9.858e+03	+0.454
55.200	+4.722e+03	+6.166e+03	+1.084e+04	+0.566
55.300	+4.655e+03	+4.902e+03	+9.397e+03	+0.513
55.400	+4.300e+03	+6.147e+03	+9.950e+03	+0.588
55.500	+3.948e+03	+4.888e+03	+1.005e+04	+0.553
55.600	+5.578e+03	+5.544e+03	+1.012e+04	+0.498
55.700	+4.026e+03	+5.342e+03	+1.113e+04	+0.570
55.800	+4.263e+03	+6.467e+03	+9.542e+03	+0.603
55.900	+4.833e+03	+4.587e+03	+1.008e+04	+0.487
56.000	+5.929e+03	+4.033e+03	+1.043e+04	+0.405
56.100	+4.755e+03	+6.017e+03	+9.341e+03	+0.559
56.200	+5.656e+03	+5.031e+03	+1.010e+04	+0.471
56.300	+5.113e+03	+6.155e+03	+9.894e+03	+0.546
56.400	+4.468e+03	+5.433e+03	+8.649e+03	+0.549
56.500	+5.102e+03	+4.644e+03	+1.016e+04	+0.477
56.600	+6.090e+03	+5.459e+03	+1.074e+04	+0.473
56.700	+4.539e+03	+4.960e+03	+9.266e+03	+0.522
56.800	+5.870e+03	+4.425e+03	+1.044e+04	+0.430
56.900	+5.768e+03	+5.509e+03	+9.723e+03	+0.489
57.000	+5.756e+03	+5.831e+03	+1.029e+04	+0.503
57.100	+5.183e+03	+3.852e+03	+1.060e+04	+0.426
57.200	+5.083e+03	+5.409e+03	+9.456e+03	+0.516
57.300	+4.541e+03	+4.342e+03	+1.032e+04	+0.489
57.400	+4.678e+03	+3.928e+03	+9.471e+03	+0.456
57.500	+4.157e+03	+4.367e+03	+1.093e+04	+0.512
57.600	+5.904e+03	+4.855e+03	+9.790e+03	+0.451
57.700	+5.287e+03	+5.410e+03	+1.073e+04	+0.506
57.800	+3.389e+03	+4.974e+03	+1.014e+04	+0.595
57.900	+5.730e+03	+6.364e+03	+9.404e+03	+0.526
58.000	+4.179e+03	+5.002e+03	+9.876e+03	+0.545
58.100	+4.327e+03	+6.192e+03	+1.037e+04	+0.589
58.200	+5.119e+03	+4.599e+03	+9.949e+03	+0.473
58.300	+6.860e+03	+4.684e+03	+8.816e+03	+0.406
58.400	+6.103e+03	+3.691e+03	+1.027e+04	+0.377
58.500	+7.094e+03	+2.048e+03	+1.094e+04	+0.224
58.600	+6.616e+03	+2.497e+03	+1.032e+04	+0.274
58.700	+7.779e+03	+1.966e+03	+9.696e+03	+0.202
58.800	+6.836e+03	+2.764e+03	+1.046e+04	+0.288
58.900	+6.553e+03	+3.021e+03	+9.936e+03	+0.316
59.000	+8.308e+03	+3.217e+03	+1.018e+04	+0.279
59.100	+6.803e+03	+2.654e+03	+9.664e+03	+0.281
59.200	+7.742e+03	+3.428e+03	+1.223e+04	+0.307
59.300	+7.701e+03	+1.989e+03	+1.106e+04	+0.205
59.400	+7.531e+03	+2.592e+03	+9.861e+03	+0.256
59.500	+7.339e+03	+3.037e+03	+9.704e+03	+0.293
59.600	+6.045e+03	+2.312e+03	+1.088e+04	+0.277
59.700	+7.051e+03	+1.586e+03	+9.902e+03	+0.184
59.800	+7.294e+03	+3.219e+03	+1.024e+04	+0.306
59.900	+7.263e+03	+2.535e+03	+9.676e+03	+0.259
60.000	+7.362e+03	+2.312e+03	+1.074e+04	+0.239
60.100	+6.800e+03	+2.815e+03	+1.007e+04	+0.293
60.200	+7.537e+03	+3.259e+03	+1.047e+04	+0.302
60.300	+7.342e+03	+2.232e+03	+9.836e+03	+0.233
60.400	+7.919e+03	+3.214e+03	+1.033e+04	+0.289
60.500	+8.292e+03	+2.886e+03	+8.556e+03	+0.258
60.600	+7.994e+03	+2.834e+03	+1.043e+04	+0.262
60.700	+6.772e+03	+3.031e+03	+9.508e+03	+0.309
60.800	+6.968e+03	+3.009e+03	+9.856e+03	+0.302
60.900	+6.532e+03	+2.606e+03	+1.007e+04	+0.285
61.000	+6.038e+03	+2.102e+03	+1.039e+04	+0.258
61.100	+6.412e+03	+2.026e+03	+9.646e+03	+0.240
61.200	+7.801e+03	+2.760e+03	+1.015e+04	+0.261
61.300	+7.864e+03	+2.392e+03	+8.842e+03	+0.233
61.400	+6.969e+03	+1.337e+03	+9.863e+03	+0.161
61.500	+7.996e+03	+1.486e+03	+8.931e+03	+0.157
61.600	+8.130e+03	+2.233e+03	+9.450e+03	+0.215
61.700	+8.430e+03	+3.150e+03	+1.001e+04	+0.272
61.800	+6.784e+03	+2.292e+03	+9.120e+03	+0.253
61.900	+7.931e+03	+1.961e+03	+9.664e+03	+0.198
62.000	+8.126e+03	+3.420e+03	+1.018e+04	+0.296
62.100	+7.916e+03	+2.328e+03	+1.045e+04	+0.227
62.200	+7.668e+03	+1.215e+03	+1.113e+04	+0.137
62.300	+7.685e+03	+3.155e+03	+1.129e+04	+0.291
62.400	+7.866e+03	+2.509e+03	+9.663e+03	+0.242
62.500	+7.990e+03	+4.495e+03	+9.595e+03	+0.360
62.600	+8.297e+03	+2.554e+03	+9.324e+03	+0.235
62.700	+8.070e+03	+2.334e+03	+8.202e+03	+0.224
62.800	+8.086e+03	+2.661e+03	+9.679e+03	+0.248
62.900	+7.588e+03	+2.291e+03	+1.045e+04	+0.232
63.000	+7.172e+03	+2.953e+03	+8.655e+03	+0.292
63.100	+7.901e+03	+2.604e+03	+1.163e+04	+0.248
63.200	+8.004e+03	+2.797e+03	+1.039e+04	+0.259
63.300	+6.723e+03	+2.565e+03	+9.924e+03	+0.276
63.400	+7.948e+03	+2.946e+03	+9.383e+03	+0.270
63.500	+6.579e+03	+2.540e+03	+1.054e+04	+0.279
63.600	+7.349e+03	+1.886e+03	+9.264e+03	+0.204
63.700	+7.832e+03	+2.214e+03	+1.113e+04	+0.220
63.800	+7.320e+03	+9.683e+02	+9.803e+03	+0.117
63.900	+6.896e+03	+2.286e+03	+1.013e+04	+0.249
64.000	+7.908e+03	+1.893e+03	+9.301e+03	+0.193
64.100	+7.710e+03	+2.841e+03	+1.060e+04	+0.269
64.200	+7.038e+03	+2.776e+03	+1.051e+04	+0.283
64.300	+6.934e+03	+2.174e+03	+9.496e+03	+0.239
64.400	+8.707e+03	+2.907e+03	+8.718e+03	+0.250
64.500	+8.104e+03	+2.530e+03	+1.002e+04	+0.238
64.600	+7.489e+03	+3.518e+03	+9.069e+03	+0.320
64.700	+7.183e+03	+2.248e+03	+9.685e+03	+0.238
64.800	+7.012e+03	+2.949e+03	+1.011e+04	+0.296
64.900	+8.279e+03	+1.807e+03	+9.828e+03	+0.179
65.000	+7.786e+03	+1.681e+03	+1.045e+04	+0.178
65.100	+6.985e+03	+2.210e+03	+1.047e+04	+0.240
65.200	+7.586e+03	+2.815e+03	+9.959e+03	+0.271
65.300	+8.537e+03	+9.967e+02	+9.639e+03	+0.105
65.400	+6.046e+03	+4.317e+03	+1.038e+04	+0.417
65.500	+6.198e+03	+1.977e+03	+8.800e+03	+0.242
65.600	+7.291e+03	+2.606e+03	+9.540e+03	+0.263
65.700	+7.636e+03	+4.318e+03	+9.752e+03	+0.361
65.800	+7.093e+03	+1.891e+03	+1.088e+04	+0.210
65.900	+7.961e+03	+2.052e+03	+9.627e+03	+0.205
66.000	+6.778e+03	+2.290e+03	+1.026e+04	+0.253
66.100	+7.126e+03	+3.080e+03	+1.112e+04	+0.302
66.200	+8.685e+03	+4.036e+03	+9.799e+03	+0.317
66.300	+6.727e+03	+2.020e+03	+1.076e+04	+0.231
66.400	+6.433e+03	+2.618e+03	+9.670e+03	+0.289
66.500	+8.444e+03	+1.989e+03	+1.021e+04	+0.191
66.600	+7.755e+03	+2.503e+03	+1.077e+04	+0.244
66.700	+7.837e+03	+3.601e+03	+1.068e+04	+0.315
66.800	+8.657e+03	+2.778e+03	+1.097e+04	+0.243
66.900	+7.665e+03	+2.607e+03	+1.042e+04	+0.254
67.000	+8.443e+03	+3.110e+03	+8.941e+03	+0.269
67.100	+7.725e+03	+4.055e+03	+1.018e+04	+0.344
67.200	+7.324e+03	+2.305e+03	+1.114e+04	+0.239
67.300	+7.340e+03	+3.890e+03	+1.016e+04	+0.346
67.400	+7.052e+03	+1.941e+03	+9.277e+03	+0.216
67.500	+6.631e+03	+3.598e+03	+9.544e+03	+0.352
67.600	+6.506e+03	+4.469e+03	+9.384e+03	+0.407
67.700	+8.068e+03	+2.629e+03	+9.249e+03	+0.246
67.800	+7.340e+03	+1.242e+03	+8.290e+03	+0.145
67.900	+6.446e+03	+2.303e+03	+9.614e+03	+0.263
68.000	+7.821e+03	+2.400e+03	+8.834e+03	+0.235
68.100	+6.163e+03	+2.156e+03	+9.703e+03	+0.259
68.200	+7.095e+03	+3.271e+03	+8.853e+03	+0.316
68.300	+8.034e+03	+2.420e+03	+1.017e+04	+0.232
68.400	+7.477e+03	+2.238e+03	+9.990e+03	+0.230
68.500	+7.745e+03	+4.115e+03	+8.060e+03	+0.347
68.600	+8.504e+03	+3.126e+03	+9.877e+03	+0.269
68.700	+8.116e+03	+1.270e+03	+8.896e+03	+0.135
68.800	+6.154e+03	+2.674e+03	+9.630e+03	+0.303
68.900	+7.217e+03	+2.914e+03	+9.589e+03	+0.288
69.000	+6.981e+03	+2.902e+03	+9.394e+03	+0.294
69.100	+8.301e+03	+1.597e+03	+9.583e+03	+0.161
69.200	+6.454e+03	+2.593e+03	+1.089e+04	+0.287
69.300	+7.459e+03	+1.716e+03	+9.509e+03	+0.187
69.400	+7.762e+03	+2.022e+03	+1.087e+04	+0.207
69.500	+7.438e+03	+1.996e+03	+1.000e+04	+0.212
69.600	+8.210e+03	+3.189e+03	+9.415e+03	+0.280
69.700	+7.438e+03	+2.886e+03	+9.672e+03	+0.280
69.800	+8.043e+03	+3.869e+03	+1.062e+04	+0.325
69.900	+7.622e+03	+1.723e+03	+1.009e+04	+0.184
70.000	+5.398e+03	+1.687e+03	+8.929e+03	+0.238
70.100	+8.112e+03	+2.463e+03	+1.075e+04	+0.233
70.200	+6.871e+03	+2.891e+03	+8.953e+03	+0.296
70.300	+6.935e+03	+3.892e+03	+1.023e+04	+0.359
70.400	+7.937e+03	+1.492e+03	+8.914e+03	+0.158
70.500	+7.733e+03	+2.781e+03	+9.506e+03	+0.264
70.600	+7.443e+03	+1.837e+03	+1.014e+04	+0.198
70.700	+7.993e+03	+1.069e+03	+1.040e+04	+0.118
70.800	+6.304e+03	+3.241e+03	+9.264e+03	+0.340
70.900	+7.691e+03	+2.475e+03	+9.461e+03	+0.243
71.000	+8.352e+03	+3.254e+03	+1.031e+04	+0.280
71.100	+6.518e+03	+3.469e+03	+1.009e+04	+0.347
71.200	+6.960e+03	+1.793e+03	+9.617e+03	+0.205
71.300	+7.313e+03	+2.197e+03	+1.007e+04	+0.231
71.400	+6.619e+03	+3.251e+03	+1.074e+04	+0.329
71.500	+7.393e+03	+1.468e+03	+1.090e+04	+0.166
71.600	+7.445e+03	+2.678e+03	+1.027e+04	+0.265
71.700	+6.681e+03	+2.104e+03	+1.023e+04	+0.239
71.800	+6.392e+03	+1.947e+03	+1.008e+04	+0.233
71.900	+6.062e+03	+2.574e+03	+1.037e+04	+0.298
72.000	+8.889e+03	+2.776e+03	+1.058e+04	+0.238
72.100	+7.584e+03	+3.640e+03	+1.065e+04	+0.324
72.200	+8.091e+03	+3.363e+03	+1.045e+04	+0.294
72.300	+7.348e+03	+3.537e+03	+1.012e+04	+0.325
72.400	+6.761e+03	+2.837e+03	+1.077e+04	+0.296
72.500	+6.923e+03	+2.619e+03	+9.653e+03	+0.274
72.600	+8.381e+03	+1.879e+03	+1.037e+04	+0.183
72.700	+7.553e+03	+2.859e+03	+1.095e+04	+0.275
72.800	+6.353e+03	+3.151e+03	+9.867e+03	+0.332
72.900	+7.070e+03	+1.748e+03	+1.034e+04	+0.198
73.000	+6.641e+03	+2.215e+03	+1.080e+04	+0.250
73.100	+7.435e+03	+2.815e+03	+1.034e+04	+0.275
73.200	+7.273e+03	+2.201e+03	+9.885e+03	+0.232
73.300	+8.018e+03	+2.328e+03	+9.988e+03	+0.225
73.400	+6.948e+03	+1.932e+03	+1.107e+04	+0.218
73.500	+7.497e+03	+1.943e+03	+8.244e+03	+0.206
73.600	+8.123e+03	+1.174e+03	+1.062e+04	+0.126
73.700	+7.327e+03	+2.377e+03	+1.013e+04	+0.245
73.800	+7.378e+03	+2.021e+03	+9.584e+03	+0.215
73.900	+7.867e+03	+2.646e+03	+1.094e+04	+0.252
74.000	+7.549e+03	+2.642e+03	+1.070e+04	+0.259
74.100	+5.901e+03	+3.695e+03	+9.610e+03	+0.385
74.200	+5.967e+03	+6.267e+03	+9.879e+03	+0.512
74.300	+6.220e+03	+5.211e+03	+9.771e+03	+0.456
74.400	+5.256e+03	+5.176e+03	+9.922e+03	+0.496
74.500	+5.308e+03	+3.491e+03	+9.658e+03	+0.397
74.600	+6.589e+03	+3.303e+03	+1.018e+04	+0.334
74.700	+5.508e+03	+3.894e+03	+1.037e+04	+0.414
74.800	+5.036e+03	+4.960e+03	+9.880e+03	+0.496
74.900	+4.895e+03	+5.226e+03	+9.930e+03	+0.516
75.000	+5.178e+03	+4.112e+03	+9.473e+03	+0.443
75.100	+5.573e+03	+7.044e+03	+1.013e+04	+0.558
75.200	+7.861e+03	+2.556e+03	+1.016e+04	+0.245
75.300	+6.565e+03	+3.994e+03	+9.664e+03	+0.378
75.400	+5.433e+03	+5.072e+03	+9.957e+03	+0.483
75.500	+5.449e+03	+6.734e+03	+1.002e+04	+0.553
75.600	+6.013e+03	+5.446e+03	+9.945e+03	+0.475
75.700	+6.387e+03	+3.561e+03	+9.611e+03	+0.358
75.800	+7.596e+03	+2.755e+03	+9.792e+03	+0.266
75.900	+6.870e+03	+2.818e+03	+9.897e+03	+0.291
76.000	+8.411e+03	+2.340e+03	+1.007e+04	+0.218
76.100	+7.925e+03	+3.211e+03	+9.107e+03	+0.288
76.200	+7.926e+03	+2.030e+03	+9.431e+03	+0.204
76.300	+6.967e+03	+3.170e+03	+1.031e+04	+0.313
76.400	+7.215e+03	+3.053e+03	+9.391e+03	+0.297
76.500	+9.145e+03	+3.086e+03	+9.709e+03	+0.252
76.600	+6.975e+03	+3.042e+03	+1.098e+04	+0.304
76.700	+7.959e+03	+4.185e+03	+9.423e+03	+0.345
76.800	+7.882e+03	+3.235e+03	+9.913e+03	+0.291
76.900	+7.303e+03	+3.391e+03	+1.016e+04	+0.317
77.000	+7.013e+03	+2.486e+03	+1.051e+04	+0.262
77.100	+5.688e+03	+3.183e+03	+9.423e+03	+0.359
77.200	+8.970e+03	+2.643e+03	+1.011e+04	+0.228
77.300	+7.040e+03	+2.666e+03	+9.766e+03	+0.275
77.400	+7.003e+03	+2.489e+03	+1.075e+04	+0.262
77.500	+7.047e+03	+3.428e+03	+9.881e+03	+0.327
77.600	+7.816e+03	+4.315e+03	+1.113e+04	+0.356
77.700	+7.303e+03	+2.930e+03	+1.051e+04	+0.286
77.800	+7.632e+03	+2.044e+03	+9.631e+03	+0.211
77.900	+7.886e+03	+1.561e+03	+1.047e+04	+0.165
78.000	+7.910e+03	+1.813e+03	+9.765e+03	+0.186
78.100	+6.982e+03	+2.948e+03	+1.064e+04	+0.297
78.200	+7.250e+03	+1.741e+03	+9.818e+03	+0.194
78.300	+6.747e+03	+4.390e+03	+1.006e+04	+0.394
78.400	+7.873e+03	+3.545e+03	+1.023e+04	+0.311
78.500	+7.047e+03	+1.946e+03	+1.007e+04	+0.216
78.600	+7.241e+03	+3.606e+03	+9.522e+03	+0.332
78.700	+8.203e+03	+2.070e+03	+9.077e+03	+0.202
78.800	+6.616e+03	+2.496e+03	+1.030e+04	+0.274
78.900	+7.888e+03	+3.498e+03	+9.412e+03	+0.307
79.000	+7.143e+03	+1.807e+03	+1.078e+04	+0.202
79.100	+7.176e+03	+2.871e+03	+9.647e+03	+0.286
79.200	+7.019e+03	+1.141e+03	+9.961e+03	+0.140
79.300	+7.523e+03	+3.191e+03	+8.141e+03	+0.298
79.400	+5.134e+03	+4.084e+03	+1.045e+04	+0.443
79.500	+6.040e+03	+2.932e+03	+1.082e+04	+0.327
79.600	+6.921e+03	+2.198e+03	+9.890e+03	+0.241
79.700	+6.925e+03	+2.598e+03	+1.035e+04	+0.273
79.800	+6.700e+03	+2.679e+03	+9.337e+03	+0.286
79.900	+7.384e+03	+2.593e+03	+9.721e+03	+0.260
80.000	+7.048e+03	+2.352e+03	+8.326e+03	+0.250
80.100	+7.732e+03	+3.308e+03	+1.005e+04	+0.300
80.200	+7.141e+03	+3.100e+03	+9.121e+03	+0.303
80.300	+6.197e+03	+1.808e+03	+8.905e+03	+0.226
80.400	+7.414e+03	+2.468e+03	+1.064e+04	+0.250
80.500	+6.673e+03	+2.498e+03	+9.950e+03	+0.272
80.600	+6.839e+03	+1.353e+03	+1.006e+04	+0.165
80.700	+8.528e+03	+3.654e+03	+9.740e+03	+0.300
80.800	+7.269e+03	+2.836e+03	+8.202e+03	+0.281
80.900	+7.285e+03	+2.417e+03	+9.356e+03	+0.249
81.000	+7.294e+03	+2.354e+03	+1.021e+04	+0.244
81.100	+8.273e+03	+2.649e+03	+1.127e+04	+0.243
81.200	+7.181e+03	+2.860e+03	+9.252e+03	+0.285
81.300	+8.026e+03	+1.186e+03	+9.283e+03	+0.129
81.400	+7.636e+03	+2.815e+03	+9.855e+03	+0.269
81.500	+8.248e+03	+2.364e+03	+1.108e+04	+0.223
81.600	+7.558e+03	+2.469e+03	+9.750e+03	+0.246
81.700	+7.672e+03	+1.958e+03	+9.866e+03	+0.203
81.800	+7.283e+03	+2.090e+03	+1.027e+04	+0.223
81.900	+7.995e+03	+3.714e+03	+1.042e+04	+0.317
82.000	+6.651e+03	+2.162e+03	+1.010e+04	+0.245
82.100	+8.506e+03	+2.954e+03	+9.951e+03	+0.258
82.200	+7.074e+03	+3.181e+03	+1.098e+04	+0.310
82.300	+7.870e+03	+2.670e+03	+9.565e+03	+0.253
82.400	+7.919e+03	+2.314e+03	+9.672e+03	+0.226
82.500	+8.341e+03	+2.618e+03	+1.071e+04	+0.239
82.600	+7.490e+03	+3.452e+03	+9.466e+03	+0.315
82.700	+8.834e+03	+2.646e+03	+9.698e+03	+0.230
82.800	+9.553e+03	+2.460e+03	+1.079e+04	+0.205
82.900	+8.323e+03	+3.239e+03	+1.020e+04	+0.280
83.000	+6.026e+03	+3.310e+03	+9.794e+03	+0.355
83.100	+4.949e+03	+4.726e+03	+9.680e+03	+0.488
83.200	+6.820e+03	+6.012e+03	+1.141e+04	+0.469
83.300	+5.463e+03	+4.694e+03	+1.069e+04	+0.462
83.400	+6.084e+03	+5.662e+03	+8.080e+03	+0.482
83.500	+5.029e+03	+4.909e+03	+1.011e+04	+0.494
83.600	+5.330e+03	+4.698e+03	+1.033e+04	+0.468
83.700	+4.990e+03	+4.218e+03	+1.026e+04	+0.458
83.800	+5.058e+03	+4.690e+03	+9.239e+03	+0.481
83.900	+4.778e+03	+4.189e+03	+1.113e+04	+0.467
84.000	+4.691e+03	+4.902e+03	+1.099e+04	+0.511
84.100	+4.705e+03	+5.410e+03	+1.031e+04	+0.535
84.200	+4.915e+03	+6.128e+03	+1.025e+04	+0.555
84.300	+4.898e+03	+5.451e+03	+8.810e+03	+0.527
84.400	+5.515e+03	+4.191e+03	+1.050e+04	+0.432
84.500	+5.296e+03	+5.804e+03	+1.003e+04	+0.523
84.600	+4.685e+03	+4.332e+03	+1.062e+04	+0.480
84.700	+4.265e+03	+4.369e+03	+9.975e+03	+0.506
84.800	+4.488e+03	+5.204e+03	+1.058e+04	+0.537
84.900	+4.799e+03	+5.345e+03	+1.040e+04	+0.527
85.000	+5.076e+03	+5.421e+03	+8.438e+03	+0.516
85.100	+6.144e+03	+5.468e+03	+9.332e+03	+0.471
85.200	+5.063e+03	+4.610e+03	+1.000e+04	+0.477
85.300	+5.158e+03	+4.607e+03	+8.973e+03	+0.472
85.400	+5.136e+03	+5.422e+03	+9.293e+03	+0.514
85.500	+4.599e+03	+4.763e+03	+1.038e+04	+0.509
85.600	+4.906e+03	+5.101e+03	+1.097e+04	+0.510
85.700	+6.398e+03	+4.635e+03	+1.030e+04	+0.420
85.800	+6.336e+03	+4.384e+03	+1.004e+04	+0.409
85.900	+6.085e+03	+5.779e+03	+9.442e+03	+0.487
86.000	+5.303e+03	+4.793e+03	+1.055e+04	+0.475
86.100	+4.311e+03	+4.578e+03	+1.033e+04	+0.515
86.200	+6.408e+03	+6.311e+03	+9.582e+03	+0.496
86.300	+4.834e+03	+5.375e+03	+9.492e+03	+0.527
86.400	+6.113e+03	+4.664e+03	+9.540e+03	+0.433
86.500	+4.224e+03	+4.426e+03	+1.010e+04	+0.512
86.600	+4.143e+03	+3.952e+03	+1.056e+04	+0.488
86.700	+4.553e+03	+4.396e+03	+9.361e+03	+0.491
86.800	+4.623e+03	+6.113e+03	+1.027e+04	+0.569
86.900	+5.177e+03	+4.444e+03	+1.020e+04	+0.462
87.000	+5.297e+03	+4.910e+03	+8.368e+03	+0.481
87.100	+5.235e+03	+5.397e+03	+1.023e+04	+0.508
87.200	+5.022e+03	+4.088e+03	+1.070e+04	+0.449
87.300	+4.623e+03	+4.280e+03	+9.094e+03	+0.481
87.400	+4.522e+03	+4.700e+03	+9.411e+03	+0.510
87.500	+5.066e+03	+4.986e+03	+9.673e+03	+0.496
87.600	+4.511e+03	+4.938e+03	+9.322e+03	+0.523
87.700	+5.909e+03	+5.118e+03	+1.082e+04	+0.464
87.800	+4.595e+03	+4.660e+03	+1.041e+04	+0.503
87.900	+5.270e+03	+4.656e+03	+9.832e+03	+0.469
88.000	+3.744e+03	+4.637e+03	+1.025e+04	+0.553
88.100	+5.588e+03	+4.144e+03	+1.128e+04	+0.426
88.200	+5.074e+03	+5.856e+03	+1.023e+04	+0.536
88.300	+3.955e+03	+5.222e+03	+1.183e+04	+0.569
88.400	+4.955e+03	+4.052e+03	+9.813e+03	+0.450
88.500	+5.283e+03	+4.488e+03	+1.020e+04	+0.459
88.600	+6.151e+03	+4.994e+03	+1.145e+04	+0.448
88.700	+5.833e+03	+4.666e+03	+1.015e+04	+0.444
88.800	+4.972e+03	+5.195e+03	+1.147e+04	+0.511
88.900	+5.296e+03	+3.968e+03	+1.046e+04	+0.428
89.000	+4.537e+03	+4.710e+03	+9.401e+03	+0.509
89.100	+5.163e+03	+4.740e+03	+1.091e+04	+0.479
89.200	+5.560e+03	+5.421e+03	+9.678e+03	+0.494
89.300	+6.402e+03	+4.995e+03	+1.019e+04	+0.438
89.400	+5.063e+03	+4.211e+03	+9.192e+03	+0.454
89.500	+5.625e+03	+3.695e+03	+1.105e+04	+0.396
89.600	+5.390e+03	+7.160e+03	+1.013e+04	+0.571
89.700	+5.351e+03	+5.031e+03	+9.774e+03	+0.485
89.800	+4.344e+03	+5.075e+03	+9.137e+03	+0.539
89.900	+4.068e+03	+5.271e+03	+9.720e+03	+0.564
90.000	+5.217e+03	+5.822e+03	+9.387e+03	+0.527
90.100	+5.122e+03	+5.028e+03	+9.824e+03	+0.495
90.200	+4.786e+03	+4.962e+03	+1.013e+04	+0.509
90.300	+4.022e+03	+5.951e+03	+1.073e+04	+0.597
90.400	+5.632e+03	+5.584e+03	+1.038e+04	+0.498
90.500	+4.725e+03	+5.012e+03	+1.121e+04	+0.515
90.600	+5.918e+03	+5.237e+03	+1.119e+04	+0.469
90.700	+5.212e+03	+4.790e+03	+1.063e+04	+0.479
90.800	+3.720e+03	+5.232e+03	+1.027e+04	+0.584
90.900	+7.566e+03	+3.121e+03	+9.507e+03	+0.292
91.000	+7.396e+03	+2.613e+03	+1.038e+04	+0.261
91.100	+8.106e+03	+2.638e+03	+1.037e+04	+0.246
91.200	+6.379e+03	+2.816e+03	+9.628e+03	+0.306
91.300	+7.762e+03	+1.503e+03	+8.685e+03	+0.162
91.400	+6.544e+03	+3.450e+03	+1.022e+04	+0.345
91.500	+7.132e+03	+2.526e+03	+1.018e+04	+0.262
91.600	+8.486e+03	+2.918e+03	+9.703e+03	+0.256
91.700	+8.708e+03	+2.253e+03	+1.018e+04	+0.206
91.800	+7.522e+03	+2.573e+03	+1.032e+04	+0.255
91.900	+7.240e+03	+2.614e+03	+1.153e+04	+0.265
92.000	+7.348e+03	+2.455e+03	+1.121e+04	+0.250
92.100	+9.363e+03	+2.637e+03	+1.001e+04	+0.220
92.200	+7.135e+03	+1.486e+03	+1.033e+04	+0.172
92.300	+7.087e+03	+1.318e+03	+8.761e+03	+0.157
92.400	+4.267e+03	+5.764e+03	+9.917e+03	+0.575
92.500	+3.790e+03	+9.154e+03	+1.042e+04	+0.707
92.600	+1.533e+03	+7.863e+03	+9.811e+03	+0.837
92.700	+1.871e+03	+7.554e+03	+9.778e+03	+0.802
92.800	+3.358e+03	+8.264e+03	+9.803e+03	+0.711
92.900	+1.790e+03	+8.927e+03	+9.351e+03	+0.833
93.000	+2.065e+03	+7.800e+03	+9.170e+03	+0.791
93.100	+2.853e+03	+8.645e+03	+1.040e+04	+0.752
93.200	+2.733e+03	+8.695e+03	+9.988e+03	+0.761
93.300	+2.212e+03	+9.187e+03	+1.053e+04	+0.806
93.400	+1.493e+03	+8.558e+03	+1.039e+04	+0.851
93.500	+1.168e+03	+8.307e+03	+9.823e+03	+0.877
93.600	+1.857e+03	+8.002e+03	+1.108e+04	+0.812
93.700	+1.044e+03	+7.542e+03	+9.226e+03	+0.878
93.800	+1.870e+03	+9.023e+03	+1.087e+04	+0.828
93.900	+1.575e+03	+8.518e+03	+9.803e+03	+0.844
94.000	+1.727e+03	+8.472e+03	+9.654e+03	+0.831
94.100	+1.379e+03	+7.189e+03	+1.073e+04	+0.839
94.200	+1.450e+03	+6.577e+03	+9.291e+03	+0.819
94.300	+1.470e+03	+8.250e+03	+1.088e+04	+0.849
94.400	+2.089e+03	+7.916e+03	+9.328e+03	+0.791
94.500	+2.504e+03	+8.213e+03	+9.010e+03	+0.766
94.600	+2.546e+03	+8.182e+03	+1.084e+04	+0.763
94.700	+2.870e+03	+8.112e+03	+9.188e+03	+0.739
94.800	+1.086e+03	+7.899e+03	+1.081e+04	+0.879
94.900	+2.427e+03	+7.232e+03	+1.184e+04	+0.749
95.000	+2.076e+03	+8.096e+03	+1.050e+04	+0.796
95.100	+2.046e+03	+7.822e+03	+1.056e+04	+0.793
95.200	+2.235e+03	+8.577e+03	+1.014e+04	+0.793
95.300	+2.077e+03	+8.227e+03	+1.054e+04	+0.798
95.400	+1.452e+03	+7.903e+03	+1.121e+04	+0.845
95.500	+1.764e+03	+9.158e+03	+1.050e+04	+0.839
95.600	+4.244e+02	+8.975e+03	+9.571e+03	+0.955
95.700	+2.016e+03	+8.186e+03	+9.484e+03	+0.802
95.800	+1.741e+03	+7.559e+03	+1.013e+04	+0.813
95.900	+1.183e+03	+7.698e+03	+1.047e+04	+0.867
96.000	+2.034e+03	+7.957e+03	+9.970e+03	+0.796
96.100	+1.934e+03	+8.330e+03	+9.534e+03	+0.812
96.200	+7.728e+02	+6.836e+03	+1.021e+04	+0.898
96.300	+1.386e+03	+8.411e+03	+1.036e+04	+0.859
96.400	+2.514e+03	+6.693e+03	+9.842e+03	+0.727
96.500	+2.441e+03	+8.018e+03	+9.651e+03	+0.767
96.600	+2.565e+03	+8.089e+03	+9.515e+03	+0.759
96.700	+2.459e+03	+8.226e+03	+9.554e+03	+0.770
96.800	+2.454e+03	+9.546e+03	+9.367e+03	+0.795
96.900	+2.217e+03	+8.103e+03	+9.988e+03	+0.785
97.000	+1.988e+03	+8.919e+03	+9.139e+03	+0.818
97.100	+2.188e+03	+7.130e+03	+1.012e+04	+0.765
97.200	+1.387e+03	+8.074e+03	+9.656e+03	+0.853
97.300	+2.587e+03	+7.765e+03	+8.685e+03	+0.750
97.400	+1.962e+03	+8.578e+03	+1.126e+04	+0.814
97.500	+1.824e+03	+8.728e+03	+1.029e+04	+0.827
97.600	+1.104e+03	+7.986e+03	+1.068e+04	+0.879
97.700	+2.093e+03	+7.263e+03	+1.026e+04	+0.776
97.800	+1.883e+03	+6.728e+03	+9.505e+03	+0.781
97.900	+2.714e+03	+7.688e+03	+9.872e+03	+0.739
98.000	+1.238e+03	+9.103e+03	+1.001e+04	+0.880
98.100	+2.914e+03	+9.089e+03	+9.940e+03	+0.757
98.200	+3.210e+03	+8.627e+03	+1.050e+04	+0.729
98.300	+1.996e+03	+7.058e+03	+1.024e+04	+0.780
98.400	+1.859e+03	+8.033e+03	+1.014e+04	+0.812
98.500	+2.718e+03	+6.540e+03	+1.043e+04	+0.706
98.600	+2.054e+03	+8.329e+03	+1.079e+04	+0.802
98.700	+2.223e+03	+8.204e+03	+1.058e+04	+0.787
98.800	+6.076e+02	+7.501e+03	+1.072e+04	+0.925
98.900	+2.139e+03	+9.665e+03	+1.105e+04	+0.819
99.000	+2.251e+03	+8.225e+03	+1.114e+04	+0.785
99.100	+2.017e+03	+7.636e+03	+1.049e+04	+0.791
99.200	+3.827e+03	+8.614e+03	+1.007e+04	+0.692
99.300	+1.872e+03	+8.768e+03	+1.010e+04	+0.824
99.400	+1.657e+03	+7.758e+03	+1.010e+04	+0.824
99.500	+1.402e+03	+7.391e+03	+1.047e+04	+0.841
99.600	+2.142e+03	+7.969e+03	+9.344e+03	+0.788
99.700	+2.960e+03	+7.947e+03	+1.128e+04	+0.729
99.800	+2.178e+03	+9.130e+03	+1.027e+04	+0.807
99.900	+2.442e+03	+8.147e+03	+1.036e+04	+0.769
100.000	+1.446e+03	+8.275e+03	+9.980e+03	+0.851
100.100	+2.142e+03	+7.191e+03	+9.979e+03	+0.770
100.200	+3.135e+03	+7.819e+03	+9.725e+03	+0.714
100.300	+1.980e+03	+8.513e+03	+9.948e+03	+0.811
100.400	+3.515e+03	+7.940e+03	+1.058e+04	+0.693
100.500	+2.162e+03	+7.674e+03	+8.512e+03	+0.780
100.600	+1.221e+03	+7.753e+03	+1.019e+04	+0.864
100.700	+1.925e+03	+7.448e+03	+9.970e+03	+0.795
100.800	+2.013e+03	+7.778e+03	+8.663e+03	+0.794
100.900	+1.874e+03	+7.668e+03	+9.717e+03	+0.804
101.000	+1.367e+03	+9.258e+03	+1.111e+04	+0.871
101.100	+2.363e+03	+7.488e+03	+1.002e+04	+0.760
101.200	+9.727e+02	+8.849e+03	+1.034e+04	+0.901
101.300	+2.028e+03	+8.402e+03	+9.544e+03	+0.806
101.400	+2.711e+03	+8.076e+03	+1.134e+04	+0.749
101.500	+1.906e+03	+9.705e+03	+9.934e+03	+0.836
101.600	+2.634e+03	+8.482e+03	+9.242e+03	+0.763
101.700	+2.083e+03	+9.216e+03	+9.838e+03	+0.816
101.800	+1.217e+03	+6.462e+03	+1.060e+04	+0.842
101.900	+3.081e+03	+8.744e+03	+9.361e+03	+0.739
102.000	+1.519e+03	+7.755e+03	+1.121e+04	+0.836
102.100	+1.222e+03	+7.466e+03	+1.065e+04	+0.859
102.200	+2.568e+03	+8.569e+03	+1.012e+04	+0.769
102.300	+2.543e+03	+9.296e+03	+1.032e+04	+0.785
102.400	+2.239e+03	+7.575e+03	+9.735e+03	+0.772
102.500	+1.476e+03	+7.417e+03	+1.016e+04	+0.834
102.600	+1.650e+03	+8.165e+03	+1.074e+04	+0.832
102.700	+1.596e+03	+7.775e+03	+9.189e+03	+0.830
102.800	+5.591e+02	+8.024e+03	+9.997e+03	+0.935
102.900	+3.901e+02	+7.614e+03	+1.011e+04	+0.951
103.000	+1.707e+03	+8.482e+03	+9.036e+03	+0.832
103.100	+1.001e+03	+8.647e+03	+9.757e+03	+0.896
103.200	+1.916e+03	+8.302e+03	+1.022e+04	+0.812
103.300	+1.729e+03	+7.818e+03	+1.001e+04	+0.819
103.400	+2.184e+03	+8.416e+03	+8.977e+03	+0.794
103.500	+2.702e+03	+7.182e+03	+8.992e+03	+0.727
103.600	+2.095e+03	+8.836e+03	+9.946e+03	+0.808
103.700	+2.332e+03	+8.466e+03	+8.874e+03	+0.784
103.800	+1.315e+03	+7.558e+03	+1.000e+04	+0.852
103.900	+9.290e+02	+8.107e+03	+9.682e+03	+0.897
104.000	+3.089e+03	+8.088e+03	+8.306e+03	+0.724
104.100	+1.932e+03	+6.679e+03	+9.428e+03	+0.776
104.200	+2.400e+03	+7.045e+03	+9.724e+03	+0.746
104.300	+2.420e+03	+7.663e+03	+1.081e+04	+0.760
104.400	+2.974e+03	+8.456e+03	+8.987e+03	+0.740
104.500	+1.849e+03	+8.104e+03	+1.058e+04	+0.814
104.600	+1.047e+03	+7.598e+03	+9.119e+03	+0.879
104.700	+2.324e+03	+7.026e+03	+1.028e+04	+0.751
104.800	+2.420e+03	+8.138e+03	+9.308e+03	+0.771
104.900	+1.613e+03	+8.487e+03	+1.003e+04	+0.840
105.000	+1.054e+03	+6.874e+03	+1.090e+04	+0.867
105.100	+2.412e+03	+7.629e+03	+9.704e+03	+0.760
105.200	+1.711e+03	+8.836e+03	+8.752e+03	+0.838
105.300	+2.213e+03	+8.619e+03	+1.023e+04	+0.796
105.400	+2.892e+03	+7.174e+03	+1.032e+04	+0.713
105.500	+1.379e+03	+6.947e+03	+9.935e+03	+0.834
105.600	+3.591e+02	+8.084e+03	+1.054e+04	+0.957
105.700	+1.531e+03	+8.157e+03	+1.214e+04	+0.842
105.800	+1.024e+03	+7.632e+03	+1.038e+04	+0.882
105.900	+1.405e+03	+7.642e+03	+1.002e+04	+0.845
106.000	+1.849e+03	+6.648e+03	+9.536e+03	+0.782
106.100	+2.123e+03	+9.449e+03	+9.186e+03	+0.817
106.200	+1.168e+03	+8.124e+03	+1.092e+04	+0.874
106.300	+1.928e+03	+7.867e+03	+8.375e+03	+0.803
106.400	+1.808e+03	+7.658e+03	+1.040e+04	+0.809
106.500	+1.669e+03	+8.844e+03	+1.048e+04	+0.841
106.600	+1.283e+03	+8.142e+03	+9.250e+03	+0.864
106.700	+1.712e+03	+8.942e+03	+1.077e+04	+0.839
106.800	+3.506e+03	+8.007e+03	+1.070e+04	+0.695
106.900	+1.632e+03	+7.956e+03	+9.359e+03	+0.830
107.000	+8.948e+02	+8.155e+03	+9.931e+03	+0.901
107.100	+1.700e+03	+8.718e+03	+1.047e+04	+0.837
107.200	+2.942e+03	+8.614e+03	+8.252e+03	+0.745
107.300	+1.673e+03	+7.513e+03	+9.648e+03	+0.818
107.400	+1.850e+03	+8.127e+03	+9.922e+03	+0.815
107.500	+2.047e+03	+8.585e+03	+9.906e+03	+0.807
107.600	+7.944e+02	+8.128e+03	+8.613e+03	+0.911
107.700	+5.032e+02	+8.648e+03	+9.328e+03	+0.945
107.800	+1.584e+03	+8.605e+03	+1.027e+04	+0.845
107.900	+1.537e+03	+8.040e+03	+1.129e+04	+0.840
108.000	+1.911e+03	+8.160e+03	+1.066e+04	+0.810
108.100	+3.291e+03	+9.340e+03	+9.220e+03	+0.739
108.200	+1.957e+03	+8.002e+03	+9.310e+03	+0.803
108.300	+1.409e+03	+7.929e+03	+1.098e+04	+0.849
108.400	+3.480e+03	+7.317e+03	+1.002e+04	+0.678
108.500	+1.489e+03	+8.265e+03	+1.036e+04	+0.847
108.600	+2.206e+03	+8.699e+03	+9.609e+03	+0.798
108.700	+2.054e+03	+8.674e+03	+9.509e+03	+0.809
108.800	+2.734e+03	+6.931e+03	+1.026e+04	+0.717
108.900	+1.106e+03	+8.472e+03	+1.076e+04	+0.884
109.000	+1.045e+03	+7.950e+03	+9.562e+03	+0.884
109.100	+2.547e+03	+8.122e+03	+1.012e+04	+0.761
109.200	+3.241e+03	+8.614e+03	+1.072e+04	+0.727
109.300	+8.055e+02	+8.059e+03	+9.564e+03	+0.909
109.400	+1.382e+03	+7.458e+03	+9.018e+03	+0.844
109.500	+2.541e+03	+8.228e+03	+1.038e+04	+0.764
109.600	+1.364e+03	+7.698e+03	+9.874e+03	+0.849
109.700	+1.887e+03	+9.553e+03	+9.623e+03	+0.835
109.800	+2.181e+03	+8.316e+03	+9.311e+03	+0.792
109.900	+2.744e+03	+8.075e+03	+9.445e+03	+0.746
110.000	+1.350e+03	+8.193e+03	+1.112e+04	+0.859
110.100	+2.218e+03	+8.287e+03	+1.116e+04	+0.789
110.200	+2.573e+03	+7.844e+03	+8.721e+03	+0.753
110.300	+1.421e+03	+7.646e+03	+1.130e+04	+0.843
110.400	+1.281e+03	+7.816e+03	+1.050e+04	+0.859
110.500	+2.882e+03	+7.145e+03	+9.879e+03	+0.713
110.600	+2.530e+03	+8.150e+03	+9.486e+03	+0.763
110.700	+3.654e+03	+8.592e+03	+1.069e+04	+0.702
110.800	+1.984e+03	+8.121e+03	+1.038e+04	+0.804
110.900	+3.352e+03	+8.553e+03	+9.049e+03	+0.718
111.000	+2.254e+03	+8.283e+03	+9.930e+03	+0.786
111.100	+2.668e+03	+7.782e+03	+1.009e+04	+0.745
111.200	+2.323e+03	+7.927e+03	+1.024e+04	+0.773
111.300	+2.294e+03	+7.355e+03	+1.001e+04	+0.762
111.400	+1.737e+03	+8.116e+03	+1.131e+04	+0.824
111.500	+2.331e+03	+8.254e+03	+1.128e+04	+0.780
111.600	+3.176e+03	+9.078e+03	+1.036e+04	+0.741
111.700	+2.622e+03	+7.344e+03	+1.077e+04	+0.737
111.800	+2.776e+03	+7.827e+03	+9.158e+03	+0.738
111.900	+1.678e+03	+7.286e+03	+1.110e+04	+0.813
112.000	+1.520e+03	+9.016e+03	+8.938e+03	+0.856
112.100	+1.715e+03	+8.354e+03	+9.573e+03	+0.830
112.200	+1.969e+03	+6.638e+03	+1.026e+04	+0.771
112.300	+1.711e+03	+7.917e+03	+9.748e+03	+0.822
112.400	+3.764e+03	+7.644e+03	+1.041e+04	+0.670
112.500	+1.478e+03	+8.976e+03	+9.784e+03	+0.859
112.600	+1.028e+03	+7.933e+03	+9.110e+03	+0.885
112.700	+1.167e+03	+7.095e+03	+9.504e+03	+0.859
112.800	+1.048e+03	+7.706e+03	+9.953e+03	+0.880
112.900	+2.395e+03	+7.478e+03	+1.048e+04	+0.757
113.000	+2.722e+03	+8.421e+03	+1.116e+04	+0.756
113.100	+3.130e+03	+8.348e+03	+9.437e+03	+0.727
113.200	+2.217e+03	+7.156e+03	+1.107e+04	+0.763
113.300	+2.631e+03	+7.446e+03	+1.110e+04	+0.739
113.400	+2.491e+03	+7.551e+03	+1.053e+04	+0.752
113.500	+3.420e+03	+7.493e+03	+9.290e+03	+0.687
113.600	+9.083e+02	+7.583e+03	+1.038e+04	+0.893
113.700	+2.955e+03	+8.377e+03	+9.809e+03	+0.739
113.800	+7.124e+02	+8.441e+03	+1.015e+04	+0.922
113.900	+2.447e+03	+7.164e+03	+1.071e+04	+0.745
114.000	+2.487e+03	+8.199e+03	+9.889e+03	+0.767
114.100	+2.162e+03	+7.959e+03	+1.026e+04	+0.786
114.200	+1.523e+03	+8.535e+03	+1.114e+04	+0.849
114.300	+2.106e+03	+8.298e+03	+9.823e+03	+0.798
114.400	+1.205e+03	+8.363e+03	+1.105e+04	+0.874
114.500	+1.100e+03	+8.877e+03	+1.086e+04	+0.890
114.600	+1.559e+03	+7.792e+03	+1.039e+04	+0.833
114.700	+2.951e+03	+7.119e+03	+1.053e+04	+0.707
114.800	+2.198e+03	+8.267e+03	+9.869e+03	+0.790
114.900	+2.102e+03	+9.063e+03	+1.131e+04	+0.812
115.000	+1.952e+03	+7.910e+03	+1.005e+04	+0.802
115.100	+1.968e+03	+8.760e+03	+1.086e+04	+0.817
115.200	+3.161e+03	+8.092e+03	+9.900e+03	+0.719
115.300	+2.207e+03	+8.203e+03	+1.017e+04	+0.788
115.400	+1.243e+03	+8.643e+03	+1.051e+04	+0.874
115.500	+2.112e+03	+8.542e+03	+9.693e+03	+0.802
115.600	+2.969e+03	+7.947e+03	+9.232e+03	+0.728
115.700	+2.269e+03	+8.585e+03	+1.031e+04	+0.791
115.800	+2.098e+03	+9.314e+03	+9.957e+03	+0.816
115.900	+2.077e+03	+8.319e+03	+8.543e+03	+0.800
116.000	+1.473e+03	+7.011e+03	+1.046e+04	+0.826
116.100	+3.195e+03	+8.353e+03	+1.043e+04	+0.723
116.200	+5.509e+02	+8.283e+03	+1.054e+04	+0.938
116.300	+1.609e+03	+7.563e+03	+1.120e+04	+0.825
116.400	+2.004e+03	+7.041e+03	+8.998e+03	+0.778
116.500	+2.302e+03	+7.724e+03	+1.029e+04	+0.770
116.600	+1.920e+03	+7.703e+03	+9.176e+03	+0.800
116.700	+2.026e+03	+9.628e+03	+9.883e+03	+0.826
116.800	+2.383e+03	+8.546e+03	+9.033e+03	+0.782
116.900	+3.025e+03	+9.250e+03	+1.204e+04	+0.754
117.000	+1.491e+03	+7.195e+03	+9.965e+03	+0.828
117.100	+2.440e+03	+7.029e+03	+9.585e+03	+0.742
117.200	+1.860e+03	+8.198e+03	+8.860e+03	+0.815
117.300	+2.535e+03	+7.075e+03	+8.781e+03	+0.736
117.400	+1.855e+03	+9.100e+03	+1.017e+04	+0.831
117.500	+1.976e+03	+7.767e+03	+8.932e+03	+0.797
117.600	+2.863e+03	+8.150e+03	+9.701e+03	+0.740
117.700	+2.382e+03	+7.577e+03	+9.348e+03	+0.761
117.800	+1.220e+03	+7.805e+03	+9.095e+03	+0.865
117.900	+2.423e+03	+8.165e+03	+1.097e+04	+0.771
118.000	+1.196e+03	+9.471e+03	+1.125e+04	+0.888
118.100	+2.052e+03	+8.882e+03	+1.017e+04	+0.812
118.200	+2.643e+03	+7.622e+03	+9.956e+03	+0.742
118.300	+1.899e+03	+7.417e+03	+1.165e+04	+0.796
118.400	+2.970e+03	+7.303e+03	+1.053e+04	+0.711
118.500	+3.116e+03	+7.871e+03	+9.909e+03	+0.716
118.600	+1.493e+03	+8.180e+03	+1.020e+04	+0.846
118.700	+3.168e+03	+7.488e+03	+9.801e+03	+0.703
118.800	+1.512e+03	+6.951e+03	+1.023e+04	+0.821
118.900	+2.206e+03	+7.594e+03	+1.014e+04	+0.775
119.000	+1.827e+03	+8.544e+03	+1.047e+04	+0.824
119.100	+2.236e+03	+7.273e+03	+1.091e+04	+0.765
119.200	+2.727e+03	+9.621e+03	+8.245e+03	+0.779
119.300	+7.809e+02	+8.656e+03	+9.539e+03	+0.917
119.400	+2.728e+03	+8.214e+03	+9.831e+03	+0.751
119.500	+2.021e+03	+6.858e+03	+1.065e+04	+0.772
119.600	+1.639e+03	+8.859e+03	+1.207e+04	+0.844
119.700	+3.203e+03	+8.169e+03	+9.926e+03	+0.718
119.800	+1.270e+03	+8.910e+03	+9.833e+03	+0.875
119.900	+2.503e+03	+7.079e+03	+9.413e+03	+0.739
120.000	+2.144e+03	+8.203e+03	+9.062e+03	+0.793
120.100	+2.190e+03	+7.199e+03	+9.571e+03	+0.767
120.200	+8.110e+02	+8.546e+03	+9.368e+03	+0.913
120.300	+2.019e+03	+7.488e+03	+9.270e+03	+0.788
120.400	+1.839e+03	+8.276e+03	+9.614e+03	+0.818
120.500	+1.675e+03	+7.549e+03	+1.060e+04	+0.818
120.600	+2.282e+03	+7.625e+03	+8.896e+03	+0.770
120.700	+2.716e+03	+8.513e+03	+1.066e+04	+0.758
120.800	+1.792e+03	+8.009e+03	+9.822e+03	+0.817
120.900	+2.464e+03	+7.287e+03	+1.065e+04	+0.747
121.000	+1.212e+03	+7.813e+03	+1.071e+04	+0.866
121.100	+2.047e+03	+7.501e+03	+1.032e+04	+0.786
121.200	+1.747e+03	+8.376e+03	+9.406e+03	+0.827
121.300	+2.246e+03	+7.327e+03	+9.770e+03	+0.765
121.400	+2.703e+03	+7.388e+03	+9.960e+03	+0.732
121.500	+9.476e+02	+7.535e+03	+1.087e+04	+0.888
121.600	+2.126e+03	+7.954e+03	+1.010e+04	+0.789
121.700	+2.192e+03	+8.321e+03	+1.067e+04	+0.791
121.800	+5.684e+02	+7.032e+03	+9.699e+03	+0.925
121.900	+1.734e+03	+6.912e+03	+1.025e+04	+0.799
122.000	+2.324e+03	+7.826e+03	+1.081e+04	+0.771
122.100	+2.048e+03	+7.793e+03	+1.042e+04	+0.792
122.200	+1.351e+03	+8.854e+03	+9.768e+03	+0.868
122.300	+1.965e+03	+7.227e+03	+9.477e+03	+0.786
122.400	+3.401e+03	+7.139e+03	+9.593e+03	+0.677
122.500	+3.324e+02	+6.768e+03	+1.014e+04	+0.953
122.600	+1.176e+03	+8.062e+03	+1.071e+04	+0.873
122.700	+2.662e+03	+8.013e+03	+1.087e+04	+0.751
122.800	+1.699e+03	+5.881e+03	+1.034e+04	+0.776
122.900	+2.592e+03	+6.630e+03	+9.838e+03	+0.719
123.000	+2.637e+03	+7.198e+03	+9.900e+03	+0.732
123.100	+3.302e+03	+6.656e+03	+8.933e+03	+0.668
123.200	+1.557e+03	+8.176e+03	+9.665e+03	+0.840
123.300	+3.130e+03	+8.536e+03	+1.010e+04	+0.732
123.400	+1.904e+03	+9.052e+03	+9.418e+03	+0.826
123.500	+3.752e+03	+6.393e+03	+1.044e+04	+0.630
123.600	+4.565e+03	+4.597e+03	+9.468e+03	+0.502
123.700	+5.340e+03	+4.797e+03	+9.732e+03	+0.473
123.800	+4.863e+03	+4.621e+03	+8.843e+03	+0.487
123.900	+4.563e+03	+4.073e+03	+1.002e+04	+0.472
124.000	+6.510e+03	+4.735e+03	+1.096e+04	+0.421
124.100	+3.949e+03	+5.306e+03	+1.098e+04	+0.573
124.200	+3.991e+03	+5.487e+03	+9.977e+03	+0.579
124.300	+4.055e+03	+3.604e+03	+9.565e+03	+0.471
124.400	+4.079e+03	+5.023e+03	+9.799e+03	+0.552
124.500	+5.908e+03	+6.277e+03	+1.011e+04	+0.515
124.600	+4.313e+03	+5.319e+03	+1.082e+04	+0.552
124.700	+4.681e+03	+4.566e+03	+9.235e+03	+0.494
124.800	+5.465e+03	+3.782e+03	+9.782e+03	+0.409
124.900	+4.990e+03	+6.057e+03	+1.112e+04	+0.548
125.000	+5.096e+03	+5.018e+03	+1.006e+04	+0.496
125.100	+4.335e+03	+5.326e+03	+9.829e+03	+0.551
125.200	+5.699e+03	+5.141e+03	+9.788e+03	+0.474
125.300	+4.966e+03	+4.190e+03	+9.918e+03	+0.458
125.400	+7.116e+03	+2.237e+03	+8.716e+03	+0.239
125.500	+7.853e+03	+2.245e+03	+1.058e+04	+0.222
125.600	+7.118e+03	+6.838e+02	+1.013e+04	+0.088
125.700	+6.901e+03	+2.752e+03	+9.863e+03	+0.285
125.800	+6.937e+03	+2.615e+03	+1.074e+04	+0.274
125.900	+7.164e+03	+2.946e+03	+9.224e+03	+0.291
126.000	+8.244e+03	+3.006e+03	+1.066e+04	+0.267
126.100	+7.185e+03	+3.402e+03	+9.831e+03	+0.321
126.200	+8.196e+03	+9.440e+02	+9.688e+03	+0.103
126.300	+7.944e+03	+2.959e+03	+1.036e+04	+0.271
126.400	+6.519e+03	+2.475e+03	+9.675e+03	+0.275
126.500	+6.547e+03	+2.754e+03	+9.220e+03	+0.296
126.600	+6.910e+03	+1.952e+03	+8.548e+03	+0.220
126.700	+8.716e+03	+2.078e+03	+1.041e+04	+0.193
126.800	+7.725e+03	+1.627e+03	+1.061e+04	+0.174
126.900	+6.866e+03	+1.367e+03	+9.074e+03	+0.166
127.000	+6.943e+03	+1.563e+03	+1.050e+04	+0.184
127.100	+7.297e+03	+3.185e+03	+9.807e+03	+0.304
127.200	+6.388e+03	+3.678e+03	+9.489e+03	+0.365
127.300	+6.740e+03	+2.402e+03	+1.114e+04	+0.263
127.400	+7.692e+03	+2.312e+03	+1.034e+04	+0.231
127.500	+8.016e+03	+2.632e+03	+1.019e+04	+0.247
127.600	+8.869e+03	+1.690e+03	+9.222e+03	+0.160
127.700	+8.289e+03	+2.341e+03	+1.058e+04	+0.220
127.800	+7.210e+03	+1.905e+03	+8.781e+03	+0.209
127.900	+7.176e+03	+2.124e+03	+8.983e+03	+0.228
128.000	+7.291e+03	+2.285e+03	+1.024e+04	+0.239
128.100	+7.495e+03	+2.837e+03	+9.123e+03	+0.275
128.200	+6.667e+03	+2.686e+03	+9.615e+03	+0.287
128.300	+7.465e+03	+3.234e+03	+9.529e+03	+0.302
128.400	+7.218e+03	+1.975e+03	+9.879e+03	+0.215
128.500	+8.154e+03	+2.743e+03	+1.018e+04	+0.252
128.600	+8.653e+03	+3.192e+03	+1.063e+04	+0.269
128.700	+6.497e+03	+1.664e+03	+9.770e+03	+0.204
128.800	+6.845e+03	+1.725e+03	+1.047e+04	+0.201
128.900	+8.385e+03	+1.615e+03	+9.906e+03	+0.162
129.000	+8.391e+03	+8.769e+02	+1.013e+04	+0.095
129.100	+7.334e+03	+2.111e+03	+9.680e+03	+0.223
129.200	+6.804e+03	+2.624e+03	+1.018e+04	+0.278
129.300	+7.725e+03	+2.762e+03	+1.029e+04	+0.263
129.400	+7.515e+03	+3.449e+03	+9.857e+03	+0.315
129.500	+7.442e+03	+3.109e+03	+9.917e+03	+0.295
129.600	+6.829e+03	+2.579e+03	+8.980e+03	+0.274
129.700	+7.628e+03	+3.631e+03	+9.686e+03	+0.323
129.800	+7.638e+03	+2.390e+03	+9.645e+03	+0.238
129.900	+8.479e+03	+2.227e+03	+1.004e+04	+0.208
130.000	+7.124e+03	+6.994e+02	+1.084e+04	+0.089
130.100	+7.473e+03	+2.263e+03	+9.862e+03	+0.232
130.200	+8.648e+03	+1.839e+03	+9.268e+03	+0.175
130.300	+6.614e+03	+2.915e+03	+9.608e+03	+0.306
130.400	+8.238e+03	+2.534e+03	+9.653e+03	+0.235
130.500	+7.282e+03	+2.464e+03	+9.707e+03	+0.253
130.600	+6.779e+03	+3.448e+03	+9.787e+03	+0.337
130.700	+7.248e+03	+3.535e+03	+1.003e+04	+0.328
130.800	+7.767e+03	+1.569e+03	+9.059e+03	+0.168
130.900	+8.717e+03	+2.575e+03	+1.008e+04	+0.228
131.000	+7.237e+03	+1.364e+03	+9.881e+03	+0.159
131.100	+8.274e+03	+2.036e+03	+1.036e+04	+0.197
131.200	+8.036e+03	+3.462e+03	+1.090e+04	+0.301
131.300	+7.037e+03	+1.864e+03	+1.003e+04	+0.209
131.400	+7.444e+03	+3.988e+03	+1.068e+04	+0.349
131.500	+8.918e+03	+2.559e+03	+1.102e+04	+0.223
131.600	+8.647e+03	+2.221e+03	+1.063e+04	+0.204
131.700	+7.699e+03	+1.920e+03	+8.552e+03	+0.200
131.800	+7.119e+03	+1.326e+03	+9.435e+03	+0.157
131.900	+7.303e+03	+2.103e+03	+1.049e+04	+0.224
132.000	+6.885e+03	+3.260e+03	+1.022e+04	+0.321
132.100	+6.462e+03	+3.083e+03	+1.011e+04	+0.323
132.200	+8.815e+03	+1.284e+03	+1.010e+04	+0.127
132.300	+8.199e+03	+1.485e+03	+1.059e+04	+0.153
132.400	+7.128e+03	+2.316e+03	+9.493e+03	+0.245
132.500	+7.422e+03	+2.975e+03	+9.987e+03	+0.286
132.600	+7.130e+03	+3.041e+03	+9.793e+03	+0.299
132.700	+7.126e+03	+1.544e+03	+9.719e+03	+0.178
132.800	+7.891e+03	+2.176e+03	+1.039e+04	+0.216
132.900	+7.737e+03	+2.055e+03	+1.030e+04	+0.210
133.000	+7.881e+03	+3.195e+03	+7.991e+03	+0.288
133.100	+7.335e+03	+3.590e+03	+9.447e+03	+0.329
133.200	+6.685e+03	+3.489e+03	+1.004e+04	+0.343
133.300	+7.848e+03	+2.230e+03	+9.906e+03	+0.221
133.400	+7.574e+03	+3.003e+03	+1.032e+04	+0.284
133.500	+7.439e+03	+2.664e+03	+9.330e+03	+0.264
133.600	+7.567e+03	+1.060e+03	+1.015e+04	+0.123
133.700	+8.059e+03	+2.400e+03	+1.098e+04	+0.229
133.800	+7.599e+03	+1.203e+03	+1.116e+04	+0.137
133.900	+8.729e+03	+2.140e+03	+9.073e+03	+0.197
134.000	+8.151e+03	+3.368e+03	+1.019e+04	+0.292
134.100	+6.924e+03	+2.528e+03	+9.974e+03	+0.267
134.200	+6.948e+03	+2.492e+03	+9.415e+03	+0.264
134.300	+7.142e+03	+1.753e+03	+9.502e+03	+0.197
134.400	+6.185e+03	+2.594e+03	+8.870e+03	+0.295
134.500	+6.831e+03	+2.816e+03	+9.192e+03	+0.292
134.600	+6.400e+03	+4.630e+03	+9.829e+03	+0.420
134.700	+4.940e+03	+4.835e+03	+9.789e+03	+0.495
134.800	+3.600e+03	+4.404e+03	+1.105e+04	+0.550
134.900	+4.791e+03	+5.290e+03	+9.764e+03	+0.525
135.000	+4.349e+03	+5.971e+03	+9.662e+03	+0.579
135.100	+4.678e+03	+5.182e+03	+9.594e+03	+0.526
135.200	+4.405e+03	+4.652e+03	+1.091e+04	+0.514
135.300	+5.819e+03	+4.438e+03	+1.050e+04	+0.433
135.400	+4.386e+03	+5.716e+03	+1.084e+04	+0.566
135.500	+7.016e+03	+4.481e+03	+9.568e+03	+0.390
135.600	+7.311e+03	+2.278e+03	+1.034e+04	+0.238
135.700	+6.302e+03	+1.713e+03	+9.811e+03	+0.214
135.800	+6.491e+03	+2.723e+03	+8.528e+03	+0.296
135.900	+6.767e+03	+3.076e+03	+9.829e+03	+0.313
136.000	+7.801e+03	+2.063e+03	+1.097e+04	+0.209
136.100	+8.306e+03	+1.929e+03	+1.059e+04	+0.188
136.200	+6.686e+03	+1.910e+03	+9.579e+03	+0.222
136.300	+6.027e+03	+3.376e+03	+1.120e+04	+0.359
136.400	+7.189e+03	+1.308e+03	+8.617e+03	+0.154
136.500	+7.087e+03	+2.808e+03	+9.801e+03	+0.284
136.600	+7.419e+03	+1.947e+03	+1.118e+04	+0.208
136.700	+7.528e+03	+4.122e+03	+8.580e+03	+0.354
136.800	+8.576e+03	+2.302e+03	+1.062e+04	+0.212
136.900	+7.607e+03	+2.245e+03	+9.914e+03	+0.228
137.000	+5.226e+03	+2.498e+03	+1.069e+04	+0.323
137.100	+7.544e+03	+7.760e+02	+1.082e+04	+0.093
137.200	+7.976e+03	+2.772e+03	+1.032e+04	+0.258
137.300	+5.947e+03	+2.527e+03	+1.016e+04	+0.298
137.400	+8.515e+03	+1.491e+03	+1.020e+04	+0.149
137.500	+8.056e+03	+1.887e+03	+1.037e+04	+0.190
137.600	+7.339e+03	+1.619e+03	+9.866e+03	+0.181
137.700	+8.082e+03	+1.748e+03	+9.895e+03	+0.178
137.800	+7.660e+03	+2.245e+03	+1.129e+04	+0.227
137.900	+7.834e+03	+2.271e+03	+9.936e+03	+0.225
138.000	+7.331e+03	+1.934e+03	+9.442e+03	+0.209
138.100	+6.725e+03	+3.135e+03	+1.078e+04	+0.318
138.200	+7.317e+03	+2.013e+03	+1.038e+04	+0.216
138.300	+8.134e+03	+2.477e+03	+1.111e+04	+0.233
138.400	+6.470e+03	+1.266e+03	+9.320e+03	+0.164
138.500	+7.555e+03	+3.146e+03	+1.008e+04	+0.294
138.600	+6.467e+03	+2.792e+03	+1.026e+04	+0.302
138.700	+5.363e+03	+4.628e+03	+1.066e+04	+0.463
138.800	+5.054e+03	+5.344e+03	+9.455e+03	+0.514
138.900	+6.264e+03	+4.816e+03	+9.926e+03	+0.435
139.000	+4.291e+03	+5.226e+03	+1.002e+04	+0.549
139.100	+5.235e+03	+5.313e+03	+9.280e+03	+0.504
139.200	+4.868e+03	+5.033e+03	+1.093e+04	+0.508
139.300	+4.465e+03	+4.435e+03	+1.029e+04	+0.498
139.400	+5.860e+03	+4.781e+03	+1.030e+04	+0.449
139.500	+5.897e+03	+4.412e+03	+9.376e+03	+0.428
139.600	+3.748e+03	+4.712e+03	+8.916e+03	+0.557
139.700	+5.790e+03	+5.839e+03	+1.015e+04	+0.502
139.800	+4.609e+03	+6.168e+03	+1.038e+04	+0.572
139.900	+4.749e+03	+4.437e+03	+1.028e+04	+0.483
140.000	+4.247e+03	+4.618e+03	+1.004e+04	+0.521
140.100	+4.195e+03	+3.482e+03	+9.443e+03	+0.454
140.200	+5.618e+03	+5.462e+03	+1.014e+04	+0.493
140.300	+4.225e+03	+5.498e+03	+9.074e+03	+0.565
140.400	+4.574e+03	+4.760e+03	+1.009e+04	+0.510
140.500	+4.975e+03	+4.159e+03	+1.041e+04	+0.455
140.600	+6.700e+03	+2.467e+03	+9.465e+03	+0.269
140.700	+6.736e+03	+2.728e+03	+9.802e+03	+0.288
140.800	+7.196e+03	+2.702e+03	+9.447e+03	+0.273
140.900	+7.260e+03	+1.954e+03	+9.001e+03	+0.212
141.000	+6.512e+03	+3.612e+03	+1.027e+04	+0.357
141.100	+6.397e+03	+1.947e+03	+9.632e+03	+0.233
141.200	+7.525e+03	+2.923e+03	+1.014e+04	+0.280
141.300	+8.696e+03	+2.225e+03	+8.985e+03	+0.204
141.400	+7.646e+03	+2.120e+03	+9.934e+03	+0.217
141.500	+7.306e+03	+2.218e+03	+1.043e+04	+0.233
141.600	+8.975e+03	+3.954e+03	+8.601e+03	+0.306
141.700	+7.416e+03	+2.408e+03	+9.699e+03	+0.245
141.800	+8.110e+03	+2.513e+03	+1.023e+04	+0.237
141.900	+7.349e+03	+2.490e+03	+8.879e+03	+0.253
142.000	+8.215e+03	+2.233e+03	+1.135e+04	+0.214
142.100	+7.084e+03	+1.562e+03	+1.087e+04	+0.181
142.200	+8.132e+03	+2.304e+03	+1.052e+04	+0.221
142.300	+7.113e+03	+2.716e+03	+8.416e+03	+0.276
142.400	+8.006e+03	+1.239e+03	+9.111e+03	+0.134
142.500	+8.018e+03	+2.606e+03	+9.938e+03	+0.245
142.600	+6.181e+03	+2.913e+03	+1.024e+04	+0.320
142.700	+6.004e+03	+2.105e+03	+1.093e+04	+0.260
142.800	+5.414e+03	+3.621e+03	+1.026e+04	+0.401
142.900	+5.748e+03	+5.338e+03	+9.979e+03	+0.482
143.000	+4.306e+03	+4.510e+03	+1.013e+04	+0.512
143.100	+4.111e+03	+5.476e+03	+9.676e+03	+0.571
143.200	+4.087e+03	+4.297e+03	+1.115e+04	+0.513
143.300	+5.219e+03	+4.453e+03	+8.848e+03	+0.460
143.400	+4.575e+03	+3.910e+03	+1.102e+04	+0.461
143.500	+5.169e+03	+4.116e+03	+9.553e+03	+0.443
143.600	+4.003e+03	+3.920e+03	+1.016e+04	+0.495
143.700	+5.470e+03	+4.590e+03	+1.060e+04	+0.456
143.800	+5.878e+03	+4.945e+03	+9.413e+03	+0.457
143.900	+5.217e+03	+5.768e+03	+1.002e+04	+0.525
144.000	+5.078e+03	+3.967e+03	+1.070e+04	+0.439
144.100	+5.569e+03	+4.623e+03	+1.134e+04	+0.454
144.200	+4.935e+03	+4.803e+03	+1.101e+04	+0.493
144.300	+4.696e+03	+5.210e+03	+8.971e+03	+0.526
144.400	+6.187e+03	+3.528e+03	+9.251e+03	+0.363
144.500	+5.193e+03	+4.712e+03	+1.026e+04	+0.476
144.600	+4.085e+03	+5.682e+03	+9.503e+03	+0.582
144.700	+5.426e+03	+4.984e+03	+1.022e+04	+0.479
144.800	+5.703e+03	+4.278e+03	+1.071e+04	+0.429
144.900	+7.300e+03	+3.461e+03	+1.025e+04	+0.322
145.000	+5.831e+03	+3.578e+03	+1.033e+04	+0.380
145.100	+8.196e+03	+1.956e+03	+8.152e+03	+0.193
145.200	+8.582e+03	+3.100e+03	+9.298e+03	+0.265
145.300	+8.185e+03	+2.573e+03	+1.188e+04	+0.239
145.400	+7.801e+03	+2.798e+03	+1.050e+04	+0.264
145.500	+8.023e+03	+3.525e+03	+9.729e+03	+0.305
145.600	+7.491e+03	+3.431e+03	+9.962e+03	+0.314
145.700	+6.876e+03	+2.615e+03	+1.118e+04	+0.275
145.800	+7.060e+03	+1.615e+03	+9.107e+03	+0.186
145.900	+8.789e+03	+2.901e+03	+9.683e+03	+0.248
146.000	+8.552e+03	+1.406e+03	+9.698e+03	+0.141
146.100	+6.956e+03	+1.734e+03	+9.519e+03	+0.199
146.200	+6.787e+03	+2.493e+03	+1.104e+04	+0.269
146.300	+7.361e+03	+2.643e+03	+9.490e+03	+0.264
146.400	+7.904e+03	+3.034e+03	+1.095e+04	+0.277
146.500	+7.055e+03	+1.956e+03	+9.826e+03	+0.217
146.600	+7.325e+03	+2.832e+03	+9.602e+03	+0.279
146.700	+6.437e+03	+1.357e+03	+9.914e+03	+0.174
146.800	+8.608e+03	+2.581e+03	+1.010e+04	+0.231
146.900	+7.836e+03	+2.464e+03	+1.001e+04	+0.239
147.000	+7.883e+03	+2.968e+03	+1.019e+04	+0.274
147.100	+6.567e+03	+2.255e+03	+9.508e+03	+0.256
147.200	+7.328e+03	+2.221e+03	+9.766e+03	+0.233
147.300	+6.477e+03	+3.409e+03	+9.681e+03	+0.345
147.400	+7.007e+03	+3.292e+03	+1.065e+04	+0.320
147.500	+6.631e+03	+2.284e+03	+1.018e+04	+0.256
147.600	+8.207e+03	+2.829e+03	+1.011e+04	+0.256
147.700	+8.027e+03	+1.767e+03	+8.954e+03	+0.180
147.800	+6.968e+03	+1.440e+03	+8.612e+03	+0.171
147.900	+6.764e+03	+2.807e+03	+1.010e+04	+0.293
148.000	+7.739e+03	+2.012e+03	+1.015e+04	+0.206
148.100	+7.243e+03	+1.486e+03	+9.602e+03	+0.170
148.200	+6.670e+03	+1.983e+03	+9.090e+03	+0.229
148.300	+6.581e+03	+2.657e+03	+9.814e+03	+0.288
148.400	+7.800e+03	+2.452e+03	+1.041e+04	+0.239
148.500	+7.396e+03	+2.576e+03	+9.784e+03	+0.258
148.600	+6.859e+03	+3.132e+03	+9.436e+03	+0.314
148.700	+5.416e+03	+3.125e+03	+1.091e+04	+0.366
148.800	+8.176e+03	+2.869e+03	+9.058e+03	+0.260
148.900	+6.969e+03	+3.099e+03	+1.084e+04	+0.308
149.000	+6.818e+03	+2.530e+03	+9.476e+03	+0.271
149.100	+8.063e+03	+2.228e+03	+1.031e+04	+0.216
149.200	+7.028e+03	+2.485e+03	+8.884e+03	+0.261
149.300	+7.124e+03	+2.698e+03	+1.070e+04	+0.275
149.400	+7.171e+03	+1.794e+03	+1.040e+04	+0.200
149.500	+8.079e+03	+2.169e+03	+1.009e+04	+0.212
149.600	+7.220e+03	+2.489e+03	+9.896e+03	+0.256
149.700	+6.943e+03	+2.351e+03	+9.592e+03	+0.253
149.800	+6.835e+03	+1.221e+03	+1.116e+04	+0.152
149.900	+7.274e+03	+3.100e+03	+9.273e+03	+0.299
150.000	+7.579e+03	+2.132e+03	+8.173e+03	+0.220
150.100	+8.269e+03	+2.175e+03	+8.378e+03	+0.208
150.200	+7.499e+03	+2.400e+03	+1.126e+04	+0.242
150.300	+6.710e+03	+3.155e+03	+9.951e+03	+0.320
150.400	+6.761e+03	+3.079e+03	+1.026e+04	+0.313
150.500	+8.102e+03	+2.204e+03	+1.024e+04	+0.214
150.600	+6.951e+03	+3.239e+03	+1.062e+04	+0.318
150.700	+8.847e+03	+2.423e+03	+1.006e+04	+0.215
150.800	+8.429e+03	+2.850e+03	+9.441e+03	+0.253
150.900	+7.845e+03	+2.834e+03	+1.057e+04	+0.265
151.000	+7.339e+03	+1.569e+03	+1.059e+04	+0.176
151.100	+8.076e+03	+2.328e+03	+1.145e+04	+0.224
151.200	+8.001e+03	+1.878e+03	+1.047e+04	+0.190
151.300	+8.219e+03	+4.312e+03	+1.152e+04	+0.344
151.400	+7.753e+03	+2.049e+03	+1.064e+04	+0.209
151.500	+7.011e+03	+1.332e+03	+1.086e+04	+0.160
151.600	+6.736e+03	+2.083e+03	+9.371e+03	+0.236
151.700	+7.319e+03	+1.651e+03	+1.012e+04	+0.184
151.800	+7.081e+03	+1.773e+03	+9.756e+03	+0.200
151.900	+7.074e+03	+3.371e+03	+1.026e+04	+0.323
152.000	+6.730e+03	+3.386e+03	+9.319e+03	+0.335
152.100	+7.943e+03	+1.886e+03	+9.860e+03	+0.192
152.200	+7.795e+03	+2.536e+03	+1.082e+04	+0.245
152.300	+7.325e+03	+2.551e+03	+9.698e+03	+0.258
152.400	+6.348e+03	+2.695e+03	+9.666e+03	+0.298
152.500	+7.011e+03	+2.364e+03	+9.551e+03	+0.252
152.600	+7.309e+03	+2.244e+03	+1.056e+04	+0.235
152.700	+6.802e+03	+3.829e+03	+8.872e+03	+0.360
152.800	+7.058e+03	+1.678e+03	+9.838e+03	+0.192
152.900	+8.317e+03	+1.987e+03	+1.041e+04	+0.193
153.000	+7.270e+03	+2.124e+03	+9.630e+03	+0.226
153.100	+7.860e+03	+2.331e+03	+8.895e+03	+0.229
153.200	+6.745e+03	+3.420e+03	+1.102e+04	+0.336
153.300	+7.171e+03	+2.652e+03	+9.609e+03	+0.270
153.400	+6.901e+03	+1.874e+03	+8.886e+03	+0.214
153.500	+7.724e+03	+2.319e+03	+1.036e+04	+0.231
153.600	+6.987e+03	+2.370e+03	+9.933e+03	+0.253
153.700	+7.517e+03	+3.301e+03	+1.063e+04	+0.305
153.800	+5.025e+03	+4.587e+03	+9.121e+03	+0.477
153.900	+4.764e+03	+5.337e+03	+9.337e+03	+0.528
154.000	+4.263e+03	+5.907e+03	+9.765e+03	+0.581
154.100	+3.646e+03	+5.248e+03	+1.033e+04	+0.590
154.200	+5.666e+03	+5.991e+03	+1.124e+04	+0.514
154.300	+5.040e+03	+5.682e+03	+9.759e+03	+0.530
154.400	+5.128e+03	+5.365e+03	+1.016e+04	+0.511
154.500	+4.487e+03	+4.926e+03	+1.092e+04	+0.523
154.600	+5.287e+03	+5.932e+03	+1.010e+04	+0.529
154.700	+3.904e+03	+5.675e+03	+1.038e+04	+0.592
154.800	+5.594e+03	+5.698e+03	+9.642e+03	+0.505
154.900	+5.476e+03	+4.788e+03	+9.603e+03	+0.466
155.000	+5.641e+03	+5.722e+03	+9.140e+03	+0.504
155.100	+5.861e+03	+4.155e+03	+9.874e+03	+0.415
155.200	+3.987e+03	+5.022e+03	+1.060e+04	+0.557
155.300	+4.720e+03	+4.599e+03	+9.954e+03	+0.493
155.400	+4.222e+03	+5.872e+03	+9.641e+03	+0.582
155.500	+4.803e+03	+5.187e+03	+1.087e+04	+0.519
155.600	+5.495e+03	+5.305e+03	+1.007e+04	+0.491
155.700	+5.481e+03	+4.968e+03	+9.902e+03	+0.475
155.800	+4.083e+03	+6.454e+03	+1.112e+04	+0.612
155.900	+4.268e+03	+4.344e+03	+8.840e+03	+0.504
156.000	+5.629e+03	+5.063e+03	+9.598e+03	+0.474
156.100	+4.323e+03	+5.604e+03	+9.985e+03	+0.565
156.200	+4.316e+03	+4.996e+03	+1.077e+04	+0.536
156.300	+4.208e+03	+4.456e+03	+9.789e+03	+0.514
156.400	+4.597e+03	+4.601e+03	+9.637e+03	+0.500
156.500	+3.919e+03	+5.246e+03	+1.148e+04	+0.572
156.600	+5.886e+03	+4.599e+03	+1.016e+04	+0.439
156.700	+6.766e+03	+2.972e+03	+9.617e+03	+0.305
156.800	+7.780e+03	+1.144e+03	+9.633e+03	+0.128
156.900	+7.331e+03	+2.670e+03	+1.140e+04	+0.267
157.000	+7.356e+03	+2.698e+03	+1.009e+04	+0.268
157.100	+6.639e+03	+2.077e+03	+1.024e+04	+0.238
157.200	+6.988e+03	+1.799e+03	+1.075e+04	+0.205
157.300	+7.318e+03	+1.843e+03	+1.030e+04	+0.201
157.400	+8.936e+03	+1.276e+03	+1.000e+04	+0.125
157.500	+7.055e+03	+2.291e+03	+9.034e+03	+0.245
157.600	+7.960e+03	+3.511e+03	+9.551e+03	+0.306
157.700	+5.989e+03	+1.846e+03	+1.011e+04	+0.236
157.800	+8.067e+03	+2.056e+03	+1.027e+04	+0.203
157.900	+7.888e+03	+2.647e+03	+1.029e+04	+0.251
158.000	+6.831e+03	+2.086e+03	+9.823e+03	+0.234
158.100	+6.451e+03	+2.529e+03	+1.022e+04	+0.282
158.200	+6.745e+03	+2.284e+03	+9.945e+03	+0.253
158.300	+7.750e+03	+3.468e+03	+9.529e+03	+0.309
158.400	+6.253e+03	+2.036e+03	+9.622e+03	+0.246
158.500	+7.710e+03	+2.562e+03	+1.058e+04	+0.249
158.600	+7.053e+03	+2.897e+03	+9.960e+03	+0.291
158.700	+6.972e+03	+2.034e+03	+9.538e+03	+0.226
158.800	+7.042e+03	+9.938e+02	+9.750e+03	+0.124
158.900	+7.009e+03	+1.629e+03	+8.780e+03	+0.189
159.000	+7.283e+03	+1.755e+03	+1.016e+04	+0.194
159.100	+7.751e+03	+1.642e+03	+9.315e+03	+0.175
159.200	+6.399e+03	+2.356e+03	+1.083e+04	+0.269
159.300	+8.395e+03	+1.819e+03	+8.557e+03	+0.178
159.400	+8.185e+03	+1.858e+03	+1.037e+04	+0.185
159.500	+8.299e+03	+2.360e+03	+9.366e+03	+0.221
159.600	+6.760e+03	+2.161e+03	+1.046e+04	+0.242
159.700	+7.282e+03	+5.067e+03	+1.029e+04	+0.410
159.800	+8.196e+03	+1.676e+03	+1.073e+04	+0.170
159.900	+7.869e+03	+2.080e+03	+9.397e+03	+0.209
160.000	+8.004e+03	+3.621e+03	+9.460e+03	+0.311
160.100	+7.397e+03	+4.110e+03	+9.765e+03	+0.357
160.200	+7.944e+03	+8.199e+02	+1.103e+04	+0.094
160.300	+8.293e+03	+2.341e+03	+9.104e+03	+0.220
160.400	+7.949e+03	+2.075e+03	+8.366e+03	+0.207
160.500	+7.392e+03	+2.164e+03	+8.746e+03	+0.226
160.600	+7.610e+03	+2.541e+03	+1.088e+04	+0.250
160.700	+7.343e+03	+3.290e+03	+8.580e+03	+0.309
160.800	+7.998e+03	+3.815e+03	+1.088e+04	+0.323
160.900	+7.493e+03	+2.805e+03	+1.049e+04	+0.272
161.000	+6.813e+03	+3.274e+03	+1.028e+04	+0.325
161.100	+7.653e+03	+3.696e+03	+1.037e+04	+0.326
161.200	+6.891e+03	+2.356e+03	+1.032e+04	+0.255
161.300	+8.554e+03	+1.892e+03	+9.789e+03	+0.181
161.400	+5.966e+03	+3.443e+03	+1.002e+04	+0.366
161.500	+7.088e+03	+9.549e+02	+1.014e+04	+0.119
161.600	+7.647e+03	+1.715e+03	+1.017e+04	+0.183
161.700	+6.409e+03	+2.001e+03	+9.275e+03	+0.238
161.800	+7.832e+03	+2.876e+03	+1.044e+04	+0.269
161.900	+6.803e+03	+1.882e+03	+9.526e+03	+0.217
162.000	+7.149e+03	+2.841e+03	+9.844e+03	+0.284
162.100	+8.071e+03	+2.850e+03	+1.030e+04	+0.261
162.200	+7.488e+03	+1.983e+03	+1.022e+04	+0.209
162.300	+7.621e+03	+2.071e+03	+9.689e+03	+0.214
162.400	+8.778e+03	+2.772e+03	+1.054e+04	+0.240
162.500	+7.186e+03	+2.048e+03	+9.762e+03	+0.222
162.600	+7.057e+03	+1.789e+03	+1.076e+04	+0.202
162.700	+7.046e+03	+3.149e+03	+1.054e+04	+0.309
162.800	+7.285e+03	+2.199e+03	+1.016e+04	+0.232
162.900	+7.834e+03	+1.813e+03	+9.884e+03	+0.188
163.000	+7.208e+03	+1.246e+03	+1.109e+04	+0.147
163.100	+5.776e+03	+1.680e+03	+1.029e+04	+0.225
163.200	+7.578e+03	+2.875e+03	+1.082e+04	+0.275
163.300	+6.007e+03	+3.262e+03	+9.519e+03	+0.352
163.400	+7.406e+03	+3.137e+03	+1.022e+04	+0.298
163.500	+6.874e+03	+2.016e+03	+8.969e+03	+0.227
163.600	+8.394e+03	+2.139e+03	+1.059e+04	+0.203
163.700	+6.715e+03	+2.648e+03	+1.081e+04	+0.283
163.800	+7.752e+03	+2.397e+03	+1.074e+04	+0.236
163.900	+7.715e+03	+2.793e+03	+9.547e+03	+0.266
164.000	+5.762e+03	+1.889e+03	+1.017e+04	+0.247
164.100	+6.242e+03	+3.659e+03	+8.988e+03	+0.370
164.200	+8.239e+03	+3.202e+03	+9.613e+03	+0.280
164.300	+8.637e+03	+2.917e+03	+1.176e+04	+0.252
164.400	+8.070e+03	+1.036e+03	+9.446e+03	+0.114
164.500	+8.298e+03	+2.363e+03	+1.038e+04	+0.222
164.600	+8.455e+03	+3.226e+03	+9.656e+03	+0.276
164.700	+7.184e+03	+2.774e+03	+1.105e+04	+0.279
164.800	+8.323e+03	+3.822e+03	+1.034e+04	+0.315
164.900	+7.507e+03	+2.515e+03	+1.035e+04	+0.251
165.000	+7.621e+03	+1.960e+03	+9.549e+03	+0.205
165.100	+7.127e+03	+1.502e+03	+9.786e+03	+0.174
165.200	+7.229e+03	+2.523e+03	+9.686e+03	+0.259
165.300	+7.635e+03	+1.918e+03	+1.062e+04	+0.201
165.400	+5.892e+03	+3.079e+03	+1.022e+04	+0.343
165.500	+7.591e+03	+2.014e+03	+9.084e+03	+0.210
165.600	+7.217e+03	+1.798e+03	+9.066e+03	+0.199
165.700	+7.426e+03	+8.377e+02	+1.001e+04	+0.101
165.800	+7.048e+03	+9.607e+02	+8.760e+03	+0.120
165.900	+6.898e+03	+2.649e+03	+1.094e+04	+0.277
166.000	+6.916e+03	+1.969e+03	+9.934e+03	+0.222
166.100	+7.920e+03	+3.775e+03	+1.033e+04	+0.323
166.200	+6.597e+03	+2.702e+03	+1.080e+04	+0.291
166.300	+6.112e+03	+3.526e+03	+8.638e+03	+0.366
166.400	+6.925e+03	+3.093e+03	+1.016e+04	+0.309
166.500	+8.502e+03	+3.121e+03	+1.012e+04	+0.268
166.600	+7.871e+03	+2.530e+03	+9.467e+03	+0.243
166.700	+6.600e+03	+2.983e+03	+1.043e+04	+0.311
166.800	+8.170e+03	+3.387e+03	+9.048e+03	+0.293
166.900	+8.353e+03	+2.119e+03	+1.002e+04	+0.202
167.000	+7.540e+03	+2.608e+03	+8.880e+03	+0.257
167.100	+7.625e+03	+2.860e+03	+9.122e+03	+0.273
167.200	+7.688e+03	+2.918e+03	+1.071e+04	+0.275
167.300	+8.006e+03	+3.111e+03	+8.515e+03	+0.280
167.400	+8.194e+03	+3.004e+03	+8.634e+03	+0.268
167.500	+7.374e+03	+2.397e+03	+1.014e+04	+0.245
167.600	+7.272e+03	+2.823e+03	+9.359e+03	+0.280
167.700	+7.716e+03	+2.660e+03	+9.496e+03	+0.256
167.800	+8.505e+03	+7.209e+02	+1.016e+04	+0.078
167.900	+6.538e+03	+2.515e+03	+9.995e+03	+0.278
168.000	+7.138e+03	+1.893e+03	+9.124e+03	+0.210
168.100	+6.059e+03	+2.808e+03	+1.069e+04	+0.317
168.200	+6.699e+03	+2.516e+03	+1.028e+04	+0.273
168.300	+7.718e+03	+2.203e+03	+9.317e+03	+0.222
168.400	+7.552e+03	+2.315e+03	+1.014e+04	+0.235
168.500	+7.446e+03	+2.429e+03	+1.078e+04	+0.246
168.600	+8.075e+03	+2.302e+03	+8.555e+03	+0.222
168.700	+8.501e+03	+2.941e+03	+1.046e+04	+0.257
168.800	+7.843e+03	+2.964e+03	+1.016e+04	+0.274
168.900	+7.116e+03	+2.030e+03	+1.004e+04	+0.222
169.000	+6.636e+03	+1.409e+03	+9.829e+03	+0.175
169.100	+7.367e+03	+2.585e+03	+1.064e+04	+0.260
169.200	+8.141e+03	+2.715e+03	+9.371e+03	+0.250
169.300	+7.608e+03	+2.022e+03	+1.045e+04	+0.210
169.400	+8.183e+03	+2.601e+03	+8.841e+03	+0.241
169.500	+7.002e+03	+9.490e+02	+9.121e+03	+0.119
169.600	+7.466e+03	+3.732e+03	+9.492e+03	+0.333
169.700	+6.528e+03	+2.830e+03	+1.022e+04	+0.302
169.800	+8.400e+03	+1.912e+03	+9.795e+03	+0.185
169.900	+6.955e+03	+3.904e+02	+9.127e+03	+0.053
170.000	+8.118e+03	+2.651e+03	+1.093e+04	+0.246
170.100	+7.570e+03	+1.776e+03	+9.351e+03	+0.190
170.200	+8.158e+03	+2.463e+03	+8.996e+03	+0.232
170.300	+7.121e+03	+3.095e+03	+1.063e+04	+0.303
170.400	+7.332e+03	+2.813e+03	+1.086e+04	+0.277
170.500	+7.661e+03	+2.559e+03	+1.017e+04	+0.250
170.600	+4.714e+03	+4.829e+03	+9.843e+03	+0.506
170.700	+5.664e+03	+5.570e+03	+9.408e+03	+0.496
170.800	+5.715e+03	+4.628e+03	+1.025e+04	+0.447
170.900	+4.830e+03	+5.458e+03	+9.525e+03	+0.531
171.000	+5.652e+03	+5.476e+03	+9.524e+03	+0.492
171.100	+5.003e+03	+3.934e+03	+8.882e+03	+0.440
171.200	+5.280e+03	+2.820e+03	+9.965e+03	+0.348
171.300	+5.827e+03	+4.588e+03	+9.599e+03	+0.441
171.400	+5.416e+03	+3.896e+03	+9.644e+03	+0.418
171.500	+5.009e+03	+4.254e+03	+1.014e+04	+0.459
171.600	+4.287e+03	+5.557e+03	+9.471e+03	+0.564
171.700	+5.244e+03	+5.864e+03	+9.487e+03	+0.528
171.800	+4.814e+03	+5.172e+03	+1.021e+04	+0.518
171.900	+5.043e+03	+3.632e+03	+9.097e+03	+0.419
172.000	+3.785e+03	+4.803e+03	+1.038e+04	+0.559
172.100	+4.967e+03	+5.617e+03	+9.911e+03	+0.531
172.200	+5.214e+03	+5.642e+03	+1.080e+04	+0.520
172.300	+4.300e+03	+3.901e+03	+9.117e+03	+0.476
172.400	+4.680e+03	+5.427e+03	+9.017e+03	+0.537
172.500	+5.018e+03	+3.967e+03	+1.024e+04	+0.441
172.600	+5.350e+03	+5.060e+03	+1.033e+04	+0.486
172.700	+4.652e+03	+3.889e+03	+1.076e+04	+0.455
172.800	+4.656e+03	+5.451e+03	+1.012e+04	+0.539
172.900	+5.719e+03	+6.468e+03	+9.789e+03	+0.531
173.000	+4.392e+03	+5.644e+03	+1.075e+04	+0.562
173.100	+6.314e+03	+3.760e+03	+1.032e+04	+0.373
173.200	+4.828e+03	+6.169e+03	+1.010e+04	+0.561
173.300	+4.509e+03	+4.835e+03	+1.018e+04	+0.517
173.400	+5.323e+03	+6.077e+03	+1.084e+04	+0.533
173.500	+4.471e+03	+4.590e+03	+1.052e+04	+0.507
173.600	+4.301e+03	+5.075e+03	+1.097e+04	+0.541
173.700	+5.091e+03	+5.632e+03	+8.637e+03	+0.525
173.800	+5.139e+03	+4.950e+03	+9.529e+03	+0.491
173.900	+4.082e+03	+3.880e+03	+9.312e+03	+0.487
174.000	+4.529e+03	+5.008e+03	+9.044e+03	+0.525
174.100	+4.314e+03	+5.179e+03	+9.078e+03	+0.546
174.200	+5.063e+03	+5.616e+03	+9.388e+03	+0.526
174.300	+3.869e+03	+4.861e+03	+9.690e+03	+0.557
174.400	+4.924e+03	+4.913e+03	+9.790e+03	+0.499
174.500	+4.774e+03	+5.308e+03	+1.056e+04	+0.526
174.600	+4.345e+03	+3.619e+03	+1.010e+04	+0.454
174.700	+4.414e+03	+4.009e+03	+1.020e+04	+0.476
174.800	+4.921e+03	+5.125e+03	+1.047e+04	+0.510
174.900	+5.416e+03	+5.824e+03	+9.278e+03	+0.518
175.000	+5.660e+03	+5.010e+03	+9.872e+03	+0.470
175.100	+5.498e+03	+4.257e+03	+1.026e+04	+0.436
175.200	+3.758e+03	+4.842e+03	+1.029e+04	+0.563
175.300	+3.839e+03	+4.933e+03	+1.030e+04	+0.562
175.400	+5.155e+03	+4.921e+03	+1.202e+04	+0.488
175.500	+5.155e+03	+4.571e+03	+1.049e+04	+0.470
175.600	+5.756e+03	+5.186e+03	+1.023e+04	+0.474
175.700	+4.776e+03	+4.879e+03	+1.071e+04	+0.505
175.800	+5.348e+03	+4.860e+03	+1.007e+04	+0.476
175.900	+5.011e+03	+4.788e+03	+1.102e+04	+0.489
176.000	+3.912e+03	+4.850e+03	+9.898e+03	+0.554
176.100	+5.036e+03	+5.189e+03	+9.113e+03	+0.507
176.200	+5.479e+03	+5.787e+03	+9.966e+03	+0.514
176.300	+5.983e+03	+5.430e+03	+1.126e+04	+0.476
176.400	+6.073e+03	+3.441e+03	+9.799e+03	+0.362
176.500	+7.742e+03	+2.696e+03	+1.038e+04	+0.258
176.600	+7.423e+03	+3.691e+03	+9.633e+03	+0.332
176.700	+5.571e+03	+3.026e+03	+9.223e+03	+0.352
176.800	+8.694e+03	+2.095e+03	+9.633e+03	+0.194
176.900	+8.481e+03	+1.708e+03	+9.468e+03	+0.168
177.000	+8.174e+03	+2.210e+03	+9.536e+03	+0.213
177.100	+7.440e+03	+1.810e+03	+9.814e+03	+0.196
177.200	+8.248e+03	+2.719e+03	+1.127e+04	+0.248
177.300	+7.416e+03	+3.205e+03	+9.435e+03	+0.302
177.400	+7.039e+03	+3.164e+03	+1.105e+04	+0.310
177.500	+7.184e+03	+2.157e+03	+9.594e+03	+0.231
177.600	+6.891e+03	+2.265e+03	+9.788e+03	+0.247
177.700	+7.233e+03	+4.442e+03	+1.022e+04	+0.380
177.800	+7.373e+03	+1.946e+03	+9.649e+03	+0.209
177.900	+7.890e+03	+2.578e+03	+1.001e+04	+0.246
178.000	+8.462e+03	+2.163e+03	+1.020e+04	+0.204
178.100	+7.474e+03	+1.866e+03	+9.538e+03	+0.200
178.200	+7.059e+03	+2.477e+03	+8.611e+03	+0.260
178.300	+7.139e+03	+2.889e+03	+9.430e+03	+0.288
178.400	+8.263e+03	+2.291e+03	+1.003e+04	+0.217
178.500	+7.009e+03	+1.437e+03	+1.141e+04	+0.170
178.600	+8.015e+03	+2.973e+03	+9.987e+03	+0.271
178.700	+8.375e+03	+2.154e+03	+1.026e+04	+0.205
178.800	+7.677e+03	+1.807e+03	+1.001e+04	+0.191
178.900	+5.650e+03	+4.120e+03	+9.925e+03	+0.422
179.000	+3.969e+03	+4.446e+03	+1.042e+04	+0.528
179.100	+6.506e+03	+5.761e+03	+9.264e+03	+0.470
179.200	+5.936e+03	+4.831e+03	+1.050e+04	+0.449
179.300	+4.842e+03	+3.927e+03	+1.015e+04	+0.448
179.400	+5.117e+03	+5.823e+03	+1.009e+04	+0.532
179.500	+4.150e+03	+5.930e+03	+8.612e+03	+0.588
179.600	+5.510e+03	+5.513e+03	+8.440e+03	+0.500
179.700	+5.755e+03	+4.376e+03	+1.123e+04	+0.432
179.800	+4.249e+03	+4.878e+03	+1.040e+04	+0.534
179.900	+4.551e+03	+5.600e+03	+9.639e+03	+0.552
180.000	+5.441e+03	+5.306e+03	+9.584e+03	+0.494
180.100	+5.576e+03	+4.745e+03	+9.328e+03	+0.460
180.200	+4.553e+03	+4.944e+03	+1.014e+04	+0.521
180.300	+5.679e+03	+3.751e+03	+9.406e+03	+0.398
180.400	+5.956e+03	+4.444e+03	+1.128e+04	+0.427
180.500	+7.518e+03	+2.240e+03	+1.030e+04	+0.230
180.600	+7.072e+03	+2.682e+03	+9.487e+03	+0.275
180.700	+7.580e+03	+2.667e+03	+1.085e+04	+0.260
180.800	+8.080e+03	+3.286e+03	+9.183e+03	+0.289
180.900	+6.551e+03	+3.911e+03	+9.452e+03	+0.374
181.000	+6.916e+03	+2.766e+03	+1.046e+04	+0.286
181.100	+7.571e+03	+2.472e+03	+1.045e+04	+0.246
181.200	+7.855e+03	+2.584e+03	+9.462e+03	+0.247
181.300	+7.059e+03	+3.878e+03	+8.949e+03	+0.355
181.400	+6.957e+03	+1.515e+03	+9.320e+03	+0.179
181.500	+8.788e+03	+2.636e+03	+9.807e+03	+0.231
181.600	+6.680e+03	+2.285e+03	+9.905e+03	+0.255
181.700	+7.920e+03	+2.781e+03	+9.953e+03	+0.260
181.800	+7.315e+03	+2.039e+03	+9.918e+03	+0.218
181.900	+7.475e+03	+2.226e+03	+9.390e+03	+0.229
182.000	+6.648e+03	+2.268e+03	+1.040e+04	+0.254
182.100	+6.962e+03	+3.420e+03	+9.669e+03	+0.329
182.200	+8.480e+03	+2.069e+03	+9.536e+03	+0.196
182.300	+8.747e+03	+2.799e+03	+9.947e+03	+0.242
182.400	+7.311e+03	+2.487e+03	+1.033e+04	+0.254
182.500	+6.877e+03	+3.478e+03	+1.003e+04	+0.336
182.600	+8.558e+03	+1.873e+03	+1.022e+04	+0.180
182.700	+6.218e+03	+2.678e+03	+1.035e+04	+0.301
182.800	+6.323e+03	+3.155e+03	+1.071e+04	+0.333
182.900	+4.465e+03	+4.446e+03	+9.700e+03	+0.499
183.000	+5.776e+03	+3.413e+03	+9.447e+03	+0.371
183.100	+5.850e+03	+5.005e+03	+9.445e+03	+0.461
183.200	+4.546e+03	+5.000e+03	+1.009e+04	+0.524
183.300	+6.172e+03	+4.142e+03	+9.813e+03	+0.402
183.400	+4.208e+03	+4.795e+03	+1.068e+04	+0.533
183.500	+5.475e+03	+5.427e+03	+9.637e+03	+0.498
183.600	+3.976e+03	+5.946e+03	+9.921e+03	+0.599
183.700	+4.785e+03	+4.815e+03	+9.837e+03	+0.502
183.800	+5.378e+03	+4.290e+03	+9.523e+03	+0.444
183.900	+5.488e+03	+5.974e+03	+9.994e+03	+0.521
184.000	+5.605e+03	+5.636e+03	+9.016e+03	+0.501
184.100	+5.098e+03	+4.351e+03	+9.926e+03	+0.460
184.200	+4.092e+03	+4.756e+03	+9.190e+03	+0.538
184.300	+6.713e+03	+4.938e+03	+9.884e+03	+0.424
184.400	+4.450e+03	+4.885e+03	+1.062e+04	+0.523
184.500	+3.877e+03	+3.857e+03	+8.851e+03	+0.499
184.600	+4.402e+03	+4.172e+03	+1.030e+04	+0.487
184.700	+5.225e+03	+5.929e+03	+9.041e+03	+0.532
184.800	+6.324e+03	+4.576e+03	+9.467e+03	+0.420
184.900	+4.083e+03	+5.142e+03	+1.013e+04	+0.557
185.000	+4.891e+03	+4.773e+03	+9.492e+03	+0.494
185.100	+5.841e+03	+4.320e+03	+1.092e+04	+0.425
185.200	+5.930e+03	+4.429e+03	+9.662e+03	+0.428
185.300	+5.810e+03	+4.761e+03	+1.077e+04	+0.450
185.400	+5.036e+03	+4.297e+03	+9.609e+03	+0.460
185.500	+5.145e+03	+6.693e+03	+9.452e+03	+0.565
185.600	+5.073e+03	+5.090e+03	+1.017e+04	+0.501
185.700	+2.674e+03	+5.724e+03	+1.075e+04	+0.682
185.800	+6.190e+03	+5.208e+03	+1.064e+04	+0.457
185.900	+4.658e+03	+5.052e+03	+1.071e+04	+0.520
186.000	+5.054e+03	+4.054e+03	+1.084e+04	+0.445
186.100	+4.941e+03	+5.195e+03	+1.062e+04	+0.512
186.200	+4.757e+03	+5.047e+03	+9.964e+03	+0.515
186.300	+5.036e+03	+4.837e+03	+1.066e+04	+0.490
186.400	+5.390e+03	+4.960e+03	+1.002e+04	+0.479
186.500	+3.742e+03	+4.010e+03	+9.689e+03	+0.517
186.600	+4.700e+03	+5.438e+03	+1.090e+04	+0.536
186.700	+4.282e+03	+4.386e+03	+9.930e+03	+0.506
186.800	+5.476e+03	+5.885e+03	+8.593e+03	+0.518
186.900	+5.517e+03	+4.397e+03	+1.033e+04	+0.444
187.000	+4.814e+03	+5.139e+03	+9.559e+03	+0.516
187.100	+4.304e+03	+4.304e+03	+9.629e+03	+0.500
187.200	+3.381e+03	+4.621e+03	+9.035e+03	+0.577
187.300	+5.313e+03	+4.280e+03	+9.353e+03	+0.446
187.400	+5.611e+03	+5.313e+03	+9.606e+03	+0.486
187.500	+3.744e+03	+4.464e+03	+1.047e+04	+0.544
187.600	+5.211e+03	+4.616e+03	+9.835e+03	+0.470
187.700	+4.238e+03	+4.460e+03	+1.047e+04	+0.513
187.800	+7.029e+03	+3.537e+03	+1.032e+04	+0.335
187.900	+9.234e+03	+1.730e+03	+1.030e+04	+0.158
188.000	+7.633e+03	+3.154e+03	+1.124e+04	+0.292
188.100	+7.043e+03	+2.543e+03	+9.233e+03	+0.265
188.200	+7.038e+03	+3.561e+03	+1.189e+04	+0.336
188.300	+7.818e+03	+2.054e+03	+1.056e+04	+0.208
188.400	+6.792e+03	+3.780e+03	+9.450e+03	+0.358
188.500	+6.876e+03	+3.045e+03	+1.001e+04	+0.307
188.600	+8.851e+03	+2.840e+03	+1.012e+04	+0.243
188.700	+7.216e+03	+2.317e+03	+1.105e+04	+0.243
188.800	+8.147e+03	+2.297e+03	+1.036e+04	+0.220
188.900	+8.052e+03	+2.754e+03	+8.546e+03	+0.255
189.000	+8.124e+03	+3.599e+03	+1.017e+04	+0.307
189.100	+7.099e+03	+1.572e+03	+1.020e+04	+0.181
189.200	+5.885e+03	+1.728e+03	+9.831e+03	+0.227
189.300	+8.021e+03	+2.326e+03	+1.061e+04	+0.225
189.400	+7.787e+03	+2.199e+03	+9.731e+03	+0.220
189.500	+6.914e+03	+3.226e+03	+9.625e+03	+0.318
189.600	+8.349e+03	+3.694e+03	+9.251e+03	+0.307
189.700	+6.919e+03	+2.090e+03	+9.428e+03	+0.232
189.800	+7.813e+03	+1.214e+03	+1.048e+04	+0.134
189.900	+8.100e+03	+2.894e+03	+8.993e+03	+0.263
190.000	+7.337e+03	+3.930e+03	+9.561e+03	+0.349
190.100	+9.027e+03	+2.833e+03	+1.086e+04	+0.239
190.200	+7.307e+03	+1.767e+03	+1.064e+04	+0.195
190.300	+7.933e+03	+2.526e+03	+8.976e+03	+0.241
190.400	+8.256e+03	+2.255e+03	+1.005e+04	+0.215
190.500	+7.271e+03	+2.362e+03	+9.911e+03	+0.245
190.600	+7.204e+03	+3.096e+03	+9.765e+03	+0.301
190.700	+7.621e+03	+1.715e+03	+1.036e+04	+0.184
190.800	+7.580e+03	+2.395e+03	+1.046e+04	+0.240
190.900	+7.273e+03	+3.027e+03	+1.118e+04	+0.294
191.000	+7.036e+03	+1.806e+03	+9.196e+03	+0.204
191.100	+7.046e+03	+2.784e+03	+1.110e+04	+0.283
191.200	+7.213e+03	+2.973e+03	+1.102e+04	+0.292
191.300	+7.398e+03	+2.807e+03	+1.015e+04	+0.275
191.400	+7.236e+03	+2.357e+03	+1.027e+04	+0.246
191.500	+7.468e+03	+1.230e+03	+9.211e+03	+0.141
191.600	+8.043e+03	+3.010e+02	+9.264e+03	+0.036
191.700	+7.381e+03	+3.312e+03	+1.021e+04	+0.310
191.800	+7.523e+03	+2.833e+03	+9.492e+03	+0.274
191.900	+7.247e+03	+2.726e+03	+1.023e+04	+0.273
192.000	+7.734e+03	+2.746e+03	+1.096e+04	+0.262
192.100	+7.780e+03	+1.188e+03	+9.579e+03	+0.132
192.200	+6.768e+03	+3.295e+03	+1.094e+04	+0.327
192.300	+7.302e+03	+2.703e+03	+1.053e+04	+0.270
192.400	+8.545e+03	+3.222e+03	+1.015e+04	+0.274
192.500	+8.570e+03	+1.846e+03	+1.054e+04	+0.177
192.600	+6.969e+03	+2.673e+03	+9.833e+03	+0.277
192.700	+7.266e+03	+1.541e+03	+9.248e+03	+0.175
192.800	+9.085e+03	+3.043e+03	+9.400e+03	+0.251
192.900	+8.116e+03	+3.540e+03	+9.787e+03	+0.304
193.000	+7.738e+03	+2.265e+03	+1.096e+04	+0.226
193.100	+7.291e+03	+2.081e+03	+1.002e+04	+0.222
193.200	+7.125e+03	+2.897e+03	+1.000e+04	+0.289
193.300	+8.332e+03	+1.502e+03	+1.094e+04	+0.153
193.400	+7.576e+03	+2.200e+03	+1.017e+04	+0.225
193.500	+7.787e+03	+2.866e+03	+1.013e+04	+0.269
193.600	+6.409e+03	+2.059e+03	+1.087e+04	+0.243
193.700	+6.714e+03	+3.038e+03	+9.355e+03	+0.311
193.800	+8.245e+03	+3.351e+03	+9.474e+03	+0.289
193.900	+8.229e+03	+3.213e+03	+9.951e+03	+0.281
194.000	+7.391e+03	+2.730e+03	+9.308e+03	+0.270
194.100	+6.820e+03	+2.610e+03	+1.073e+04	+0.277
194.200	+7.353e+03	+2.913e+03	+1.057e+04	+0.284
194.300	+7.495e+03	+2.455e+03	+9.831e+03	+0.247
194.400	+7.389e+03	+8.912e+02	+9.268e+03	+0.108
194.500	+6.589e+03	+3.116e+03	+9.995e+03	+0.321
194.600	+6.593e+03	+2.140e+03	+9.718e+03	+0.245
194.700	+7.283e+03	+2.463e+03	+1.079e+04	+0.253
194.800	+7.522e+03	+1.803e+03	+1.010e+04	+0.193
194.900	+8.684e+03	+3.210e+03	+1.015e+04	+0.270
195.000	+7.311e+03	+2.800e+03	+9.722e+03	+0.277
195.100	+8.098e+03	+1.792e+03	+9.789e+03	+0.181
195.200	+6.835e+03	+2.997e+03	+8.639e+03	+0.305
195.300	+6.202e+03	+3.784e+03	+9.827e+03	+0.379
195.400	+7.311e+03	+3.740e+03	+9.162e+03	+0.338
195.500	+7.972e+03	+2.315e+03	+1.043e+04	+0.225
195.600	+6.934e+03	+3.226e+03	+9.842e+03	+0.317
195.700	+6.440e+03	+2.436e+03	+1.135e+04	+0.274
195.800	+8.369e+03	+3.585e+03	+9.413e+03	+0.300
195.900	+7.094e+03	+3.112e+03	+1.002e+04	+0.305
196.000	+8.227e+03	+1.698e+03	+1.105e+04	+0.171
196.100	+8.407e+03	+2.622e+03	+9.460e+03	+0.238
196.200	+7.921e+03	+2.406e+03	+1.028e+04	+0.233
196.300	+7.714e+03	+2.654e+03	+1.074e+04	+0.256
196.400	+7.658e+03	+2.966e+03	+1.039e+04	+0.279
196.500	+7.591e+03	+2.345e+03	+8.965e+03	+0.236
196.600	+8.691e+03	+2.520e+03	+1.112e+04	+0.225
196.700	+7.517e+03	+2.242e+03	+9.145e+03	+0.230
196.800	+7.240e+03	+1.905e+03	+1.013e+04	+0.208
196.900	+8.300e+03	+1.806e+03	+8.950e+03	+0.179
197.000	+8.199e+03	+2.023e+03	+9.771e+03	+0.198
197.100	+7.412e+03	+2.514e+03	+9.145e+03	+0.253
197.200	+7.535e+03	+2.679e+03	+1.135e+04	+0.262
197.300	+7.737e+03	+3.325e+03	+1.020e+04	+0.301
197.400	+8.410e+03	+2.160e+03	+1.016e+04	+0.204
197.500	+7.392e+03	+1.691e+03	+8.265e+03	+0.186
197.600	+9.105e+03	+2.825e+03	+1.017e+04	+0.237
197.700	+7.019e+03	+2.541e+03	+9.851e+03	+0.266
197.800	+7.121e+03	+2.550e+03	+9.415e+03	+0.264
197.900	+7.257e+03	+2.556e+03	+1.013e+04	+0.260
198.000	+7.454e+03	+3.991e+03	+8.522e+03	+0.349
198.100	+7.834e+03	+3.474e+03	+9.526e+03	+0.307
198.200	+7.225e+03	+1.568e+03	+9.608e+03	+0.178
198.300	+7.071e+03	+1.842e+03	+9.061e+03	+0.207
198.400	+7.916e+03	+1.419e+03	+1.055e+04	+0.152
198.500	+6.444e+03	+1.890e+03	+9.606e+03	+0.227
198.600	+7.261e+03	+2.379e+03	+1.009e+04	+0.247
198.700	+8.130e+03	+2.006e+03	+9.561e+03	+0.198
198.800	+8.134e+03	+2.078e+03	+1.068e+04	+0.203
198.900	+7.699e+03	+2.324e+03	+9.367e+03	+0.232
199.000	+7.946e+03	+1.710e+03	+1.022e+04	+0.177
199.100	+7.546e+03	+2.581e+03	+9.967e+03	+0.255
199.200	+5.772e+03	+1.521e+03	+1.012e+04	+0.209
199.300	+7.398e+03	+4.135e+03	+1.001e+04	+0.359
199.400	+8.004e+03	+3.697e+03	+9.614e+03	+0.316
199.500	+8.571e+03	+3.435e+03	+1.109e+04	+0.286
199.600	+8.432e+03	+6.491e+02	+9.112e+03	+0.071
199.700	+8.575e+03	+1.604e+03	+9.267e+03	+0.158
199.800	+7.380e+03	+2.319e+03	+9.519e+03	+0.239
