%t (s)	Idd (a.u.)	Ida (a.u.)	Iaa (a.u.)	FRET E
0.000	+5.975e+03	+2.715e+03	+1.026e+04	+0.312
0.100	+7.911e+03	+2.178e+03	+9.698e+03	+0.216
0.200	+8.035e+03	+1.827e+03	+9.623e+03	+0.185
0.300	+7.070e+03	+2.163e+03	+1.021e+04	+0.234
0.400	+8.032e+03	+1.278e+03	+9.094e+03	+0.137
0.500	+8.307e+03	+1.563e+03	+9.860e+03	+0.158
0.600	+7.918e+03	+2.343e+03	+1.057e+04	+0.228
0.700	+7.304e+03	+1.954e+03	+9.956e+03	+0.211
0.800	+8.632e+03	+3.561e+03	+9.489e+03	+0.292
0.900	+7.534e+03	+2.512e+03	+1.045e+04	+0.250
1.000	+6.891e+03	+2.516e+03	+1.120e+04	+0.267
1.100	+7.336e+03	+2.632e+03	+1.042e+04	+0.264
1.200	+7.568e+03	+2.825e+03	+1.083e+04	+0.272
1.300	+7.769e+03	+2.126e+03	+9.694e+03	+0.215
1.400	+7.123e+03	+2.716e+03	+1.092e+04	+0.276
1.500	+7.633e+03	+1.878e+03	+1.048e+04	+0.197
1.600	+7.105e+03	+2.311e+03	+1.008e+04	+0.245
1.700	+7.439e+03	+1.787e+03	+9.090e+03	+0.194
1.800	+6.983e+03	+3.239e+03	+9.242e+03	+0.317
1.900	+6.711e+03	+2.705e+03	+9.255e+03	+0.287
2.000	+8.087e+03	+3.751e+03	+9.148e+03	+0.317
2.100	+7.340e+03	+2.527e+03	+1.054e+04	+0.256
2.200	+8.012e+03	+2.384e+03	+1.008e+04	+0.229
2.300	+7.657e+03	+3.492e+03	+1.049e+04	+0.313
2.400	+6.749e+03	+3.653e+03	+1.014e+04	+0.351
2.500	+7.348e+03	+3.244e+03	+9.963e+03	+0.306
2.600	+8.684e+03	+3.691e+03	+1.082e+04	+0.298
2.700	+8.205e+03	+1.582e+03	+1.048e+04	+0.162
2.800	+6.903e+03	+2.940e+03	+9.859e+03	+0.299
2.900	+7.269e+03	+2.846e+03	+1.041e+04	+0.281
3.000	+7.136e+03	+1.423e+03	+8.800e+03	+0.166
3.100	+7.621e+03	+1.020e+03	+9.921e+03	+0.118
3.200	+7.348e+03	+1.317e+03	+1.055e+04	+0.152
3.300	+8.087e+03	+2.265e+03	+9.592e+03	+0.219
3.400	+8.030e+03	+1.657e+03	+9.619e+03	+0.171
3.500	+6.815e+03	+2.078e+03	+1.048e+04	+0.234
3.600	+7.809e+03	+3.430e+03	+9.988e+03	+0.305
3.700	+8.268e+03	+2.159e+03	+9.013e+03	+0.207
3.800	+8.214e+03	+1.739e+03	+1.026e+04	+0.175
3.900	+7.143e+03	+2.674e+03	+1.015e+04	+0.272
4.000	+7.737e+03	+1.697e+03	+1.049e+04	+0.180
4.100	+9.231e+03	+4.110e+03	+1.074e+04	+0.308
4.200	+7.472e+03	+4.084e+03	+9.976e+03	+0.353
4.300	+8.428e+03	+1.213e+03	+9.959e+03	+0.126
4.400	+7.575e+03	+1.908e+03	+9.711e+03	+0.201
4.500	+7.001e+03	+3.787e+03	+1.041e+04	+0.351
4.600	+7.735e+03	+2.814e+03	+1.016e+04	+0.267
4.700	+6.730e+03	+1.425e+03	+1.054e+04	+0.175
4.800	+8.093e+03	+2.848e+03	+9.405e+03	+0.260
4.900	+7.129e+03	+1.757e+03	+1.008e+04	+0.198
5.000	+7.827e+03	+2.293e+03	+9.314e+03	+0.227
5.100	+7.441e+03	+2.014e+03	+1.031e+04	+0.213
5.200	+5.741e+03	+2.883e+03	+9.814e+03	+0.334
5.300	+6.776e+03	+2.970e+03	+9.169e+03	+0.305
5.400	+6.159e+03	+2.355e+03	+1.047e+04	+0.277
5.500	+7.493e+03	+2.780e+03	+1.076e+04	+0.271
5.600	+6.054e+03	+3.133e+03	+9.179e+03	+0.341
5.700	+8.193e+03	+2.115e+03	+8.453e+03	+0.205
5.800	+8.370e+03	+2.804e+03	+1.003e+04	+0.251
5.900	+8.226e+03	+3.037e+03	+1.065e+04	+0.270
6.000	+7.868e+03	+1.642e+03	+9.567e+03	+0.173
6.100	+7.748e+03	+2.882e+03	+9.221e+03	+0.271
6.200	+7.027e+03	+1.962e+03	+9.925e+03	+0.218
6.300	+8.364e+03	+1.909e+03	+9.466e+03	+0.186
6.400	+7.322e+03	+3.928e+03	+9.386e+03	+0.349
6.500	+8.296e+03	+2.705e+03	+7.957e+03	+0.246
6.600	+7.505e+03	+2.161e+03	+1.070e+04	+0.224
6.700	+7.195e+03	+1.412e+03	+1.012e+04	+0.164
6.800	+8.098e+03	+2.664e+03	+1.075e+04	+0.248
6.900	+7.094e+03	+2.410e+03	+9.872e+03	+0.254
7.000	+8.667e+03	+3.217e+03	+1.096e+04	+0.271
7.100	+7.067e+03	+3.379e+03	+1.057e+04	+0.323
7.200	+7.984e+03	+2.908e+03	+1.034e+04	+0.267
7.300	+6.186e+03	+2.849e+03	+9.097e+03	+0.315
7.400	+7.121e+03	+3.705e+03	+1.091e+04	+0.342
7.500	+7.426e+03	+2.428e+03	+1.098e+04	+0.246
7.600	+8.240e+03	+2.875e+03	+8.888e+03	+0.259
7.700	+8.143e+03	+2.663e+03	+1.049e+04	+0.246
7.800	+8.830e+03	+1.811e+03	+1.123e+04	+0.170
7.900	+6.430e+03	+1.763e+03	+1.067e+04	+0.215
8.000	+7.889e+03	+2.798e+03	+1.006e+04	+0.262
8.100	+8.254e+03	+3.590e+03	+1.065e+04	+0.303
8.200	+7.491e+03	+1.550e+03	+8.614e+03	+0.171
8.300	+7.209e+03	+3.058e+03	+9.898e+03	+0.298
8.400	+6.955e+03	+3.316e+03	+1.125e+04	+0.323
8.500	+8.477e+03	+2.667e+03	+9.788e+03	+0.239
8.600	+8.872e+03	+1.671e+03	+1.044e+04	+0.159
8.700	+7.486e+03	+2.546e+03	+9.776e+03	+0.254
8.800	+8.282e+03	+1.555e+03	+9.999e+03	+0.158
8.900	+7.834e+03	+2.745e+03	+9.091e+03	+0.260
9.000	+8.051e+03	+2.161e+03	+7.690e+03	+0.212
9.100	+7.787e+03	+2.167e+03	+9.864e+03	+0.218
9.200	+7.143e+03	+3.407e+03	+1.023e+04	+0.323
9.300	+7.436e+03	+2.010e+03	+1.137e+04	+0.213
9.400	+7.092e+03	+3.943e+03	+9.089e+03	+0.357
9.500	+8.381e+03	+2.902e+03	+9.194e+03	+0.257
9.600	+7.233e+03	+2.563e+03	+9.337e+03	+0.262
9.700	+6.596e+03	+3.367e+03	+1.076e+04	+0.338
9.800	+7.844e+03	+2.944e+03	+9.852e+03	+0.273
9.900	+8.098e+03	+1.635e+03	+9.072e+03	+0.168
10.000	+7.415e+03	+1.952e+03	+1.141e+04	+0.208
10.100	+7.362e+03	+2.909e+03	+9.781e+03	+0.283
10.200	+7.061e+03	+1.463e+03	+1.078e+04	+0.172
10.300	+7.660e+03	+3.131e+03	+1.036e+04	+0.290
10.400	+6.485e+03	+1.533e+03	+9.957e+03	+0.191
10.500	+7.977e+03	+2.536e+03	+1.113e+04	+0.241
10.600	+7.739e+03	+2.722e+03	+9.416e+03	+0.260
10.700	+7.200e+03	+2.176e+03	+9.453e+03	+0.232
10.800	+8.375e+03	+2.506e+03	+1.028e+04	+0.230
10.900	+7.676e+03	+2.056e+03	+9.305e+03	+0.211
11.000	+6.782e+03	+1.295e+03	+9.059e+03	+0.160
11.100	+7.430e+03	+2.689e+03	+1.044e+04	+0.266
11.200	+9.305e+03	+2.215e+03	+1.048e+04	+0.192
11.300	+8.070e+03	+4.581e+03	+9.684e+03	+0.362
11.400	+6.699e+03	+2.518e+03	+1.075e+04	+0.273
11.500	+6.960e+03	+2.528e+03	+1.070e+04	+0.266
11.600	+7.687e+03	+2.419e+03	+1.009e+04	+0.239
11.700	+6.250e+03	+1.716e+03	+8.966e+03	+0.215
11.800	+6.776e+03	+1.355e+03	+9.916e+03	+0.167
11.900	+8.659e+03	+3.326e+03	+1.058e+04	+0.277
12.000	+6.541e+03	+1.745e+03	+8.744e+03	+0.211
12.100	+7.391e+03	+2.723e+03	+1.057e+04	+0.269
12.200	+7.157e+03	+3.691e+03	+1.079e+04	+0.340
12.300	+6.715e+03	+2.217e+03	+9.912e+03	+0.248
12.400	+7.784e+03	+1.922e+03	+9.097e+03	+0.198
12.500	+7.976e+03	+2.790e+03	+1.020e+04	+0.259
12.600	+7.756e+03	+1.882e+03	+1.015e+04	+0.195
12.700	+8.072e+03	+2.297e+03	+9.462e+03	+0.222
12.800	+8.313e+03	+2.601e+03	+8.995e+03	+0.238
12.900	+7.656e+03	+1.841e+03	+8.751e+03	+0.194
13.000	+7.092e+03	+2.341e+03	+8.720e+03	+0.248
13.100	+6.948e+03	+2.728e+03	+9.549e+03	+0.282
13.200	+7.509e+03	+2.542e+03	+9.147e+03	+0.253
13.300	+7.677e+03	+2.495e+03	+9.527e+03	+0.245
13.400	+7.030e+03	+1.276e+03	+9.589e+03	+0.154
13.500	+8.266e+03	+1.604e+03	+8.461e+03	+0.162
13.600	+7.965e+03	+2.764e+03	+9.883e+03	+0.258
13.700	+8.432e+03	+2.537e+03	+1.108e+04	+0.231
13.800	+8.155e+03	+2.389e+03	+9.562e+03	+0.227
13.900	+7.387e+03	+2.708e+03	+1.004e+04	+0.268
14.000	+7.464e+03	+3.369e+03	+9.001e+03	+0.311
14.100	+8.135e+03	+2.102e+03	+1.057e+04	+0.205
14.200	+7.088e+03	+2.067e+03	+8.311e+03	+0.226
14.300	+7.529e+03	+2.286e+03	+9.597e+03	+0.233
14.400	+6.952e+03	+2.466e+03	+9.067e+03	+0.262
14.500	+7.356e+03	+3.201e+03	+9.683e+03	+0.303
14.600	+7.837e+03	+3.171e+03	+1.043e+04	+0.288
14.700	+5.764e+03	+4.672e+03	+9.924e+03	+0.448
14.800	+5.107e+03	+5.859e+03	+1.018e+04	+0.534
14.900	+4.652e+03	+5.445e+03	+9.382e+03	+0.539
15.000	+4.173e+03	+3.587e+03	+9.519e+03	+0.462
15.100	+5.111e+03	+4.960e+03	+9.903e+03	+0.492
15.200	+5.329e+03	+5.675e+03	+9.656e+03	+0.516
15.300	+6.022e+03	+4.631e+03	+9.557e+03	+0.435
15.400	+5.023e+03	+3.892e+03	+1.006e+04	+0.437
15.500	+3.666e+03	+3.239e+03	+9.072e+03	+0.469
15.600	+5.251e+03	+5.024e+03	+1.082e+04	+0.489
15.700	+4.761e+03	+4.434e+03	+1.014e+04	+0.482
15.800	+5.154e+03	+3.207e+03	+1.090e+04	+0.384
15.900	+4.721e+03	+4.478e+03	+1.061e+04	+0.487
16.000	+4.519e+03	+3.973e+03	+1.046e+04	+0.468
16.100	+5.606e+03	+4.353e+03	+1.003e+04	+0.437
16.200	+4.061e+03	+3.628e+03	+1.060e+04	+0.472
16.300	+7.262e+03	+2.426e+03	+1.069e+04	+0.250
16.400	+7.803e+03	+1.691e+03	+9.215e+03	+0.178
16.500	+7.534e+03	+2.621e+03	+9.349e+03	+0.258
16.600	+7.532e+03	+2.264e+03	+9.762e+03	+0.231
16.700	+8.996e+03	+3.220e+03	+1.018e+04	+0.264
16.800	+7.768e+03	+3.273e+03	+8.964e+03	+0.296
16.900	+7.620e+03	+2.041e+03	+9.974e+03	+0.211
17.000	+7.718e+03	+2.834e+03	+1.049e+04	+0.269
17.100	+8.850e+03	+2.132e+03	+1.045e+04	+0.194
17.200	+7.218e+03	+2.896e+03	+1.002e+04	+0.286
17.300	+6.789e+03	+2.724e+03	+1.051e+04	+0.286
17.400	+7.608e+03	+2.693e+03	+9.678e+03	+0.261
17.500	+6.617e+03	+2.970e+03	+1.063e+04	+0.310
17.600	+8.881e+03	+3.336e+03	+9.830e+03	+0.273
17.700	+7.235e+03	+1.991e+03	+9.589e+03	+0.216
17.800	+6.847e+03	+3.193e+03	+9.780e+03	+0.318
17.900	+7.477e+03	+3.516e+03	+9.929e+03	+0.320
18.000	+7.321e+03	+2.747e+03	+1.055e+04	+0.273
18.100	+7.472e+03	+3.774e+03	+9.494e+03	+0.336
18.200	+7.417e+03	+1.832e+03	+1.039e+04	+0.198
18.300	+7.265e+03	+3.315e+03	+9.687e+03	+0.313
18.400	+7.139e+03	+2.131e+03	+9.892e+03	+0.230
18.500	+8.663e+03	+2.116e+03	+1.015e+04	+0.196
18.600	+8.402e+03	+2.398e+03	+1.067e+04	+0.222
18.700	+7.597e+03	+2.779e+03	+9.512e+03	+0.268
18.800	+7.583e+03	+1.246e+03	+1.110e+04	+0.141
18.900	+8.688e+03	+2.202e+03	+9.995e+03	+0.202
19.000	+7.930e+03	+2.128e+03	+1.201e+04	+0.212
19.100	+8.019e+03	+3.727e+03	+1.008e+04	+0.317
19.200	+7.267e+03	+2.903e+03	+9.620e+03	+0.285
19.300	+8.765e+03	+3.176e+03	+9.877e+03	+0.266
19.400	+6.934e+03	+2.376e+03	+9.993e+03	+0.255
19.500	+6.983e+03	+1.859e+03	+1.019e+04	+0.210
19.600	+8.954e+03	+1.454e+03	+1.073e+04	+0.140
19.700	+7.954e+03	+3.739e+03	+1.030e+04	+0.320
19.800	+7.727e+03	+3.100e+03	+1.093e+04	+0.286
19.900	+7.266e+03	+2.407e+03	+9.161e+03	+0.249
20.000	+7.576e+03	+1.491e+03	+1.079e+04	+0.164
20.100	+8.659e+03	+2.876e+03	+9.762e+03	+0.249
20.200	+7.275e+03	+1.980e+03	+9.869e+03	+0.214
20.300	+6.830e+03	+2.018e+03	+9.720e+03	+0.228
20.400	+6.613e+03	+5.564e+02	+1.096e+04	+0.078
20.500	+7.101e+03	+3.449e+03	+1.074e+04	+0.327
20.600	+6.656e+03	+2.418e+03	+9.481e+03	+0.266
20.700	+8.657e+03	+2.554e+03	+1.012e+04	+0.228
20.800	+8.235e+03	+2.541e+03	+9.595e+03	+0.236
20.900	+8.653e+03	+2.554e+03	+1.020e+04	+0.228
21.000	+7.959e+03	+1.894e+03	+1.028e+04	+0.192
21.100	+7.090e+03	+2.483e+03	+9.359e+03	+0.259
21.200	+7.760e+03	+2.354e+03	+8.917e+03	+0.233
21.300	+8.243e+03	+2.733e+03	+1.011e+04	+0.249
21.400	+6.588e+03	+3.326e+03	+1.007e+04	+0.335
21.500	+7.525e+03	+2.717e+03	+1.020e+04	+0.265
21.600	+7.352e+03	+1.991e+03	+1.015e+04	+0.213
21.700	+7.461e+03	+3.505e+03	+9.876e+03	+0.320
21.800	+6.806e+03	+2.248e+03	+8.754e+03	+0.248
21.900	+7.020e+03	+3.068e+03	+9.866e+03	+0.304
22.000	+7.651e+03	+2.659e+03	+9.042e+03	+0.258
22.100	+7.202e+03	+1.986e+03	+9.635e+03	+0.216
22.200	+6.998e+03	+2.215e+02	+9.533e+03	+0.031
22.300	+7.479e+03	+2.151e+03	+1.119e+04	+0.223
22.400	+6.917e+03	+3.817e+03	+9.756e+03	+0.356
22.500	+7.353e+03	+2.429e+03	+1.032e+04	+0.248
22.600	+8.105e+03	+2.738e+03	+1.027e+04	+0.253
22.700	+7.213e+03	+2.379e+03	+1.066e+04	+0.248
22.800	+7.107e+03	+1.493e+03	+1.000e+04	+0.174
22.900	+6.762e+03	+1.670e+03	+1.076e+04	+0.198
23.000	+7.846e+03	+2.155e+03	+8.456e+03	+0.215
23.100	+8.058e+03	+1.925e+03	+1.020e+04	+0.193
23.200	+8.051e+03	+3.935e+03	+9.632e+03	+0.328
23.300	+8.049e+03	+1.383e+03	+1.077e+04	+0.147
23.400	+8.289e+03	+3.069e+03	+1.029e+04	+0.270
23.500	+7.622e+03	+6.701e+02	+1.021e+04	+0.081
23.600	+9.067e+03	+1.413e+03	+8.662e+03	+0.135
23.700	+5.213e+03	+3.159e+03	+9.553e+03	+0.377
23.800	+7.376e+03	+1.348e+03	+1.031e+04	+0.154
23.900	+8.629e+03	+2.514e+03	+9.845e+03	+0.226
24.000	+6.574e+03	+2.828e+03	+9.960e+03	+0.301
24.100	+7.590e+03	+2.374e+03	+8.982e+03	+0.238
24.200	+7.794e+03	+2.811e+03	+1.033e+04	+0.265
24.300	+8.393e+03	+2.777e+03	+1.099e+04	+0.249
24.400	+6.772e+03	+2.238e+03	+1.008e+04	+0.248
24.500	+7.262e+03	+2.755e+03	+1.021e+04	+0.275
24.600	+6.293e+03	+2.391e+03	+1.054e+04	+0.275
24.700	+7.296e+03	+2.721e+03	+1.030e+04	+0.272
24.800	+7.314e+03	+9.154e+02	+1.065e+04	+0.111
24.900	+6.856e+03	+3.795e+03	+9.536e+03	+0.356
25.000	+7.316e+03	+3.125e+03	+1.013e+04	+0.299
25.100	+5.294e+03	+3.998e+03	+1.097e+04	+0.430
25.200	+5.133e+03	+5.481e+03	+8.865e+03	+0.516
25.300	+6.513e+03	+4.180e+03	+9.725e+03	+0.391
25.400	+4.605e+03	+4.229e+03	+9.364e+03	+0.479
25.500	+4.552e+03	+4.625e+03	+9.148e+03	+0.504
25.600	+5.551e+03	+5.136e+03	+9.402e+03	+0.481
25.700	+4.888e+03	+6.415e+03	+8.914e+03	+0.568
25.800	+5.118e+03	+5.626e+03	+9.816e+03	+0.524
25.900	+4.656e+03	+3.841e+03	+1.124e+04	+0.452
26.000	+4.535e+03	+5.364e+03	+1.010e+04	+0.542
26.100	+5.062e+03	+4.524e+03	+1.038e+04	+0.472
26.200	+5.864e+03	+5.383e+03	+9.275e+03	+0.479
26.300	+4.016e+03	+4.975e+03	+9.907e+03	+0.553
26.400	+4.195e+03	+5.029e+03	+9.876e+03	+0.545
26.500	+4.909e+03	+4.583e+03	+1.111e+04	+0.483
26.600	+4.830e+03	+3.747e+03	+9.599e+03	+0.437
26.700	+5.131e+03	+5.372e+03	+1.048e+04	+0.512
26.800	+5.108e+03	+4.851e+03	+1.005e+04	+0.487
26.900	+8.927e+03	+2.997e+03	+9.481e+03	+0.251
27.000	+7.768e+03	+2.100e+03	+9.743e+03	+0.213
27.100	+6.468e+03	+2.788e+03	+9.360e+03	+0.301
27.200	+7.691e+03	+2.242e+03	+1.006e+04	+0.226
27.300	+6.069e+03	+1.830e+03	+1.034e+04	+0.232
27.400	+7.684e+03	-2.259e+02	+9.628e+03	-0.030
27.500	+7.363e+03	+1.895e+03	+1.002e+04	+0.205
27.600	+6.992e+03	+3.190e+03	+1.046e+04	+0.313
27.700	+8.750e+03	+1.900e+03	+1.064e+04	+0.178
27.800	+7.365e+03	+1.804e+03	+9.783e+03	+0.197
27.900	+6.723e+03	+3.484e+03	+9.549e+03	+0.341
28.000	+8.358e+03	+2.814e+03	+1.088e+04	+0.252
28.100	+8.510e+03	+2.321e+03	+9.153e+03	+0.214
28.200	+6.873e+03	+2.114e+03	+1.020e+04	+0.235
28.300	+7.474e+03	+8.457e+02	+8.829e+03	+0.102
28.400	+7.208e+03	+1.677e+03	+1.064e+04	+0.189
28.500	+7.797e+03	+2.683e+03	+9.859e+03	+0.256
28.600	+8.008e+03	+2.010e+03	+9.865e+03	+0.201
28.700	+6.609e+03	+2.376e+03	+1.086e+04	+0.264
28.800	+7.243e+03	+2.173e+03	+1.080e+04	+0.231
28.900	+8.615e+03	+2.913e+03	+9.353e+03	+0.253
29.000	+8.542e+03	+2.924e+03	+9.497e+03	+0.255
29.100	+6.612e+03	+2.920e+03	+9.776e+03	+0.306
29.200	+9.031e+03	+2.749e+03	+9.675e+03	+0.233
29.300	+8.056e+03	+1.029e+03	+9.823e+03	+0.113
29.400	+7.768e+03	+2.509e+03	+1.073e+04	+0.244
29.500	+7.898e+03	+2.490e+03	+1.033e+04	+0.240
29.600	+7.711e+03	+3.188e+03	+9.986e+03	+0.293
29.700	+7.289e+03	+3.875e+03	+9.012e+03	+0.347
29.800	+7.890e+03	+2.793e+03	+9.070e+03	+0.261
29.900	+7.996e+03	+2.811e+03	+1.034e+04	+0.260
30.000	+6.799e+03	+1.947e+03	+1.055e+04	+0.223
30.100	+8.853e+03	+1.916e+03	+9.159e+03	+0.178
30.200	+7.508e+03	+2.659e+03	+9.258e+03	+0.262
30.300	+7.154e+03	+4.113e+03	+9.194e+03	+0.365
30.400	+7.161e+03	+1.094e+03	+9.625e+03	+0.133
30.500	+7.017e+03	+3.487e+03	+1.155e+04	+0.332
30.600	+8.515e+03	+1.159e+03	+1.030e+04	+0.120
30.700	+9.280e+03	+2.231e+03	+1.015e+04	+0.194
30.800	+8.045e+03	+2.911e+03	+1.033e+04	+0.266
30.900	+7.922e+03	+3.237e+03	+1.034e+04	+0.290
31.000	+7.168e+03	+2.231e+03	+9.155e+03	+0.237
31.100	+6.935e+03	+1.393e+03	+1.024e+04	+0.167
31.200	+8.162e+03	+2.348e+03	+9.769e+03	+0.223
31.300	+8.172e+03	+2.151e+03	+9.274e+03	+0.208
31.400	+6.769e+03	+1.480e+03	+1.002e+04	+0.179
31.500	+7.337e+03	+2.259e+03	+1.057e+04	+0.235
31.600	+8.293e+03	+3.151e+03	+1.045e+04	+0.275
31.700	+7.401e+03	+3.284e+03	+9.334e+03	+0.307
31.800	+8.048e+03	+2.231e+03	+1.026e+04	+0.217
31.900	+6.918e+03	+1.860e+03	+8.587e+03	+0.212
32.000	+8.081e+03	+2.344e+03	+9.598e+03	+0.225
32.100	+7.475e+03	+3.840e+03	+1.004e+04	+0.339
32.200	+8.400e+03	+2.284e+03	+1.002e+04	+0.214
32.300	+7.796e+03	+1.132e+03	+9.261e+03	+0.127
32.400	+6.520e+03	+3.184e+03	+1.022e+04	+0.328
32.500	+8.056e+03	+2.309e+03	+1.056e+04	+0.223
32.600	+8.518e+03	+2.890e+03	+9.096e+03	+0.253
32.700	+8.708e+03	+2.064e+03	+1.072e+04	+0.192
32.800	+7.998e+03	+2.270e+03	+9.884e+03	+0.221
32.900	+6.856e+03	+2.070e+03	+1.066e+04	+0.232
33.000	+6.758e+03	+2.482e+03	+1.036e+04	+0.269
33.100	+6.675e+03	+2.076e+03	+9.999e+03	+0.237
33.200	+8.106e+03	+1.708e+03	+8.747e+03	+0.174
33.300	+6.151e+03	+2.279e+03	+9.355e+03	+0.270
33.400	+7.884e+03	+3.090e+03	+8.619e+03	+0.282
33.500	+8.487e+03	+3.227e+03	+9.638e+03	+0.276
33.600	+6.531e+03	+1.038e+03	+1.058e+04	+0.137
33.700	+6.289e+03	+1.149e+03	+9.427e+03	+0.154
33.800	+6.905e+03	+3.000e+03	+9.523e+03	+0.303
33.900	+6.654e+03	+2.666e+03	+9.890e+03	+0.286
34.000	+6.365e+03	+2.088e+03	+1.009e+04	+0.247
34.100	+6.986e+03	+2.550e+03	+1.021e+04	+0.267
34.200	+7.954e+03	+2.159e+03	+1.003e+04	+0.213
34.300	+7.560e+03	+2.164e+03	+1.033e+04	+0.223
34.400	+7.591e+03	+3.017e+03	+1.022e+04	+0.284
34.500	+6.859e+03	+2.235e+03	+1.022e+04	+0.246
34.600	+6.336e+03	+2.700e+03	+1.047e+04	+0.299
34.700	+7.815e+03	+2.750e+03	+9.787e+03	+0.260
34.800	+7.186e+03	+2.747e+03	+8.330e+03	+0.277
34.900	+7.735e+03	+2.083e+03	+9.576e+03	+0.212
35.000	+6.580e+03	+3.276e+03	+1.003e+04	+0.332
35.100	+6.237e+03	+1.243e+03	+1.066e+04	+0.166
35.200	+7.520e+03	+2.080e+03	+8.904e+03	+0.217
35.300	+8.003e+03	+2.811e+03	+9.702e+03	+0.260
35.400	+7.183e+03	+2.261e+03	+1.078e+04	+0.239
35.500	+7.360e+03	+2.839e+03	+9.198e+03	+0.278
35.600	+6.827e+03	+1.583e+03	+1.025e+04	+0.188
35.700	+7.745e+03	+2.270e+03	+9.577e+03	+0.227
35.800	+6.963e+03	+3.338e+03	+9.723e+03	+0.324
35.900	+6.127e+03	+3.238e+03	+1.087e+04	+0.346
36.000	+8.199e+03	+3.500e+03	+9.563e+03	+0.299
36.100	+7.500e+03	+3.193e+03	+9.359e+03	+0.299
36.200	+7.196e+03	+8.638e+02	+9.955e+03	+0.107
36.300	+7.360e+03	+2.487e+03	+1.102e+04	+0.253
36.400	+6.327e+03	+3.720e+03	+9.045e+03	+0.370
36.500	+8.284e+03	+3.727e+03	+1.030e+04	+0.310
36.600	+7.235e+03	+2.925e+03	+9.792e+03	+0.288
36.700	+8.726e+03	+3.118e+03	+1.094e+04	+0.263
36.800	+6.757e+03	+2.817e+03	+9.662e+03	+0.294
36.900	+7.312e+03	+2.190e+03	+9.597e+03	+0.230
37.000	+7.182e+03	+2.302e+03	+1.019e+04	+0.243
37.100	+7.498e+03	+7.283e+02	+1.059e+04	+0.089
37.200	+7.521e+03	+1.029e+03	+9.640e+03	+0.120
37.300	+7.522e+03	+2.207e+03	+1.019e+04	+0.227
37.400	+7.954e+03	+2.916e+03	+9.542e+03	+0.268
37.500	+6.763e+03	+2.723e+03	+1.123e+04	+0.287
37.600	+6.852e+03	+1.582e+03	+9.629e+03	+0.188
37.700	+7.892e+03	+3.423e+03	+1.030e+04	+0.303
37.800	+8.039e+03	+3.531e+03	+9.976e+03	+0.305
37.900	+6.497e+03	+2.268e+03	+9.651e+03	+0.259
38.000	+6.569e+03	+2.114e+03	+1.047e+04	+0.243
38.100	+7.638e+03	+2.849e+03	+1.067e+04	+0.272
38.200	+7.261e+03	+2.230e+03	+9.842e+03	+0.235
38.300	+7.674e+03	+2.845e+03	+1.003e+04	+0.270
38.400	+8.233e+03	+2.564e+03	+9.540e+03	+0.237
38.500	+6.835e+03	+2.307e+03	+9.718e+03	+0.252
38.600	+6.954e+03	+2.701e+03	+9.962e+03	+0.280
38.700	+8.311e+03	+2.588e+03	+1.020e+04	+0.237
38.800	+7.606e+03	+2.150e+03	+1.001e+04	+0.220
38.900	+7.468e+03	+3.715e+03	+1.020e+04	+0.332
39.000	+7.233e+03	+2.479e+03	+1.018e+04	+0.255
39.100	+6.891e+03	+2.503e+03	+9.714e+03	+0.266
39.200	+8.269e+03	+1.891e+03	+9.795e+03	+0.186
39.300	+7.827e+03	+2.572e+03	+1.027e+04	+0.247
39.400	+6.324e+03	+3.636e+03	+8.876e+03	+0.365
39.500	+8.575e+03	+2.461e+03	+1.012e+04	+0.223
39.600	+7.965e+03	+3.480e+03	+9.996e+03	+0.304
39.700	+8.300e+03	+2.284e+03	+9.312e+03	+0.216
39.800	+7.937e+03	+2.375e+03	+1.081e+04	+0.230
39.900	+7.974e+03	+2.682e+03	+9.137e+03	+0.252
40.000	+6.798e+03	+1.221e+03	+9.934e+03	+0.152
40.100	+7.149e+03	+2.919e+03	+9.738e+03	+0.290
40.200	+6.329e+03	+2.799e+03	+1.153e+04	+0.307
40.300	+8.238e+03	+3.960e+03	+9.277e+03	+0.325
40.400	+7.827e+03	+1.899e+03	+1.015e+04	+0.195
40.500	+6.936e+03	+3.260e+03	+7.770e+03	+0.320
40.600	+7.089e+03	+1.914e+03	+9.371e+03	+0.213
40.700	+6.943e+03	+2.613e+03	+1.021e+04	+0.273
40.800	+8.617e+03	+2.119e+03	+1.069e+04	+0.197
40.900	+7.198e+03	+2.433e+03	+1.083e+04	+0.253
41.000	+7.091e+03	+3.143e+03	+9.266e+03	+0.307
41.100	+8.020e+03	+1.497e+03	+1.055e+04	+0.157
41.200	+7.242e+03	+2.949e+03	+1.085e+04	+0.289
41.300	+7.030e+03	+1.954e+03	+9.677e+03	+0.217
41.400	+6.623e+03	+1.488e+03	+1.021e+04	+0.183
41.500	+7.233e+03	+3.455e+03	+1.099e+04	+0.323
41.600	+7.284e+03	+2.206e+03	+9.261e+03	+0.232
41.700	+7.227e+03	+2.491e+03	+9.629e+03	+0.256
41.800	+7.888e+03	+2.587e+03	+8.865e+03	+0.247
41.900	+9.288e+03	+2.572e+03	+1.075e+04	+0.217
42.000	+6.791e+03	+3.068e+03	+1.040e+04	+0.311
42.100	+7.508e+03	+3.112e+03	+1.149e+04	+0.293
42.200	+7.897e+03	+2.453e+03	+8.885e+03	+0.237
42.300	+6.495e+03	+1.507e+03	+1.026e+04	+0.188
42.400	+7.546e+03	+2.513e+03	+1.063e+04	+0.250
42.500	+7.053e+03	+4.340e+03	+9.912e+03	+0.381
42.600	+8.367e+03	+1.863e+03	+1.019e+04	+0.182
42.700	+8.652e+03	+2.616e+03	+1.095e+04	+0.232
42.800	+7.225e+03	+2.309e+03	+1.129e+04	+0.242
42.900	+7.564e+03	+2.365e+03	+1.076e+04	+0.238
43.000	+7.907e+03	+1.423e+03	+1.081e+04	+0.152
43.100	+6.974e+03	+3.357e+03	+9.757e+03	+0.325
43.200	+7.119e+03	+1.475e+03	+9.686e+03	+0.172
43.300	+8.071e+03	+2.791e+03	+9.484e+03	+0.257
43.400	+8.101e+03	+1.747e+03	+1.135e+04	+0.177
43.500	+7.605e+03	+3.810e+03	+9.983e+03	+0.334
43.600	+8.022e+03	+3.771e+03	+1.024e+04	+0.320
43.700	+7.947e+03	+1.963e+03	+9.760e+03	+0.198
43.800	+7.998e+03	+2.492e+03	+9.823e+03	+0.238
43.900	+8.202e+03	+2.359e+03	+9.722e+03	+0.223
44.000	+7.321e+03	+2.981e+03	+1.094e+04	+0.289
44.100	+8.003e+03	+2.522e+03	+1.034e+04	+0.240
44.200	+6.416e+03	+2.839e+03	+8.931e+03	+0.307
44.300	+6.583e+03	+2.162e+03	+1.077e+04	+0.247
44.400	+7.784e+03	+2.627e+03	+1.023e+04	+0.252
44.500	+8.096e+03	+2.492e+03	+9.701e+03	+0.235
44.600	+8.111e+03	+1.202e+03	+9.679e+03	+0.129
44.700	+7.783e+03	+3.272e+03	+9.491e+03	+0.296
44.800	+7.869e+03	+1.887e+03	+1.159e+04	+0.193
44.900	+7.210e+03	+3.374e+03	+1.026e+04	+0.319
45.000	+8.123e+03	+7.240e+02	+1.013e+04	+0.082
45.100	+7.473e+03	+2.194e+03	+1.049e+04	+0.227
45.200	+6.739e+03	+2.935e+03	+1.127e+04	+0.303
45.300	+9.308e+03	+1.808e+03	+1.135e+04	+0.163
45.400	+6.212e+03	+1.039e+03	+9.095e+03	+0.143
45.500	+6.076e+03	+2.897e+03	+1.038e+04	+0.323
45.600	+7.434e+03	+3.134e+03	+9.713e+03	+0.297
45.700	+7.352e+03	+2.515e+03	+9.354e+03	+0.255
45.800	+6.205e+03	+2.557e+03	+9.578e+03	+0.292
45.900	+6.715e+03	+3.316e+03	+9.578e+03	+0.331
46.000	+7.982e+03	+1.660e+03	+1.009e+04	+0.172
46.100	+8.890e+03	+2.078e+03	+1.020e+04	+0.189
46.200	+8.240e+03	+3.139e+03	+1.052e+04	+0.276
46.300	+6.035e+03	+1.904e+03	+9.116e+03	+0.240
46.400	+7.010e+03	+2.642e+03	+9.740e+03	+0.274
46.500	+7.822e+03	+2.828e+03	+1.085e+04	+0.266
46.600	+6.632e+03	+1.666e+03	+1.037e+04	+0.201
46.700	+6.346e+03	+1.696e+03	+8.942e+03	+0.211
46.800	+6.544e+03	+2.590e+03	+1.039e+04	+0.284
46.900	+7.768e+03	+2.462e+03	+9.998e+03	+0.241
47.000	+7.040e+03	+2.468e+03	+9.267e+03	+0.260
47.100	+7.305e+03	+2.081e+03	+9.274e+03	+0.222
47.200	+7.966e+03	+2.945e+03	+9.427e+03	+0.270
47.300	+6.697e+03	+1.936e+03	+1.069e+04	+0.224
47.400	+7.497e+03	+4.595e+03	+1.013e+04	+0.380
47.500	+7.136e+03	+2.866e+03	+9.913e+03	+0.287
47.600	+8.623e+03	+3.022e+03	+1.068e+04	+0.260
47.700	+6.550e+03	+2.362e+03	+9.950e+03	+0.265
47.800	+6.716e+03	+1.900e+03	+8.786e+03	+0.221
47.900	+7.097e+03	+1.629e+03	+9.991e+03	+0.187
48.000	+8.091e+03	+2.349e+03	+1.055e+04	+0.225
48.100	+7.797e+03	+3.998e+03	+1.143e+04	+0.339
48.200	+7.623e+03	+2.662e+03	+1.106e+04	+0.259
48.300	+6.755e+03	+2.610e+03	+9.133e+03	+0.279
48.400	+7.993e+03	+2.129e+03	+9.611e+03	+0.210
48.500	+7.565e+03	+1.945e+03	+9.866e+03	+0.205
48.600	+7.936e+03	+3.124e+03	+1.028e+04	+0.282
48.700	+6.942e+03	+1.414e+03	+9.523e+03	+0.169
48.800	+7.379e+03	+1.541e+03	+1.066e+04	+0.173
48.900	+7.122e+03	+2.836e+03	+9.198e+03	+0.285
49.000	+7.514e+03	+2.840e+03	+9.783e+03	+0.274
49.100	+8.957e+03	+1.962e+03	+9.794e+03	+0.180
49.200	+7.093e+03	+9.700e+02	+9.881e+03	+0.120
49.300	+7.839e+03	+3.270e+03	+1.055e+04	+0.294
49.400	+6.839e+03	+2.486e+03	+9.571e+03	+0.267
49.500	+8.172e+03	+3.344e+03	+9.358e+03	+0.290
49.600	+6.473e+03	+2.849e+03	+8.194e+03	+0.306
49.700	+9.025e+03	+2.231e+03	+9.018e+03	+0.198
49.800	+7.665e+03	+2.148e+03	+9.587e+03	+0.219
49.900	+8.296e+03	+3.656e+03	+1.037e+04	+0.306
50.000	+6.434e+03	+1.235e+03	+9.558e+03	+0.161
50.100	+7.284e+03	+2.892e+03	+9.984e+03	+0.284
50.200	+8.295e+03	+9.770e+02	+9.262e+03	+0.105
50.300	+6.942e+03	+2.535e+03	+1.028e+04	+0.267
50.400	+7.669e+03	+2.092e+03	+1.139e+04	+0.214
50.500	+7.433e+03	+2.045e+03	+9.094e+03	+0.216
50.600	+7.207e+03	+3.377e+03	+1.026e+04	+0.319
50.700	+7.239e+03	+2.197e+03	+9.720e+03	+0.233
50.800	+8.393e+03	+2.933e+03	+1.121e+04	+0.259
50.900	+7.623e+03	+3.733e+03	+9.737e+03	+0.329
51.000	+7.667e+03	+2.286e+03	+9.058e+03	+0.230
51.100	+6.860e+03	+1.926e+03	+1.037e+04	+0.219
51.200	+7.530e+03	+2.842e+03	+1.024e+04	+0.274
51.300	+8.466e+03	+2.925e+03	+1.115e+04	+0.257
51.400	+7.740e+03	+2.411e+03	+9.443e+03	+0.238
51.500	+7.239e+03	+3.105e+03	+1.028e+04	+0.300
51.600	+8.230e+03	+2.109e+03	+9.887e+03	+0.204
51.700	+7.480e+03	+2.976e+03	+1.001e+04	+0.285
51.800	+8.117e+03	+2.663e+03	+9.289e+03	+0.247
51.900	+7.042e+03	+2.752e+03	+9.629e+03	+0.281
52.000	+6.911e+03	+2.007e+03	+9.756e+03	+0.225
52.100	+6.235e+03	+3.292e+03	+9.111e+03	+0.346
52.200	+6.543e+03	+2.341e+03	+9.791e+03	+0.264
52.300	+6.350e+03	+2.443e+03	+8.920e+03	+0.278
52.400	+8.137e+03	+1.740e+03	+1.005e+04	+0.176
52.500	+6.877e+03	+2.013e+03	+9.577e+03	+0.226
52.600	+7.631e+03	+1.499e+03	+1.008e+04	+0.164
52.700	+7.395e+03	+2.612e+03	+1.024e+04	+0.261
52.800	+6.901e+03	+2.204e+03	+1.055e+04	+0.242
52.900	+7.619e+03	+2.344e+03	+9.388e+03	+0.235
53.000	+7.895e+03	+4.311e+03	+8.913e+03	+0.353
53.100	+8.404e+03	+1.552e+03	+9.804e+03	+0.156
53.200	+6.975e+03	+2.554e+03	+1.053e+04	+0.268
53.300	+7.183e+03	+1.863e+03	+1.157e+04	+0.206
53.400	+8.906e+03	+3.652e+03	+1.021e+04	+0.291
53.500	+8.099e+03	+3.004e+03	+8.844e+03	+0.271
53.600	+8.687e+03	+3.093e+03	+1.026e+04	+0.263
53.700	+7.709e+03	+2.047e+03	+9.451e+03	+0.210
53.800	+7.057e+03	+1.615e+03	+1.082e+04	+0.186
53.900	+7.770e+03	+2.939e+03	+8.884e+03	+0.274
54.000	+6.894e+03	+2.214e+03	+9.922e+03	+0.243
54.100	+7.866e+03	+2.147e+03	+1.012e+04	+0.214
54.200	+7.936e+03	+2.145e+03	+8.928e+03	+0.213
54.300	+8.268e+03	+2.596e+03	+1.073e+04	+0.239
54.400	+8.781e+03	+2.802e+03	+9.351e+03	+0.242
54.500	+7.179e+03	+1.574e+03	+1.036e+04	+0.180
54.600	+6.866e+03	+2.369e+03	+9.468e+03	+0.257
54.700	+6.726e+03	+2.315e+03	+1.091e+04	+0.256
54.800	+7.702e+03	+2.355e+03	+9.484e+03	+0.234
54.900	+7.601e+03	+2.766e+03	+1.021e+04	+0.267
55.000	+6.621e+03	+1.325e+03	+9.116e+03	+0.167
55.100	+6.569e+03	+3.053e+03	+1.086e+04	+0.317
55.200	+5.873e+03	+3.855e+03	+1.087e+04	+0.396
55.300	+5.762e+03	+6.547e+03	+9.433e+03	+0.532
55.400	+5.682e+03	+5.098e+03	+1.028e+04	+0.473
55.500	+4.940e+03	+5.432e+03	+1.084e+04	+0.524
55.600	+4.103e+03	+6.155e+03	+8.324e+03	+0.600
55.700	+5.531e+03	+5.144e+03	+8.475e+03	+0.482
55.800	+5.273e+03	+4.011e+03	+1.091e+04	+0.432
55.900	+4.009e+03	+5.658e+03	+8.786e+03	+0.585
56.000	+4.951e+03	+4.025e+03	+1.100e+04	+0.448
56.100	+4.571e+03	+5.388e+03	+1.148e+04	+0.541
56.200	+3.948e+03	+4.142e+03	+1.040e+04	+0.512
56.300	+3.786e+03	+4.328e+03	+9.593e+03	+0.533
56.400	+4.094e+03	+6.241e+03	+9.583e+03	+0.604
56.500	+4.133e+03	+4.649e+03	+1.023e+04	+0.529
56.600	+4.704e+03	+4.276e+03	+9.865e+03	+0.476
56.700	+6.829e+03	+1.901e+03	+1.010e+04	+0.218
56.800	+7.698e+03	+1.636e+03	+9.916e+03	+0.175
56.900	+6.757e+03	+3.845e+03	+9.732e+03	+0.363
57.000	+7.802e+03	+2.010e+03	+9.869e+03	+0.205
57.100	+7.893e+03	+2.864e+03	+1.011e+04	+0.266
57.200	+6.637e+03	+1.664e+03	+1.085e+04	+0.200
57.300	+7.648e+03	+3.179e+03	+1.062e+04	+0.294
57.400	+7.218e+03	+2.957e+03	+9.902e+03	+0.291
57.500	+6.052e+03	+3.823e+03	+1.001e+04	+0.387
57.600	+7.027e+03	+4.248e+03	+9.849e+03	+0.377
57.700	+8.088e+03	+2.720e+03	+9.429e+03	+0.252
57.800	+7.153e+03	+3.208e+03	+1.044e+04	+0.310
57.900	+5.065e+03	+4.257e+03	+1.003e+04	+0.457
58.000	+4.440e+03	+5.589e+03	+1.046e+04	+0.557
58.100	+5.074e+03	+5.053e+03	+9.871e+03	+0.499
58.200	+4.740e+03	+4.766e+03	+9.931e+03	+0.501
58.300	+5.959e+03	+6.173e+03	+1.157e+04	+0.509
58.400	+4.770e+03	+4.395e+03	+1.032e+04	+0.480
58.500	+4.411e+03	+6.406e+03	+1.036e+04	+0.592
58.600	+5.187e+03	+5.075e+03	+9.810e+03	+0.495
58.700	+5.524e+03	+4.970e+03	+1.081e+04	+0.474
58.800	+5.138e+03	+4.907e+03	+9.602e+03	+0.488
58.900	+5.310e+03	+5.005e+03	+9.701e+03	+0.485
59.000	+5.893e+03	+5.376e+03	+1.013e+04	+0.477
59.100	+5.485e+03	+4.985e+03	+9.884e+03	+0.476
59.200	+6.453e+03	+5.014e+03	+9.341e+03	+0.437
59.300	+4.114e+03	+5.876e+03	+1.021e+04	+0.588
59.400	+4.626e+03	+5.686e+03	+1.022e+04	+0.551
59.500	+4.314e+03	+5.832e+03	+9.691e+03	+0.575
59.600	+4.703e+03	+5.961e+03	+1.060e+04	+0.559
59.700	+4.032e+03	+5.736e+03	+1.098e+04	+0.587
59.800	+5.934e+03	+5.678e+03	+1.119e+04	+0.489
59.900	+5.440e+03	+5.534e+03	+1.021e+04	+0.504
60.000	+4.789e+03	+5.020e+03	+9.781e+03	+0.512
60.100	+4.609e+03	+4.736e+03	+1.081e+04	+0.507
60.200	+5.564e+03	+4.805e+03	+1.183e+04	+0.463
60.300	+8.098e+03	+3.064e+03	+1.037e+04	+0.274
60.400	+7.904e+03	+2.761e+03	+8.976e+03	+0.259
60.500	+7.350e+03	+2.966e+03	+9.635e+03	+0.288
60.600	+7.845e+03	+2.669e+03	+9.716e+03	+0.254
60.700	+8.885e+03	+2.794e+03	+8.832e+03	+0.239
60.800	+7.144e+03	+1.479e+03	+1.118e+04	+0.171
60.900	+7.515e+03	+2.508e+03	+1.051e+04	+0.250
61.000	+6.573e+03	+2.769e+03	+1.027e+04	+0.296
61.100	+7.659e+03	+2.476e+03	+9.819e+03	+0.244
61.200	+7.187e+03	+2.658e+03	+1.033e+04	+0.270
61.300	+7.499e+03	+2.373e+03	+9.411e+03	+0.240
61.400	+7.256e+03	+3.212e+03	+9.848e+03	+0.307
61.500	+7.788e+03	+2.005e+03	+9.544e+03	+0.205
61.600	+7.374e+03	+3.743e+03	+1.021e+04	+0.337
61.700	+7.230e+03	+3.604e+03	+9.634e+03	+0.333
61.800	+8.206e+03	+2.478e+03	+9.530e+03	+0.232
61.900	+7.070e+03	+3.606e+03	+8.970e+03	+0.338
62.000	+7.615e+03	+2.778e+03	+1.065e+04	+0.267
62.100	+9.905e+03	+1.607e+03	+9.997e+03	+0.140
62.200	+8.575e+03	+2.777e+03	+1.018e+04	+0.245
62.300	+7.675e+03	+2.321e+03	+8.921e+03	+0.232
62.400	+8.096e+03	+3.065e+03	+9.733e+03	+0.275
62.500	+7.827e+03	+2.664e+03	+1.018e+04	+0.254
62.600	+7.995e+03	+1.767e+03	+1.008e+04	+0.181
62.700	+9.148e+03	+1.104e+03	+1.053e+04	+0.108
62.800	+7.081e+03	+2.514e+03	+1.047e+04	+0.262
62.900	+6.285e+03	+3.392e+03	+9.877e+03	+0.350
63.000	+9.158e+03	+2.459e+03	+9.185e+03	+0.212
63.100	+6.828e+03	+1.734e+03	+1.018e+04	+0.203
63.200	+7.424e+03	+3.203e+03	+1.132e+04	+0.301
63.300	+8.070e+03	+2.443e+03	+1.018e+04	+0.232
63.400	+8.017e+03	+2.909e+03	+1.027e+04	+0.266
63.500	+6.611e+03	+3.928e+03	+1.004e+04	+0.373
63.600	+6.995e+03	+1.435e+03	+1.111e+04	+0.170
63.700	+7.518e+03	+2.527e+03	+1.138e+04	+0.252
63.800	+7.622e+03	+2.323e+03	+1.241e+04	+0.234
63.900	+7.166e+03	+2.738e+03	+9.742e+03	+0.276
64.000	+7.928e+03	+2.278e+03	+9.055e+03	+0.223
64.100	+6.102e+03	+2.385e+03	+1.108e+04	+0.281
64.200	+7.460e+03	+1.381e+03	+9.660e+03	+0.156
64.300	+6.995e+03	+2.519e+03	+1.119e+04	+0.265
64.400	+6.820e+03	+1.868e+03	+1.083e+04	+0.215
64.500	+7.191e+03	+2.956e+03	+9.618e+03	+0.291
64.600	+8.229e+03	+2.765e+03	+1.069e+04	+0.252
64.700	+7.339e+03	+1.258e+03	+1.070e+04	+0.146
64.800	+8.358e+03	+3.147e+03	+9.813e+03	+0.273
64.900	+8.269e+03	+3.469e+03	+1.038e+04	+0.296
65.000	+7.536e+03	+2.755e+03	+1.147e+04	+0.268
65.100	+7.153e+03	+1.679e+03	+1.062e+04	+0.190
65.200	+6.744e+03	+2.893e+03	+9.937e+03	+0.300
65.300	+7.988e+03	+2.762e+03	+8.963e+03	+0.257
65.400	+6.634e+03	+3.038e+03	+1.023e+04	+0.314
65.500	+6.557e+03	+2.438e+03	+1.047e+04	+0.271
65.600	+7.099e+03	+1.423e+03	+8.964e+03	+0.167
65.700	+7.058e+03	+3.242e+03	+1.002e+04	+0.315
65.800	+6.625e+03	+3.157e+03	+9.826e+03	+0.323
65.900	+6.924e+03	+3.701e+03	+1.021e+04	+0.348
66.000	+6.076e+03	+1.956e+03	+9.687e+03	+0.244
66.100	+8.184e+03	+2.846e+03	+9.838e+03	+0.258
66.200	+7.797e+03	+2.186e+03	+1.053e+04	+0.219
66.300	+7.966e+03	+2.962e+03	+1.008e+04	+0.271
66.400	+6.700e+03	+3.386e+03	+1.029e+04	+0.336
66.500	+7.366e+03	+1.170e+03	+1.025e+04	+0.137
66.600	+7.649e+03	+3.136e+03	+9.928e+03	+0.291
66.700	+6.895e+03	+2.427e+03	+1.012e+04	+0.260
66.800	+7.830e+03	+2.700e+03	+1.128e+04	+0.256
66.900	+7.491e+03	+3.386e+03	+1.089e+04	+0.311
67.000	+6.914e+03	+1.351e+03	+1.019e+04	+0.163
67.100	+7.880e+03	+2.007e+03	+9.128e+03	+0.203
67.200	+6.796e+03	+2.245e+03	+1.047e+04	+0.248
67.300	+7.085e+03	+2.772e+03	+1.008e+04	+0.281
67.400	+5.843e+03	+3.346e+03	+9.612e+03	+0.364
67.500	+7.266e+03	+1.636e+03	+9.021e+03	+0.184
67.600	+7.622e+03	+2.471e+03	+1.122e+04	+0.245
67.700	+8.420e+03	+2.376e+03	+9.641e+03	+0.220
67.800	+7.821e+03	+3.006e+03	+1.085e+04	+0.278
67.900	+7.870e+03	+1.854e+03	+9.883e+03	+0.191
68.000	+8.370e+03	+3.335e+03	+1.029e+04	+0.285
68.100	+7.634e+03	+3.570e+03	+9.391e+03	+0.319
68.200	+7.033e+03	+1.828e+03	+9.447e+03	+0.206
68.300	+8.632e+03	+4.080e+03	+1.005e+04	+0.321
68.400	+6.861e+03	+1.717e+03	+1.036e+04	+0.200
68.500	+7.721e+03	+2.897e+03	+9.896e+03	+0.273
68.600	+8.225e+03	+3.042e+03	+1.129e+04	+0.270
68.700	+8.311e+03	+2.451e+03	+1.039e+04	+0.228
68.800	+7.139e+03	+2.265e+03	+9.856e+03	+0.241
68.900	+9.069e+03	+1.367e+03	+9.469e+03	+0.131
69.000	+6.135e+03	+2.425e+03	+9.695e+03	+0.283
69.100	+8.468e+03	+2.548e+03	+8.817e+03	+0.231
69.200	+8.453e+03	+2.802e+03	+9.533e+03	+0.249
69.300	+7.779e+03	+2.485e+03	+1.017e+04	+0.242
69.400	+7.299e+03	+2.895e+03	+8.608e+03	+0.284
69.500	+6.965e+03	+3.987e+03	+8.767e+03	+0.364
69.600	+7.706e+03	+2.646e+03	+1.058e+04	+0.256
69.700	+7.920e+03	+2.835e+03	+1.110e+04	+0.264
69.800	+8.207e+03	+2.992e+03	+1.026e+04	+0.267
69.900	+8.556e+03	+2.523e+03	+1.042e+04	+0.228
70.000	+7.940e+03	+2.920e+03	+1.037e+04	+0.269
70.100	+8.321e+03	+3.329e+03	+9.739e+03	+0.286
70.200	+7.116e+03	+1.950e+03	+9.665e+03	+0.215
70.300	+7.549e+03	+2.849e+03	+8.709e+03	+0.274
70.400	+7.185e+03	+1.794e+03	+1.029e+04	+0.200
70.500	+7.025e+03	+2.225e+03	+9.482e+03	+0.241
70.600	+7.924e+03	+2.731e+03	+1.009e+04	+0.256
70.700	+6.995e+03	+1.084e+03	+1.067e+04	+0.134
70.800	+8.368e+03	+2.549e+03	+1.021e+04	+0.234
70.900	+7.272e+03	+2.378e+03	+9.107e+03	+0.246
71.000	+7.984e+03	+9.247e+02	+1.057e+04	+0.104
71.100	+7.862e+03	+2.805e+03	+9.482e+03	+0.263
71.200	+7.513e+03	+1.667e+03	+9.469e+03	+0.182
71.300	+5.879e+03	+2.327e+03	+8.469e+03	+0.284
71.400	+7.911e+03	+1.567e+03	+9.894e+03	+0.165
71.500	+7.384e+03	+2.500e+03	+1.072e+04	+0.253
71.600	+7.153e+03	+2.454e+03	+1.113e+04	+0.255
71.700	+8.247e+03	+1.668e+03	+9.947e+03	+0.168
71.800	+7.222e+03	+1.992e+03	+1.055e+04	+0.216
71.900	+7.370e+03	+1.803e+03	+1.003e+04	+0.197
72.000	+6.266e+03	+1.973e+03	+1.012e+04	+0.239
72.100	+7.169e+03	+2.340e+03	+1.043e+04	+0.246
72.200	+7.149e+03	+2.335e+03	+1.052e+04	+0.246
72.300	+6.506e+03	+2.520e+03	+1.186e+04	+0.279
72.400	+8.563e+03	+2.648e+03	+9.550e+03	+0.236
72.500	+8.112e+03	+1.739e+03	+1.019e+04	+0.177
72.600	+6.990e+03	+2.864e+03	+1.005e+04	+0.291
72.700	+6.065e+03	+2.223e+03	+9.786e+03	+0.268
72.800	+8.688e+03	+2.853e+03	+1.106e+04	+0.247
72.900	+7.050e+03	+2.230e+03	+1.002e+04	+0.240
73.000	+6.298e+03	+1.937e+03	+1.056e+04	+0.235
73.100	+7.487e+03	+2.602e+03	+9.394e+03	+0.258
73.200	+6.910e+03	+3.228e+03	+1.035e+04	+0.318
73.300	+6.510e+03	+8.634e+02	+9.514e+03	+0.117
73.400	+8.117e+03	+2.845e+03	+1.038e+04	+0.260
73.500	+6.471e+03	+2.467e+03	+1.033e+04	+0.276
73.600	+8.450e+03	+2.154e+03	+9.617e+03	+0.203
73.700	+7.813e+03	+2.783e+03	+1.060e+04	+0.263
73.800	+7.822e+03	+3.123e+03	+1.082e+04	+0.285
73.900	+7.431e+03	+2.241e+03	+1.093e+04	+0.232
74.000	+7.345e+03	+2.336e+03	+9.108e+03	+0.241
74.100	+8.783e+03	+3.330e+03	+8.883e+03	+0.275
74.200	+6.468e+03	+3.090e+03	+9.520e+03	+0.323
74.300	+7.622e+03	+1.727e+03	+8.123e+03	+0.185
74.400	+6.800e+03	+2.337e+03	+1.032e+04	+0.256
74.500	+7.249e+03	+3.009e+03	+1.013e+04	+0.293
74.600	+7.117e+03	+3.783e+03	+1.087e+04	+0.347
74.700	+7.924e+03	+2.108e+03	+9.608e+03	+0.210
74.800	+7.256e+03	+2.336e+03	+1.018e+04	+0.244
74.900	+7.175e+03	+2.194e+03	+9.939e+03	+0.234
75.000	+8.327e+03	+2.965e+03	+1.059e+04	+0.263
75.100	+7.073e+03	+3.171e+03	+1.036e+04	+0.310
75.200	+6.816e+03	+1.826e+03	+1.100e+04	+0.211
75.300	+7.050e+03	+3.055e+03	+8.912e+03	+0.302
75.400	+8.307e+03	+2.252e+03	+9.369e+03	+0.213
75.500	+6.729e+03	+1.925e+03	+1.118e+04	+0.222
75.600	+6.569e+03	+2.931e+03	+9.739e+03	+0.309
75.700	+6.648e+03	+2.727e+03	+1.034e+04	+0.291
75.800	+7.474e+03	+2.297e+03	+9.460e+03	+0.235
75.900	+7.235e+03	+2.994e+03	+9.618e+03	+0.293
76.000	+9.054e+03	+2.102e+03	+9.045e+03	+0.188
76.100	+9.264e+03	+2.447e+03	+1.039e+04	+0.209
76.200	+7.569e+03	+2.210e+03	+1.047e+04	+0.226
76.300	+7.970e+03	+3.791e+03	+1.036e+04	+0.322
76.400	+8.019e+03	+3.656e+03	+8.566e+03	+0.313
76.500	+6.894e+03	+2.735e+03	+1.111e+04	+0.284
76.600	+8.646e+03	+2.697e+03	+1.010e+04	+0.238
76.700	+6.767e+03	+3.795e+03	+1.086e+04	+0.359
76.800	+7.414e+03	+1.880e+03	+1.164e+04	+0.202
76.900	+8.690e+03	+1.419e+03	+9.378e+03	+0.140
77.000	+7.447e+03	+2.809e+03	+9.268e+03	+0.274
77.100	+7.480e+03	+2.044e+03	+9.548e+03	+0.215
77.200	+6.646e+03	+1.518e+03	+9.511e+03	+0.186
77.300	+8.345e+03	+2.121e+03	+9.475e+03	+0.203
77.400	+9.530e+03	+2.113e+03	+9.887e+03	+0.181
77.500	+8.573e+03	+1.614e+03	+1.087e+04	+0.158
77.600	+7.383e+03	+2.235e+03	+9.208e+03	+0.232
77.700	+7.478e+03	+4.424e+03	+9.790e+03	+0.372
77.800	+7.203e+03	+3.032e+03	+9.783e+03	+0.296
77.900	+7.148e+03	+2.289e+03	+1.028e+04	+0.243
78.000	+8.130e+03	+2.275e+03	+8.642e+03	+0.219
78.100	+8.150e+03	+2.614e+03	+9.914e+03	+0.243
78.200	+9.142e+03	+2.813e+03	+9.083e+03	+0.235
78.300	+7.912e+03	+1.943e+03	+1.050e+04	+0.197
78.400	+8.933e+03	+2.102e+03	+1.030e+04	+0.190
78.500	+6.953e+03	+2.728e+03	+1.099e+04	+0.282
78.600	+7.129e+03	+2.268e+03	+9.764e+03	+0.241
78.700	+8.172e+03	+1.891e+03	+9.783e+03	+0.188
78.800	+8.367e+03	+2.260e+03	+9.693e+03	+0.213
78.900	+8.212e+03	+2.660e+03	+1.080e+04	+0.245
79.000	+7.527e+03	+2.705e+03	+1.003e+04	+0.264
79.100	+8.134e+03	+2.278e+03	+9.209e+03	+0.219
79.200	+7.466e+03	+2.062e+03	+1.092e+04	+0.216
79.300	+7.497e+03	+3.802e+03	+9.476e+03	+0.337
79.400	+6.181e+03	+2.363e+03	+1.029e+04	+0.277
79.500	+7.469e+03	+2.433e+03	+1.036e+04	+0.246
79.600	+7.061e+03	+2.056e+03	+9.407e+03	+0.225
79.700	+8.123e+03	+1.687e+03	+9.837e+03	+0.172
79.800	+7.392e+03	+3.312e+03	+1.054e+04	+0.309
79.900	+7.824e+03	+1.120e+03	+1.006e+04	+0.125
80.000	+8.621e+03	+1.484e+03	+9.915e+03	+0.147
80.100	+8.016e+03	+1.411e+03	+1.064e+04	+0.150
80.200	+6.773e+03	+1.761e+03	+9.701e+03	+0.206
80.300	+7.058e+03	+3.960e+03	+9.618e+03	+0.359
80.400	+7.273e+03	+1.856e+03	+9.690e+03	+0.203
80.500	+6.733e+03	+2.270e+03	+9.942e+03	+0.252
80.600	+6.129e+03	+2.591e+03	+1.023e+04	+0.297
80.700	+7.507e+03	+2.047e+03	+1.081e+04	+0.214
80.800	+7.033e+03	+2.215e+03	+9.129e+03	+0.239
80.900	+8.277e+03	+2.447e+03	+9.589e+03	+0.228
81.000	+8.476e+03	+1.782e+03	+9.977e+03	+0.174
81.100	+8.225e+03	+2.621e+03	+1.062e+04	+0.242
81.200	+8.457e+03	+3.436e+03	+9.014e+03	+0.289
81.300	+7.854e+03	+2.876e+03	+1.107e+04	+0.268
81.400	+7.289e+03	+2.667e+03	+9.990e+03	+0.268
81.500	+8.174e+03	+8.546e+02	+1.049e+04	+0.095
81.600	+7.344e+03	+2.619e+03	+9.721e+03	+0.263
81.700	+6.910e+03	+2.743e+03	+1.171e+04	+0.284
81.800	+8.009e+03	+2.952e+03	+1.062e+04	+0.269
81.900	+7.797e+03	+2.660e+03	+1.162e+04	+0.254
82.000	+6.655e+03	+3.468e+03	+1.051e+04	+0.343
82.100	+7.901e+03	+2.322e+03	+1.041e+04	+0.227
82.200	+8.507e+03	+2.873e+03	+1.017e+04	+0.252
82.300	+7.276e+03	+2.199e+03	+9.113e+03	+0.232
82.400	+7.980e+03	+2.959e+03	+9.822e+03	+0.271
82.500	+6.814e+03	+1.543e+03	+1.047e+04	+0.185
82.600	+6.792e+03	+2.086e+03	+9.602e+03	+0.235
82.700	+8.378e+03	+2.690e+03	+9.804e+03	+0.243
82.800	+7.614e+03	+2.629e+03	+1.084e+04	+0.257
82.900	+7.846e+03	+3.269e+03	+9.609e+03	+0.294
83.000	+6.277e+03	+1.247e+03	+9.616e+03	+0.166
83.100	+8.218e+03	+2.827e+03	+1.024e+04	+0.256
83.200	+7.555e+03	+2.438e+03	+1.070e+04	+0.244
83.300	+7.347e+03	+1.613e+03	+8.651e+03	+0.180
83.400	+8.469e+03	+1.813e+03	+1.187e+04	+0.176
83.500	+6.600e+03	+3.760e+03	+1.004e+04	+0.363
83.600	+9.770e+03	+3.736e+03	+9.860e+03	+0.277
83.700	+7.756e+03	+1.823e+03	+1.057e+04	+0.190
83.800	+7.076e+03	+2.641e+03	+9.543e+03	+0.272
83.900	+6.822e+03	+2.994e+03	+1.026e+04	+0.305
84.000	+7.317e+03	+2.813e+03	+9.571e+03	+0.278
84.100	+7.549e+03	+1.592e+03	+1.031e+04	+0.174
84.200	+7.396e+03	+1.922e+03	+1.037e+04	+0.206
84.300	+6.673e+03	+3.033e+03	+9.790e+03	+0.313
84.400	+7.690e+03	+2.827e+03	+8.808e+03	+0.269
84.500	+7.920e+03	+3.210e+03	+1.032e+04	+0.288
84.600	+5.854e+03	+1.968e+03	+1.074e+04	+0.252
84.700	+8.756e+03	+2.035e+03	+1.163e+04	+0.189
84.800	+7.778e+03	+3.408e+03	+9.649e+03	+0.305
84.900	+7.697e+03	+2.399e+03	+1.054e+04	+0.238
85.000	+7.408e+03	+2.328e+03	+1.035e+04	+0.239
85.100	+7.864e+03	+3.563e+03	+1.116e+04	+0.312
85.200	+6.118e+03	+4.102e+03	+9.168e+03	+0.401
85.300	+5.227e+03	+4.361e+03	+1.118e+04	+0.455
85.400	+5.215e+03	+6.504e+03	+9.418e+03	+0.555
85.500	+4.624e+03	+4.807e+03	+9.284e+03	+0.510
85.600	+4.958e+03	+5.962e+03	+9.671e+03	+0.546
85.700	+4.775e+03	+4.943e+03	+1.011e+04	+0.509
85.800	+6.238e+03	+5.373e+03	+9.369e+03	+0.463
85.900	+4.855e+03	+4.274e+03	+1.041e+04	+0.468
86.000	+4.586e+03	+4.388e+03	+1.058e+04	+0.489
86.100	+4.197e+03	+4.995e+03	+1.063e+04	+0.543
86.200	+4.506e+03	+5.119e+03	+9.271e+03	+0.532
86.300	+5.581e+03	+5.361e+03	+1.043e+04	+0.490
86.400	+4.823e+03	+4.565e+03	+1.030e+04	+0.486
86.500	+3.572e+03	+4.674e+03	+1.037e+04	+0.567
86.600	+5.045e+03	+4.443e+03	+1.097e+04	+0.468
86.700	+6.163e+03	+5.877e+03	+1.027e+04	+0.488
86.800	+6.269e+03	+4.931e+03	+1.094e+04	+0.440
86.900	+4.995e+03	+4.629e+03	+8.931e+03	+0.481
87.000	+4.016e+03	+4.054e+03	+9.423e+03	+0.502
87.100	+5.032e+03	+5.478e+03	+1.032e+04	+0.521
87.200	+4.848e+03	+5.227e+03	+1.032e+04	+0.519
87.300	+2.620e+03	+4.620e+03	+9.887e+03	+0.638
87.400	+6.632e+03	+2.466e+03	+8.450e+03	+0.271
87.500	+5.337e+03	+3.061e+03	+1.080e+04	+0.364
87.600	+6.554e+03	+2.286e+03	+9.606e+03	+0.259
87.700	+7.282e+03	+1.804e+03	+9.816e+03	+0.199
87.800	+7.366e+03	+2.783e+03	+1.035e+04	+0.274
87.900	+6.179e+03	+2.490e+03	+9.100e+03	+0.287
88.000	+7.517e+03	+2.858e+03	+9.262e+03	+0.275
88.100	+7.036e+03	+2.613e+03	+9.398e+03	+0.271
88.200	+8.204e+03	+1.756e+03	+1.169e+04	+0.176
88.300	+7.322e+03	+2.411e+03	+1.030e+04	+0.248
88.400	+8.069e+03	+2.419e+03	+9.469e+03	+0.231
88.500	+6.594e+03	+2.454e+03	+1.009e+04	+0.271
88.600	+8.380e+03	+2.606e+03	+9.708e+03	+0.237
88.700	+6.859e+03	+2.346e+03	+1.051e+04	+0.255
88.800	+9.331e+03	+2.901e+03	+1.023e+04	+0.237
88.900	+4.959e+03	+4.576e+03	+1.133e+04	+0.480
89.000	+4.417e+03	+5.185e+03	+1.021e+04	+0.540
89.100	+5.861e+03	+4.801e+03	+9.993e+03	+0.450
89.200	+5.799e+03	+4.801e+03	+1.097e+04	+0.453
89.300	+6.194e+03	+3.757e+03	+9.696e+03	+0.378
89.400	+5.395e+03	+5.093e+03	+9.174e+03	+0.486
89.500	+5.036e+03	+5.146e+03	+8.880e+03	+0.505
89.600	+4.598e+03	+5.048e+03	+9.401e+03	+0.523
89.700	+5.497e+03	+4.418e+03	+1.057e+04	+0.446
89.800	+5.200e+03	+5.066e+03	+9.169e+03	+0.493
89.900	+4.691e+03	+6.068e+03	+8.690e+03	+0.564
90.000	+3.752e+03	+4.983e+03	+1.004e+04	+0.570
90.100	+4.189e+03	+5.299e+03	+9.891e+03	+0.559
90.200	+4.723e+03	+5.443e+03	+9.170e+03	+0.535
90.300	+4.364e+03	+3.733e+03	+9.186e+03	+0.461
90.400	+5.139e+03	+5.236e+03	+1.059e+04	+0.505
90.500	+5.607e+03	+5.274e+03	+9.602e+03	+0.485
90.600	+4.239e+03	+5.407e+03	+9.699e+03	+0.561
90.700	+4.990e+03	+4.527e+03	+9.988e+03	+0.476
90.800	+3.376e+03	+4.772e+03	+9.901e+03	+0.586
90.900	+4.831e+03	+5.352e+03	+1.049e+04	+0.526
91.000	+4.429e+03	+6.011e+03	+1.115e+04	+0.576
91.100	+4.745e+03	+5.495e+03	+1.017e+04	+0.537
91.200	+4.885e+03	+4.882e+03	+1.050e+04	+0.500
91.300	+5.554e+03	+4.386e+03	+1.042e+04	+0.441
91.400	+4.599e+03	+4.352e+03	+9.662e+03	+0.486
91.500	+5.191e+03	+5.045e+03	+1.070e+04	+0.493
91.600	+4.576e+03	+4.080e+03	+1.055e+04	+0.471
91.700	+5.276e+03	+5.274e+03	+1.003e+04	+0.500
91.800	+5.663e+03	+4.955e+03	+8.746e+03	+0.467
91.900	+3.949e+03	+4.060e+03	+1.013e+04	+0.507
92.000	+4.851e+03	+5.365e+03	+1.056e+04	+0.525
92.100	+3.716e+03	+3.837e+03	+1.009e+04	+0.508
92.200	+5.278e+03	+4.269e+03	+9.299e+03	+0.447
92.300	+4.757e+03	+4.818e+03	+9.727e+03	+0.503
92.400	+5.947e+03	+4.625e+03	+1.033e+04	+0.437
92.500	+6.543e+03	+4.714e+03	+8.908e+03	+0.419
92.600	+5.804e+03	+5.265e+03	+1.029e+04	+0.476
92.700	+6.633e+03	+4.404e+03	+9.855e+03	+0.399
92.800	+3.782e+03	+5.164e+03	+9.735e+03	+0.577
92.900	+4.449e+03	+4.194e+03	+9.110e+03	+0.485
93.000	+4.718e+03	+3.678e+03	+1.143e+04	+0.438
93.100	+5.713e+03	+4.421e+03	+9.629e+03	+0.436
93.200	+4.808e+03	+3.760e+03	+9.067e+03	+0.439
93.300	+5.133e+03	+4.347e+03	+9.555e+03	+0.459
93.400	+4.848e+03	+5.414e+03	+1.036e+04	+0.528
93.500	+5.043e+03	+4.593e+03	+1.061e+04	+0.477
93.600	+5.383e+03	+4.842e+03	+9.275e+03	+0.474
93.700	+6.699e+03	+4.615e+03	+1.047e+04	+0.408
93.800	+4.909e+03	+4.215e+03	+9.508e+03	+0.462
93.900	+4.783e+03	+5.555e+03	+9.694e+03	+0.537
94.000	+5.444e+03	+5.479e+03	+9.298e+03	+0.502
94.100	+5.296e+03	+5.666e+03	+1.027e+04	+0.517
94.200	+4.871e+03	+4.192e+03	+9.594e+03	+0.463
94.300	+4.018e+03	+5.493e+03	+1.111e+04	+0.578
94.400	+5.979e+03	+5.502e+03	+1.047e+04	+0.479
94.500	+4.974e+03	+6.088e+03	+9.576e+03	+0.550
94.600	+4.524e+03	+5.334e+03	+8.541e+03	+0.541
94.700	+5.415e+03	+4.751e+03	+9.758e+03	+0.467
94.800	+4.794e+03	+5.113e+03	+9.850e+03	+0.516
94.900	+5.825e+03	+4.771e+03	+1.055e+04	+0.450
95.000	+4.615e+03	+4.131e+03	+8.881e+03	+0.472
95.100	+6.378e+03	+4.453e+03	+1.077e+04	+0.411
95.200	+5.178e+03	+5.207e+03	+1.035e+04	+0.501
95.300	+4.938e+03	+5.199e+03	+9.764e+03	+0.513
95.400	+4.804e+03	+4.284e+03	+1.045e+04	+0.471
95.500	+4.917e+03	+7.318e+03	+1.093e+04	+0.598
95.600	+5.247e+03	+5.047e+03	+9.748e+03	+0.490
95.700	+4.645e+03	+5.235e+03	+1.041e+04	+0.530
95.800	+5.462e+03	+4.879e+03	+1.044e+04	+0.472
95.900	+3.317e+03	+5.115e+03	+1.021e+04	+0.607
96.000	+5.292e+03	+4.637e+03	+1.035e+04	+0.467
96.100	+5.212e+03	+4.754e+03	+1.048e+04	+0.477
96.200	+5.628e+03	+4.728e+03	+9.369e+03	+0.457
96.300	+4.281e+03	+4.797e+03	+9.469e+03	+0.528
96.400	+4.272e+03	+5.667e+03	+1.055e+04	+0.570
96.500	+5.096e+03	+5.491e+03	+9.199e+03	+0.519
96.600	+4.114e+03	+4.372e+03	+8.567e+03	+0.515
96.700	+4.181e+03	+5.376e+03	+8.832e+03	+0.563
96.800	+4.878e+03	+5.591e+03	+1.017e+04	+0.534
96.900	+3.982e+03	+5.347e+03	+1.011e+04	+0.573
97.000	+5.283e+03	+4.805e+03	+8.950e+03	+0.476
97.100	+5.705e+03	+4.211e+03	+1.069e+04	+0.425
97.200	+5.841e+03	+4.532e+03	+8.501e+03	+0.437
97.300	+4.257e+03	+4.287e+03	+1.005e+04	+0.502
97.400	+4.560e+03	+5.395e+03	+9.061e+03	+0.542
97.500	+4.986e+03	+4.779e+03	+1.033e+04	+0.489
97.600	+4.656e+03	+5.535e+03	+9.959e+03	+0.543
97.700	+4.818e+03	+4.174e+03	+1.009e+04	+0.464
97.800	+4.753e+03	+5.943e+03	+9.920e+03	+0.556
97.900	+4.702e+03	+5.942e+03	+1.059e+04	+0.558
98.000	+4.361e+03	+4.668e+03	+9.956e+03	+0.517
98.100	+4.565e+03	+5.051e+03	+1.112e+04	+0.525
98.200	+5.263e+03	+5.259e+03	+8.182e+03	+0.500
98.300	+4.404e+03	+4.507e+03	+9.570e+03	+0.506
98.400	+3.683e+03	+4.774e+03	+1.001e+04	+0.565
98.500	+5.050e+03	+4.526e+03	+9.508e+03	+0.473
98.600	+5.294e+03	+4.266e+03	+1.078e+04	+0.446
98.700	+4.200e+03	+5.052e+03	+1.028e+04	+0.546
98.800	+4.133e+03	+4.210e+03	+1.098e+04	+0.505
98.900	+4.498e+03	+5.067e+03	+9.295e+03	+0.530
99.000	+5.681e+03	+5.473e+03	+8.928e+03	+0.491
99.100	+4.798e+03	+4.199e+03	+1.118e+04	+0.467
99.200	+5.338e+03	+4.423e+03	+1.017e+04	+0.453
99.300	+5.198e+03	+4.583e+03	+9.583e+03	+0.469
99.400	+3.876e+03	+5.156e+03	+1.105e+04	+0.571
99.500	+5.817e+03	+5.510e+03	+1.060e+04	+0.486
99.600	+4.207e+03	+5.536e+03	+9.442e+03	+0.568
99.700	+6.519e+03	+4.512e+03	+8.744e+03	+0.409
99.800	+4.527e+03	+3.511e+03	+1.081e+04	+0.437
99.900	+5.159e+03	+5.848e+03	+8.026e+03	+0.531
100.000	+4.779e+03	+3.861e+03	+8.593e+03	+0.447
100.100	+4.542e+03	+4.897e+03	+1.036e+04	+0.519
100.200	+5.075e+03	+4.220e+03	+1.101e+04	+0.454
100.300	+6.075e+03	+3.885e+03	+1.079e+04	+0.390
100.400	+3.250e+03	+3.816e+03	+1.095e+04	+0.540
100.500	+5.258e+03	+6.088e+03	+1.074e+04	+0.537
100.600	+5.346e+03	+4.894e+03	+1.071e+04	+0.478
100.700	+5.819e+03	+4.960e+03	+1.087e+04	+0.460
100.800	+5.130e+03	+5.180e+03	+8.506e+03	+0.502
100.900	+4.569e+03	+5.176e+03	+9.880e+03	+0.531
101.000	+6.761e+03	+4.709e+03	+9.848e+03	+0.411
101.100	+4.562e+03	+3.874e+03	+1.052e+04	+0.459
101.200	+5.540e+03	+5.668e+03	+1.119e+04	+0.506
101.300	+5.518e+03	+5.115e+03	+9.686e+03	+0.481
101.400	+4.095e+03	+5.065e+03	+9.746e+03	+0.553
101.500	+5.364e+03	+4.788e+03	+8.994e+03	+0.472
101.600	+6.548e+03	+2.424e+03	+9.904e+03	+0.270
101.700	+7.577e+03	+2.842e+03	+9.780e+03	+0.273
101.800	+7.330e+03	+3.745e+03	+1.033e+04	+0.338
101.900	+8.550e+03	+2.569e+03	+1.006e+04	+0.231
102.000	+6.635e+03	+2.471e+03	+9.011e+03	+0.271
102.100	+8.075e+03	+2.448e+03	+9.679e+03	+0.233
102.200	+7.069e+03	+2.105e+03	+1.135e+04	+0.229
102.300	+7.148e+03	+2.716e+03	+9.950e+03	+0.275
102.400	+8.318e+03	+2.214e+03	+9.833e+03	+0.210
102.500	+6.958e+03	+3.733e+03	+1.012e+04	+0.349
102.600	+6.935e+03	+3.310e+03	+9.557e+03	+0.323
102.700	+8.038e+03	+2.463e+03	+8.883e+03	+0.235
102.800	+8.487e+03	+1.060e+03	+1.065e+04	+0.111
102.900	+6.971e+03	+2.544e+03	+8.951e+03	+0.267
103.000	+8.359e+03	+4.076e+03	+9.227e+03	+0.328
103.100	+6.114e+03	+2.468e+03	+1.026e+04	+0.288
103.200	+6.887e+03	+3.203e+03	+1.035e+04	+0.317
103.300	+8.397e+03	+4.068e+03	+1.003e+04	+0.326
103.400	+8.766e+03	+1.766e+03	+1.002e+04	+0.168
103.500	+7.463e+03	+3.692e+03	+1.049e+04	+0.331
103.600	+6.512e+03	+2.506e+03	+1.041e+04	+0.278
103.700	+6.031e+03	+2.674e+03	+9.714e+03	+0.307
103.800	+7.393e+03	+2.509e+03	+1.025e+04	+0.253
103.900	+7.797e+03	+8.475e+02	+8.948e+03	+0.098
104.000	+6.712e+03	+2.643e+03	+1.081e+04	+0.282
104.100	+6.880e+03	+2.288e+03	+1.062e+04	+0.250
104.200	+7.827e+03	+1.655e+03	+1.009e+04	+0.175
104.300	+8.048e+03	+1.881e+03	+9.839e+03	+0.189
104.400	+7.208e+03	+1.936e+03	+9.480e+03	+0.212
104.500	+7.412e+03	+2.876e+03	+9.789e+03	+0.280
104.600	+6.624e+03	+1.495e+03	+1.140e+04	+0.184
104.700	+6.901e+03	+3.151e+03	+1.026e+04	+0.313
104.800	+7.619e+03	+1.780e+03	+1.001e+04	+0.189
104.900	+8.383e+03	+3.213e+03	+9.731e+03	+0.277
105.000	+8.334e+03	+1.346e+03	+1.024e+04	+0.139
105.100	+8.927e+03	+2.637e+03	+8.997e+03	+0.228
105.200	+8.292e+03	+3.093e+03	+9.713e+03	+0.272
105.300	+7.712e+03	+3.372e+03	+1.097e+04	+0.304
105.400	+7.202e+03	+3.310e+03	+1.064e+04	+0.315
105.500	+7.016e+03	+2.470e+03	+9.639e+03	+0.260
105.600	+6.866e+03	+2.341e+03	+1.098e+04	+0.254
105.700	+6.868e+03	+2.048e+03	+1.056e+04	+0.230
105.800	+7.413e+03	+1.585e+03	+9.726e+03	+0.176
105.900	+8.267e+03	+2.818e+03	+1.035e+04	+0.254
106.000	+7.033e+03	+1.992e+03	+9.140e+03	+0.221
106.100	+6.922e+03	+2.545e+03	+9.229e+03	+0.269
106.200	+7.821e+03	+1.876e+03	+9.488e+03	+0.193
106.300	+8.815e+03	+2.110e+03	+9.714e+03	+0.193
106.400	+7.508e+03	+1.823e+03	+1.073e+04	+0.195
106.500	+7.253e+03	+1.355e+03	+1.114e+04	+0.157
106.600	+6.597e+03	+2.920e+03	+1.045e+04	+0.307
106.700	+7.649e+03	+2.905e+03	+9.734e+03	+0.275
106.800	+7.144e+03	+3.704e+03	+1.161e+04	+0.341
106.900	+8.562e+03	+3.077e+03	+1.009e+04	+0.264
107.000	+6.809e+03	+2.752e+03	+9.755e+03	+0.288
107.100	+8.125e+03	+1.858e+03	+1.083e+04	+0.186
107.200	+8.049e+03	+3.500e+03	+9.520e+03	+0.303
107.300	+8.670e+03	+2.514e+03	+9.590e+03	+0.225
107.400	+7.693e+03	+2.401e+03	+8.786e+03	+0.238
107.500	+8.042e+03	+1.097e+03	+1.106e+04	+0.120
107.600	+7.184e+03	+1.982e+03	+1.005e+04	+0.216
107.700	+7.398e+03	+3.137e+03	+1.018e+04	+0.298
107.800	+8.627e+03	+2.521e+03	+1.018e+04	+0.226
107.900	+8.780e+03	+1.159e+03	+9.983e+03	+0.117
108.000	+8.038e+03	+2.279e+03	+9.864e+03	+0.221
108.100	+7.456e+03	+2.811e+03	+1.154e+04	+0.274
108.200	+7.921e+03	+3.117e+03	+1.075e+04	+0.282
108.300	+8.369e+03	+3.037e+03	+9.398e+03	+0.266
108.400	+7.856e+03	+2.764e+03	+9.799e+03	+0.260
108.500	+7.691e+03	+3.011e+03	+9.590e+03	+0.281
108.600	+6.408e+03	+3.466e+03	+1.064e+04	+0.351
108.700	+7.162e+03	+3.182e+03	+9.227e+03	+0.308
108.800	+7.666e+03	+1.709e+03	+9.405e+03	+0.182
108.900	+7.749e+03	+2.897e+03	+1.115e+04	+0.272
109.000	+6.835e+03	+4.268e+03	+1.010e+04	+0.384
109.100	+6.606e+03	+3.363e+03	+1.047e+04	+0.337
109.200	+7.663e+03	+2.396e+03	+9.673e+03	+0.238
109.300	+7.038e+03	+2.406e+03	+8.587e+03	+0.255
109.400	+8.960e+03	+2.546e+03	+1.014e+04	+0.221
109.500	+7.593e+03	+2.167e+03	+9.722e+03	+0.222
109.600	+7.258e+03	+2.715e+03	+1.012e+04	+0.272
109.700	+4.891e+03	+4.227e+03	+1.046e+04	+0.464
109.800	+2.988e+03	+8.200e+03	+9.563e+03	+0.733
109.900	+1.974e+03	+7.985e+03	+9.934e+03	+0.802
110.000	+1.894e+03	+8.580e+03	+9.626e+03	+0.819
110.100	+1.839e+03	+6.827e+03	+1.018e+04	+0.788
110.200	+1.770e+03	+7.961e+03	+9.963e+03	+0.818
110.300	+2.008e+03	+7.278e+03	+9.160e+03	+0.784
110.400	+2.393e+03	+7.801e+03	+1.029e+04	+0.765
110.500	+2.072e+03	+8.610e+03	+1.005e+04	+0.806
110.600	+1.702e+03	+7.472e+03	+9.898e+03	+0.815
110.700	+1.536e+03	+8.790e+03	+9.949e+03	+0.851
110.800	+2.163e+03	+8.283e+03	+1.030e+04	+0.793
110.900	+2.410e+03	+6.807e+03	+1.056e+04	+0.739
111.000	+3.206e+03	+9.297e+03	+1.073e+04	+0.744
111.100	+3.205e+03	+8.243e+03	+9.815e+03	+0.720
111.200	+7.554e+02	+8.159e+03	+9.750e+03	+0.915
111.300	+1.377e+03	+7.808e+03	+8.651e+03	+0.850
111.400	+2.450e+03	+9.031e+03	+9.564e+03	+0.787
111.500	+2.296e+03	+7.501e+03	+1.032e+04	+0.766
111.600	+2.513e+03	+9.428e+03	+1.062e+04	+0.790
111.700	+1.793e+03	+7.548e+03	+1.039e+04	+0.808
111.800	+2.888e+03	+8.057e+03	+9.899e+03	+0.736
111.900	+1.867e+03	+8.567e+03	+9.681e+03	+0.821
112.000	+3.107e+03	+7.577e+03	+1.145e+04	+0.709
112.100	+2.613e+03	+8.668e+03	+9.708e+03	+0.768
112.200	+3.112e+03	+7.978e+03	+1.128e+04	+0.719
112.300	+1.748e+03	+8.464e+03	+1.063e+04	+0.829
112.400	+1.816e+03	+6.351e+03	+9.441e+03	+0.778
112.500	+1.902e+03	+9.081e+03	+9.899e+03	+0.827
112.600	+2.482e+03	+8.619e+03	+1.025e+04	+0.776
112.700	+1.199e+03	+5.972e+03	+9.886e+03	+0.833
112.800	+1.685e+03	+8.157e+03	+1.015e+04	+0.829
112.900	+2.431e+03	+6.558e+03	+9.104e+03	+0.730
113.000	+1.394e+03	+9.212e+03	+1.051e+04	+0.869
113.100	+1.643e+03	+7.886e+03	+9.534e+03	+0.828
113.200	+1.978e+03	+7.143e+03	+8.590e+03	+0.783
113.300	+2.207e+03	+7.918e+03	+9.905e+03	+0.782
113.400	+1.286e+03	+7.762e+03	+1.014e+04	+0.858
113.500	+1.495e+03	+8.435e+03	+1.013e+04	+0.849
113.600	+2.071e+03	+7.662e+03	+9.789e+03	+0.787
113.700	+4.162e+03	+5.528e+03	+1.068e+04	+0.571
113.800	+4.350e+03	+5.676e+03	+9.431e+03	+0.566
113.900	+6.350e+03	+2.418e+03	+9.972e+03	+0.276
114.000	+6.092e+03	+2.653e+03	+9.615e+03	+0.303
114.100	+7.128e+03	+2.942e+03	+1.018e+04	+0.292
114.200	+5.139e+03	+2.416e+03	+9.888e+03	+0.320
114.300	+7.047e+03	+3.690e+03	+1.065e+04	+0.344
114.400	+7.285e+03	+2.974e+03	+1.007e+04	+0.290
114.500	+7.541e+03	+2.357e+03	+9.934e+03	+0.238
114.600	+9.272e+03	+2.600e+03	+9.688e+03	+0.219
114.700	+7.667e+03	+2.828e+03	+9.440e+03	+0.269
114.800	+7.346e+03	+2.194e+03	+1.135e+04	+0.230
114.900	+6.351e+03	+2.473e+03	+1.197e+04	+0.280
115.000	+8.296e+03	+2.479e+03	+1.006e+04	+0.230
115.100	+7.555e+03	+2.579e+03	+8.743e+03	+0.254
115.200	+8.230e+03	+1.743e+03	+9.167e+03	+0.175
115.300	+8.717e+03	+2.998e+03	+1.071e+04	+0.256
115.400	+7.530e+03	+3.182e+03	+1.008e+04	+0.297
115.500	+8.163e+03	+3.686e+03	+1.048e+04	+0.311
115.600	+8.244e+03	+2.842e+03	+1.028e+04	+0.256
115.700	+8.479e+03	+3.147e+03	+9.056e+03	+0.271
115.800	+8.448e+03	+2.021e+03	+1.031e+04	+0.193
115.900	+8.146e+03	+2.709e+03	+9.981e+03	+0.250
116.000	+6.886e+03	+2.482e+03	+1.123e+04	+0.265
116.100	+8.075e+03	+1.842e+03	+9.881e+03	+0.186
116.200	+7.462e+03	+2.599e+03	+1.036e+04	+0.258
116.300	+8.792e+03	+2.606e+03	+1.062e+04	+0.229
116.400	+6.861e+03	+2.881e+03	+9.265e+03	+0.296
116.500	+6.776e+03	+3.552e+03	+1.003e+04	+0.344
116.600	+8.899e+03	+1.799e+03	+9.410e+03	+0.168
116.700	+7.147e+03	+2.029e+03	+9.781e+03	+0.221
116.800	+7.466e+03	+2.875e+03	+1.063e+04	+0.278
116.900	+6.446e+03	+2.368e+03	+1.013e+04	+0.269
117.000	+6.787e+03	+2.021e+03	+1.027e+04	+0.229
117.100	+8.164e+03	+3.021e+03	+1.063e+04	+0.270
117.200	+6.527e+03	+2.912e+03	+9.506e+03	+0.308
117.300	+7.406e+03	+3.197e+03	+9.273e+03	+0.302
117.400	+9.115e+03	+2.218e+03	+1.053e+04	+0.196
117.500	+8.444e+03	+2.794e+03	+1.068e+04	+0.249
117.600	+8.206e+03	+2.051e+03	+1.067e+04	+0.200
117.700	+8.089e+03	+2.717e+03	+8.262e+03	+0.251
117.800	+5.393e+03	+5.219e+03	+9.920e+03	+0.492
117.900	+2.544e+03	+8.739e+03	+1.037e+04	+0.775
118.000	+2.250e+03	+8.046e+03	+9.488e+03	+0.781
118.100	+2.391e+03	+7.476e+03	+1.008e+04	+0.758
118.200	+3.084e+03	+6.756e+03	+1.069e+04	+0.687
118.300	+2.892e+03	+7.855e+03	+1.020e+04	+0.731
118.400	+2.168e+03	+8.359e+03	+1.018e+04	+0.794
118.500	+1.910e+03	+8.093e+03	+1.028e+04	+0.809
118.600	+2.703e+03	+8.751e+03	+1.181e+04	+0.764
118.700	+2.433e+03	+7.401e+03	+1.034e+04	+0.753
118.800	+2.788e+03	+9.280e+03	+1.019e+04	+0.769
118.900	+1.430e+03	+8.114e+03	+8.582e+03	+0.850
119.000	+8.781e+02	+7.309e+03	+8.351e+03	+0.893
119.100	+2.417e+03	+8.320e+03	+1.050e+04	+0.775
119.200	+2.927e+03	+8.906e+03	+1.003e+04	+0.753
119.300	+1.048e+03	+8.637e+03	+1.095e+04	+0.892
119.400	+3.132e+03	+8.421e+03	+1.142e+04	+0.729
119.500	+2.974e+03	+8.090e+03	+1.138e+04	+0.731
119.600	+1.038e+03	+7.494e+03	+1.012e+04	+0.878
119.700	+2.135e+03	+7.498e+03	+9.404e+03	+0.778
119.800	+2.887e+03	+8.372e+03	+8.857e+03	+0.744
119.900	+2.269e+03	+8.743e+03	+1.009e+04	+0.794
120.000	+3.505e+03	+8.793e+03	+1.017e+04	+0.715
120.100	+2.103e+03	+6.952e+03	+1.063e+04	+0.768
120.200	+2.419e+03	+7.409e+03	+1.005e+04	+0.754
120.300	+3.165e+03	+8.557e+03	+1.085e+04	+0.730
120.400	+1.357e+03	+6.432e+03	+1.073e+04	+0.826
120.500	+2.139e+03	+7.547e+03	+1.019e+04	+0.779
120.600	+3.181e+03	+7.601e+03	+9.837e+03	+0.705
120.700	+1.881e+03	+9.209e+03	+1.105e+04	+0.830
120.800	+1.942e+03	+8.779e+03	+1.034e+04	+0.819
120.900	+1.549e+03	+6.519e+03	+9.995e+03	+0.808
121.000	+1.690e+03	+6.293e+03	+9.786e+03	+0.788
121.100	+2.754e+03	+7.812e+03	+9.049e+03	+0.739
121.200	+1.975e+03	+8.305e+03	+9.590e+03	+0.808
121.300	+2.193e+03	+8.651e+03	+9.583e+03	+0.798
121.400	+2.094e+03	+8.992e+03	+9.802e+03	+0.811
121.500	+2.311e+03	+7.167e+03	+1.042e+04	+0.756
121.600	+1.555e+03	+7.785e+03	+1.038e+04	+0.834
121.700	+2.458e+03	+8.554e+03	+9.409e+03	+0.777
121.800	+1.961e+03	+7.228e+03	+9.968e+03	+0.787
121.900	+2.681e+03	+7.812e+03	+1.018e+04	+0.744
122.000	+2.162e+03	+8.544e+03	+9.612e+03	+0.798
122.100	+1.637e+03	+8.714e+03	+1.064e+04	+0.842
122.200	+1.784e+03	+8.068e+03	+8.434e+03	+0.819
122.300	+2.477e+03	+8.201e+03	+1.027e+04	+0.768
122.400	+1.286e+03	+7.232e+03	+1.136e+04	+0.849
122.500	+2.224e+03	+7.966e+03	+9.326e+03	+0.782
122.600	+2.978e+03	+7.361e+03	+1.071e+04	+0.712
122.700	+2.559e+03	+7.773e+03	+9.752e+03	+0.752
122.800	+1.845e+03	+9.479e+03	+9.169e+03	+0.837
122.900	+2.378e+03	+9.299e+03	+8.612e+03	+0.796
123.000	+2.313e+03	+8.977e+03	+1.097e+04	+0.795
123.100	+8.854e+02	+7.435e+03	+9.443e+03	+0.894
123.200	+2.553e+03	+8.573e+03	+1.038e+04	+0.771
123.300	+1.039e+03	+8.972e+03	+8.716e+03	+0.896
123.400	+2.752e+03	+7.712e+03	+1.003e+04	+0.737
123.500	+1.355e+03	+7.472e+03	+1.009e+04	+0.846
123.600	+1.770e+03	+8.532e+03	+1.027e+04	+0.828
123.700	+3.364e+03	+7.431e+03	+9.870e+03	+0.688
123.800	+2.110e+03	+7.732e+03	+1.083e+04	+0.786
123.900	+1.014e+03	+7.797e+03	+9.363e+03	+0.885
124.000	+1.666e+03	+7.384e+03	+1.086e+04	+0.816
124.100	+1.906e+03	+9.218e+03	+1.032e+04	+0.829
124.200	+2.791e+03	+7.586e+03	+9.792e+03	+0.731
124.300	+1.477e+03	+7.670e+03	+9.433e+03	+0.838
124.400	+3.921e+03	+8.153e+03	+1.037e+04	+0.675
124.500	+1.146e+03	+7.303e+03	+9.581e+03	+0.864
124.600	+1.447e+03	+7.117e+03	+8.943e+03	+0.831
124.700	+3.010e+03	+7.706e+03	+9.194e+03	+0.719
124.800	+1.869e+03	+7.666e+03	+9.332e+03	+0.804
124.900	+3.847e+02	+7.557e+03	+1.035e+04	+0.952
125.000	+2.835e+03	+7.513e+03	+9.699e+03	+0.726
125.100	+2.617e+03	+8.340e+03	+9.512e+03	+0.761
125.200	+2.354e+03	+7.523e+03	+1.105e+04	+0.762
125.300	+1.211e+03	+7.091e+03	+8.703e+03	+0.854
125.400	+1.069e+03	+7.620e+03	+1.057e+04	+0.877
125.500	+2.726e+03	+7.139e+03	+9.567e+03	+0.724
125.600	+9.283e+02	+9.084e+03	+9.935e+03	+0.907
125.700	+2.214e+03	+7.400e+03	+1.066e+04	+0.770
125.800	+1.130e+03	+8.157e+03	+9.989e+03	+0.878
125.900	+2.005e+03	+7.601e+03	+9.158e+03	+0.791
126.000	+1.907e+03	+7.760e+03	+9.468e+03	+0.803
126.100	+1.287e+03	+6.874e+03	+8.660e+03	+0.842
126.200	+2.905e+03	+7.512e+03	+1.011e+04	+0.721
126.300	+2.049e+03	+6.154e+03	+9.746e+03	+0.750
126.400	+7.177e+02	+8.100e+03	+1.018e+04	+0.919
126.500	+7.543e+02	+7.958e+03	+9.012e+03	+0.913
126.600	+2.267e+03	+8.207e+03	+9.835e+03	+0.784
126.700	+1.687e+03	+8.109e+03	+9.719e+03	+0.828
126.800	+2.048e+03	+7.661e+03	+9.592e+03	+0.789
126.900	+1.782e+03	+8.835e+03	+1.022e+04	+0.832
127.000	+2.265e+03	+7.660e+03	+9.838e+03	+0.772
127.100	+1.975e+03	+9.108e+03	+1.109e+04	+0.822
127.200	+2.628e+03	+8.209e+03	+1.084e+04	+0.758
127.300	+3.422e+03	+7.318e+03	+1.094e+04	+0.681
127.400	+5.542e+03	+4.623e+03	+1.116e+04	+0.455
127.500	+5.675e+03	+5.113e+03	+1.001e+04	+0.474
127.600	+4.858e+03	+4.702e+03	+9.782e+03	+0.492
127.700	+5.048e+03	+4.704e+03	+9.804e+03	+0.482
127.800	+5.451e+03	+4.624e+03	+1.198e+04	+0.459
127.900	+5.381e+03	+5.878e+03	+1.007e+04	+0.522
128.000	+6.060e+03	+6.315e+03	+1.018e+04	+0.510
128.100	+5.008e+03	+4.753e+03	+1.059e+04	+0.487
128.200	+7.814e+03	+1.951e+03	+1.053e+04	+0.200
128.300	+6.873e+03	+2.193e+03	+1.096e+04	+0.242
128.400	+8.289e+03	+2.844e+03	+1.009e+04	+0.255
128.500	+7.878e+03	+3.813e+03	+9.424e+03	+0.326
128.600	+6.997e+03	+2.296e+03	+1.074e+04	+0.247
128.700	+8.162e+03	+1.070e+03	+1.091e+04	+0.116
128.800	+8.391e+03	+2.280e+03	+1.019e+04	+0.214
128.900	+8.085e+03	+1.317e+03	+8.984e+03	+0.140
129.000	+7.548e+03	+2.036e+03	+1.173e+04	+0.212
129.100	+6.398e+03	+2.921e+03	+1.040e+04	+0.313
129.200	+7.791e+03	+3.581e+03	+1.068e+04	+0.315
129.300	+8.242e+03	+1.022e+03	+9.919e+03	+0.110
129.400	+8.590e+03	+2.824e+03	+1.066e+04	+0.247
129.500	+6.679e+03	+3.230e+03	+1.069e+04	+0.326
129.600	+8.010e+03	+1.776e+03	+1.035e+04	+0.181
129.700	+6.953e+03	+3.085e+03	+1.173e+04	+0.307
129.800	+6.227e+03	+1.476e+03	+1.161e+04	+0.192
129.900	+6.269e+03	+2.638e+03	+1.018e+04	+0.296
130.000	+6.986e+03	+2.056e+03	+1.037e+04	+0.227
130.100	+6.465e+03	+2.094e+03	+1.234e+04	+0.245
130.200	+7.237e+03	+3.172e+03	+1.003e+04	+0.305
130.300	+6.951e+03	+2.907e+03	+1.018e+04	+0.295
130.400	+7.994e+03	+2.513e+03	+1.161e+04	+0.239
130.500	+7.900e+03	+3.738e+03	+1.008e+04	+0.321
130.600	+7.624e+03	+2.187e+03	+1.098e+04	+0.223
130.700	+7.710e+03	+2.274e+03	+1.066e+04	+0.228
130.800	+7.665e+03	+1.329e+03	+9.872e+03	+0.148
130.900	+6.607e+03	+5.690e+02	+1.136e+04	+0.079
131.000	+6.664e+03	+3.064e+03	+8.784e+03	+0.315
131.100	+8.862e+03	+1.769e+03	+1.052e+04	+0.166
131.200	+9.063e+03	+3.349e+03	+9.348e+03	+0.270
131.300	+8.152e+03	+3.930e+03	+1.084e+04	+0.325
131.400	+6.832e+03	+3.677e+03	+9.959e+03	+0.350
131.500	+7.696e+03	+1.878e+03	+1.139e+04	+0.196
131.600	+7.994e+03	+3.915e+03	+8.972e+03	+0.329
131.700	+7.225e+03	+2.787e+03	+1.033e+04	+0.278
131.800	+6.369e+03	+2.819e+03	+1.056e+04	+0.307
131.900	+7.230e+03	+1.945e+03	+1.081e+04	+0.212
132.000	+8.851e+03	+1.432e+03	+1.000e+04	+0.139
132.100	+7.809e+03	+1.575e+03	+8.893e+03	+0.168
132.200	+8.030e+03	+3.636e+03	+1.039e+04	+0.312
132.300	+6.162e+03	+1.927e+03	+1.077e+04	+0.238
132.400	+7.747e+03	+4.149e+03	+9.625e+03	+0.349
132.500	+7.166e+03	+2.830e+03	+1.032e+04	+0.283
132.600	+7.218e+03	+3.249e+03	+1.010e+04	+0.310
132.700	+6.786e+03	+2.723e+03	+1.116e+04	+0.286
132.800	+7.394e+03	+2.150e+03	+1.068e+04	+0.225
132.900	+5.958e+03	+3.314e+03	+8.898e+03	+0.357
133.000	+7.464e+03	+2.767e+03	+1.019e+04	+0.270
133.100	+7.533e+03	+3.026e+03	+9.676e+03	+0.287
133.200	+6.533e+03	+3.901e+03	+1.122e+04	+0.374
133.300	+9.141e+03	+1.810e+03	+1.038e+04	+0.165
133.400	+7.162e+03	+2.753e+03	+9.875e+03	+0.278
133.500	+6.637e+03	+2.572e+03	+1.072e+04	+0.279
133.600	+5.692e+03	+1.080e+03	+1.033e+04	+0.160
133.700	+7.840e+03	+3.000e+03	+1.036e+04	+0.277
133.800	+6.971e+03	+2.251e+03	+1.078e+04	+0.244
133.900	+7.106e+03	+2.361e+03	+1.017e+04	+0.249
134.000	+6.185e+03	+2.095e+03	+9.112e+03	+0.253
134.100	+7.819e+03	+2.644e+03	+1.050e+04	+0.253
134.200	+7.142e+03	+2.908e+03	+1.069e+04	+0.289
134.300	+6.928e+03	+3.178e+03	+9.913e+03	+0.314
134.400	+8.424e+03	+2.201e+03	+1.186e+04	+0.207
134.500	+6.180e+03	+1.400e+03	+9.081e+03	+0.185
134.600	+7.992e+03	+2.475e+03	+9.576e+03	+0.236
134.700	+6.802e+03	+2.221e+03	+9.949e+03	+0.246
134.800	+7.606e+03	+3.780e+03	+1.029e+04	+0.332
134.900	+7.485e+03	+3.220e+03	+9.778e+03	+0.301
135.000	+7.796e+03	+1.140e+03	+1.105e+04	+0.128
135.100	+7.757e+03	+3.093e+03	+8.796e+03	+0.285
135.200	+7.918e+03	+3.007e+03	+8.459e+03	+0.275
135.300	+7.916e+03	+2.887e+03	+1.085e+04	+0.267
135.400	+6.492e+03	+2.366e+03	+1.045e+04	+0.267
135.500	+7.994e+03	+1.834e+03	+1.003e+04	+0.187
135.600	+7.768e+03	+2.915e+03	+8.059e+03	+0.273
135.700	+7.508e+03	+2.604e+03	+9.385e+03	+0.257
135.800	+8.470e+03	+1.253e+03	+9.846e+03	+0.129
135.900	+6.695e+03	+4.029e+03	+1.013e+04	+0.376
136.000	+7.413e+03	+2.784e+03	+1.073e+04	+0.273
136.100	+7.256e+03	+2.114e+03	+9.146e+03	+0.226
136.200	+7.748e+03	+2.138e+03	+1.036e+04	+0.216
136.300	+7.277e+03	+2.350e+03	+1.064e+04	+0.244
136.400	+8.112e+03	+2.613e+03	+1.009e+04	+0.244
136.500	+8.289e+03	+3.770e+03	+9.432e+03	+0.313
136.600	+9.382e+03	+2.728e+03	+1.063e+04	+0.225
136.700	+7.442e+03	+2.233e+03	+1.036e+04	+0.231
136.800	+6.650e+03	+3.678e+03	+1.009e+04	+0.356
136.900	+8.392e+03	+2.533e+03	+1.045e+04	+0.232
137.000	+7.003e+03	+2.097e+03	+1.017e+04	+0.230
137.100	+7.432e+03	+2.730e+03	+1.203e+04	+0.269
137.200	+8.071e+03	+3.204e+03	+9.229e+03	+0.284
137.300	+7.115e+03	+1.537e+03	+1.064e+04	+0.178
137.400	+7.409e+03	+3.245e+03	+1.017e+04	+0.305
137.500	+8.581e+03	+2.988e+03	+1.226e+04	+0.258
137.600	+7.292e+03	+3.402e+03	+1.044e+04	+0.318
137.700	+7.788e+03	+2.794e+03	+9.181e+03	+0.264
137.800	+7.533e+03	+2.703e+03	+1.073e+04	+0.264
137.900	+6.606e+03	+2.166e+03	+9.208e+03	+0.247
138.000	+7.863e+03	+2.573e+03	+1.011e+04	+0.247
138.100	+8.010e+03	+1.788e+03	+1.064e+04	+0.183
138.200	+8.285e+03	+1.862e+03	+9.698e+03	+0.183
138.300	+7.910e+03	+2.746e+03	+1.110e+04	+0.258
138.400	+7.181e+03	+5.913e+00	+9.583e+03	+0.001
138.500	+7.512e+03	+4.202e+03	+9.541e+03	+0.359
138.600	+8.647e+03	+2.517e+03	+1.101e+04	+0.225
138.700	+8.054e+03	+2.557e+03	+1.021e+04	+0.241
138.800	+8.146e+03	+2.306e+03	+9.523e+03	+0.221
138.900	+7.529e+03	+2.229e+03	+9.603e+03	+0.228
139.000	+7.275e+03	+2.856e+03	+1.093e+04	+0.282
139.100	+7.943e+03	+1.853e+03	+8.513e+03	+0.189
139.200	+7.534e+03	+1.760e+03	+1.025e+04	+0.189
139.300	+7.335e+03	+3.465e+03	+1.036e+04	+0.321
139.400	+5.183e+03	+4.685e+03	+1.123e+04	+0.475
139.500	+8.591e+03	+2.974e+03	+9.831e+03	+0.257
139.600	+7.011e+03	+3.331e+03	+1.017e+04	+0.322
139.700	+6.979e+03	+2.248e+03	+1.119e+04	+0.244
139.800	+7.760e+03	+2.326e+03	+9.806e+03	+0.231
139.900	+8.430e+03	+7.605e+02	+8.988e+03	+0.083
140.000	+7.356e+03	+1.903e+03	+9.548e+03	+0.205
140.100	+7.525e+03	+4.248e+03	+9.388e+03	+0.361
140.200	+7.501e+03	+2.168e+03	+9.375e+03	+0.224
140.300	+8.057e+03	+1.649e+03	+1.040e+04	+0.170
140.400	+8.863e+03	+2.277e+03	+9.343e+03	+0.204
140.500	+8.621e+03	+2.340e+03	+9.594e+03	+0.213
140.600	+6.739e+03	+2.799e+03	+1.142e+04	+0.293
140.700	+6.962e+03	+1.416e+03	+1.069e+04	+0.169
140.800	+6.867e+03	+2.094e+03	+1.087e+04	+0.234
140.900	+7.616e+03	+2.182e+03	+1.027e+04	+0.223
141.000	+8.192e+03	+2.129e+03	+9.455e+03	+0.206
141.100	+7.796e+03	+2.086e+03	+9.052e+03	+0.211
141.200	+7.957e+03	+3.045e+03	+1.066e+04	+0.277
141.300	+6.616e+03	+4.253e+03	+1.007e+04	+0.391
141.400	+8.267e+03	+2.671e+03	+1.187e+04	+0.244
141.500	+7.632e+03	+2.322e+03	+1.055e+04	+0.233
141.600	+6.787e+03	+2.526e+03	+1.003e+04	+0.271
141.700	+7.301e+03	+3.872e+03	+1.101e+04	+0.347
141.800	+6.564e+03	+2.838e+03	+9.534e+03	+0.302
141.900	+8.118e+03	+1.996e+03	+1.058e+04	+0.197
142.000	+7.041e+03	+3.376e+03	+9.756e+03	+0.324
142.100	+7.149e+03	+2.722e+03	+1.170e+04	+0.276
142.200	+8.689e+03	+2.773e+03	+9.891e+03	+0.242
142.300	+7.687e+03	+1.996e+03	+9.771e+03	+0.206
142.400	+8.168e+03	+2.568e+03	+8.211e+03	+0.239
142.500	+7.489e+03	+7.561e+02	+9.712e+03	+0.092
142.600	+6.895e+03	+1.928e+03	+1.091e+04	+0.218
142.700	+8.720e+03	+2.739e+03	+9.600e+03	+0.239
142.800	+6.435e+03	+2.327e+03	+9.501e+03	+0.266
142.900	+6.735e+03	+1.954e+03	+9.404e+03	+0.225
143.000	+6.893e+03	+1.763e+03	+1.010e+04	+0.204
143.100	+6.736e+03	+3.551e+03	+9.117e+03	+0.345
143.200	+7.994e+03	+3.786e+03	+1.089e+04	+0.321
143.300	+6.917e+03	+2.163e+03	+9.558e+03	+0.238
143.400	+7.669e+03	+2.808e+03	+1.060e+04	+0.268
143.500	+7.632e+03	+2.516e+03	+1.050e+04	+0.248
143.600	+7.296e+03	+2.123e+03	+9.523e+03	+0.225
143.700	+8.437e+03	+2.961e+03	+1.037e+04	+0.260
143.800	+8.546e+03	+1.504e+03	+9.998e+03	+0.150
143.900	+7.903e+03	+9.222e+02	+1.020e+04	+0.104
144.000	+7.205e+03	+3.378e+03	+1.099e+04	+0.319
144.100	+8.474e+03	+2.092e+03	+1.092e+04	+0.198
144.200	+7.638e+03	+2.963e+03	+1.080e+04	+0.280
144.300	+8.061e+03	+2.388e+03	+1.025e+04	+0.229
144.400	+7.621e+03	+2.935e+03	+1.004e+04	+0.278
144.500	+6.628e+03	+1.809e+03	+1.057e+04	+0.214
144.600	+7.321e+03	+2.026e+03	+9.983e+03	+0.217
144.700	+9.341e+03	+2.422e+03	+1.034e+04	+0.206
144.800	+7.703e+03	+2.684e+03	+1.015e+04	+0.258
144.900	+6.551e+03	+1.785e+03	+1.089e+04	+0.214
145.000	+7.800e+03	+3.391e+03	+1.021e+04	+0.303
145.100	+7.424e+03	+3.683e+03	+1.023e+04	+0.332
145.200	+7.388e+03	+1.797e+03	+9.660e+03	+0.196
145.300	+6.928e+03	+2.398e+03	+1.122e+04	+0.257
145.400	+7.131e+03	+3.082e+03	+9.665e+03	+0.302
145.500	+7.181e+03	+2.341e+03	+9.043e+03	+0.246
145.600	+8.379e+03	+3.837e+03	+9.921e+03	+0.314
145.700	+7.210e+03	+2.116e+03	+1.097e+04	+0.227
145.800	+9.697e+03	+4.387e+03	+1.034e+04	+0.311
145.900	+8.371e+03	+1.409e+03	+9.977e+03	+0.144
146.000	+7.826e+03	+3.064e+03	+9.253e+03	+0.281
146.100	+7.447e+03	+2.646e+03	+8.423e+03	+0.262
146.200	+7.582e+03	+1.748e+03	+1.066e+04	+0.187
146.300	+7.067e+03	+2.949e+03	+9.179e+03	+0.294
146.400	+7.139e+03	+3.532e+03	+1.049e+04	+0.331
146.500	+7.001e+03	+2.955e+03	+9.569e+03	+0.297
146.600	+7.280e+03	+2.203e+03	+9.867e+03	+0.232
146.700	+7.288e+03	+2.249e+03	+1.130e+04	+0.236
146.800	+5.723e+03	+2.455e+03	+9.600e+03	+0.300
146.900	+7.529e+03	+2.440e+03	+8.777e+03	+0.245
147.000	+4.211e+03	+5.330e+03	+9.770e+03	+0.559
147.100	+5.058e+03	+5.137e+03	+9.611e+03	+0.504
147.200	+5.352e+03	+4.484e+03	+9.545e+03	+0.456
147.300	+4.705e+03	+5.478e+03	+1.064e+04	+0.538
147.400	+5.438e+03	+4.943e+03	+9.965e+03	+0.476
147.500	+5.010e+03	+5.366e+03	+1.101e+04	+0.517
147.600	+6.026e+03	+5.583e+03	+9.457e+03	+0.481
147.700	+3.975e+03	+3.528e+03	+9.436e+03	+0.470
147.800	+4.157e+03	+5.022e+03	+9.502e+03	+0.547
147.900	+4.338e+03	+4.533e+03	+1.104e+04	+0.511
148.000	+5.331e+03	+4.913e+03	+1.072e+04	+0.480
148.100	+4.711e+03	+6.141e+03	+1.069e+04	+0.566
148.200	+5.058e+03	+4.570e+03	+1.046e+04	+0.475
148.300	+4.978e+03	+4.675e+03	+9.377e+03	+0.484
148.400	+3.447e+03	+5.981e+03	+1.107e+04	+0.634
148.500	+5.029e+03	+5.387e+03	+1.014e+04	+0.517
148.600	+3.632e+03	+4.857e+03	+9.876e+03	+0.572
148.700	+5.699e+03	+5.785e+03	+9.943e+03	+0.504
148.800	+3.878e+03	+4.472e+03	+1.012e+04	+0.536
148.900	+4.295e+03	+5.564e+03	+1.061e+04	+0.564
149.000	+5.119e+03	+5.311e+03	+9.481e+03	+0.509
149.100	+4.109e+03	+5.517e+03	+9.421e+03	+0.573
149.200	+5.843e+03	+4.292e+03	+9.886e+03	+0.424
149.300	+6.067e+03	+4.518e+03	+1.116e+04	+0.427
149.400	+4.420e+03	+5.054e+03	+1.018e+04	+0.533
149.500	+4.303e+03	+4.753e+03	+9.263e+03	+0.525
149.600	+4.287e+03	+5.404e+03	+9.995e+03	+0.558
149.700	+4.268e+03	+6.030e+03	+1.031e+04	+0.586
149.800	+4.723e+03	+4.938e+03	+1.010e+04	+0.511
149.900	+5.141e+03	+5.069e+03	+9.981e+03	+0.496
150.000	+5.182e+03	+4.375e+03	+9.904e+03	+0.458
150.100	+5.120e+03	+3.902e+03	+1.035e+04	+0.433
150.200	+4.031e+03	+6.148e+03	+1.033e+04	+0.604
150.300	+4.609e+03	+5.793e+03	+9.878e+03	+0.557
150.400	+5.435e+03	+6.721e+03	+1.031e+04	+0.553
150.500	+5.938e+03	+5.017e+03	+1.012e+04	+0.458
150.600	+4.866e+03	+4.770e+03	+9.774e+03	+0.495
150.700	+4.443e+03	+4.286e+03	+9.483e+03	+0.491
150.800	+3.618e+03	+4.849e+03	+1.091e+04	+0.573
150.900	+4.748e+03	+6.348e+03	+1.061e+04	+0.572
151.000	+3.632e+03	+4.953e+03	+8.713e+03	+0.577
151.100	+5.211e+03	+5.363e+03	+1.032e+04	+0.507
151.200	+4.698e+03	+4.349e+03	+9.610e+03	+0.481
151.300	+4.409e+03	+5.289e+03	+1.082e+04	+0.545
151.400	+5.469e+03	+5.684e+03	+1.046e+04	+0.510
151.500	+5.019e+03	+5.728e+03	+9.951e+03	+0.533
151.600	+5.024e+03	+4.623e+03	+1.009e+04	+0.479
151.700	+6.204e+03	+5.708e+03	+8.594e+03	+0.479
151.800	+4.513e+03	+4.857e+03	+8.540e+03	+0.518
151.900	+4.627e+03	+4.220e+03	+9.059e+03	+0.477
152.000	+4.995e+03	+4.057e+03	+1.075e+04	+0.448
152.100	+4.071e+03	+5.554e+03	+9.544e+03	+0.577
152.200	+5.082e+03	+5.147e+03	+1.051e+04	+0.503
152.300	+4.517e+03	+5.639e+03	+8.647e+03	+0.555
152.400	+4.452e+03	+5.360e+03	+1.152e+04	+0.546
152.500	+5.107e+03	+5.496e+03	+1.022e+04	+0.518
152.600	+4.593e+03	+4.251e+03	+9.150e+03	+0.481
152.700	+4.660e+03	+4.756e+03	+1.114e+04	+0.505
152.800	+4.410e+03	+6.136e+03	+1.012e+04	+0.582
152.900	+4.248e+03	+5.067e+03	+1.044e+04	+0.544
153.000	+6.428e+03	+5.050e+03	+9.786e+03	+0.440
153.100	+3.596e+03	+4.597e+03	+1.053e+04	+0.561
153.200	+5.550e+03	+3.572e+03	+1.029e+04	+0.392
153.300	+4.445e+03	+5.175e+03	+1.035e+04	+0.538
153.400	+5.864e+03	+4.042e+03	+9.649e+03	+0.408
153.500	+7.485e+03	+2.489e+03	+1.018e+04	+0.250
153.600	+6.201e+03	+1.641e+03	+9.951e+03	+0.209
153.700	+6.292e+03	+2.726e+03	+9.377e+03	+0.302
153.800	+7.897e+03	+1.926e+03	+9.097e+03	+0.196
153.900	+7.506e+03	+1.752e+03	+9.881e+03	+0.189
154.000	+7.160e+03	+2.689e+03	+9.935e+03	+0.273
154.100	+6.589e+03	+1.912e+03	+1.124e+04	+0.225
154.200	+8.664e+03	+2.005e+03	+9.912e+03	+0.188
154.300	+6.946e+03	+1.938e+03	+9.229e+03	+0.218
154.400	+7.346e+03	+2.167e+03	+1.057e+04	+0.228
154.500	+6.550e+03	+2.656e+03	+9.415e+03	+0.289
154.600	+7.467e+03	+2.479e+03	+1.015e+04	+0.249
154.700	+7.560e+03	+3.470e+03	+1.027e+04	+0.315
154.800	+7.647e+03	+3.093e+03	+1.027e+04	+0.288
154.900	+7.982e+03	+3.024e+03	+9.917e+03	+0.275
155.000	+8.017e+03	+2.376e+03	+1.023e+04	+0.229
155.100	+7.258e+03	+1.982e+03	+8.979e+03	+0.214
155.200	+8.063e+03	+3.205e+03	+9.006e+03	+0.284
155.300	+8.152e+03	+2.888e+03	+9.931e+03	+0.262
155.400	+6.596e+03	+1.734e+03	+1.001e+04	+0.208
155.500	+7.253e+03	+2.364e+03	+9.602e+03	+0.246
155.600	+6.368e+03	+2.071e+03	+1.042e+04	+0.245
155.700	+7.335e+03	+3.132e+03	+1.050e+04	+0.299
155.800	+7.754e+03	+2.117e+03	+1.094e+04	+0.214
155.900	+6.949e+03	+3.818e+03	+9.565e+03	+0.355
156.000	+7.856e+03	+2.291e+03	+9.858e+03	+0.226
156.100	+8.526e+03	+2.294e+03	+1.078e+04	+0.212
156.200	+6.834e+03	+2.305e+03	+1.126e+04	+0.252
156.300	+6.999e+03	+1.685e+03	+1.034e+04	+0.194
156.400	+6.232e+03	+3.098e+03	+9.662e+03	+0.332
156.500	+7.857e+03	+1.430e+03	+1.011e+04	+0.154
156.600	+7.601e+03	+2.912e+03	+1.008e+04	+0.277
156.700	+7.618e+03	+2.817e+03	+9.205e+03	+0.270
156.800	+6.025e+03	+1.696e+03	+9.617e+03	+0.220
156.900	+7.862e+03	+2.371e+03	+1.041e+04	+0.232
157.000	+8.291e+03	+2.078e+03	+1.080e+04	+0.200
157.100	+6.816e+03	+1.796e+03	+1.101e+04	+0.209
157.200	+8.979e+03	+2.373e+03	+1.142e+04	+0.209
157.300	+7.276e+03	+2.569e+03	+9.797e+03	+0.261
157.400	+7.094e+03	+1.502e+03	+1.074e+04	+0.175
157.500	+8.864e+03	+3.740e+03	+9.783e+03	+0.297
157.600	+6.252e+03	+2.251e+03	+9.988e+03	+0.265
157.700	+8.926e+03	+2.354e+03	+9.562e+03	+0.209
157.800	+7.440e+03	+2.871e+03	+9.412e+03	+0.278
157.900	+7.382e+03	+2.290e+03	+9.988e+03	+0.237
158.000	+7.810e+03	+3.626e+03	+9.669e+03	+0.317
158.100	+6.328e+03	+1.702e+03	+9.655e+03	+0.212
158.200	+7.859e+03	+2.078e+03	+1.001e+04	+0.209
158.300	+7.826e+03	+2.683e+03	+1.064e+04	+0.255
158.400	+7.747e+03	+2.526e+03	+9.012e+03	+0.246
158.500	+8.135e+03	+1.629e+03	+1.011e+04	+0.167
158.600	+8.353e+03	+2.953e+03	+1.016e+04	+0.261
158.700	+7.591e+03	+2.781e+03	+9.629e+03	+0.268
158.800	+7.601e+03	+1.952e+03	+1.087e+04	+0.204
158.900	+8.257e+03	+2.100e+03	+9.484e+03	+0.203
159.000	+7.635e+03	+2.802e+03	+1.073e+04	+0.268
159.100	+8.195e+03	+1.789e+03	+9.097e+03	+0.179
159.200	+7.646e+03	+2.538e+03	+1.041e+04	+0.249
159.300	+7.506e+03	+2.336e+03	+9.745e+03	+0.237
159.400	+6.820e+03	+9.908e+02	+1.028e+04	+0.127
159.500	+8.331e+03	+1.696e+03	+9.979e+03	+0.169
159.600	+6.523e+03	+1.335e+03	+9.749e+03	+0.170
159.700	+8.190e+03	+1.877e+03	+9.412e+03	+0.186
159.800	+7.056e+03	+1.323e+03	+1.146e+04	+0.158
159.900	+8.245e+03	+2.894e+03	+1.047e+04	+0.260
160.000	+8.937e+03	+2.394e+03	+1.066e+04	+0.211
160.100	+8.433e+03	+2.823e+03	+1.105e+04	+0.251
160.200	+6.653e+03	+2.612e+03	+9.715e+03	+0.282
160.300	+6.786e+03	+3.320e+03	+9.901e+03	+0.329
160.400	+7.789e+03	+1.247e+03	+1.044e+04	+0.138
160.500	+8.299e+03	+2.954e+03	+1.061e+04	+0.263
160.600	+6.829e+03	+1.605e+03	+1.095e+04	+0.190
160.700	+6.085e+03	+3.067e+03	+9.491e+03	+0.335
160.800	+6.593e+03	+2.154e+03	+7.632e+03	+0.246
160.900	+7.219e+03	+2.005e+03	+1.070e+04	+0.217
161.000	+7.236e+03	+3.236e+03	+1.019e+04	+0.309
161.100	+7.796e+03	+3.223e+03	+1.122e+04	+0.293
161.200	+7.213e+03	+2.667e+03	+9.654e+03	+0.270
161.300	+8.053e+03	+3.102e+03	+1.004e+04	+0.278
161.400	+7.027e+03	+2.309e+03	+1.022e+04	+0.247
161.500	+8.351e+03	+2.310e+03	+9.817e+03	+0.217
161.600	+6.493e+03	+2.837e+03	+9.878e+03	+0.304
161.700	+7.204e+03	+2.621e+03	+9.280e+03	+0.267
161.800	+6.440e+03	+2.603e+03	+9.841e+03	+0.288
161.900	+7.545e+03	+1.405e+03	+1.010e+04	+0.157
162.000	+7.089e+03	+3.236e+03	+1.084e+04	+0.313
162.100	+7.615e+03	+2.665e+03	+1.054e+04	+0.259
162.200	+7.647e+03	+1.870e+03	+9.730e+03	+0.196
162.300	+7.162e+03	+2.389e+03	+1.004e+04	+0.250
162.400	+7.964e+03	+3.180e+03	+1.078e+04	+0.285
162.500	+6.943e+03	+2.388e+03	+1.074e+04	+0.256
162.600	+6.903e+03	+1.402e+03	+1.052e+04	+0.169
162.700	+6.317e+03	+2.307e+03	+1.015e+04	+0.268
162.800	+7.294e+03	+1.987e+03	+8.772e+03	+0.214
162.900	+7.762e+03	+3.162e+03	+1.113e+04	+0.289
163.000	+8.085e+03	+2.420e+03	+9.667e+03	+0.230
163.100	+7.256e+03	+2.883e+03	+9.688e+03	+0.284
163.200	+8.356e+03	+4.126e+03	+1.148e+04	+0.331
163.300	+7.489e+03	+2.521e+03	+1.055e+04	+0.252
163.400	+8.293e+03	+3.293e+03	+9.913e+03	+0.284
163.500	+7.786e+03	+2.201e+03	+8.969e+03	+0.220
163.600	+8.118e+03	+3.110e+03	+1.052e+04	+0.277
163.700	+6.580e+03	+2.930e+03	+1.018e+04	+0.308
163.800	+7.190e+03	+2.943e+03	+9.778e+03	+0.290
163.900	+7.601e+03	+3.380e+03	+8.547e+03	+0.308
164.000	+8.043e+03	+3.628e+03	+9.703e+03	+0.311
164.100	+7.020e+03	+2.701e+03	+1.073e+04	+0.278
164.200	+6.930e+03	+2.853e+03	+1.138e+04	+0.292
164.300	+6.401e+03	+2.421e+03	+1.020e+04	+0.274
164.400	+6.270e+03	+3.252e+03	+9.869e+03	+0.342
164.500	+7.376e+03	+2.336e+03	+1.072e+04	+0.241
164.600	+6.305e+03	+3.003e+03	+1.011e+04	+0.323
164.700	+6.329e+03	+4.409e+03	+9.816e+03	+0.411
164.800	+5.666e+03	+4.520e+03	+8.806e+03	+0.444
164.900	+3.808e+03	+5.893e+03	+1.024e+04	+0.607
165.000	+6.010e+03	+5.577e+03	+1.092e+04	+0.481
165.100	+3.783e+03	+4.831e+03	+9.936e+03	+0.561
165.200	+5.085e+03	+6.640e+03	+1.061e+04	+0.566
165.300	+6.736e+03	+3.180e+03	+9.058e+03	+0.321
165.400	+8.314e+03	+3.209e+03	+9.456e+03	+0.279
165.500	+7.977e+03	+2.096e+03	+1.046e+04	+0.208
165.600	+8.212e+03	+1.887e+03	+9.766e+03	+0.187
165.700	+7.571e+03	+2.846e+03	+9.595e+03	+0.273
165.800	+6.039e+03	+3.350e+03	+1.028e+04	+0.357
165.900	+7.325e+03	+1.916e+03	+9.681e+03	+0.207
166.000	+7.403e+03	+1.196e+03	+9.214e+03	+0.139
166.100	+7.765e+03	+2.626e+03	+1.060e+04	+0.253
166.200	+7.081e+03	+1.549e+03	+9.062e+03	+0.179
166.300	+7.323e+03	+1.473e+03	+1.022e+04	+0.167
166.400	+6.312e+03	+3.085e+03	+1.011e+04	+0.328
166.500	+8.365e+03	+3.062e+03	+1.065e+04	+0.268
166.600	+7.127e+03	+2.064e+03	+1.087e+04	+0.225
166.700	+7.278e+03	+2.610e+03	+9.517e+03	+0.264
166.800	+7.223e+03	+1.974e+03	+9.295e+03	+0.215
166.900	+8.426e+03	+2.741e+03	+1.000e+04	+0.245
167.000	+7.959e+03	+1.342e+03	+1.033e+04	+0.144
167.100	+6.631e+03	+3.369e+03	+1.134e+04	+0.337
167.200	+7.599e+03	+2.728e+03	+1.010e+04	+0.264
167.300	+6.352e+03	+1.573e+03	+1.047e+04	+0.199
167.400	+6.445e+03	+3.041e+03	+9.604e+03	+0.321
167.500	+4.195e+03	+5.168e+03	+1.073e+04	+0.552
167.600	+4.936e+03	+5.808e+03	+1.039e+04	+0.541
167.700	+4.028e+03	+4.736e+03	+9.613e+03	+0.540
167.800	+5.028e+03	+4.128e+03	+9.653e+03	+0.451
167.900	+4.669e+03	+3.306e+03	+9.215e+03	+0.415
168.000	+5.042e+03	+4.557e+03	+1.035e+04	+0.475
168.100	+5.106e+03	+5.653e+03	+9.260e+03	+0.525
168.200	+4.107e+03	+3.925e+03	+1.122e+04	+0.489
168.300	+5.096e+03	+4.558e+03	+9.716e+03	+0.472
168.400	+4.795e+03	+5.336e+03	+1.007e+04	+0.527
168.500	+4.570e+03	+4.218e+03	+1.091e+04	+0.480
168.600	+5.186e+03	+6.832e+03	+9.009e+03	+0.569
168.700	+4.158e+03	+5.237e+03	+9.258e+03	+0.557
168.800	+5.563e+03	+5.383e+03	+9.783e+03	+0.492
168.900	+4.198e+03	+3.436e+03	+9.213e+03	+0.450
169.000	+5.080e+03	+3.942e+03	+9.730e+03	+0.437
169.100	+4.335e+03	+5.142e+03	+1.073e+04	+0.543
169.200	+5.558e+03	+5.279e+03	+1.053e+04	+0.487
169.300	+5.819e+03	+4.982e+03	+1.051e+04	+0.461
169.400	+5.723e+03	+5.156e+03	+1.068e+04	+0.474
169.500	+5.459e+03	+4.882e+03	+8.866e+03	+0.472
169.600	+6.013e+03	+6.748e+03	+1.074e+04	+0.529
169.700	+4.535e+03	+5.960e+03	+9.797e+03	+0.568
169.800	+5.117e+03	+7.247e+03	+1.077e+04	+0.586
169.900	+5.357e+03	+5.589e+03	+1.102e+04	+0.511
170.000	+5.649e+03	+4.432e+03	+1.007e+04	+0.440
170.100	+4.444e+03	+4.536e+03	+1.121e+04	+0.505
170.200	+3.909e+03	+5.386e+03	+1.095e+04	+0.579
170.300	+5.601e+03	+4.808e+03	+9.342e+03	+0.462
170.400	+4.117e+03	+5.393e+03	+1.079e+04	+0.567
170.500	+5.136e+03	+4.630e+03	+1.187e+04	+0.474
170.600	+5.401e+03	+4.310e+03	+9.043e+03	+0.444
170.700	+5.108e+03	+4.459e+03	+1.002e+04	+0.466
170.800	+5.746e+03	+4.487e+03	+9.785e+03	+0.438
170.900	+5.278e+03	+5.327e+03	+9.713e+03	+0.502
171.000	+4.432e+03	+4.465e+03	+1.091e+04	+0.502
171.100	+4.969e+03	+5.330e+03	+1.084e+04	+0.518
171.200	+4.352e+03	+5.893e+03	+1.065e+04	+0.575
171.300	+4.342e+03	+5.277e+03	+1.017e+04	+0.549
171.400	+4.476e+03	+4.779e+03	+1.048e+04	+0.516
171.500	+5.502e+03	+4.564e+03	+1.070e+04	+0.453
171.600	+4.212e+03	+3.851e+03	+9.884e+03	+0.478
171.700	+3.912e+03	+5.339e+03	+9.897e+03	+0.577
171.800	+4.288e+03	+3.950e+03	+9.744e+03	+0.480
171.900	+6.074e+03	+5.704e+03	+1.073e+04	+0.484
172.000	+4.156e+03	+3.846e+03	+9.695e+03	+0.481
172.100	+5.803e+03	+5.519e+03	+8.849e+03	+0.487
172.200	+4.193e+03	+5.696e+03	+9.574e+03	+0.576
172.300	+5.444e+03	+5.678e+03	+9.607e+03	+0.511
172.400	+4.918e+03	+4.274e+03	+1.053e+04	+0.465
172.500	+5.879e+03	+4.277e+03	+1.112e+04	+0.421
172.600	+4.723e+03	+5.350e+03	+9.365e+03	+0.531
172.700	+5.178e+03	+4.812e+03	+9.183e+03	+0.482
172.800	+4.542e+03	+5.199e+03	+9.762e+03	+0.534
172.900	+4.466e+03	+4.900e+03	+9.723e+03	+0.523
173.000	+3.986e+03	+4.739e+03	+9.842e+03	+0.543
173.100	+4.721e+03	+4.756e+03	+9.077e+03	+0.502
173.200	+5.306e+03	+5.157e+03	+9.830e+03	+0.493
173.300	+5.783e+03	+4.948e+03	+1.002e+04	+0.461
173.400	+5.116e+03	+4.232e+03	+9.473e+03	+0.453
173.500	+5.341e+03	+4.800e+03	+9.151e+03	+0.473
173.600	+5.442e+03	+3.427e+03	+1.051e+04	+0.386
173.700	+5.513e+03	+4.626e+03	+9.564e+03	+0.456
173.800	+5.266e+03	+4.723e+03	+9.631e+03	+0.473
173.900	+5.200e+03	+4.933e+03	+9.442e+03	+0.487
174.000	+4.339e+03	+3.832e+03	+9.994e+03	+0.469
174.100	+4.901e+03	+3.833e+03	+1.001e+04	+0.439
174.200	+6.966e+03	+3.883e+03	+1.004e+04	+0.358
174.300	+4.837e+03	+4.476e+03	+9.066e+03	+0.481
174.400	+4.485e+03	+6.398e+03	+1.011e+04	+0.588
174.500	+4.758e+03	+5.218e+03	+1.001e+04	+0.523
174.600	+5.406e+03	+6.081e+03	+1.037e+04	+0.529
174.700	+5.542e+03	+4.082e+03	+1.105e+04	+0.424
174.800	+5.569e+03	+5.972e+03	+9.912e+03	+0.517
174.900	+5.465e+03	+5.171e+03	+9.982e+03	+0.486
175.000	+5.792e+03	+5.839e+03	+1.073e+04	+0.502
175.100	+4.436e+03	+4.150e+03	+9.869e+03	+0.483
175.200	+4.720e+03	+5.291e+03	+9.341e+03	+0.529
175.300	+3.833e+03	+5.403e+03	+1.145e+04	+0.585
175.400	+4.483e+03	+4.387e+03	+9.313e+03	+0.495
175.500	+5.161e+03	+5.685e+03	+9.274e+03	+0.524
175.600	+4.542e+03	+5.132e+03	+9.062e+03	+0.530
175.700	+5.856e+03	+4.376e+03	+1.070e+04	+0.428
175.800	+4.168e+03	+4.631e+03	+1.010e+04	+0.526
175.900	+5.294e+03	+4.671e+03	+1.113e+04	+0.469
176.000	+4.204e+03	+5.930e+03	+9.344e+03	+0.585
176.100	+4.867e+03	+3.799e+03	+1.049e+04	+0.438
176.200	+7.011e+03	+2.589e+03	+1.069e+04	+0.270
176.300	+7.266e+03	+2.298e+03	+1.119e+04	+0.240
176.400	+7.212e+03	+3.041e+03	+1.014e+04	+0.297
176.500	+8.918e+03	+2.559e+03	+1.041e+04	+0.223
176.600	+8.761e+03	+2.223e+03	+9.784e+03	+0.202
176.700	+7.617e+03	+2.877e+03	+1.018e+04	+0.274
176.800	+8.882e+03	+1.948e+03	+9.840e+03	+0.180
176.900	+7.844e+03	+2.883e+03	+1.007e+04	+0.269
177.000	+8.046e+03	+3.086e+03	+1.019e+04	+0.277
177.100	+5.719e+03	+2.339e+03	+1.142e+04	+0.290
177.200	+6.499e+03	+2.229e+03	+9.237e+03	+0.255
177.300	+7.003e+03	+3.421e+03	+8.980e+03	+0.328
177.400	+7.529e+03	+2.960e+03	+9.485e+03	+0.282
177.500	+7.837e+03	+1.796e+03	+1.128e+04	+0.186
177.600	+6.743e+03	+3.405e+03	+8.952e+03	+0.336
177.700	+7.377e+03	+2.553e+03	+1.000e+04	+0.257
177.800	+7.844e+03	+2.573e+03	+1.048e+04	+0.247
177.900	+6.648e+03	+2.134e+03	+1.039e+04	+0.243
178.000	+7.368e+03	+1.884e+03	+9.312e+03	+0.204
178.100	+6.744e+03	+2.296e+03	+1.004e+04	+0.254
178.200	+7.454e+03	+2.954e+03	+1.082e+04	+0.284
178.300	+8.359e+03	+2.552e+03	+9.634e+03	+0.234
178.400	+7.803e+03	+2.638e+03	+9.947e+03	+0.253
178.500	+7.574e+03	+1.849e+03	+9.418e+03	+0.196
178.600	+7.636e+03	+3.222e+03	+9.855e+03	+0.297
178.700	+7.981e+03	+2.385e+03	+1.017e+04	+0.230
178.800	+6.905e+03	+3.947e+03	+9.450e+03	+0.364
178.900	+5.096e+03	+4.361e+03	+1.037e+04	+0.461
179.000	+4.288e+03	+4.461e+03	+9.322e+03	+0.510
179.100	+5.555e+03	+5.357e+03	+9.534e+03	+0.491
179.200	+5.851e+03	+4.419e+03	+9.202e+03	+0.430
179.300	+4.750e+03	+5.255e+03	+9.224e+03	+0.525
179.400	+5.643e+03	+4.676e+03	+1.033e+04	+0.453
179.500	+5.719e+03	+5.212e+03	+1.045e+04	+0.477
179.600	+5.286e+03	+3.894e+03	+1.137e+04	+0.424
179.700	+5.505e+03	+4.886e+03	+1.043e+04	+0.470
179.800	+9.030e+03	+3.667e+03	+1.034e+04	+0.289
179.900	+7.338e+03	+1.457e+03	+9.897e+03	+0.166
180.000	+8.272e+03	+3.738e+03	+1.006e+04	+0.311
180.100	+7.534e+03	+2.748e+03	+1.009e+04	+0.267
180.200	+7.467e+03	+4.134e+03	+9.218e+03	+0.356
180.300	+6.603e+03	+2.229e+03	+9.171e+03	+0.252
180.400	+8.263e+03	+2.972e+03	+9.555e+03	+0.265
180.500	+7.956e+03	+2.912e+03	+1.060e+04	+0.268
180.600	+7.762e+03	+2.346e+03	+9.215e+03	+0.232
180.700	+8.000e+03	+3.130e+03	+1.024e+04	+0.281
180.800	+8.322e+03	+3.105e+03	+1.010e+04	+0.272
180.900	+6.659e+03	+1.515e+03	+9.294e+03	+0.185
181.000	+7.937e+03	+3.183e+03	+9.766e+03	+0.286
181.100	+7.160e+03	+2.537e+03	+9.941e+03	+0.262
181.200	+8.504e+03	+4.033e+03	+1.052e+04	+0.322
181.300	+7.441e+03	+2.180e+03	+9.673e+03	+0.227
181.400	+6.275e+03	+2.977e+03	+9.156e+03	+0.322
181.500	+6.786e+03	+4.039e+02	+9.437e+03	+0.056
181.600	+6.402e+03	+3.175e+03	+1.065e+04	+0.332
181.700	+7.304e+03	+1.807e+03	+1.098e+04	+0.198
181.800	+8.102e+03	+2.436e+03	+9.731e+03	+0.231
181.900	+7.119e+03	+2.114e+03	+9.779e+03	+0.229
182.000	+7.605e+03	+2.673e+03	+9.057e+03	+0.260
182.100	+7.048e+03	+2.503e+03	+9.346e+03	+0.262
182.200	+8.197e+03	+3.222e+03	+9.784e+03	+0.282
182.300	+7.175e+03	+2.837e+03	+9.233e+03	+0.283
182.400	+6.985e+03	+2.548e+03	+9.176e+03	+0.267
182.500	+7.516e+03	+2.705e+03	+9.917e+03	+0.265
182.600	+6.493e+03	+2.357e+03	+1.012e+04	+0.266
182.700	+7.800e+03	+2.318e+03	+9.987e+03	+0.229
182.800	+6.068e+03	+1.893e+03	+1.079e+04	+0.238
182.900	+7.234e+03	+2.748e+03	+9.563e+03	+0.275
183.000	+7.429e+03	+2.105e+03	+9.018e+03	+0.221
183.100	+5.926e+03	+3.209e+03	+1.051e+04	+0.351
183.200	+7.605e+03	+3.457e+03	+1.052e+04	+0.313
183.300	+8.160e+03	+1.752e+03	+1.106e+04	+0.177
183.400	+8.664e+03	+2.167e+03	+9.848e+03	+0.200
183.500	+6.775e+03	+2.804e+03	+9.883e+03	+0.293
183.600	+6.461e+03	+2.425e+03	+1.075e+04	+0.273
183.700	+7.394e+03	+2.931e+03	+1.050e+04	+0.284
183.800	+8.243e+03	+2.363e+03	+9.157e+03	+0.223
183.900	+7.146e+03	+2.117e+03	+9.014e+03	+0.229
184.000	+8.495e+03	+2.760e+03	+1.004e+04	+0.245
184.100	+6.458e+03	+2.364e+03	+1.027e+04	+0.268
184.200	+2.480e+03	+6.497e+03	+9.783e+03	+0.724
184.300	+2.627e+03	+7.486e+03	+1.041e+04	+0.740
184.400	+2.878e+03	+8.257e+03	+9.526e+03	+0.742
184.500	+2.568e+03	+8.434e+03	+1.021e+04	+0.767
184.600	+1.553e+03	+9.121e+03	+1.004e+04	+0.855
184.700	+2.744e+03	+8.161e+03	+9.587e+03	+0.748
184.800	+1.676e+03	+6.456e+03	+1.025e+04	+0.794
184.900	+3.464e+03	+8.027e+03	+9.664e+03	+0.699
185.000	+2.998e+03	+7.881e+03	+9.533e+03	+0.724
185.100	+1.656e+03	+7.435e+03	+9.965e+03	+0.818
185.200	+1.838e+03	+9.050e+03	+9.921e+03	+0.831
185.300	+1.223e+03	+8.364e+03	+9.169e+03	+0.872
185.400	+2.420e+03	+8.497e+03	+9.826e+03	+0.778
185.500	+1.947e+03	+6.836e+03	+9.787e+03	+0.778
185.600	+1.654e+03	+9.197e+03	+9.939e+03	+0.848
185.700	+1.123e+03	+7.735e+03	+1.066e+04	+0.873
185.800	+1.178e+03	+7.792e+03	+9.480e+03	+0.869
185.900	+2.574e+03	+7.241e+03	+9.330e+03	+0.738
186.000	+2.187e+03	+8.808e+03	+1.065e+04	+0.801
186.100	+1.520e+03	+7.462e+03	+9.347e+03	+0.831
186.200	+3.262e+03	+8.233e+03	+1.028e+04	+0.716
186.300	+1.515e+03	+6.901e+03	+1.019e+04	+0.820
186.400	+2.389e+03	+8.179e+03	+9.779e+03	+0.774
186.500	+1.248e+03	+8.593e+03	+8.893e+03	+0.873
186.600	+2.043e+03	+7.570e+03	+9.818e+03	+0.787
186.700	+1.720e+03	+8.860e+03	+9.910e+03	+0.837
186.800	+2.446e+03	+8.039e+03	+8.984e+03	+0.767
186.900	+1.984e+03	+8.787e+03	+9.416e+03	+0.816
187.000	+1.412e+03	+7.459e+03	+1.039e+04	+0.841
187.100	+1.276e+03	+8.526e+03	+1.018e+04	+0.870
187.200	+1.391e+03	+8.128e+03	+9.397e+03	+0.854
187.300	+2.210e+03	+8.777e+03	+1.127e+04	+0.799
187.400	+1.741e+03	+8.919e+03	+1.113e+04	+0.837
187.500	+1.671e+03	+9.187e+03	+9.088e+03	+0.846
187.600	+4.084e+03	+8.871e+03	+1.100e+04	+0.685
187.700	+1.333e+03	+8.319e+03	+9.908e+03	+0.862
187.800	+1.240e+03	+7.172e+03	+9.601e+03	+0.853
187.900	+2.149e+03	+6.951e+03	+1.111e+04	+0.764
188.000	+2.192e+03	+8.955e+03	+1.017e+04	+0.803
188.100	+1.952e+03	+7.780e+03	+9.680e+03	+0.799
188.200	+1.503e+03	+9.024e+03	+9.888e+03	+0.857
188.300	+2.729e+03	+6.967e+03	+1.035e+04	+0.719
188.400	+1.559e+03	+7.461e+03	+1.037e+04	+0.827
188.500	+1.132e+03	+7.647e+03	+9.810e+03	+0.871
188.600	+1.543e+03	+7.462e+03	+9.313e+03	+0.829
188.700	+2.998e+03	+6.206e+03	+1.036e+04	+0.674
188.800	+1.635e+03	+8.060e+03	+1.099e+04	+0.831
188.900	+2.699e+03	+8.829e+03	+9.945e+03	+0.766
189.000	+1.784e+03	+8.393e+03	+1.073e+04	+0.825
189.100	+4.785e+03	+6.306e+03	+9.783e+03	+0.569
189.200	+7.745e+03	+1.316e+03	+1.125e+04	+0.145
189.300	+6.760e+03	+2.445e+03	+9.628e+03	+0.266
189.400	+8.303e+03	+2.693e+03	+9.865e+03	+0.245
189.500	+7.360e+03	+3.218e+03	+1.007e+04	+0.304
189.600	+8.156e+03	+2.307e+03	+8.523e+03	+0.220
189.700	+7.418e+03	+2.059e+03	+9.133e+03	+0.217
189.800	+6.636e+03	+2.764e+03	+1.056e+04	+0.294
189.900	+6.481e+03	+4.209e+02	+1.024e+04	+0.061
190.000	+7.680e+03	+3.828e+03	+9.209e+03	+0.333
190.100	+7.747e+03	+3.338e+03	+1.042e+04	+0.301
190.200	+8.848e+03	+2.420e+03	+1.012e+04	+0.215
190.300	+7.398e+03	+1.935e+03	+9.416e+03	+0.207
190.400	+7.752e+03	+1.160e+03	+1.036e+04	+0.130
190.500	+8.142e+03	+3.895e+03	+1.105e+04	+0.324
190.600	+8.090e+03	+2.886e+03	+1.125e+04	+0.263
190.700	+7.016e+03	+1.997e+03	+9.593e+03	+0.222
190.800	+7.181e+03	+2.652e+03	+8.205e+03	+0.270
190.900	+6.612e+03	+2.370e+03	+9.393e+03	+0.264
191.000	+6.771e+03	+3.018e+03	+8.357e+03	+0.308
191.100	+6.991e+03	+2.617e+03	+9.490e+03	+0.272
191.200	+5.900e+03	+1.496e+03	+1.143e+04	+0.202
191.300	+8.076e+03	+1.959e+03	+9.822e+03	+0.195
191.400	+7.311e+03	+1.955e+03	+1.068e+04	+0.211
191.500	+7.221e+03	+9.944e+02	+9.921e+03	+0.121
191.600	+7.210e+03	+4.020e+03	+1.024e+04	+0.358
191.700	+7.268e+03	+2.364e+03	+8.987e+03	+0.245
191.800	+6.960e+03	+2.397e+03	+9.205e+03	+0.256
191.900	+7.354e+03	+3.718e+03	+1.066e+04	+0.336
192.000	+9.262e+03	+1.587e+03	+9.733e+03	+0.146
192.100	+7.347e+03	+3.472e+03	+9.869e+03	+0.321
192.200	+6.409e+03	+2.601e+03	+9.990e+03	+0.289
192.300	+8.426e+03	+3.654e+03	+1.009e+04	+0.302
192.400	+7.343e+03	+2.505e+03	+9.047e+03	+0.254
192.500	+8.062e+03	+3.226e+03	+7.838e+03	+0.286
192.600	+8.396e+03	+2.292e+03	+1.045e+04	+0.214
192.700	+6.342e+03	+2.734e+03	+1.094e+04	+0.301
192.800	+6.394e+03	+3.368e+03	+1.036e+04	+0.345
192.900	+5.859e+03	+3.042e+03	+1.067e+04	+0.342
193.000	+6.582e+03	+2.300e+03	+1.119e+04	+0.259
193.100	+7.719e+03	+2.857e+03	+1.001e+04	+0.270
193.200	+6.487e+03	+2.095e+03	+1.065e+04	+0.244
193.300	+8.490e+03	+3.194e+03	+1.033e+04	+0.273
193.400	+7.091e+03	+1.519e+03	+1.043e+04	+0.176
193.500	+7.457e+03	+2.807e+03	+1.045e+04	+0.273
193.600	+7.932e+03	+2.819e+03	+1.012e+04	+0.262
193.700	+7.805e+03	+1.844e+03	+1.050e+04	+0.191
193.800	+7.131e+03	+2.109e+03	+1.030e+04	+0.228
193.900	+7.250e+03	+2.589e+03	+9.938e+03	+0.263
194.000	+7.376e+03	+1.898e+03	+1.101e+04	+0.205
194.100	+7.924e+03	+2.551e+03	+9.252e+03	+0.244
194.200	+6.187e+03	+3.467e+03	+1.020e+04	+0.359
194.300	+8.280e+03	+2.353e+03	+1.085e+04	+0.221
194.400	+7.862e+03	+2.267e+03	+9.301e+03	+0.224
194.500	+8.597e+03	+2.036e+03	+9.911e+03	+0.191
194.600	+7.623e+03	+2.204e+03	+9.027e+03	+0.224
194.700	+6.865e+03	+2.745e+03	+1.013e+04	+0.286
194.800	+8.278e+03	+3.565e+03	+1.109e+04	+0.301
194.900	+7.279e+03	+2.613e+03	+1.030e+04	+0.264
195.000	+7.201e+03	+3.704e+03	+9.981e+03	+0.340
195.100	+7.411e+03	+2.372e+03	+9.821e+03	+0.242
195.200	+6.504e+03	+2.184e+03	+9.940e+03	+0.251
195.300	+6.595e+03	+2.989e+03	+1.095e+04	+0.312
195.400	+7.542e+03	+3.523e+03	+9.904e+03	+0.318
195.500	+5.700e+03	+2.850e+03	+9.826e+03	+0.333
195.600	+7.822e+03	+2.835e+03	+9.747e+03	+0.266
195.700	+8.630e+03	+2.926e+03	+9.801e+03	+0.253
195.800	+8.278e+03	+2.563e+03	+9.402e+03	+0.236
195.900	+7.646e+03	+2.294e+03	+1.134e+04	+0.231
196.000	+6.705e+03	+1.561e+03	+9.721e+03	+0.189
196.100	+6.929e+03	+1.915e+03	+9.497e+03	+0.217
196.200	+8.494e+03	+1.927e+03	+1.069e+04	+0.185
196.300	+7.108e+03	+3.341e+03	+8.964e+03	+0.320
196.400	+8.778e+03	+2.947e+03	+9.609e+03	+0.251
196.500	+8.231e+03	+2.190e+03	+9.583e+03	+0.210
196.600	+6.160e+03	+2.823e+03	+1.038e+04	+0.314
196.700	+7.550e+03	+3.799e+03	+9.504e+03	+0.335
196.800	+7.551e+03	+1.159e+03	+1.010e+04	+0.133
196.900	+7.091e+03	+1.960e+03	+1.008e+04	+0.217
197.000	+7.582e+03	+2.405e+03	+1.016e+04	+0.241
197.100	+8.204e+03	+2.928e+03	+9.690e+03	+0.263
197.200	+7.866e+03	+1.801e+03	+9.911e+03	+0.186
197.300	+8.643e+03	+1.983e+03	+9.895e+03	+0.187
197.400	+8.193e+03	+4.043e+03	+9.621e+03	+0.330
197.500	+6.832e+03	+3.215e+03	+9.455e+03	+0.320
197.600	+8.364e+03	+2.137e+03	+1.005e+04	+0.203
197.700	+7.568e+03	+3.168e+03	+9.974e+03	+0.295
197.800	+7.523e+03	+3.062e+03	+9.975e+03	+0.289
197.900	+7.956e+03	+3.989e+03	+9.615e+03	+0.334
198.000	+7.679e+03	+3.115e+03	+9.662e+03	+0.289
198.100	+7.899e+03	+2.572e+03	+9.972e+03	+0.246
198.200	+7.012e+03	+2.277e+03	+1.049e+04	+0.245
198.300	+8.846e+03	+3.395e+03	+1.010e+04	+0.277
198.400	+6.712e+03	+3.161e+03	+1.057e+04	+0.320
198.500	+9.325e+03	+2.908e+03	+1.101e+04	+0.238
198.600	+6.461e+03	+2.637e+03	+1.041e+04	+0.290
198.700	+7.849e+03	+2.149e+03	+1.017e+04	+0.215
198.800	+6.526e+03	+2.113e+03	+1.058e+04	+0.245
198.900	+7.445e+03	+2.685e+03	+1.040e+04	+0.265
199.000	+7.782e+03	+2.357e+03	+1.109e+04	+0.232
199.100	+7.100e+03	+2.213e+03	+9.521e+03	+0.238
199.200	+8.483e+03	+3.372e+03	+9.320e+03	+0.284
199.300	+9.579e+03	+2.966e+03	+1.034e+04	+0.236
199.400	+8.748e+03	+3.311e+03	+9.935e+03	+0.275
199.500	+7.823e+03	+1.919e+03	+9.727e+03	+0.197
199.600	+7.135e+03	+1.853e+03	+1.007e+04	+0.206
199.700	+7.518e+03	+2.863e+03	+1.117e+04	+0.276
199.800	+8.565e+03	+2.274e+03	+9.781e+03	+0.210
