%t (s)	Idd (a.u.)	Ida (a.u.)	Iaa (a.u.)	FRET E
0.000	+7.285e+03	+3.796e+03	+9.549e+03	+0.343
0.100	+6.938e+03	+1.931e+03	+8.686e+03	+0.218
0.200	+8.184e+03	+3.338e+03	+9.652e+03	+0.290
0.300	+7.003e+03	+1.857e+03	+9.674e+03	+0.210
0.400	+7.640e+03	+3.012e+03	+1.094e+04	+0.283
0.500	+6.686e+03	+3.588e+03	+1.102e+04	+0.349
0.600	+6.415e+03	+2.113e+03	+1.000e+04	+0.248
0.700	+7.034e+03	+2.285e+03	+1.029e+04	+0.245
0.800	+8.809e+03	+2.471e+03	+1.054e+04	+0.219
0.900	+7.687e+03	+2.614e+03	+1.073e+04	+0.254
1.000	+7.269e+03	+3.682e+03	+1.039e+04	+0.336
1.100	+6.719e+03	+1.700e+03	+9.826e+03	+0.202
1.200	+8.992e+03	+2.914e+03	+1.016e+04	+0.245
1.300	+6.902e+03	+2.416e+03	+9.951e+03	+0.259
1.400	+9.785e+03	+2.374e+03	+9.476e+03	+0.195
1.500	+7.599e+03	+2.446e+03	+9.658e+03	+0.243
1.600	+6.648e+03	+3.495e+03	+1.038e+04	+0.345
1.700	+7.523e+03	+3.294e+03	+1.014e+04	+0.305
1.800	+8.025e+03	+2.322e+03	+9.424e+03	+0.224
1.900	+6.358e+03	+2.290e+03	+1.134e+04	+0.265
2.000	+4.882e+03	+5.146e+03	+1.055e+04	+0.513
2.100	+5.386e+03	+3.084e+03	+9.713e+03	+0.364
2.200	+5.069e+03	+4.589e+03	+9.522e+03	+0.475
2.300	+4.002e+03	+5.464e+03	+1.117e+04	+0.577
2.400	+4.457e+03	+5.762e+03	+1.085e+04	+0.564
2.500	+5.804e+03	+4.083e+03	+9.149e+03	+0.413
2.600	+8.169e+03	+1.732e+03	+9.792e+03	+0.175
2.700	+8.024e+03	+2.520e+03	+9.868e+03	+0.239
2.800	+7.719e+03	+2.795e+03	+9.561e+03	+0.266
2.900	+8.855e+03	+2.943e+03	+1.115e+04	+0.249
3.000	+7.907e+03	+2.358e+03	+8.943e+03	+0.230
3.100	+7.066e+03	+2.743e+03	+1.085e+04	+0.280
3.200	+8.209e+03	+1.768e+03	+9.799e+03	+0.177
3.300	+8.209e+03	+1.461e+03	+1.072e+04	+0.151
3.400	+7.549e+03	+3.745e+03	+9.956e+03	+0.332
3.500	+7.950e+03	+1.452e+03	+1.006e+04	+0.154
3.600	+7.101e+03	+1.650e+03	+9.791e+03	+0.189
3.700	+6.485e+03	+2.284e+03	+1.010e+04	+0.260
3.800	+8.316e+03	+2.635e+03	+1.009e+04	+0.241
3.900	+7.907e+03	+2.662e+03	+1.023e+04	+0.252
4.000	+7.125e+03	+1.987e+03	+1.137e+04	+0.218
4.100	+7.641e+03	+2.938e+03	+9.789e+03	+0.278
4.200	+7.422e+03	+1.780e+03	+9.935e+03	+0.193
4.300	+7.024e+03	+3.318e+03	+9.582e+03	+0.321
4.400	+7.372e+03	+2.827e+03	+1.048e+04	+0.277
4.500	+7.089e+03	+2.364e+03	+9.657e+03	+0.250
4.600	+7.909e+03	+1.922e+03	+1.076e+04	+0.195
4.700	+6.821e+03	+2.671e+03	+9.908e+03	+0.281
4.800	+7.584e+03	+2.117e+03	+1.028e+04	+0.218
4.900	+7.291e+03	+1.485e+03	+1.004e+04	+0.169
5.000	+7.143e+03	+3.419e+03	+8.757e+03	+0.324
5.100	+8.159e+03	+2.515e+03	+1.009e+04	+0.236
5.200	+8.511e+03	+2.241e+03	+1.040e+04	+0.208
5.300	+7.324e+03	+2.673e+03	+1.188e+04	+0.267
5.400	+7.991e+03	+2.600e+03	+9.497e+03	+0.246
5.500	+8.143e+03	+2.255e+03	+9.495e+03	+0.217
5.600	+8.429e+03	+2.581e+03	+9.247e+03	+0.234
5.700	+7.013e+03	+2.777e+03	+9.242e+03	+0.284
5.800	+7.583e+03	+1.393e+03	+9.293e+03	+0.155
5.900	+8.202e+03	+2.584e+03	+1.074e+04	+0.240
6.000	+8.261e+03	+2.170e+03	+1.082e+04	+0.208
6.100	+7.393e+03	+1.975e+03	+1.050e+04	+0.211
6.200	+6.928e+03	+2.906e+03	+9.770e+03	+0.296
6.300	+8.187e+03	+2.191e+03	+1.052e+04	+0.211
6.400	+9.077e+03	+2.742e+03	+9.516e+03	+0.232
6.500	+7.778e+03	+2.126e+03	+9.581e+03	+0.215
6.600	+8.354e+03	+2.811e+03	+1.049e+04	+0.252
6.700	+8.117e+03	+1.856e+03	+8.358e+03	+0.186
6.800	+7.674e+03	+2.378e+03	+9.849e+03	+0.237
6.900	+5.810e+03	+3.545e+03	+1.031e+04	+0.379
7.000	+6.856e+03	+2.043e+03	+1.117e+04	+0.230
7.100	+7.610e+03	+2.423e+03	+1.146e+04	+0.242
7.200	+8.258e+03	+1.826e+03	+9.789e+03	+0.181
7.300	+7.530e+03	+3.584e+03	+9.401e+03	+0.322
7.400	+6.913e+03	+2.821e+03	+9.603e+03	+0.290
7.500	+7.808e+03	+1.913e+03	+1.011e+04	+0.197
7.600	+8.955e+03	+2.609e+03	+1.034e+04	+0.226
7.700	+7.763e+03	+2.290e+03	+1.100e+04	+0.228
7.800	+7.031e+03	+4.119e+03	+9.330e+03	+0.369
7.900	+7.148e+03	+2.457e+03	+9.889e+03	+0.256
8.000	+5.630e+03	+5.421e+03	+8.790e+03	+0.491
8.100	+5.684e+03	+4.291e+03	+9.643e+03	+0.430
8.200	+4.998e+03	+6.184e+03	+9.165e+03	+0.553
8.300	+3.842e+03	+4.457e+03	+1.019e+04	+0.537
8.400	+4.287e+03	+4.262e+03	+9.805e+03	+0.499
8.500	+5.125e+03	+5.072e+03	+9.610e+03	+0.497
8.600	+5.236e+03	+4.791e+03	+8.808e+03	+0.478
8.700	+5.391e+03	+5.792e+03	+9.672e+03	+0.518
8.800	+7.246e+03	+2.194e+03	+8.826e+03	+0.232
8.900	+7.813e+03	+1.817e+03	+9.073e+03	+0.189
9.000	+7.388e+03	+2.388e+03	+1.015e+04	+0.244
9.100	+7.820e+03	+2.860e+03	+1.089e+04	+0.268
9.200	+8.134e+03	+3.472e+03	+8.998e+03	+0.299
9.300	+6.696e+03	+3.167e+03	+9.787e+03	+0.321
9.400	+5.946e+03	+2.180e+03	+9.570e+03	+0.268
9.500	+6.991e+03	+2.121e+03	+8.861e+03	+0.233
9.600	+6.165e+03	+1.486e+03	+9.719e+03	+0.194
9.700	+6.911e+03	+2.409e+03	+9.162e+03	+0.258
9.800	+7.584e+03	+2.526e+03	+9.283e+03	+0.250
9.900	+7.510e+03	+2.317e+03	+1.057e+04	+0.236
10.000	+8.444e+03	+2.241e+03	+8.723e+03	+0.210
10.100	+6.825e+03	+1.969e+03	+9.859e+03	+0.224
10.200	+5.758e+03	+3.095e+03	+9.656e+03	+0.350
10.300	+8.737e+03	+1.139e+03	+9.482e+03	+0.115
10.400	+6.259e+03	+2.909e+03	+1.088e+04	+0.317
10.500	+7.920e+03	+1.956e+03	+9.992e+03	+0.198
10.600	+6.956e+03	+1.659e+03	+1.002e+04	+0.193
10.700	+7.885e+03	+1.659e+03	+1.097e+04	+0.174
10.800	+7.010e+03	+3.636e+03	+1.060e+04	+0.342
10.900	+7.378e+03	+2.551e+03	+1.107e+04	+0.257
11.000	+8.741e+03	+1.901e+03	+1.057e+04	+0.179
11.100	+7.339e+03	+1.923e+03	+1.032e+04	+0.208
11.200	+8.246e+03	+1.605e+03	+1.001e+04	+0.163
11.300	+7.691e+03	+2.151e+03	+1.020e+04	+0.219
11.400	+7.113e+03	+3.201e+03	+1.029e+04	+0.310
11.500	+7.708e+03	+2.440e+03	+8.904e+03	+0.240
11.600	+7.026e+03	+2.407e+03	+1.103e+04	+0.255
11.700	+7.637e+03	+1.563e+03	+1.017e+04	+0.170
11.800	+6.637e+03	+2.780e+03	+1.007e+04	+0.295
11.900	+8.239e+03	+3.588e+03	+1.060e+04	+0.303
12.000	+8.168e+03	+3.698e+03	+8.873e+03	+0.312
12.100	+6.371e+03	+2.172e+03	+8.803e+03	+0.254
12.200	+8.228e+03	+2.426e+03	+9.930e+03	+0.228
12.300	+8.547e+03	+3.241e+03	+9.856e+03	+0.275
12.400	+6.933e+03	+2.293e+03	+9.685e+03	+0.249
12.500	+8.825e+03	+3.084e+03	+1.064e+04	+0.259
12.600	+7.559e+03	+2.567e+03	+1.039e+04	+0.254
12.700	+6.522e+03	+2.152e+03	+1.127e+04	+0.248
12.800	+7.217e+03	+2.137e+03	+9.399e+03	+0.228
12.900	+7.903e+03	+3.045e+03	+9.253e+03	+0.278
13.000	+8.067e+03	+2.336e+03	+9.935e+03	+0.225
13.100	+6.822e+03	+1.870e+03	+9.250e+03	+0.215
13.200	+7.122e+03	+3.666e+03	+9.030e+03	+0.340
13.300	+7.460e+03	+2.789e+03	+9.398e+03	+0.272
13.400	+7.056e+03	+2.161e+03	+9.402e+03	+0.234
13.500	+8.594e+03	+2.614e+03	+9.841e+03	+0.233
13.600	+6.345e+03	+2.424e+03	+1.057e+04	+0.276
13.700	+6.615e+03	+3.275e+03	+9.521e+03	+0.331
13.800	+7.304e+03	+2.134e+03	+1.072e+04	+0.226
13.900	+8.109e+03	+2.218e+03	+8.639e+03	+0.215
14.000	+7.176e+03	+3.455e+03	+9.495e+03	+0.325
14.100	+7.622e+03	+2.244e+03	+9.886e+03	+0.227
14.200	+6.626e+03	+1.781e+03	+9.293e+03	+0.212
14.300	+7.553e+03	+2.178e+03	+1.073e+04	+0.224
14.400	+7.954e+03	+1.278e+03	+9.968e+03	+0.138
14.500	+7.224e+03	+2.516e+03	+1.026e+04	+0.258
14.600	+6.416e+03	+2.219e+03	+1.060e+04	+0.257
14.700	+7.452e+03	+1.717e+03	+9.646e+03	+0.187
14.800	+7.611e+03	+3.142e+03	+9.182e+03	+0.292
14.900	+6.632e+03	+2.167e+03	+8.844e+03	+0.246
15.000	+7.939e+03	+3.001e+03	+9.683e+03	+0.274
15.100	+7.711e+03	+1.965e+03	+1.002e+04	+0.203
15.200	+7.649e+03	+3.172e+03	+1.046e+04	+0.293
15.300	+6.760e+03	+1.868e+03	+9.870e+03	+0.217
15.400	+7.685e+03	+3.133e+03	+1.034e+04	+0.290
15.500	+7.875e+03	+2.534e+03	+1.009e+04	+0.243
15.600	+8.100e+03	+3.238e+03	+9.054e+03	+0.286
15.700	+6.968e+03	+2.860e+03	+9.579e+03	+0.291
15.800	+6.955e+03	+2.946e+03	+1.075e+04	+0.298
15.900	+7.741e+03	+2.804e+03	+1.056e+04	+0.266
16.000	+7.659e+03	+2.578e+03	+1.158e+04	+0.252
16.100	+7.653e+03	+2.865e+03	+9.416e+03	+0.272
16.200	+8.082e+03	+2.167e+03	+9.668e+03	+0.211
16.300	+7.451e+03	+1.304e+03	+1.058e+04	+0.149
16.400	+7.843e+03	+3.297e+03	+1.006e+04	+0.296
16.500	+7.774e+03	+3.692e+03	+9.743e+03	+0.322
16.600	+8.885e+03	+3.816e+03	+1.148e+04	+0.300
16.700	+7.700e+03	+1.192e+03	+1.017e+04	+0.134
16.800	+8.399e+03	+1.642e+03	+9.154e+03	+0.164
16.900	+5.506e+03	+5.020e+03	+9.289e+03	+0.477
17.000	+5.652e+03	+5.171e+03	+9.983e+03	+0.478
17.100	+4.882e+03	+4.511e+03	+1.105e+04	+0.480
17.200	+4.612e+03	+5.309e+03	+9.617e+03	+0.535
17.300	+4.423e+03	+5.200e+03	+8.945e+03	+0.540
17.400	+5.187e+03	+6.006e+03	+9.236e+03	+0.537
17.500	+4.699e+03	+4.514e+03	+1.046e+04	+0.490
17.600	+5.137e+03	+5.181e+03	+8.564e+03	+0.502
17.700	+5.603e+03	+5.331e+03	+9.963e+03	+0.488
17.800	+4.721e+03	+5.839e+03	+1.030e+04	+0.553
17.900	+4.306e+03	+5.715e+03	+1.048e+04	+0.570
18.000	+5.706e+03	+5.465e+03	+9.193e+03	+0.489
18.100	+6.706e+03	+1.877e+03	+1.014e+04	+0.219
18.200	+8.204e+03	+1.710e+03	+1.035e+04	+0.173
18.300	+8.218e+03	+2.667e+03	+9.385e+03	+0.245
18.400	+7.237e+03	+2.637e+03	+9.867e+03	+0.267
18.500	+6.807e+03	+1.659e+03	+1.065e+04	+0.196
18.600	+6.718e+03	+2.165e+03	+9.157e+03	+0.244
18.700	+8.937e+03	+2.190e+03	+9.561e+03	+0.197
18.800	+7.828e+03	+2.803e+03	+1.171e+04	+0.264
18.900	+7.300e+03	+2.148e+03	+9.062e+03	+0.227
19.000	+6.987e+03	+2.492e+03	+1.068e+04	+0.263
19.100	+6.877e+03	+1.580e+03	+9.794e+03	+0.187
19.200	+7.273e+03	+4.008e+03	+1.061e+04	+0.355
19.300	+7.767e+03	+2.826e+03	+1.002e+04	+0.267
19.400	+6.734e+03	+3.165e+03	+9.000e+03	+0.320
19.500	+6.768e+03	+2.499e+03	+9.516e+03	+0.270
19.600	+6.654e+03	+3.046e+03	+1.061e+04	+0.314
19.700	+7.221e+03	+2.864e+03	+9.514e+03	+0.284
19.800	+6.651e+03	+3.111e+03	+9.395e+03	+0.319
19.900	+7.320e+03	+2.200e+03	+1.057e+04	+0.231
20.000	+6.608e+03	+2.918e+03	+9.227e+03	+0.306
20.100	+6.978e+03	+2.213e+03	+9.425e+03	+0.241
20.200	+7.942e+03	+2.860e+03	+9.258e+03	+0.265
20.300	+8.390e+03	+2.491e+03	+1.026e+04	+0.229
20.400	+8.210e+03	+2.956e+03	+9.558e+03	+0.265
20.500	+6.964e+03	+2.027e+03	+9.427e+03	+0.225
20.600	+8.133e+03	+2.792e+03	+1.019e+04	+0.256
20.700	+6.733e+03	+1.620e+03	+1.076e+04	+0.194
20.800	+7.653e+03	+2.300e+03	+9.449e+03	+0.231
20.900	+6.467e+03	+3.939e+03	+1.096e+04	+0.379
21.000	+8.646e+03	+2.145e+03	+9.124e+03	+0.199
21.100	+7.006e+03	+1.862e+03	+8.709e+03	+0.210
21.200	+8.014e+03	+2.538e+03	+9.591e+03	+0.241
21.300	+8.070e+03	+2.751e+03	+9.793e+03	+0.254
21.400	+7.155e+03	+2.573e+03	+8.822e+03	+0.265
21.500	+8.029e+03	+1.643e+03	+1.001e+04	+0.170
21.600	+7.364e+03	+3.699e+03	+1.184e+04	+0.334
21.700	+6.235e+03	+3.094e+03	+1.045e+04	+0.332
21.800	+6.987e+03	+3.351e+03	+9.519e+03	+0.324
21.900	+7.405e+03	+2.511e+03	+1.044e+04	+0.253
22.000	+6.958e+03	+2.953e+03	+9.810e+03	+0.298
22.100	+8.549e+03	+4.269e+03	+1.024e+04	+0.333
22.200	+7.115e+03	+2.521e+03	+9.812e+03	+0.262
22.300	+6.620e+03	+2.214e+03	+1.028e+04	+0.251
22.400	+8.182e+03	+3.628e+03	+1.023e+04	+0.307
22.500	+7.368e+03	+3.055e+03	+9.641e+03	+0.293
22.600	+8.343e+03	+2.051e+03	+9.954e+03	+0.197
22.700	+6.502e+03	+2.155e+03	+1.001e+04	+0.249
22.800	+7.387e+03	+2.550e+03	+1.011e+04	+0.257
22.900	+8.783e+03	+1.650e+03	+9.360e+03	+0.158
23.000	+7.014e+03	+2.306e+03	+1.041e+04	+0.247
23.100	+2.696e+03	+7.407e+03	+9.306e+03	+0.733
23.200	+2.775e+03	+9.139e+03	+9.239e+03	+0.767
23.300	+3.371e+03	+9.109e+03	+9.644e+03	+0.730
23.400	+2.062e+03	+7.887e+03	+9.726e+03	+0.793
23.500	+1.149e+03	+7.292e+03	+9.699e+03	+0.864
23.600	+2.113e+03	+8.985e+03	+9.177e+03	+0.810
23.700	+2.994e+03	+6.574e+03	+1.096e+04	+0.687
23.800	+2.602e+03	+9.011e+03	+9.047e+03	+0.776
23.900	+1.481e+03	+6.473e+03	+9.188e+03	+0.814
24.000	+1.097e+03	+8.802e+03	+9.864e+03	+0.889
24.100	+2.313e+03	+7.779e+03	+9.903e+03	+0.771
24.200	+2.260e+03	+7.731e+03	+9.372e+03	+0.774
24.300	+1.667e+03	+8.574e+03	+9.399e+03	+0.837
24.400	+2.194e+03	+7.280e+03	+1.030e+04	+0.768
24.500	+2.684e+03	+8.563e+03	+9.576e+03	+0.761
24.600	+1.814e+03	+8.313e+03	+1.019e+04	+0.821
24.700	+1.386e+03	+7.592e+03	+9.435e+03	+0.846
24.800	+3.430e+03	+7.931e+03	+9.062e+03	+0.698
24.900	+4.571e+02	+6.582e+03	+9.100e+03	+0.935
25.000	+2.307e+03	+6.912e+03	+9.422e+03	+0.750
25.100	+2.835e+03	+8.020e+03	+9.539e+03	+0.739
25.200	+1.918e+03	+7.904e+03	+1.074e+04	+0.805
25.300	+2.730e+03	+7.747e+03	+1.026e+04	+0.739
25.400	+3.066e+03	+7.681e+03	+8.679e+03	+0.715
25.500	+2.127e+03	+8.264e+03	+9.034e+03	+0.795
25.600	+2.136e+03	+7.944e+03	+8.867e+03	+0.788
25.700	+7.012e+02	+8.088e+03	+9.001e+03	+0.920
25.800	+2.112e+03	+8.057e+03	+9.652e+03	+0.792
25.900	+2.031e+03	+7.688e+03	+9.405e+03	+0.791
26.000	+1.392e+03	+7.547e+03	+9.887e+03	+0.844
26.100	+1.211e+03	+7.597e+03	+1.070e+04	+0.863
26.200	+3.083e+03	+8.476e+03	+1.095e+04	+0.733
26.300	+8.150e+02	+8.063e+03	+1.071e+04	+0.908
26.400	+2.502e+03	+7.186e+03	+9.910e+03	+0.742
26.500	+2.119e+03	+8.684e+03	+1.045e+04	+0.804
26.600	+2.426e+03	+7.605e+03	+8.862e+03	+0.758
26.700	+2.647e+03	+9.017e+03	+1.047e+04	+0.773
26.800	+1.191e+03	+7.607e+03	+9.343e+03	+0.865
26.900	+2.637e+03	+8.912e+03	+9.953e+03	+0.772
27.000	+1.002e+03	+8.143e+03	+1.004e+04	+0.890
27.100	+2.312e+03	+8.596e+03	+1.026e+04	+0.788
27.200	+1.635e+03	+6.764e+03	+9.376e+03	+0.805
27.300	+3.479e+03	+8.627e+03	+9.564e+03	+0.713
27.400	+2.146e+03	+8.565e+03	+1.027e+04	+0.800
27.500	+3.447e+03	+8.278e+03	+1.103e+04	+0.706
27.600	+5.975e+02	+6.845e+03	+1.040e+04	+0.920
27.700	+2.579e+03	+8.422e+03	+9.971e+03	+0.766
27.800	+1.978e+03	+8.094e+03	+9.538e+03	+0.804
27.900	+1.856e+03	+7.851e+03	+1.030e+04	+0.809
28.000	+1.343e+03	+8.540e+03	+1.052e+04	+0.864
28.100	+1.972e+03	+7.921e+03	+1.010e+04	+0.801
28.200	+2.516e+03	+7.120e+03	+1.072e+04	+0.739
28.300	+2.159e+03	+8.641e+03	+1.039e+04	+0.800
28.400	+2.160e+03	+7.961e+03	+8.947e+03	+0.787
28.500	+1.890e+03	+8.046e+03	+9.554e+03	+0.810
28.600	+1.679e+03	+8.528e+03	+1.074e+04	+0.835
28.700	+2.021e+03	+7.265e+03	+9.723e+03	+0.782
28.800	+1.042e+03	+8.323e+03	+1.063e+04	+0.889
28.900	+2.181e+03	+7.765e+03	+1.151e+04	+0.781
29.000	+1.944e+03	+7.912e+03	+1.069e+04	+0.803
29.100	+1.100e+03	+8.059e+03	+1.070e+04	+0.880
29.200	+2.815e+03	+6.406e+03	+1.049e+04	+0.695
29.300	+1.279e+03	+8.390e+03	+1.017e+04	+0.868
29.400	+1.119e+03	+8.096e+03	+1.027e+04	+0.879
29.500	+2.687e+03	+8.665e+03	+8.877e+03	+0.763
29.600	+2.226e+03	+8.908e+03	+1.028e+04	+0.800
29.700	+3.691e+03	+8.599e+03	+9.808e+03	+0.700
29.800	+2.368e+03	+7.703e+03	+9.131e+03	+0.765
29.900	+1.693e+03	+8.185e+03	+9.960e+03	+0.829
30.000	+2.558e+03	+7.018e+03	+8.867e+03	+0.733
30.100	+1.387e+03	+7.005e+03	+9.865e+03	+0.835
30.200	+2.589e+03	+7.752e+03	+1.149e+04	+0.750
30.300	+1.590e+03	+8.876e+03	+8.577e+03	+0.848
30.400	+1.682e+03	+7.123e+03	+1.106e+04	+0.809
30.500	+1.618e+03	+8.624e+03	+1.092e+04	+0.842
30.600	+1.242e+03	+6.495e+03	+1.101e+04	+0.839
30.700	+1.699e+03	+8.998e+03	+9.162e+03	+0.841
30.800	+2.168e+03	+8.100e+03	+9.562e+03	+0.789
30.900	+2.504e+03	+7.726e+03	+1.102e+04	+0.755
31.000	+2.611e+03	+8.208e+03	+1.009e+04	+0.759
31.100	+2.565e+03	+7.011e+03	+1.057e+04	+0.732
31.200	+5.560e+02	+7.017e+03	+9.983e+03	+0.927
31.300	+2.216e+03	+7.608e+03	+9.370e+03	+0.774
31.400	+2.235e+03	+7.909e+03	+1.034e+04	+0.780
31.500	+2.043e+03	+7.952e+03	+1.048e+04	+0.796
31.600	+2.315e+03	+8.090e+03	+8.854e+03	+0.777
31.700	+8.414e+02	+8.143e+03	+8.727e+03	+0.906
31.800	+3.250e+03	+8.539e+03	+1.211e+04	+0.724
31.900	+2.232e+03	+9.039e+03	+1.099e+04	+0.802
32.000	+2.752e+03	+7.020e+03	+1.024e+04	+0.718
32.100	+2.972e+03	+7.962e+03	+1.052e+04	+0.728
32.200	+1.481e+03	+8.220e+03	+1.111e+04	+0.847
32.300	+1.926e+03	+7.634e+03	+1.025e+04	+0.799
32.400	+9.908e+02	+8.117e+03	+9.920e+03	+0.891
32.500	+1.976e+03	+7.012e+03	+9.625e+03	+0.780
32.600	+2.275e+03	+7.711e+03	+1.035e+04	+0.772
32.700	+2.063e+03	+9.415e+03	+8.626e+03	+0.820
32.800	+2.648e+03	+6.883e+03	+1.110e+04	+0.722
32.900	+2.530e+03	+7.322e+03	+1.018e+04	+0.743
33.000	+2.119e+03	+8.319e+03	+1.051e+04	+0.797
33.100	+2.276e+03	+8.456e+03	+9.061e+03	+0.788
33.200	+2.335e+03	+6.467e+03	+1.063e+04	+0.735
33.300	+3.528e+03	+7.942e+03	+1.036e+04	+0.692
33.400	+3.105e+03	+8.977e+03	+9.221e+03	+0.743
33.500	+2.108e+03	+7.264e+03	+9.764e+03	+0.775
33.600	+8.645e+02	+8.808e+03	+9.314e+03	+0.911
33.700	+1.867e+03	+8.038e+03	+9.464e+03	+0.812
33.800	+2.346e+03	+7.904e+03	+9.796e+03	+0.771
33.900	+1.595e+03	+6.104e+03	+1.030e+04	+0.793
34.000	+6.015e+02	+8.156e+03	+9.222e+03	+0.931
34.100	+1.144e+03	+8.420e+03	+9.605e+03	+0.880
34.200	+3.049e+03	+8.191e+03	+9.849e+03	+0.729
34.300	+2.081e+03	+7.085e+03	+8.494e+03	+0.773
34.400	+1.968e+03	+6.618e+03	+8.340e+03	+0.771
34.500	+1.325e+03	+7.737e+03	+9.734e+03	+0.854
34.600	+1.976e+03	+8.376e+03	+1.038e+04	+0.809
34.700	+2.019e+03	+7.776e+03	+1.021e+04	+0.794
34.800	+4.170e+02	+8.137e+03	+9.791e+03	+0.951
34.900	+1.098e+03	+8.764e+03	+1.084e+04	+0.889
35.000	+1.656e+03	+7.169e+03	+1.140e+04	+0.812
35.100	+2.487e+03	+7.590e+03	+1.036e+04	+0.753
35.200	+2.922e+03	+8.653e+03	+1.223e+04	+0.748
35.300	+2.935e+03	+6.866e+03	+1.046e+04	+0.701
35.400	+3.254e+03	+8.599e+03	+9.736e+03	+0.725
35.500	+1.005e+03	+8.819e+03	+9.549e+03	+0.898
35.600	+1.526e+03	+8.521e+03	+9.541e+03	+0.848
35.700	+2.639e+03	+7.516e+03	+1.028e+04	+0.740
35.800	+1.483e+03	+7.949e+03	+9.040e+03	+0.843
35.900	+1.523e+03	+8.525e+03	+1.079e+04	+0.848
36.000	+1.496e+03	+7.471e+03	+1.088e+04	+0.833
36.100	+2.235e+03	+7.721e+03	+9.918e+03	+0.776
36.200	+1.805e+03	+8.677e+03	+1.018e+04	+0.828
36.300	+2.397e+03	+8.685e+03	+1.058e+04	+0.784
36.400	+2.016e+03	+8.043e+03	+9.241e+03	+0.800
36.500	+1.688e+03	+8.759e+03	+1.039e+04	+0.838
36.600	+1.544e+03	+8.310e+03	+1.033e+04	+0.843
36.700	+3.327e+03	+7.657e+03	+1.069e+04	+0.697
36.800	+1.735e+03	+6.773e+03	+1.015e+04	+0.796
36.900	+1.642e+03	+7.899e+03	+1.204e+04	+0.828
37.000	+1.051e+03	+8.597e+03	+9.615e+03	+0.891
37.100	+1.860e+03	+8.110e+03	+1.065e+04	+0.813
37.200	+6.894e+02	+7.937e+03	+1.098e+04	+0.920
37.300	+3.001e+03	+8.525e+03	+8.533e+03	+0.740
37.400	+1.607e+03	+7.574e+03	+1.024e+04	+0.825
37.500	+1.412e+03	+7.903e+03	+9.712e+03	+0.848
37.600	+3.316e+03	+8.771e+03	+1.013e+04	+0.726
37.700	+3.126e+03	+6.982e+03	+1.096e+04	+0.691
37.800	+2.731e+03	+7.966e+03	+1.191e+04	+0.745
37.900	+2.563e+03	+6.939e+03	+1.089e+04	+0.730
38.000	+1.343e+03	+7.510e+03	+8.903e+03	+0.848
38.100	+1.223e+03	+8.888e+03	+1.122e+04	+0.879
38.200	+2.093e+03	+8.483e+03	+1.012e+04	+0.802
38.300	+2.373e+03	+8.239e+03	+9.044e+03	+0.776
38.400	+2.139e+03	+8.103e+03	+1.051e+04	+0.791
38.500	+1.401e+03	+8.508e+03	+1.003e+04	+0.859
38.600	+3.017e+03	+8.226e+03	+9.391e+03	+0.732
38.700	+3.035e+03	+7.605e+03	+1.039e+04	+0.715
38.800	+1.313e+03	+9.165e+03	+8.438e+03	+0.875
38.900	+2.093e+03	+6.786e+03	+1.018e+04	+0.764
39.000	+1.340e+03	+7.419e+03	+9.946e+03	+0.847
39.100	+1.547e+03	+8.380e+03	+9.384e+03	+0.844
39.200	+2.530e+03	+6.776e+03	+1.090e+04	+0.728
39.300	+1.736e+03	+8.712e+03	+9.386e+03	+0.834
39.400	+2.135e+03	+8.408e+03	+9.205e+03	+0.797
39.500	+1.538e+03	+8.065e+03	+1.080e+04	+0.840
39.600	+2.191e+03	+7.660e+03	+1.064e+04	+0.778
39.700	+1.679e+03	+7.853e+03	+9.548e+03	+0.824
39.800	+1.303e+03	+9.034e+03	+1.016e+04	+0.874
39.900	+2.637e+03	+7.951e+03	+1.009e+04	+0.751
40.000	+1.960e+03	+7.984e+03	+1.044e+04	+0.803
40.100	+1.640e+03	+8.951e+03	+9.891e+03	+0.845
40.200	+1.957e+03	+9.009e+03	+1.056e+04	+0.822
40.300	+2.083e+03	+8.188e+03	+9.652e+03	+0.797
40.400	+1.542e+03	+8.617e+03	+9.528e+03	+0.848
40.500	+3.341e+03	+8.297e+03	+9.067e+03	+0.713
40.600	+2.211e+03	+7.625e+03	+9.845e+03	+0.775
40.700	+1.391e+03	+7.964e+03	+1.117e+04	+0.851
40.800	+2.258e+03	+7.482e+03	+1.076e+04	+0.768
40.900	+2.008e+03	+8.038e+03	+9.530e+03	+0.800
41.000	+3.231e+03	+7.899e+03	+1.099e+04	+0.710
41.100	+2.279e+03	+8.112e+03	+1.063e+04	+0.781
41.200	+1.709e+03	+7.744e+03	+1.004e+04	+0.819
41.300	+1.046e+03	+9.181e+03	+1.063e+04	+0.898
41.400	+1.174e+03	+8.543e+03	+1.134e+04	+0.879
41.500	+2.652e+03	+8.031e+03	+9.328e+03	+0.752
41.600	+9.968e+02	+8.233e+03	+9.866e+03	+0.892
41.700	+2.178e+03	+7.531e+03	+8.290e+03	+0.776
41.800	+4.108e+03	+7.709e+03	+9.827e+03	+0.652
41.900	+3.563e+03	+7.529e+03	+1.135e+04	+0.679
42.000	+2.389e+03	+7.965e+03	+9.688e+03	+0.769
42.100	+1.159e+03	+7.283e+03	+7.712e+03	+0.863
42.200	+1.109e+03	+8.209e+03	+1.080e+04	+0.881
42.300	+2.327e+03	+7.770e+03	+9.411e+03	+0.770
42.400	+1.623e+03	+8.011e+03	+8.996e+03	+0.832
42.500	+2.954e+03	+7.508e+03	+9.773e+03	+0.718
42.600	+3.244e+03	+4.538e+03	+1.070e+04	+0.583
42.700	+5.288e+03	+4.283e+03	+9.816e+03	+0.448
42.800	+4.238e+03	+3.877e+03	+8.919e+03	+0.478
42.900	+6.117e+03	+4.422e+03	+8.669e+03	+0.420
43.000	+4.823e+03	+3.592e+03	+8.685e+03	+0.427
43.100	+5.127e+03	+5.631e+03	+1.077e+04	+0.523
43.200	+5.457e+03	+4.569e+03	+1.055e+04	+0.456
43.300	+5.741e+03	+5.359e+03	+9.968e+03	+0.483
43.400	+3.940e+03	+4.889e+03	+9.809e+03	+0.554
43.500	+4.783e+03	+4.034e+03	+9.069e+03	+0.458
43.600	+4.691e+03	+3.500e+03	+9.938e+03	+0.427
43.700	+5.839e+03	+4.949e+03	+1.117e+04	+0.459
43.800	+5.345e+03	+4.857e+03	+9.441e+03	+0.476
43.900	+5.095e+03	+4.157e+03	+9.122e+03	+0.449
44.000	+3.895e+03	+4.872e+03	+1.174e+04	+0.556
44.100	+5.488e+03	+5.377e+03	+1.036e+04	+0.495
44.200	+4.713e+03	+3.617e+03	+1.155e+04	+0.434
44.300	+4.625e+03	+5.545e+03	+9.191e+03	+0.545
44.400	+5.237e+03	+5.530e+03	+1.091e+04	+0.514
44.500	+4.747e+03	+6.671e+03	+9.842e+03	+0.584
44.600	+5.115e+03	+4.785e+03	+1.027e+04	+0.483
44.700	+4.324e+03	+4.638e+03	+9.332e+03	+0.518
44.800	+4.900e+03	+4.688e+03	+1.027e+04	+0.489
44.900	+4.136e+03	+5.035e+03	+1.087e+04	+0.549
45.000	+4.061e+03	+4.225e+03	+9.406e+03	+0.510
45.100	+4.800e+03	+5.295e+03	+9.653e+03	+0.525
45.200	+4.024e+03	+3.682e+03	+9.947e+03	+0.478
45.300	+7.292e+03	+5.734e+03	+9.777e+03	+0.440
45.400	+5.260e+03	+5.783e+03	+1.003e+04	+0.524
45.500	+4.348e+03	+4.785e+03	+1.078e+04	+0.524
45.600	+5.992e+03	+5.123e+03	+9.806e+03	+0.461
45.700	+5.688e+03	+3.467e+03	+9.665e+03	+0.379
45.800	+6.137e+03	+4.544e+03	+9.626e+03	+0.425
45.900	+4.374e+03	+4.416e+03	+1.035e+04	+0.502
46.000	+5.104e+03	+4.222e+03	+9.819e+03	+0.453
46.100	+5.147e+03	+4.787e+03	+9.368e+03	+0.482
46.200	+4.534e+03	+5.498e+03	+9.754e+03	+0.548
46.300	+4.572e+03	+4.943e+03	+1.065e+04	+0.519
46.400	+5.231e+03	+4.986e+03	+1.010e+04	+0.488
46.500	+5.151e+03	+6.204e+03	+1.036e+04	+0.546
46.600	+4.939e+03	+3.833e+03	+1.045e+04	+0.437
46.700	+4.961e+03	+5.511e+03	+1.110e+04	+0.526
46.800	+6.081e+03	+4.555e+03	+9.460e+03	+0.428
46.900	+4.654e+03	+5.421e+03	+9.496e+03	+0.538
47.000	+3.100e+03	+3.914e+03	+1.076e+04	+0.558
47.100	+4.630e+03	+4.075e+03	+1.086e+04	+0.468
47.200	+4.563e+03	+4.686e+03	+9.989e+03	+0.507
47.300	+4.339e+03	+4.664e+03	+9.815e+03	+0.518
47.400	+4.999e+03	+5.090e+03	+1.026e+04	+0.505
47.500	+5.149e+03	+5.017e+03	+9.488e+03	+0.494
47.600	+4.952e+03	+5.046e+03	+9.939e+03	+0.505
47.700	+4.447e+03	+6.455e+03	+8.773e+03	+0.592
47.800	+5.843e+03	+4.938e+03	+1.001e+04	+0.458
47.900	+4.753e+03	+6.358e+03	+1.012e+04	+0.572
48.000	+3.733e+03	+5.027e+03	+9.029e+03	+0.574
48.100	+3.681e+03	+5.607e+03	+1.185e+04	+0.604
48.200	+4.586e+03	+4.161e+03	+1.061e+04	+0.476
48.300	+6.382e+03	+5.137e+03	+1.000e+04	+0.446
48.400	+4.949e+03	+5.954e+03	+1.086e+04	+0.546
48.500	+4.386e+03	+5.007e+03	+1.073e+04	+0.533
48.600	+5.420e+03	+5.230e+03	+1.064e+04	+0.491
48.700	+4.665e+03	+4.398e+03	+1.087e+04	+0.485
48.800	+6.262e+03	+5.750e+03	+8.759e+03	+0.479
48.900	+5.424e+03	+5.170e+03	+9.576e+03	+0.488
49.000	+5.628e+03	+5.992e+03	+9.670e+03	+0.516
49.100	+5.012e+03	+5.397e+03	+9.295e+03	+0.519
49.200	+4.287e+03	+5.451e+03	+1.046e+04	+0.560
49.300	+3.372e+03	+5.053e+03	+9.488e+03	+0.600
49.400	+5.946e+03	+4.329e+03	+1.008e+04	+0.421
49.500	+4.315e+03	+5.208e+03	+1.010e+04	+0.547
49.600	+4.414e+03	+4.189e+03	+9.710e+03	+0.487
49.700	+5.790e+03	+2.780e+03	+9.166e+03	+0.324
49.800	+5.522e+03	+4.698e+03	+1.000e+04	+0.460
49.900	+5.755e+03	+4.929e+03	+1.008e+04	+0.461
50.000	+3.768e+03	+4.660e+03	+1.098e+04	+0.553
50.100	+5.265e+03	+3.514e+03	+9.982e+03	+0.400
50.200	+3.924e+03	+5.397e+03	+1.023e+04	+0.579
50.300	+5.183e+03	+5.714e+03	+9.458e+03	+0.524
50.400	+4.068e+03	+4.666e+03	+1.003e+04	+0.534
50.500	+4.240e+03	+5.253e+03	+1.146e+04	+0.553
50.600	+5.022e+03	+4.906e+03	+1.006e+04	+0.494
50.700	+5.923e+03	+3.607e+03	+9.233e+03	+0.378
50.800	+5.276e+03	+5.145e+03	+1.113e+04	+0.494
50.900	+5.914e+03	+5.657e+03	+1.024e+04	+0.489
51.000	+5.248e+03	+4.094e+03	+9.041e+03	+0.438
51.100	+4.816e+03	+4.575e+03	+9.538e+03	+0.487
51.200	+5.277e+03	+4.353e+03	+9.363e+03	+0.452
51.300	+6.087e+03	+4.928e+03	+9.634e+03	+0.447
51.400	+5.333e+03	+6.307e+03	+1.068e+04	+0.542
51.500	+4.414e+03	+4.534e+03	+9.574e+03	+0.507
51.600	+4.927e+03	+5.471e+03	+8.248e+03	+0.526
51.700	+4.103e+03	+4.464e+03	+1.023e+04	+0.521
51.800	+4.861e+03	+5.433e+03	+1.120e+04	+0.528
51.900	+4.889e+03	+4.781e+03	+9.262e+03	+0.494
52.000	+5.126e+03	+5.249e+03	+9.838e+03	+0.506
52.100	+5.195e+03	+5.597e+03	+9.714e+03	+0.519
52.200	+4.207e+03	+4.785e+03	+9.639e+03	+0.532
52.300	+5.573e+03	+4.329e+03	+1.010e+04	+0.437
52.400	+4.615e+03	+3.758e+03	+9.935e+03	+0.449
52.500	+6.036e+03	+4.391e+03	+1.026e+04	+0.421
52.600	+4.477e+03	+4.395e+03	+9.663e+03	+0.495
52.700	+5.227e+03	+5.272e+03	+1.008e+04	+0.502
52.800	+4.496e+03	+4.548e+03	+8.726e+03	+0.503
52.900	+5.083e+03	+3.862e+03	+1.042e+04	+0.432
53.000	+4.336e+03	+5.175e+03	+9.581e+03	+0.544
53.100	+3.320e+03	+4.511e+03	+1.144e+04	+0.576
53.200	+5.619e+03	+5.132e+03	+9.884e+03	+0.477
53.300	+4.604e+03	+4.098e+03	+1.097e+04	+0.471
53.400	+4.865e+03	+4.663e+03	+1.125e+04	+0.489
53.500	+5.419e+03	+5.595e+03	+9.804e+03	+0.508
53.600	+4.977e+03	+4.522e+03	+9.628e+03	+0.476
53.700	+5.683e+03	+4.858e+03	+1.033e+04	+0.461
53.800	+4.880e+03	+5.454e+03	+1.023e+04	+0.528
53.900	+5.430e+03	+4.694e+03	+1.152e+04	+0.464
54.000	+5.779e+03	+4.339e+03	+1.045e+04	+0.429
54.100	+4.242e+03	+5.660e+03	+9.734e+03	+0.572
54.200	+4.365e+03	+4.431e+03	+1.021e+04	+0.504
54.300	+5.273e+03	+5.522e+03	+9.815e+03	+0.511
54.400	+4.059e+03	+4.498e+03	+9.119e+03	+0.526
54.500	+4.029e+03	+5.700e+03	+1.132e+04	+0.586
54.600	+5.505e+03	+4.060e+03	+8.760e+03	+0.424
54.700	+6.147e+03	+5.044e+03	+1.152e+04	+0.451
54.800	+4.027e+03	+6.037e+03	+9.855e+03	+0.600
54.900	+4.832e+03	+4.809e+03	+9.521e+03	+0.499
55.000	+4.168e+03	+4.548e+03	+9.763e+03	+0.522
55.100	+5.782e+03	+4.972e+03	+9.305e+03	+0.462
55.200	+5.448e+03	+5.200e+03	+9.176e+03	+0.488
55.300	+4.463e+03	+5.827e+03	+1.011e+04	+0.566
55.400	+5.417e+03	+4.970e+03	+1.085e+04	+0.478
55.500	+5.339e+03	+3.910e+03	+1.067e+04	+0.423
55.600	+4.116e+03	+5.193e+03	+1.072e+04	+0.558
55.700	+4.704e+03	+3.963e+03	+9.792e+03	+0.457
55.800	+5.708e+03	+6.784e+03	+9.863e+03	+0.543
55.900	+5.447e+03	+5.475e+03	+1.070e+04	+0.501
56.000	+4.713e+03	+4.433e+03	+1.041e+04	+0.485
56.100	+5.061e+03	+5.426e+03	+9.744e+03	+0.517
56.200	+5.311e+03	+4.793e+03	+1.081e+04	+0.474
56.300	+4.901e+03	+4.355e+03	+9.336e+03	+0.471
56.400	+3.475e+03	+4.354e+03	+1.164e+04	+0.556
56.500	+4.615e+03	+4.395e+03	+1.069e+04	+0.488
56.600	+5.557e+03	+4.689e+03	+9.387e+03	+0.458
56.700	+3.992e+03	+4.037e+03	+8.800e+03	+0.503
56.800	+5.393e+03	+3.602e+03	+9.524e+03	+0.400
56.900	+5.556e+03	+4.668e+03	+9.467e+03	+0.457
57.000	+7.772e+03	+1.954e+03	+1.096e+04	+0.201
57.100	+8.198e+03	+2.501e+03	+1.010e+04	+0.234
57.200	+7.067e+03	+3.369e+03	+9.988e+03	+0.323
57.300	+7.404e+03	+3.471e+03	+1.049e+04	+0.319
57.400	+6.413e+03	+2.932e+03	+1.122e+04	+0.314
57.500	+8.428e+03	+3.498e+03	+1.015e+04	+0.293
57.600	+7.839e+03	+2.898e+03	+9.199e+03	+0.270
57.700	+7.029e+03	+1.942e+03	+1.051e+04	+0.216
57.800	+6.333e+03	+1.971e+03	+1.021e+04	+0.237
57.900	+6.848e+03	+3.414e+03	+9.934e+03	+0.333
58.000	+9.573e+03	+2.098e+03	+1.027e+04	+0.180
58.100	+5.714e+03	+3.426e+03	+9.549e+03	+0.375
58.200	+8.316e+03	+2.563e+03	+1.186e+04	+0.236
58.300	+8.687e+03	+2.752e+03	+9.585e+03	+0.241
58.400	+6.249e+03	+2.344e+03	+1.001e+04	+0.273
58.500	+8.067e+03	+2.906e+03	+1.010e+04	+0.265
58.600	+4.446e+03	+2.612e+03	+1.074e+04	+0.370
58.700	+7.275e+03	+2.008e+03	+9.957e+03	+0.216
58.800	+7.607e+03	+4.112e+03	+9.510e+03	+0.351
58.900	+6.757e+03	+2.462e+03	+1.148e+04	+0.267
59.000	+6.659e+03	+2.645e+03	+9.973e+03	+0.284
59.100	+7.466e+03	+1.178e+03	+1.007e+04	+0.136
59.200	+7.871e+03	+3.273e+03	+1.054e+04	+0.294
59.300	+7.982e+03	+1.623e+03	+1.123e+04	+0.169
59.400	+7.663e+03	+2.806e+03	+1.068e+04	+0.268
59.500	+6.765e+03	+2.330e+03	+9.672e+03	+0.256
59.600	+8.029e+03	+2.874e+03	+1.092e+04	+0.264
59.700	+8.292e+03	+2.463e+03	+1.035e+04	+0.229
59.800	+8.539e+03	+2.904e+03	+1.094e+04	+0.254
59.900	+8.519e+03	+1.950e+03	+1.030e+04	+0.186
60.000	+8.473e+03	+2.679e+03	+9.282e+03	+0.240
60.100	+8.331e+03	+3.399e+03	+1.046e+04	+0.290
60.200	+7.182e+03	+1.365e+03	+1.028e+04	+0.160
60.300	+8.082e+03	+3.180e+03	+9.373e+03	+0.282
60.400	+8.259e+03	+1.864e+03	+1.061e+04	+0.184
60.500	+8.280e+03	+1.491e+03	+9.730e+03	+0.153
60.600	+7.980e+03	+1.579e+03	+1.013e+04	+0.165
60.700	+7.287e+03	+2.451e+03	+1.002e+04	+0.252
60.800	+6.595e+03	+2.691e+03	+1.024e+04	+0.290
60.900	+6.805e+03	+3.200e+03	+9.767e+03	+0.320
61.000	+7.927e+03	+1.320e+03	+9.613e+03	+0.143
61.100	+6.233e+03	+2.102e+03	+1.035e+04	+0.252
61.200	+7.401e+03	+1.892e+03	+1.056e+04	+0.204
61.300	+8.067e+03	+1.435e+03	+9.287e+03	+0.151
61.400	+7.327e+03	+2.133e+03	+9.189e+03	+0.225
61.500	+7.156e+03	+1.497e+03	+1.087e+04	+0.173
61.600	+7.808e+03	+1.833e+03	+9.524e+03	+0.190
61.700	+7.439e+03	+1.703e+03	+9.428e+03	+0.186
61.800	+6.688e+03	+2.801e+03	+9.351e+03	+0.295
61.900	+7.428e+03	+3.228e+03	+9.762e+03	+0.303
62.000	+7.479e+03	+1.829e+03	+9.164e+03	+0.197
62.100	+7.731e+03	+1.419e+03	+9.899e+03	+0.155
62.200	+8.571e+03	+2.516e+03	+9.163e+03	+0.227
62.300	+8.345e+03	+2.733e+03	+1.000e+04	+0.247
62.400	+7.720e+03	+1.576e+03	+9.031e+03	+0.170
62.500	+6.305e+03	+1.943e+03	+9.358e+03	+0.236
62.600	+7.361e+03	-3.865e+02	+8.386e+03	-0.055
62.700	+8.111e+03	+2.211e+03	+9.476e+03	+0.214
62.800	+7.825e+03	+1.900e+03	+1.055e+04	+0.195
62.900	+5.963e+03	+2.208e+03	+8.712e+03	+0.270
63.000	+8.064e+03	+2.370e+03	+8.907e+03	+0.227
63.100	+7.462e+03	+2.753e+03	+1.034e+04	+0.269
63.200	+6.466e+03	+1.653e+03	+9.448e+03	+0.204
63.300	+7.653e+03	+2.116e+03	+1.080e+04	+0.217
63.400	+6.084e+03	+3.221e+03	+9.449e+03	+0.346
63.500	+7.216e+03	+2.950e+03	+8.615e+03	+0.290
63.600	+7.265e+03	+1.536e+03	+1.034e+04	+0.175
63.700	+8.408e+03	+2.813e+03	+9.697e+03	+0.251
63.800	+6.468e+03	+2.319e+03	+1.055e+04	+0.264
63.900	+6.864e+03	+2.836e+03	+9.183e+03	+0.292
64.000	+7.613e+03	+1.145e+03	+9.327e+03	+0.131
64.100	+8.206e+03	+2.831e+03	+1.025e+04	+0.256
64.200	+6.141e+03	+3.661e+03	+1.014e+04	+0.374
64.300	+7.785e+03	+1.328e+03	+8.741e+03	+0.146
64.400	+7.349e+03	+5.809e+02	+1.004e+04	+0.073
64.500	+8.242e+03	+2.661e+03	+1.041e+04	+0.244
64.600	+7.235e+03	+2.068e+03	+9.982e+03	+0.222
64.700	+7.940e+03	+1.673e+03	+1.134e+04	+0.174
64.800	+7.966e+03	+3.082e+03	+1.179e+04	+0.279
64.900	+7.350e+03	+1.890e+03	+9.892e+03	+0.205
65.000	+7.356e+03	+1.667e+03	+9.716e+03	+0.185
65.100	+7.604e+03	+2.716e+03	+1.014e+04	+0.263
65.200	+6.935e+03	+4.113e+03	+1.063e+04	+0.372
65.300	+7.452e+03	+2.372e+03	+1.003e+04	+0.241
65.400	+7.873e+03	+2.422e+03	+1.030e+04	+0.235
65.500	+8.226e+03	+3.316e+03	+1.021e+04	+0.287
65.600	+8.872e+03	+2.085e+03	+9.906e+03	+0.190
65.700	+8.434e+03	+2.317e+03	+9.957e+03	+0.216
65.800	+6.604e+03	+2.144e+03	+1.039e+04	+0.245
65.900	+6.853e+03	+1.541e+03	+9.936e+03	+0.184
66.000	+7.394e+03	+1.983e+03	+9.880e+03	+0.211
66.100	+7.383e+03	+2.033e+03	+1.011e+04	+0.216
66.200	+7.474e+03	+2.708e+03	+1.110e+04	+0.266
66.300	+7.173e+03	+1.944e+03	+1.030e+04	+0.213
66.400	+8.485e+03	+2.271e+03	+1.033e+04	+0.211
66.500	+6.342e+03	+3.155e+03	+9.431e+03	+0.332
66.600	+7.092e+03	+2.651e+03	+9.738e+03	+0.272
66.700	+6.664e+03	+1.813e+03	+9.444e+03	+0.214
66.800	+7.604e+03	+2.365e+03	+1.046e+04	+0.237
66.900	+8.001e+03	+2.949e+03	+1.092e+04	+0.269
67.000	+6.737e+03	+3.483e+03	+9.038e+03	+0.341
67.100	+6.781e+03	+2.305e+03	+9.492e+03	+0.254
67.200	+7.448e+03	+1.698e+03	+9.100e+03	+0.186
67.300	+7.259e+03	+6.379e+02	+1.091e+04	+0.081
67.400	+6.800e+03	+2.275e+03	+1.018e+04	+0.251
67.500	+7.460e+03	+3.302e+03	+1.010e+04	+0.307
67.600	+7.670e+03	+2.510e+03	+9.838e+03	+0.247
67.700	+6.998e+03	+2.540e+03	+9.934e+03	+0.266
67.800	+8.366e+03	+2.881e+03	+9.938e+03	+0.256
67.900	+8.266e+03	+2.378e+03	+9.819e+03	+0.223
68.000	+7.374e+03	+2.900e+03	+1.007e+04	+0.282
68.100	+7.788e+03	+2.202e+03	+9.827e+03	+0.220
68.200	+7.883e+03	+3.047e+03	+9.416e+03	+0.279
68.300	+8.484e+03	+2.865e+03	+9.251e+03	+0.252
68.400	+8.222e+03	+1.546e+03	+9.657e+03	+0.158
68.500	+8.252e+03	+2.549e+03	+1.017e+04	+0.236
68.600	+7.497e+03	+3.356e+03	+9.993e+03	+0.309
68.700	+7.407e+03	+3.331e+03	+9.687e+03	+0.310
68.800	+7.633e+03	+2.561e+03	+9.940e+03	+0.251
68.900	+9.397e+03	+2.692e+03	+1.029e+04	+0.223
69.000	+5.847e+03	+2.624e+03	+1.011e+04	+0.310
69.100	+7.532e+03	+1.792e+03	+9.953e+03	+0.192
69.200	+6.870e+03	+2.541e+03	+8.352e+03	+0.270
69.300	+6.399e+03	+1.313e+03	+1.063e+04	+0.170
69.400	+7.103e+03	+3.152e+03	+8.697e+03	+0.307
69.500	+6.829e+03	+3.610e+03	+9.692e+03	+0.346
69.600	+7.005e+03	+3.301e+03	+1.100e+04	+0.320
69.700	+6.881e+03	+2.679e+03	+1.077e+04	+0.280
69.800	+7.462e+03	+3.115e+03	+1.017e+04	+0.294
69.900	+8.708e+03	+4.011e+03	+9.084e+03	+0.315
70.000	+6.947e+03	+4.082e+03	+1.049e+04	+0.370
70.100	+7.025e+03	+8.968e+02	+9.769e+03	+0.113
70.200	+8.054e+03	+2.727e+03	+9.103e+03	+0.253
70.300	+8.226e+03	+1.849e+03	+9.098e+03	+0.183
70.400	+6.753e+03	+1.688e+03	+9.479e+03	+0.200
70.500	+8.065e+03	+2.714e+03	+1.103e+04	+0.252
70.600	+7.564e+03	+2.332e+03	+1.066e+04	+0.236
70.700	+7.437e+03	+3.077e+03	+9.321e+03	+0.293
70.800	+6.801e+03	+1.965e+03	+9.580e+03	+0.224
70.900	+8.048e+03	+2.656e+03	+9.469e+03	+0.248
71.000	+6.359e+03	+3.524e+03	+1.056e+04	+0.357
71.100	+8.635e+03	+2.618e+03	+9.710e+03	+0.233
71.200	+7.105e+03	+2.089e+03	+1.124e+04	+0.227
71.300	+7.279e+03	+2.678e+03	+9.847e+03	+0.269
71.400	+6.517e+03	+2.768e+03	+9.698e+03	+0.298
71.500	+6.781e+03	+1.936e+03	+9.728e+03	+0.222
71.600	+7.040e+03	+3.167e+03	+9.873e+03	+0.310
71.700	+7.810e+03	+2.712e+03	+1.045e+04	+0.258
71.800	+6.951e+03	+1.818e+03	+1.064e+04	+0.207
71.900	+8.642e+03	+1.879e+03	+1.045e+04	+0.179
72.000	+7.238e+03	+2.598e+03	+1.011e+04	+0.264
72.100	+6.628e+03	+3.060e+03	+1.136e+04	+0.316
72.200	+8.110e+03	+2.172e+03	+1.075e+04	+0.211
72.300	+6.089e+03	+3.267e+03	+9.615e+03	+0.349
72.400	+7.644e+03	+2.709e+03	+9.942e+03	+0.262
72.500	+8.395e+03	+2.211e+03	+9.876e+03	+0.209
72.600	+7.557e+03	+1.333e+03	+1.040e+04	+0.150
72.700	+7.615e+03	+1.388e+03	+9.352e+03	+0.154
72.800	+8.261e+03	+2.225e+03	+1.071e+04	+0.212
72.900	+7.792e+03	+2.876e+03	+1.021e+04	+0.270
73.000	+7.452e+03	+2.699e+03	+1.053e+04	+0.266
73.100	+5.390e+03	+4.853e+03	+9.636e+03	+0.474
73.200	+4.313e+03	+4.874e+03	+9.962e+03	+0.531
73.300	+5.262e+03	+5.541e+03	+9.704e+03	+0.513
73.400	+5.705e+03	+3.653e+03	+1.104e+04	+0.390
73.500	+5.324e+03	+4.580e+03	+8.888e+03	+0.462
73.600	+5.184e+03	+4.787e+03	+1.056e+04	+0.480
73.700	+4.645e+03	+3.881e+03	+9.932e+03	+0.455
73.800	+5.179e+03	+5.433e+03	+1.054e+04	+0.512
73.900	+6.237e+03	+5.250e+03	+9.710e+03	+0.457
74.000	+4.703e+03	+4.183e+03	+8.739e+03	+0.471
74.100	+5.340e+03	+4.066e+03	+8.533e+03	+0.432
74.200	+5.108e+03	+4.134e+03	+9.225e+03	+0.447
74.300	+4.507e+03	+4.644e+03	+9.924e+03	+0.507
74.400	+5.344e+03	+5.355e+03	+9.552e+03	+0.501
74.500	+4.790e+03	+4.802e+03	+1.103e+04	+0.501
74.600	+3.729e+03	+5.118e+03	+8.933e+03	+0.579
74.700	+4.480e+03	+4.334e+03	+9.186e+03	+0.492
74.800	+4.595e+03	+4.533e+03	+1.148e+04	+0.497
74.900	+5.189e+03	+5.286e+03	+9.779e+03	+0.505
75.000	+4.976e+03	+5.292e+03	+1.049e+04	+0.515
75.100	+4.727e+03	+4.346e+03	+1.016e+04	+0.479
75.200	+4.871e+03	+3.800e+03	+9.941e+03	+0.438
75.300	+4.012e+03	+4.649e+03	+1.099e+04	+0.537
75.400	+4.553e+03	+5.447e+03	+1.099e+04	+0.545
75.500	+6.289e+03	+5.998e+03	+1.042e+04	+0.488
75.600	+4.235e+03	+5.221e+03	+1.065e+04	+0.552
75.700	+5.039e+03	+6.483e+03	+1.143e+04	+0.563
75.800	+5.300e+03	+5.625e+03	+1.138e+04	+0.515
75.900	+5.774e+03	+4.955e+03	+1.005e+04	+0.462
76.000	+5.102e+03	+5.281e+03	+1.028e+04	+0.509
76.100	+6.904e+03	+3.376e+03	+1.106e+04	+0.328
76.200	+7.906e+03	+3.494e+03	+9.874e+03	+0.306
76.300	+7.931e+03	+3.197e+03	+9.616e+03	+0.287
76.400	+7.695e+03	+2.597e+03	+1.015e+04	+0.252
76.500	+6.672e+03	+1.502e+03	+9.329e+03	+0.184
76.600	+8.303e+03	+1.580e+03	+9.032e+03	+0.160
76.700	+7.594e+03	+3.033e+03	+1.025e+04	+0.285
76.800	+7.973e+03	+2.297e+03	+1.046e+04	+0.224
76.900	+7.916e+03	+2.226e+03	+9.600e+03	+0.219
77.000	+7.950e+03	+2.394e+03	+9.113e+03	+0.231
77.100	+7.119e+03	+3.078e+03	+1.058e+04	+0.302
77.200	+7.605e+03	+1.912e+03	+1.022e+04	+0.201
77.300	+7.997e+03	+2.256e+03	+9.230e+03	+0.220
77.400	+7.704e+03	+2.328e+03	+9.446e+03	+0.232
77.500	+6.551e+03	+1.999e+03	+1.029e+04	+0.234
77.600	+7.466e+03	+2.701e+03	+8.875e+03	+0.266
77.700	+6.057e+03	+5.036e+03	+9.345e+03	+0.454
77.800	+3.351e+03	+4.853e+03	+1.045e+04	+0.592
77.900	+4.430e+03	+4.792e+03	+9.202e+03	+0.520
78.000	+5.648e+03	+4.271e+03	+1.051e+04	+0.431
78.100	+5.622e+03	+5.186e+03	+9.441e+03	+0.480
78.200	+4.782e+03	+4.160e+03	+1.123e+04	+0.465
78.300	+4.819e+03	+6.336e+03	+9.835e+03	+0.568
78.400	+5.661e+03	+4.491e+03	+8.940e+03	+0.442
78.500	+4.401e+03	+4.856e+03	+1.038e+04	+0.525
78.600	+4.707e+03	+4.626e+03	+8.830e+03	+0.496
78.700	+6.013e+03	+4.721e+03	+9.219e+03	+0.440
78.800	+5.936e+03	+6.216e+03	+9.975e+03	+0.512
78.900	+4.856e+03	+6.084e+03	+1.025e+04	+0.556
79.000	+5.185e+03	+5.131e+03	+1.072e+04	+0.497
79.100	+4.458e+03	+4.439e+03	+9.785e+03	+0.499
79.200	+5.290e+03	+5.274e+03	+1.057e+04	+0.499
79.300	+5.788e+03	+6.365e+03	+8.663e+03	+0.524
79.400	+4.777e+03	+4.254e+03	+1.021e+04	+0.471
79.500	+4.335e+03	+5.026e+03	+1.086e+04	+0.537
79.600	+5.379e+03	+5.252e+03	+9.337e+03	+0.494
79.700	+6.103e+03	+3.931e+03	+9.890e+03	+0.392
79.800	+4.837e+03	+4.991e+03	+9.940e+03	+0.508
79.900	+4.375e+03	+4.302e+03	+9.111e+03	+0.496
80.000	+4.363e+03	+4.751e+03	+9.876e+03	+0.521
80.100	+5.035e+03	+6.051e+03	+9.875e+03	+0.546
80.200	+5.660e+03	+5.616e+03	+9.377e+03	+0.498
80.300	+4.018e+03	+5.294e+03	+1.085e+04	+0.568
80.400	+4.940e+03	+5.431e+03	+1.026e+04	+0.524
80.500	+6.161e+03	+5.382e+03	+1.117e+04	+0.466
80.600	+4.782e+03	+4.503e+03	+9.059e+03	+0.485
80.700	+5.635e+03	+5.519e+03	+1.015e+04	+0.495
80.800	+4.118e+03	+5.621e+03	+1.035e+04	+0.577
80.900	+6.555e+03	+5.947e+03	+9.593e+03	+0.476
81.000	+4.785e+03	+7.085e+03	+1.119e+04	+0.597
81.100	+4.737e+03	+5.466e+03	+1.111e+04	+0.536
81.200	+5.221e+03	+5.700e+03	+9.572e+03	+0.522
81.300	+5.297e+03	+5.165e+03	+9.365e+03	+0.494
81.400	+8.027e+03	+2.169e+03	+9.126e+03	+0.213
81.500	+7.338e+03	+1.468e+03	+9.313e+03	+0.167
81.600	+7.648e+03	+2.667e+03	+1.129e+04	+0.259
81.700	+8.464e+03	+2.651e+03	+1.081e+04	+0.239
81.800	+7.284e+03	+1.430e+03	+1.027e+04	+0.164
81.900	+6.622e+03	+2.130e+03	+9.907e+03	+0.243
82.000	+6.876e+03	+2.344e+03	+1.013e+04	+0.254
82.100	+7.930e+03	+3.137e+03	+1.088e+04	+0.283
82.200	+8.611e+03	+2.269e+03	+9.559e+03	+0.209
82.300	+6.617e+03	+2.961e+03	+9.481e+03	+0.309
82.400	+6.701e+03	+1.350e+03	+1.079e+04	+0.168
82.500	+7.018e+03	+2.748e+03	+8.026e+03	+0.281
82.600	+7.412e+03	+2.970e+03	+1.009e+04	+0.286
82.700	+7.153e+03	+2.490e+03	+9.774e+03	+0.258
82.800	+7.948e+03	+2.278e+03	+1.028e+04	+0.223
82.900	+8.477e+03	+1.854e+03	+9.596e+03	+0.179
83.000	+7.587e+03	+3.429e+03	+9.983e+03	+0.311
83.100	+6.988e+03	+2.986e+03	+9.486e+03	+0.299
83.200	+6.281e+03	+3.462e+03	+9.930e+03	+0.355
83.300	+8.172e+03	+2.562e+03	+1.036e+04	+0.239
83.400	+7.174e+03	+3.343e+03	+9.411e+03	+0.318
83.500	+7.950e+03	+1.865e+03	+1.051e+04	+0.190
83.600	+7.039e+03	+2.728e+03	+9.564e+03	+0.279
83.700	+7.502e+03	+1.631e+03	+9.994e+03	+0.179
83.800	+7.716e+03	+2.193e+03	+1.049e+04	+0.221
83.900	+6.782e+03	+1.932e+03	+1.113e+04	+0.222
84.000	+8.282e+03	+2.175e+03	+1.001e+04	+0.208
84.100	+7.851e+03	+2.019e+03	+8.929e+03	+0.205
84.200	+7.263e+03	+2.216e+03	+9.021e+03	+0.234
84.300	+6.127e+03	+2.856e+03	+1.023e+04	+0.318
84.400	+8.217e+03	+2.356e+03	+1.006e+04	+0.223
84.500	+6.952e+03	+4.062e+03	+9.680e+03	+0.369
84.600	+8.052e+03	+3.286e+03	+1.096e+04	+0.290
84.700	+6.440e+03	+1.863e+03	+1.007e+04	+0.224
84.800	+8.494e+03	+2.814e+03	+1.049e+04	+0.249
84.900	+6.776e+03	+2.714e+03	+1.031e+04	+0.286
85.000	+7.509e+03	+2.690e+03	+1.020e+04	+0.264
85.100	+7.227e+03	+1.320e+03	+9.611e+03	+0.154
85.200	+7.832e+03	+2.099e+03	+1.065e+04	+0.211
85.300	+7.304e+03	+3.163e+03	+8.839e+03	+0.302
85.400	+6.356e+03	+2.631e+03	+9.981e+03	+0.293
85.500	+7.572e+03	+1.455e+03	+1.015e+04	+0.161
85.600	+8.437e+03	+2.073e+03	+9.826e+03	+0.197
85.700	+6.395e+03	+1.792e+03	+1.203e+04	+0.219
85.800	+8.758e+03	+3.459e+03	+9.059e+03	+0.283
85.900	+6.618e+03	+2.206e+03	+1.007e+04	+0.250
86.000	+8.513e+03	+2.607e+03	+8.779e+03	+0.234
86.100	+6.397e+03	+2.373e+03	+9.696e+03	+0.271
86.200	+8.262e+03	+1.745e+03	+8.795e+03	+0.174
86.300	+8.057e+03	+1.533e+03	+1.003e+04	+0.160
86.400	+6.604e+03	+2.415e+03	+9.949e+03	+0.268
86.500	+7.583e+03	+3.662e+03	+1.067e+04	+0.326
86.600	+7.558e+03	+1.765e+03	+9.650e+03	+0.189
86.700	+5.581e+03	+1.733e+03	+1.030e+04	+0.237
86.800	+8.196e+03	+3.974e+03	+1.029e+04	+0.327
86.900	+7.152e+03	+2.444e+03	+1.036e+04	+0.255
87.000	+6.571e+03	+2.081e+03	+9.504e+03	+0.241
87.100	+7.493e+03	+2.649e+03	+9.100e+03	+0.261
87.200	+7.656e+03	+3.506e+03	+8.774e+03	+0.314
87.300	+7.175e+03	+3.145e+03	+1.005e+04	+0.305
87.400	+6.482e+03	+1.614e+03	+9.378e+03	+0.199
87.500	+8.174e+03	+2.092e+03	+1.135e+04	+0.204
87.600	+7.344e+03	+2.104e+03	+1.009e+04	+0.223
87.700	+7.559e+03	+2.929e+03	+9.496e+03	+0.279
87.800	+9.264e+03	+1.497e+03	+9.796e+03	+0.139
87.900	+7.225e+03	+2.488e+03	+9.538e+03	+0.256
88.000	+6.526e+03	+3.640e+03	+1.049e+04	+0.358
88.100	+6.930e+03	+2.102e+03	+1.050e+04	+0.233
88.200	+7.803e+03	+3.094e+03	+1.035e+04	+0.284
88.300	+7.036e+03	+2.903e+03	+8.129e+03	+0.292
88.400	+2.364e+03	+8.395e+03	+9.693e+03	+0.780
88.500	+1.302e+03	+8.593e+03	+9.504e+03	+0.868
88.600	+1.732e+03	+9.463e+03	+9.287e+03	+0.845
88.700	+3.358e+03	+7.173e+03	+1.068e+04	+0.681
88.800	+6.550e+03	+2.273e+03	+1.054e+04	+0.258
88.900	+8.841e+03	+2.364e+03	+9.246e+03	+0.211
89.000	+7.036e+03	+2.885e+03	+9.682e+03	+0.291
89.100	+7.682e+03	+2.608e+03	+9.833e+03	+0.253
89.200	+7.297e+03	+3.158e+03	+1.095e+04	+0.302
89.300	+8.410e+03	+3.256e+03	+1.048e+04	+0.279
89.400	+7.219e+03	+3.733e+03	+1.005e+04	+0.341
89.500	+6.853e+03	+2.557e+03	+8.112e+03	+0.272
89.600	+7.012e+03	+2.976e+03	+9.707e+03	+0.298
89.700	+7.939e+03	+2.975e+03	+1.057e+04	+0.273
89.800	+7.585e+03	+3.035e+03	+1.075e+04	+0.286
89.900	+8.034e+03	+2.139e+03	+9.427e+03	+0.210
90.000	+7.098e+03	+2.425e+03	+9.702e+03	+0.255
90.100	+7.907e+03	+2.857e+03	+1.021e+04	+0.265
90.200	+8.887e+03	+3.249e+03	+1.021e+04	+0.268
90.300	+8.409e+03	+2.286e+03	+1.196e+04	+0.214
90.400	+6.978e+03	+3.083e+03	+9.211e+03	+0.306
90.500	+7.192e+03	+2.780e+03	+1.004e+04	+0.279
90.600	+7.621e+03	+2.877e+03	+1.037e+04	+0.274
90.700	+6.791e+03	+2.467e+03	+8.984e+03	+0.266
90.800	+7.981e+03	+2.966e+03	+9.755e+03	+0.271
90.900	+8.837e+03	+3.209e+03	+9.771e+03	+0.266
91.000	+6.979e+03	+1.986e+03	+9.900e+03	+0.222
91.100	+7.089e+03	+1.772e+03	+1.015e+04	+0.200
91.200	+7.441e+03	+2.555e+03	+9.537e+03	+0.256
91.300	+8.383e+03	+2.486e+03	+9.625e+03	+0.229
91.400	+8.246e+03	+2.425e+03	+1.031e+04	+0.227
91.500	+7.183e+03	+2.260e+03	+1.003e+04	+0.239
91.600	+7.274e+03	+1.469e+03	+1.048e+04	+0.168
91.700	+8.708e+03	+2.604e+03	+9.851e+03	+0.230
91.800	+8.194e+03	+3.542e+03	+8.562e+03	+0.302
91.900	+6.641e+03	+2.836e+03	+1.078e+04	+0.299
92.000	+7.417e+03	+2.798e+03	+1.076e+04	+0.274
92.100	+7.810e+03	+2.494e+03	+1.079e+04	+0.242
92.200	+7.263e+03	+3.526e+03	+9.731e+03	+0.327
92.300	+7.914e+03	+2.061e+03	+9.900e+03	+0.207
92.400	+8.407e+03	+3.073e+03	+9.960e+03	+0.268
92.500	+6.856e+03	+2.888e+03	+1.017e+04	+0.296
92.600	+6.241e+03	+2.756e+03	+9.171e+03	+0.306
92.700	+7.014e+03	+1.599e+03	+1.072e+04	+0.186
92.800	+6.860e+03	+3.797e+03	+8.005e+03	+0.356
92.900	+6.792e+03	+1.934e+03	+1.091e+04	+0.222
93.000	+9.068e+03	+1.953e+03	+1.029e+04	+0.177
93.100	+5.440e+03	+6.071e+03	+9.473e+03	+0.527
93.200	+5.050e+03	+4.846e+03	+1.070e+04	+0.490
93.300	+6.071e+03	+4.731e+03	+1.017e+04	+0.438
93.400	+4.344e+03	+4.746e+03	+1.042e+04	+0.522
93.500	+5.586e+03	+5.703e+03	+1.066e+04	+0.505
93.600	+5.190e+03	+3.758e+03	+1.021e+04	+0.420
93.700	+4.490e+03	+5.341e+03	+1.006e+04	+0.543
93.800	+5.006e+03	+5.978e+03	+1.101e+04	+0.544
93.900	+7.942e+03	+3.378e+03	+1.041e+04	+0.298
94.000	+8.170e+03	+2.898e+03	+1.067e+04	+0.262
94.100	+7.658e+03	+2.091e+03	+1.069e+04	+0.215
94.200	+6.445e+03	+2.535e+03	+1.095e+04	+0.282
94.300	+7.033e+03	+1.467e+03	+9.687e+03	+0.173
94.400	+7.699e+03	+2.832e+03	+1.111e+04	+0.269
94.500	+6.351e+03	+2.872e+03	+1.066e+04	+0.311
94.600	+7.417e+03	+1.929e+03	+1.113e+04	+0.206
94.700	+7.778e+03	+1.989e+03	+9.880e+03	+0.204
94.800	+7.316e+03	+2.942e+03	+1.056e+04	+0.287
94.900	+6.605e+03	+1.905e+03	+9.293e+03	+0.224
95.000	+8.246e+03	+3.052e+03	+9.719e+03	+0.270
95.100	+6.710e+03	+4.337e+03	+1.007e+04	+0.393
95.200	+7.711e+03	+2.056e+03	+1.020e+04	+0.211
95.300	+8.541e+03	+2.275e+03	+1.124e+04	+0.210
95.400	+7.812e+03	+3.030e+03	+1.011e+04	+0.279
95.500	+8.722e+03	+2.592e+03	+9.111e+03	+0.229
95.600	+8.676e+03	+2.490e+03	+9.636e+03	+0.223
95.700	+7.630e+03	+2.572e+03	+1.040e+04	+0.252
95.800	+8.015e+03	+2.472e+03	+9.898e+03	+0.236
95.900	+7.234e+03	+2.277e+03	+1.027e+04	+0.239
96.000	+6.402e+03	+2.850e+03	+1.054e+04	+0.308
96.100	+7.569e+03	+3.070e+03	+1.065e+04	+0.289
96.200	+6.578e+03	+1.298e+03	+9.484e+03	+0.165
96.300	+7.145e+03	+3.023e+03	+1.047e+04	+0.297
96.400	+8.820e+03	+2.137e+03	+1.047e+04	+0.195
96.500	+7.939e+03	+3.081e+03	+1.046e+04	+0.280
96.600	+8.102e+03	+2.695e+03	+1.076e+04	+0.250
96.700	+6.824e+03	+5.760e+02	+1.027e+04	+0.078
96.800	+6.524e+03	+2.122e+03	+9.239e+03	+0.245
96.900	+6.522e+03	+2.505e+03	+1.059e+04	+0.278
97.000	+7.606e+03	+3.131e+03	+1.006e+04	+0.292
97.100	+6.902e+03	+1.639e+03	+1.022e+04	+0.192
97.200	+7.755e+03	+1.924e+03	+9.934e+03	+0.199
97.300	+8.035e+03	+3.203e+03	+9.285e+03	+0.285
97.400	+7.796e+03	+2.901e+03	+1.075e+04	+0.271
97.500	+7.095e+03	+1.929e+03	+9.980e+03	+0.214
97.600	+6.810e+03	+3.045e+03	+9.743e+03	+0.309
97.700	+8.742e+03	+3.015e+03	+9.788e+03	+0.256
97.800	+6.816e+03	+3.224e+03	+1.032e+04	+0.321
97.900	+8.061e+03	+2.332e+03	+9.491e+03	+0.224
98.000	+8.190e+03	+3.909e+03	+9.089e+03	+0.323
98.100	+7.433e+03	+2.791e+03	+1.054e+04	+0.273
98.200	+7.183e+03	+3.549e+03	+1.012e+04	+0.331
98.300	+7.272e+03	+7.972e+02	+1.033e+04	+0.099
98.400	+7.237e+03	+1.356e+03	+1.117e+04	+0.158
98.500	+7.489e+03	+2.256e+03	+1.068e+04	+0.231
98.600	+6.628e+03	+3.445e+03	+1.006e+04	+0.342
98.700	+7.474e+03	+2.149e+03	+8.733e+03	+0.223
98.800	+7.757e+03	+3.069e+03	+1.075e+04	+0.283
98.900	+7.153e+03	+2.231e+03	+9.807e+03	+0.238
99.000	+6.981e+03	+2.506e+03	+9.773e+03	+0.264
99.100	+7.112e+03	+2.943e+03	+1.020e+04	+0.293
99.200	+7.584e+03	+3.024e+03	+1.104e+04	+0.285
99.300	+7.354e+03	+2.166e+03	+1.072e+04	+0.228
99.400	+6.935e+03	+4.117e+03	+1.127e+04	+0.373
99.500	+7.289e+03	+2.863e+03	+9.871e+03	+0.282
99.600	+7.026e+03	+2.975e+03	+1.010e+04	+0.297
99.700	+8.063e+03	+3.292e+03	+9.052e+03	+0.290
99.800	+7.924e+03	+2.158e+03	+9.887e+03	+0.214
99.900	+6.222e+03	+3.293e+03	+8.547e+03	+0.346
100.000	+7.477e+03	+1.706e+03	+9.993e+03	+0.186
100.100	+6.823e+03	+1.875e+03	+9.849e+03	+0.216
100.200	+7.449e+03	+1.389e+03	+9.047e+03	+0.157
100.300	+6.964e+03	+2.229e+03	+1.022e+04	+0.242
100.400	+6.527e+03	+2.415e+03	+9.446e+03	+0.270
100.500	+6.919e+03	+1.776e+03	+9.741e+03	+0.204
100.600	+7.281e+03	+2.791e+03	+1.030e+04	+0.277
100.700	+5.946e+03	+3.262e+03	+9.153e+03	+0.354
100.800	+7.826e+03	+2.905e+03	+9.710e+03	+0.271
100.900	+7.536e+03	+2.565e+03	+9.150e+03	+0.254
101.000	+7.418e+03	+2.132e+03	+9.701e+03	+0.223
101.100	+6.338e+03	+1.951e+03	+9.947e+03	+0.235
101.200	+5.423e+03	+5.247e+03	+1.041e+04	+0.492
101.300	+6.494e+03	+5.399e+03	+9.906e+03	+0.454
101.400	+3.356e+03	+5.338e+03	+8.391e+03	+0.614
101.500	+4.055e+03	+4.200e+03	+1.025e+04	+0.509
101.600	+3.856e+03	+5.772e+03	+1.054e+04	+0.599
101.700	+4.489e+03	+4.220e+03	+9.842e+03	+0.485
101.800	+4.603e+03	+6.112e+03	+9.791e+03	+0.570
101.900	+4.826e+03	+4.712e+03	+1.063e+04	+0.494
102.000	+6.212e+03	+5.020e+03	+1.005e+04	+0.447
102.100	+3.854e+03	+3.880e+03	+1.023e+04	+0.502
102.200	+4.450e+03	+5.750e+03	+1.033e+04	+0.564
102.300	+5.207e+03	+4.985e+03	+9.464e+03	+0.489
102.400	+4.705e+03	+5.651e+03	+1.087e+04	+0.546
102.500	+4.402e+03	+6.033e+03	+1.030e+04	+0.578
102.600	+5.486e+03	+4.757e+03	+1.148e+04	+0.464
102.700	+4.154e+03	+3.608e+03	+1.033e+04	+0.465
102.800	+4.634e+03	+5.702e+03	+1.051e+04	+0.552
102.900	+4.422e+03	+5.571e+03	+1.010e+04	+0.557
103.000	+3.434e+03	+6.145e+03	+1.006e+04	+0.641
103.100	+4.029e+03	+4.180e+03	+1.112e+04	+0.509
103.200	+4.939e+03	+5.054e+03	+1.015e+04	+0.506
103.300	+5.390e+03	+4.629e+03	+9.295e+03	+0.462
103.400	+4.782e+03	+4.700e+03	+1.076e+04	+0.496
103.500	+5.975e+03	+4.343e+03	+1.048e+04	+0.421
103.600	+4.736e+03	+4.391e+03	+9.551e+03	+0.481
103.700	+4.277e+03	+5.169e+03	+1.037e+04	+0.547
103.800	+4.708e+03	+5.895e+03	+1.040e+04	+0.556
103.900	+4.476e+03	+4.867e+03	+8.747e+03	+0.521
104.000	+5.443e+03	+4.696e+03	+1.067e+04	+0.463
104.100	+4.599e+03	+5.980e+03	+9.722e+03	+0.565
104.200	+5.591e+03	+5.076e+03	+1.048e+04	+0.476
104.300	+8.021e+03	+3.598e+03	+9.973e+03	+0.310
104.400	+8.490e+03	+1.268e+03	+1.106e+04	+0.130
104.500	+7.456e+03	+2.997e+03	+1.111e+04	+0.287
104.600	+7.582e+03	+1.797e+03	+1.023e+04	+0.192
104.700	+7.490e+03	+2.354e+03	+9.868e+03	+0.239
104.800	+8.853e+03	+3.389e+03	+9.682e+03	+0.277
104.900	+6.961e+03	+2.516e+03	+1.010e+04	+0.265
105.000	+7.862e+03	+1.754e+03	+1.078e+04	+0.182
105.100	+7.368e+03	+2.940e+03	+1.015e+04	+0.285
105.200	+7.583e+03	+2.485e+03	+9.972e+03	+0.247
105.300	+6.826e+03	+2.373e+03	+1.022e+04	+0.258
105.400	+6.334e+03	+3.156e+03	+9.959e+03	+0.333
105.500	+1.014e+04	+2.303e+03	+9.419e+03	+0.185
105.600	+7.150e+03	+3.891e+03	+9.825e+03	+0.352
105.700	+6.908e+03	+1.504e+03	+1.112e+04	+0.179
105.800	+6.795e+03	+2.873e+03	+1.084e+04	+0.297
105.900	+8.226e+03	+2.031e+03	+1.110e+04	+0.198
106.000	+9.649e+03	+1.744e+03	+9.918e+03	+0.153
106.100	+8.307e+03	+3.463e+03	+1.027e+04	+0.294
106.200	+7.104e+03	+3.258e+03	+9.803e+03	+0.314
106.300	+7.395e+03	+1.127e+03	+9.202e+03	+0.132
106.400	+8.515e+03	+2.167e+03	+1.086e+04	+0.203
106.500	+6.812e+03	+2.463e+03	+1.096e+04	+0.266
106.600	+8.565e+03	+1.233e+03	+1.147e+04	+0.126
106.700	+7.785e+03	+2.619e+03	+1.064e+04	+0.252
106.800	+6.619e+03	+3.938e+03	+1.138e+04	+0.373
106.900	+6.578e+03	+2.822e+03	+9.556e+03	+0.300
107.000	+7.103e+03	+3.501e+03	+1.067e+04	+0.330
107.100	+7.604e+03	+3.462e+03	+1.064e+04	+0.313
107.200	+7.457e+03	+2.196e+03	+8.860e+03	+0.228
107.300	+8.019e+03	+3.828e+03	+9.141e+03	+0.323
107.400	+8.604e+03	+2.379e+03	+9.182e+03	+0.217
107.500	+7.913e+03	+3.117e+03	+9.221e+03	+0.283
107.600	+8.084e+03	+3.364e+03	+8.706e+03	+0.294
107.700	+7.266e+03	+3.432e+03	+7.979e+03	+0.321
107.800	+7.376e+03	+2.651e+03	+1.102e+04	+0.264
107.900	+7.089e+03	+2.708e+03	+1.046e+04	+0.276
108.000	+6.317e+03	+2.270e+03	+1.042e+04	+0.264
108.100	+8.679e+03	+2.419e+03	+1.015e+04	+0.218
108.200	+7.661e+03	+1.851e+03	+1.106e+04	+0.195
108.300	+9.030e+03	+3.224e+03	+9.475e+03	+0.263
108.400	+8.004e+03	+2.774e+03	+8.904e+03	+0.257
108.500	+7.573e+03	+3.185e+03	+9.482e+03	+0.296
108.600	+7.007e+03	+1.980e+03	+9.607e+03	+0.220
108.700	+8.058e+03	+2.298e+03	+8.867e+03	+0.222
108.800	+7.320e+03	+2.281e+03	+9.626e+03	+0.238
108.900	+7.389e+03	+2.461e+03	+9.074e+03	+0.250
109.000	+7.100e+03	+2.687e+03	+1.115e+04	+0.275
109.100	+7.845e+03	+2.455e+03	+9.084e+03	+0.238
109.200	+7.829e+03	+1.891e+03	+9.567e+03	+0.195
109.300	+6.953e+03	+3.787e+03	+1.113e+04	+0.353
109.400	+8.375e+03	+1.213e+03	+1.047e+04	+0.127
109.500	+6.641e+03	+3.316e+03	+1.146e+04	+0.333
109.600	+7.749e+03	+2.247e+03	+9.908e+03	+0.225
109.700	+7.654e+03	+1.945e+03	+8.777e+03	+0.203
109.800	+8.600e+03	+4.073e+03	+1.092e+04	+0.321
109.900	+8.410e+03	+3.945e+03	+1.032e+04	+0.319
110.000	+6.950e+03	+2.235e+03	+9.586e+03	+0.243
110.100	+6.488e+03	+3.410e+03	+1.013e+04	+0.345
110.200	+7.208e+03	+2.286e+03	+1.051e+04	+0.241
110.300	+8.152e+03	+2.008e+03	+1.079e+04	+0.198
110.400	+7.972e+03	+2.425e+03	+1.005e+04	+0.233
110.500	+8.065e+03	+2.874e+03	+1.078e+04	+0.263
110.600	+7.577e+03	+1.960e+03	+1.003e+04	+0.206
110.700	+7.660e+03	+2.107e+03	+9.140e+03	+0.216
110.800	+7.910e+03	+2.910e+03	+1.105e+04	+0.269
110.900	+7.290e+03	+2.448e+03	+9.942e+03	+0.251
111.000	+7.096e+03	+1.866e+03	+9.744e+03	+0.208
111.100	+7.528e+03	+2.469e+03	+9.367e+03	+0.247
111.200	+6.944e+03	+3.196e+03	+1.076e+04	+0.315
111.300	+8.207e+03	+2.395e+03	+1.014e+04	+0.226
111.400	+7.155e+03	+1.642e+03	+9.801e+03	+0.187
111.500	+6.957e+03	+2.741e+03	+9.037e+03	+0.283
111.600	+6.531e+03	+2.811e+03	+9.738e+03	+0.301
111.700	+8.551e+03	+1.916e+03	+1.055e+04	+0.183
111.800	+7.330e+03	+2.343e+03	+9.650e+03	+0.242
111.900	+7.336e+03	+2.001e+03	+9.065e+03	+0.214
112.000	+6.889e+03	+2.276e+03	+9.563e+03	+0.248
112.100	+7.647e+03	+2.382e+03	+1.026e+04	+0.237
112.200	+8.314e+03	+3.128e+03	+9.588e+03	+0.273
112.300	+7.061e+03	+2.429e+03	+9.997e+03	+0.256
112.400	+8.382e+03	+2.820e+03	+9.363e+03	+0.252
112.500	+7.550e+03	+2.450e+03	+1.040e+04	+0.245
112.600	+9.748e+03	+3.324e+03	+1.006e+04	+0.254
112.700	+7.898e+03	+2.816e+03	+1.110e+04	+0.263
112.800	+8.050e+03	+3.255e+03	+1.102e+04	+0.288
112.900	+7.899e+03	+2.563e+03	+8.922e+03	+0.245
113.000	+7.893e+03	+2.501e+03	+9.651e+03	+0.241
113.100	+8.258e+03	+2.236e+03	+9.560e+03	+0.213
113.200	+6.676e+03	+6.120e+02	+9.162e+03	+0.084
113.300	+7.695e+03	+2.398e+03	+1.002e+04	+0.238
113.400	+6.811e+03	+2.330e+03	+1.032e+04	+0.255
113.500	+6.990e+03	+1.591e+03	+9.693e+03	+0.185
113.600	+7.186e+03	+2.804e+03	+1.018e+04	+0.281
113.700	+6.941e+03	+3.101e+03	+1.027e+04	+0.309
113.800	+7.590e+03	+1.912e+03	+9.996e+03	+0.201
113.900	+7.364e+03	+3.091e+03	+1.049e+04	+0.296
114.000	+7.199e+03	+2.489e+03	+9.760e+03	+0.257
114.100	+7.750e+03	+2.326e+03	+1.023e+04	+0.231
114.200	+6.841e+03	+2.879e+03	+1.020e+04	+0.296
114.300	+7.287e+03	+2.532e+03	+9.520e+03	+0.258
114.400	+7.757e+03	+1.788e+03	+8.800e+03	+0.187
114.500	+7.388e+03	+1.912e+03	+8.684e+03	+0.206
114.600	+6.814e+03	+3.550e+03	+9.766e+03	+0.343
114.700	+8.201e+03	+2.048e+03	+1.093e+04	+0.200
114.800	+7.289e+03	+3.002e+03	+1.044e+04	+0.292
114.900	+7.069e+03	+2.287e+03	+9.558e+03	+0.244
115.000	+7.165e+03	+3.005e+03	+1.049e+04	+0.295
115.100	+8.175e+03	+1.664e+03	+1.037e+04	+0.169
115.200	+7.595e+03	+2.939e+03	+1.084e+04	+0.279
115.300	+6.228e+03	+2.083e+03	+1.007e+04	+0.251
115.400	+7.618e+03	+3.507e+03	+9.725e+03	+0.315
115.500	+7.536e+03	+3.332e+03	+1.046e+04	+0.307
115.600	+8.331e+03	+1.989e+03	+1.006e+04	+0.193
115.700	+7.328e+03	+2.611e+03	+9.251e+03	+0.263
115.800	+7.708e+03	+2.260e+03	+1.061e+04	+0.227
115.900	+7.433e+03	+2.852e+03	+1.027e+04	+0.277
116.000	+7.723e+03	+2.115e+03	+1.021e+04	+0.215
116.100	+7.198e+03	+2.808e+03	+9.502e+03	+0.281
116.200	+7.490e+03	+2.571e+03	+1.090e+04	+0.256
116.300	+6.652e+03	+3.237e+03	+1.067e+04	+0.327
116.400	+6.738e+03	+1.862e+03	+9.913e+03	+0.217
116.500	+8.632e+03	+2.324e+03	+1.025e+04	+0.212
116.600	+7.283e+03	+2.934e+03	+9.733e+03	+0.287
116.700	+6.914e+03	+2.359e+03	+1.031e+04	+0.254
116.800	+8.965e+03	+2.765e+03	+9.970e+03	+0.236
116.900	+6.779e+03	+1.946e+03	+9.825e+03	+0.223
117.000	+8.191e+03	+1.946e+03	+9.890e+03	+0.192
117.100	+6.884e+03	+2.447e+03	+1.001e+04	+0.262
117.200	+8.351e+03	+2.695e+03	+9.624e+03	+0.244
117.300	+6.887e+03	+2.380e+03	+1.089e+04	+0.257
117.400	+7.020e+03	+1.229e+03	+1.009e+04	+0.149
117.500	+7.746e+03	+3.592e+03	+9.308e+03	+0.317
117.600	+8.013e+03	+2.780e+03	+1.141e+04	+0.258
117.700	+6.865e+03	+2.296e+03	+9.661e+03	+0.251
117.800	+7.819e+03	+3.044e+03	+8.234e+03	+0.280
117.900	+6.691e+03	+1.257e+03	+9.398e+03	+0.158
118.000	+7.897e+03	+2.149e+03	+9.441e+03	+0.214
118.100	+7.443e+03	+2.563e+03	+9.851e+03	+0.256
118.200	+7.361e+03	+2.524e+03	+9.738e+03	+0.255
118.300	+8.077e+03	+2.134e+03	+9.222e+03	+0.209
118.400	+6.266e+03	+2.073e+03	+8.321e+03	+0.249
118.500	+8.274e+03	+1.333e+03	+9.972e+03	+0.139
118.600	+6.578e+03	+2.966e+03	+9.837e+03	+0.311
118.700	+7.591e+03	+2.104e+03	+9.344e+03	+0.217
118.800	+7.580e+03	+3.632e+03	+9.407e+03	+0.324
118.900	+6.959e+03	+2.008e+03	+1.110e+04	+0.224
119.000	+6.895e+03	+2.474e+03	+8.594e+03	+0.264
119.100	+6.177e+03	+2.445e+03	+1.219e+04	+0.284
119.200	+6.801e+03	+1.571e+03	+9.496e+03	+0.188
119.300	+7.735e+03	+2.131e+03	+1.063e+04	+0.216
119.400	+6.874e+03	+3.439e+03	+1.113e+04	+0.333
119.500	+6.911e+03	+3.255e+03	+1.005e+04	+0.320
119.600	+7.639e+03	+2.301e+03	+1.009e+04	+0.232
119.700	+8.242e+03	+2.157e+03	+1.100e+04	+0.207
119.800	+5.606e+03	+2.323e+03	+9.707e+03	+0.293
119.900	+6.589e+03	+1.903e+03	+1.082e+04	+0.224
120.000	+6.824e+03	+3.027e+03	+9.903e+03	+0.307
120.100	+8.032e+03	+1.816e+03	+9.725e+03	+0.184
120.200	+7.381e+03	+1.851e+03	+9.465e+03	+0.201
120.300	+7.082e+03	+3.088e+03	+9.621e+03	+0.304
120.400	+8.042e+03	+1.951e+03	+1.105e+04	+0.195
120.500	+7.869e+03	+2.615e+03	+1.024e+04	+0.249
120.600	+8.764e+03	+1.806e+03	+1.029e+04	+0.171
120.700	+7.164e+03	+2.657e+03	+9.926e+03	+0.271
120.800	+7.592e+03	+2.977e+03	+1.055e+04	+0.282
120.900	+8.562e+03	+2.157e+03	+1.156e+04	+0.201
121.000	+7.541e+03	+2.112e+03	+1.174e+04	+0.219
121.100	+7.694e+03	+2.497e+03	+9.859e+03	+0.245
121.200	+6.084e+03	+2.434e+03	+1.002e+04	+0.286
121.300	+7.544e+03	+2.633e+03	+9.797e+03	+0.259
121.400	+6.562e+03	+3.076e+03	+1.030e+04	+0.319
121.500	+7.092e+03	+2.655e+03	+9.045e+03	+0.272
121.600	+7.712e+03	+3.261e+03	+9.106e+03	+0.297
121.700	+6.702e+03	+3.286e+03	+9.821e+03	+0.329
121.800	+4.690e+03	+4.750e+03	+9.905e+03	+0.503
121.900	+4.013e+03	+5.186e+03	+9.946e+03	+0.564
122.000	+6.293e+03	+5.492e+03	+9.535e+03	+0.466
122.100	+4.415e+03	+4.656e+03	+9.055e+03	+0.513
122.200	+5.126e+03	+3.878e+03	+9.912e+03	+0.431
122.300	+4.891e+03	+5.618e+03	+9.910e+03	+0.535
122.400	+5.262e+03	+5.997e+03	+1.005e+04	+0.533
122.500	+4.277e+03	+4.298e+03	+9.062e+03	+0.501
122.600	+4.809e+03	+4.200e+03	+1.007e+04	+0.466
122.700	+5.825e+03	+4.924e+03	+9.092e+03	+0.458
122.800	+4.719e+03	+4.811e+03	+8.585e+03	+0.505
122.900	+5.195e+03	+4.997e+03	+1.067e+04	+0.490
123.000	+4.078e+03	+5.303e+03	+8.589e+03	+0.565
123.100	+5.518e+03	+3.268e+03	+9.569e+03	+0.372
123.200	+7.472e+03	+1.324e+03	+1.027e+04	+0.151
123.300	+6.479e+03	+3.717e+03	+9.829e+03	+0.365
123.400	+7.086e+03	+1.851e+03	+9.973e+03	+0.207
123.500	+8.182e+03	+3.078e+03	+1.024e+04	+0.273
123.600	+7.446e+03	+2.981e+03	+8.809e+03	+0.286
123.700	+8.237e+03	+2.198e+03	+9.573e+03	+0.211
123.800	+7.865e+03	+2.053e+03	+1.112e+04	+0.207
123.900	+7.590e+03	+3.055e+03	+1.026e+04	+0.287
124.000	+7.829e+03	+3.596e+03	+1.048e+04	+0.315
124.100	+8.941e+03	+1.784e+03	+9.734e+03	+0.166
124.200	+6.793e+03	+2.708e+03	+9.881e+03	+0.285
124.300	+6.082e+03	+3.084e+03	+1.074e+04	+0.336
124.400	+7.931e+03	+2.151e+03	+9.303e+03	+0.213
124.500	+8.238e+03	+3.566e+03	+1.004e+04	+0.302
124.600	+7.884e+03	+3.524e+03	+9.229e+03	+0.309
124.700	+9.024e+03	+1.600e+03	+1.088e+04	+0.151
124.800	+7.569e+03	+3.077e+03	+1.084e+04	+0.289
124.900	+5.777e+03	+1.748e+03	+9.417e+03	+0.232
125.000	+6.711e+03	+2.790e+03	+9.631e+03	+0.294
125.100	+7.159e+03	+2.983e+03	+9.116e+03	+0.294
125.200	+7.643e+03	+2.403e+03	+9.232e+03	+0.239
125.300	+8.606e+03	+3.262e+03	+9.726e+03	+0.275
125.400	+6.358e+03	+2.165e+03	+1.012e+04	+0.254
125.500	+7.196e+03	+3.066e+03	+9.092e+03	+0.299
125.600	+7.724e+03	+3.309e+03	+9.981e+03	+0.300
125.700	+8.151e+03	+3.456e+03	+1.045e+04	+0.298
125.800	+7.056e+03	+2.194e+03	+9.724e+03	+0.237
125.900	+8.003e+03	+2.917e+03	+1.053e+04	+0.267
126.000	+5.849e+03	+2.423e+03	+1.075e+04	+0.293
126.100	+7.206e+03	+3.002e+03	+9.893e+03	+0.294
126.200	+7.221e+03	+2.288e+03	+1.114e+04	+0.241
126.300	+8.234e+03	+3.838e+03	+9.935e+03	+0.318
126.400	+6.190e+03	+1.650e+03	+9.703e+03	+0.210
126.500	+7.593e+03	+2.893e+03	+1.015e+04	+0.276
126.600	+7.885e+03	+2.520e+03	+8.739e+03	+0.242
126.700	+7.274e+03	+2.694e+03	+1.025e+04	+0.270
126.800	+7.344e+03	+2.290e+03	+9.831e+03	+0.238
126.900	+8.382e+03	+1.920e+03	+1.042e+04	+0.186
127.000	+8.151e+03	+8.060e+02	+9.428e+03	+0.090
127.100	+6.289e+03	+1.226e+03	+9.491e+03	+0.163
127.200	+7.015e+03	+2.496e+03	+1.039e+04	+0.262
127.300	+8.505e+03	+2.459e+03	+8.456e+03	+0.224
127.400	+9.025e+03	+2.946e+03	+8.911e+03	+0.246
127.500	+8.088e+03	+2.302e+03	+9.876e+03	+0.222
127.600	+6.672e+03	+3.936e+03	+1.011e+04	+0.371
127.700	+5.638e+03	+2.735e+03	+9.083e+03	+0.327
127.800	+8.074e+03	+2.247e+03	+8.863e+03	+0.218
127.900	+6.728e+03	+2.969e+03	+9.067e+03	+0.306
128.000	+7.853e+03	+1.477e+03	+1.012e+04	+0.158
128.100	+7.901e+03	+2.443e+03	+1.011e+04	+0.236
128.200	+7.168e+03	+2.897e+03	+1.027e+04	+0.288
128.300	+6.674e+03	+3.672e+03	+1.017e+04	+0.355
128.400	+8.182e+03	+3.034e+03	+9.849e+03	+0.271
128.500	+8.223e+03	+2.433e+03	+9.511e+03	+0.228
128.600	+7.588e+03	+1.970e+03	+1.028e+04	+0.206
128.700	+7.370e+03	+1.802e+03	+1.057e+04	+0.196
128.800	+6.755e+03	+2.715e+03	+1.103e+04	+0.287
128.900	+7.533e+03	+3.042e+03	+1.044e+04	+0.288
129.000	+7.870e+03	+2.281e+03	+1.037e+04	+0.225
129.100	+6.302e+03	+1.581e+03	+9.527e+03	+0.201
129.200	+7.747e+03	+3.109e+03	+9.491e+03	+0.286
129.300	+6.833e+03	+3.735e+03	+1.033e+04	+0.353
129.400	+6.592e+03	+2.123e+03	+1.051e+04	+0.244
129.500	+8.208e+03	+2.247e+03	+9.726e+03	+0.215
129.600	+5.680e+03	+2.983e+03	+1.083e+04	+0.344
129.700	+7.833e+03	+1.498e+03	+1.171e+04	+0.161
129.800	+7.580e+03	+2.662e+03	+1.017e+04	+0.260
129.900	+7.498e+03	+1.919e+03	+9.413e+03	+0.204
130.000	+7.215e+03	+2.767e+03	+9.773e+03	+0.277
130.100	+7.582e+03	+2.427e+03	+1.040e+04	+0.242
130.200	+7.401e+03	+2.581e+03	+9.363e+03	+0.259
130.300	+7.398e+03	+2.175e+03	+1.079e+04	+0.227
130.400	+8.160e+03	+2.780e+03	+8.625e+03	+0.254
130.500	+8.465e+03	+1.736e+03	+1.082e+04	+0.170
130.600	+7.042e+03	+2.419e+03	+1.008e+04	+0.256
130.700	+7.842e+03	+2.728e+03	+1.045e+04	+0.258
130.800	+8.316e+03	+2.438e+03	+9.914e+03	+0.227
130.900	+6.580e+03	+2.934e+03	+9.796e+03	+0.308
131.000	+7.299e+03	+1.634e+03	+9.416e+03	+0.183
131.100	+7.282e+03	+1.912e+03	+9.337e+03	+0.208
131.200	+7.308e+03	+2.864e+03	+9.395e+03	+0.282
131.300	+7.571e+03	+2.945e+03	+9.457e+03	+0.280
131.400	+8.201e+03	+2.458e+03	+9.668e+03	+0.231
131.500	+6.744e+03	+2.983e+03	+1.047e+04	+0.307
131.600	+5.571e+03	+4.011e+03	+9.728e+03	+0.419
131.700	+7.587e+03	+2.793e+03	+1.085e+04	+0.269
131.800	+7.363e+03	+2.636e+03	+9.973e+03	+0.264
131.900	+7.656e+03	+1.698e+03	+9.584e+03	+0.182
132.000	+7.238e+03	+2.900e+03	+9.353e+03	+0.286
132.100	+7.184e+03	+3.417e+03	+1.049e+04	+0.322
132.200	+7.248e+03	+1.936e+03	+1.051e+04	+0.211
132.300	+6.956e+03	+3.141e+03	+9.368e+03	+0.311
132.400	+6.316e+03	+3.459e+03	+1.020e+04	+0.354
132.500	+6.789e+03	+2.140e+03	+1.031e+04	+0.240
132.600	+7.490e+03	+1.628e+03	+1.003e+04	+0.179
132.700	+7.469e+03	+2.029e+03	+1.061e+04	+0.214
132.800	+7.649e+03	+2.589e+03	+9.290e+03	+0.253
132.900	+8.405e+03	+3.228e+03	+1.024e+04	+0.277
133.000	+8.718e+03	+2.836e+03	+1.041e+04	+0.245
133.100	+6.908e+03	+2.626e+03	+1.062e+04	+0.275
133.200	+8.359e+03	+1.966e+03	+9.398e+03	+0.190
133.300	+7.234e+03	+1.860e+03	+1.115e+04	+0.205
133.400	+7.337e+03	+3.156e+03	+8.590e+03	+0.301
133.500	+7.826e+03	+1.931e+03	+9.866e+03	+0.198
133.600	+7.763e+03	+2.443e+03	+9.625e+03	+0.239
133.700	+8.899e+03	+3.018e+03	+1.031e+04	+0.253
133.800	+7.637e+03	+3.348e+03	+1.024e+04	+0.305
133.900	+7.988e+03	+2.307e+03	+1.056e+04	+0.224
134.000	+7.361e+03	+2.971e+03	+8.876e+03	+0.288
134.100	+7.590e+03	+2.368e+03	+9.905e+03	+0.238
134.200	+6.734e+03	+2.436e+03	+1.032e+04	+0.266
134.300	+6.375e+03	+1.657e+03	+1.004e+04	+0.206
134.400	+8.244e+03	+4.205e+03	+8.583e+03	+0.338
134.500	+7.669e+03	+1.657e+03	+9.228e+03	+0.178
134.600	+7.613e+03	+2.953e+03	+8.738e+03	+0.280
134.700	+8.669e+03	+3.533e+03	+1.026e+04	+0.290
134.800	+7.057e+03	+3.408e+03	+1.050e+04	+0.326
134.900	+8.212e+03	+2.730e+03	+8.526e+03	+0.249
135.000	+6.964e+03	+1.954e+03	+1.052e+04	+0.219
135.100	+8.050e+03	+1.885e+03	+9.740e+03	+0.190
135.200	+8.180e+03	+2.657e+03	+9.282e+03	+0.245
135.300	+7.024e+03	+3.121e+03	+1.054e+04	+0.308
135.400	+7.346e+03	+2.511e+03	+1.106e+04	+0.255
135.500	+7.002e+03	+2.486e+03	+9.813e+03	+0.262
135.600	+8.236e+03	+2.987e+03	+1.043e+04	+0.266
135.700	+7.543e+03	+2.521e+03	+1.016e+04	+0.251
135.800	+7.945e+03	+1.909e+03	+9.975e+03	+0.194
135.900	+7.680e+03	+1.584e+03	+1.012e+04	+0.171
136.000	+7.262e+03	+3.352e+03	+1.121e+04	+0.316
136.100	+6.664e+03	+2.037e+03	+9.689e+03	+0.234
136.200	+6.798e+03	+2.614e+03	+9.677e+03	+0.278
136.300	+7.785e+03	+2.073e+03	+9.613e+03	+0.210
136.400	+6.678e+03	+1.891e+03	+9.067e+03	+0.221
136.500	+6.552e+03	+2.659e+03	+1.085e+04	+0.289
136.600	+7.249e+03	+3.764e+03	+9.808e+03	+0.342
136.700	+8.353e+03	+2.436e+03	+9.380e+03	+0.226
136.800	+7.103e+03	+3.290e+03	+1.123e+04	+0.317
136.900	+8.566e+03	+2.946e+03	+1.026e+04	+0.256
137.000	+8.126e+03	+2.320e+03	+1.023e+04	+0.222
137.100	+8.480e+03	+1.884e+03	+1.006e+04	+0.182
137.200	+8.588e+03	+2.771e+03	+9.959e+03	+0.244
137.300	+8.258e+03	+3.623e+03	+1.077e+04	+0.305
137.400	+7.373e+03	+1.418e+03	+9.988e+03	+0.161
137.500	+7.626e+03	+2.595e+03	+1.125e+04	+0.254
137.600	+7.920e+03	+2.813e+03	+1.038e+04	+0.262
137.700	+6.663e+03	+3.212e+03	+1.049e+04	+0.325
137.800	+7.815e+03	+3.900e+03	+1.009e+04	+0.333
137.900	+6.625e+03	+2.709e+03	+9.274e+03	+0.290
138.000	+6.875e+03	+1.851e+03	+9.624e+03	+0.212
138.100	+7.060e+03	+3.227e+03	+8.699e+03	+0.314
138.200	+6.986e+03	+3.488e+03	+9.502e+03	+0.333
138.300	+7.786e+03	+1.881e+03	+9.156e+03	+0.195
138.400	+7.823e+03	+1.164e+03	+1.040e+04	+0.129
138.500	+7.411e+03	+2.313e+03	+9.235e+03	+0.238
138.600	+8.948e+03	+2.402e+03	+1.087e+04	+0.212
138.700	+7.052e+03	+2.216e+03	+1.027e+04	+0.239
138.800	+6.800e+03	+2.024e+03	+9.818e+03	+0.229
138.900	+7.036e+03	+3.267e+03	+9.868e+03	+0.317
139.000	+7.074e+03	+2.358e+03	+1.090e+04	+0.250
139.100	+7.913e+03	+2.020e+03	+1.008e+04	+0.203
139.200	+6.937e+03	+2.747e+03	+9.031e+03	+0.284
139.300	+7.655e+03	+2.601e+03	+9.600e+03	+0.254
139.400	+6.099e+03	+2.086e+03	+1.075e+04	+0.255
139.500	+6.509e+03	+2.690e+03	+8.032e+03	+0.292
139.600	+7.890e+03	+2.436e+03	+9.900e+03	+0.236
139.700	+7.090e+03	+3.413e+03	+1.052e+04	+0.325
139.800	+7.277e+03	+2.376e+03	+9.518e+03	+0.246
139.900	+7.835e+03	+2.123e+03	+9.854e+03	+0.213
140.000	+7.818e+03	+2.761e+03	+1.067e+04	+0.261
140.100	+6.980e+03	+1.678e+03	+9.714e+03	+0.194
140.200	+7.521e+03	+2.260e+03	+9.459e+03	+0.231
140.300	+7.463e+03	+2.933e+03	+1.036e+04	+0.282
140.400	+7.773e+03	+9.052e+02	+9.193e+03	+0.104
140.500	+6.302e+03	+4.431e+03	+1.000e+04	+0.413
140.600	+6.234e+03	+2.655e+03	+9.258e+03	+0.299
140.700	+8.597e+03	+2.136e+03	+9.266e+03	+0.199
140.800	+6.794e+03	+2.288e+03	+8.812e+03	+0.252
140.900	+6.568e+03	+2.938e+03	+9.053e+03	+0.309
141.000	+7.849e+03	+2.760e+03	+1.041e+04	+0.260
141.100	+7.723e+03	+3.193e+03	+9.209e+03	+0.293
141.200	+8.011e+03	+2.212e+03	+1.037e+04	+0.216
141.300	+7.475e+03	+2.517e+03	+1.005e+04	+0.252
141.400	+7.002e+03	+2.121e+03	+9.932e+03	+0.233
141.500	+7.106e+03	+2.803e+03	+9.284e+03	+0.283
141.600	+5.612e+03	+2.474e+03	+9.896e+03	+0.306
141.700	+7.032e+03	+1.834e+03	+9.555e+03	+0.207
141.800	+7.975e+03	+1.928e+03	+9.737e+03	+0.195
141.900	+6.985e+03	+1.742e+03	+8.708e+03	+0.200
142.000	+7.461e+03	+1.406e+03	+9.972e+03	+0.159
142.100	+8.061e+03	+2.440e+03	+1.127e+04	+0.232
142.200	+7.268e+03	+3.127e+03	+9.217e+03	+0.301
142.300	+7.273e+03	+3.582e+03	+1.017e+04	+0.330
142.400	+7.407e+03	+2.713e+03	+9.708e+03	+0.268
142.500	+8.482e+03	+3.360e+03	+9.441e+03	+0.284
142.600	+8.244e+03	+2.272e+03	+8.956e+03	+0.216
142.700	+6.704e+03	+3.285e+03	+9.872e+03	+0.329
142.800	+5.558e+03	+5.206e+03	+1.109e+04	+0.484
142.900	+4.775e+03	+4.081e+03	+1.001e+04	+0.461
143.000	+3.879e+03	+5.020e+03	+1.036e+04	+0.564
143.100	+4.523e+03	+6.286e+03	+9.037e+03	+0.582
143.200	+5.146e+03	+4.256e+03	+1.065e+04	+0.453
143.300	+4.439e+03	+5.390e+03	+1.018e+04	+0.548
143.400	+3.560e+03	+4.842e+03	+1.088e+04	+0.576
143.500	+4.610e+03	+4.275e+03	+1.033e+04	+0.481
143.600	+5.444e+03	+5.778e+03	+1.001e+04	+0.515
143.700	+4.706e+03	+5.511e+03	+1.028e+04	+0.539
143.800	+5.218e+03	+5.486e+03	+1.035e+04	+0.513
143.900	+3.633e+03	+4.808e+03	+1.073e+04	+0.570
144.000	+5.986e+03	+3.995e+03	+9.904e+03	+0.400
144.100	+4.981e+03	+5.545e+03	+1.003e+04	+0.527
144.200	+2.969e+03	+4.959e+03	+1.012e+04	+0.626
144.300	+2.920e+03	+5.333e+03	+9.174e+03	+0.646
144.400	+6.364e+03	+3.700e+03	+1.081e+04	+0.368
144.500	+4.194e+03	+5.452e+03	+9.989e+03	+0.565
144.600	+5.352e+03	+4.700e+03	+8.541e+03	+0.468
144.700	+4.595e+03	+5.177e+03	+9.208e+03	+0.530
144.800	+4.559e+03	+5.317e+03	+9.906e+03	+0.538
144.900	+5.537e+03	+5.103e+03	+1.032e+04	+0.480
145.000	+4.524e+03	+5.027e+03	+9.281e+03	+0.526
145.100	+3.951e+03	+4.999e+03	+1.049e+04	+0.559
145.200	+3.929e+03	+3.467e+03	+9.559e+03	+0.469
145.300	+4.240e+03	+5.232e+03	+1.001e+04	+0.552
145.400	+4.275e+03	+5.080e+03	+9.711e+03	+0.543
145.500	+5.215e+03	+4.899e+03	+1.029e+04	+0.484
145.600	+5.324e+03	+4.236e+03	+1.025e+04	+0.443
145.700	+4.922e+03	+3.336e+03	+1.087e+04	+0.404
145.800	+4.356e+03	+5.295e+03	+8.929e+03	+0.549
145.900	+5.007e+03	+3.535e+03	+9.137e+03	+0.414
146.000	+5.936e+03	+4.515e+03	+9.636e+03	+0.432
146.100	+4.536e+03	+5.435e+03	+1.084e+04	+0.545
146.200	+6.360e+03	+5.622e+03	+9.920e+03	+0.469
146.300	+3.801e+03	+4.786e+03	+9.687e+03	+0.557
146.400	+4.416e+03	+5.239e+03	+8.906e+03	+0.543
146.500	+5.767e+03	+5.285e+03	+8.850e+03	+0.478
146.600	+5.708e+03	+2.500e+03	+1.111e+04	+0.305
146.700	+5.636e+03	+4.169e+03	+9.430e+03	+0.425
146.800	+3.543e+03	+5.566e+03	+1.020e+04	+0.611
146.900	+4.723e+03	+6.441e+03	+1.027e+04	+0.577
147.000	+4.800e+03	+5.045e+03	+9.013e+03	+0.512
147.100	+6.347e+03	+5.213e+03	+9.362e+03	+0.451
147.200	+5.190e+03	+5.444e+03	+1.122e+04	+0.512
147.300	+3.885e+03	+4.595e+03	+9.377e+03	+0.542
147.400	+4.401e+03	+5.058e+03	+9.945e+03	+0.535
147.500	+5.895e+03	+6.923e+03	+9.709e+03	+0.540
147.600	+4.123e+03	+4.263e+03	+1.047e+04	+0.508
147.700	+4.969e+03	+4.442e+03	+1.108e+04	+0.472
147.800	+4.136e+03	+5.367e+03	+1.015e+04	+0.565
147.900	+6.104e+03	+5.213e+03	+1.001e+04	+0.461
148.000	+4.226e+03	+4.091e+03	+1.016e+04	+0.492
148.100	+4.412e+03	+4.859e+03	+1.052e+04	+0.524
148.200	+4.285e+03	+5.376e+03	+1.021e+04	+0.556
148.300	+3.613e+03	+5.005e+03	+9.271e+03	+0.581
148.400	+5.103e+03	+5.035e+03	+1.049e+04	+0.497
148.500	+4.935e+03	+5.062e+03	+9.661e+03	+0.506
148.600	+6.926e+03	+4.883e+03	+1.039e+04	+0.413
148.700	+5.512e+03	+5.291e+03	+1.051e+04	+0.490
148.800	+4.622e+03	+4.809e+03	+1.020e+04	+0.510
148.900	+4.735e+03	+3.515e+03	+1.054e+04	+0.426
149.000	+4.642e+03	+5.093e+03	+1.081e+04	+0.523
149.100	+3.555e+03	+5.017e+03	+9.561e+03	+0.585
149.200	+4.928e+03	+4.601e+03	+1.000e+04	+0.483
149.300	+4.661e+03	+4.819e+03	+8.805e+03	+0.508
149.400	+5.186e+03	+4.820e+03	+9.664e+03	+0.482
149.500	+3.979e+03	+5.204e+03	+1.019e+04	+0.567
149.600	+5.835e+03	+4.110e+03	+1.035e+04	+0.413
149.700	+4.276e+03	+5.105e+03	+1.053e+04	+0.544
149.800	+5.683e+03	+5.636e+03	+8.926e+03	+0.498
149.900	+4.936e+03	+4.172e+03	+9.654e+03	+0.458
150.000	+5.865e+03	+5.456e+03	+1.186e+04	+0.482
150.100	+5.706e+03	+5.449e+03	+1.022e+04	+0.488
150.200	+5.263e+03	+5.026e+03	+9.515e+03	+0.489
150.300	+5.035e+03	+5.282e+03	+1.070e+04	+0.512
150.400	+4.426e+03	+5.229e+03	+9.917e+03	+0.542
150.500	+5.218e+03	+5.425e+03	+9.630e+03	+0.510
150.600	+4.142e+03	+6.359e+03	+9.202e+03	+0.606
150.700	+5.759e+03	+4.230e+03	+9.734e+03	+0.423
150.800	+4.381e+03	+3.781e+03	+1.076e+04	+0.463
150.900	+5.264e+03	+5.278e+03	+9.776e+03	+0.501
151.000	+6.002e+03	+5.130e+03	+1.120e+04	+0.461
151.100	+4.459e+03	+5.206e+03	+1.005e+04	+0.539
151.200	+4.806e+03	+5.532e+03	+9.944e+03	+0.535
151.300	+5.934e+03	+5.731e+03	+1.092e+04	+0.491
151.400	+4.683e+03	+4.300e+03	+1.116e+04	+0.479
151.500	+4.338e+03	+4.843e+03	+1.006e+04	+0.528
151.600	+4.711e+03	+4.225e+03	+9.480e+03	+0.473
151.700	+4.167e+03	+6.112e+03	+9.797e+03	+0.595
151.800	+6.529e+03	+4.774e+03	+1.129e+04	+0.422
151.900	+5.358e+03	+5.311e+03	+9.858e+03	+0.498
152.000	+5.056e+03	+4.839e+03	+1.054e+04	+0.489
152.100	+4.165e+03	+4.807e+03	+9.929e+03	+0.536
152.200	+5.007e+03	+5.495e+03	+1.008e+04	+0.523
152.300	+5.407e+03	+4.847e+03	+9.197e+03	+0.473
152.400	+5.260e+03	+5.868e+03	+9.781e+03	+0.527
152.500	+4.622e+03	+4.246e+03	+9.547e+03	+0.479
152.600	+4.910e+03	+4.926e+03	+9.842e+03	+0.501
152.700	+4.051e+03	+3.479e+03	+1.023e+04	+0.462
152.800	+5.792e+03	+4.896e+03	+1.184e+04	+0.458
152.900	+5.317e+03	+4.711e+03	+9.920e+03	+0.470
153.000	+4.881e+03	+3.754e+03	+1.114e+04	+0.435
153.100	+5.512e+03	+3.785e+03	+1.029e+04	+0.407
153.200	+3.966e+03	+4.965e+03	+9.906e+03	+0.556
153.300	+5.341e+03	+6.317e+03	+1.048e+04	+0.542
153.400	+4.177e+03	+5.154e+03	+9.462e+03	+0.552
153.500	+5.131e+03	+5.047e+03	+9.363e+03	+0.496
153.600	+5.061e+03	+5.943e+03	+9.070e+03	+0.540
153.700	+5.326e+03	+6.376e+03	+1.030e+04	+0.545
153.800	+4.966e+03	+4.948e+03	+9.762e+03	+0.499
153.900	+5.575e+03	+3.185e+03	+1.074e+04	+0.364
154.000	+5.084e+03	+4.533e+03	+1.073e+04	+0.471
154.100	+5.403e+03	+5.249e+03	+9.966e+03	+0.493
154.200	+5.233e+03	+5.363e+03	+1.039e+04	+0.506
154.300	+4.854e+03	+4.775e+03	+9.247e+03	+0.496
154.400	+4.993e+03	+4.882e+03	+1.027e+04	+0.494
154.500	+4.434e+03	+5.624e+03	+1.012e+04	+0.559
154.600	+6.710e+03	+4.172e+03	+9.650e+03	+0.383
154.700	+5.139e+03	+5.956e+03	+9.621e+03	+0.537
154.800	+4.733e+03	+5.531e+03	+1.010e+04	+0.539
154.900	+5.706e+03	+5.118e+03	+9.827e+03	+0.473
155.000	+5.260e+03	+5.050e+03	+9.975e+03	+0.490
155.100	+3.500e+03	+5.144e+03	+1.043e+04	+0.595
155.200	+4.119e+03	+3.693e+03	+1.093e+04	+0.473
155.300	+5.381e+03	+5.147e+03	+1.046e+04	+0.489
155.400	+4.343e+03	+4.450e+03	+9.831e+03	+0.506
155.500	+4.820e+03	+5.749e+03	+1.018e+04	+0.544
155.600	+4.084e+03	+5.430e+03	+1.016e+04	+0.571
155.700	+4.855e+03	+4.711e+03	+1.123e+04	+0.492
155.800	+4.322e+03	+4.195e+03	+1.038e+04	+0.493
155.900	+6.603e+03	+2.092e+03	+9.957e+03	+0.241
156.000	+7.047e+03	+4.047e+03	+9.793e+03	+0.365
156.100	+8.041e+03	+2.010e+03	+9.815e+03	+0.200
156.200	+7.563e+03	+1.754e+03	+1.069e+04	+0.188
156.300	+6.938e+03	+2.661e+03	+1.045e+04	+0.277
156.400	+6.855e+03	+2.224e+03	+9.922e+03	+0.245
156.500	+7.471e+03	+2.707e+03	+1.014e+04	+0.266
156.600	+7.700e+03	+1.525e+03	+1.018e+04	+0.165
156.700	+6.704e+03	+3.598e+03	+8.917e+03	+0.349
156.800	+8.213e+03	+2.760e+03	+1.093e+04	+0.252
156.900	+7.486e+03	+1.774e+03	+1.013e+04	+0.192
157.000	+7.250e+03	+2.946e+03	+9.481e+03	+0.289
157.100	+7.381e+03	+3.903e+03	+9.821e+03	+0.346
157.200	+8.053e+03	+2.785e+03	+1.065e+04	+0.257
157.300	+7.238e+03	+2.306e+03	+9.560e+03	+0.242
157.400	+7.901e+03	+9.967e+01	+9.314e+03	+0.012
157.500	+6.083e+03	+2.019e+03	+1.094e+04	+0.249
157.600	+8.818e+03	+3.193e+03	+1.017e+04	+0.266
157.700	+8.723e+03	+2.356e+03	+1.009e+04	+0.213
157.800	+8.248e+03	+2.276e+03	+9.754e+03	+0.216
157.900	+7.587e+03	+1.959e+03	+1.076e+04	+0.205
158.000	+6.710e+03	+1.520e+03	+9.064e+03	+0.185
158.100	+7.725e+03	+1.649e+03	+1.085e+04	+0.176
158.200	+8.367e+03	+3.923e+03	+9.645e+03	+0.319
158.300	+8.319e+03	+1.739e+03	+1.095e+04	+0.173
158.400	+8.870e+03	+1.722e+03	+1.097e+04	+0.163
158.500	+8.469e+03	+1.672e+03	+1.059e+04	+0.165
158.600	+7.981e+03	+3.101e+03	+1.109e+04	+0.280
158.700	+7.762e+03	+1.521e+03	+9.389e+03	+0.164
158.800	+7.114e+03	+2.019e+03	+9.935e+03	+0.221
158.900	+7.984e+03	+3.052e+03	+1.125e+04	+0.277
159.000	+8.166e+03	+2.295e+03	+9.099e+03	+0.219
159.100	+8.144e+03	+2.421e+03	+1.069e+04	+0.229
159.200	+7.082e+03	+2.921e+03	+8.654e+03	+0.292
159.300	+7.250e+03	+1.100e+03	+1.054e+04	+0.132
159.400	+7.396e+03	+3.095e+03	+1.077e+04	+0.295
159.500	+8.099e+03	+2.986e+03	+1.007e+04	+0.269
159.600	+7.668e+03	+2.700e+03	+9.394e+03	+0.260
159.700	+6.436e+03	+1.915e+03	+1.070e+04	+0.229
159.800	+8.170e+03	+1.984e+03	+8.952e+03	+0.195
159.900	+6.805e+03	+4.151e+03	+9.299e+03	+0.379
160.000	+7.635e+03	+2.109e+03	+1.027e+04	+0.216
160.100	+6.620e+03	+1.934e+03	+9.587e+03	+0.226
160.200	+7.339e+03	+2.365e+03	+1.027e+04	+0.244
160.300	+6.673e+03	+1.683e+03	+9.292e+03	+0.201
160.400	+7.963e+03	+2.821e+03	+1.037e+04	+0.262
160.500	+7.125e+03	+3.092e+03	+9.160e+03	+0.303
160.600	+6.089e+03	+1.724e+03	+1.150e+04	+0.221
160.700	+7.358e+03	+1.964e+03	+8.988e+03	+0.211
160.800	+8.313e+03	+2.436e+03	+9.186e+03	+0.227
160.900	+7.719e+03	+1.638e+03	+9.037e+03	+0.175
161.000	+6.871e+03	+2.184e+03	+9.971e+03	+0.241
161.100	+8.108e+03	+2.734e+03	+9.669e+03	+0.252
161.200	+7.728e+03	+2.657e+03	+1.052e+04	+0.256
161.300	+8.283e+03	+3.281e+03	+1.022e+04	+0.284
161.400	+7.773e+03	+3.463e+03	+9.350e+03	+0.308
161.500	+7.113e+03	+2.171e+03	+9.509e+03	+0.234
161.600	+8.272e+03	+3.135e+03	+1.037e+04	+0.275
161.700	+6.863e+03	+3.160e+03	+1.020e+04	+0.315
161.800	+6.639e+03	+3.149e+03	+1.010e+04	+0.322
161.900	+6.097e+03	+1.987e+03	+9.139e+03	+0.246
162.000	+8.220e+03	+1.514e+03	+1.116e+04	+0.156
162.100	+7.750e+03	+3.380e+03	+8.074e+03	+0.304
162.200	+6.775e+03	+3.282e+03	+1.072e+04	+0.326
162.300	+6.707e+03	+3.445e+03	+9.075e+03	+0.339
162.400	+8.521e+03	+3.271e+03	+1.004e+04	+0.277
162.500	+6.718e+03	+2.175e+03	+9.427e+03	+0.245
162.600	+7.302e+03	+2.397e+03	+9.309e+03	+0.247
162.700	+8.384e+03	+3.534e+03	+1.028e+04	+0.297
162.800	+7.313e+03	+2.144e+03	+1.005e+04	+0.227
162.900	+7.706e+03	+1.926e+03	+1.001e+04	+0.200
163.000	+7.657e+03	+2.633e+03	+9.292e+03	+0.256
163.100	+7.886e+03	+3.054e+03	+9.337e+03	+0.279
163.200	+7.666e+03	+1.643e+03	+1.054e+04	+0.176
163.300	+7.885e+03	+3.054e+03	+1.008e+04	+0.279
163.400	+7.871e+03	+2.772e+03	+9.770e+03	+0.260
163.500	+6.660e+03	+9.810e+02	+1.038e+04	+0.128
163.600	+7.308e+03	+3.430e+03	+9.711e+03	+0.319
163.700	+8.056e+03	+2.162e+03	+9.915e+03	+0.212
163.800	+7.735e+03	+1.153e+03	+9.724e+03	+0.130
163.900	+8.222e+03	+2.190e+03	+9.314e+03	+0.210
164.000	+8.629e+03	+3.701e+03	+1.111e+04	+0.300
164.100	+6.935e+03	+1.562e+03	+9.413e+03	+0.184
164.200	+7.404e+03	+3.987e+03	+1.024e+04	+0.350
164.300	+8.679e+03	+2.064e+03	+1.071e+04	+0.192
164.400	+7.379e+03	+2.831e+03	+8.378e+03	+0.277
164.500	+6.564e+03	+1.798e+03	+1.052e+04	+0.215
164.600	+6.789e+03	+1.080e+03	+1.053e+04	+0.137
164.700	+7.055e+03	+1.915e+03	+1.069e+04	+0.213
164.800	+7.256e+03	+2.646e+03	+9.699e+03	+0.267
164.900	+8.042e+03	+2.028e+03	+1.176e+04	+0.201
165.000	+6.996e+03	+3.764e+03	+9.799e+03	+0.350
165.100	+5.269e+03	+5.986e+03	+9.105e+03	+0.532
165.200	+7.437e+03	+2.313e+03	+9.413e+03	+0.237
165.300	+5.662e+03	+3.952e+03	+9.940e+03	+0.411
165.400	+7.983e+03	+1.959e+03	+1.091e+04	+0.197
165.500	+7.390e+03	+2.977e+03	+1.013e+04	+0.287
165.600	+9.267e+03	+2.870e+03	+9.629e+03	+0.236
165.700	+7.181e+03	+3.515e+03	+8.662e+03	+0.329
165.800	+8.099e+03	+2.244e+03	+1.022e+04	+0.217
165.900	+7.430e+03	+2.670e+03	+9.535e+03	+0.264
166.000	+8.189e+03	+1.565e+03	+1.102e+04	+0.160
166.100	+6.751e+03	+2.856e+03	+9.514e+03	+0.297
166.200	+8.071e+03	+2.240e+03	+1.002e+04	+0.217
166.300	+8.439e+03	+3.292e+03	+1.018e+04	+0.281
166.400	+7.686e+03	+1.089e+03	+9.568e+03	+0.124
166.500	+6.955e+03	+2.420e+03	+9.758e+03	+0.258
166.600	+7.385e+03	+2.213e+03	+1.092e+04	+0.231
166.700	+8.495e+03	+3.360e+03	+8.851e+03	+0.283
166.800	+6.648e+03	+2.869e+03	+1.088e+04	+0.301
166.900	+7.125e+03	+2.214e+03	+1.117e+04	+0.237
167.000	+6.803e+03	+2.753e+03	+1.043e+04	+0.288
167.100	+7.313e+03	+3.918e+03	+1.031e+04	+0.349
167.200	+7.956e+03	+3.597e+03	+8.504e+03	+0.311
167.300	+6.155e+03	+2.580e+03	+1.093e+04	+0.295
167.400	+7.032e+03	+2.995e+03	+9.987e+03	+0.299
167.500	+7.855e+03	+2.760e+03	+9.228e+03	+0.260
167.600	+7.199e+03	+2.955e+03	+1.016e+04	+0.291
167.700	+9.048e+03	+2.427e+03	+9.645e+03	+0.212
167.800	+7.271e+03	+2.743e+03	+8.701e+03	+0.274
167.900	+7.850e+03	+3.004e+03	+1.041e+04	+0.277
168.000	+6.113e+03	+3.388e+03	+9.137e+03	+0.357
168.100	+7.188e+02	+8.672e+03	+1.058e+04	+0.923
168.200	+2.870e+03	+7.401e+03	+9.734e+03	+0.721
168.300	+1.596e+03	+6.905e+03	+8.687e+03	+0.812
168.400	+5.103e+03	+4.178e+03	+9.662e+03	+0.450
168.500	+8.816e+03	+3.323e+03	+9.917e+03	+0.274
168.600	+6.696e+03	+3.869e+03	+8.654e+03	+0.366
168.700	+7.166e+03	+2.162e+03	+9.800e+03	+0.232
168.800	+6.020e+03	+1.725e+03	+1.094e+04	+0.223
168.900	+8.216e+03	+2.181e+03	+1.086e+04	+0.210
169.000	+6.390e+03	+2.879e+03	+1.039e+04	+0.311
169.100	+9.070e+03	+2.625e+03	+9.943e+03	+0.224
169.200	+6.740e+03	+7.067e+02	+9.328e+03	+0.095
169.300	+6.554e+03	+2.383e+03	+9.153e+03	+0.267
169.400	+7.570e+03	+3.801e+03	+1.075e+04	+0.334
169.500	+6.863e+03	+2.214e+03	+9.906e+03	+0.244
169.600	+8.216e+03	+2.246e+03	+9.555e+03	+0.215
169.700	+7.895e+03	+2.430e+03	+8.942e+03	+0.235
169.800	+6.679e+03	+2.654e+03	+1.010e+04	+0.284
169.900	+7.760e+03	+1.925e+03	+9.893e+03	+0.199
170.000	+7.466e+03	+2.621e+03	+9.437e+03	+0.260
170.100	+8.732e+03	+2.995e+03	+9.051e+03	+0.255
170.200	+6.490e+03	+2.978e+03	+9.502e+03	+0.315
170.300	+6.916e+03	+2.727e+03	+8.744e+03	+0.283
170.400	+8.111e+03	+1.482e+03	+1.071e+04	+0.155
170.500	+6.642e+03	+2.432e+03	+9.495e+03	+0.268
170.600	+7.374e+03	+1.867e+03	+9.204e+03	+0.202
170.700	+6.391e+03	+2.063e+03	+9.813e+03	+0.244
170.800	+8.088e+03	+2.874e+03	+1.030e+04	+0.262
170.900	+7.865e+03	+2.599e+03	+1.036e+04	+0.248
171.000	+7.523e+03	+2.267e+03	+1.062e+04	+0.232
171.100	+6.972e+03	+2.198e+03	+9.235e+03	+0.240
171.200	+8.160e+03	+4.027e+03	+9.409e+03	+0.330
171.300	+7.537e+03	+1.650e+03	+9.486e+03	+0.180
171.400	+7.048e+03	+2.574e+03	+1.046e+04	+0.268
171.500	+7.022e+03	+1.805e+03	+9.337e+03	+0.204
171.600	+8.521e+03	+3.033e+03	+9.873e+03	+0.262
171.700	+8.273e+03	+1.536e+03	+1.006e+04	+0.157
171.800	+7.407e+03	+3.257e+03	+1.115e+04	+0.305
171.900	+7.234e+03	+3.140e+03	+1.123e+04	+0.303
172.000	+9.449e+03	+3.102e+02	+1.048e+04	+0.032
172.100	+6.582e+03	+2.751e+03	+9.074e+03	+0.295
172.200	+8.196e+03	+2.709e+03	+9.566e+03	+0.248
172.300	+7.348e+03	+2.372e+03	+1.062e+04	+0.244
172.400	+6.958e+03	+4.001e+03	+1.047e+04	+0.365
172.500	+8.319e+03	+2.659e+03	+1.019e+04	+0.242
172.600	+6.372e+03	+3.010e+03	+9.386e+03	+0.321
172.700	+7.287e+03	+2.575e+03	+1.013e+04	+0.261
172.800	+7.890e+03	+2.269e+03	+1.006e+04	+0.223
172.900	+7.243e+03	+1.831e+03	+1.053e+04	+0.202
173.000	+7.419e+03	+1.546e+03	+1.047e+04	+0.172
173.100	+7.085e+03	+3.027e+03	+1.007e+04	+0.299
173.200	+6.801e+03	+2.387e+03	+9.957e+03	+0.260
173.300	+7.402e+03	+3.509e+03	+1.037e+04	+0.322
173.400	+6.289e+03	+1.224e+03	+1.058e+04	+0.163
173.500	+3.507e+03	+6.539e+03	+1.077e+04	+0.651
173.600	+1.460e+03	+7.773e+03	+9.973e+03	+0.842
173.700	+5.451e+03	+4.072e+03	+9.989e+03	+0.428
173.800	+6.069e+03	+4.631e+03	+9.962e+03	+0.433
173.900	+5.578e+03	+5.004e+03	+9.908e+03	+0.473
174.000	+5.825e+03	+4.405e+03	+1.004e+04	+0.431
174.100	+5.367e+03	+4.639e+03	+9.622e+03	+0.464
174.200	+4.895e+03	+4.798e+03	+1.126e+04	+0.495
174.300	+6.021e+03	+5.444e+03	+1.092e+04	+0.475
174.400	+5.722e+03	+5.987e+03	+1.099e+04	+0.511
174.500	+5.341e+03	+5.057e+03	+1.010e+04	+0.486
174.600	+7.715e+03	+1.449e+03	+8.766e+03	+0.158
174.700	+8.310e+03	+3.095e+03	+1.053e+04	+0.271
174.800	+7.370e+03	+2.768e+03	+8.847e+03	+0.273
174.900	+7.553e+03	+2.769e+03	+9.681e+03	+0.268
175.000	+8.192e+03	+2.430e+03	+9.691e+03	+0.229
175.100	+7.761e+03	+1.919e+03	+9.057e+03	+0.198
175.200	+6.359e+03	+2.910e+03	+9.603e+03	+0.314
175.300	+8.484e+03	+2.975e+03	+8.700e+03	+0.260
175.400	+7.328e+03	+2.084e+03	+9.599e+03	+0.221
175.500	+6.912e+03	+3.020e+03	+9.337e+03	+0.304
175.600	+6.593e+03	+3.155e+03	+8.737e+03	+0.324
175.700	+9.185e+03	+2.534e+03	+1.002e+04	+0.216
175.800	+7.981e+03	+2.720e+03	+1.073e+04	+0.254
175.900	+7.708e+03	+2.948e+03	+1.005e+04	+0.277
176.000	+7.904e+03	+1.913e+03	+1.135e+04	+0.195
176.100	+6.839e+03	+2.909e+03	+1.001e+04	+0.298
176.200	+6.734e+03	+2.113e+03	+1.030e+04	+0.239
176.300	+7.575e+03	+2.151e+03	+8.946e+03	+0.221
176.400	+6.646e+03	+2.789e+03	+1.097e+04	+0.296
176.500	+7.061e+03	+2.585e+03	+8.954e+03	+0.268
176.600	+7.786e+03	+2.945e+03	+1.047e+04	+0.274
176.700	+6.759e+03	+2.422e+03	+8.826e+03	+0.264
176.800	+5.985e+03	+2.291e+03	+1.025e+04	+0.277
176.900	+6.485e+03	+1.741e+03	+9.541e+03	+0.212
177.000	+7.310e+03	+3.618e+03	+1.037e+04	+0.331
177.100	+7.490e+03	+1.429e+03	+9.480e+03	+0.160
177.200	+7.330e+03	+2.696e+03	+1.001e+04	+0.269
177.300	+7.848e+03	+2.245e+03	+1.136e+04	+0.222
177.400	+8.103e+03	+2.562e+03	+1.028e+04	+0.240
177.500	+7.177e+03	+2.779e+03	+1.085e+04	+0.279
177.600	+6.542e+03	+3.221e+03	+1.089e+04	+0.330
177.700	+7.284e+03	+2.536e+03	+9.955e+03	+0.258
177.800	+7.318e+03	+1.798e+03	+9.804e+03	+0.197
177.900	+6.337e+03	+1.839e+03	+1.017e+04	+0.225
178.000	+7.798e+03	+1.429e+03	+9.327e+03	+0.155
178.100	+7.078e+03	+3.231e+03	+9.471e+03	+0.313
178.200	+8.686e+03	+3.314e+03	+1.021e+04	+0.276
178.300	+7.915e+03	+2.063e+03	+9.957e+03	+0.207
178.400	+8.020e+03	+2.129e+03	+1.118e+04	+0.210
178.500	+8.803e+03	+2.428e+03	+1.054e+04	+0.216
178.600	+8.954e+03	+2.565e+03	+9.797e+03	+0.223
178.700	+7.928e+03	+3.509e+03	+1.046e+04	+0.307
178.800	+8.099e+03	+1.752e+03	+1.072e+04	+0.178
178.900	+8.242e+03	+2.684e+03	+1.049e+04	+0.246
179.000	+8.862e+03	+2.563e+03	+9.105e+03	+0.224
179.100	+8.071e+03	+3.584e+03	+9.519e+03	+0.308
179.200	+7.085e+03	+2.457e+03	+1.019e+04	+0.258
179.300	+7.794e+03	+1.930e+03	+1.036e+04	+0.198
179.400	+8.080e+03	+1.710e+03	+8.427e+03	+0.175
179.500	+8.801e+03	+2.454e+03	+8.867e+03	+0.218
179.600	+7.348e+03	+2.172e+03	+9.819e+03	+0.228
179.700	+8.198e+03	+1.685e+03	+9.460e+03	+0.170
179.800	+6.905e+03	+2.253e+03	+9.887e+03	+0.246
179.900	+7.259e+03	+2.737e+03	+9.588e+03	+0.274
180.000	+5.438e+03	+4.654e+03	+9.302e+03	+0.461
180.100	+4.706e+03	+5.940e+03	+9.987e+03	+0.558
180.200	+5.007e+03	+6.073e+03	+9.539e+03	+0.548
180.300	+4.659e+03	+5.444e+03	+1.089e+04	+0.539
180.400	+6.317e+03	+4.329e+03	+9.513e+03	+0.407
180.500	+5.583e+03	+4.996e+03	+1.011e+04	+0.472
180.600	+4.680e+03	+5.175e+03	+1.096e+04	+0.525
180.700	+4.296e+03	+4.995e+03	+1.025e+04	+0.538
180.800	+5.284e+03	+5.469e+03	+9.041e+03	+0.509
180.900	+3.857e+03	+3.292e+03	+1.003e+04	+0.461
181.000	+8.458e+03	+2.392e+03	+8.565e+03	+0.220
181.100	+7.740e+03	+2.497e+03	+1.036e+04	+0.244
181.200	+6.825e+03	+2.062e+03	+1.008e+04	+0.232
181.300	+7.805e+03	+3.761e+03	+1.035e+04	+0.325
181.400	+7.166e+03	+2.767e+03	+1.098e+04	+0.279
181.500	+8.244e+03	+1.688e+03	+1.025e+04	+0.170
181.600	+6.640e+03	+3.577e+03	+1.121e+04	+0.350
181.700	+7.943e+03	+2.369e+03	+9.256e+03	+0.230
181.800	+7.778e+03	+1.292e+03	+9.989e+03	+0.142
181.900	+6.594e+03	+1.331e+03	+1.030e+04	+0.168
182.000	+8.416e+03	+1.279e+03	+1.109e+04	+0.132
182.100	+8.021e+03	+1.514e+03	+1.024e+04	+0.159
182.200	+8.496e+03	+2.352e+03	+9.575e+03	+0.217
182.300	+6.081e+03	+2.144e+03	+1.113e+04	+0.261
182.400	+7.401e+03	+3.795e+03	+9.452e+03	+0.339
182.500	+8.670e+03	+2.424e+03	+1.034e+04	+0.218
182.600	+7.813e+03	+2.183e+03	+1.055e+04	+0.218
182.700	+7.611e+03	+3.390e+03	+9.350e+03	+0.308
182.800	+7.863e+03	+3.798e+03	+1.079e+04	+0.326
182.900	+8.609e+03	+1.620e+03	+1.021e+04	+0.158
183.000	+7.979e+03	+2.448e+03	+1.008e+04	+0.235
183.100	+7.334e+03	+3.762e+03	+1.106e+04	+0.339
183.200	+7.821e+03	+2.486e+03	+1.044e+04	+0.241
183.300	+7.606e+03	+1.875e+03	+1.079e+04	+0.198
183.400	+6.085e+03	+3.282e+03	+9.200e+03	+0.350
183.500	+6.416e+03	+2.937e+03	+9.828e+03	+0.314
183.600	+6.995e+03	+2.467e+03	+9.759e+03	+0.261
183.700	+8.004e+03	+2.396e+03	+9.787e+03	+0.230
183.800	+7.320e+03	+3.072e+03	+9.201e+03	+0.296
183.900	+6.660e+03	+1.962e+03	+9.807e+03	+0.228
184.000	+7.451e+03	+3.806e+03	+1.056e+04	+0.338
184.100	+7.702e+03	+1.396e+03	+1.108e+04	+0.153
184.200	+8.310e+03	+1.930e+03	+1.000e+04	+0.189
184.300	+7.462e+03	+2.123e+03	+1.142e+04	+0.221
184.400	+6.955e+03	+1.521e+03	+1.023e+04	+0.179
184.500	+7.986e+03	+3.347e+03	+9.579e+03	+0.295
184.600	+7.118e+03	+2.489e+03	+1.172e+04	+0.259
184.700	+6.681e+03	+2.233e+03	+9.595e+03	+0.250
184.800	+8.680e+03	+2.406e+03	+9.928e+03	+0.217
184.900	+7.106e+03	+3.144e+03	+1.015e+04	+0.307
185.000	+7.062e+03	+2.102e+03	+1.024e+04	+0.229
185.100	+7.015e+03	+3.211e+03	+1.065e+04	+0.314
185.200	+6.683e+03	+3.333e+03	+8.678e+03	+0.333
185.300	+6.592e+03	+3.154e+03	+9.544e+03	+0.324
185.400	+8.617e+03	+2.653e+03	+9.652e+03	+0.235
185.500	+7.636e+03	+2.951e+03	+9.964e+03	+0.279
185.600	+6.998e+03	+6.346e+02	+1.056e+04	+0.083
185.700	+7.451e+03	+3.126e+03	+8.880e+03	+0.296
185.800	+6.816e+03	+3.294e+03	+9.661e+03	+0.326
185.900	+7.576e+03	+2.836e+03	+1.082e+04	+0.272
186.000	+8.224e+03	+2.957e+03	+9.597e+03	+0.264
186.100	+7.061e+03	+2.071e+03	+8.684e+03	+0.227
186.200	+7.709e+03	+3.682e+03	+1.012e+04	+0.323
186.300	+7.609e+03	+2.298e+03	+9.142e+03	+0.232
186.400	+6.943e+03	+2.449e+03	+9.757e+03	+0.261
186.500	+7.921e+03	+4.254e+03	+1.064e+04	+0.349
186.600	+8.473e+03	+1.628e+03	+1.033e+04	+0.161
186.700	+7.812e+03	+2.797e+03	+9.468e+03	+0.264
186.800	+7.383e+03	+3.461e+03	+9.922e+03	+0.319
186.900	+7.910e+03	+3.479e+03	+1.045e+04	+0.305
187.000	+7.091e+03	+3.550e+03	+1.042e+04	+0.334
187.100	+8.290e+03	+3.078e+03	+1.045e+04	+0.271
187.200	+6.537e+03	+2.467e+03	+9.666e+03	+0.274
187.300	+8.449e+03	+2.502e+03	+9.893e+03	+0.228
187.400	+7.246e+03	+3.273e+03	+1.055e+04	+0.311
187.500	+8.853e+03	+1.496e+03	+9.167e+03	+0.145
187.600	+7.607e+03	+3.563e+03	+9.450e+03	+0.319
187.700	+9.707e+03	+2.059e+03	+1.054e+04	+0.175
187.800	+8.274e+03	+1.705e+03	+1.001e+04	+0.171
187.900	+7.772e+03	+3.124e+03	+9.981e+03	+0.287
188.000	+8.426e+03	+1.742e+03	+9.753e+03	+0.171
188.100	+6.557e+03	+3.196e+03	+1.088e+04	+0.328
188.200	+6.737e+03	+1.560e+03	+1.045e+04	+0.188
188.300	+7.868e+03	+3.161e+03	+9.888e+03	+0.287
188.400	+6.752e+03	+1.823e+03	+1.038e+04	+0.213
188.500	+6.483e+03	+2.117e+03	+1.026e+04	+0.246
188.600	+6.355e+03	+3.030e+03	+8.847e+03	+0.323
188.700	+8.317e+03	+2.429e+03	+9.702e+03	+0.226
188.800	+7.410e+03	+2.027e+03	+9.698e+03	+0.215
188.900	+6.890e+03	+2.418e+03	+9.676e+03	+0.260
189.000	+7.304e+03	+2.117e+03	+9.770e+03	+0.225
189.100	+6.667e+03	+2.003e+03	+9.988e+03	+0.231
189.200	+8.338e+03	+3.006e+03	+1.050e+04	+0.265
189.300	+6.844e+03	+2.502e+03	+9.866e+03	+0.268
189.400	+8.211e+03	+2.053e+03	+9.958e+03	+0.200
189.500	+7.487e+03	+9.460e+02	+9.876e+03	+0.112
189.600	+7.570e+03	+3.080e+03	+9.227e+03	+0.289
189.700	+7.190e+03	+2.198e+03	+1.060e+04	+0.234
189.800	+7.066e+03	+3.673e+03	+9.986e+03	+0.342
189.900	+8.352e+03	+3.985e+03	+1.085e+04	+0.323
190.000	+7.912e+03	+2.928e+03	+9.523e+03	+0.270
190.100	+8.947e+03	+3.086e+03	+1.093e+04	+0.256
190.200	+7.686e+03	+2.121e+03	+1.086e+04	+0.216
190.300	+8.090e+03	+1.690e+03	+9.483e+03	+0.173
190.400	+6.396e+03	+2.767e+03	+9.504e+03	+0.302
190.500	+8.131e+03	+3.437e+03	+1.137e+04	+0.297
190.600	+6.585e+03	+3.581e+03	+1.100e+04	+0.352
190.700	+8.284e+03	+2.266e+03	+9.271e+03	+0.215
190.800	+7.703e+03	+2.816e+03	+1.038e+04	+0.268
190.900	+7.114e+03	+3.435e+03	+1.018e+04	+0.326
191.000	+6.221e+03	+1.858e+03	+1.051e+04	+0.230
191.100	+6.525e+03	+2.444e+03	+9.250e+03	+0.272
191.200	+8.463e+03	+2.705e+03	+9.899e+03	+0.242
191.300	+6.954e+03	+8.191e+02	+9.426e+03	+0.105
191.400	+6.685e+03	+2.411e+03	+8.718e+03	+0.265
191.500	+7.687e+03	+1.185e+03	+1.064e+04	+0.134
191.600	+7.188e+03	+3.016e+03	+1.073e+04	+0.296
191.700	+7.995e+03	+2.849e+03	+9.492e+03	+0.263
191.800	+6.753e+03	+2.887e+03	+1.016e+04	+0.299
191.900	+7.851e+03	+2.753e+03	+8.897e+03	+0.260
192.000	+8.005e+03	+1.677e+03	+9.669e+03	+0.173
192.100	+7.253e+03	+2.094e+03	+9.506e+03	+0.224
192.200	+7.233e+03	+2.944e+03	+9.247e+03	+0.289
192.300	+8.049e+03	+2.321e+03	+9.965e+03	+0.224
192.400	+7.313e+03	+3.694e+03	+9.415e+03	+0.336
192.500	+7.593e+03	+2.809e+03	+8.456e+03	+0.270
192.600	+7.072e+03	+1.253e+03	+9.104e+03	+0.150
192.700	+6.622e+03	+2.765e+03	+9.707e+03	+0.295
192.800	+6.994e+03	+2.430e+03	+9.116e+03	+0.258
192.900	+6.557e+03	+2.007e+03	+1.084e+04	+0.234
193.000	+7.286e+03	+2.803e+03	+1.022e+04	+0.278
193.100	+7.319e+03	+4.615e+03	+1.017e+04	+0.387
193.200	+7.320e+03	+1.387e+03	+9.765e+03	+0.159
193.300	+8.477e+03	+9.765e+02	+9.862e+03	+0.103
193.400	+7.436e+03	+1.993e+03	+9.525e+03	+0.211
193.500	+8.212e+03	+2.384e+03	+9.424e+03	+0.225
193.600	+7.930e+03	+2.053e+03	+9.490e+03	+0.206
193.700	+8.500e+03	+2.760e+03	+1.043e+04	+0.245
193.800	+6.585e+03	+2.151e+03	+9.953e+03	+0.246
193.900	+7.482e+03	+3.258e+03	+9.303e+03	+0.303
194.000	+8.806e+03	+2.650e+03	+1.049e+04	+0.231
194.100	+8.102e+03	+2.941e+03	+1.023e+04	+0.266
194.200	+6.875e+03	+4.514e+03	+1.028e+04	+0.396
194.300	+7.379e+03	+3.048e+03	+8.634e+03	+0.292
194.400	+7.091e+03	+2.634e+03	+8.530e+03	+0.271
194.500	+7.669e+03	+3.280e+03	+9.989e+03	+0.300
194.600	+8.055e+03	+2.625e+03	+9.346e+03	+0.246
194.700	+7.367e+03	+1.903e+03	+9.767e+03	+0.205
194.800	+6.576e+03	+2.600e+03	+1.023e+04	+0.283
194.900	+6.827e+03	+3.915e+03	+9.371e+03	+0.364
195.000	+7.462e+03	+1.485e+03	+1.037e+04	+0.166
195.100	+6.813e+03	+1.685e+03	+1.038e+04	+0.198
195.200	+6.644e+03	+3.042e+03	+1.001e+04	+0.314
195.300	+7.322e+03	+3.515e+03	+1.108e+04	+0.324
195.400	+5.867e+03	+2.238e+03	+1.022e+04	+0.276
195.500	+7.195e+03	+3.308e+03	+1.090e+04	+0.315
195.600	+7.369e+03	+2.243e+03	+1.035e+04	+0.233
195.700	+6.661e+03	+2.541e+03	+8.874e+03	+0.276
195.800	+8.137e+03	+2.994e+03	+9.707e+03	+0.269
195.900	+8.231e+03	+2.813e+03	+9.277e+03	+0.255
196.000	+7.558e+03	+2.711e+03	+9.663e+03	+0.264
196.100	+7.934e+03	+3.216e+03	+1.007e+04	+0.288
196.200	+8.279e+03	+1.935e+03	+9.865e+03	+0.189
196.300	+7.019e+03	+2.816e+03	+1.064e+04	+0.286
196.400	+7.403e+03	+1.901e+03	+8.818e+03	+0.204
196.500	+7.043e+03	+1.619e+03	+8.727e+03	+0.187
196.600	+7.471e+03	+2.547e+03	+9.790e+03	+0.254
196.700	+7.061e+03	+4.185e+03	+1.065e+04	+0.372
196.800	+6.738e+03	+1.264e+03	+9.310e+03	+0.158
196.900	+7.090e+03	+2.706e+03	+9.393e+03	+0.276
197.000	+8.496e+03	+2.096e+03	+1.028e+04	+0.198
197.100	+6.333e+03	+3.426e+03	+1.007e+04	+0.351
197.200	+6.044e+03	+1.942e+03	+9.536e+03	+0.243
197.300	+8.022e+03	+2.478e+03	+1.107e+04	+0.236
197.400	+8.343e+03	+2.280e+03	+9.819e+03	+0.215
197.500	+6.506e+03	+1.831e+03	+9.423e+03	+0.220
197.600	+7.520e+03	+2.736e+03	+1.049e+04	+0.267
197.700	+7.938e+03	+3.415e+03	+8.478e+03	+0.301
197.800	+8.161e+03	+1.866e+03	+1.074e+04	+0.186
197.900	+8.129e+03	+2.744e+03	+1.008e+04	+0.252
198.000	+7.033e+03	+1.946e+03	+1.028e+04	+0.217
198.100	+7.170e+03	+3.873e+03	+1.109e+04	+0.351
198.200	+7.278e+03	+2.174e+03	+9.004e+03	+0.230
198.300	+7.559e+03	+3.546e+03	+9.449e+03	+0.319
198.400	+7.791e+03	+3.601e+03	+9.156e+03	+0.316
198.500	+7.754e+03	+2.500e+03	+1.031e+04	+0.244
198.600	+7.061e+03	+2.733e+03	+1.112e+04	+0.279
198.700	+8.185e+03	+1.318e+03	+9.748e+03	+0.139
198.800	+6.565e+03	+1.865e+03	+1.045e+04	+0.221
198.900	+7.627e+03	+3.379e+03	+9.840e+03	+0.307
199.000	+7.727e+03	+2.859e+03	+9.985e+03	+0.270
199.100	+6.602e+03	+2.081e+03	+1.028e+04	+0.240
199.200	+6.230e+03	+2.765e+03	+9.359e+03	+0.307
199.300	+7.672e+03	+1.973e+03	+9.272e+03	+0.205
199.400	+8.137e+03	+2.188e+03	+8.904e+03	+0.212
199.500	+7.424e+03	+2.810e+03	+9.662e+03	+0.275
199.600	+8.593e+03	+3.576e+03	+1.041e+04	+0.294
199.700	+7.214e+03	+2.077e+03	+1.006e+04	+0.224
199.800	+7.096e+03	+1.922e+03	+1.078e+04	+0.213
