%t (s)	Idd (a.u.)	Ida (a.u.)	Iaa (a.u.)	FRET E
0.000	+6.163e+03	+2.128e+03	+1.034e+04	+0.257
0.100	+6.987e+03	+3.790e+03	+9.088e+03	+0.352
0.200	+7.314e+03	+2.921e+03	+9.937e+03	+0.285
0.300	+8.436e+03	+2.708e+03	+9.191e+03	+0.243
0.400	+6.971e+03	+1.499e+03	+1.033e+04	+0.177
0.500	+7.885e+03	+2.667e+03	+9.744e+03	+0.253
0.600	+7.828e+03	+1.616e+03	+1.014e+04	+0.171
0.700	+7.034e+03	+2.918e+03	+1.019e+04	+0.293
0.800	+8.563e+03	+3.060e+03	+8.202e+03	+0.263
0.900	+9.123e+03	+2.625e+03	+1.178e+04	+0.223
1.000	+8.145e+03	+1.743e+03	+1.121e+04	+0.176
1.100	+6.822e+03	+9.809e+02	+1.011e+04	+0.126
1.200	+8.183e+03	+3.030e+03	+1.037e+04	+0.270
1.300	+8.014e+03	+2.480e+03	+9.797e+03	+0.236
1.400	+7.853e+03	+1.716e+03	+9.176e+03	+0.179
1.500	+7.449e+03	+2.968e+03	+1.080e+04	+0.285
1.600	+7.843e+03	+2.418e+03	+1.016e+04	+0.236
1.700	+7.425e+03	+1.356e+03	+9.546e+03	+0.154
1.800	+7.591e+03	+2.279e+03	+1.045e+04	+0.231
1.900	+8.173e+03	+4.089e+03	+9.674e+03	+0.333
2.000	+7.507e+03	+2.130e+03	+1.071e+04	+0.221
2.100	+7.906e+03	+2.082e+03	+1.073e+04	+0.208
2.200	+7.336e+03	+2.493e+03	+9.455e+03	+0.254
2.300	+6.530e+03	+2.592e+03	+1.111e+04	+0.284
2.400	+8.367e+03	+1.405e+03	+9.867e+03	+0.144
2.500	+7.424e+03	+1.409e+03	+1.119e+04	+0.160
2.600	+7.218e+03	+1.938e+03	+1.016e+04	+0.212
2.700	+8.168e+03	+2.844e+03	+8.470e+03	+0.258
2.800	+7.145e+03	+2.748e+03	+9.772e+03	+0.278
2.900	+7.916e+03	+3.293e+03	+9.089e+03	+0.294
3.000	+7.256e+03	+2.288e+03	+1.022e+04	+0.240
3.100	+6.605e+03	+3.770e+03	+1.079e+04	+0.363
3.200	+4.426e+03	+5.165e+03	+1.042e+04	+0.539
3.300	+6.107e+03	+4.922e+03	+1.008e+04	+0.446
3.400	+4.935e+03	+5.467e+03	+9.611e+03	+0.526
3.500	+4.596e+03	+6.652e+03	+1.020e+04	+0.591
3.600	+5.348e+03	+5.123e+03	+8.831e+03	+0.489
3.700	+6.248e+03	+2.412e+03	+1.043e+04	+0.279
3.800	+7.370e+03	+3.072e+03	+1.003e+04	+0.294
3.900	+8.301e+03	+3.138e+03	+9.778e+03	+0.274
4.000	+8.234e+03	+2.775e+03	+1.035e+04	+0.252
4.100	+6.917e+03	+2.873e+03	+1.072e+04	+0.293
4.200	+8.746e+03	+2.213e+03	+1.003e+04	+0.202
4.300	+8.381e+03	+2.805e+03	+1.007e+04	+0.251
4.400	+6.856e+03	+3.540e+03	+1.088e+04	+0.340
4.500	+7.855e+03	+2.183e+03	+9.346e+03	+0.218
4.600	+7.056e+03	+1.836e+03	+9.542e+03	+0.206
4.700	+8.489e+03	+2.876e+03	+1.015e+04	+0.253
4.800	+7.760e+03	+2.626e+03	+1.128e+04	+0.253
4.900	+7.287e+03	+2.768e+03	+1.005e+04	+0.275
5.000	+7.808e+03	+2.920e+03	+8.868e+03	+0.272
5.100	+7.123e+03	+1.787e+03	+9.227e+03	+0.201
5.200	+7.365e+03	+1.179e+03	+9.178e+03	+0.138
5.300	+6.424e+03	+2.573e+03	+1.029e+04	+0.286
5.400	+7.467e+03	+2.812e+03	+9.954e+03	+0.274
5.500	+6.098e+03	+2.533e+03	+1.103e+04	+0.293
5.600	+8.206e+03	+3.247e+03	+9.160e+03	+0.284
5.700	+9.681e+03	+2.249e+03	+9.398e+03	+0.189
5.800	+8.333e+03	+3.290e+03	+1.007e+04	+0.283
5.900	+7.297e+03	+2.680e+03	+1.040e+04	+0.269
6.000	+5.886e+03	+3.016e+03	+9.924e+03	+0.339
6.100	+6.924e+03	+2.902e+03	+1.030e+04	+0.295
6.200	+8.529e+03	+2.979e+03	+9.475e+03	+0.259
6.300	+7.363e+03	+2.492e+03	+1.014e+04	+0.253
6.400	+7.433e+03	+1.859e+03	+9.841e+03	+0.200
6.500	+8.788e+03	+2.180e+03	+9.552e+03	+0.199
6.600	+6.158e+03	+2.727e+03	+1.039e+04	+0.307
6.700	+7.637e+03	+2.142e+03	+1.009e+04	+0.219
6.800	+8.302e+03	+3.976e+03	+1.025e+04	+0.324
6.900	+8.233e+03	+2.917e+03	+1.031e+04	+0.262
7.000	+6.609e+03	+3.921e+03	+9.924e+03	+0.372
7.100	+7.420e+03	+2.471e+03	+9.379e+03	+0.250
7.200	+7.736e+03	+2.623e+03	+1.109e+04	+0.253
7.300	+6.672e+03	+3.841e+03	+1.057e+04	+0.365
7.400	+7.407e+03	+3.511e+03	+9.952e+03	+0.322
7.500	+8.457e+03	+3.382e+03	+1.010e+04	+0.286
7.600	+7.464e+03	+2.122e+03	+1.039e+04	+0.221
7.700	+8.100e+03	+9.663e+02	+1.014e+04	+0.107
7.800	+7.546e+03	+8.170e+02	+9.666e+03	+0.098
7.900	+7.249e+03	+2.911e+03	+9.679e+03	+0.287
8.000	+7.842e+03	+2.296e+03	+9.805e+03	+0.226
8.100	+8.053e+03	+2.286e+03	+9.953e+03	+0.221
8.200	+7.582e+03	+2.574e+03	+1.088e+04	+0.253
8.300	+6.993e+03	+2.957e+03	+1.057e+04	+0.297
8.400	+7.311e+03	+4.013e+03	+1.039e+04	+0.354
8.500	+6.200e+03	+3.571e+03	+9.937e+03	+0.365
8.600	+7.812e+03	+1.536e+03	+9.546e+03	+0.164
8.700	+7.677e+03	+1.980e+03	+1.058e+04	+0.205
8.800	+6.652e+03	+2.210e+03	+1.061e+04	+0.249
8.900	+7.475e+03	+2.284e+03	+1.093e+04	+0.234
9.000	+7.270e+03	+1.252e+03	+9.126e+03	+0.147
9.100	+9.075e+03	+2.982e+03	+9.564e+03	+0.247
9.200	+6.683e+03	+2.217e+03	+1.118e+04	+0.249
9.300	+8.270e+03	+3.661e+03	+1.011e+04	+0.307
9.400	+8.785e+03	+1.826e+03	+1.082e+04	+0.172
9.500	+7.751e+03	+3.321e+03	+9.196e+03	+0.300
9.600	+7.498e+03	+2.435e+03	+1.009e+04	+0.245
9.700	+7.470e+03	+2.028e+03	+9.528e+03	+0.213
9.800	+7.782e+03	+2.535e+03	+9.797e+03	+0.246
9.900	+8.219e+03	+2.647e+03	+9.517e+03	+0.244
10.000	+8.501e+03	+2.991e+03	+1.062e+04	+0.260
10.100	+7.329e+03	+2.609e+03	+1.060e+04	+0.263
10.200	+2.381e+03	+8.204e+03	+1.023e+04	+0.775
10.300	+2.454e+02	+8.042e+03	+1.052e+04	+0.970
10.400	+1.941e+03	+8.013e+03	+9.242e+03	+0.805
10.500	+3.319e+03	+8.310e+03	+8.557e+03	+0.715
10.600	+2.332e+03	+7.095e+03	+8.989e+03	+0.753
10.700	+2.689e+03	+7.359e+03	+1.065e+04	+0.732
10.800	+2.250e+03	+9.362e+03	+1.050e+04	+0.806
10.900	+2.348e+03	+9.257e+03	+9.364e+03	+0.798
11.000	+2.536e+03	+8.325e+03	+1.058e+04	+0.767
11.100	+2.730e+03	+7.730e+03	+1.049e+04	+0.739
11.200	+1.056e+03	+9.029e+03	+9.366e+03	+0.895
11.300	+2.214e+03	+8.663e+03	+9.577e+03	+0.796
11.400	+2.819e+03	+8.001e+03	+9.868e+03	+0.739
11.500	+2.478e+03	+7.528e+03	+1.085e+04	+0.752
11.600	+3.338e+03	+7.608e+03	+9.621e+03	+0.695
11.700	+1.817e+03	+7.304e+03	+1.041e+04	+0.801
11.800	+1.810e+03	+7.634e+03	+1.027e+04	+0.808
11.900	+1.204e+03	+8.254e+03	+1.039e+04	+0.873
12.000	+1.950e+03	+8.686e+03	+1.105e+04	+0.817
12.100	+1.978e+03	+8.987e+03	+1.109e+04	+0.820
12.200	+2.092e+03	+7.929e+03	+1.030e+04	+0.791
12.300	+1.854e+03	+8.638e+03	+1.027e+04	+0.823
12.400	+4.086e+03	+6.038e+03	+9.948e+03	+0.596
12.500	+5.317e+03	+4.151e+03	+1.137e+04	+0.438
12.600	+4.720e+03	+4.586e+03	+1.068e+04	+0.493
12.700	+5.348e+03	+5.057e+03	+9.288e+03	+0.486
12.800	+4.770e+03	+4.383e+03	+1.027e+04	+0.479
12.900	+6.294e+03	+5.687e+03	+9.410e+03	+0.475
13.000	+5.508e+03	+5.470e+03	+9.824e+03	+0.498
13.100	+5.763e+03	+4.870e+03	+9.115e+03	+0.458
13.200	+5.586e+03	+4.884e+03	+9.484e+03	+0.466
13.300	+5.583e+03	+4.517e+03	+1.030e+04	+0.447
13.400	+8.494e+03	+2.096e+03	+1.030e+04	+0.198
13.500	+7.703e+03	+2.706e+03	+1.121e+04	+0.260
13.600	+7.579e+03	+2.714e+03	+1.024e+04	+0.264
13.700	+7.971e+03	+3.518e+03	+1.005e+04	+0.306
13.800	+8.408e+03	+2.033e+03	+9.937e+03	+0.195
13.900	+7.210e+03	+1.958e+03	+1.066e+04	+0.214
14.000	+7.769e+03	+3.865e+03	+1.113e+04	+0.332
14.100	+6.627e+03	+2.998e+03	+1.021e+04	+0.312
14.200	+8.741e+03	+2.619e+03	+1.021e+04	+0.231
14.300	+9.323e+03	+2.004e+03	+9.731e+03	+0.177
14.400	+7.979e+03	+2.615e+03	+1.037e+04	+0.247
14.500	+8.126e+03	+2.074e+03	+1.045e+04	+0.203
14.600	+7.420e+03	+2.201e+03	+1.035e+04	+0.229
14.700	+7.681e+03	+3.689e+03	+9.583e+03	+0.324
14.800	+7.159e+03	+1.945e+03	+9.350e+03	+0.214
14.900	+6.571e+03	+2.393e+03	+1.022e+04	+0.267
15.000	+7.491e+03	+2.673e+03	+1.054e+04	+0.263
15.100	+7.592e+03	+3.528e+03	+9.557e+03	+0.317
15.200	+7.334e+03	+2.160e+03	+1.104e+04	+0.227
15.300	+7.965e+03	+3.456e+03	+1.089e+04	+0.303
15.400	+7.260e+03	+2.822e+03	+9.367e+03	+0.280
15.500	+7.466e+03	+2.682e+03	+1.173e+04	+0.264
15.600	+6.570e+03	+4.124e+03	+9.284e+03	+0.386
15.700	+7.585e+03	+4.098e+03	+1.007e+04	+0.351
15.800	+6.365e+03	+2.446e+03	+9.836e+03	+0.278
15.900	+8.409e+03	+1.621e+03	+1.006e+04	+0.162
16.000	+6.905e+03	+2.350e+03	+1.015e+04	+0.254
16.100	+7.036e+03	+2.909e+03	+9.080e+03	+0.293
16.200	+7.958e+03	+2.589e+03	+8.724e+03	+0.245
16.300	+8.342e+03	+9.748e+02	+9.527e+03	+0.105
16.400	+7.205e+03	+2.096e+03	+1.002e+04	+0.225
16.500	+6.774e+03	+2.443e+03	+1.104e+04	+0.265
16.600	+7.814e+03	+2.327e+03	+8.803e+03	+0.229
16.700	+7.916e+03	+2.043e+03	+1.097e+04	+0.205
16.800	+7.570e+03	+2.584e+03	+1.081e+04	+0.255
16.900	+7.615e+03	+2.361e+03	+1.087e+04	+0.237
17.000	+6.882e+03	+3.300e+03	+1.037e+04	+0.324
17.100	+7.805e+03	+2.510e+03	+9.558e+03	+0.243
17.200	+6.155e+03	+3.475e+03	+1.079e+04	+0.361
17.300	+6.802e+03	+2.755e+03	+1.081e+04	+0.288
17.400	+6.845e+03	+3.426e+03	+9.218e+03	+0.334
17.500	+7.753e+03	+1.969e+03	+8.236e+03	+0.203
17.600	+7.102e+03	+1.534e+03	+1.053e+04	+0.178
17.700	+6.363e+03	+1.074e+03	+1.124e+04	+0.144
17.800	+7.740e+03	+4.067e+03	+9.802e+03	+0.344
17.900	+7.590e+03	+1.819e+03	+7.721e+03	+0.193
18.000	+7.957e+03	+2.915e+03	+1.074e+04	+0.268
18.100	+7.995e+03	+2.017e+03	+9.739e+03	+0.201
18.200	+7.700e+03	+2.567e+03	+1.041e+04	+0.250
18.300	+7.916e+03	+2.583e+03	+9.271e+03	+0.246
18.400	+7.447e+03	+1.860e+03	+1.011e+04	+0.200
18.500	+8.951e+03	+3.109e+03	+8.958e+03	+0.258
18.600	+8.623e+03	+3.100e+03	+1.027e+04	+0.264
18.700	+8.057e+03	+2.404e+03	+1.051e+04	+0.230
18.800	+7.219e+03	+3.294e+03	+1.020e+04	+0.313
18.900	+8.315e+03	+2.771e+03	+1.093e+04	+0.250
19.000	+7.222e+03	+1.895e+03	+1.000e+04	+0.208
19.100	+8.279e+03	+2.393e+03	+9.838e+03	+0.224
19.200	+6.747e+03	+2.757e+03	+9.717e+03	+0.290
19.300	+6.779e+03	+2.977e+03	+1.121e+04	+0.305
19.400	+7.666e+03	+2.899e+03	+1.053e+04	+0.274
19.500	+8.518e+03	+2.739e+03	+1.093e+04	+0.243
19.600	+6.074e+03	+3.652e+03	+8.976e+03	+0.376
19.700	+7.564e+03	+1.833e+03	+9.635e+03	+0.195
19.800	+7.317e+03	+2.906e+03	+9.810e+03	+0.284
19.900	+7.952e+03	+2.506e+03	+1.068e+04	+0.240
20.000	+8.035e+03	+3.444e+03	+1.016e+04	+0.300
20.100	+7.817e+03	+2.558e+03	+9.674e+03	+0.247
20.200	+7.650e+03	+2.321e+03	+9.538e+03	+0.233
20.300	+8.258e+03	+1.769e+03	+1.060e+04	+0.176
20.400	+6.852e+03	+2.011e+03	+1.092e+04	+0.227
20.500	+7.057e+03	+2.445e+03	+1.011e+04	+0.257
20.600	+6.621e+03	+2.796e+03	+1.062e+04	+0.297
20.700	+9.379e+03	+1.285e+03	+1.039e+04	+0.120
20.800	+6.912e+03	+1.628e+03	+9.618e+03	+0.191
20.900	+7.325e+03	+2.607e+03	+1.055e+04	+0.262
21.000	+8.709e+03	+3.297e+03	+9.282e+03	+0.275
21.100	+8.393e+03	+3.058e+03	+9.305e+03	+0.267
21.200	+7.371e+03	+1.912e+03	+1.094e+04	+0.206
21.300	+9.000e+03	+3.680e+03	+9.100e+03	+0.290
21.400	+6.686e+03	+1.421e+03	+1.011e+04	+0.175
21.500	+6.971e+03	+3.705e+03	+9.200e+03	+0.347
21.600	+7.776e+03	+3.740e+03	+1.090e+04	+0.325
21.700	+7.668e+03	+3.032e+03	+1.019e+04	+0.283
21.800	+7.260e+03	+2.921e+03	+1.016e+04	+0.287
21.900	+8.264e+03	+2.610e+03	+9.799e+03	+0.240
22.000	+7.764e+03	+2.725e+03	+1.009e+04	+0.260
22.100	+8.023e+03	+2.124e+03	+9.904e+03	+0.209
22.200	+8.184e+03	+4.055e+03	+9.728e+03	+0.331
22.300	+7.656e+03	+1.967e+03	+1.043e+04	+0.204
22.400	+9.062e+03	+2.631e+03	+9.742e+03	+0.225
22.500	+8.802e+03	+3.171e+03	+1.157e+04	+0.265
22.600	+8.410e+03	+3.452e+03	+1.021e+04	+0.291
22.700	+8.054e+03	+3.011e+03	+1.019e+04	+0.272
22.800	+7.582e+03	+2.579e+03	+1.108e+04	+0.254
22.900	+8.447e+03	+3.630e+03	+9.102e+03	+0.301
23.000	+8.013e+03	+2.140e+03	+1.058e+04	+0.211
23.100	+8.426e+03	+2.367e+03	+9.490e+03	+0.219
23.200	+7.672e+03	+3.289e+03	+9.570e+03	+0.300
23.300	+8.738e+03	+2.562e+03	+1.056e+04	+0.227
23.400	+7.706e+03	+2.152e+03	+1.067e+04	+0.218
23.500	+6.767e+03	+3.210e+03	+9.408e+03	+0.322
23.600	+9.133e+03	+2.659e+03	+1.025e+04	+0.225
23.700	+8.267e+03	+4.006e+03	+1.041e+04	+0.326
23.800	+7.619e+03	+2.187e+03	+9.663e+03	+0.223
23.900	+7.169e+03	+3.316e+03	+1.003e+04	+0.316
24.000	+6.738e+03	+2.227e+03	+9.843e+03	+0.248
24.100	+6.838e+03	+3.655e+03	+1.059e+04	+0.348
24.200	+1.424e+03	+8.089e+03	+9.714e+03	+0.850
24.300	+1.878e+03	+8.694e+03	+9.482e+03	+0.822
24.400	+1.255e+03	+7.243e+03	+9.858e+03	+0.852
24.500	+1.803e+03	+8.194e+03	+8.760e+03	+0.820
24.600	+1.015e+03	+8.644e+03	+1.009e+04	+0.895
24.700	+3.098e+03	+7.980e+03	+1.003e+04	+0.720
24.800	+2.232e+03	+8.594e+03	+9.286e+03	+0.794
24.900	+1.641e+03	+8.271e+03	+1.029e+04	+0.834
25.000	+2.334e+03	+8.312e+03	+1.209e+04	+0.781
25.100	+2.915e+03	+7.212e+03	+1.040e+04	+0.712
25.200	+1.532e+03	+7.662e+03	+9.546e+03	+0.833
25.300	+2.485e+03	+7.646e+03	+1.126e+04	+0.755
25.400	+1.164e+03	+7.976e+03	+1.048e+04	+0.873
25.500	+1.999e+03	+8.399e+03	+1.043e+04	+0.808
25.600	+1.715e+03	+8.294e+03	+1.100e+04	+0.829
25.700	+2.257e+03	+7.411e+03	+9.078e+03	+0.767
25.800	+1.863e+03	+7.531e+03	+1.169e+04	+0.802
25.900	+1.587e+03	+7.232e+03	+1.092e+04	+0.820
26.000	+2.588e+03	+6.884e+03	+9.726e+03	+0.727
26.100	+1.586e+03	+8.722e+03	+1.093e+04	+0.846
26.200	+1.056e+03	+8.234e+03	+1.094e+04	+0.886
26.300	+1.461e+03	+9.136e+03	+1.054e+04	+0.862
26.400	+2.541e+03	+8.350e+03	+9.688e+03	+0.767
26.500	+2.060e+03	+8.423e+03	+9.246e+03	+0.804
26.600	+1.880e+03	+7.776e+03	+1.141e+04	+0.805
26.700	+1.105e+03	+7.155e+03	+9.090e+03	+0.866
26.800	+2.631e+03	+8.200e+03	+1.065e+04	+0.757
26.900	+3.195e+03	+8.567e+03	+1.059e+04	+0.728
27.000	+1.295e+03	+8.490e+03	+9.778e+03	+0.868
27.100	+1.888e+03	+7.632e+03	+1.107e+04	+0.802
27.200	+2.610e+03	+7.420e+03	+9.372e+03	+0.740
27.300	+1.895e+03	+7.816e+03	+1.021e+04	+0.805
27.400	+2.542e+03	+7.115e+03	+9.955e+03	+0.737
27.500	+2.613e+03	+8.162e+03	+1.045e+04	+0.758
27.600	+2.768e+03	+8.923e+03	+9.411e+03	+0.763
27.700	+2.128e+03	+9.216e+03	+9.506e+03	+0.812
27.800	+2.039e+03	+6.604e+03	+9.293e+03	+0.764
27.900	+1.982e+03	+7.233e+03	+1.027e+04	+0.785
28.000	+2.284e+03	+7.579e+03	+9.864e+03	+0.768
28.100	+8.964e+02	+9.042e+03	+1.067e+04	+0.910
28.200	+1.437e+03	+7.916e+03	+1.033e+04	+0.846
28.300	+1.157e+03	+7.596e+03	+1.094e+04	+0.868
28.400	+2.302e+03	+7.232e+03	+1.017e+04	+0.759
28.500	+1.462e+03	+8.133e+03	+1.029e+04	+0.848
28.600	+1.195e+03	+8.089e+03	+8.849e+03	+0.871
28.700	+2.387e+03	+7.124e+03	+1.029e+04	+0.749
28.800	+1.909e+02	+8.776e+03	+1.095e+04	+0.979
28.900	+2.403e+03	+8.019e+03	+1.091e+04	+0.769
29.000	+2.273e+03	+8.835e+03	+9.872e+03	+0.795
29.100	+2.689e+03	+9.203e+03	+9.579e+03	+0.774
29.200	+1.880e+03	+9.436e+03	+9.909e+03	+0.834
29.300	+1.822e+03	+8.534e+03	+9.726e+03	+0.824
29.400	+1.749e+03	+8.012e+03	+8.885e+03	+0.821
29.500	+1.270e+03	+7.526e+03	+9.830e+03	+0.856
29.600	+1.855e+03	+7.374e+03	+1.068e+04	+0.799
29.700	+1.773e+03	+8.804e+03	+1.050e+04	+0.832
29.800	+1.482e+03	+6.624e+03	+1.072e+04	+0.817
29.900	+2.451e+03	+8.208e+03	+1.084e+04	+0.770
30.000	+2.455e+03	+7.070e+03	+8.906e+03	+0.742
30.100	+1.268e+03	+8.253e+03	+1.003e+04	+0.867
30.200	+1.349e+03	+7.546e+03	+8.949e+03	+0.848
30.300	+1.546e+03	+7.302e+03	+1.087e+04	+0.825
30.400	+1.904e+03	+7.352e+03	+9.603e+03	+0.794
30.500	+1.684e+03	+8.203e+03	+1.128e+04	+0.830
30.600	+1.752e+03	+7.925e+03	+9.978e+03	+0.819
30.700	+2.872e+03	+7.701e+03	+9.595e+03	+0.728
30.800	+1.357e+03	+8.530e+03	+1.082e+04	+0.863
30.900	+2.325e+03	+8.271e+03	+1.081e+04	+0.781
31.000	+2.127e+03	+7.417e+03	+1.101e+04	+0.777
31.100	+1.403e+03	+7.979e+03	+9.241e+03	+0.850
31.200	+2.072e+03	+7.533e+03	+1.005e+04	+0.784
31.300	+2.070e+03	+8.123e+03	+1.063e+04	+0.797
31.400	+2.160e+03	+7.520e+03	+9.712e+03	+0.777
31.500	+1.294e+03	+7.562e+03	+1.166e+04	+0.854
31.600	+2.302e+03	+7.681e+03	+9.468e+03	+0.769
31.700	+1.302e+03	+8.255e+03	+1.078e+04	+0.864
31.800	+1.487e+03	+8.411e+03	+9.393e+03	+0.850
31.900	+7.381e+02	+7.840e+03	+1.021e+04	+0.914
32.000	+2.150e+03	+1.027e+04	+9.683e+03	+0.827
32.100	+1.023e+03	+7.931e+03	+1.082e+04	+0.886
32.200	+2.171e+03	+8.944e+03	+1.145e+04	+0.805
32.300	+2.834e+02	+7.282e+03	+1.060e+04	+0.963
32.400	+1.660e+03	+7.916e+03	+1.073e+04	+0.827
32.500	+1.150e+03	+8.559e+03	+9.631e+03	+0.882
32.600	+1.833e+03	+7.920e+03	+9.819e+03	+0.812
32.700	+5.741e+02	+8.829e+03	+9.896e+03	+0.939
32.800	+1.649e+03	+7.661e+03	+1.007e+04	+0.823
32.900	+1.906e+03	+7.752e+03	+1.069e+04	+0.803
33.000	+2.057e+03	+8.645e+03	+8.577e+03	+0.808
33.100	+3.418e+03	+8.868e+03	+9.626e+03	+0.722
33.200	+9.450e+02	+7.467e+03	+1.056e+04	+0.888
33.300	+1.747e+03	+7.707e+03	+9.663e+03	+0.815
33.400	+6.546e+02	+8.492e+03	+9.489e+03	+0.928
33.500	+1.432e+03	+7.038e+03	+1.009e+04	+0.831
33.600	+9.936e+02	+7.523e+03	+9.996e+03	+0.883
33.700	+1.196e+03	+8.306e+03	+9.660e+03	+0.874
33.800	+2.318e+03	+7.303e+03	+1.127e+04	+0.759
33.900	+3.025e+03	+9.127e+03	+9.710e+03	+0.751
34.000	+2.954e+03	+8.203e+03	+9.217e+03	+0.735
34.100	+2.658e+03	+6.515e+03	+9.793e+03	+0.710
34.200	+1.882e+03	+7.707e+03	+9.242e+03	+0.804
34.300	+2.531e+03	+6.921e+03	+1.018e+04	+0.732
34.400	+1.407e+03	+7.709e+03	+1.064e+04	+0.846
34.500	+1.702e+03	+7.861e+03	+9.471e+03	+0.822
34.600	+2.176e+03	+8.280e+03	+1.029e+04	+0.792
34.700	+2.187e+03	+7.932e+03	+1.006e+04	+0.784
34.800	+1.458e+03	+9.149e+03	+1.206e+04	+0.863
34.900	+5.445e+02	+7.303e+03	+9.354e+03	+0.931
35.000	+2.006e+03	+7.885e+03	+1.033e+04	+0.797
35.100	+1.841e+03	+7.926e+03	+1.014e+04	+0.812
35.200	+1.209e+03	+7.834e+03	+9.871e+03	+0.866
35.300	+5.230e+03	+6.234e+03	+1.065e+04	+0.544
35.400	+4.882e+03	+4.639e+03	+1.166e+04	+0.487
35.500	+5.318e+03	+4.916e+03	+8.092e+03	+0.480
35.600	+7.670e+03	+3.771e+03	+9.592e+03	+0.330
35.700	+6.908e+03	+2.986e+03	+8.799e+03	+0.302
35.800	+8.486e+03	+1.826e+03	+1.034e+04	+0.177
35.900	+7.381e+03	+3.741e+03	+9.414e+03	+0.336
36.000	+8.374e+03	+1.956e+03	+1.146e+04	+0.189
36.100	+8.180e+03	+2.042e+03	+1.039e+04	+0.200
36.200	+6.634e+03	+2.641e+03	+9.091e+03	+0.285
36.300	+6.967e+03	+2.147e+03	+1.053e+04	+0.236
36.400	+7.038e+03	+1.719e+03	+1.024e+04	+0.196
36.500	+7.889e+03	+2.523e+03	+1.044e+04	+0.242
36.600	+7.816e+03	+3.154e+03	+9.409e+03	+0.288
36.700	+7.882e+03	+2.242e+03	+1.137e+04	+0.221
36.800	+7.461e+03	+3.094e+03	+1.059e+04	+0.293
36.900	+7.299e+03	+3.386e+03	+9.630e+03	+0.317
37.000	+5.143e+03	+4.277e+03	+1.005e+04	+0.454
37.100	+2.183e+03	+7.244e+03	+1.127e+04	+0.768
37.200	+1.077e+03	+8.236e+03	+9.867e+03	+0.884
37.300	+2.408e+03	+8.210e+03	+1.029e+04	+0.773
37.400	+2.170e+03	+6.960e+03	+9.564e+03	+0.762
37.500	+1.487e+03	+8.050e+03	+9.828e+03	+0.844
37.600	+5.930e+02	+7.764e+03	+1.103e+04	+0.929
37.700	+2.343e+03	+9.397e+03	+9.542e+03	+0.800
37.800	+2.567e+03	+8.494e+03	+1.106e+04	+0.768
37.900	+3.315e+03	+7.479e+03	+9.936e+03	+0.693
38.000	+9.941e+02	+7.590e+03	+1.088e+04	+0.884
38.100	+1.916e+03	+7.041e+03	+9.247e+03	+0.786
38.200	+2.476e+03	+1.035e+04	+9.489e+03	+0.807
38.300	+2.699e+03	+7.951e+03	+9.688e+03	+0.747
38.400	+2.574e+03	+7.401e+03	+9.627e+03	+0.742
38.500	+2.851e+03	+6.284e+03	+1.040e+04	+0.688
38.600	+2.463e+03	+7.034e+03	+1.046e+04	+0.741
38.700	+1.227e+03	+8.512e+03	+9.750e+03	+0.874
38.800	+2.432e+03	+8.913e+03	+1.002e+04	+0.786
38.900	+1.490e+03	+7.985e+03	+1.131e+04	+0.843
39.000	+1.408e+03	+7.600e+03	+9.820e+03	+0.844
39.100	+2.904e+03	+9.456e+03	+9.422e+03	+0.765
39.200	+6.001e+02	+8.277e+03	+9.200e+03	+0.932
39.300	+3.448e+03	+8.639e+03	+9.177e+03	+0.715
39.400	+1.837e+03	+8.695e+03	+9.521e+03	+0.826
39.500	+1.771e+03	+6.917e+03	+1.187e+04	+0.796
39.600	+1.246e+03	+7.133e+03	+9.525e+03	+0.851
39.700	+1.607e+03	+9.843e+03	+1.023e+04	+0.860
39.800	+3.715e+02	+7.350e+03	+1.119e+04	+0.952
39.900	+7.378e+02	+7.673e+03	+9.065e+03	+0.912
40.000	+4.222e+03	+5.878e+03	+1.007e+04	+0.582
40.100	+4.890e+03	+4.462e+03	+1.033e+04	+0.477
40.200	+5.309e+03	+5.610e+03	+9.897e+03	+0.514
40.300	+5.633e+03	+4.108e+03	+9.352e+03	+0.422
40.400	+3.561e+03	+5.721e+03	+9.706e+03	+0.616
40.500	+4.459e+03	+3.786e+03	+9.823e+03	+0.459
40.600	+4.042e+03	+4.893e+03	+8.115e+03	+0.548
40.700	+5.170e+03	+5.270e+03	+9.532e+03	+0.505
40.800	+5.135e+03	+5.490e+03	+1.026e+04	+0.517
40.900	+5.636e+03	+4.374e+03	+9.647e+03	+0.437
41.000	+4.879e+03	+5.147e+03	+1.033e+04	+0.513
41.100	+4.442e+03	+6.350e+03	+1.029e+04	+0.588
41.200	+4.667e+03	+3.659e+03	+1.012e+04	+0.439
41.300	+6.319e+03	+3.829e+03	+9.924e+03	+0.377
41.400	+3.907e+03	+5.391e+03	+8.711e+03	+0.580
41.500	+5.850e+03	+5.349e+03	+1.018e+04	+0.478
41.600	+4.996e+03	+4.400e+03	+8.763e+03	+0.468
41.700	+5.627e+03	+5.687e+03	+9.432e+03	+0.503
41.800	+5.227e+03	+5.948e+03	+1.023e+04	+0.532
41.900	+5.111e+03	+5.905e+03	+1.021e+04	+0.536
42.000	+4.899e+03	+4.287e+03	+9.569e+03	+0.467
42.100	+4.295e+03	+5.027e+03	+1.013e+04	+0.539
42.200	+3.638e+03	+6.031e+03	+1.086e+04	+0.624
42.300	+4.454e+03	+3.813e+03	+8.998e+03	+0.461
42.400	+5.508e+03	+6.529e+03	+9.442e+03	+0.542
42.500	+6.032e+03	+6.481e+03	+9.741e+03	+0.518
42.600	+6.935e+03	+3.540e+03	+1.006e+04	+0.338
42.700	+7.274e+03	+1.602e+03	+1.079e+04	+0.181
42.800	+7.192e+03	+9.524e+02	+9.379e+03	+0.117
42.900	+8.276e+03	+1.346e+03	+1.062e+04	+0.140
43.000	+7.657e+03	+2.050e+03	+1.003e+04	+0.211
43.100	+7.128e+03	+3.148e+03	+9.626e+03	+0.306
43.200	+6.375e+03	+3.195e+03	+9.578e+03	+0.334
43.300	+6.415e+03	+1.792e+03	+9.127e+03	+0.218
43.400	+7.624e+03	+2.125e+03	+1.044e+04	+0.218
43.500	+7.807e+03	+2.213e+03	+9.285e+03	+0.221
43.600	+7.586e+03	+3.875e+03	+1.004e+04	+0.338
43.700	+7.127e+03	+1.206e+03	+9.806e+03	+0.145
43.800	+7.127e+03	+2.659e+03	+1.087e+04	+0.272
43.900	+8.609e+03	+2.929e+03	+9.544e+03	+0.254
44.000	+7.807e+03	+2.605e+03	+9.928e+03	+0.250
44.100	+7.355e+03	+2.816e+03	+1.005e+04	+0.277
44.200	+6.988e+03	+2.433e+03	+9.277e+03	+0.258
44.300	+7.223e+03	+3.118e+03	+1.022e+04	+0.302
44.400	+6.719e+03	+3.653e+03	+9.899e+03	+0.352
44.500	+7.454e+03	+1.645e+03	+9.437e+03	+0.181
44.600	+7.417e+03	+3.312e+03	+1.111e+04	+0.309
44.700	+7.538e+03	+1.859e+03	+9.232e+03	+0.198
44.800	+7.027e+03	+1.702e+03	+9.963e+03	+0.195
44.900	+7.663e+03	+1.439e+03	+9.468e+03	+0.158
45.000	+7.789e+03	+1.882e+03	+1.086e+04	+0.195
45.100	+5.825e+03	+3.548e+03	+1.033e+04	+0.379
45.200	+5.108e+03	+4.114e+03	+8.982e+03	+0.446
45.300	+5.384e+03	+5.679e+03	+1.030e+04	+0.513
45.400	+4.223e+03	+5.588e+03	+1.109e+04	+0.570
45.500	+4.482e+03	+4.512e+03	+1.105e+04	+0.502
45.600	+4.918e+03	+4.721e+03	+1.044e+04	+0.490
45.700	+5.168e+03	+4.293e+03	+1.062e+04	+0.454
45.800	+5.585e+03	+5.837e+03	+9.764e+03	+0.511
45.900	+4.754e+03	+5.476e+03	+1.020e+04	+0.535
46.000	+6.241e+03	+4.994e+03	+1.084e+04	+0.445
46.100	+5.218e+03	+5.269e+03	+9.354e+03	+0.502
46.200	+4.142e+03	+4.000e+03	+1.030e+04	+0.491
46.300	+4.650e+03	+4.373e+03	+9.556e+03	+0.485
46.400	+6.249e+03	+4.611e+03	+9.781e+03	+0.425
46.500	+4.310e+03	+4.831e+03	+1.055e+04	+0.528
46.600	+4.904e+03	+5.508e+03	+9.521e+03	+0.529
46.700	+6.183e+03	+4.769e+03	+1.075e+04	+0.435
46.800	+4.280e+03	+4.160e+03	+9.239e+03	+0.493
46.900	+5.264e+03	+3.705e+03	+9.704e+03	+0.413
47.000	+5.307e+03	+5.123e+03	+1.166e+04	+0.491
47.100	+5.514e+03	+4.869e+03	+1.056e+04	+0.469
47.200	+4.753e+03	+3.828e+03	+1.023e+04	+0.446
47.300	+5.128e+03	+4.175e+03	+1.020e+04	+0.449
47.400	+6.438e+03	+4.357e+03	+9.133e+03	+0.404
47.500	+5.712e+03	+4.928e+03	+1.065e+04	+0.463
47.600	+4.713e+03	+5.167e+03	+1.057e+04	+0.523
47.700	+4.325e+03	+4.579e+03	+9.338e+03	+0.514
47.800	+5.670e+03	+5.393e+03	+1.054e+04	+0.487
47.900	+5.290e+03	+4.666e+03	+1.051e+04	+0.469
48.000	+5.604e+03	+3.307e+03	+1.029e+04	+0.371
48.100	+8.871e+03	+3.327e+03	+9.133e+03	+0.273
48.200	+6.665e+03	+1.292e+03	+1.100e+04	+0.162
48.300	+8.282e+03	+1.781e+03	+1.030e+04	+0.177
48.400	+7.448e+03	+2.911e+03	+1.005e+04	+0.281
48.500	+7.637e+03	+3.292e+03	+9.336e+03	+0.301
48.600	+7.212e+03	+3.320e+03	+9.698e+03	+0.315
48.700	+7.863e+03	+3.352e+03	+1.052e+04	+0.299
48.800	+7.648e+03	+2.693e+03	+1.131e+04	+0.260
48.900	+7.478e+03	+1.991e+03	+9.266e+03	+0.210
49.000	+6.957e+03	+3.337e+03	+1.019e+04	+0.324
49.100	+6.398e+03	+2.747e+03	+8.946e+03	+0.300
49.200	+8.781e+03	+2.205e+03	+8.939e+03	+0.201
49.300	+6.734e+03	+2.218e+03	+1.060e+04	+0.248
49.400	+6.804e+03	+2.310e+03	+8.964e+03	+0.253
49.500	+7.590e+03	+3.808e+03	+1.043e+04	+0.334
49.600	+6.747e+03	+2.495e+03	+9.315e+03	+0.270
49.700	+6.916e+03	+2.317e+03	+8.858e+03	+0.251
49.800	+8.471e+03	+2.810e+03	+1.023e+04	+0.249
49.900	+6.860e+03	+2.578e+03	+1.102e+04	+0.273
50.000	+8.381e+03	+1.875e+03	+9.451e+03	+0.183
50.100	+7.431e+03	+3.085e+03	+1.052e+04	+0.293
50.200	+7.065e+03	+3.055e+03	+9.654e+03	+0.302
50.300	+7.652e+03	+3.534e+03	+1.065e+04	+0.316
50.400	+7.678e+03	+1.422e+03	+1.060e+04	+0.156
50.500	+6.072e+03	+3.384e+03	+9.959e+03	+0.358
50.600	+4.936e+03	+3.930e+03	+9.641e+03	+0.443
50.700	+4.996e+03	+5.066e+03	+1.083e+04	+0.504
50.800	+4.696e+03	+3.271e+03	+9.889e+03	+0.411
50.900	+4.768e+03	+6.209e+03	+1.036e+04	+0.566
51.000	+6.647e+03	+5.396e+03	+1.110e+04	+0.448
51.100	+6.204e+03	+5.427e+03	+9.685e+03	+0.467
51.200	+6.544e+03	+4.119e+03	+9.956e+03	+0.386
51.300	+7.229e+03	+2.919e+03	+1.063e+04	+0.288
51.400	+7.385e+03	+1.005e+03	+1.051e+04	+0.120
51.500	+7.152e+03	+2.440e+03	+9.577e+03	+0.254
51.600	+6.874e+03	+2.069e+03	+1.053e+04	+0.231
51.700	+7.535e+03	+3.688e+03	+9.294e+03	+0.329
51.800	+7.474e+03	+1.063e+03	+9.161e+03	+0.124
51.900	+6.502e+03	+2.170e+03	+8.704e+03	+0.250
52.000	+8.542e+03	+2.136e+03	+1.039e+04	+0.200
52.100	+8.081e+03	+2.651e+03	+1.046e+04	+0.247
52.200	+6.913e+03	+3.022e+03	+1.029e+04	+0.304
52.300	+5.678e+03	+3.932e+03	+9.625e+03	+0.409
52.400	+4.887e+03	+5.617e+03	+9.948e+03	+0.535
52.500	+5.671e+03	+4.704e+03	+9.121e+03	+0.453
52.600	+4.831e+03	+5.900e+03	+9.686e+03	+0.550
52.700	+5.489e+03	+5.563e+03	+9.176e+03	+0.503
52.800	+4.123e+03	+4.374e+03	+9.026e+03	+0.515
52.900	+5.835e+03	+4.966e+03	+1.087e+04	+0.460
53.000	+5.017e+03	+6.316e+03	+9.653e+03	+0.557
53.100	+4.203e+03	+4.870e+03	+9.564e+03	+0.537
53.200	+5.289e+03	+5.883e+03	+9.430e+03	+0.527
53.300	+4.683e+03	+5.760e+03	+1.175e+04	+0.552
53.400	+6.022e+03	+6.073e+03	+9.318e+03	+0.502
53.500	+4.579e+03	+5.333e+03	+9.850e+03	+0.538
53.600	+4.649e+03	+5.725e+03	+9.401e+03	+0.552
53.700	+4.177e+03	+5.727e+03	+1.128e+04	+0.578
53.800	+4.524e+03	+4.410e+03	+9.581e+03	+0.494
53.900	+3.878e+03	+5.726e+03	+9.259e+03	+0.596
54.000	+5.869e+03	+4.649e+03	+1.019e+04	+0.442
54.100	+5.367e+03	+6.735e+03	+1.141e+04	+0.557
54.200	+5.973e+03	+4.776e+03	+9.880e+03	+0.444
54.300	+5.169e+03	+4.423e+03	+9.324e+03	+0.461
54.400	+5.748e+03	+5.625e+03	+9.417e+03	+0.495
54.500	+5.298e+03	+5.269e+03	+1.076e+04	+0.499
54.600	+4.485e+03	+3.896e+03	+9.673e+03	+0.465
54.700	+4.562e+03	+5.187e+03	+9.795e+03	+0.532
54.800	+5.926e+03	+6.040e+03	+9.833e+03	+0.505
54.900	+4.386e+03	+5.748e+03	+1.071e+04	+0.567
55.000	+4.597e+03	+4.609e+03	+9.875e+03	+0.501
55.100	+5.427e+03	+4.910e+03	+9.202e+03	+0.475
55.200	+5.097e+03	+4.096e+03	+1.049e+04	+0.446
55.300	+4.234e+03	+5.608e+03	+9.089e+03	+0.570
55.400	+4.754e+03	+6.442e+03	+1.026e+04	+0.575
55.500	+4.688e+03	+5.646e+03	+1.095e+04	+0.546
55.600	+2.988e+03	+5.171e+03	+9.879e+03	+0.634
55.700	+5.913e+03	+5.696e+03	+8.580e+03	+0.491
55.800	+5.512e+03	+4.913e+03	+8.677e+03	+0.471
55.900	+5.198e+03	+5.347e+03	+9.507e+03	+0.507
56.000	+5.687e+03	+6.412e+03	+1.059e+04	+0.530
56.100	+5.135e+03	+4.046e+03	+9.840e+03	+0.441
56.200	+4.981e+03	+4.679e+03	+1.058e+04	+0.484
56.300	+6.026e+03	+5.369e+03	+1.065e+04	+0.471
56.400	+6.414e+03	+5.068e+03	+9.818e+03	+0.441
56.500	+5.478e+03	+5.195e+03	+1.021e+04	+0.487
56.600	+5.855e+03	+5.169e+03	+9.993e+03	+0.469
56.700	+4.060e+03	+4.745e+03	+8.627e+03	+0.539
56.800	+5.194e+03	+5.043e+03	+9.069e+03	+0.493
56.900	+5.150e+03	+4.060e+03	+1.038e+04	+0.441
57.000	+4.007e+03	+4.510e+03	+1.033e+04	+0.530
57.100	+5.516e+03	+6.515e+03	+1.035e+04	+0.542
57.200	+5.839e+03	+4.715e+03	+8.588e+03	+0.447
57.300	+6.916e+03	+3.641e+03	+9.716e+03	+0.345
57.400	+7.508e+03	+2.212e+03	+1.071e+04	+0.228
57.500	+7.255e+03	+2.549e+03	+1.042e+04	+0.260
57.600	+6.727e+03	+2.110e+03	+1.017e+04	+0.239
57.700	+8.102e+03	+1.898e+03	+1.123e+04	+0.190
57.800	+8.038e+03	+2.521e+03	+1.161e+04	+0.239
57.900	+7.184e+03	+3.310e+03	+9.118e+03	+0.315
58.000	+7.307e+03	+3.484e+03	+8.641e+03	+0.323
58.100	+8.215e+03	+3.238e+03	+1.013e+04	+0.283
58.200	+6.326e+03	+3.271e+03	+9.687e+03	+0.341
58.300	+7.252e+03	+2.037e+03	+1.020e+04	+0.219
58.400	+7.364e+03	+2.134e+03	+9.620e+03	+0.225
58.500	+6.487e+03	+3.195e+03	+1.013e+04	+0.330
58.600	+7.518e+03	+2.026e+03	+1.026e+04	+0.212
58.700	+6.935e+03	+2.041e+03	+1.003e+04	+0.227
58.800	+8.020e+03	+1.853e+03	+9.663e+03	+0.188
58.900	+6.804e+03	+2.227e+03	+9.735e+03	+0.247
59.000	+7.495e+03	+1.204e+03	+1.020e+04	+0.138
59.100	+7.485e+03	+3.670e+03	+9.514e+03	+0.329
59.200	+6.443e+03	+2.856e+03	+9.762e+03	+0.307
59.300	+7.170e+03	+2.281e+03	+1.034e+04	+0.241
59.400	+8.376e+03	+3.490e+03	+1.016e+04	+0.294
59.500	+8.356e+03	+2.557e+03	+1.037e+04	+0.234
59.600	+6.765e+03	+2.000e+03	+1.055e+04	+0.228
59.700	+8.319e+03	+3.227e+03	+1.032e+04	+0.280
59.800	+8.709e+03	+1.591e+03	+9.408e+03	+0.154
59.900	+7.783e+03	+2.866e+03	+1.085e+04	+0.269
60.000	+7.528e+03	+2.279e+03	+1.075e+04	+0.232
60.100	+6.660e+03	+1.470e+03	+1.045e+04	+0.181
60.200	+7.673e+03	+1.596e+03	+9.634e+03	+0.172
60.300	+7.937e+03	+2.234e+03	+1.015e+04	+0.220
60.400	+7.089e+03	+2.445e+03	+1.064e+04	+0.256
60.500	+6.896e+03	+3.216e+03	+1.054e+04	+0.318
60.600	+7.509e+03	+1.805e+03	+1.060e+04	+0.194
60.700	+7.794e+03	+3.014e+03	+1.026e+04	+0.279
60.800	+7.229e+03	+2.947e+03	+1.033e+04	+0.290
60.900	+6.903e+03	+3.576e+03	+9.467e+03	+0.341
61.000	+7.677e+03	+2.666e+03	+9.196e+03	+0.258
61.100	+7.726e+03	+1.947e+03	+1.076e+04	+0.201
61.200	+5.548e+03	+4.386e+03	+9.326e+03	+0.441
61.300	+5.530e+03	+4.758e+03	+9.922e+03	+0.462
61.400	+4.806e+03	+4.671e+03	+1.020e+04	+0.493
61.500	+5.413e+03	+5.638e+03	+1.014e+04	+0.510
61.600	+4.179e+03	+4.938e+03	+9.515e+03	+0.542
61.700	+4.661e+03	+5.131e+03	+1.059e+04	+0.524
61.800	+5.469e+03	+5.628e+03	+1.041e+04	+0.507
61.900	+4.876e+03	+4.972e+03	+9.849e+03	+0.505
62.000	+5.216e+03	+3.988e+03	+9.801e+03	+0.433
62.100	+5.786e+03	+7.137e+03	+1.031e+04	+0.552
62.200	+5.229e+03	+5.017e+03	+1.028e+04	+0.490
62.300	+4.060e+03	+4.465e+03	+1.036e+04	+0.524
62.400	+4.732e+03	+5.584e+03	+1.016e+04	+0.541
62.500	+5.835e+03	+5.167e+03	+1.166e+04	+0.470
62.600	+4.558e+03	+5.915e+03	+1.070e+04	+0.565
62.700	+5.406e+03	+6.256e+03	+1.042e+04	+0.536
62.800	+4.994e+03	+3.827e+03	+9.429e+03	+0.434
62.900	+4.400e+03	+4.725e+03	+1.016e+04	+0.518
63.000	+4.754e+03	+5.324e+03	+1.039e+04	+0.528
63.100	+3.954e+03	+4.244e+03	+1.096e+04	+0.518
63.200	+5.260e+03	+4.989e+03	+1.018e+04	+0.487
63.300	+5.780e+03	+4.426e+03	+1.005e+04	+0.434
63.400	+6.089e+03	+6.308e+03	+1.022e+04	+0.509
63.500	+4.863e+03	+4.735e+03	+9.518e+03	+0.493
63.600	+4.933e+03	+4.616e+03	+9.367e+03	+0.483
63.700	+4.935e+03	+5.123e+03	+1.077e+04	+0.509
63.800	+4.658e+03	+4.626e+03	+8.994e+03	+0.498
63.900	+4.270e+03	+4.644e+03	+1.035e+04	+0.521
64.000	+5.629e+03	+5.688e+03	+9.192e+03	+0.503
64.100	+4.335e+03	+4.259e+03	+1.046e+04	+0.496
64.200	+3.956e+03	+5.161e+03	+1.012e+04	+0.566
64.300	+3.998e+03	+5.164e+03	+1.047e+04	+0.564
64.400	+5.818e+03	+5.718e+03	+1.080e+04	+0.496
64.500	+4.360e+03	+4.545e+03	+1.107e+04	+0.510
64.600	+5.526e+03	+5.188e+03	+9.958e+03	+0.484
64.700	+5.801e+03	+5.294e+03	+1.052e+04	+0.477
64.800	+5.730e+03	+3.867e+03	+8.975e+03	+0.403
64.900	+4.756e+03	+4.840e+03	+1.095e+04	+0.504
65.000	+6.156e+03	+3.726e+03	+1.063e+04	+0.377
65.100	+4.301e+03	+3.277e+03	+9.465e+03	+0.432
65.200	+5.512e+03	+4.797e+03	+1.012e+04	+0.465
65.300	+5.029e+03	+6.310e+03	+1.024e+04	+0.556
65.400	+4.979e+03	+4.806e+03	+9.609e+03	+0.491
65.500	+5.441e+03	+5.510e+03	+1.006e+04	+0.503
65.600	+4.839e+03	+4.221e+03	+9.764e+03	+0.466
65.700	+5.695e+03	+5.461e+03	+1.008e+04	+0.490
65.800	+6.143e+03	+5.293e+03	+1.115e+04	+0.463
65.900	+5.139e+03	+5.020e+03	+1.104e+04	+0.494
66.000	+4.368e+03	+5.372e+03	+8.524e+03	+0.552
66.100	+6.646e+03	+4.621e+03	+1.094e+04	+0.410
66.200	+4.431e+03	+5.525e+03	+9.434e+03	+0.555
66.300	+4.704e+03	+5.450e+03	+1.059e+04	+0.537
66.400	+5.311e+03	+5.549e+03	+1.096e+04	+0.511
66.500	+5.332e+03	+5.735e+03	+8.592e+03	+0.518
66.600	+4.406e+03	+3.974e+03	+1.007e+04	+0.474
66.700	+5.316e+03	+5.426e+03	+1.008e+04	+0.505
66.800	+2.420e+03	+4.771e+03	+1.050e+04	+0.663
66.900	+4.603e+03	+3.840e+03	+8.661e+03	+0.455
67.000	+5.464e+03	+4.326e+03	+1.047e+04	+0.442
67.100	+4.735e+03	+5.422e+03	+1.045e+04	+0.534
67.200	+4.467e+03	+5.796e+03	+9.440e+03	+0.565
67.300	+4.944e+03	+5.281e+03	+1.078e+04	+0.516
67.400	+4.384e+03	+3.436e+03	+1.107e+04	+0.439
67.500	+4.823e+03	+4.976e+03	+9.943e+03	+0.508
67.600	+5.023e+03	+5.537e+03	+9.539e+03	+0.524
67.700	+2.204e+03	+6.400e+03	+9.376e+03	+0.744
67.800	+4.328e+03	+5.232e+03	+9.897e+03	+0.547
67.900	+4.654e+03	+4.068e+03	+9.539e+03	+0.466
68.000	+4.594e+03	+5.808e+03	+9.663e+03	+0.558
68.100	+5.030e+03	+4.439e+03	+1.003e+04	+0.469
68.200	+5.073e+03	+5.165e+03	+9.609e+03	+0.505
68.300	+5.819e+03	+4.698e+03	+8.575e+03	+0.447
68.400	+5.237e+03	+5.896e+03	+1.031e+04	+0.530
68.500	+6.200e+03	+4.812e+03	+9.475e+03	+0.437
68.600	+3.885e+03	+6.060e+03	+1.032e+04	+0.609
68.700	+4.423e+03	+6.221e+03	+9.909e+03	+0.584
68.800	+5.139e+03	+5.555e+03	+9.035e+03	+0.519
68.900	+4.611e+03	+5.751e+03	+8.614e+03	+0.555
69.000	+3.231e+03	+5.851e+03	+1.016e+04	+0.644
69.100	+4.160e+03	+5.567e+03	+8.803e+03	+0.572
69.200	+3.925e+03	+5.421e+03	+1.047e+04	+0.580
69.300	+4.478e+03	+4.041e+03	+9.528e+03	+0.474
69.400	+4.570e+03	+5.235e+03	+9.922e+03	+0.534
69.500	+3.205e+03	+5.495e+03	+1.034e+04	+0.632
69.600	+4.195e+03	+5.626e+03	+9.280e+03	+0.573
69.700	+5.599e+03	+4.950e+03	+9.072e+03	+0.469
69.800	+3.639e+03	+3.809e+03	+9.881e+03	+0.511
69.900	+5.641e+03	+4.017e+03	+9.935e+03	+0.416
70.000	+5.784e+03	+4.891e+03	+1.072e+04	+0.458
70.100	+5.512e+03	+3.990e+03	+9.818e+03	+0.420
70.200	+4.546e+03	+4.750e+03	+1.042e+04	+0.511
70.300	+4.351e+03	+5.226e+03	+1.013e+04	+0.546
70.400	+5.103e+03	+3.068e+03	+1.051e+04	+0.375
70.500	+3.775e+03	+4.756e+03	+1.108e+04	+0.558
70.600	+5.019e+03	+4.058e+03	+1.072e+04	+0.447
70.700	+5.215e+03	+4.443e+03	+9.987e+03	+0.460
70.800	+5.603e+03	+4.582e+03	+1.075e+04	+0.450
70.900	+4.605e+03	+5.325e+03	+9.571e+03	+0.536
71.000	+5.278e+03	+5.455e+03	+1.050e+04	+0.508
71.100	+4.284e+03	+4.964e+03	+1.016e+04	+0.537
71.200	+5.457e+03	+3.716e+03	+9.804e+03	+0.405
71.300	+4.520e+03	+5.429e+03	+9.382e+03	+0.546
71.400	+5.711e+03	+4.497e+03	+1.021e+04	+0.441
71.500	+5.002e+03	+3.901e+03	+1.074e+04	+0.438
71.600	+3.600e+03	+4.971e+03	+1.069e+04	+0.580
71.700	+4.893e+03	+4.219e+03	+1.018e+04	+0.463
71.800	+5.171e+03	+5.076e+03	+1.140e+04	+0.495
71.900	+4.534e+03	+5.815e+03	+1.136e+04	+0.562
72.000	+6.628e+03	+4.974e+03	+9.658e+03	+0.429
72.100	+4.265e+03	+4.216e+03	+1.016e+04	+0.497
72.200	+5.180e+03	+5.850e+03	+9.133e+03	+0.530
72.300	+4.823e+03	+4.181e+03	+1.063e+04	+0.464
72.400	+4.455e+03	+5.241e+03	+1.067e+04	+0.540
72.500	+4.656e+03	+6.019e+03	+1.102e+04	+0.564
72.600	+4.638e+03	+3.968e+03	+9.369e+03	+0.461
72.700	+5.923e+03	+5.213e+03	+8.187e+03	+0.468
72.800	+5.588e+03	+4.613e+03	+1.000e+04	+0.452
72.900	+4.263e+03	+4.908e+03	+9.787e+03	+0.535
73.000	+3.879e+03	+4.440e+03	+9.947e+03	+0.534
73.100	+4.688e+03	+5.135e+03	+1.033e+04	+0.523
73.200	+4.919e+03	+5.613e+03	+9.528e+03	+0.533
73.300	+4.957e+03	+6.688e+03	+1.023e+04	+0.574
73.400	+4.727e+03	+4.958e+03	+1.087e+04	+0.512
73.500	+5.711e+03	+5.205e+03	+9.626e+03	+0.477
73.600	+4.359e+03	+4.582e+03	+8.977e+03	+0.512
73.700	+5.293e+03	+5.000e+03	+9.976e+03	+0.486
73.800	+5.562e+03	+5.743e+03	+8.519e+03	+0.508
73.900	+4.861e+03	+4.703e+03	+9.309e+03	+0.492
74.000	+4.592e+03	+4.657e+03	+9.385e+03	+0.503
74.100	+5.336e+03	+5.212e+03	+1.116e+04	+0.494
74.200	+5.421e+03	+3.642e+03	+9.127e+03	+0.402
74.300	+5.009e+03	+5.712e+03	+1.037e+04	+0.533
74.400	+4.958e+03	+5.196e+03	+1.048e+04	+0.512
74.500	+5.132e+03	+4.792e+03	+1.073e+04	+0.483
74.600	+4.667e+03	+5.950e+03	+9.437e+03	+0.560
74.700	+5.549e+03	+5.118e+03	+8.813e+03	+0.480
74.800	+3.817e+03	+4.858e+03	+1.040e+04	+0.560
74.900	+5.387e+03	+4.769e+03	+8.635e+03	+0.470
75.000	+5.970e+03	+3.829e+03	+9.855e+03	+0.391
75.100	+4.952e+03	+5.487e+03	+1.013e+04	+0.526
75.200	+5.604e+03	+5.163e+03	+9.716e+03	+0.479
75.300	+5.512e+03	+5.659e+03	+1.054e+04	+0.507
75.400	+5.389e+03	+5.102e+03	+9.771e+03	+0.486
75.500	+3.386e+03	+5.384e+03	+1.064e+04	+0.614
75.600	+4.529e+03	+4.815e+03	+9.994e+03	+0.515
75.700	+3.943e+03	+5.361e+03	+9.071e+03	+0.576
75.800	+4.026e+03	+4.290e+03	+1.033e+04	+0.516
75.900	+5.209e+03	+5.093e+03	+1.046e+04	+0.494
76.000	+5.012e+03	+4.995e+03	+1.059e+04	+0.499
76.100	+4.500e+03	+4.706e+03	+9.895e+03	+0.511
76.200	+4.517e+03	+5.832e+03	+9.802e+03	+0.564
76.300	+3.225e+03	+5.329e+03	+1.045e+04	+0.623
76.400	+4.047e+03	+4.623e+03	+9.895e+03	+0.533
76.500	+5.288e+03	+6.174e+03	+9.667e+03	+0.539
76.600	+4.835e+03	+5.470e+03	+9.360e+03	+0.531
76.700	+5.372e+03	+4.925e+03	+1.069e+04	+0.478
76.800	+4.806e+03	+5.740e+03	+1.098e+04	+0.544
76.900	+5.588e+03	+5.643e+03	+1.112e+04	+0.502
77.000	+5.017e+03	+5.316e+03	+1.009e+04	+0.514
77.100	+4.915e+03	+5.323e+03	+9.024e+03	+0.520
77.200	+5.778e+03	+5.505e+03	+9.594e+03	+0.488
77.300	+4.649e+03	+5.078e+03	+1.074e+04	+0.522
77.400	+5.855e+03	+4.659e+03	+8.970e+03	+0.443
77.500	+4.044e+03	+5.788e+03	+1.029e+04	+0.589
77.600	+5.102e+03	+5.560e+03	+1.050e+04	+0.521
77.700	+5.817e+03	+5.475e+03	+1.157e+04	+0.485
77.800	+5.094e+03	+5.333e+03	+1.068e+04	+0.511
77.900	+5.567e+03	+5.407e+03	+1.079e+04	+0.493
78.000	+4.398e+03	+5.156e+03	+1.121e+04	+0.540
78.100	+6.112e+03	+4.883e+03	+9.235e+03	+0.444
78.200	+4.444e+03	+4.960e+03	+9.401e+03	+0.527
78.300	+7.249e+03	+2.509e+03	+9.893e+03	+0.257
78.400	+8.245e+03	+2.156e+03	+9.994e+03	+0.207
78.500	+8.709e+03	+2.941e+03	+1.063e+04	+0.252
78.600	+8.072e+03	+2.737e+03	+1.016e+04	+0.253
78.700	+7.571e+03	+2.045e+03	+1.005e+04	+0.213
78.800	+7.390e+03	+2.166e+03	+1.004e+04	+0.227
78.900	+7.793e+03	+3.165e+03	+1.055e+04	+0.289
79.000	+7.851e+03	+2.471e+03	+1.024e+04	+0.239
79.100	+7.375e+03	+3.630e+03	+1.084e+04	+0.330
79.200	+6.654e+03	+2.981e+03	+8.492e+03	+0.309
79.300	+7.966e+03	+3.346e+03	+9.579e+03	+0.296
79.400	+8.207e+03	+1.685e+03	+1.061e+04	+0.170
79.500	+6.458e+03	+2.224e+03	+1.018e+04	+0.256
79.600	+8.339e+03	+3.973e+03	+9.527e+03	+0.323
79.700	+7.415e+03	+3.352e+03	+1.024e+04	+0.311
79.800	+8.080e+03	+3.204e+03	+1.016e+04	+0.284
79.900	+7.377e+03	+2.350e+03	+1.149e+04	+0.242
80.000	+8.196e+03	+3.082e+03	+9.802e+03	+0.273
80.100	+6.471e+03	+1.761e+03	+9.338e+03	+0.214
80.200	+7.363e+03	+3.535e+03	+9.778e+03	+0.324
80.300	+8.950e+03	+3.551e+03	+1.129e+04	+0.284
80.400	+7.794e+03	+2.090e+03	+1.036e+04	+0.211
80.500	+7.987e+03	+3.651e+03	+9.686e+03	+0.314
80.600	+8.178e+03	+2.260e+03	+9.182e+03	+0.216
80.700	+7.909e+03	+2.328e+03	+8.811e+03	+0.227
80.800	+7.764e+03	+2.889e+03	+8.853e+03	+0.271
80.900	+7.522e+03	+2.556e+03	+1.013e+04	+0.254
81.000	+7.343e+03	+1.045e+03	+1.011e+04	+0.125
81.100	+6.552e+03	+3.147e+03	+9.688e+03	+0.324
81.200	+5.760e+03	+2.732e+03	+1.039e+04	+0.322
81.300	+7.090e+03	+3.121e+03	+1.013e+04	+0.306
81.400	+6.810e+03	+2.240e+03	+1.044e+04	+0.247
81.500	+8.740e+03	+1.861e+03	+8.612e+03	+0.176
81.600	+7.976e+03	+2.337e+03	+1.068e+04	+0.227
81.700	+7.984e+03	+2.232e+03	+9.829e+03	+0.218
81.800	+7.658e+03	+1.788e+03	+1.080e+04	+0.189
81.900	+7.387e+03	+2.818e+03	+1.045e+04	+0.276
82.000	+7.365e+03	+2.910e+03	+9.246e+03	+0.283
82.100	+7.509e+03	+2.941e+03	+9.290e+03	+0.281
82.200	+6.851e+03	+1.545e+03	+9.663e+03	+0.184
82.300	+6.824e+03	+2.034e+03	+1.083e+04	+0.230
82.400	+7.112e+03	+1.905e+03	+1.010e+04	+0.211
82.500	+6.862e+03	+1.431e+03	+9.900e+03	+0.173
82.600	+7.824e+03	+2.308e+03	+9.551e+03	+0.228
82.700	+9.116e+03	+1.813e+03	+9.235e+03	+0.166
82.800	+7.645e+03	+2.600e+03	+1.088e+04	+0.254
82.900	+6.944e+03	+2.632e+03	+9.960e+03	+0.275
83.000	+8.532e+03	+3.012e+03	+8.928e+03	+0.261
83.100	+5.618e+03	+2.347e+03	+9.007e+03	+0.295
83.200	+7.115e+03	+1.983e+03	+1.052e+04	+0.218
83.300	+7.412e+03	+2.351e+03	+1.079e+04	+0.241
83.400	+7.381e+03	+2.449e+03	+1.053e+04	+0.249
83.500	+7.449e+03	+2.390e+03	+9.892e+03	+0.243
83.600	+7.632e+03	+2.256e+03	+1.054e+04	+0.228
83.700	+6.635e+03	+9.013e+02	+9.589e+03	+0.120
83.800	+7.263e+03	+3.622e+03	+1.079e+04	+0.333
83.900	+7.689e+03	+2.965e+03	+9.905e+03	+0.278
84.000	+7.535e+03	+2.458e+03	+1.010e+04	+0.246
84.100	+8.382e+03	+2.290e+03	+1.203e+04	+0.215
84.200	+6.835e+03	+2.745e+03	+1.017e+04	+0.287
84.300	+7.560e+03	+1.986e+03	+9.882e+03	+0.208
84.400	+7.766e+03	+1.469e+03	+1.110e+04	+0.159
84.500	+6.934e+03	+2.749e+03	+9.194e+03	+0.284
84.600	+6.645e+03	+7.566e+02	+8.821e+03	+0.102
84.700	+7.737e+03	+2.958e+03	+1.042e+04	+0.277
84.800	+7.345e+03	+1.652e+03	+1.025e+04	+0.184
84.900	+7.077e+03	+2.299e+03	+9.805e+03	+0.245
85.000	+9.309e+03	+2.937e+03	+9.578e+03	+0.240
85.100	+7.076e+03	+2.334e+03	+9.659e+03	+0.248
85.200	+5.849e+03	+2.822e+03	+1.061e+04	+0.325
85.300	+7.451e+03	+2.534e+03	+1.013e+04	+0.254
85.400	+6.975e+03	+1.844e+03	+8.927e+03	+0.209
85.500	+7.560e+03	+2.979e+03	+1.106e+04	+0.283
85.600	+6.659e+03	+1.332e+03	+1.130e+04	+0.167
85.700	+7.560e+03	+2.688e+03	+9.792e+03	+0.262
85.800	+7.886e+03	+3.171e+03	+9.599e+03	+0.287
85.900	+7.737e+03	+3.505e+03	+1.031e+04	+0.312
86.000	+7.650e+03	+2.536e+03	+9.573e+03	+0.249
86.100	+8.220e+03	+3.132e+03	+9.235e+03	+0.276
86.200	+7.344e+03	+2.283e+03	+9.316e+03	+0.237
86.300	+8.049e+03	+4.448e+03	+1.032e+04	+0.356
86.400	+7.337e+03	+3.523e+03	+1.007e+04	+0.324
86.500	+7.057e+03	+3.770e+03	+1.045e+04	+0.348
86.600	+8.242e+03	+2.815e+03	+9.943e+03	+0.255
86.700	+7.336e+03	+2.934e+03	+1.021e+04	+0.286
86.800	+8.601e+03	+1.884e+03	+1.110e+04	+0.180
86.900	+6.901e+03	+2.975e+03	+9.830e+03	+0.301
87.000	+7.291e+03	+3.214e+03	+8.720e+03	+0.306
87.100	+5.971e+03	+2.984e+03	+1.042e+04	+0.333
87.200	+5.025e+03	+4.746e+03	+1.065e+04	+0.486
87.300	+3.555e+03	+4.249e+03	+1.057e+04	+0.544
87.400	+4.733e+03	+5.251e+03	+9.767e+03	+0.526
87.500	+3.796e+03	+5.226e+03	+1.041e+04	+0.579
87.600	+5.844e+03	+1.913e+03	+9.897e+03	+0.247
87.700	+7.850e+03	+2.458e+03	+9.116e+03	+0.238
87.800	+7.589e+03	+2.167e+03	+9.269e+03	+0.222
87.900	+7.872e+03	+2.852e+03	+9.576e+03	+0.266
88.000	+7.015e+03	+1.655e+03	+8.840e+03	+0.191
88.100	+7.743e+03	+1.526e+03	+1.012e+04	+0.165
88.200	+6.896e+03	+1.256e+03	+1.069e+04	+0.154
88.300	+7.936e+03	+2.022e+03	+9.396e+03	+0.203
88.400	+8.630e+03	+1.767e+03	+8.079e+03	+0.170
88.500	+7.288e+03	+2.742e+03	+9.575e+03	+0.273
88.600	+8.635e+03	+2.678e+03	+9.924e+03	+0.237
88.700	+8.128e+03	+2.722e+03	+9.623e+03	+0.251
88.800	+7.803e+03	+1.271e+03	+1.083e+04	+0.140
88.900	+7.858e+03	+2.604e+03	+9.437e+03	+0.249
89.000	+6.975e+03	+1.959e+03	+1.018e+04	+0.219
89.100	+7.394e+03	+2.088e+03	+1.060e+04	+0.220
89.200	+8.732e+03	+2.886e+03	+1.002e+04	+0.248
89.300	+8.066e+03	+1.742e+03	+1.030e+04	+0.178
89.400	+6.896e+03	+2.049e+03	+1.036e+04	+0.229
89.500	+7.785e+03	+2.491e+03	+9.659e+03	+0.242
89.600	+8.459e+03	+1.902e+03	+1.030e+04	+0.184
89.700	+8.332e+03	+1.981e+03	+1.017e+04	+0.192
89.800	+8.412e+03	+1.588e+03	+1.036e+04	+0.159
89.900	+7.607e+03	+2.551e+03	+1.039e+04	+0.251
90.000	+7.657e+03	+2.549e+03	+9.470e+03	+0.250
90.100	+6.023e+03	+4.817e+03	+8.922e+03	+0.444
90.200	+5.176e+03	+5.509e+03	+1.020e+04	+0.516
90.300	+5.065e+03	+6.408e+03	+1.031e+04	+0.559
90.400	+4.394e+03	+5.775e+03	+9.678e+03	+0.568
90.500	+5.251e+03	+5.384e+03	+1.068e+04	+0.506
90.600	+5.870e+03	+5.151e+03	+1.031e+04	+0.467
90.700	+4.880e+03	+6.152e+03	+1.101e+04	+0.558
90.800	+4.524e+03	+5.877e+03	+9.657e+03	+0.565
90.900	+5.115e+03	+4.423e+03	+9.720e+03	+0.464
91.000	+5.540e+03	+5.370e+03	+1.063e+04	+0.492
91.100	+3.804e+03	+5.608e+03	+1.001e+04	+0.596
91.200	+3.756e+03	+6.264e+03	+9.454e+03	+0.625
91.300	+4.220e+03	+4.921e+03	+9.432e+03	+0.538
91.400	+4.549e+03	+4.247e+03	+9.969e+03	+0.483
91.500	+4.864e+03	+3.506e+03	+9.977e+03	+0.419
91.600	+4.385e+03	+4.267e+03	+1.045e+04	+0.493
91.700	+4.231e+03	+4.837e+03	+9.810e+03	+0.533
91.800	+5.119e+03	+5.180e+03	+1.090e+04	+0.503
91.900	+4.446e+03	+6.444e+03	+1.022e+04	+0.592
92.000	+5.401e+03	+4.940e+03	+9.314e+03	+0.478
92.100	+3.568e+03	+4.372e+03	+9.971e+03	+0.551
92.200	+5.631e+03	+5.387e+03	+9.929e+03	+0.489
92.300	+6.242e+03	+4.966e+03	+9.864e+03	+0.443
92.400	+4.139e+03	+6.377e+03	+1.033e+04	+0.606
92.500	+5.623e+03	+4.882e+03	+9.996e+03	+0.465
92.600	+3.906e+03	+5.310e+03	+9.624e+03	+0.576
92.700	+3.092e+03	+5.809e+03	+1.045e+04	+0.653
92.800	+4.392e+03	+4.060e+03	+9.898e+03	+0.480
92.900	+4.023e+03	+4.557e+03	+9.085e+03	+0.531
93.000	+4.532e+03	+4.102e+03	+1.089e+04	+0.475
93.100	+5.380e+03	+4.647e+03	+9.724e+03	+0.463
93.200	+4.665e+03	+4.230e+03	+1.071e+04	+0.476
93.300	+4.099e+03	+5.535e+03	+9.475e+03	+0.575
93.400	+4.723e+03	+4.865e+03	+9.694e+03	+0.507
93.500	+4.937e+03	+4.178e+03	+1.043e+04	+0.458
93.600	+4.115e+03	+5.812e+03	+9.779e+03	+0.585
93.700	+5.544e+03	+5.423e+03	+1.068e+04	+0.494
93.800	+5.303e+03	+5.664e+03	+9.838e+03	+0.516
93.900	+5.570e+03	+6.058e+03	+9.302e+03	+0.521
94.000	+5.694e+03	+5.311e+03	+1.133e+04	+0.483
94.100	+4.585e+03	+5.074e+03	+1.084e+04	+0.525
94.200	+6.049e+03	+5.383e+03	+1.136e+04	+0.471
94.300	+3.805e+03	+4.285e+03	+1.063e+04	+0.530
94.400	+4.792e+03	+5.039e+03	+9.160e+03	+0.513
94.500	+5.634e+03	+3.508e+03	+9.902e+03	+0.384
94.600	+7.598e+03	+3.125e+03	+1.058e+04	+0.291
94.700	+7.178e+03	+2.673e+03	+1.098e+04	+0.271
94.800	+8.234e+03	+1.901e+03	+9.505e+03	+0.188
94.900	+7.596e+03	+2.123e+03	+9.687e+03	+0.218
95.000	+7.568e+03	+2.782e+03	+1.008e+04	+0.269
95.100	+7.749e+03	+2.749e+03	+1.103e+04	+0.262
95.200	+6.175e+03	+1.688e+03	+1.043e+04	+0.215
95.300	+7.972e+03	+2.471e+03	+8.589e+03	+0.237
95.400	+6.603e+03	+1.968e+03	+9.020e+03	+0.230
95.500	+8.236e+03	+2.763e+03	+9.372e+03	+0.251
95.600	+7.350e+03	+2.811e+03	+1.025e+04	+0.277
95.700	+8.087e+03	+1.928e+03	+1.087e+04	+0.192
95.800	+7.721e+03	+8.049e+02	+1.044e+04	+0.094
95.900	+7.035e+03	+1.702e+03	+1.030e+04	+0.195
96.000	+7.806e+03	+3.092e+03	+9.368e+03	+0.284
96.100	+7.261e+03	+1.635e+03	+1.116e+04	+0.184
96.200	+9.390e+03	+3.136e+03	+9.740e+03	+0.250
96.300	+7.643e+03	+2.763e+03	+9.910e+03	+0.266
96.400	+7.985e+03	+2.719e+03	+1.018e+04	+0.254
96.500	+7.793e+03	+2.629e+03	+1.054e+04	+0.252
96.600	+6.913e+03	+3.004e+03	+1.030e+04	+0.303
96.700	+6.584e+03	+3.363e+03	+9.848e+03	+0.338
96.800	+6.540e+03	+3.056e+03	+1.111e+04	+0.318
96.900	+7.305e+03	+2.320e+03	+1.028e+04	+0.241
97.000	+6.766e+03	+1.980e+03	+9.806e+03	+0.226
97.100	+7.645e+03	+2.787e+03	+9.568e+03	+0.267
97.200	+7.015e+03	+2.191e+03	+1.016e+04	+0.238
97.300	+7.045e+03	+2.684e+03	+9.995e+03	+0.276
97.400	+8.617e+03	+1.421e+03	+8.574e+03	+0.142
97.500	+7.086e+03	+1.607e+03	+8.599e+03	+0.185
97.600	+7.746e+03	+3.474e+03	+8.903e+03	+0.310
97.700	+7.665e+03	+2.131e+03	+9.787e+03	+0.218
97.800	+7.702e+03	+8.657e+02	+9.156e+03	+0.101
97.900	+7.324e+03	+2.584e+03	+1.066e+04	+0.261
98.000	+6.588e+03	+2.957e+03	+9.634e+03	+0.310
98.100	+8.789e+03	+2.437e+03	+9.390e+03	+0.217
98.200	+6.563e+03	+2.440e+03	+1.011e+04	+0.271
98.300	+8.110e+03	+2.885e+03	+1.076e+04	+0.262
98.400	+6.635e+03	+2.874e+03	+1.029e+04	+0.302
98.500	+7.400e+03	+2.304e+03	+8.426e+03	+0.237
98.600	+7.216e+03	+2.049e+03	+9.781e+03	+0.221
98.700	+7.394e+03	+2.442e+03	+1.054e+04	+0.248
98.800	+6.495e+03	+3.407e+03	+9.987e+03	+0.344
98.900	+7.076e+03	+1.037e+03	+1.081e+04	+0.128
99.000	+7.993e+03	+2.366e+03	+9.165e+03	+0.228
99.100	+8.249e+03	+2.044e+03	+1.070e+04	+0.199
99.200	+7.702e+03	+2.025e+03	+9.013e+03	+0.208
99.300	+6.993e+03	+2.654e+03	+9.564e+03	+0.275
99.400	+5.964e+03	+1.953e+03	+9.417e+03	+0.247
99.500	+7.983e+03	+1.762e+03	+9.729e+03	+0.181
99.600	+8.099e+03	+2.887e+03	+1.114e+04	+0.263
99.700	+7.535e+03	+4.614e+03	+9.915e+03	+0.380
99.800	+7.695e+03	+2.222e+03	+1.070e+04	+0.224
99.900	+6.913e+03	+3.225e+03	+1.049e+04	+0.318
100.000	+8.139e+03	+2.654e+03	+1.032e+04	+0.246
100.100	+8.328e+03	+2.907e+03	+9.674e+03	+0.259
100.200	+7.634e+03	+1.703e+03	+9.354e+03	+0.182
100.300	+7.205e+03	+1.633e+03	+8.926e+03	+0.185
100.400	+8.014e+03	+2.772e+03	+9.176e+03	+0.257
100.500	+7.259e+03	+2.151e+03	+9.875e+03	+0.229
100.600	+6.683e+03	+3.879e+03	+9.575e+03	+0.367
100.700	+6.640e+03	+9.735e+02	+9.006e+03	+0.128
100.800	+8.603e+03	+3.114e+03	+9.612e+03	+0.266
100.900	+6.169e+03	+2.868e+03	+1.010e+04	+0.317
101.000	+7.918e+03	+2.773e+03	+9.795e+03	+0.259
101.100	+7.055e+03	+2.008e+03	+1.004e+04	+0.222
101.200	+8.332e+03	+2.626e+03	+9.451e+03	+0.240
101.300	+7.029e+03	+1.726e+03	+8.894e+03	+0.197
101.400	+8.918e+03	+2.352e+03	+1.119e+04	+0.209
101.500	+7.692e+03	+2.663e+03	+1.102e+04	+0.257
101.600	+7.705e+03	+2.567e+03	+1.061e+04	+0.250
101.700	+7.613e+03	+1.864e+03	+9.523e+03	+0.197
101.800	+7.512e+03	+1.891e+03	+1.085e+04	+0.201
101.900	+7.492e+03	+2.655e+03	+9.850e+03	+0.262
102.000	+6.791e+03	+1.988e+03	+1.028e+04	+0.226
102.100	+7.974e+03	+1.910e+03	+9.647e+03	+0.193
102.200	+7.410e+03	+1.925e+03	+1.027e+04	+0.206
102.300	+7.606e+03	+2.685e+03	+1.004e+04	+0.261
102.400	+7.359e+03	+3.209e+03	+1.053e+04	+0.304
102.500	+7.925e+03	+1.581e+03	+9.728e+03	+0.166
102.600	+8.839e+03	+3.260e+03	+8.011e+03	+0.269
102.700	+6.817e+03	+1.666e+03	+9.482e+03	+0.196
102.800	+6.581e+03	+2.413e+03	+1.139e+04	+0.268
102.900	+6.628e+03	+1.850e+03	+9.769e+03	+0.218
103.000	+7.583e+03	+1.556e+03	+1.079e+04	+0.170
103.100	+7.360e+03	+1.933e+03	+1.011e+04	+0.208
103.200	+7.765e+03	+2.250e+03	+9.336e+03	+0.225
103.300	+7.381e+03	+2.158e+03	+9.710e+03	+0.226
103.400	+7.283e+03	+2.742e+03	+1.063e+04	+0.273
103.500	+8.208e+03	+2.346e+03	+9.905e+03	+0.222
103.600	+7.403e+03	+1.763e+03	+1.068e+04	+0.192
103.700	+7.325e+03	+2.479e+03	+1.065e+04	+0.253
103.800	+6.592e+03	+2.515e+03	+1.000e+04	+0.276
103.900	+7.430e+03	+2.290e+03	+1.053e+04	+0.236
104.000	+7.504e+03	+2.235e+03	+1.089e+04	+0.230
104.100	+7.627e+03	+3.504e+03	+9.746e+03	+0.315
104.200	+7.520e+03	+1.551e+03	+1.030e+04	+0.171
104.300	+6.993e+03	+2.641e+03	+9.600e+03	+0.274
104.400	+7.081e+03	+3.611e+03	+9.845e+03	+0.338
104.500	+7.405e+03	+3.347e+03	+9.483e+03	+0.311
104.600	+7.549e+03	+3.373e+03	+9.851e+03	+0.309
104.700	+7.718e+03	+1.600e+03	+1.042e+04	+0.172
104.800	+7.267e+03	+2.481e+03	+1.053e+04	+0.254
104.900	+8.295e+03	+1.829e+03	+9.521e+03	+0.181
105.000	+8.382e+03	+2.879e+03	+9.270e+03	+0.256
105.100	+7.024e+03	+2.060e+03	+1.060e+04	+0.227
105.200	+8.349e+03	+1.416e+03	+1.011e+04	+0.145
105.300	+8.031e+03	+2.157e+03	+1.002e+04	+0.212
105.400	+8.390e+03	+1.676e+03	+1.179e+04	+0.166
105.500	+7.419e+03	+2.525e+03	+1.019e+04	+0.254
105.600	+8.514e+03	+1.672e+03	+1.012e+04	+0.164
105.700	+7.044e+03	+6.948e+02	+9.830e+03	+0.090
105.800	+5.834e+03	+2.696e+03	+9.284e+03	+0.316
105.900	+7.368e+03	+3.779e+03	+1.010e+04	+0.339
106.000	+8.679e+03	+1.797e+03	+1.051e+04	+0.172
106.100	+8.821e+03	+1.691e+03	+1.008e+04	+0.161
106.200	+7.205e+03	+1.936e+03	+1.126e+04	+0.212
106.300	+6.790e+03	+3.143e+03	+9.321e+03	+0.316
106.400	+7.311e+03	+1.123e+03	+9.340e+03	+0.133
106.500	+8.376e+03	+2.087e+03	+1.005e+04	+0.199
106.600	+7.453e+03	+1.876e+03	+9.571e+03	+0.201
106.700	+6.454e+03	+2.466e+03	+9.219e+03	+0.276
106.800	+6.906e+03	+3.998e+03	+1.033e+04	+0.367
106.900	+8.295e+03	+1.704e+03	+9.280e+03	+0.170
107.000	+3.373e+03	+8.577e+03	+1.063e+04	+0.718
107.100	+3.059e+03	+8.491e+03	+9.901e+03	+0.735
107.200	+1.580e+03	+8.884e+03	+9.499e+03	+0.849
107.300	+2.515e+03	+7.130e+03	+9.438e+03	+0.739
107.400	+1.749e+03	+7.285e+03	+1.026e+04	+0.806
107.500	+2.477e+03	+8.553e+03	+9.033e+03	+0.775
107.600	+2.503e+03	+8.186e+03	+9.750e+03	+0.766
107.700	+9.279e+02	+8.355e+03	+9.663e+03	+0.900
107.800	+1.718e+03	+7.584e+03	+1.043e+04	+0.815
107.900	+1.865e+03	+8.280e+03	+1.027e+04	+0.816
108.000	+3.283e+02	+7.585e+03	+9.856e+03	+0.959
108.100	+1.857e+03	+8.083e+03	+9.454e+03	+0.813
108.200	+1.254e+03	+8.339e+03	+9.995e+03	+0.869
108.300	+2.342e+03	+7.822e+03	+1.043e+04	+0.770
108.400	+2.280e+03	+8.476e+03	+1.034e+04	+0.788
108.500	+1.463e+03	+8.132e+03	+1.026e+04	+0.847
108.600	+1.766e+03	+8.025e+03	+9.375e+03	+0.820
108.700	+2.615e+03	+9.042e+03	+1.096e+04	+0.776
108.800	+2.038e+03	+7.597e+03	+9.948e+03	+0.788
108.900	+1.467e+03	+8.043e+03	+9.172e+03	+0.846
109.000	+1.584e+03	+7.680e+03	+9.660e+03	+0.829
109.100	+1.350e+03	+8.010e+03	+1.068e+04	+0.856
109.200	+1.755e+03	+7.942e+03	+9.382e+03	+0.819
109.300	+2.429e+03	+8.143e+03	+9.448e+03	+0.770
109.400	+1.275e+03	+8.342e+03	+1.111e+04	+0.867
109.500	+2.220e+03	+8.126e+03	+1.049e+04	+0.785
109.600	+2.947e+03	+8.458e+03	+1.042e+04	+0.742
109.700	+2.683e+03	+8.538e+03	+1.020e+04	+0.761
109.800	+2.048e+03	+8.467e+03	+1.140e+04	+0.805
109.900	+2.855e+03	+7.894e+03	+9.899e+03	+0.734
110.000	+1.708e+03	+8.287e+03	+1.016e+04	+0.829
110.100	+7.433e+02	+7.517e+03	+9.119e+03	+0.910
110.200	+2.421e+03	+6.840e+03	+9.220e+03	+0.739
110.300	+1.319e+03	+8.197e+03	+9.978e+03	+0.861
110.400	+2.373e+03	+7.316e+03	+1.042e+04	+0.755
110.500	+1.989e+03	+8.524e+03	+9.982e+03	+0.811
110.600	+1.022e+03	+7.117e+03	+1.023e+04	+0.874
110.700	+2.135e+03	+8.645e+03	+1.004e+04	+0.802
110.800	+3.401e+03	+8.217e+03	+9.474e+03	+0.707
110.900	+1.288e+03	+8.643e+03	+1.068e+04	+0.870
111.000	+1.173e+03	+7.955e+03	+9.662e+03	+0.872
111.100	+1.968e+03	+8.334e+03	+1.063e+04	+0.809
111.200	+2.652e+03	+8.297e+03	+1.026e+04	+0.758
111.300	+2.684e+03	+8.357e+03	+1.095e+04	+0.757
111.400	+9.802e+02	+7.895e+03	+1.000e+04	+0.890
111.500	+2.121e+03	+7.735e+03	+1.040e+04	+0.785
111.600	+1.221e+03	+9.276e+03	+8.589e+03	+0.884
111.700	+2.155e+03	+8.503e+03	+1.042e+04	+0.798
111.800	+2.799e+03	+7.748e+03	+1.019e+04	+0.735
111.900	+3.344e+03	+7.764e+03	+1.096e+04	+0.699
112.000	+2.696e+03	+9.163e+03	+9.270e+03	+0.773
112.100	+2.494e+03	+9.764e+03	+1.014e+04	+0.797
112.200	+1.462e+03	+7.822e+03	+9.806e+03	+0.842
112.300	+2.657e+03	+9.081e+03	+9.116e+03	+0.774
112.400	+2.286e+03	+7.666e+03	+9.997e+03	+0.770
112.500	+1.664e+03	+8.345e+03	+1.127e+04	+0.834
112.600	+2.870e+03	+8.107e+03	+9.491e+03	+0.739
112.700	+1.662e+03	+7.114e+03	+9.887e+03	+0.811
112.800	+2.079e+03	+7.612e+03	+9.555e+03	+0.785
112.900	+2.535e+03	+9.083e+03	+8.615e+03	+0.782
113.000	+2.519e+03	+8.163e+03	+1.070e+04	+0.764
113.100	+2.257e+03	+8.114e+03	+1.017e+04	+0.782
113.200	+1.433e+03	+7.752e+03	+1.040e+04	+0.844
113.300	+3.297e+03	+8.166e+03	+9.146e+03	+0.712
113.400	+2.398e+03	+6.975e+03	+9.971e+03	+0.744
113.500	+1.148e+03	+8.270e+03	+1.141e+04	+0.878
113.600	+2.707e+03	+8.754e+03	+1.053e+04	+0.764
113.700	+1.559e+03	+7.837e+03	+9.223e+03	+0.834
113.800	+2.458e+03	+9.736e+03	+9.417e+03	+0.798
113.900	+2.650e+03	+8.689e+03	+1.040e+04	+0.766
114.000	+2.460e+03	+7.935e+03	+1.059e+04	+0.763
114.100	+2.576e+03	+8.793e+03	+9.956e+03	+0.773
114.200	+1.986e+03	+7.503e+03	+1.067e+04	+0.791
114.300	+1.451e+03	+7.148e+03	+1.071e+04	+0.831
114.400	+1.842e+03	+8.443e+03	+9.321e+03	+0.821
114.500	+3.775e+03	+7.707e+03	+1.039e+04	+0.671
114.600	+2.377e+03	+9.333e+03	+9.950e+03	+0.797
114.700	+9.056e+02	+8.376e+03	+8.755e+03	+0.902
114.800	+2.507e+03	+8.310e+03	+1.049e+04	+0.768
114.900	+2.386e+03	+7.760e+03	+1.162e+04	+0.765
115.000	+2.186e+03	+8.072e+03	+1.012e+04	+0.787
115.100	+3.186e+03	+7.389e+03	+1.019e+04	+0.699
115.200	+2.401e+03	+8.601e+03	+1.029e+04	+0.782
115.300	+3.007e+03	+7.283e+03	+9.305e+03	+0.708
115.400	+2.350e+03	+8.742e+03	+1.085e+04	+0.788
115.500	+1.392e+03	+8.009e+03	+1.112e+04	+0.852
115.600	+1.907e+03	+8.547e+03	+1.036e+04	+0.818
115.700	+1.610e+03	+8.521e+03	+1.020e+04	+0.841
115.800	+1.600e+03	+7.333e+03	+9.554e+03	+0.821
115.900	+1.571e+03	+7.744e+03	+1.031e+04	+0.831
116.000	+1.602e+03	+7.214e+03	+1.006e+04	+0.818
116.100	+1.995e+03	+8.899e+03	+8.793e+03	+0.817
116.200	+2.357e+03	+8.547e+03	+9.411e+03	+0.784
116.300	+1.958e+03	+8.197e+03	+1.053e+04	+0.807
116.400	+4.907e+03	+4.408e+03	+9.669e+03	+0.473
116.500	+6.475e+03	+3.349e+03	+9.413e+03	+0.341
116.600	+5.512e+03	+5.953e+03	+1.059e+04	+0.519
116.700	+4.763e+03	+5.325e+03	+9.867e+03	+0.528
116.800	+5.224e+03	+5.630e+03	+9.919e+03	+0.519
116.900	+4.213e+03	+5.025e+03	+9.900e+03	+0.544
117.000	+5.600e+03	+5.635e+03	+9.030e+03	+0.502
117.100	+4.679e+03	+6.061e+03	+9.788e+03	+0.564
117.200	+5.080e+03	+3.394e+03	+9.971e+03	+0.400
117.300	+4.071e+03	+4.998e+03	+1.014e+04	+0.551
117.400	+4.643e+03	+4.949e+03	+1.014e+04	+0.516
117.500	+4.122e+03	+5.942e+03	+9.921e+03	+0.590
117.600	+5.487e+03	+5.710e+03	+1.019e+04	+0.510
117.700	+4.338e+03	+3.431e+03	+9.814e+03	+0.442
117.800	+4.851e+03	+4.153e+03	+9.649e+03	+0.461
117.900	+6.162e+03	+5.890e+03	+1.009e+04	+0.489
118.000	+6.279e+03	+5.023e+03	+1.023e+04	+0.444
118.100	+5.290e+03	+4.897e+03	+8.590e+03	+0.481
118.200	+4.352e+03	+5.343e+03	+1.083e+04	+0.551
118.300	+4.748e+03	+5.229e+03	+1.062e+04	+0.524
118.400	+5.573e+03	+5.027e+03	+9.771e+03	+0.474
118.500	+5.526e+03	+5.620e+03	+1.043e+04	+0.504
118.600	+4.860e+03	+3.656e+03	+9.861e+03	+0.429
118.700	+4.745e+03	+3.983e+03	+9.923e+03	+0.456
118.800	+4.665e+03	+5.694e+03	+1.110e+04	+0.550
118.900	+5.037e+03	+4.138e+03	+1.002e+04	+0.451
119.000	+5.041e+03	+4.320e+03	+1.098e+04	+0.461
119.100	+5.203e+03	+5.320e+03	+9.551e+03	+0.506
119.200	+4.675e+03	+5.635e+03	+1.036e+04	+0.547
119.300	+5.807e+03	+3.789e+03	+9.862e+03	+0.395
119.400	+3.651e+03	+5.270e+03	+9.654e+03	+0.591
119.500	+5.718e+03	+4.773e+03	+1.084e+04	+0.455
119.600	+4.338e+03	+5.469e+03	+9.145e+03	+0.558
119.700	+5.310e+03	+4.465e+03	+1.035e+04	+0.457
119.800	+7.934e+03	+3.168e+03	+9.467e+03	+0.285
119.900	+7.997e+03	+2.293e+03	+9.568e+03	+0.223
120.000	+7.656e+03	+2.817e+03	+1.020e+04	+0.269
120.100	+5.266e+03	+4.728e+03	+1.110e+04	+0.473
120.200	+5.282e+03	+4.287e+03	+8.958e+03	+0.448
120.300	+6.008e+03	+4.956e+03	+9.583e+03	+0.452
120.400	+5.076e+03	+4.123e+03	+9.868e+03	+0.448
120.500	+4.492e+03	+4.362e+03	+9.891e+03	+0.493
120.600	+5.294e+03	+5.177e+03	+9.926e+03	+0.494
120.700	+5.224e+03	+5.322e+03	+9.389e+03	+0.505
120.800	+5.272e+03	+4.924e+03	+9.928e+03	+0.483
120.900	+5.262e+03	+5.278e+03	+1.089e+04	+0.501
121.000	+4.795e+03	+4.647e+03	+1.095e+04	+0.492
121.100	+4.881e+03	+3.165e+03	+1.065e+04	+0.393
121.200	+5.368e+03	+5.740e+03	+1.009e+04	+0.517
121.300	+4.407e+03	+4.888e+03	+1.179e+04	+0.526
121.400	+4.804e+03	+5.488e+03	+9.771e+03	+0.533
121.500	+6.929e+03	+5.097e+03	+9.372e+03	+0.424
121.600	+5.039e+03	+5.251e+03	+1.087e+04	+0.510
121.700	+4.400e+03	+4.290e+03	+8.873e+03	+0.494
121.800	+3.864e+03	+4.670e+03	+9.309e+03	+0.547
121.900	+4.929e+03	+5.991e+03	+9.616e+03	+0.549
122.000	+5.683e+03	+5.141e+03	+9.749e+03	+0.475
122.100	+4.001e+03	+4.806e+03	+9.015e+03	+0.546
122.200	+4.538e+03	+4.742e+03	+1.033e+04	+0.511
122.300	+4.622e+03	+5.306e+03	+1.081e+04	+0.534
122.400	+4.509e+03	+5.775e+03	+1.053e+04	+0.562
122.500	+4.819e+03	+4.062e+03	+1.007e+04	+0.457
122.600	+5.727e+03	+4.007e+03	+8.964e+03	+0.412
122.700	+5.373e+03	+3.906e+03	+1.015e+04	+0.421
122.800	+5.193e+03	+5.005e+03	+1.047e+04	+0.491
122.900	+4.612e+03	+4.268e+03	+9.752e+03	+0.481
123.000	+4.186e+03	+4.630e+03	+1.072e+04	+0.525
123.100	+4.721e+03	+5.494e+03	+1.007e+04	+0.538
123.200	+3.736e+03	+3.671e+03	+9.612e+03	+0.496
123.300	+3.771e+03	+5.359e+03	+9.899e+03	+0.587
123.400	+4.195e+03	+3.248e+03	+1.043e+04	+0.436
123.500	+5.814e+03	+4.786e+03	+1.056e+04	+0.452
123.600	+4.165e+03	+4.083e+03	+9.794e+03	+0.495
123.700	+4.290e+03	+6.140e+03	+9.972e+03	+0.589
123.800	+5.671e+03	+4.983e+03	+9.175e+03	+0.468
123.900	+8.287e+03	+3.743e+03	+9.677e+03	+0.311
124.000	+8.315e+03	+3.582e+03	+1.027e+04	+0.301
124.100	+7.295e+03	+2.756e+03	+1.016e+04	+0.274
124.200	+8.199e+03	+3.670e+03	+1.056e+04	+0.309
124.300	+5.927e+03	+4.084e+03	+9.996e+03	+0.408
124.400	+7.618e+03	+1.786e+03	+1.142e+04	+0.190
124.500	+7.651e+03	+1.494e+03	+9.714e+03	+0.163
124.600	+8.251e+03	+2.598e+03	+1.032e+04	+0.240
124.700	+7.799e+03	+3.478e+03	+1.018e+04	+0.308
124.800	+7.170e+03	+1.996e+03	+1.098e+04	+0.218
124.900	+7.547e+03	+2.323e+03	+1.011e+04	+0.235
125.000	+8.292e+03	+1.877e+03	+9.028e+03	+0.185
125.100	+7.300e+03	+1.983e+03	+1.020e+04	+0.214
125.200	+8.302e+03	+2.602e+03	+1.042e+04	+0.239
125.300	+6.827e+03	+2.365e+03	+9.925e+03	+0.257
125.400	+8.820e+03	+2.876e+03	+9.761e+03	+0.246
125.500	+7.650e+03	+2.559e+03	+1.011e+04	+0.251
125.600	+6.447e+03	+2.598e+03	+9.547e+03	+0.287
125.700	+8.400e+03	+2.075e+03	+9.901e+03	+0.198
125.800	+8.874e+03	+3.123e+03	+9.382e+03	+0.260
125.900	+8.223e+03	+2.362e+03	+9.784e+03	+0.223
126.000	+8.282e+03	+9.242e+02	+1.006e+04	+0.100
126.100	+7.021e+03	+3.284e+03	+9.569e+03	+0.319
126.200	+8.503e+03	+3.055e+03	+1.001e+04	+0.264
126.300	+7.561e+03	+2.651e+03	+9.264e+03	+0.260
126.400	+7.724e+03	+2.617e+03	+1.132e+04	+0.253
126.500	+8.240e+03	+2.609e+03	+8.880e+03	+0.240
126.600	+6.268e+03	+2.262e+03	+9.604e+03	+0.265
126.700	+7.279e+03	+2.637e+03	+9.487e+03	+0.266
126.800	+6.251e+03	+2.876e+03	+9.524e+03	+0.315
126.900	+7.735e+03	+2.337e+03	+9.405e+03	+0.232
127.000	+7.519e+03	+2.246e+03	+9.306e+03	+0.230
127.100	+7.163e+03	+3.839e+03	+9.213e+03	+0.349
127.200	+7.040e+03	+2.232e+03	+9.595e+03	+0.241
127.300	+7.652e+03	+1.462e+03	+9.162e+03	+0.160
127.400	+6.639e+03	+3.086e+03	+9.837e+03	+0.317
127.500	+8.578e+03	+3.099e+03	+1.076e+04	+0.265
127.600	+6.902e+03	+2.088e+03	+9.803e+03	+0.232
127.700	+7.863e+03	+3.151e+03	+9.233e+03	+0.286
127.800	+8.441e+03	+2.696e+03	+9.697e+03	+0.242
127.900	+7.761e+03	+3.642e+03	+1.073e+04	+0.319
128.000	+5.600e+03	+3.524e+03	+1.080e+04	+0.386
128.100	+1.004e+03	+8.665e+03	+1.071e+04	+0.896
128.200	+2.147e+03	+8.651e+03	+1.101e+04	+0.801
128.300	+2.691e+03	+9.214e+03	+9.397e+03	+0.774
128.400	+2.071e+03	+7.998e+03	+1.100e+04	+0.794
128.500	+2.497e+03	+8.724e+03	+9.288e+03	+0.777
128.600	+2.582e+03	+7.969e+03	+1.010e+04	+0.755
128.700	+1.311e+03	+8.298e+03	+9.706e+03	+0.864
128.800	+1.586e+03	+8.817e+03	+1.021e+04	+0.848
128.900	+1.697e+03	+8.150e+03	+9.716e+03	+0.828
129.000	+3.253e+03	+7.497e+03	+1.061e+04	+0.697
129.100	+5.346e+03	+5.579e+03	+9.138e+03	+0.511
129.200	+4.759e+03	+4.760e+03	+1.100e+04	+0.500
129.300	+3.366e+03	+5.257e+03	+1.022e+04	+0.610
129.400	+4.118e+03	+4.638e+03	+1.160e+04	+0.530
129.500	+5.431e+03	+4.980e+03	+9.404e+03	+0.478
129.600	+4.880e+03	+3.942e+03	+9.718e+03	+0.447
129.700	+3.765e+03	+3.843e+03	+9.062e+03	+0.505
129.800	+4.515e+03	+5.659e+03	+1.063e+04	+0.556
129.900	+5.680e+03	+4.680e+03	+9.990e+03	+0.452
130.000	+4.540e+03	+5.135e+03	+9.954e+03	+0.531
130.100	+5.723e+03	+5.592e+03	+9.291e+03	+0.494
130.200	+4.663e+03	+4.976e+03	+9.969e+03	+0.516
130.300	+4.923e+03	+5.611e+03	+9.860e+03	+0.533
130.400	+3.914e+03	+5.491e+03	+1.000e+04	+0.584
130.500	+6.261e+03	+5.003e+03	+9.458e+03	+0.444
130.600	+6.394e+03	+5.391e+03	+9.593e+03	+0.457
130.700	+4.200e+03	+5.871e+03	+1.126e+04	+0.583
130.800	+5.518e+03	+5.834e+03	+9.968e+03	+0.514
130.900	+4.719e+03	+5.161e+03	+1.103e+04	+0.522
131.000	+5.508e+03	+3.673e+03	+1.017e+04	+0.400
131.100	+4.024e+03	+3.731e+03	+1.046e+04	+0.481
131.200	+5.459e+03	+4.609e+03	+9.936e+03	+0.458
131.300	+5.327e+03	+6.030e+03	+9.235e+03	+0.531
131.400	+5.597e+03	+4.549e+03	+1.033e+04	+0.448
131.500	+5.655e+03	+5.960e+03	+9.740e+03	+0.513
131.600	+5.394e+03	+5.594e+03	+9.869e+03	+0.509
131.700	+5.486e+03	+5.116e+03	+9.479e+03	+0.483
131.800	+5.750e+03	+3.342e+03	+1.000e+04	+0.368
131.900	+4.753e+03	+3.097e+03	+1.065e+04	+0.395
132.000	+4.569e+03	+5.006e+03	+1.035e+04	+0.523
132.100	+4.836e+03	+5.216e+03	+1.096e+04	+0.519
132.200	+6.181e+03	+4.543e+03	+1.026e+04	+0.424
132.300	+5.073e+03	+5.598e+03	+1.001e+04	+0.525
132.400	+5.858e+03	+5.082e+03	+9.449e+03	+0.465
132.500	+3.842e+03	+4.649e+03	+1.044e+04	+0.548
132.600	+6.119e+03	+5.414e+03	+9.037e+03	+0.469
132.700	+5.542e+03	+4.788e+03	+1.022e+04	+0.463
132.800	+4.699e+03	+3.996e+03	+9.999e+03	+0.460
132.900	+4.700e+03	+3.811e+03	+9.681e+03	+0.448
133.000	+4.917e+03	+4.992e+03	+1.025e+04	+0.504
133.100	+6.049e+03	+4.598e+03	+1.024e+04	+0.432
133.200	+5.397e+03	+6.667e+03	+9.314e+03	+0.553
133.300	+4.984e+03	+4.407e+03	+9.982e+03	+0.469
133.400	+4.954e+03	+5.181e+03	+9.425e+03	+0.511
133.500	+4.816e+03	+5.140e+03	+1.115e+04	+0.516
133.600	+5.301e+03	+4.517e+03	+1.005e+04	+0.460
133.700	+4.234e+03	+5.463e+03	+9.423e+03	+0.563
133.800	+4.288e+03	+5.453e+03	+1.063e+04	+0.560
133.900	+6.616e+03	+5.524e+03	+9.974e+03	+0.455
134.000	+6.189e+03	+4.719e+03	+1.050e+04	+0.433
134.100	+4.136e+03	+4.490e+03	+1.097e+04	+0.520
134.200	+5.348e+03	+5.308e+03	+9.727e+03	+0.498
134.300	+5.432e+03	+6.655e+03	+1.051e+04	+0.551
134.400	+5.259e+03	+4.098e+03	+1.050e+04	+0.438
134.500	+3.448e+03	+4.650e+03	+9.581e+03	+0.574
134.600	+4.776e+03	+6.329e+03	+9.280e+03	+0.570
134.700	+6.126e+03	+4.203e+03	+8.589e+03	+0.407
134.800	+4.584e+03	+5.357e+03	+1.042e+04	+0.539
134.900	+4.829e+03	+4.257e+03	+9.740e+03	+0.469
135.000	+5.131e+03	+5.181e+03	+1.005e+04	+0.502
135.100	+3.845e+03	+4.961e+03	+9.899e+03	+0.563
135.200	+4.843e+03	+3.422e+03	+1.100e+04	+0.414
135.300	+5.506e+03	+5.472e+03	+9.588e+03	+0.498
135.400	+4.898e+03	+5.884e+03	+1.003e+04	+0.546
135.500	+4.984e+03	+5.555e+03	+1.128e+04	+0.527
135.600	+5.588e+03	+5.141e+03	+1.042e+04	+0.479
135.700	+6.219e+03	+5.157e+03	+8.906e+03	+0.453
135.800	+4.317e+03	+4.161e+03	+1.073e+04	+0.491
135.900	+4.846e+03	+3.782e+03	+1.029e+04	+0.438
136.000	+5.389e+03	+4.373e+03	+1.086e+04	+0.448
136.100	+5.731e+03	+5.036e+03	+1.026e+04	+0.468
136.200	+3.653e+03	+5.143e+03	+1.040e+04	+0.585
136.300	+5.727e+03	+5.259e+03	+1.167e+04	+0.479
136.400	+4.321e+03	+4.715e+03	+9.513e+03	+0.522
136.500	+4.154e+03	+4.560e+03	+9.086e+03	+0.523
136.600	+4.588e+03	+4.940e+03	+8.925e+03	+0.518
136.700	+4.880e+03	+4.862e+03	+1.130e+04	+0.499
136.800	+5.231e+03	+4.476e+03	+9.001e+03	+0.461
136.900	+4.895e+03	+4.426e+03	+1.030e+04	+0.475
137.000	+5.106e+03	+3.640e+03	+8.891e+03	+0.416
137.100	+6.368e+03	+4.085e+03	+9.745e+03	+0.391
137.200	+7.728e+03	+2.974e+03	+1.066e+04	+0.278
137.300	+6.972e+03	+2.909e+03	+1.071e+04	+0.294
137.400	+7.465e+03	+3.234e+03	+1.001e+04	+0.302
137.500	+6.727e+03	+1.378e+03	+9.413e+03	+0.170
137.600	+7.060e+03	+3.117e+03	+1.000e+04	+0.306
137.700	+7.424e+03	+1.195e+03	+1.141e+04	+0.139
137.800	+9.325e+03	+2.778e+03	+1.105e+04	+0.230
137.900	+7.379e+03	+3.809e+03	+9.775e+03	+0.340
138.000	+8.430e+03	+1.762e+03	+1.000e+04	+0.173
138.100	+8.111e+03	+2.413e+03	+8.971e+03	+0.229
138.200	+6.056e+03	+3.969e+03	+1.021e+04	+0.396
138.300	+6.356e+03	+2.314e+03	+9.767e+03	+0.267
138.400	+6.242e+03	+2.447e+03	+1.004e+04	+0.282
138.500	+7.246e+03	+2.853e+03	+9.954e+03	+0.283
138.600	+7.523e+03	+3.294e+03	+1.025e+04	+0.305
138.700	+7.568e+03	+1.926e+03	+1.044e+04	+0.203
138.800	+7.094e+03	+1.756e+03	+1.073e+04	+0.198
138.900	+8.655e+03	+2.904e+03	+9.516e+03	+0.251
139.000	+6.979e+03	+2.797e+03	+1.120e+04	+0.286
139.100	+8.179e+03	+2.948e+03	+9.526e+03	+0.265
139.200	+6.991e+03	+2.880e+03	+1.055e+04	+0.292
139.300	+6.791e+03	+1.670e+03	+9.560e+03	+0.197
139.400	+7.017e+03	+3.010e+03	+9.692e+03	+0.300
139.500	+8.130e+03	+2.056e+03	+1.045e+04	+0.202
139.600	+7.972e+03	+1.761e+03	+8.815e+03	+0.181
139.700	+6.383e+03	+3.120e+03	+1.042e+04	+0.328
139.800	+8.630e+03	+2.845e+03	+8.692e+03	+0.248
139.900	+7.537e+03	+4.371e+03	+9.157e+03	+0.367
140.000	+8.187e+03	+3.113e+03	+9.830e+03	+0.275
140.100	+5.141e+03	+3.954e+03	+1.037e+04	+0.435
140.200	+4.727e+03	+5.192e+03	+9.873e+03	+0.523
140.300	+4.845e+03	+4.898e+03	+1.022e+04	+0.503
140.400	+5.101e+03	+4.747e+03	+1.054e+04	+0.482
140.500	+6.020e+03	+5.039e+03	+9.120e+03	+0.456
140.600	+5.045e+03	+5.575e+03	+9.167e+03	+0.525
140.700	+5.208e+03	+4.361e+03	+9.792e+03	+0.456
140.800	+3.161e+03	+5.155e+03	+1.148e+04	+0.620
140.900	+4.127e+03	+4.064e+03	+1.110e+04	+0.496
141.000	+5.573e+03	+4.640e+03	+9.302e+03	+0.454
141.100	+4.362e+03	+3.974e+03	+9.049e+03	+0.477
141.200	+4.365e+03	+4.459e+03	+1.101e+04	+0.505
141.300	+4.609e+03	+5.740e+03	+9.894e+03	+0.555
141.400	+4.925e+03	+4.822e+03	+1.022e+04	+0.495
141.500	+5.299e+03	+4.490e+03	+1.002e+04	+0.459
141.600	+5.309e+03	+5.231e+03	+1.009e+04	+0.496
141.700	+4.054e+03	+3.325e+03	+1.058e+04	+0.451
141.800	+5.125e+03	+4.268e+03	+1.049e+04	+0.454
141.900	+5.783e+03	+5.518e+03	+1.051e+04	+0.488
142.000	+4.629e+03	+3.853e+03	+9.911e+03	+0.454
142.100	+5.160e+03	+5.122e+03	+8.953e+03	+0.498
142.200	+5.284e+03	+5.184e+03	+9.115e+03	+0.495
142.300	+5.247e+03	+3.950e+03	+9.601e+03	+0.429
142.400	+5.577e+03	+5.795e+03	+1.056e+04	+0.510
142.500	+4.229e+03	+4.600e+03	+1.014e+04	+0.521
142.600	+4.397e+03	+4.882e+03	+1.050e+04	+0.526
142.700	+5.058e+03	+3.788e+03	+9.395e+03	+0.428
142.800	+3.654e+03	+4.718e+03	+1.008e+04	+0.564
142.900	+5.713e+03	+4.985e+03	+1.049e+04	+0.466
143.000	+4.672e+03	+4.641e+03	+1.147e+04	+0.498
143.100	+4.625e+03	+4.431e+03	+1.060e+04	+0.489
143.200	+5.271e+03	+5.775e+03	+1.001e+04	+0.523
143.300	+4.326e+03	+4.482e+03	+1.078e+04	+0.509
143.400	+5.067e+03	+6.001e+03	+9.444e+03	+0.542
143.500	+5.471e+03	+5.105e+03	+8.963e+03	+0.483
143.600	+5.312e+03	+5.955e+03	+9.953e+03	+0.529
143.700	+3.728e+03	+5.063e+03	+9.894e+03	+0.576
143.800	+5.947e+03	+5.451e+03	+1.021e+04	+0.478
143.900	+4.970e+03	+5.718e+03	+9.873e+03	+0.535
144.000	+4.746e+03	+5.456e+03	+9.868e+03	+0.535
144.100	+5.536e+03	+4.530e+03	+8.242e+03	+0.450
144.200	+4.836e+03	+5.805e+03	+1.100e+04	+0.546
144.300	+4.519e+03	+5.385e+03	+1.103e+04	+0.544
144.400	+4.436e+03	+5.615e+03	+1.082e+04	+0.559
144.500	+4.738e+03	+4.158e+03	+1.085e+04	+0.467
144.600	+4.731e+03	+4.915e+03	+9.546e+03	+0.510
144.700	+5.111e+03	+5.272e+03	+9.487e+03	+0.508
144.800	+5.956e+03	+5.389e+03	+1.080e+04	+0.475
144.900	+4.837e+03	+4.334e+03	+1.136e+04	+0.473
145.000	+4.993e+03	+4.208e+03	+9.618e+03	+0.457
145.100	+5.817e+03	+4.998e+03	+1.026e+04	+0.462
145.200	+6.266e+03	+4.941e+03	+9.933e+03	+0.441
145.300	+3.665e+03	+4.160e+03	+1.109e+04	+0.532
145.400	+5.734e+03	+5.713e+03	+1.079e+04	+0.499
145.500	+4.269e+03	+4.277e+03	+1.030e+04	+0.500
145.600	+5.458e+03	+5.345e+03	+1.082e+04	+0.495
145.700	+5.176e+03	+5.728e+03	+9.916e+03	+0.525
145.800	+4.078e+03	+5.499e+03	+1.052e+04	+0.574
145.900	+5.547e+03	+4.191e+03	+9.929e+03	+0.430
146.000	+3.543e+03	+4.703e+03	+9.456e+03	+0.570
146.100	+6.221e+03	+5.646e+03	+1.012e+04	+0.476
146.200	+4.755e+03	+5.368e+03	+1.037e+04	+0.530
146.300	+3.769e+03	+4.370e+03	+1.019e+04	+0.537
146.400	+4.221e+03	+4.212e+03	+1.003e+04	+0.499
146.500	+4.729e+03	+4.143e+03	+1.076e+04	+0.467
146.600	+6.267e+03	+5.864e+03	+1.009e+04	+0.483
146.700	+4.571e+03	+4.971e+03	+1.045e+04	+0.521
146.800	+5.239e+03	+4.841e+03	+1.004e+04	+0.480
146.900	+5.859e+03	+5.999e+03	+9.180e+03	+0.506
147.000	+4.442e+03	+5.205e+03	+9.796e+03	+0.540
147.100	+4.323e+03	+4.963e+03	+1.080e+04	+0.534
147.200	+4.401e+03	+4.597e+03	+9.366e+03	+0.511
147.300	+4.066e+03	+4.883e+03	+8.501e+03	+0.546
147.400	+4.524e+03	+5.746e+03	+1.006e+04	+0.560
147.500	+5.694e+03	+3.375e+03	+1.062e+04	+0.372
147.600	+5.043e+03	+3.858e+03	+1.051e+04	+0.433
147.700	+4.842e+03	+4.562e+03	+1.079e+04	+0.485
147.800	+5.642e+03	+3.852e+03	+9.674e+03	+0.406
147.900	+4.594e+03	+5.064e+03	+1.038e+04	+0.524
148.000	+5.742e+03	+5.606e+03	+9.265e+03	+0.494
148.100	+4.748e+03	+4.970e+03	+1.034e+04	+0.511
148.200	+5.457e+03	+4.351e+03	+9.547e+03	+0.444
148.300	+5.758e+03	+6.350e+03	+9.671e+03	+0.524
148.400	+5.825e+03	+5.435e+03	+1.047e+04	+0.483
148.500	+4.202e+03	+5.937e+03	+9.318e+03	+0.586
148.600	+4.938e+03	+4.307e+03	+9.332e+03	+0.466
148.700	+5.868e+03	+4.791e+03	+1.044e+04	+0.449
148.800	+7.537e+03	+2.234e+03	+9.776e+03	+0.229
148.900	+6.297e+03	+2.360e+03	+1.104e+04	+0.273
149.000	+7.368e+03	+2.675e+03	+1.034e+04	+0.266
149.100	+6.394e+03	+3.514e+03	+1.036e+04	+0.355
149.200	+7.541e+03	+3.697e+03	+1.028e+04	+0.329
149.300	+6.241e+03	+1.879e+03	+9.697e+03	+0.231
149.400	+6.381e+03	+2.318e+03	+9.745e+03	+0.266
149.500	+6.308e+03	+2.968e+03	+1.025e+04	+0.320
149.600	+7.286e+03	+3.118e+03	+9.323e+03	+0.300
149.700	+6.193e+03	+2.428e+03	+1.032e+04	+0.282
149.800	+6.642e+03	+1.976e+03	+9.757e+03	+0.229
149.900	+7.545e+03	+3.167e+03	+9.124e+03	+0.296
150.000	+6.555e+03	+2.916e+03	+9.421e+03	+0.308
150.100	+7.572e+03	+1.689e+03	+8.733e+03	+0.182
150.200	+7.630e+03	+2.550e+03	+9.268e+03	+0.250
150.300	+8.153e+03	+2.814e+03	+1.049e+04	+0.257
150.400	+6.665e+03	+2.265e+03	+9.605e+03	+0.254
150.500	+6.552e+03	+3.632e+03	+1.057e+04	+0.357
150.600	+6.994e+03	+1.702e+03	+1.023e+04	+0.196
150.700	+9.486e+03	+2.500e+03	+9.638e+03	+0.209
150.800	+7.840e+03	+3.802e+03	+1.001e+04	+0.327
150.900	+6.287e+03	+1.754e+03	+1.032e+04	+0.218
151.000	+7.950e+03	+1.657e+03	+9.595e+03	+0.172
151.100	+9.833e+03	+3.173e+03	+8.370e+03	+0.244
151.200	+6.890e+03	+2.322e+03	+9.821e+03	+0.252
151.300	+7.380e+03	+3.366e+03	+9.484e+03	+0.313
151.400	+6.131e+03	+2.877e+03	+1.038e+04	+0.319
151.500	+6.848e+03	+3.416e+03	+9.189e+03	+0.333
151.600	+8.224e+03	+3.623e+03	+1.029e+04	+0.306
151.700	+6.741e+03	+2.035e+03	+9.877e+03	+0.232
151.800	+6.931e+03	+1.651e+03	+9.936e+03	+0.192
151.900	+7.240e+03	+1.150e+03	+1.034e+04	+0.137
152.000	+7.697e+03	+2.168e+03	+1.006e+04	+0.220
152.100	+7.170e+03	+2.973e+03	+9.296e+03	+0.293
152.200	+5.209e+03	+5.660e+03	+8.796e+03	+0.521
152.300	+3.939e+03	+4.559e+03	+1.020e+04	+0.536
152.400	+4.493e+03	+4.980e+03	+1.044e+04	+0.526
152.500	+5.279e+03	+5.434e+03	+1.042e+04	+0.507
152.600	+5.342e+03	+5.199e+03	+9.534e+03	+0.493
152.700	+5.745e+03	+5.754e+03	+1.047e+04	+0.500
152.800	+5.421e+03	+5.848e+03	+9.347e+03	+0.519
152.900	+4.327e+03	+5.926e+03	+1.085e+04	+0.578
153.000	+5.423e+03	+5.180e+03	+1.163e+04	+0.489
153.100	+4.434e+03	+5.621e+03	+1.038e+04	+0.559
153.200	+4.529e+03	+4.598e+03	+9.065e+03	+0.504
153.300	+4.865e+03	+5.053e+03	+9.848e+03	+0.509
153.400	+5.225e+03	+6.958e+03	+9.156e+03	+0.571
153.500	+4.695e+03	+4.777e+03	+1.025e+04	+0.504
153.600	+5.028e+03	+5.178e+03	+8.902e+03	+0.507
153.700	+3.704e+03	+5.042e+03	+9.424e+03	+0.576
153.800	+5.770e+03	+5.575e+03	+1.162e+04	+0.491
153.900	+4.748e+03	+5.626e+03	+1.138e+04	+0.542
154.000	+5.219e+03	+5.100e+03	+9.553e+03	+0.494
154.100	+6.341e+03	+5.072e+03	+1.032e+04	+0.444
154.200	+5.195e+03	+5.075e+03	+1.022e+04	+0.494
154.300	+4.545e+03	+5.273e+03	+1.044e+04	+0.537
154.400	+4.983e+03	+5.157e+03	+1.001e+04	+0.509
154.500	+4.633e+03	+5.518e+03	+1.039e+04	+0.544
154.600	+4.330e+03	+4.352e+03	+8.389e+03	+0.501
154.700	+5.363e+03	+3.913e+03	+9.056e+03	+0.422
154.800	+5.808e+03	+4.589e+03	+1.033e+04	+0.441
154.900	+4.915e+03	+5.214e+03	+9.679e+03	+0.515
155.000	+4.435e+03	+4.697e+03	+9.163e+03	+0.514
155.100	+5.303e+03	+6.363e+03	+1.054e+04	+0.545
155.200	+4.685e+03	+4.629e+03	+1.049e+04	+0.497
155.300	+3.781e+03	+5.368e+03	+1.011e+04	+0.587
155.400	+4.501e+03	+4.143e+03	+9.326e+03	+0.479
155.500	+5.049e+03	+5.936e+03	+9.470e+03	+0.540
155.600	+4.453e+03	+5.122e+03	+9.982e+03	+0.535
155.700	+4.990e+03	+6.253e+03	+1.043e+04	+0.556
155.800	+5.505e+03	+6.240e+03	+9.806e+03	+0.531
155.900	+5.243e+03	+4.752e+03	+1.020e+04	+0.475
156.000	+5.483e+03	+4.999e+03	+1.016e+04	+0.477
156.100	+5.245e+03	+3.964e+03	+1.019e+04	+0.430
156.200	+4.559e+03	+3.923e+03	+9.731e+03	+0.462
156.300	+4.958e+03	+4.152e+03	+9.185e+03	+0.456
156.400	+4.820e+03	+4.851e+03	+1.022e+04	+0.502
156.500	+5.692e+03	+5.169e+03	+1.002e+04	+0.476
156.600	+5.239e+03	+4.648e+03	+1.028e+04	+0.470
156.700	+5.613e+03	+4.441e+03	+9.331e+03	+0.442
156.800	+4.988e+03	+5.412e+03	+9.618e+03	+0.520
156.900	+3.782e+03	+4.391e+03	+9.641e+03	+0.537
157.000	+5.113e+03	+5.922e+03	+1.010e+04	+0.537
157.100	+5.686e+03	+5.779e+03	+9.365e+03	+0.504
157.200	+6.313e+03	+4.883e+03	+9.677e+03	+0.436
157.300	+6.053e+03	+4.820e+03	+1.020e+04	+0.443
157.400	+5.055e+03	+5.448e+03	+9.825e+03	+0.519
157.500	+7.483e+03	+1.867e+03	+1.079e+04	+0.200
157.600	+7.225e+03	+1.020e+03	+9.094e+03	+0.124
157.700	+7.566e+03	+2.548e+03	+9.469e+03	+0.252
157.800	+8.139e+03	+2.906e+03	+8.988e+03	+0.263
157.900	+7.272e+03	+2.418e+03	+9.273e+03	+0.250
158.000	+7.963e+03	+2.386e+03	+1.040e+04	+0.231
158.100	+7.918e+03	+3.411e+03	+1.020e+04	+0.301
158.200	+5.894e+03	+2.011e+03	+1.056e+04	+0.254
158.300	+8.139e+03	+3.076e+03	+9.815e+03	+0.274
158.400	+6.791e+03	+3.196e+03	+1.015e+04	+0.320
158.500	+7.358e+03	+3.008e+03	+9.754e+03	+0.290
158.600	+7.613e+03	+2.276e+03	+9.798e+03	+0.230
158.700	+8.305e+03	+2.722e+03	+8.661e+03	+0.247
158.800	+7.965e+03	+2.658e+03	+9.360e+03	+0.250
158.900	+8.597e+03	+1.569e+03	+1.045e+04	+0.154
159.000	+6.580e+03	+3.822e+03	+9.572e+03	+0.367
159.100	+6.354e+03	+2.595e+03	+9.214e+03	+0.290
159.200	+3.178e+03	+8.180e+03	+9.809e+03	+0.720
159.300	+1.524e+03	+8.063e+03	+9.609e+03	+0.841
159.400	+3.255e+03	+8.712e+03	+1.041e+04	+0.728
159.500	+2.257e+03	+7.449e+03	+1.046e+04	+0.767
159.600	+1.510e+03	+7.069e+03	+1.000e+04	+0.824
159.700	+2.016e+03	+8.626e+03	+9.620e+03	+0.811
159.800	+3.177e+03	+7.099e+03	+1.060e+04	+0.691
159.900	+1.711e+03	+7.653e+03	+1.101e+04	+0.817
160.000	+1.970e+03	+8.653e+03	+9.796e+03	+0.815
160.100	+2.125e+03	+9.039e+03	+1.067e+04	+0.810
160.200	+3.024e+03	+8.639e+03	+1.053e+04	+0.741
160.300	+1.884e+03	+6.771e+03	+1.056e+04	+0.782
160.400	+3.529e+02	+7.651e+03	+1.016e+04	+0.956
160.500	+2.395e+03	+7.980e+03	+8.983e+03	+0.769
160.600	+1.090e+03	+6.772e+03	+1.091e+04	+0.861
160.700	+2.530e+03	+9.268e+03	+1.056e+04	+0.786
160.800	+2.112e+03	+8.437e+03	+9.216e+03	+0.800
160.900	+1.876e+03	+7.973e+03	+9.105e+03	+0.810
161.000	+2.014e+03	+8.666e+03	+1.009e+04	+0.811
161.100	+5.641e+03	+3.508e+03	+1.097e+04	+0.383
161.200	+8.611e+03	+2.478e+03	+9.352e+03	+0.223
161.300	+6.089e+03	+2.951e+03	+1.022e+04	+0.326
161.400	+8.321e+03	+3.093e+03	+1.008e+04	+0.271
161.500	+6.670e+03	+1.948e+03	+1.112e+04	+0.226
161.600	+7.622e+03	+2.706e+03	+1.000e+04	+0.262
161.700	+7.713e+03	+2.590e+03	+9.809e+03	+0.251
161.800	+7.775e+03	+3.649e+03	+8.997e+03	+0.319
161.900	+6.854e+03	+2.442e+03	+1.008e+04	+0.263
162.000	+8.480e+03	+1.444e+03	+1.096e+04	+0.145
162.100	+6.161e+03	+3.714e+03	+1.066e+04	+0.376
162.200	+8.207e+03	+2.289e+03	+1.086e+04	+0.218
162.300	+7.564e+03	+3.036e+03	+1.129e+04	+0.286
162.400	+8.110e+03	+1.053e+03	+1.026e+04	+0.115
162.500	+7.074e+03	+3.176e+03	+1.092e+04	+0.310
162.600	+6.708e+03	+2.919e+03	+9.597e+03	+0.303
162.700	+7.194e+03	+1.662e+03	+9.742e+03	+0.188
162.800	+7.831e+03	+2.597e+03	+1.055e+04	+0.249
162.900	+7.906e+03	+2.450e+03	+9.970e+03	+0.237
163.000	+7.592e+03	+1.485e+03	+1.021e+04	+0.164
163.100	+7.015e+03	+2.002e+03	+1.077e+04	+0.222
163.200	+6.563e+03	+2.521e+03	+1.092e+04	+0.278
163.300	+8.172e+03	+3.072e+03	+1.119e+04	+0.273
163.400	+7.929e+03	+2.162e+03	+1.062e+04	+0.214
163.500	+7.518e+03	+3.055e+03	+9.345e+03	+0.289
163.600	+7.066e+03	+4.954e+03	+9.258e+03	+0.412
163.700	+7.089e+03	+1.843e+03	+1.063e+04	+0.206
163.800	+6.405e+03	+1.501e+03	+1.108e+04	+0.190
163.900	+7.509e+03	+3.290e+03	+1.083e+04	+0.305
164.000	+8.402e+03	+2.716e+03	+9.997e+03	+0.244
164.100	+8.825e+03	+2.577e+03	+9.989e+03	+0.226
164.200	+7.631e+03	+2.531e+03	+9.885e+03	+0.249
164.300	+7.245e+03	+8.667e+02	+9.657e+03	+0.107
164.400	+6.848e+03	+1.864e+03	+8.222e+03	+0.214
164.500	+7.290e+03	+1.997e+03	+8.943e+03	+0.215
164.600	+7.907e+03	+3.385e+03	+9.438e+03	+0.300
164.700	+7.626e+03	+3.656e+03	+1.041e+04	+0.324
164.800	+6.629e+03	+1.828e+03	+9.540e+03	+0.216
164.900	+6.878e+03	+2.690e+03	+1.006e+04	+0.281
165.000	+7.455e+03	+2.523e+03	+8.064e+03	+0.253
165.100	+7.480e+03	+3.634e+03	+8.872e+03	+0.327
165.200	+6.498e+03	+3.632e+03	+9.135e+03	+0.359
165.300	+6.821e+03	+2.649e+03	+1.115e+04	+0.280
165.400	+5.535e+03	+2.079e+03	+9.292e+03	+0.273
165.500	+6.499e+03	+1.816e+03	+1.082e+04	+0.218
165.600	+8.137e+03	+1.870e+03	+9.273e+03	+0.187
165.700	+7.829e+03	+2.930e+03	+9.708e+03	+0.272
165.800	+7.599e+03	+2.081e+03	+1.027e+04	+0.215
165.900	+8.139e+03	+2.971e+03	+1.066e+04	+0.267
166.000	+8.509e+03	+3.230e+03	+1.010e+04	+0.275
166.100	+6.452e+03	+3.181e+03	+1.104e+04	+0.330
166.200	+7.972e+03	+2.737e+03	+1.095e+04	+0.256
166.300	+7.975e+03	+3.090e+03	+1.025e+04	+0.279
166.400	+7.196e+03	+3.356e+03	+9.959e+03	+0.318
166.500	+8.189e+03	+2.170e+03	+9.575e+03	+0.210
166.600	+7.329e+03	+2.729e+03	+1.033e+04	+0.271
166.700	+7.512e+03	+3.109e+03	+9.884e+03	+0.293
166.800	+6.935e+03	+2.971e+03	+1.018e+04	+0.300
166.900	+6.642e+03	+1.921e+03	+1.010e+04	+0.224
167.000	+6.665e+03	+1.140e+03	+1.081e+04	+0.146
167.100	+7.373e+03	+3.273e+03	+9.892e+03	+0.307
167.200	+1.159e+03	+7.778e+03	+1.017e+04	+0.870
167.300	+2.133e+03	+7.624e+03	+9.652e+03	+0.781
167.400	+2.230e+03	+8.448e+03	+9.954e+03	+0.791
167.500	+1.838e+03	+9.744e+03	+9.918e+03	+0.841
167.600	+1.598e+03	+8.667e+03	+9.831e+03	+0.844
167.700	+1.095e+03	+8.609e+03	+9.995e+03	+0.887
167.800	+1.520e+03	+8.369e+03	+9.664e+03	+0.846
167.900	+1.633e+03	+7.563e+03	+1.164e+04	+0.822
168.000	+2.078e+03	+7.913e+03	+9.618e+03	+0.792
168.100	+7.150e+02	+8.256e+03	+9.787e+03	+0.920
168.200	+2.511e+03	+7.804e+03	+9.893e+03	+0.757
168.300	+2.877e+03	+7.560e+03	+1.007e+04	+0.724
168.400	+1.950e+03	+7.717e+03	+1.055e+04	+0.798
168.500	+3.181e+03	+8.615e+03	+1.035e+04	+0.730
168.600	+1.747e+03	+7.859e+03	+1.019e+04	+0.818
168.700	+1.298e+03	+8.456e+03	+9.691e+03	+0.867
168.800	+1.783e+03	+7.209e+03	+9.837e+03	+0.802
168.900	+6.830e+02	+7.907e+03	+1.075e+04	+0.920
169.000	+2.286e+03	+7.362e+03	+9.280e+03	+0.763
169.100	+2.231e+03	+8.749e+03	+1.051e+04	+0.797
169.200	+2.367e+03	+8.617e+03	+1.008e+04	+0.785
169.300	+1.543e+03	+6.837e+03	+9.397e+03	+0.816
169.400	+2.090e+03	+7.456e+03	+9.289e+03	+0.781
169.500	+1.527e+03	+7.196e+03	+9.513e+03	+0.825
169.600	+2.529e+03	+8.568e+03	+8.864e+03	+0.772
169.700	+2.888e+02	+8.303e+03	+9.771e+03	+0.966
169.800	+9.183e+02	+8.518e+03	+9.655e+03	+0.903
169.900	+2.542e+03	+8.696e+03	+9.227e+03	+0.774
170.000	+1.197e+03	+7.517e+03	+9.036e+03	+0.863
170.100	+2.594e+03	+8.560e+03	+1.134e+04	+0.767
170.200	+2.679e+03	+8.184e+03	+9.099e+03	+0.753
170.300	+2.079e+03	+8.514e+03	+7.324e+03	+0.804
170.400	+2.622e+03	+8.000e+03	+9.631e+03	+0.753
170.500	+2.492e+03	+7.587e+03	+9.287e+03	+0.753
170.600	+1.932e+03	+7.804e+03	+1.056e+04	+0.802
170.700	+1.874e+03	+7.573e+03	+1.102e+04	+0.802
170.800	+2.482e+03	+7.198e+03	+9.620e+03	+0.744
170.900	+2.798e+03	+7.301e+03	+9.341e+03	+0.723
171.000	+2.440e+03	+8.121e+03	+1.025e+04	+0.769
171.100	+2.113e+03	+8.141e+03	+9.600e+03	+0.794
171.200	+1.584e+03	+9.130e+03	+9.886e+03	+0.852
171.300	+2.648e+03	+9.076e+03	+1.014e+04	+0.774
171.400	+1.999e+03	+7.749e+03	+8.514e+03	+0.795
171.500	+2.993e+03	+8.410e+03	+1.073e+04	+0.738
171.600	+1.916e+03	+7.635e+03	+1.167e+04	+0.799
171.700	+1.414e+03	+8.883e+03	+1.000e+04	+0.863
171.800	+3.132e+03	+7.791e+03	+9.532e+03	+0.713
171.900	+2.227e+03	+7.475e+03	+1.071e+04	+0.770
172.000	+2.268e+03	+7.506e+03	+1.037e+04	+0.768
172.100	+1.579e+03	+8.206e+03	+1.149e+04	+0.839
172.200	+3.085e+03	+7.584e+03	+9.517e+03	+0.711
172.300	+1.973e+03	+8.379e+03	+1.104e+04	+0.809
172.400	+2.046e+03	+7.083e+03	+1.081e+04	+0.776
172.500	+2.306e+03	+6.733e+03	+1.011e+04	+0.745
172.600	+1.537e+03	+8.003e+03	+1.020e+04	+0.839
172.700	+2.248e+03	+8.730e+03	+9.812e+03	+0.795
172.800	+3.061e+03	+8.731e+03	+1.043e+04	+0.740
172.900	+1.418e+03	+7.768e+03	+1.115e+04	+0.846
173.000	+2.224e+03	+7.833e+03	+1.032e+04	+0.779
173.100	+1.197e+03	+6.987e+03	+9.982e+03	+0.854
173.200	+1.898e+03	+8.309e+03	+9.927e+03	+0.814
173.300	+1.224e+03	+8.490e+03	+1.002e+04	+0.874
173.400	+2.736e+03	+8.135e+03	+8.888e+03	+0.748
173.500	+7.913e+02	+8.502e+03	+9.838e+03	+0.915
173.600	+2.358e+03	+6.812e+03	+9.903e+03	+0.743
173.700	+1.381e+03	+7.480e+03	+8.905e+03	+0.844
173.800	+1.024e+03	+7.808e+03	+9.648e+03	+0.884
173.900	+1.616e+03	+7.673e+03	+1.048e+04	+0.826
174.000	+1.928e+03	+7.510e+03	+9.775e+03	+0.796
174.100	+3.187e+03	+8.516e+03	+9.044e+03	+0.728
174.200	+2.455e+03	+8.057e+03	+1.180e+04	+0.766
174.300	+2.331e+03	+8.687e+03	+1.019e+04	+0.788
174.400	+3.725e+03	+7.605e+03	+1.012e+04	+0.671
174.500	+2.305e+03	+7.592e+03	+8.949e+03	+0.767
174.600	+1.887e+03	+7.075e+03	+1.046e+04	+0.789
174.700	+1.887e+03	+8.377e+03	+9.318e+03	+0.816
174.800	+1.499e+03	+7.985e+03	+9.632e+03	+0.842
174.900	+1.503e+03	+8.878e+03	+1.052e+04	+0.855
175.000	+2.018e+03	+8.259e+03	+9.762e+03	+0.804
175.100	+2.613e+03	+7.983e+03	+8.928e+03	+0.753
175.200	+2.136e+03	+6.794e+03	+9.771e+03	+0.761
175.300	+1.433e+03	+6.675e+03	+9.474e+03	+0.823
175.400	+9.575e+02	+8.066e+03	+1.030e+04	+0.894
175.500	+4.140e+02	+7.127e+03	+9.858e+03	+0.945
175.600	+9.504e+02	+8.229e+03	+9.553e+03	+0.896
175.700	+1.865e+03	+7.608e+03	+1.083e+04	+0.803
175.800	+1.502e+03	+7.335e+03	+1.002e+04	+0.830
175.900	+1.731e+03	+8.964e+03	+8.960e+03	+0.838
176.000	+2.594e+03	+8.104e+03	+1.099e+04	+0.758
176.100	+1.667e+03	+8.418e+03	+9.683e+03	+0.835
176.200	+2.249e+03	+7.833e+03	+1.057e+04	+0.777
176.300	+2.890e+03	+7.101e+03	+1.045e+04	+0.711
176.400	+1.515e+03	+8.064e+03	+8.749e+03	+0.842
176.500	+3.598e+02	+7.495e+03	+9.589e+03	+0.954
176.600	+1.620e+03	+8.129e+03	+1.060e+04	+0.834
176.700	+1.068e+03	+7.112e+03	+1.072e+04	+0.869
176.800	+9.575e+02	+8.377e+03	+1.076e+04	+0.897
176.900	+1.965e+03	+7.634e+03	+9.458e+03	+0.795
177.000	+1.961e+03	+9.181e+03	+9.540e+03	+0.824
177.100	+3.240e+03	+7.227e+03	+1.002e+04	+0.690
177.200	+2.240e+03	+8.245e+03	+1.017e+04	+0.786
177.300	+2.194e+03	+8.842e+03	+9.670e+03	+0.801
177.400	+1.913e+03	+8.603e+03	+8.898e+03	+0.818
177.500	+1.266e+03	+7.954e+03	+1.074e+04	+0.863
177.600	+2.456e+03	+6.845e+03	+9.885e+03	+0.736
177.700	+1.613e+03	+8.154e+03	+9.893e+03	+0.835
177.800	+2.437e+03	+7.492e+03	+9.980e+03	+0.755
177.900	+4.197e+01	+8.479e+03	+9.644e+03	+0.995
178.000	+1.954e+03	+9.365e+03	+9.904e+03	+0.827
178.100	+1.898e+03	+6.851e+03	+1.044e+04	+0.783
178.200	+1.588e+03	+7.518e+03	+9.569e+03	+0.826
178.300	+2.196e+03	+7.379e+03	+9.957e+03	+0.771
178.400	+2.888e+03	+8.092e+03	+1.114e+04	+0.737
178.500	+1.336e+03	+7.119e+03	+9.881e+03	+0.842
178.600	+1.474e+03	+7.811e+03	+1.040e+04	+0.841
178.700	+1.370e+03	+7.446e+03	+9.864e+03	+0.845
178.800	+3.027e+03	+8.217e+03	+9.322e+03	+0.731
178.900	+1.530e+03	+9.539e+03	+1.056e+04	+0.862
179.000	+2.004e+03	+8.954e+03	+1.010e+04	+0.817
179.100	+8.095e+03	+3.500e+03	+9.714e+03	+0.302
179.200	+9.614e+03	+2.841e+03	+1.018e+04	+0.228
179.300	+8.122e+03	+2.736e+03	+1.166e+04	+0.252
179.400	+7.445e+03	+2.963e+03	+1.055e+04	+0.285
179.500	+7.615e+03	+2.283e+03	+1.089e+04	+0.231
179.600	+6.381e+03	+2.737e+03	+1.091e+04	+0.300
179.700	+7.353e+03	+3.510e+03	+1.140e+04	+0.323
179.800	+7.608e+03	+3.236e+03	+1.011e+04	+0.298
179.900	+6.958e+03	+2.107e+03	+1.083e+04	+0.232
180.000	+6.222e+03	+2.135e+03	+9.589e+03	+0.255
180.100	+8.669e+03	+2.850e+03	+9.335e+03	+0.247
180.200	+7.083e+03	+2.184e+03	+9.932e+03	+0.236
180.300	+8.313e+03	+2.272e+03	+1.002e+04	+0.215
180.400	+7.453e+03	+3.350e+03	+9.017e+03	+0.310
180.500	+6.651e+03	+2.370e+03	+1.048e+04	+0.263
180.600	+7.050e+03	+2.219e+03	+1.034e+04	+0.239
180.700	+7.669e+03	+3.133e+03	+1.041e+04	+0.290
180.800	+7.509e+03	+3.047e+03	+1.040e+04	+0.289
180.900	+7.657e+03	+2.342e+03	+9.611e+03	+0.234
181.000	+7.683e+03	+1.824e+03	+1.140e+04	+0.192
181.100	+7.853e+03	+2.551e+03	+1.009e+04	+0.245
181.200	+8.261e+03	+2.500e+03	+1.037e+04	+0.232
181.300	+7.078e+03	+3.068e+03	+9.156e+03	+0.302
181.400	+8.480e+03	+6.622e+02	+9.629e+03	+0.072
181.500	+7.040e+03	+3.044e+03	+1.010e+04	+0.302
181.600	+6.980e+03	+2.523e+03	+1.120e+04	+0.265
181.700	+7.788e+03	+2.083e+03	+1.188e+04	+0.211
181.800	+6.147e+03	+2.591e+03	+1.041e+04	+0.297
181.900	+6.930e+03	+1.842e+03	+1.008e+04	+0.210
182.000	+8.514e+03	+2.433e+03	+1.167e+04	+0.222
182.100	+7.024e+03	+2.168e+03	+9.364e+03	+0.236
182.200	+7.987e+03	+2.659e+03	+1.002e+04	+0.250
182.300	+6.892e+03	+2.865e+03	+8.957e+03	+0.294
182.400	+6.947e+03	+1.955e+03	+1.085e+04	+0.220
182.500	+7.280e+03	+2.355e+03	+1.057e+04	+0.244
182.600	+7.159e+03	+3.514e+03	+9.811e+03	+0.329
182.700	+7.375e+03	+4.018e+03	+9.947e+03	+0.353
182.800	+8.298e+03	+2.735e+03	+1.106e+04	+0.248
182.900	+8.799e+03	+2.875e+03	+1.089e+04	+0.246
183.000	+7.140e+03	+1.794e+03	+1.053e+04	+0.201
183.100	+8.106e+03	+1.902e+03	+9.278e+03	+0.190
183.200	+7.658e+03	+1.440e+03	+1.046e+04	+0.158
183.300	+7.993e+03	+2.578e+03	+9.199e+03	+0.244
183.400	+7.488e+03	+1.431e+03	+9.767e+03	+0.160
183.500	+7.365e+03	+2.413e+03	+8.734e+03	+0.247
183.600	+7.244e+03	+2.043e+03	+1.066e+04	+0.220
183.700	+8.011e+03	+2.189e+03	+1.037e+04	+0.215
183.800	+7.381e+03	+3.078e+03	+1.054e+04	+0.294
183.900	+7.379e+03	+1.383e+03	+9.257e+03	+0.158
184.000	+7.779e+03	+2.013e+03	+9.801e+03	+0.206
184.100	+7.402e+03	+3.412e+03	+1.053e+04	+0.316
184.200	+7.473e+03	+2.797e+03	+9.454e+03	+0.272
184.300	+7.415e+03	+2.684e+03	+1.015e+04	+0.266
184.400	+8.349e+02	+8.272e+03	+9.225e+03	+0.908
184.500	+1.489e+03	+6.243e+03	+1.071e+04	+0.807
184.600	+1.351e+03	+7.664e+03	+9.699e+03	+0.850
184.700	+2.272e+03	+7.758e+03	+9.881e+03	+0.773
184.800	+2.248e+03	+7.825e+03	+9.790e+03	+0.777
184.900	+2.773e+03	+8.660e+03	+9.731e+03	+0.757
185.000	+5.896e+02	+8.132e+03	+1.029e+04	+0.932
185.100	+2.101e+03	+8.402e+03	+9.872e+03	+0.800
185.200	+3.317e+03	+5.281e+03	+9.121e+03	+0.614
185.300	+5.430e+03	+5.416e+03	+1.096e+04	+0.499
185.400	+4.726e+03	+3.136e+03	+9.633e+03	+0.399
185.500	+5.119e+03	+5.003e+03	+1.037e+04	+0.494
185.600	+4.749e+03	+4.849e+03	+9.477e+03	+0.505
185.700	+4.498e+03	+5.271e+03	+8.992e+03	+0.540
185.800	+5.439e+03	+3.205e+03	+9.489e+03	+0.371
185.900	+4.763e+03	+5.177e+03	+9.967e+03	+0.521
186.000	+4.092e+03	+4.344e+03	+9.693e+03	+0.515
186.100	+4.080e+03	+4.566e+03	+1.084e+04	+0.528
186.200	+4.945e+03	+4.616e+03	+1.064e+04	+0.483
186.300	+4.356e+03	+3.814e+03	+9.681e+03	+0.467
186.400	+3.412e+03	+3.432e+03	+1.005e+04	+0.501
186.500	+5.238e+03	+5.144e+03	+1.101e+04	+0.495
186.600	+5.429e+03	+5.046e+03	+8.818e+03	+0.482
186.700	+4.356e+03	+5.489e+03	+1.071e+04	+0.558
186.800	+5.855e+03	+6.834e+03	+1.124e+04	+0.539
186.900	+5.035e+03	+4.631e+03	+9.795e+03	+0.479
187.000	+4.826e+03	+5.454e+03	+1.039e+04	+0.531
187.100	+6.374e+03	+4.351e+03	+9.526e+03	+0.406
187.200	+3.697e+03	+5.370e+03	+1.039e+04	+0.592
187.300	+5.102e+03	+4.659e+03	+1.023e+04	+0.477
187.400	+4.409e+03	+4.476e+03	+9.956e+03	+0.504
187.500	+6.164e+03	+5.022e+03	+1.037e+04	+0.449
187.600	+5.421e+03	+5.424e+03	+1.042e+04	+0.500
187.700	+4.802e+03	+3.746e+03	+9.762e+03	+0.438
187.800	+5.685e+03	+5.557e+03	+1.073e+04	+0.494
187.900	+2.624e+03	+4.053e+03	+1.004e+04	+0.607
188.000	+5.961e+03	+6.589e+03	+9.289e+03	+0.525
188.100	+5.292e+03	+3.642e+03	+1.027e+04	+0.408
188.200	+5.307e+03	+5.136e+03	+9.992e+03	+0.492
188.300	+5.798e+03	+4.971e+03	+1.021e+04	+0.462
188.400	+4.451e+03	+4.672e+03	+9.055e+03	+0.512
188.500	+5.488e+03	+5.164e+03	+1.029e+04	+0.485
188.600	+3.935e+03	+5.423e+03	+1.078e+04	+0.580
188.700	+3.608e+03	+4.671e+03	+8.883e+03	+0.564
188.800	+4.661e+03	+5.144e+03	+9.039e+03	+0.525
188.900	+5.107e+03	+5.709e+03	+9.800e+03	+0.528
189.000	+4.556e+03	+4.547e+03	+9.020e+03	+0.500
189.100	+4.728e+03	+6.132e+03	+9.994e+03	+0.565
189.200	+4.163e+03	+5.719e+03	+9.655e+03	+0.579
189.300	+5.510e+03	+6.507e+03	+1.146e+04	+0.541
189.400	+4.019e+03	+5.882e+03	+9.535e+03	+0.594
189.500	+4.476e+03	+4.703e+03	+9.012e+03	+0.512
189.600	+5.015e+03	+5.633e+03	+9.794e+03	+0.529
189.700	+5.655e+03	+5.194e+03	+9.291e+03	+0.479
189.800	+4.425e+03	+5.876e+03	+9.421e+03	+0.570
189.900	+4.762e+03	+4.420e+03	+9.235e+03	+0.481
190.000	+4.700e+03	+4.464e+03	+1.126e+04	+0.487
190.100	+5.270e+03	+5.686e+03	+9.957e+03	+0.519
190.200	+4.702e+03	+5.947e+03	+9.433e+03	+0.558
190.300	+5.639e+03	+4.542e+03	+8.682e+03	+0.446
190.400	+5.475e+03	+4.265e+03	+9.913e+03	+0.438
190.500	+5.278e+03	+5.326e+03	+1.051e+04	+0.502
190.600	+5.351e+03	+3.645e+03	+9.491e+03	+0.405
190.700	+6.130e+03	+5.895e+03	+8.921e+03	+0.490
190.800	+5.241e+03	+4.377e+03	+9.723e+03	+0.455
190.900	+4.299e+03	+5.340e+03	+9.864e+03	+0.554
191.000	+4.404e+03	+4.894e+03	+1.097e+04	+0.526
191.100	+3.584e+03	+4.660e+03	+1.002e+04	+0.565
191.200	+3.498e+03	+4.215e+03	+9.597e+03	+0.546
191.300	+4.668e+03	+5.076e+03	+8.813e+03	+0.521
191.400	+5.632e+03	+5.107e+03	+9.182e+03	+0.476
191.500	+4.843e+03	+5.238e+03	+1.074e+04	+0.520
191.600	+5.031e+03	+6.518e+03	+1.063e+04	+0.564
191.700	+5.527e+03	+3.999e+03	+9.013e+03	+0.420
191.800	+5.800e+03	+5.618e+03	+9.611e+03	+0.492
191.900	+5.856e+03	+4.912e+03	+8.576e+03	+0.456
192.000	+5.120e+03	+4.633e+03	+1.004e+04	+0.475
192.100	+4.918e+03	+3.815e+03	+9.407e+03	+0.437
192.200	+4.778e+03	+5.710e+03	+9.784e+03	+0.544
192.300	+4.645e+03	+3.355e+03	+1.090e+04	+0.419
192.400	+7.640e+03	+2.803e+03	+1.046e+04	+0.268
192.500	+7.318e+03	+2.840e+03	+9.490e+03	+0.280
192.600	+7.544e+03	+1.747e+03	+9.717e+03	+0.188
192.700	+9.587e+03	+3.477e+03	+9.472e+03	+0.266
192.800	+7.568e+03	+3.379e+03	+1.035e+04	+0.309
192.900	+7.619e+03	+2.686e+03	+8.808e+03	+0.261
193.000	+7.446e+03	+1.991e+03	+1.198e+04	+0.211
193.100	+6.389e+03	+2.276e+03	+9.420e+03	+0.263
193.200	+6.892e+03	+3.717e+03	+1.046e+04	+0.350
193.300	+7.289e+03	+1.855e+03	+9.433e+03	+0.203
193.400	+6.890e+03	+3.373e+03	+1.016e+04	+0.329
193.500	+7.554e+03	+2.036e+03	+1.048e+04	+0.212
193.600	+7.496e+03	+9.656e+02	+9.670e+03	+0.114
193.700	+6.187e+03	+4.237e+03	+1.090e+04	+0.406
193.800	+7.428e+03	+2.247e+03	+1.007e+04	+0.232
193.900	+7.743e+03	+2.083e+03	+1.019e+04	+0.212
194.000	+8.414e+03	+3.167e+03	+9.940e+03	+0.273
194.100	+8.059e+03	+2.261e+03	+8.639e+03	+0.219
194.200	+7.326e+03	+3.336e+03	+1.011e+04	+0.313
194.300	+8.319e+03	+1.361e+03	+9.520e+03	+0.141
194.400	+7.100e+03	+2.796e+03	+9.243e+03	+0.283
194.500	+7.781e+03	+2.356e+03	+9.716e+03	+0.232
194.600	+6.420e+03	+2.389e+03	+9.220e+03	+0.271
194.700	+7.116e+03	+2.413e+03	+1.059e+04	+0.253
194.800	+8.242e+03	+2.316e+03	+8.592e+03	+0.219
194.900	+8.907e+03	+2.595e+03	+1.013e+04	+0.226
195.000	+7.560e+03	+2.529e+03	+1.083e+04	+0.251
195.100	+7.605e+03	+1.587e+03	+1.059e+04	+0.173
195.200	+7.953e+03	+2.393e+03	+1.018e+04	+0.231
195.300	+8.111e+03	+3.218e+03	+1.107e+04	+0.284
195.400	+7.109e+03	+1.866e+03	+9.470e+03	+0.208
195.500	+7.387e+03	+2.350e+03	+1.154e+04	+0.241
195.600	+5.595e+03	+2.167e+03	+9.827e+03	+0.279
195.700	+7.826e+03	+2.789e+03	+9.340e+03	+0.263
195.800	+7.507e+03	+2.851e+03	+9.699e+03	+0.275
195.900	+7.704e+03	+1.933e+03	+1.026e+04	+0.201
196.000	+7.115e+03	+3.244e+03	+1.044e+04	+0.313
196.100	+6.819e+03	+2.208e+03	+8.829e+03	+0.245
196.200	+7.670e+03	+3.015e+03	+8.943e+03	+0.282
196.300	+8.015e+03	+2.520e+03	+1.058e+04	+0.239
196.400	+8.060e+03	+1.859e+03	+9.572e+03	+0.187
196.500	+7.719e+03	+2.754e+03	+9.452e+03	+0.263
196.600	+7.582e+03	+2.354e+03	+9.515e+03	+0.237
196.700	+6.936e+03	+3.509e+03	+1.023e+04	+0.336
196.800	+7.768e+03	+3.579e+03	+8.424e+03	+0.315
196.900	+7.637e+03	+3.146e+03	+9.862e+03	+0.292
197.000	+7.768e+03	+2.750e+03	+8.351e+03	+0.261
197.100	+6.813e+03	+1.412e+03	+8.698e+03	+0.172
197.200	+6.274e+03	+2.318e+03	+1.101e+04	+0.270
197.300	+7.358e+03	+2.186e+03	+9.645e+03	+0.229
197.400	+7.387e+03	+2.930e+03	+9.634e+03	+0.284
197.500	+7.445e+03	+1.717e+03	+9.456e+03	+0.187
197.600	+7.223e+03	+3.814e+03	+1.050e+04	+0.346
197.700	+8.918e+03	+2.445e+03	+1.033e+04	+0.215
197.800	+6.585e+03	+2.211e+03	+9.810e+03	+0.251
197.900	+6.855e+03	+3.543e+03	+1.079e+04	+0.341
198.000	+7.309e+03	+2.642e+03	+1.007e+04	+0.266
198.100	+8.022e+03	+2.582e+03	+1.006e+04	+0.244
198.200	+7.216e+03	+2.229e+03	+9.935e+03	+0.236
198.300	+7.583e+03	+2.221e+03	+9.980e+03	+0.226
198.400	+6.748e+03	+3.497e+03	+9.738e+03	+0.341
198.500	+8.453e+03	+2.920e+03	+1.125e+04	+0.257
198.600	+8.980e+03	+2.243e+03	+9.191e+03	+0.200
198.700	+7.878e+03	+2.184e+03	+9.466e+03	+0.217
198.800	+7.735e+03	+3.570e+03	+9.932e+03	+0.316
198.900	+7.279e+03	+2.906e+03	+1.033e+04	+0.285
199.000	+7.086e+03	+3.503e+03	+1.064e+04	+0.331
199.100	+4.957e+03	+3.504e+03	+8.560e+03	+0.414
199.200	+7.495e+03	+2.594e+03	+1.036e+04	+0.257
199.300	+7.093e+03	+2.621e+03	+1.048e+04	+0.270
199.400	+7.231e+03	+2.329e+03	+1.058e+04	+0.244
199.500	+5.540e+03	+2.379e+03	+1.031e+04	+0.300
199.600	+6.823e+03	+1.234e+03	+1.047e+04	+0.153
199.700	+7.574e+03	+3.102e+03	+9.476e+03	+0.291
199.800	+7.406e+03	+6.791e+02	+9.590e+03	+0.084
