%t (s)	Idd (a.u.)	Ida (a.u.)	Iaa (a.u.)	FRET E
0.000	+6.012e+03	+4.461e+03	+1.022e+04	+0.426
0.100	+4.751e+03	+3.393e+03	+1.054e+04	+0.417
0.200	+5.072e+03	+4.574e+03	+9.864e+03	+0.474
0.300	+4.964e+03	+5.508e+03	+1.047e+04	+0.526
0.400	+4.687e+03	+4.938e+03	+1.067e+04	+0.513
0.500	+6.799e+03	+5.157e+03	+9.491e+03	+0.431
0.600	+5.721e+03	+4.898e+03	+1.079e+04	+0.461
0.700	+5.583e+03	+5.411e+03	+1.088e+04	+0.492
0.800	+4.986e+03	+5.421e+03	+1.097e+04	+0.521
0.900	+4.615e+03	+4.647e+03	+9.262e+03	+0.502
1.000	+4.797e+03	+5.245e+03	+9.647e+03	+0.522
1.100	+4.775e+03	+4.808e+03	+9.728e+03	+0.502
1.200	+5.191e+03	+5.805e+03	+9.957e+03	+0.528
1.300	+5.317e+03	+6.047e+03	+9.499e+03	+0.532
1.400	+3.509e+03	+4.218e+03	+1.124e+04	+0.546
1.500	+5.228e+03	+4.913e+03	+8.903e+03	+0.484
1.600	+4.963e+03	+4.445e+03	+1.084e+04	+0.472
1.700	+6.365e+03	+4.298e+03	+1.010e+04	+0.403
1.800	+5.653e+03	+5.313e+03	+9.152e+03	+0.484
1.900	+4.145e+03	+5.103e+03	+1.085e+04	+0.552
2.000	+4.415e+03	+5.378e+03	+9.945e+03	+0.549
2.100	+4.658e+03	+5.915e+03	+9.303e+03	+0.559
2.200	+4.666e+03	+4.899e+03	+9.811e+03	+0.512
2.300	+5.995e+03	+5.170e+03	+9.833e+03	+0.463
2.400	+5.024e+03	+4.885e+03	+1.009e+04	+0.493
2.500	+4.679e+03	+4.650e+03	+9.913e+03	+0.498
2.600	+5.481e+03	+4.996e+03	+1.095e+04	+0.477
2.700	+5.858e+03	+5.509e+03	+1.064e+04	+0.485
2.800	+4.532e+03	+5.913e+03	+1.049e+04	+0.566
2.900	+3.578e+03	+5.472e+03	+1.079e+04	+0.605
3.000	+7.937e+03	+2.721e+03	+9.888e+03	+0.255
3.100	+7.274e+03	+2.058e+03	+1.027e+04	+0.221
3.200	+8.015e+03	+1.970e+03	+9.949e+03	+0.197
3.300	+7.526e+03	+2.072e+03	+1.020e+04	+0.216
3.400	+8.226e+03	+2.054e+03	+9.688e+03	+0.200
3.500	+7.470e+03	+3.303e+03	+9.731e+03	+0.307
3.600	+7.895e+03	+1.580e+03	+1.072e+04	+0.167
3.700	+7.724e+03	+1.058e+03	+1.051e+04	+0.120
3.800	+7.257e+03	+2.378e+03	+1.010e+04	+0.247
3.900	+6.746e+03	+2.399e+03	+1.026e+04	+0.262
4.000	+8.450e+03	+3.671e+03	+9.701e+03	+0.303
4.100	+7.569e+03	+1.712e+03	+9.194e+03	+0.184
4.200	+7.884e+03	+2.431e+03	+9.648e+03	+0.236
4.300	+8.014e+03	+3.634e+03	+1.126e+04	+0.312
4.400	+8.609e+03	+3.135e+03	+9.964e+03	+0.267
4.500	+7.178e+03	+2.763e+03	+1.095e+04	+0.278
4.600	+8.596e+03	+2.228e+03	+9.388e+03	+0.206
4.700	+6.801e+03	+2.564e+03	+1.012e+04	+0.274
4.800	+7.430e+03	+2.227e+03	+1.031e+04	+0.231
4.900	+9.053e+03	+1.425e+03	+9.325e+03	+0.136
5.000	+7.039e+03	+2.470e+03	+9.718e+03	+0.260
5.100	+8.727e+03	+2.951e+03	+9.980e+03	+0.253
5.200	+8.538e+03	+3.495e+03	+1.026e+04	+0.290
5.300	+7.292e+03	+1.947e+03	+1.140e+04	+0.211
5.400	+7.867e+03	+3.535e+03	+9.197e+03	+0.310
5.500	+8.985e+03	+2.200e+03	+1.066e+04	+0.197
5.600	+7.695e+03	+2.152e+03	+1.067e+04	+0.219
5.700	+7.618e+03	+3.475e+03	+9.756e+03	+0.313
5.800	+6.538e+03	+2.235e+03	+1.038e+04	+0.255
5.900	+2.499e+03	+8.398e+03	+9.747e+03	+0.771
6.000	+1.426e+03	+7.759e+03	+9.514e+03	+0.845
6.100	+1.935e+03	+8.647e+03	+9.245e+03	+0.817
6.200	+1.578e+03	+7.202e+03	+1.001e+04	+0.820
6.300	+2.040e+03	+7.817e+03	+1.051e+04	+0.793
6.400	+3.047e+03	+8.758e+03	+9.246e+03	+0.742
6.500	+2.417e+03	+6.747e+03	+9.470e+03	+0.736
6.600	+1.904e+03	+7.916e+03	+9.358e+03	+0.806
6.700	+8.764e+02	+8.159e+03	+1.053e+04	+0.903
6.800	+2.088e+03	+7.383e+03	+9.784e+03	+0.780
6.900	+2.937e+03	+8.024e+03	+9.021e+03	+0.732
7.000	+1.695e+03	+8.255e+03	+1.020e+04	+0.830
7.100	+1.454e+03	+7.398e+03	+9.944e+03	+0.836
7.200	+1.894e+03	+7.995e+03	+9.873e+03	+0.808
7.300	+2.020e+03	+8.160e+03	+9.699e+03	+0.802
7.400	+2.828e+03	+8.290e+03	+1.074e+04	+0.746
7.500	+1.657e+03	+8.849e+03	+8.218e+03	+0.842
7.600	+1.141e+03	+7.783e+03	+1.025e+04	+0.872
7.700	+1.958e+03	+8.641e+03	+1.011e+04	+0.815
7.800	+2.316e+03	+7.164e+03	+1.118e+04	+0.756
7.900	+8.312e+02	+8.788e+03	+1.054e+04	+0.914
8.000	+1.231e+03	+8.085e+03	+9.822e+03	+0.868
8.100	+1.929e+03	+7.821e+03	+1.074e+04	+0.802
8.200	+2.473e+03	+7.715e+03	+1.099e+04	+0.757
8.300	+2.123e+03	+7.621e+03	+1.028e+04	+0.782
8.400	+2.239e+03	+8.596e+03	+8.777e+03	+0.793
8.500	+1.606e+03	+8.276e+03	+9.322e+03	+0.837
8.600	+2.497e+03	+7.160e+03	+1.094e+04	+0.741
8.700	+1.119e+03	+8.925e+03	+1.043e+04	+0.889
8.800	+2.558e+03	+8.951e+03	+1.019e+04	+0.778
8.900	+1.923e+03	+7.389e+03	+9.794e+03	+0.793
9.000	+1.485e+03	+7.741e+03	+1.009e+04	+0.839
9.100	+1.436e+03	+8.946e+03	+8.502e+03	+0.862
9.200	+1.560e+03	+7.722e+03	+1.013e+04	+0.832
9.300	+2.707e+03	+6.818e+03	+8.936e+03	+0.716
9.400	+1.345e+03	+8.521e+03	+1.054e+04	+0.864
9.500	+1.498e+03	+7.889e+03	+9.456e+03	+0.840
9.600	+1.276e+03	+7.121e+03	+1.084e+04	+0.848
9.700	+3.928e+02	+7.095e+03	+1.028e+04	+0.948
9.800	+2.601e+03	+8.843e+03	+1.004e+04	+0.773
9.900	+3.027e+03	+8.072e+03	+1.031e+04	+0.727
10.000	+2.892e+03	+8.015e+03	+1.068e+04	+0.735
10.100	+2.011e+03	+6.614e+03	+9.487e+03	+0.767
10.200	+2.426e+03	+8.190e+03	+9.810e+03	+0.772
10.300	+1.311e+03	+8.648e+03	+9.887e+03	+0.868
10.400	+2.251e+03	+7.951e+03	+1.072e+04	+0.779
10.500	+1.681e+03	+8.375e+03	+1.085e+04	+0.833
10.600	+1.675e+03	+7.784e+03	+1.010e+04	+0.823
10.700	+1.388e+03	+7.416e+03	+9.375e+03	+0.842
10.800	+1.493e+03	+6.701e+03	+1.042e+04	+0.818
10.900	+2.336e+03	+6.523e+03	+1.118e+04	+0.736
11.000	+2.025e+03	+8.992e+03	+9.434e+03	+0.816
11.100	+2.573e+03	+8.600e+03	+9.491e+03	+0.770
11.200	+1.772e+03	+8.279e+03	+1.019e+04	+0.824
11.300	+1.311e+03	+8.516e+03	+1.035e+04	+0.867
11.400	+2.627e+03	+8.381e+03	+1.038e+04	+0.761
11.500	+1.607e+03	+7.496e+03	+9.564e+03	+0.823
11.600	+2.849e+03	+9.553e+03	+1.029e+04	+0.770
11.700	+1.556e+03	+7.510e+03	+1.129e+04	+0.828
11.800	+2.196e+03	+8.395e+03	+9.874e+03	+0.793
11.900	+2.239e+03	+7.740e+03	+9.962e+03	+0.776
12.000	+1.796e+03	+8.319e+03	+9.969e+03	+0.822
12.100	+2.243e+03	+7.066e+03	+1.029e+04	+0.759
12.200	+1.910e+03	+7.765e+03	+9.665e+03	+0.803
12.300	+9.028e+02	+7.843e+03	+9.888e+03	+0.897
12.400	+2.792e+03	+8.531e+03	+1.015e+04	+0.753
12.500	+1.965e+03	+7.633e+03	+1.053e+04	+0.795
12.600	+2.216e+03	+7.745e+03	+1.016e+04	+0.778
12.700	+1.853e+03	+7.462e+03	+1.041e+04	+0.801
12.800	+2.408e+03	+7.454e+03	+1.050e+04	+0.756
12.900	+1.981e+03	+6.466e+03	+1.064e+04	+0.766
13.000	+8.456e+02	+6.889e+03	+1.087e+04	+0.891
13.100	+2.821e+03	+9.365e+03	+1.078e+04	+0.768
13.200	+1.860e+03	+8.629e+03	+1.038e+04	+0.823
13.300	+2.740e+03	+8.464e+03	+9.620e+03	+0.755
13.400	+3.576e+03	+8.932e+03	+9.870e+03	+0.714
13.500	+1.823e+03	+8.522e+03	+1.082e+04	+0.824
13.600	+1.857e+03	+7.272e+03	+9.497e+03	+0.797
13.700	+2.432e+03	+7.370e+03	+9.424e+03	+0.752
13.800	+2.425e+03	+7.019e+03	+9.786e+03	+0.743
13.900	+2.210e+03	+8.195e+03	+1.043e+04	+0.788
14.000	+1.855e+03	+7.452e+03	+1.053e+04	+0.801
14.100	+2.193e+03	+8.102e+03	+1.086e+04	+0.787
14.200	+2.943e+03	+6.718e+03	+9.613e+03	+0.695
14.300	+2.121e+03	+8.123e+03	+1.135e+04	+0.793
14.400	+8.468e+02	+8.120e+03	+9.990e+03	+0.906
14.500	+2.401e+03	+8.562e+03	+9.073e+03	+0.781
14.600	+2.489e+03	+7.000e+03	+1.062e+04	+0.738
14.700	+2.291e+03	+8.738e+03	+9.863e+03	+0.792
14.800	+2.734e+03	+7.050e+03	+9.744e+03	+0.721
14.900	+2.074e+03	+7.271e+03	+1.065e+04	+0.778
15.000	+2.126e+03	+5.750e+03	+1.035e+04	+0.730
15.100	+3.461e+03	+8.122e+03	+1.000e+04	+0.701
15.200	+2.870e+03	+8.798e+03	+1.064e+04	+0.754
15.300	+2.571e+03	+6.362e+03	+9.525e+03	+0.712
15.400	+2.805e+03	+8.317e+03	+9.978e+03	+0.748
15.500	+2.559e+03	+8.812e+03	+1.039e+04	+0.775
15.600	+2.303e+03	+8.538e+03	+1.069e+04	+0.788
15.700	+2.124e+03	+7.781e+03	+1.017e+04	+0.786
15.800	+1.763e+03	+8.088e+03	+1.040e+04	+0.821
15.900	+1.679e+03	+7.315e+03	+1.124e+04	+0.813
16.000	+1.387e+03	+7.823e+03	+1.028e+04	+0.849
16.100	+1.790e+03	+9.406e+03	+9.094e+03	+0.840
16.200	+2.563e+03	+8.415e+03	+9.647e+03	+0.767
16.300	+1.412e+03	+9.238e+03	+1.015e+04	+0.867
16.400	+2.432e+03	+8.074e+03	+1.065e+04	+0.769
16.500	+2.268e+03	+8.650e+03	+1.009e+04	+0.792
16.600	+2.410e+03	+7.876e+03	+1.065e+04	+0.766
16.700	+1.471e+03	+8.648e+03	+8.670e+03	+0.855
16.800	+3.167e+03	+9.266e+03	+1.013e+04	+0.745
16.900	+1.553e+03	+8.259e+03	+1.075e+04	+0.842
17.000	+1.059e+03	+7.941e+03	+1.005e+04	+0.882
17.100	+2.284e+03	+7.821e+03	+9.907e+03	+0.774
17.200	+2.446e+03	+7.832e+03	+9.479e+03	+0.762
17.300	+3.159e+03	+6.529e+03	+1.036e+04	+0.674
17.400	+7.541e+03	+1.735e+03	+1.005e+04	+0.187
17.500	+7.886e+03	+2.332e+03	+9.649e+03	+0.228
17.600	+8.283e+03	+3.980e+03	+1.078e+04	+0.325
17.700	+8.124e+03	+1.816e+03	+1.045e+04	+0.183
17.800	+8.022e+03	+2.444e+03	+9.363e+03	+0.233
17.900	+5.467e+03	+2.719e+03	+1.003e+04	+0.332
18.000	+6.268e+03	+2.444e+03	+1.044e+04	+0.281
18.100	+6.584e+03	+1.348e+03	+1.015e+04	+0.170
18.200	+6.913e+03	+2.229e+03	+1.053e+04	+0.244
18.300	+7.441e+03	+2.111e+03	+1.001e+04	+0.221
18.400	+7.204e+03	+2.307e+03	+9.241e+03	+0.243
18.500	+7.276e+03	+2.338e+03	+1.029e+04	+0.243
18.600	+6.238e+03	+3.087e+03	+1.003e+04	+0.331
18.700	+8.137e+03	+2.076e+03	+1.040e+04	+0.203
18.800	+8.037e+03	+3.200e+03	+1.010e+04	+0.285
18.900	+8.069e+03	+1.840e+03	+1.056e+04	+0.186
19.000	+6.698e+03	+1.836e+03	+9.031e+03	+0.215
19.100	+7.589e+03	+2.409e+03	+9.783e+03	+0.241
19.200	+7.441e+03	+3.150e+03	+1.041e+04	+0.297
19.300	+7.321e+03	+2.543e+03	+1.061e+04	+0.258
19.400	+7.448e+03	+2.355e+03	+1.002e+04	+0.240
19.500	+7.720e+03	+1.316e+03	+1.052e+04	+0.146
19.600	+9.180e+03	+1.589e+03	+1.087e+04	+0.148
19.700	+6.447e+03	+2.491e+03	+9.344e+03	+0.279
19.800	+6.426e+03	+2.313e+03	+1.014e+04	+0.265
19.900	+7.104e+03	+2.893e+03	+1.004e+04	+0.289
20.000	+8.190e+03	+3.547e+03	+1.048e+04	+0.302
20.100	+7.598e+03	+2.213e+03	+9.521e+03	+0.226
20.200	+7.148e+03	+1.080e+03	+9.463e+03	+0.131
20.300	+7.523e+03	+2.006e+03	+9.520e+03	+0.211
20.400	+7.356e+03	+1.578e+03	+1.040e+04	+0.177
20.500	+7.108e+03	+1.792e+03	+9.698e+03	+0.201
20.600	+6.957e+03	+1.864e+03	+1.030e+04	+0.211
20.700	+7.601e+03	+2.470e+03	+1.172e+04	+0.245
20.800	+8.294e+03	+3.587e+03	+8.872e+03	+0.302
20.900	+7.191e+03	+2.550e+03	+9.848e+03	+0.262
21.000	+7.901e+03	+2.830e+03	+1.027e+04	+0.264
21.100	+7.477e+03	+1.326e+03	+9.776e+03	+0.151
21.200	+6.576e+03	+1.466e+03	+9.036e+03	+0.182
21.300	+7.197e+03	+2.129e+03	+1.090e+04	+0.228
21.400	+8.534e+03	+3.239e+03	+8.103e+03	+0.275
21.500	+7.859e+03	+2.190e+03	+1.121e+04	+0.218
21.600	+7.654e+03	+3.073e+03	+1.006e+04	+0.286
21.700	+6.343e+03	+2.675e+03	+9.345e+03	+0.297
21.800	+7.158e+03	+2.649e+03	+1.034e+04	+0.270
21.900	+8.439e+03	+3.144e+03	+1.046e+04	+0.271
22.000	+6.861e+03	+1.633e+03	+9.727e+03	+0.192
22.100	+7.702e+03	+2.439e+03	+9.919e+03	+0.240
22.200	+6.666e+03	+1.721e+03	+9.949e+03	+0.205
22.300	+7.072e+03	+2.782e+03	+9.370e+03	+0.282
22.400	+7.244e+03	+1.644e+03	+9.536e+03	+0.185
22.500	+7.447e+03	+3.113e+03	+9.417e+03	+0.295
22.600	+7.854e+03	+2.080e+03	+1.021e+04	+0.209
22.700	+6.708e+03	+1.643e+03	+1.095e+04	+0.197
22.800	+7.685e+03	+2.160e+03	+9.333e+03	+0.219
22.900	+8.209e+03	+2.632e+03	+1.031e+04	+0.243
23.000	+6.975e+03	+1.791e+03	+1.052e+04	+0.204
23.100	+7.114e+03	+2.813e+03	+1.039e+04	+0.283
23.200	+8.677e+03	+2.500e+03	+9.625e+03	+0.224
23.300	+8.226e+03	+3.188e+03	+8.363e+03	+0.279
23.400	+7.734e+03	+2.818e+03	+8.822e+03	+0.267
23.500	+7.846e+03	+3.587e+03	+1.044e+04	+0.314
23.600	+8.077e+03	+1.720e+03	+9.542e+03	+0.176
23.700	+7.666e+03	+2.437e+03	+1.001e+04	+0.241
23.800	+8.136e+03	+3.288e+03	+1.029e+04	+0.288
23.900	+6.599e+03	+2.029e+03	+9.583e+03	+0.235
24.000	+8.269e+03	+1.921e+03	+1.006e+04	+0.189
24.100	+6.175e+03	+1.751e+03	+1.041e+04	+0.221
24.200	+7.910e+03	+2.580e+03	+1.038e+04	+0.246
24.300	+7.552e+03	+2.672e+03	+1.046e+04	+0.261
24.400	+7.178e+03	+2.148e+03	+9.341e+03	+0.230
24.500	+6.732e+03	+2.941e+03	+9.238e+03	+0.304
24.600	+7.046e+03	+1.930e+03	+9.618e+03	+0.215
24.700	+7.739e+03	+2.839e+03	+1.087e+04	+0.268
24.800	+6.595e+03	+2.896e+03	+9.369e+03	+0.305
24.900	+7.115e+03	+4.421e+03	+1.196e+04	+0.383
25.000	+7.192e+03	+1.793e+03	+9.932e+03	+0.200
25.100	+6.197e+03	+2.359e+03	+8.969e+03	+0.276
25.200	+7.630e+03	+3.139e+03	+1.140e+04	+0.292
25.300	+7.923e+03	+2.002e+03	+9.903e+03	+0.202
25.400	+6.946e+03	+2.966e+03	+9.380e+03	+0.299
25.500	+6.857e+03	+2.975e+03	+1.007e+04	+0.303
25.600	+5.444e+03	+4.620e+03	+9.991e+03	+0.459
25.700	+6.966e+03	+4.344e+03	+9.794e+03	+0.384
25.800	+4.598e+03	+3.337e+03	+1.026e+04	+0.421
25.900	+3.395e+03	+5.071e+03	+9.531e+03	+0.599
26.000	+4.699e+03	+4.953e+03	+1.017e+04	+0.513
26.100	+6.372e+03	+4.407e+03	+1.109e+04	+0.409
26.200	+6.208e+03	+4.073e+03	+1.033e+04	+0.396
26.300	+4.264e+03	+4.353e+03	+8.599e+03	+0.505
26.400	+5.706e+03	+4.076e+03	+9.733e+03	+0.417
26.500	+4.407e+03	+4.888e+03	+1.054e+04	+0.526
26.600	+5.861e+03	+3.222e+03	+9.561e+03	+0.355
26.700	+4.799e+03	+4.814e+03	+1.004e+04	+0.501
26.800	+5.543e+03	+5.085e+03	+9.698e+03	+0.478
26.900	+4.856e+03	+5.607e+03	+1.002e+04	+0.536
27.000	+5.347e+03	+4.971e+03	+9.906e+03	+0.482
27.100	+4.527e+03	+4.858e+03	+8.632e+03	+0.518
27.200	+5.999e+03	+6.153e+03	+9.819e+03	+0.506
27.300	+4.408e+03	+4.515e+03	+9.936e+03	+0.506
27.400	+5.246e+03	+4.453e+03	+9.853e+03	+0.459
27.500	+5.804e+03	+6.171e+03	+9.998e+03	+0.515
27.600	+4.249e+03	+5.352e+03	+9.255e+03	+0.557
27.700	+4.434e+03	+5.446e+03	+9.645e+03	+0.551
27.800	+4.321e+03	+4.342e+03	+1.000e+04	+0.501
27.900	+5.390e+03	+3.341e+03	+1.069e+04	+0.383
28.000	+5.909e+03	+4.943e+03	+1.061e+04	+0.456
28.100	+6.370e+03	+3.938e+03	+9.631e+03	+0.382
28.200	+7.715e+03	+2.992e+03	+9.517e+03	+0.279
28.300	+8.921e+03	+3.223e+03	+1.071e+04	+0.265
28.400	+8.328e+03	+2.157e+03	+1.041e+04	+0.206
28.500	+7.508e+03	+1.626e+03	+1.158e+04	+0.178
28.600	+7.748e+03	+2.223e+03	+1.028e+04	+0.223
28.700	+7.696e+03	+1.260e+03	+1.093e+04	+0.141
28.800	+7.400e+03	+2.408e+03	+8.606e+03	+0.245
28.900	+8.490e+03	+2.564e+03	+1.017e+04	+0.232
29.000	+6.643e+03	+2.671e+03	+1.131e+04	+0.287
29.100	+8.130e+03	+2.334e+03	+8.589e+03	+0.223
29.200	+7.128e+03	+1.455e+03	+8.779e+03	+0.170
29.300	+6.968e+03	+1.613e+03	+9.833e+03	+0.188
29.400	+6.375e+03	+2.457e+03	+1.030e+04	+0.278
29.500	+8.242e+03	+1.545e+03	+9.700e+03	+0.158
29.600	+8.473e+03	+1.733e+03	+9.440e+03	+0.170
29.700	+7.500e+03	+1.273e+03	+1.029e+04	+0.145
29.800	+7.494e+03	+2.307e+03	+1.048e+04	+0.235
29.900	+9.065e+03	+2.761e+03	+1.021e+04	+0.233
30.000	+8.643e+03	+2.135e+03	+1.014e+04	+0.198
30.100	+8.028e+03	+3.526e+03	+1.029e+04	+0.305
30.200	+6.322e+03	+1.355e+03	+9.909e+03	+0.176
30.300	+7.661e+03	+1.271e+03	+9.272e+03	+0.142
30.400	+8.645e+03	+1.209e+03	+9.240e+03	+0.123
30.500	+7.598e+03	+1.144e+03	+8.978e+03	+0.131
30.600	+6.823e+03	+2.892e+03	+1.031e+04	+0.298
30.700	+7.420e+03	+3.143e+03	+1.036e+04	+0.298
30.800	+7.720e+03	+2.071e+03	+1.114e+04	+0.212
30.900	+7.612e+03	+2.076e+03	+1.111e+04	+0.214
31.000	+6.632e+03	+3.573e+03	+1.043e+04	+0.350
31.100	+7.899e+03	+5.656e+02	+1.025e+04	+0.067
31.200	+6.544e+03	+2.618e+03	+9.576e+03	+0.286
31.300	+8.052e+03	+3.197e+03	+1.034e+04	+0.284
31.400	+8.609e+03	+3.674e+03	+9.884e+03	+0.299
31.500	+8.579e+03	+3.230e+03	+9.873e+03	+0.273
31.600	+7.259e+03	+2.578e+03	+9.328e+03	+0.262
31.700	+7.931e+03	+1.866e+03	+1.037e+04	+0.190
31.800	+7.388e+03	+1.503e+03	+1.010e+04	+0.169
31.900	+7.165e+03	+1.679e+03	+9.011e+03	+0.190
32.000	+8.021e+03	+2.452e+03	+9.654e+03	+0.234
32.100	+6.404e+03	+2.874e+03	+9.151e+03	+0.310
32.200	+6.838e+03	+3.006e+03	+9.979e+03	+0.305
32.300	+7.843e+03	+2.720e+03	+8.700e+03	+0.258
32.400	+8.237e+03	+4.790e+03	+1.055e+04	+0.368
32.500	+7.823e+03	+1.668e+03	+1.062e+04	+0.176
32.600	+6.013e+03	+1.685e+03	+1.003e+04	+0.219
32.700	+6.629e+03	+3.411e+03	+8.173e+03	+0.340
32.800	+7.254e+03	+2.624e+03	+9.477e+03	+0.266
32.900	+7.296e+03	+3.121e+03	+1.105e+04	+0.300
33.000	+7.823e+03	+2.401e+03	+9.313e+03	+0.235
33.100	+6.896e+03	+2.141e+03	+9.151e+03	+0.237
33.200	+9.069e+03	+2.751e+03	+1.001e+04	+0.233
33.300	+9.680e+03	+1.405e+03	+1.001e+04	+0.127
33.400	+6.958e+03	+3.053e+03	+1.029e+04	+0.305
33.500	+7.345e+03	+3.984e+03	+9.633e+03	+0.352
33.600	+6.711e+03	+1.987e+03	+9.746e+03	+0.228
33.700	+6.384e+03	+2.615e+03	+1.079e+04	+0.291
33.800	+7.887e+03	+2.765e+03	+9.544e+03	+0.260
33.900	+7.524e+03	+3.324e+03	+1.139e+04	+0.306
34.000	+6.664e+03	+3.375e+03	+1.045e+04	+0.336
34.100	+6.706e+03	+2.530e+03	+1.038e+04	+0.274
34.200	+6.805e+03	+1.637e+03	+1.076e+04	+0.194
34.300	+8.275e+03	+2.743e+03	+9.687e+03	+0.249
34.400	+6.759e+03	+2.175e+03	+1.024e+04	+0.243
34.500	+6.911e+03	+1.230e+03	+1.143e+04	+0.151
34.600	+7.469e+03	+2.371e+03	+1.032e+04	+0.241
34.700	+6.831e+03	+2.319e+03	+1.044e+04	+0.253
34.800	+7.566e+03	+2.546e+03	+9.137e+03	+0.252
34.900	+8.503e+03	+1.644e+03	+1.013e+04	+0.162
35.000	+7.626e+03	+2.648e+03	+9.423e+03	+0.258
35.100	+7.205e+03	+2.222e+03	+9.232e+03	+0.236
35.200	+7.401e+03	+1.772e+03	+9.733e+03	+0.193
35.300	+6.293e+03	+1.719e+03	+9.700e+03	+0.215
35.400	+8.374e+03	+1.798e+03	+1.047e+04	+0.177
35.500	+7.349e+03	+1.850e+03	+9.129e+03	+0.201
35.600	+7.813e+03	+1.783e+03	+8.424e+03	+0.186
35.700	+6.849e+03	+3.793e+03	+8.701e+03	+0.356
35.800	+7.600e+03	+1.795e+03	+1.083e+04	+0.191
35.900	+7.915e+03	+3.210e+03	+1.109e+04	+0.289
36.000	+6.549e+03	+3.062e+03	+8.906e+03	+0.319
36.100	+6.181e+03	+1.965e+03	+9.370e+03	+0.241
36.200	+7.447e+03	+2.237e+03	+1.064e+04	+0.231
36.300	+7.027e+03	+3.686e+03	+8.915e+03	+0.344
36.400	+6.582e+03	+1.302e+03	+1.168e+04	+0.165
36.500	+6.549e+03	+2.987e+03	+9.170e+03	+0.313
36.600	+8.564e+03	+2.304e+03	+9.879e+03	+0.212
36.700	+7.447e+03	+3.510e+03	+1.009e+04	+0.320
36.800	+6.841e+03	+3.176e+03	+9.465e+03	+0.317
36.900	+7.403e+03	+2.619e+03	+1.014e+04	+0.261
37.000	+7.509e+03	+1.672e+03	+9.440e+03	+0.182
37.100	+7.994e+03	+3.587e+03	+9.261e+03	+0.310
37.200	+7.128e+03	+2.417e+03	+1.074e+04	+0.253
37.300	+7.479e+03	+2.164e+03	+9.511e+03	+0.224
37.400	+6.876e+03	+3.048e+03	+9.718e+03	+0.307
37.500	+7.965e+03	+3.296e+03	+1.003e+04	+0.293
37.600	+6.351e+03	+4.042e+03	+1.087e+04	+0.389
37.700	+8.417e+03	+2.923e+03	+1.103e+04	+0.258
37.800	+7.031e+03	+1.808e+03	+9.633e+03	+0.205
37.900	+8.486e+03	+1.616e+03	+1.068e+04	+0.160
38.000	+8.076e+03	+2.918e+03	+9.832e+03	+0.265
38.100	+7.822e+03	+3.170e+03	+1.057e+04	+0.288
38.200	+8.840e+03	+2.581e+03	+9.916e+03	+0.226
38.300	+7.106e+03	+2.385e+03	+1.046e+04	+0.251
38.400	+7.832e+03	+3.568e+03	+9.596e+03	+0.313
38.500	+6.975e+03	+2.337e+03	+1.059e+04	+0.251
38.600	+7.976e+03	+1.906e+03	+1.073e+04	+0.193
38.700	+7.328e+03	+2.613e+03	+1.058e+04	+0.263
38.800	+7.182e+03	+3.141e+03	+8.754e+03	+0.304
38.900	+8.056e+03	+2.283e+03	+8.853e+03	+0.221
39.000	+7.441e+03	+2.824e+03	+9.757e+03	+0.275
39.100	+6.797e+03	+3.305e+03	+9.919e+03	+0.327
39.200	+8.488e+03	+3.689e+03	+9.626e+03	+0.303
39.300	+7.382e+03	+2.191e+03	+9.418e+03	+0.229
39.400	+7.420e+03	+3.563e+03	+1.037e+04	+0.324
39.500	+7.364e+03	+3.270e+03	+1.106e+04	+0.308
39.600	+6.388e+03	+2.263e+03	+9.006e+03	+0.262
39.700	+7.208e+03	+1.510e+03	+9.770e+03	+0.173
39.800	+7.436e+03	+2.502e+03	+1.109e+04	+0.252
39.900	+7.101e+03	+2.282e+03	+1.100e+04	+0.243
40.000	+7.839e+03	+2.855e+03	+9.864e+03	+0.267
40.100	+7.349e+03	+2.442e+03	+1.041e+04	+0.249
40.200	+6.502e+03	+1.524e+03	+1.027e+04	+0.190
40.300	+7.841e+03	+2.564e+03	+9.279e+03	+0.246
40.400	+7.190e+03	+1.788e+03	+1.005e+04	+0.199
40.500	+7.140e+03	+1.463e+03	+9.505e+03	+0.170
40.600	+6.505e+03	+3.810e+03	+1.016e+04	+0.369
40.700	+6.882e+03	+2.261e+03	+9.436e+03	+0.247
40.800	+7.535e+03	+2.260e+03	+1.031e+04	+0.231
40.900	+5.284e+03	+2.411e+03	+1.164e+04	+0.313
41.000	+7.175e+03	+2.742e+03	+1.096e+04	+0.277
41.100	+7.468e+03	+2.680e+03	+9.051e+03	+0.264
41.200	+7.902e+03	+1.956e+03	+1.027e+04	+0.198
41.300	+7.998e+03	+2.049e+03	+1.001e+04	+0.204
41.400	+7.102e+03	+2.346e+03	+1.078e+04	+0.248
41.500	+7.248e+03	+1.964e+03	+9.279e+03	+0.213
41.600	+8.838e+03	+2.648e+03	+9.882e+03	+0.231
41.700	+7.484e+03	+2.531e+03	+1.034e+04	+0.253
41.800	+7.406e+03	+1.995e+03	+9.962e+03	+0.212
41.900	+7.883e+03	+2.381e+03	+9.944e+03	+0.232
42.000	+8.512e+03	+2.104e+03	+9.853e+03	+0.198
42.100	+7.139e+03	+3.440e+03	+1.170e+04	+0.325
42.200	+7.659e+03	+2.573e+03	+9.838e+03	+0.251
42.300	+7.458e+03	+2.955e+03	+9.619e+03	+0.284
42.400	+6.665e+03	+1.854e+03	+9.816e+03	+0.218
42.500	+6.806e+03	+2.473e+03	+9.824e+03	+0.266
42.600	+8.034e+03	+1.223e+03	+9.616e+03	+0.132
42.700	+6.115e+03	+3.151e+03	+9.855e+03	+0.340
42.800	+5.721e+03	+4.805e+03	+9.940e+03	+0.456
42.900	+5.281e+03	+4.669e+03	+1.112e+04	+0.469
43.000	+4.423e+03	+4.994e+03	+9.985e+03	+0.530
43.100	+3.142e+03	+5.200e+03	+8.366e+03	+0.623
43.200	+4.404e+03	+5.916e+03	+7.758e+03	+0.573
43.300	+5.113e+03	+4.310e+03	+9.691e+03	+0.457
43.400	+4.769e+03	+6.075e+03	+1.058e+04	+0.560
43.500	+5.409e+03	+4.692e+03	+1.072e+04	+0.465
43.600	+4.101e+03	+4.724e+03	+1.013e+04	+0.535
43.700	+4.393e+03	+5.291e+03	+9.791e+03	+0.546
43.800	+3.590e+03	+5.406e+03	+9.655e+03	+0.601
43.900	+4.058e+03	+5.187e+03	+1.075e+04	+0.561
44.000	+6.085e+03	+4.688e+03	+9.581e+03	+0.435
44.100	+5.458e+03	+5.211e+03	+1.132e+04	+0.488
44.200	+6.105e+03	+5.357e+03	+9.528e+03	+0.467
44.300	+5.366e+03	+5.100e+03	+9.485e+03	+0.487
44.400	+5.475e+03	+3.519e+03	+8.971e+03	+0.391
44.500	+4.723e+03	+4.843e+03	+9.379e+03	+0.506
44.600	+4.817e+03	+4.668e+03	+1.015e+04	+0.492
44.700	+3.950e+03	+6.043e+03	+1.049e+04	+0.605
44.800	+5.625e+03	+3.948e+03	+9.922e+03	+0.412
44.900	+3.753e+03	+6.046e+03	+1.021e+04	+0.617
45.000	+4.761e+03	+5.306e+03	+1.103e+04	+0.527
45.100	+4.301e+03	+6.142e+03	+1.035e+04	+0.588
45.200	+4.084e+03	+5.598e+03	+9.272e+03	+0.578
45.300	+4.095e+03	+5.251e+03	+1.007e+04	+0.562
45.400	+4.081e+03	+4.806e+03	+9.587e+03	+0.541
45.500	+4.619e+03	+4.844e+03	+1.026e+04	+0.512
45.600	+4.259e+03	+4.622e+03	+9.987e+03	+0.520
45.700	+4.495e+03	+4.541e+03	+1.012e+04	+0.503
45.800	+5.271e+03	+6.531e+03	+9.436e+03	+0.553
45.900	+5.761e+03	+5.429e+03	+1.131e+04	+0.485
46.000	+3.855e+03	+5.496e+03	+9.484e+03	+0.588
46.100	+4.774e+03	+6.011e+03	+9.148e+03	+0.557
46.200	+4.673e+03	+5.270e+03	+9.444e+03	+0.530
46.300	+3.550e+03	+4.032e+03	+9.228e+03	+0.532
46.400	+4.698e+03	+5.312e+03	+1.081e+04	+0.531
46.500	+5.636e+03	+4.621e+03	+1.187e+04	+0.451
46.600	+5.764e+03	+5.017e+03	+1.029e+04	+0.465
46.700	+5.294e+03	+4.957e+03	+9.313e+03	+0.484
46.800	+5.389e+03	+5.646e+03	+9.583e+03	+0.512
46.900	+4.521e+03	+6.579e+03	+1.038e+04	+0.593
47.000	+4.577e+03	+5.358e+03	+1.043e+04	+0.539
47.100	+5.566e+03	+4.778e+03	+9.800e+03	+0.462
47.200	+5.690e+03	+4.133e+03	+1.012e+04	+0.421
47.300	+5.470e+03	+4.851e+03	+1.053e+04	+0.470
47.400	+5.234e+03	+4.855e+03	+8.929e+03	+0.481
47.500	+4.820e+03	+5.453e+03	+1.018e+04	+0.531
47.600	+4.202e+03	+5.163e+03	+1.116e+04	+0.551
47.700	+5.124e+03	+5.679e+03	+9.295e+03	+0.526
47.800	+3.613e+03	+5.564e+03	+1.004e+04	+0.606
47.900	+3.880e+03	+4.623e+03	+1.114e+04	+0.544
48.000	+4.957e+03	+5.902e+03	+9.042e+03	+0.543
48.100	+4.071e+03	+5.184e+03	+9.616e+03	+0.560
48.200	+6.293e+03	+4.622e+03	+9.946e+03	+0.423
48.300	+4.864e+03	+3.772e+03	+9.221e+03	+0.437
48.400	+4.772e+03	+4.385e+03	+1.077e+04	+0.479
48.500	+4.170e+03	+6.006e+03	+1.059e+04	+0.590
48.600	+5.099e+03	+5.773e+03	+9.858e+03	+0.531
48.700	+5.277e+03	+6.476e+03	+9.180e+03	+0.551
48.800	+5.500e+03	+4.639e+03	+9.672e+03	+0.458
48.900	+5.063e+03	+5.823e+03	+8.886e+03	+0.535
49.000	+5.344e+03	+5.536e+03	+9.515e+03	+0.509
49.100	+5.498e+03	+3.887e+03	+9.443e+03	+0.414
49.200	+4.007e+03	+5.656e+03	+1.005e+04	+0.585
49.300	+5.782e+03	+6.083e+03	+1.004e+04	+0.513
49.400	+4.890e+03	+5.200e+03	+9.751e+03	+0.515
49.500	+5.335e+03	+5.385e+03	+9.301e+03	+0.502
49.600	+5.942e+03	+5.623e+03	+1.026e+04	+0.486
49.700	+5.014e+03	+4.420e+03	+8.889e+03	+0.469
49.800	+4.660e+03	+3.874e+03	+9.200e+03	+0.454
49.900	+3.830e+03	+4.403e+03	+9.376e+03	+0.535
50.000	+5.395e+03	+5.869e+03	+9.348e+03	+0.521
50.100	+4.814e+03	+4.647e+03	+1.012e+04	+0.491
50.200	+9.135e+03	+3.619e+03	+1.063e+04	+0.284
50.300	+6.393e+03	+2.741e+03	+9.346e+03	+0.300
50.400	+4.809e+03	+3.715e+03	+9.949e+03	+0.436
50.500	+4.793e+03	+5.006e+03	+9.932e+03	+0.511
50.600	+4.833e+03	+3.817e+03	+1.116e+04	+0.441
50.700	+4.657e+03	+5.407e+03	+1.068e+04	+0.537
50.800	+4.305e+03	+5.750e+03	+1.020e+04	+0.572
50.900	+3.574e+03	+4.717e+03	+1.044e+04	+0.569
51.000	+5.788e+03	+5.871e+03	+9.723e+03	+0.504
51.100	+5.262e+03	+4.373e+03	+8.826e+03	+0.454
51.200	+5.122e+03	+5.572e+03	+1.047e+04	+0.521
51.300	+5.877e+03	+4.448e+03	+9.542e+03	+0.431
51.400	+6.221e+03	+4.470e+03	+9.683e+03	+0.418
51.500	+3.857e+03	+5.079e+03	+1.048e+04	+0.568
51.600	+5.675e+03	+4.208e+03	+1.011e+04	+0.426
51.700	+4.179e+03	+5.980e+03	+9.616e+03	+0.589
51.800	+4.713e+03	+5.438e+03	+1.035e+04	+0.536
51.900	+4.870e+03	+6.225e+03	+9.610e+03	+0.561
52.000	+4.954e+03	+5.123e+03	+1.064e+04	+0.508
52.100	+4.299e+03	+4.602e+03	+9.293e+03	+0.517
52.200	+4.527e+03	+4.206e+03	+9.149e+03	+0.482
52.300	+5.789e+03	+5.625e+03	+9.570e+03	+0.493
52.400	+5.442e+03	+4.031e+03	+9.845e+03	+0.426
52.500	+5.085e+03	+4.026e+03	+9.003e+03	+0.442
52.600	+4.279e+03	+5.343e+03	+9.291e+03	+0.555
52.700	+4.678e+03	+4.873e+03	+9.258e+03	+0.510
52.800	+5.295e+03	+4.536e+03	+9.624e+03	+0.461
52.900	+5.227e+03	+5.273e+03	+1.084e+04	+0.502
53.000	+3.750e+03	+5.214e+03	+1.075e+04	+0.582
53.100	+4.613e+03	+4.379e+03	+1.012e+04	+0.487
53.200	+4.665e+03	+6.305e+03	+9.996e+03	+0.575
53.300	+5.702e+03	+4.848e+03	+8.990e+03	+0.460
53.400	+4.690e+03	+5.231e+03	+9.624e+03	+0.527
53.500	+5.284e+03	+4.986e+03	+9.694e+03	+0.486
53.600	+4.370e+03	+5.164e+03	+1.018e+04	+0.542
53.700	+4.242e+03	+4.672e+03	+9.901e+03	+0.524
53.800	+5.078e+03	+5.549e+03	+9.699e+03	+0.522
53.900	+7.203e+03	+3.540e+03	+1.029e+04	+0.329
54.000	+7.210e+03	+2.557e+03	+1.081e+04	+0.262
54.100	+7.288e+03	+2.663e+03	+1.068e+04	+0.268
54.200	+7.914e+03	+2.790e+03	+1.041e+04	+0.261
54.300	+5.853e+03	+3.350e+03	+9.568e+03	+0.364
54.400	+8.049e+03	+1.994e+03	+1.032e+04	+0.199
54.500	+7.480e+03	+1.943e+03	+8.648e+03	+0.206
54.600	+7.896e+03	+1.986e+03	+1.041e+04	+0.201
54.700	+8.124e+03	+1.256e+03	+1.029e+04	+0.134
54.800	+7.641e+03	+2.922e+03	+1.006e+04	+0.277
54.900	+6.853e+03	+1.265e+03	+1.084e+04	+0.156
55.000	+8.046e+03	+2.616e+03	+9.725e+03	+0.245
55.100	+7.116e+03	+2.866e+03	+8.211e+03	+0.287
55.200	+6.807e+03	+3.320e+03	+9.363e+03	+0.328
55.300	+6.526e+03	+3.015e+03	+9.434e+03	+0.316
55.400	+6.994e+03	+1.431e+03	+1.117e+04	+0.170
55.500	+6.415e+03	+3.276e+03	+1.083e+04	+0.338
55.600	+6.332e+03	+3.757e+03	+9.420e+03	+0.372
55.700	+4.673e+03	+5.331e+03	+9.523e+03	+0.533
55.800	+5.026e+03	+4.969e+03	+1.022e+04	+0.497
55.900	+6.289e+03	+5.014e+03	+1.081e+04	+0.444
56.000	+5.146e+03	+4.684e+03	+9.597e+03	+0.476
56.100	+4.192e+03	+4.964e+03	+1.082e+04	+0.542
56.200	+4.477e+03	+5.776e+03	+9.968e+03	+0.563
56.300	+4.905e+03	+4.523e+03	+9.640e+03	+0.480
56.400	+4.448e+03	+3.741e+03	+1.035e+04	+0.457
56.500	+5.441e+03	+5.194e+03	+1.127e+04	+0.488
56.600	+4.209e+03	+5.089e+03	+9.613e+03	+0.547
56.700	+8.667e+03	+2.585e+03	+9.236e+03	+0.230
56.800	+7.588e+03	+2.750e+03	+9.969e+03	+0.266
56.900	+7.995e+03	+2.125e+03	+1.007e+04	+0.210
57.000	+8.438e+03	+3.444e+03	+1.023e+04	+0.290
57.100	+8.941e+03	+3.158e+03	+9.038e+03	+0.261
57.200	+7.121e+03	+1.744e+03	+1.034e+04	+0.197
57.300	+7.894e+03	+2.741e+03	+1.136e+04	+0.258
57.400	+7.889e+03	+3.007e+03	+9.975e+03	+0.276
57.500	+7.185e+03	+2.314e+03	+8.932e+03	+0.244
57.600	+6.907e+03	+1.901e+03	+1.031e+04	+0.216
57.700	+7.273e+03	+3.677e+03	+1.024e+04	+0.336
57.800	+7.728e+03	+2.887e+03	+9.398e+03	+0.272
57.900	+7.662e+03	+3.200e+03	+1.003e+04	+0.295
58.000	+7.711e+03	+2.582e+03	+1.019e+04	+0.251
58.100	+6.639e+03	+3.326e+03	+9.587e+03	+0.334
58.200	+8.290e+03	+2.754e+03	+1.078e+04	+0.249
58.300	+5.513e+03	+3.101e+03	+9.117e+03	+0.360
58.400	+8.012e+03	+2.743e+03	+1.074e+04	+0.255
58.500	+8.194e+03	+2.414e+03	+9.628e+03	+0.228
58.600	+8.276e+03	+1.215e+03	+8.976e+03	+0.128
58.700	+6.310e+03	+1.757e+03	+1.020e+04	+0.218
58.800	+6.846e+03	+3.173e+03	+1.012e+04	+0.317
58.900	+8.593e+03	+1.723e+03	+8.858e+03	+0.167
59.000	+6.966e+03	+3.505e+03	+1.037e+04	+0.335
59.100	+7.488e+03	+2.301e+03	+9.500e+03	+0.235
59.200	+6.275e+03	+4.018e+03	+9.275e+03	+0.390
59.300	+7.832e+03	+2.620e+03	+1.148e+04	+0.251
59.400	+6.890e+03	+2.666e+03	+9.675e+03	+0.279
59.500	+8.808e+03	+3.182e+03	+1.142e+04	+0.265
59.600	+6.533e+03	+3.764e+03	+9.743e+03	+0.366
59.700	+6.115e+03	+1.474e+03	+1.005e+04	+0.194
59.800	+8.014e+03	+2.939e+03	+9.869e+03	+0.268
59.900	+8.145e+03	+2.892e+03	+9.740e+03	+0.262
60.000	+5.562e+03	+2.465e+03	+1.037e+04	+0.307
60.100	+7.478e+03	+9.805e+02	+9.966e+03	+0.116
60.200	+8.387e+03	+2.981e+03	+9.654e+03	+0.262
60.300	+6.799e+03	+1.591e+03	+1.035e+04	+0.190
60.400	+6.661e+03	+3.202e+03	+9.435e+03	+0.325
60.500	+6.728e+03	+1.858e+03	+8.957e+03	+0.216
60.600	+6.746e+03	+2.413e+03	+1.067e+04	+0.263
60.700	+7.011e+03	+3.355e+03	+8.884e+03	+0.324
60.800	+7.959e+03	+2.730e+03	+1.080e+04	+0.255
60.900	+6.002e+03	+2.946e+03	+9.462e+03	+0.329
61.000	+7.071e+03	+3.063e+03	+1.029e+04	+0.302
61.100	+7.686e+03	+2.619e+03	+9.927e+03	+0.254
61.200	+8.658e+03	+1.362e+03	+9.826e+03	+0.136
61.300	+8.272e+03	+2.394e+03	+9.835e+03	+0.224
61.400	+7.142e+03	+2.188e+03	+1.066e+04	+0.234
61.500	+7.671e+03	+2.841e+03	+9.951e+03	+0.270
61.600	+8.004e+03	+3.575e+03	+9.893e+03	+0.309
61.700	+7.499e+03	+2.705e+03	+1.017e+04	+0.265
61.800	+6.935e+03	+3.229e+03	+9.475e+03	+0.318
61.900	+7.475e+03	+3.733e+03	+9.899e+03	+0.333
62.000	+6.177e+03	+2.401e+03	+1.040e+04	+0.280
62.100	+6.713e+03	+1.287e+03	+9.670e+03	+0.161
62.200	+7.437e+03	+1.694e+03	+8.771e+03	+0.185
62.300	+7.233e+03	+2.691e+03	+9.985e+03	+0.271
62.400	+7.723e+03	+3.927e+03	+9.174e+03	+0.337
62.500	+7.318e+03	+2.547e+03	+1.144e+04	+0.258
62.600	+6.734e+03	+3.324e+03	+9.824e+03	+0.330
62.700	+8.314e+03	+2.342e+03	+1.036e+04	+0.220
62.800	+8.428e+03	+3.341e+03	+1.080e+04	+0.284
62.900	+6.986e+03	+1.430e+03	+9.504e+03	+0.170
63.000	+7.872e+03	+1.940e+03	+9.600e+03	+0.198
63.100	+7.507e+03	+1.586e+03	+1.084e+04	+0.174
63.200	+6.426e+03	+3.022e+03	+1.065e+04	+0.320
63.300	+5.116e+03	+2.038e+03	+9.832e+03	+0.285
63.400	+7.208e+03	+2.257e+03	+9.893e+03	+0.238
63.500	+8.679e+03	+2.444e+03	+1.075e+04	+0.220
63.600	+7.183e+03	+3.014e+03	+1.156e+04	+0.296
63.700	+7.128e+03	+2.943e+03	+1.164e+04	+0.292
63.800	+9.956e+03	+1.508e+03	+8.628e+03	+0.132
63.900	+7.032e+03	+4.852e+03	+1.050e+04	+0.408
64.000	+3.444e+03	+8.204e+03	+1.057e+04	+0.704
64.100	+2.289e+03	+7.885e+03	+9.299e+03	+0.775
64.200	+2.025e+03	+6.412e+03	+8.910e+03	+0.760
64.300	+1.951e+03	+7.674e+03	+9.224e+03	+0.797
64.400	+1.554e+03	+8.372e+03	+9.666e+03	+0.843
64.500	+2.751e+03	+7.360e+03	+1.039e+04	+0.728
64.600	+2.770e+03	+8.340e+03	+8.678e+03	+0.751
64.700	+3.325e+03	+9.048e+03	+1.077e+04	+0.731
64.800	+2.956e+03	+8.912e+03	+9.739e+03	+0.751
64.900	+1.090e+03	+8.029e+03	+8.972e+03	+0.880
65.000	+3.411e+03	+8.001e+03	+1.034e+04	+0.701
65.100	+1.427e+03	+7.926e+03	+9.339e+03	+0.847
65.200	+8.877e+02	+7.830e+03	+8.760e+03	+0.898
65.300	+2.598e+03	+8.278e+03	+9.467e+03	+0.761
65.400	+1.973e+03	+8.071e+03	+9.368e+03	+0.804
65.500	+2.991e+03	+9.486e+03	+1.012e+04	+0.760
65.600	+1.308e+03	+8.555e+03	+9.835e+03	+0.867
65.700	+2.144e+03	+8.647e+03	+1.004e+04	+0.801
65.800	+2.942e+03	+7.191e+03	+9.781e+03	+0.710
65.900	+1.975e+03	+7.131e+03	+1.128e+04	+0.783
66.000	+1.247e+03	+8.081e+03	+1.027e+04	+0.866
66.100	+2.192e+03	+6.923e+03	+8.700e+03	+0.759
66.200	+1.485e+03	+9.154e+03	+1.020e+04	+0.860
66.300	+1.611e+03	+8.668e+03	+9.961e+03	+0.843
66.400	+2.931e+03	+7.280e+03	+9.333e+03	+0.713
66.500	+2.804e+03	+8.302e+03	+1.056e+04	+0.748
66.600	+1.129e+03	+9.082e+03	+1.008e+04	+0.889
66.700	+2.094e+03	+8.545e+03	+1.020e+04	+0.803
66.800	+3.076e+03	+8.083e+03	+9.877e+03	+0.724
66.900	+1.255e+03	+7.914e+03	+9.279e+03	+0.863
67.000	+2.581e+03	+7.860e+03	+9.225e+03	+0.753
67.100	+2.147e+03	+7.669e+03	+1.039e+04	+0.781
67.200	+1.659e+03	+8.374e+03	+1.093e+04	+0.835
67.300	+2.022e+03	+8.590e+03	+7.477e+03	+0.809
67.400	+3.168e+03	+6.953e+03	+1.052e+04	+0.687
67.500	+1.486e+03	+8.080e+03	+1.098e+04	+0.845
67.600	+2.084e+03	+8.308e+03	+1.014e+04	+0.799
67.700	+1.939e+03	+9.096e+03	+9.510e+03	+0.824
67.800	+5.061e+02	+7.175e+03	+1.008e+04	+0.934
67.900	+1.799e+03	+7.661e+03	+9.087e+03	+0.810
68.000	+2.704e+03	+9.156e+03	+1.019e+04	+0.772
68.100	+2.434e+03	+8.497e+03	+9.438e+03	+0.777
68.200	+1.769e+03	+8.357e+03	+8.924e+03	+0.825
68.300	+2.300e+03	+8.352e+03	+8.150e+03	+0.784
68.400	+9.598e+02	+7.838e+03	+8.958e+03	+0.891
68.500	+1.493e+03	+8.842e+03	+9.876e+03	+0.856
68.600	+2.380e+03	+8.803e+03	+1.108e+04	+0.787
68.700	+1.032e+03	+9.661e+03	+1.037e+04	+0.904
68.800	+3.368e+03	+8.202e+03	+8.903e+03	+0.709
68.900	+1.981e+03	+8.539e+03	+9.379e+03	+0.812
69.000	+6.634e+02	+6.973e+03	+9.894e+03	+0.913
69.100	+1.496e+03	+6.849e+03	+1.083e+04	+0.821
69.200	+1.517e+03	+8.191e+03	+8.478e+03	+0.844
69.300	+2.965e+03	+8.454e+03	+1.024e+04	+0.740
69.400	+1.307e+03	+7.690e+03	+9.502e+03	+0.855
69.500	+2.324e+03	+7.056e+03	+1.101e+04	+0.752
69.600	+1.521e+03	+7.825e+03	+9.376e+03	+0.837
69.700	+3.432e+03	+8.278e+03	+9.938e+03	+0.707
69.800	+2.637e+03	+8.710e+03	+9.852e+03	+0.768
69.900	+5.878e+03	+3.174e+03	+9.825e+03	+0.351
70.000	+6.850e+03	+3.441e+03	+8.784e+03	+0.334
70.100	+7.701e+03	+2.362e+03	+1.097e+04	+0.235
70.200	+6.236e+03	+2.315e+03	+1.002e+04	+0.271
70.300	+8.089e+03	+2.960e+03	+1.064e+04	+0.268
70.400	+6.239e+03	+2.336e+03	+1.053e+04	+0.272
70.500	+7.438e+03	+2.596e+03	+9.805e+03	+0.259
70.600	+7.339e+03	+3.018e+03	+1.190e+04	+0.291
70.700	+6.699e+03	+3.284e+03	+9.384e+03	+0.329
70.800	+5.652e+03	+6.724e+02	+1.013e+04	+0.106
70.900	+7.204e+03	+1.941e+03	+1.107e+04	+0.212
71.000	+6.965e+03	+2.256e+03	+1.011e+04	+0.245
71.100	+9.152e+03	+2.761e+03	+9.026e+03	+0.232
71.200	+6.524e+03	+1.971e+03	+9.584e+03	+0.232
71.300	+8.684e+03	+2.834e+03	+9.398e+03	+0.246
71.400	+7.407e+03	+1.061e+03	+1.062e+04	+0.125
71.500	+7.534e+03	+3.244e+03	+1.000e+04	+0.301
71.600	+9.105e+03	+2.186e+03	+9.710e+03	+0.194
71.700	+6.321e+03	+3.253e+03	+8.803e+03	+0.340
71.800	+7.158e+03	+3.398e+03	+1.114e+04	+0.322
71.900	+7.232e+03	+2.442e+03	+9.768e+03	+0.252
72.000	+6.392e+03	+2.289e+03	+9.685e+03	+0.264
72.100	+7.413e+03	+2.505e+03	+1.030e+04	+0.253
72.200	+6.221e+03	+2.385e+03	+7.794e+03	+0.277
72.300	+7.820e+03	+2.642e+03	+9.421e+03	+0.253
72.400	+7.172e+03	+1.869e+03	+1.051e+04	+0.207
72.500	+7.614e+03	+2.893e+03	+9.842e+03	+0.275
72.600	+7.267e+03	+3.126e+03	+1.050e+04	+0.301
72.700	+6.146e+03	+1.566e+03	+1.064e+04	+0.203
72.800	+7.895e+03	+3.740e+03	+9.639e+03	+0.321
72.900	+7.151e+03	+2.222e+03	+9.692e+03	+0.237
73.000	+6.855e+03	+2.873e+03	+9.808e+03	+0.295
73.100	+6.840e+03	+1.919e+03	+9.593e+03	+0.219
73.200	+6.683e+03	+2.676e+03	+1.032e+04	+0.286
73.300	+7.336e+03	+2.689e+03	+1.058e+04	+0.268
73.400	+6.797e+03	+2.179e+03	+1.025e+04	+0.243
73.500	+6.602e+03	+2.177e+03	+8.044e+03	+0.248
73.600	+6.146e+03	+3.043e+03	+1.130e+04	+0.331
73.700	+7.195e+03	+1.848e+03	+9.824e+03	+0.204
73.800	+8.428e+03	+1.533e+03	+1.016e+04	+0.154
73.900	+7.815e+03	+1.834e+03	+9.985e+03	+0.190
74.000	+6.943e+03	+2.867e+03	+1.071e+04	+0.292
74.100	+8.100e+03	+2.701e+03	+9.626e+03	+0.250
74.200	+7.399e+03	+2.746e+03	+9.788e+03	+0.271
74.300	+7.894e+03	+2.232e+03	+9.776e+03	+0.220
74.400	+7.889e+03	+1.992e+03	+9.500e+03	+0.202
74.500	+6.804e+03	+1.830e+03	+9.459e+03	+0.212
74.600	+4.848e+03	+5.204e+03	+1.162e+04	+0.518
74.700	+6.091e+03	+5.241e+03	+1.065e+04	+0.463
74.800	+5.580e+03	+5.645e+03	+1.085e+04	+0.503
74.900	+5.293e+03	+4.841e+03	+1.040e+04	+0.478
75.000	+5.420e+03	+6.451e+03	+1.066e+04	+0.543
75.100	+5.598e+03	+5.338e+03	+1.108e+04	+0.488
75.200	+4.897e+03	+4.578e+03	+1.013e+04	+0.483
75.300	+5.117e+03	+4.740e+03	+1.061e+04	+0.481
75.400	+4.973e+03	+5.528e+03	+9.577e+03	+0.526
75.500	+5.054e+03	+4.938e+03	+9.932e+03	+0.494
75.600	+4.315e+03	+4.991e+03	+1.053e+04	+0.536
75.700	+4.888e+03	+5.498e+03	+1.046e+04	+0.529
75.800	+4.133e+03	+5.916e+03	+1.078e+04	+0.589
75.900	+4.828e+03	+5.649e+03	+1.087e+04	+0.539
76.000	+4.344e+03	+4.242e+03	+1.019e+04	+0.494
76.100	+5.630e+03	+4.088e+03	+9.705e+03	+0.421
76.200	+6.329e+03	+4.382e+03	+1.126e+04	+0.409
76.300	+4.821e+03	+5.531e+03	+9.708e+03	+0.534
76.400	+5.238e+03	+4.348e+03	+1.002e+04	+0.454
76.500	+3.388e+03	+5.149e+03	+1.074e+04	+0.603
76.600	+4.991e+03	+5.178e+03	+9.709e+03	+0.509
76.700	+4.471e+03	+5.441e+03	+1.016e+04	+0.549
76.800	+5.595e+03	+5.235e+03	+9.565e+03	+0.483
76.900	+6.223e+03	+5.090e+03	+1.057e+04	+0.450
77.000	+5.496e+03	+3.703e+03	+1.024e+04	+0.403
77.100	+5.379e+03	+5.641e+03	+1.038e+04	+0.512
77.200	+5.503e+03	+4.157e+03	+1.006e+04	+0.430
77.300	+5.239e+03	+4.903e+03	+1.069e+04	+0.483
77.400	+6.845e+03	+5.234e+03	+9.970e+03	+0.433
77.500	+5.109e+03	+5.268e+03	+9.682e+03	+0.508
77.600	+5.125e+03	+4.758e+03	+9.932e+03	+0.481
77.700	+4.890e+03	+5.141e+03	+1.043e+04	+0.513
77.800	+4.753e+03	+5.664e+03	+1.101e+04	+0.544
77.900	+5.843e+03	+5.537e+03	+9.759e+03	+0.487
78.000	+5.665e+03	+4.935e+03	+1.030e+04	+0.466
78.100	+5.173e+03	+4.965e+03	+1.004e+04	+0.490
78.200	+3.624e+03	+6.101e+03	+9.616e+03	+0.627
78.300	+5.803e+03	+4.765e+03	+1.053e+04	+0.451
78.400	+4.402e+03	+4.184e+03	+1.042e+04	+0.487
78.500	+4.650e+03	+7.025e+03	+9.394e+03	+0.602
78.600	+5.550e+03	+4.457e+03	+9.123e+03	+0.445
78.700	+5.933e+03	+5.421e+03	+1.015e+04	+0.477
78.800	+7.386e+03	+1.656e+03	+9.446e+03	+0.183
78.900	+7.193e+03	+2.296e+03	+9.429e+03	+0.242
79.000	+7.149e+03	+2.609e+03	+9.877e+03	+0.267
79.100	+6.730e+03	+2.994e+03	+1.002e+04	+0.308
79.200	+6.937e+03	+5.047e+03	+8.856e+03	+0.421
79.300	+8.688e+03	+1.918e+03	+9.569e+03	+0.181
79.400	+7.996e+03	+2.936e+03	+9.498e+03	+0.269
79.500	+7.380e+03	+2.047e+03	+1.042e+04	+0.217
79.600	+5.900e+03	+3.000e+03	+9.252e+03	+0.337
79.700	+6.966e+03	+1.651e+03	+1.007e+04	+0.192
79.800	+7.364e+03	+2.291e+03	+1.082e+04	+0.237
79.900	+6.628e+03	+3.260e+03	+9.794e+03	+0.330
80.000	+7.459e+03	+2.781e+03	+9.384e+03	+0.272
80.100	+6.280e+03	+2.655e+03	+1.070e+04	+0.297
80.200	+7.591e+03	+3.673e+03	+9.971e+03	+0.326
80.300	+8.299e+03	+3.288e+03	+8.749e+03	+0.284
80.400	+7.119e+03	+1.838e+03	+9.376e+03	+0.205
80.500	+8.192e+03	+2.659e+03	+9.553e+03	+0.245
80.600	+7.242e+03	+3.610e+03	+1.029e+04	+0.333
80.700	+6.721e+03	+3.780e+03	+1.036e+04	+0.360
80.800	+6.779e+03	+1.264e+03	+1.025e+04	+0.157
80.900	+8.273e+03	+1.791e+03	+9.469e+03	+0.178
81.000	+7.454e+03	+3.664e+03	+9.178e+03	+0.330
81.100	+8.647e+03	+2.301e+03	+1.027e+04	+0.210
81.200	+6.898e+03	+1.357e+03	+1.046e+04	+0.164
81.300	+7.080e+03	+2.282e+03	+1.021e+04	+0.244
81.400	+6.808e+03	+2.315e+03	+1.039e+04	+0.254
81.500	+8.294e+03	+2.538e+03	+1.034e+04	+0.234
81.600	+6.447e+03	+1.580e+03	+9.841e+03	+0.197
81.700	+6.943e+03	+3.436e+03	+1.088e+04	+0.331
81.800	+5.642e+03	+4.827e+03	+9.899e+03	+0.461
81.900	+4.737e+03	+4.483e+03	+9.508e+03	+0.486
82.000	+4.767e+03	+5.051e+03	+1.060e+04	+0.514
82.100	+5.374e+03	+3.862e+03	+1.017e+04	+0.418
82.200	+4.769e+03	+4.933e+03	+1.043e+04	+0.508
82.300	+4.889e+03	+4.210e+03	+8.817e+03	+0.463
82.400	+4.344e+03	+4.756e+03	+9.517e+03	+0.523
82.500	+3.711e+03	+4.247e+03	+8.801e+03	+0.534
82.600	+5.067e+03	+4.962e+03	+9.206e+03	+0.495
82.700	+4.811e+03	+5.319e+03	+1.117e+04	+0.525
82.800	+5.235e+03	+5.255e+03	+9.598e+03	+0.501
82.900	+5.748e+03	+4.888e+03	+1.055e+04	+0.460
83.000	+4.543e+03	+5.187e+03	+9.526e+03	+0.533
83.100	+4.703e+03	+3.794e+03	+9.374e+03	+0.447
83.200	+5.245e+03	+4.700e+03	+1.012e+04	+0.473
83.300	+4.879e+03	+4.933e+03	+9.349e+03	+0.503
83.400	+5.617e+03	+4.852e+03	+9.564e+03	+0.463
83.500	+5.248e+03	+4.932e+03	+1.001e+04	+0.484
83.600	+5.395e+03	+5.470e+03	+9.170e+03	+0.503
83.700	+4.318e+03	+5.616e+03	+9.756e+03	+0.565
83.800	+5.156e+03	+4.881e+03	+9.571e+03	+0.486
83.900	+5.114e+03	+3.903e+03	+8.776e+03	+0.433
84.000	+4.075e+03	+4.958e+03	+1.001e+04	+0.549
84.100	+5.497e+03	+5.356e+03	+1.031e+04	+0.494
84.200	+5.277e+03	+4.766e+03	+1.110e+04	+0.475
84.300	+5.294e+03	+4.729e+03	+1.088e+04	+0.472
84.400	+3.454e+03	+4.193e+03	+1.090e+04	+0.548
84.500	+4.004e+03	+5.365e+03	+9.002e+03	+0.573
84.600	+5.280e+03	+5.458e+03	+9.479e+03	+0.508
84.700	+4.461e+03	+4.021e+03	+1.026e+04	+0.474
84.800	+4.948e+03	+3.830e+03	+1.035e+04	+0.436
84.900	+6.056e+03	+5.619e+03	+9.627e+03	+0.481
85.000	+5.893e+03	+4.961e+03	+9.646e+03	+0.457
85.100	+5.427e+03	+4.684e+03	+9.090e+03	+0.463
85.200	+4.713e+03	+4.711e+03	+9.574e+03	+0.500
85.300	+5.551e+03	+6.202e+03	+8.563e+03	+0.528
85.400	+4.282e+03	+5.055e+03	+1.114e+04	+0.541
85.500	+4.780e+03	+5.338e+03	+1.017e+04	+0.528
85.600	+5.108e+03	+5.324e+03	+1.111e+04	+0.510
85.700	+5.069e+03	+4.982e+03	+1.002e+04	+0.496
85.800	+6.612e+03	+5.517e+03	+1.105e+04	+0.455
85.900	+5.488e+03	+5.540e+03	+1.054e+04	+0.502
86.000	+5.958e+03	+5.378e+03	+9.989e+03	+0.474
86.100	+5.703e+03	+5.709e+03	+1.018e+04	+0.500
86.200	+5.516e+03	+5.669e+03	+9.404e+03	+0.507
86.300	+4.668e+03	+4.288e+03	+8.649e+03	+0.479
86.400	+5.582e+03	+5.986e+03	+9.988e+03	+0.517
86.500	+4.346e+03	+4.964e+03	+1.035e+04	+0.533
86.600	+4.997e+03	+5.081e+03	+9.248e+03	+0.504
86.700	+4.767e+03	+4.648e+03	+1.016e+04	+0.494
86.800	+4.371e+03	+4.902e+03	+1.026e+04	+0.529
86.900	+4.659e+03	+5.817e+03	+9.696e+03	+0.555
87.000	+5.244e+03	+4.097e+03	+1.053e+04	+0.439
87.100	+5.175e+03	+4.106e+03	+9.963e+03	+0.442
87.200	+4.884e+03	+4.883e+03	+1.041e+04	+0.500
87.300	+6.004e+03	+4.848e+03	+1.013e+04	+0.447
87.400	+4.593e+03	+5.947e+03	+9.957e+03	+0.564
87.500	+5.262e+03	+4.721e+03	+1.007e+04	+0.473
87.600	+4.835e+03	+5.402e+03	+1.108e+04	+0.528
87.700	+5.693e+03	+3.623e+03	+1.148e+04	+0.389
87.800	+5.062e+03	+5.016e+03	+1.126e+04	+0.498
87.900	+3.750e+03	+4.989e+03	+1.057e+04	+0.571
88.000	+5.994e+03	+6.368e+03	+1.009e+04	+0.515
88.100	+4.647e+03	+4.501e+03	+1.112e+04	+0.492
88.200	+5.084e+03	+4.452e+03	+9.667e+03	+0.467
88.300	+5.396e+03	+4.918e+03	+1.068e+04	+0.477
88.400	+6.655e+03	+3.665e+03	+9.561e+03	+0.355
88.500	+7.511e+03	+2.167e+03	+9.089e+03	+0.224
88.600	+7.017e+03	+1.942e+03	+1.145e+04	+0.217
88.700	+7.246e+03	+2.226e+03	+1.072e+04	+0.235
88.800	+7.136e+03	+3.109e+03	+1.106e+04	+0.303
88.900	+6.516e+03	+1.702e+03	+9.158e+03	+0.207
89.000	+6.658e+03	+1.860e+03	+9.961e+03	+0.218
89.100	+7.402e+03	+2.652e+03	+9.308e+03	+0.264
89.200	+8.045e+03	+3.078e+03	+9.815e+03	+0.277
89.300	+7.921e+03	+3.136e+03	+1.008e+04	+0.284
89.400	+7.454e+03	+3.418e+03	+9.789e+03	+0.314
89.500	+7.428e+03	+2.873e+03	+1.212e+04	+0.279
89.600	+5.437e+03	+3.992e+03	+1.012e+04	+0.423
89.700	+5.235e+03	+5.003e+03	+1.074e+04	+0.489
89.800	+4.440e+03	+6.011e+03	+1.041e+04	+0.575
89.900	+5.734e+03	+5.887e+03	+1.089e+04	+0.507
90.000	+4.763e+03	+4.462e+03	+1.060e+04	+0.484
90.100	+5.065e+03	+5.467e+03	+9.232e+03	+0.519
90.200	+5.447e+03	+4.325e+03	+1.035e+04	+0.443
90.300	+5.747e+03	+5.416e+03	+1.023e+04	+0.485
90.400	+4.887e+03	+5.608e+03	+1.017e+04	+0.534
90.500	+5.542e+03	+4.919e+03	+9.939e+03	+0.470
90.600	+4.784e+03	+3.752e+03	+9.961e+03	+0.440
90.700	+5.662e+03	+3.965e+03	+8.104e+03	+0.412
90.800	+4.183e+03	+5.376e+03	+9.568e+03	+0.562
90.900	+4.963e+03	+5.733e+03	+8.703e+03	+0.536
91.000	+5.476e+03	+5.159e+03	+1.001e+04	+0.485
91.100	+5.470e+03	+5.098e+03	+1.012e+04	+0.482
91.200	+5.016e+03	+6.215e+03	+1.034e+04	+0.553
91.300	+4.787e+03	+4.227e+03	+1.020e+04	+0.469
91.400	+4.694e+03	+4.672e+03	+1.002e+04	+0.499
91.500	+4.978e+03	+5.751e+03	+1.054e+04	+0.536
91.600	+5.707e+03	+3.477e+03	+9.754e+03	+0.379
91.700	+5.079e+03	+5.879e+03	+1.016e+04	+0.537
91.800	+4.697e+03	+3.719e+03	+1.031e+04	+0.442
91.900	+4.037e+03	+4.947e+03	+1.098e+04	+0.551
92.000	+4.390e+03	+4.632e+03	+1.039e+04	+0.513
92.100	+6.093e+03	+4.903e+03	+1.031e+04	+0.446
92.200	+5.106e+03	+5.038e+03	+9.781e+03	+0.497
92.300	+4.370e+03	+3.455e+03	+1.038e+04	+0.442
92.400	+4.629e+03	+4.867e+03	+1.006e+04	+0.513
92.500	+4.693e+03	+5.416e+03	+1.046e+04	+0.536
92.600	+4.226e+03	+6.321e+03	+8.962e+03	+0.599
92.700	+4.886e+03	+4.399e+03	+1.027e+04	+0.474
92.800	+5.517e+03	+6.324e+03	+1.033e+04	+0.534
92.900	+6.191e+03	+2.095e+03	+9.922e+03	+0.253
93.000	+7.531e+03	+4.100e+03	+1.032e+04	+0.353
93.100	+4.863e+03	+5.296e+03	+9.877e+03	+0.521
93.200	+5.262e+03	+5.613e+03	+9.868e+03	+0.516
93.300	+5.481e+03	+4.752e+03	+1.052e+04	+0.464
93.400	+5.444e+03	+5.139e+03	+9.848e+03	+0.486
93.500	+4.396e+03	+5.264e+03	+1.023e+04	+0.545
93.600	+3.182e+03	+6.516e+03	+1.046e+04	+0.672
93.700	+5.931e+03	+6.167e+03	+1.027e+04	+0.510
93.800	+4.825e+03	+4.981e+03	+1.067e+04	+0.508
93.900	+6.035e+03	+6.495e+03	+1.025e+04	+0.518
94.000	+5.662e+03	+4.537e+03	+9.117e+03	+0.445
94.100	+5.636e+03	+6.240e+03	+1.041e+04	+0.525
94.200	+4.369e+03	+4.840e+03	+9.740e+03	+0.526
94.300	+5.411e+03	+4.496e+03	+1.015e+04	+0.454
94.400	+4.624e+03	+3.419e+03	+8.987e+03	+0.425
94.500	+5.028e+03	+4.164e+03	+1.002e+04	+0.453
94.600	+4.674e+03	+5.285e+03	+9.601e+03	+0.531
94.700	+5.947e+03	+3.674e+03	+9.534e+03	+0.382
94.800	+3.782e+03	+6.434e+03	+9.630e+03	+0.630
94.900	+5.110e+03	+4.607e+03	+9.248e+03	+0.474
95.000	+5.820e+03	+4.422e+03	+1.052e+04	+0.432
95.100	+4.399e+03	+5.652e+03	+1.090e+04	+0.562
95.200	+5.539e+03	+4.597e+03	+1.073e+04	+0.454
95.300	+5.436e+03	+4.891e+03	+9.827e+03	+0.474
95.400	+3.986e+03	+5.069e+03	+9.784e+03	+0.560
95.500	+4.753e+03	+5.559e+03	+1.038e+04	+0.539
95.600	+5.506e+03	+4.546e+03	+9.279e+03	+0.452
95.700	+5.289e+03	+5.982e+03	+9.644e+03	+0.531
95.800	+5.516e+03	+5.109e+03	+9.681e+03	+0.481
95.900	+4.477e+03	+4.419e+03	+1.050e+04	+0.497
96.000	+5.330e+03	+4.825e+03	+1.115e+04	+0.475
96.100	+5.155e+03	+4.896e+03	+8.974e+03	+0.487
96.200	+5.067e+03	+5.645e+03	+1.060e+04	+0.527
96.300	+4.944e+03	+5.145e+03	+1.061e+04	+0.510
96.400	+5.232e+03	+5.929e+03	+1.072e+04	+0.531
96.500	+4.657e+03	+5.288e+03	+8.918e+03	+0.532
96.600	+6.278e+03	+3.142e+03	+9.612e+03	+0.334
96.700	+4.589e+03	+5.322e+03	+9.815e+03	+0.537
96.800	+4.759e+03	+4.290e+03	+1.020e+04	+0.474
96.900	+5.164e+03	+5.398e+03	+8.789e+03	+0.511
97.000	+5.123e+03	+4.542e+03	+1.133e+04	+0.470
97.100	+5.353e+03	+5.526e+03	+9.111e+03	+0.508
97.200	+4.155e+03	+4.581e+03	+9.644e+03	+0.524
97.300	+4.756e+03	+5.908e+03	+1.051e+04	+0.554
97.400	+5.160e+03	+6.099e+03	+1.009e+04	+0.542
97.500	+3.705e+03	+4.681e+03	+8.616e+03	+0.558
97.600	+5.556e+03	+5.121e+03	+8.922e+03	+0.480
97.700	+5.237e+03	+5.445e+03	+8.393e+03	+0.510
97.800	+5.138e+03	+4.853e+03	+1.048e+04	+0.486
97.900	+4.750e+03	+4.212e+03	+1.088e+04	+0.470
98.000	+4.250e+03	+5.415e+03	+1.005e+04	+0.560
98.100	+6.772e+03	+5.263e+03	+1.071e+04	+0.437
98.200	+7.086e+03	+3.784e+03	+9.712e+03	+0.348
98.300	+5.400e+03	+5.453e+03	+9.278e+03	+0.502
98.400	+4.752e+03	+5.397e+03	+1.081e+04	+0.532
98.500	+4.831e+03	+4.762e+03	+1.024e+04	+0.496
98.600	+5.258e+03	+5.056e+03	+8.949e+03	+0.490
98.700	+4.638e+03	+5.840e+03	+1.034e+04	+0.557
98.800	+5.836e+03	+6.370e+03	+1.074e+04	+0.522
98.900	+5.261e+03	+5.172e+03	+9.699e+03	+0.496
99.000	+5.731e+03	+5.674e+03	+9.430e+03	+0.497
99.100	+5.225e+03	+4.371e+03	+1.017e+04	+0.456
99.200	+3.364e+03	+5.766e+03	+9.815e+03	+0.632
99.300	+5.865e+03	+4.642e+03	+1.044e+04	+0.442
99.400	+3.941e+03	+4.839e+03	+1.105e+04	+0.551
99.500	+4.216e+03	+5.115e+03	+9.246e+03	+0.548
99.600	+4.771e+03	+4.681e+03	+8.832e+03	+0.495
99.700	+4.652e+03	+4.159e+03	+9.384e+03	+0.472
99.800	+4.213e+03	+4.865e+03	+1.037e+04	+0.536
99.900	+4.091e+03	+4.237e+03	+9.475e+03	+0.509
100.000	+4.974e+03	+4.668e+03	+1.058e+04	+0.484
100.100	+5.861e+03	+4.842e+03	+1.023e+04	+0.452
100.200	+5.353e+03	+3.947e+03	+9.632e+03	+0.424
100.300	+4.676e+03	+5.154e+03	+9.172e+03	+0.524
100.400	+5.980e+03	+5.381e+03	+9.323e+03	+0.474
100.500	+4.441e+03	+4.739e+03	+8.907e+03	+0.516
100.600	+5.182e+03	+5.583e+03	+1.004e+04	+0.519
100.700	+4.167e+03	+5.219e+03	+8.595e+03	+0.556
100.800	+4.376e+03	+5.841e+03	+9.646e+03	+0.572
100.900	+5.112e+03	+5.976e+03	+1.135e+04	+0.539
101.000	+4.629e+03	+4.837e+03	+9.851e+03	+0.511
101.100	+5.220e+03	+5.929e+03	+9.700e+03	+0.532
101.200	+5.421e+03	+4.580e+03	+9.309e+03	+0.458
101.300	+4.210e+03	+5.019e+03	+9.660e+03	+0.544
101.400	+4.747e+03	+7.080e+03	+1.019e+04	+0.599
101.500	+4.324e+03	+4.385e+03	+9.986e+03	+0.503
101.600	+5.786e+03	+4.478e+03	+9.897e+03	+0.436
101.700	+3.471e+03	+4.057e+03	+8.817e+03	+0.539
101.800	+4.939e+03	+5.593e+03	+1.056e+04	+0.531
101.900	+4.801e+03	+4.844e+03	+8.563e+03	+0.502
102.000	+6.720e+03	+2.480e+03	+9.971e+03	+0.270
102.100	+6.930e+03	+3.529e+03	+1.035e+04	+0.337
102.200	+9.208e+03	+3.258e+03	+9.657e+03	+0.261
102.300	+7.928e+03	+2.729e+03	+9.730e+03	+0.256
102.400	+7.129e+03	+2.342e+03	+9.685e+03	+0.247
102.500	+6.971e+03	+2.784e+03	+8.947e+03	+0.285
102.600	+7.085e+03	+2.506e+03	+1.030e+04	+0.261
102.700	+8.203e+03	+2.563e+03	+1.203e+04	+0.238
102.800	+7.555e+03	+2.879e+03	+9.581e+03	+0.276
102.900	+8.145e+03	+1.747e+03	+1.045e+04	+0.177
103.000	+6.371e+03	+1.848e+03	+9.034e+03	+0.225
103.100	+7.681e+03	+2.327e+03	+1.015e+04	+0.232
103.200	+7.259e+03	+2.393e+03	+8.914e+03	+0.248
103.300	+7.412e+03	+1.839e+03	+1.048e+04	+0.199
103.400	+6.770e+03	+1.882e+03	+9.929e+03	+0.218
103.500	+7.714e+03	+2.666e+03	+9.473e+03	+0.257
103.600	+8.463e+03	+1.777e+03	+1.010e+04	+0.174
103.700	+8.038e+03	+1.418e+03	+9.728e+03	+0.150
103.800	+6.783e+03	+2.715e+03	+9.558e+03	+0.286
103.900	+7.660e+03	+2.181e+03	+8.871e+03	+0.222
104.000	+7.834e+03	+2.239e+03	+8.915e+03	+0.222
104.100	+8.374e+03	+2.586e+03	+9.525e+03	+0.236
104.200	+7.983e+03	+2.694e+03	+9.405e+03	+0.252
104.300	+7.034e+03	+2.613e+03	+9.847e+03	+0.271
104.400	+7.728e+03	+1.736e+03	+1.029e+04	+0.183
104.500	+7.971e+03	+2.845e+03	+1.071e+04	+0.263
104.600	+7.039e+03	+2.475e+03	+8.322e+03	+0.260
104.700	+7.437e+03	+2.941e+03	+1.124e+04	+0.283
104.800	+6.061e+03	+2.067e+03	+9.009e+03	+0.254
104.900	+6.392e+03	+3.819e+03	+9.098e+03	+0.374
105.000	+7.159e+03	+2.290e+03	+9.547e+03	+0.242
105.100	+8.197e+03	+2.702e+03	+1.131e+04	+0.248
105.200	+7.552e+03	+2.839e+03	+1.073e+04	+0.273
105.300	+7.845e+03	+3.091e+03	+9.808e+03	+0.283
105.400	+7.837e+03	+1.953e+03	+1.079e+04	+0.199
105.500	+7.540e+03	+2.098e+03	+9.664e+03	+0.218
105.600	+7.997e+03	+2.690e+03	+9.511e+03	+0.252
105.700	+8.284e+03	+2.558e+03	+1.075e+04	+0.236
105.800	+8.729e+03	+1.021e+03	+8.772e+03	+0.105
105.900	+6.787e+03	+3.336e+03	+1.150e+04	+0.330
106.000	+8.619e+03	+2.738e+03	+9.690e+03	+0.241
106.100	+8.817e+03	+2.760e+03	+9.578e+03	+0.238
106.200	+7.537e+03	+2.573e+03	+1.021e+04	+0.255
106.300	+5.935e+03	+2.154e+03	+9.999e+03	+0.266
106.400	+6.336e+03	+3.468e+03	+9.780e+03	+0.354
106.500	+8.173e+03	+2.951e+03	+1.089e+04	+0.265
106.600	+6.535e+03	+2.692e+03	+1.027e+04	+0.292
106.700	+8.159e+03	+2.670e+03	+1.113e+04	+0.247
106.800	+6.891e+03	+2.807e+03	+9.550e+03	+0.289
106.900	+8.639e+03	+2.565e+03	+9.247e+03	+0.229
107.000	+6.966e+03	+2.468e+03	+1.141e+04	+0.262
107.100	+8.210e+03	+3.126e+03	+1.112e+04	+0.276
107.200	+7.198e+03	+3.547e+03	+1.002e+04	+0.330
107.300	+7.569e+03	+2.505e+03	+9.743e+03	+0.249
107.400	+7.121e+03	+2.563e+03	+1.214e+04	+0.265
107.500	+7.416e+03	+2.340e+03	+1.043e+04	+0.240
107.600	+7.474e+03	+2.746e+03	+1.033e+04	+0.269
107.700	+7.158e+03	+1.769e+03	+9.039e+03	+0.198
107.800	+7.651e+03	+2.599e+03	+9.568e+03	+0.254
107.900	+7.879e+03	+5.043e+02	+1.035e+04	+0.060
108.000	+8.005e+03	+2.935e+03	+9.445e+03	+0.268
108.100	+7.007e+03	+2.978e+03	+9.950e+03	+0.298
108.200	+8.403e+03	+3.165e+03	+9.539e+03	+0.274
108.300	+6.261e+03	+2.912e+03	+9.429e+03	+0.317
108.400	+6.451e+03	+3.703e+03	+1.015e+04	+0.365
108.500	+6.824e+03	+2.412e+03	+9.353e+03	+0.261
108.600	+7.942e+03	+3.975e+03	+1.011e+04	+0.334
108.700	+7.785e+03	+2.383e+03	+8.931e+03	+0.234
108.800	+8.599e+03	+2.473e+03	+9.686e+03	+0.223
108.900	+7.807e+03	+3.881e+03	+1.049e+04	+0.332
109.000	+6.741e+03	+1.713e+03	+1.079e+04	+0.203
109.100	+8.117e+03	+2.551e+03	+9.760e+03	+0.239
109.200	+6.625e+03	+3.164e+03	+9.958e+03	+0.323
109.300	+6.874e+03	+9.972e+02	+9.645e+03	+0.127
109.400	+7.954e+03	+1.748e+03	+1.088e+04	+0.180
109.500	+7.477e+03	+1.596e+03	+9.605e+03	+0.176
109.600	+8.065e+03	+1.601e+03	+9.942e+03	+0.166
109.700	+7.133e+03	+2.193e+03	+1.040e+04	+0.235
109.800	+7.624e+03	+1.982e+03	+9.961e+03	+0.206
109.900	+7.705e+03	+2.311e+03	+9.987e+03	+0.231
110.000	+7.608e+03	+2.478e+03	+1.022e+04	+0.246
110.100	+8.620e+03	+2.189e+03	+9.051e+03	+0.202
110.200	+7.480e+03	+3.364e+03	+9.827e+03	+0.310
110.300	+7.732e+03	+2.333e+03	+1.092e+04	+0.232
110.400	+8.447e+03	+2.213e+03	+9.343e+03	+0.208
110.500	+7.832e+03	+5.256e+03	+1.053e+04	+0.402
110.600	+7.951e+03	+3.119e+03	+9.995e+03	+0.282
110.700	+7.029e+03	+2.567e+03	+1.017e+04	+0.268
110.800	+9.277e+03	+2.652e+03	+1.061e+04	+0.222
110.900	+8.628e+03	+1.708e+03	+9.495e+03	+0.165
111.000	+6.862e+03	+2.952e+03	+9.516e+03	+0.301
111.100	+6.667e+03	+2.362e+03	+1.058e+04	+0.262
111.200	+7.379e+03	+2.123e+03	+9.117e+03	+0.223
111.300	+6.967e+03	+2.796e+03	+1.093e+04	+0.286
111.400	+7.406e+03	+1.615e+03	+9.229e+03	+0.179
111.500	+6.726e+03	+3.027e+03	+9.436e+03	+0.310
111.600	+7.528e+03	+3.050e+03	+9.354e+03	+0.288
111.700	+8.189e+03	+1.982e+03	+1.012e+04	+0.195
111.800	+7.568e+03	+3.129e+03	+9.739e+03	+0.292
111.900	+6.273e+03	+2.286e+03	+1.009e+04	+0.267
112.000	+7.080e+03	+2.941e+03	+9.999e+03	+0.294
112.100	+6.273e+03	+3.424e+03	+1.091e+04	+0.353
112.200	+5.785e+03	+2.290e+03	+9.511e+03	+0.284
112.300	+7.279e+03	+2.100e+03	+1.026e+04	+0.224
112.400	+7.514e+03	+2.308e+03	+1.069e+04	+0.235
112.500	+3.951e+03	+6.306e+03	+9.828e+03	+0.615
112.600	+1.871e+03	+7.584e+03	+9.351e+03	+0.802
112.700	+1.118e+03	+8.052e+03	+9.245e+03	+0.878
112.800	+1.104e+03	+7.299e+03	+9.235e+03	+0.869
112.900	+4.824e+03	+7.801e+03	+8.130e+03	+0.618
113.000	+2.477e+03	+8.745e+03	+9.016e+03	+0.779
113.100	+3.318e+03	+7.140e+03	+1.015e+04	+0.683
113.200	+1.424e+03	+7.966e+03	+1.034e+04	+0.848
113.300	+1.374e+03	+8.379e+03	+9.147e+03	+0.859
113.400	+2.078e+03	+7.489e+03	+1.052e+04	+0.783
113.500	+2.786e+03	+7.049e+03	+9.978e+03	+0.717
113.600	+3.044e+03	+7.509e+03	+1.141e+04	+0.712
113.700	+2.510e+03	+7.031e+03	+1.037e+04	+0.737
113.800	+1.978e+03	+7.877e+03	+1.132e+04	+0.799
113.900	+1.847e+03	+7.736e+03	+9.113e+03	+0.807
114.000	+1.488e+03	+7.805e+03	+1.046e+04	+0.840
114.100	+2.628e+03	+8.179e+03	+1.041e+04	+0.757
114.200	+1.305e+03	+6.982e+03	+8.851e+03	+0.843
114.300	+2.826e+03	+9.267e+03	+1.144e+04	+0.766
114.400	+1.514e+03	+9.021e+03	+9.555e+03	+0.856
114.500	+2.444e+03	+7.887e+03	+9.379e+03	+0.763
114.600	+2.125e+03	+7.266e+03	+1.121e+04	+0.774
114.700	+1.757e+03	+9.194e+03	+9.864e+03	+0.840
114.800	+3.636e+03	+8.936e+03	+1.075e+04	+0.711
114.900	+9.867e+02	+8.256e+03	+9.099e+03	+0.893
115.000	+4.210e+02	+8.975e+03	+1.049e+04	+0.955
115.100	+2.165e+03	+9.073e+03	+9.468e+03	+0.807
115.200	+1.866e+03	+8.177e+03	+1.030e+04	+0.814
115.300	+2.095e+03	+7.764e+03	+1.177e+04	+0.788
115.400	+2.006e+03	+8.155e+03	+8.625e+03	+0.803
115.500	+1.500e+03	+9.021e+03	+9.635e+03	+0.857
115.600	+2.694e+03	+7.102e+03	+1.001e+04	+0.725
115.700	+7.733e+02	+9.150e+03	+1.032e+04	+0.922
115.800	+2.388e+03	+8.134e+03	+1.171e+04	+0.773
115.900	+2.357e+03	+7.174e+03	+9.882e+03	+0.753
116.000	+1.807e+03	+8.510e+03	+9.957e+03	+0.825
116.100	+3.177e+03	+7.447e+03	+1.006e+04	+0.701
116.200	+3.210e+03	+8.628e+03	+9.778e+03	+0.729
116.300	+2.205e+03	+8.240e+03	+1.044e+04	+0.789
116.400	+1.394e+03	+7.819e+03	+8.843e+03	+0.849
116.500	+3.170e+03	+7.797e+03	+9.115e+03	+0.711
116.600	+2.505e+03	+8.953e+03	+9.897e+03	+0.781
116.700	+2.374e+03	+9.224e+03	+9.404e+03	+0.795
116.800	+1.788e+03	+8.302e+03	+1.038e+04	+0.823
116.900	+1.629e+03	+8.028e+03	+8.856e+03	+0.831
117.000	+1.920e+03	+7.122e+03	+9.424e+03	+0.788
117.100	+1.940e+03	+7.281e+03	+1.038e+04	+0.790
117.200	+2.216e+03	+8.090e+03	+1.057e+04	+0.785
117.300	+2.649e+03	+9.201e+03	+1.014e+04	+0.776
117.400	+2.036e+03	+7.298e+03	+1.052e+04	+0.782
117.500	+2.518e+03	+7.519e+03	+1.002e+04	+0.749
117.600	+2.280e+03	+7.136e+03	+9.591e+03	+0.758
117.700	+1.152e+03	+7.957e+03	+9.692e+03	+0.874
117.800	+2.156e+03	+6.851e+03	+1.055e+04	+0.761
117.900	+1.455e+03	+7.700e+03	+9.107e+03	+0.841
118.000	+1.718e+03	+6.593e+03	+9.444e+03	+0.793
118.100	+1.318e+03	+7.662e+03	+9.281e+03	+0.853
118.200	+2.368e+03	+7.300e+03	+1.147e+04	+0.755
118.300	+6.194e+02	+7.965e+03	+9.978e+03	+0.928
118.400	+8.515e+02	+9.079e+03	+9.675e+03	+0.914
118.500	+2.754e+03	+9.594e+03	+1.082e+04	+0.777
118.600	+2.088e+03	+8.433e+03	+1.012e+04	+0.802
118.700	+2.468e+03	+7.647e+03	+1.086e+04	+0.756
118.800	+1.917e+03	+9.704e+03	+1.064e+04	+0.835
118.900	+2.102e+03	+8.524e+03	+9.936e+03	+0.802
119.000	+2.097e+03	+6.921e+03	+1.061e+04	+0.767
119.100	+2.438e+03	+7.700e+03	+1.057e+04	+0.760
119.200	+2.085e+03	+8.129e+03	+8.779e+03	+0.796
119.300	+2.556e+03	+8.056e+03	+1.094e+04	+0.759
119.400	+9.712e+02	+7.570e+03	+1.052e+04	+0.886
119.500	+2.651e+03	+9.214e+03	+9.611e+03	+0.777
119.600	+1.105e+03	+7.404e+03	+1.096e+04	+0.870
119.700	+1.495e+03	+7.602e+03	+9.052e+03	+0.836
119.800	+3.025e+03	+7.764e+03	+9.416e+03	+0.720
119.900	+1.199e+03	+7.525e+03	+1.022e+04	+0.863
120.000	+1.759e+03	+7.435e+03	+9.719e+03	+0.809
120.100	+1.910e+03	+7.536e+03	+1.075e+04	+0.798
120.200	+2.313e+03	+8.227e+03	+1.037e+04	+0.781
120.300	+1.385e+03	+8.028e+03	+1.138e+04	+0.853
120.400	+1.421e+03	+8.114e+03	+9.818e+03	+0.851
120.500	+1.391e+03	+8.441e+03	+1.133e+04	+0.859
120.600	+2.700e+03	+9.112e+03	+9.553e+03	+0.771
120.700	+2.697e+03	+7.884e+03	+1.048e+04	+0.745
120.800	+2.651e+03	+8.216e+03	+9.788e+03	+0.756
120.900	+1.017e+03	+8.662e+03	+1.095e+04	+0.895
121.000	+1.398e+03	+8.279e+03	+9.023e+03	+0.855
121.100	+2.399e+03	+7.508e+03	+9.763e+03	+0.758
121.200	+1.917e+03	+8.509e+03	+1.030e+04	+0.816
121.300	+1.859e+03	+8.611e+03	+1.056e+04	+0.822
121.400	+2.845e+03	+7.859e+03	+1.029e+04	+0.734
121.500	+9.883e+02	+8.701e+03	+1.114e+04	+0.898
121.600	+3.725e+02	+8.095e+03	+9.882e+03	+0.956
121.700	+1.124e+03	+9.074e+03	+9.873e+03	+0.890
121.800	+1.643e+03	+9.156e+03	+9.062e+03	+0.848
121.900	+8.830e+02	+8.570e+03	+1.027e+04	+0.907
122.000	+2.726e+03	+8.184e+03	+1.035e+04	+0.750
122.100	+2.780e+03	+6.215e+03	+1.047e+04	+0.691
122.200	+3.501e+03	+6.423e+03	+9.640e+03	+0.647
122.300	+3.295e+03	+8.240e+03	+1.080e+04	+0.714
122.400	+2.495e+03	+8.445e+03	+1.120e+04	+0.772
122.500	+2.603e+03	+7.401e+03	+9.687e+03	+0.740
122.600	+1.402e+03	+8.292e+03	+1.063e+04	+0.855
122.700	+3.024e+03	+8.876e+03	+1.005e+04	+0.746
122.800	+2.109e+03	+8.811e+03	+1.143e+04	+0.807
122.900	+1.670e+03	+7.438e+03	+1.073e+04	+0.817
123.000	+2.335e+03	+7.930e+03	+9.916e+03	+0.773
123.100	+1.721e+03	+8.671e+03	+1.062e+04	+0.834
123.200	+3.182e+03	+6.805e+03	+9.767e+03	+0.681
123.300	+1.227e+03	+8.177e+03	+1.073e+04	+0.870
123.400	+2.166e+03	+8.502e+03	+1.050e+04	+0.797
123.500	+2.622e+03	+7.640e+03	+9.649e+03	+0.744
123.600	+1.847e+03	+8.727e+03	+1.055e+04	+0.825
123.700	+2.200e+03	+8.682e+03	+9.742e+03	+0.798
123.800	+2.561e+03	+8.320e+03	+9.449e+03	+0.765
123.900	+2.065e+03	+9.004e+03	+1.158e+04	+0.813
124.000	+1.522e+03	+7.640e+03	+8.042e+03	+0.834
124.100	+2.668e+03	+7.897e+03	+9.832e+03	+0.747
124.200	+2.573e+03	+8.499e+03	+8.925e+03	+0.768
124.300	+3.009e+03	+8.244e+03	+1.044e+04	+0.733
124.400	+1.672e+03	+7.091e+03	+1.075e+04	+0.809
124.500	+1.548e+03	+9.242e+03	+1.107e+04	+0.857
124.600	+3.068e+03	+8.147e+03	+1.009e+04	+0.726
124.700	+2.548e+03	+8.816e+03	+1.187e+04	+0.776
124.800	+1.345e+03	+9.989e+03	+9.590e+03	+0.881
124.900	+2.637e+03	+7.595e+03	+1.018e+04	+0.742
125.000	+1.091e+03	+7.673e+03	+1.030e+04	+0.875
125.100	+7.945e+02	+7.553e+03	+1.073e+04	+0.905
125.200	+1.993e+03	+8.474e+03	+9.984e+03	+0.810
125.300	+2.527e+03	+8.443e+03	+9.929e+03	+0.770
125.400	+2.341e+03	+7.589e+03	+1.077e+04	+0.764
125.500	+2.348e+03	+8.575e+03	+1.059e+04	+0.785
125.600	+8.541e+02	+7.831e+03	+1.008e+04	+0.902
125.700	+2.348e+03	+7.441e+03	+8.949e+03	+0.760
125.800	+2.999e+03	+8.576e+03	+1.033e+04	+0.741
125.900	+2.134e+03	+7.837e+03	+9.280e+03	+0.786
126.000	+1.679e+03	+7.188e+03	+1.229e+04	+0.811
126.100	+1.114e+03	+8.170e+03	+9.690e+03	+0.880
126.200	+2.910e+03	+9.320e+03	+8.046e+03	+0.762
126.300	+3.125e+03	+8.993e+03	+9.953e+03	+0.742
126.400	+2.680e+03	+9.119e+03	+9.576e+03	+0.773
126.500	+2.748e+03	+7.524e+03	+9.957e+03	+0.732
126.600	+2.529e+03	+7.659e+03	+1.016e+04	+0.752
126.700	+1.416e+03	+8.132e+03	+9.134e+03	+0.852
126.800	+1.293e+03	+7.598e+03	+1.037e+04	+0.855
126.900	+5.031e+02	+7.152e+03	+1.058e+04	+0.934
127.000	+1.136e+03	+7.270e+03	+9.099e+03	+0.865
127.100	+2.423e+03	+8.940e+03	+8.955e+03	+0.787
127.200	+2.402e+03	+7.989e+03	+1.041e+04	+0.769
127.300	+4.720e+02	+8.388e+03	+1.079e+04	+0.947
127.400	+2.622e+03	+7.307e+03	+1.027e+04	+0.736
127.500	+3.001e+03	+7.739e+03	+9.853e+03	+0.721
127.600	+2.894e+03	+6.754e+03	+1.130e+04	+0.700
127.700	+3.328e+03	+9.282e+03	+9.964e+03	+0.736
127.800	+3.033e+03	+7.997e+03	+1.085e+04	+0.725
127.900	+2.643e+03	+6.902e+03	+1.059e+04	+0.723
128.000	+2.216e+03	+7.665e+03	+1.037e+04	+0.776
128.100	+2.186e+03	+9.277e+03	+1.088e+04	+0.809
128.200	+1.796e+03	+7.855e+03	+9.906e+03	+0.814
128.300	+2.130e+03	+7.708e+03	+1.168e+04	+0.783
128.400	+1.276e+03	+7.999e+03	+9.212e+03	+0.862
128.500	+1.718e+03	+9.913e+03	+9.860e+03	+0.852
128.600	+1.928e+03	+7.011e+03	+9.480e+03	+0.784
128.700	+1.786e+03	+6.903e+03	+9.511e+03	+0.794
128.800	+2.601e+03	+9.234e+03	+9.419e+03	+0.780
128.900	+1.978e+03	+7.388e+03	+1.044e+04	+0.789
129.000	+2.380e+03	+7.290e+03	+9.228e+03	+0.754
129.100	+1.751e+03	+7.868e+03	+1.043e+04	+0.818
129.200	+1.098e+03	+7.878e+03	+1.015e+04	+0.878
129.300	+2.041e+03	+8.533e+03	+9.649e+03	+0.807
129.400	+2.866e+03	+7.822e+03	+1.019e+04	+0.732
129.500	+2.471e+03	+9.068e+03	+1.064e+04	+0.786
129.600	+1.540e+03	+7.894e+03	+9.951e+03	+0.837
129.700	+2.085e+03	+8.354e+03	+1.015e+04	+0.800
129.800	+1.695e+03	+7.565e+03	+1.046e+04	+0.817
129.900	+1.024e+03	+7.924e+03	+1.128e+04	+0.886
130.000	+2.276e+03	+8.727e+03	+8.493e+03	+0.793
130.100	+1.233e+03	+7.598e+03	+1.004e+04	+0.860
130.200	+2.280e+03	+7.938e+03	+1.085e+04	+0.777
130.300	+1.299e+03	+8.116e+03	+9.443e+03	+0.862
130.400	+2.078e+03	+7.563e+03	+9.445e+03	+0.784
130.500	+8.050e+02	+8.419e+03	+9.134e+03	+0.913
130.600	+2.110e+03	+8.686e+03	+1.063e+04	+0.805
130.700	+1.859e+03	+8.235e+03	+1.076e+04	+0.816
130.800	+1.581e+03	+8.121e+03	+9.896e+03	+0.837
130.900	+1.168e+03	+7.944e+03	+1.034e+04	+0.872
131.000	+1.100e+03	+8.666e+03	+1.016e+04	+0.887
131.100	+1.514e+03	+8.418e+03	+1.041e+04	+0.848
131.200	+1.118e+03	+6.973e+03	+1.170e+04	+0.862
131.300	+1.410e+02	+7.219e+03	+9.820e+03	+0.981
131.400	+1.729e+03	+7.146e+03	+1.030e+04	+0.805
131.500	+2.806e+03	+7.903e+03	+1.041e+04	+0.738
131.600	+1.803e+03	+8.399e+03	+7.230e+03	+0.823
131.700	+1.668e+03	+7.893e+03	+1.140e+04	+0.826
131.800	+2.805e+03	+7.084e+03	+1.069e+04	+0.716
131.900	+1.187e+03	+8.348e+03	+1.135e+04	+0.876
132.000	+2.702e+03	+9.110e+03	+1.025e+04	+0.771
132.100	+1.463e+03	+8.489e+03	+9.241e+03	+0.853
132.200	+2.180e+03	+6.849e+03	+9.704e+03	+0.759
132.300	+2.058e+03	+7.623e+03	+9.082e+03	+0.787
132.400	+9.457e+02	+9.062e+03	+1.038e+04	+0.906
132.500	-2.618e+02	+8.723e+03	+9.735e+03	+1.031
132.600	+3.503e+03	+7.641e+03	+1.013e+04	+0.686
132.700	+2.594e+03	+9.243e+03	+9.982e+03	+0.781
132.800	+1.758e+03	+8.327e+03	+9.636e+03	+0.826
132.900	+2.445e+03	+7.412e+03	+1.003e+04	+0.752
133.000	+1.963e+03	+6.962e+03	+8.981e+03	+0.780
133.100	+2.108e+03	+8.781e+03	+1.120e+04	+0.806
133.200	+2.715e+03	+8.688e+03	+9.171e+03	+0.762
133.300	+1.997e+03	+7.711e+03	+7.956e+03	+0.794
133.400	+2.760e+03	+8.508e+03	+1.162e+04	+0.755
133.500	+3.064e+03	+7.966e+03	+1.081e+04	+0.722
133.600	+2.635e+03	+6.457e+03	+9.615e+03	+0.710
133.700	+1.789e+03	+7.850e+03	+1.050e+04	+0.814
133.800	+3.617e+03	+7.024e+03	+9.510e+03	+0.660
133.900	+1.076e+03	+7.704e+03	+9.217e+03	+0.877
134.000	+3.222e+03	+7.720e+03	+1.019e+04	+0.706
134.100	+1.934e+03	+9.402e+03	+1.113e+04	+0.829
134.200	+2.592e+03	+7.637e+03	+1.047e+04	+0.747
134.300	+1.546e+03	+9.959e+03	+1.055e+04	+0.866
134.400	+2.241e+03	+6.539e+03	+9.931e+03	+0.745
134.500	+1.461e+03	+7.713e+03	+9.551e+03	+0.841
134.600	+2.237e+03	+7.470e+03	+9.407e+03	+0.770
134.700	+2.248e+03	+8.229e+03	+1.038e+04	+0.785
134.800	+2.232e+03	+8.492e+03	+9.516e+03	+0.792
134.900	+8.044e+02	+7.728e+03	+9.936e+03	+0.906
135.000	+2.314e+03	+8.797e+03	+1.001e+04	+0.792
135.100	+1.981e+03	+7.938e+03	+1.061e+04	+0.800
135.200	+3.063e+03	+9.055e+03	+9.633e+03	+0.747
135.300	+1.641e+03	+9.332e+03	+9.979e+03	+0.850
135.400	+8.834e+02	+7.931e+03	+1.103e+04	+0.900
135.500	+1.699e+03	+7.859e+03	+9.902e+03	+0.822
135.600	+3.794e+03	+8.358e+03	+9.601e+03	+0.688
135.700	+1.145e+03	+8.106e+03	+9.497e+03	+0.876
135.800	+2.210e+03	+8.148e+03	+9.727e+03	+0.787
135.900	+2.330e+03	+8.384e+03	+9.659e+03	+0.783
136.000	+9.668e+02	+7.883e+03	+9.667e+03	+0.891
136.100	+2.180e+03	+7.228e+03	+9.619e+03	+0.768
136.200	+1.482e+03	+7.810e+03	+1.073e+04	+0.841
136.300	+8.016e+02	+7.494e+03	+8.782e+03	+0.903
136.400	+2.233e+03	+8.700e+03	+1.025e+04	+0.796
136.500	+1.494e+03	+8.740e+03	+1.100e+04	+0.854
136.600	+2.881e+03	+8.615e+03	+1.058e+04	+0.749
136.700	+1.545e+03	+8.279e+03	+1.009e+04	+0.843
136.800	+1.196e+03	+8.170e+03	+1.028e+04	+0.872
136.900	+3.976e+02	+7.867e+03	+9.816e+03	+0.952
137.000	+9.660e+02	+7.491e+03	+9.864e+03	+0.886
137.100	+1.876e+03	+8.293e+03	+1.107e+04	+0.816
137.200	+1.742e+03	+7.673e+03	+9.815e+03	+0.815
137.300	+1.797e+03	+8.158e+03	+9.190e+03	+0.820
137.400	+1.725e+03	+9.001e+03	+8.306e+03	+0.839
137.500	+1.758e+03	+7.004e+03	+9.994e+03	+0.799
137.600	+8.671e+02	+7.968e+03	+1.026e+04	+0.902
137.700	+1.853e+03	+7.861e+03	+9.516e+03	+0.809
137.800	+2.101e+03	+9.088e+03	+9.069e+03	+0.812
137.900	+7.915e+02	+6.560e+03	+1.040e+04	+0.892
138.000	+2.631e+03	+7.796e+03	+9.505e+03	+0.748
138.100	+1.572e+03	+7.640e+03	+9.517e+03	+0.829
138.200	+4.367e+03	+5.536e+03	+9.856e+03	+0.559
138.300	+6.060e+03	+5.425e+03	+9.596e+03	+0.472
138.400	+5.062e+03	+5.058e+03	+9.856e+03	+0.500
138.500	+4.954e+03	+6.245e+03	+1.082e+04	+0.558
138.600	+5.150e+03	+4.570e+03	+8.707e+03	+0.470
138.700	+5.364e+03	+6.727e+03	+1.092e+04	+0.556
138.800	+5.051e+03	+4.838e+03	+1.065e+04	+0.489
138.900	+4.323e+03	+4.937e+03	+1.103e+04	+0.533
139.000	+3.947e+03	+4.479e+03	+1.046e+04	+0.532
139.100	+3.330e+03	+4.116e+03	+1.120e+04	+0.553
139.200	+4.505e+03	+4.524e+03	+9.064e+03	+0.501
139.300	+4.256e+03	+5.598e+03	+1.017e+04	+0.568
139.400	+4.648e+03	+5.090e+03	+1.040e+04	+0.523
139.500	+3.845e+03	+4.080e+03	+8.522e+03	+0.515
139.600	+4.666e+03	+5.908e+03	+1.065e+04	+0.559
139.700	+4.427e+03	+5.683e+03	+9.266e+03	+0.562
139.800	+4.696e+03	+5.897e+03	+9.732e+03	+0.557
139.900	+5.366e+03	+5.736e+03	+1.069e+04	+0.517
140.000	+5.264e+03	+6.369e+03	+9.208e+03	+0.548
140.100	+5.951e+03	+3.431e+03	+9.356e+03	+0.366
140.200	+4.339e+03	+4.135e+03	+9.404e+03	+0.488
140.300	+5.129e+03	+3.613e+03	+1.053e+04	+0.413
140.400	+5.657e+03	+4.961e+03	+1.038e+04	+0.467
140.500	+5.417e+03	+5.990e+03	+1.121e+04	+0.525
140.600	+4.732e+03	+5.761e+03	+9.280e+03	+0.549
140.700	+4.812e+03	+4.441e+03	+1.097e+04	+0.480
140.800	+6.399e+03	+5.202e+03	+1.071e+04	+0.448
140.900	+4.129e+03	+4.894e+03	+9.957e+03	+0.542
141.000	+5.554e+03	+4.929e+03	+1.058e+04	+0.470
141.100	+5.187e+03	+5.467e+03	+1.038e+04	+0.513
141.200	+3.987e+03	+4.512e+03	+1.102e+04	+0.531
141.300	+4.722e+03	+5.522e+03	+1.075e+04	+0.539
141.400	+5.035e+03	+4.877e+03	+8.204e+03	+0.492
141.500	+4.799e+03	+4.933e+03	+9.364e+03	+0.507
141.600	+5.586e+03	+3.961e+03	+1.056e+04	+0.415
141.700	+4.046e+03	+4.987e+03	+9.250e+03	+0.552
141.800	+3.981e+03	+4.332e+03	+9.724e+03	+0.521
141.900	+4.658e+03	+4.204e+03	+1.012e+04	+0.474
142.000	+5.070e+03	+4.996e+03	+8.922e+03	+0.496
142.100	+4.006e+03	+4.263e+03	+9.685e+03	+0.516
142.200	+4.845e+03	+6.104e+03	+1.116e+04	+0.558
142.300	+4.274e+03	+5.127e+03	+9.294e+03	+0.545
142.400	+3.992e+03	+3.976e+03	+1.079e+04	+0.499
142.500	+5.561e+03	+5.308e+03	+1.004e+04	+0.488
142.600	+4.726e+03	+4.741e+03	+1.007e+04	+0.501
142.700	+4.929e+03	+4.157e+03	+9.777e+03	+0.458
142.800	+5.415e+03	+5.730e+03	+9.541e+03	+0.514
142.900	+5.173e+03	+5.825e+03	+1.084e+04	+0.530
143.000	+4.791e+03	+4.160e+03	+1.013e+04	+0.465
143.100	+5.842e+03	+7.030e+03	+1.033e+04	+0.546
143.200	+5.215e+03	+3.475e+03	+1.031e+04	+0.400
143.300	+4.504e+03	+5.697e+03	+1.085e+04	+0.558
143.400	+4.652e+03	+4.674e+03	+9.416e+03	+0.501
143.500	+4.381e+03	+4.644e+03	+1.046e+04	+0.515
143.600	+5.895e+03	+3.672e+03	+1.044e+04	+0.384
143.700	+4.555e+03	+5.709e+03	+1.028e+04	+0.556
143.800	+4.253e+03	+4.695e+03	+1.042e+04	+0.525
143.900	+6.959e+03	+4.459e+03	+9.550e+03	+0.391
144.000	+5.574e+03	+4.438e+03	+1.031e+04	+0.443
144.100	+5.815e+03	+5.059e+03	+1.053e+04	+0.465
144.200	+4.523e+03	+4.892e+03	+1.020e+04	+0.520
144.300	+5.536e+03	+5.444e+03	+9.634e+03	+0.496
144.400	+5.546e+03	+4.262e+03	+1.042e+04	+0.435
144.500	+4.259e+03	+5.065e+03	+9.244e+03	+0.543
144.600	+4.933e+03	+4.209e+03	+9.839e+03	+0.460
144.700	+5.622e+03	+5.331e+03	+9.128e+03	+0.487
144.800	+4.947e+03	+5.456e+03	+1.004e+04	+0.524
144.900	+4.165e+03	+4.365e+03	+9.377e+03	+0.512
145.000	+5.036e+03	+3.986e+03	+9.647e+03	+0.442
145.100	+4.838e+03	+4.596e+03	+9.160e+03	+0.487
145.200	+4.353e+03	+4.114e+03	+1.026e+04	+0.486
145.300	+4.259e+03	+5.485e+03	+9.299e+03	+0.563
145.400	+5.401e+03	+4.584e+03	+1.030e+04	+0.459
145.500	+4.853e+03	+4.814e+03	+8.625e+03	+0.498
145.600	+4.380e+03	+5.322e+03	+1.046e+04	+0.549
145.700	+5.407e+03	+4.727e+03	+8.994e+03	+0.466
145.800	+5.521e+03	+5.819e+03	+9.738e+03	+0.513
145.900	+5.265e+03	+5.510e+03	+1.041e+04	+0.511
146.000	+5.628e+03	+5.446e+03	+1.019e+04	+0.492
146.100	+5.398e+03	+5.082e+03	+9.490e+03	+0.485
146.200	+4.050e+03	+5.438e+03	+1.107e+04	+0.573
146.300	+4.688e+03	+5.672e+03	+9.663e+03	+0.547
146.400	+7.206e+03	+2.829e+03	+1.044e+04	+0.282
146.500	+6.642e+03	+2.753e+03	+9.593e+03	+0.293
146.600	+7.526e+03	+1.618e+03	+8.730e+03	+0.177
146.700	+7.407e+03	+2.626e+03	+9.496e+03	+0.262
146.800	+6.759e+03	+1.771e+03	+9.842e+03	+0.208
146.900	+5.567e+03	+3.205e+03	+9.355e+03	+0.365
147.000	+7.965e+03	+2.608e+03	+9.561e+03	+0.247
147.100	+7.565e+03	+3.320e+03	+9.692e+03	+0.305
147.200	+7.795e+03	+2.193e+03	+1.010e+04	+0.220
147.300	+5.758e+03	+1.968e+03	+9.236e+03	+0.255
147.400	+6.486e+03	+2.006e+03	+1.077e+04	+0.236
147.500	+7.031e+03	+1.870e+03	+1.000e+04	+0.210
147.600	+6.648e+03	+2.475e+03	+9.781e+03	+0.271
147.700	+6.779e+03	+2.085e+03	+9.654e+03	+0.235
147.800	+7.416e+03	+1.687e+03	+9.930e+03	+0.185
147.900	+7.401e+03	+2.315e+03	+9.108e+03	+0.238
148.000	+7.720e+03	+3.329e+03	+1.052e+04	+0.301
148.100	+7.363e+03	+2.714e+03	+9.986e+03	+0.269
148.200	+6.536e+03	+3.078e+03	+9.827e+03	+0.320
148.300	+7.336e+03	+2.611e+03	+1.118e+04	+0.263
148.400	+7.957e+03	+2.188e+03	+1.005e+04	+0.216
148.500	+8.174e+03	+3.089e+03	+9.493e+03	+0.274
148.600	+9.167e+03	+3.108e+03	+9.905e+03	+0.253
148.700	+8.337e+03	+3.485e+03	+1.071e+04	+0.295
148.800	+7.201e+03	+2.178e+03	+9.820e+03	+0.232
148.900	+7.212e+03	+1.514e+03	+9.851e+03	+0.173
149.000	+8.385e+03	+2.088e+03	+1.132e+04	+0.199
149.100	+7.174e+03	+3.936e+03	+9.301e+03	+0.354
149.200	+7.421e+03	+2.184e+03	+1.120e+04	+0.227
149.300	+6.931e+03	+1.245e+03	+1.136e+04	+0.152
149.400	+7.634e+03	+2.587e+03	+1.114e+04	+0.253
149.500	+7.455e+03	+3.876e+03	+1.032e+04	+0.342
149.600	+7.102e+03	+2.649e+03	+9.346e+03	+0.272
149.700	+7.225e+03	+1.285e+03	+1.097e+04	+0.151
149.800	+7.002e+03	+2.875e+03	+1.124e+04	+0.291
149.900	+7.314e+03	+3.067e+03	+1.109e+04	+0.295
150.000	+5.738e+03	+1.890e+03	+1.087e+04	+0.248
150.100	+7.149e+03	+1.643e+03	+1.060e+04	+0.187
150.200	+8.411e+03	+2.519e+03	+1.041e+04	+0.230
150.300	+5.579e+03	+3.174e+03	+9.889e+03	+0.363
150.400	+7.593e+03	+1.831e+03	+9.641e+03	+0.194
150.500	+8.052e+03	+7.944e+02	+9.877e+03	+0.090
150.600	+7.049e+03	+2.121e+03	+1.108e+04	+0.231
150.700	+8.221e+03	+1.872e+03	+9.142e+03	+0.185
150.800	+8.298e+03	+2.000e+03	+9.603e+03	+0.194
150.900	+8.988e+03	+2.887e+03	+9.720e+03	+0.243
151.000	+9.466e+03	+2.295e+03	+1.032e+04	+0.195
151.100	+6.736e+03	+1.335e+03	+9.254e+03	+0.165
151.200	+6.924e+03	+2.176e+03	+9.070e+03	+0.239
151.300	+8.302e+03	+1.482e+03	+8.875e+03	+0.151
151.400	+7.552e+03	+1.859e+03	+1.019e+04	+0.198
151.500	+8.450e+03	+3.157e+03	+1.022e+04	+0.272
151.600	+7.295e+03	+3.058e+03	+1.007e+04	+0.295
151.700	+6.498e+03	+3.443e+03	+8.918e+03	+0.346
151.800	+7.274e+03	+1.614e+03	+1.067e+04	+0.182
151.900	+8.333e+03	+2.752e+03	+8.807e+03	+0.248
152.000	+7.606e+03	+3.638e+03	+1.074e+04	+0.324
152.100	+8.699e+03	+1.686e+03	+1.053e+04	+0.162
152.200	+7.354e+03	+3.076e+03	+1.037e+04	+0.295
152.300	+6.183e+03	+2.929e+03	+9.432e+03	+0.321
152.400	+8.120e+03	+1.256e+03	+8.826e+03	+0.134
152.500	+7.728e+03	+2.566e+03	+9.759e+03	+0.249
152.600	+7.483e+03	+3.291e+03	+1.054e+04	+0.305
152.700	+7.528e+03	+2.364e+03	+1.034e+04	+0.239
152.800	+7.843e+03	+1.813e+03	+1.013e+04	+0.188
152.900	+7.342e+03	+2.341e+03	+9.602e+03	+0.242
153.000	+7.912e+03	+2.344e+03	+9.436e+03	+0.229
153.100	+8.329e+03	+1.636e+03	+9.410e+03	+0.164
153.200	+7.071e+03	+1.727e+03	+1.015e+04	+0.196
153.300	+7.561e+03	+1.902e+03	+9.469e+03	+0.201
153.400	+7.754e+03	+1.921e+03	+1.112e+04	+0.199
153.500	+7.210e+03	+2.501e+03	+9.550e+03	+0.258
153.600	+7.328e+03	+3.285e+03	+1.017e+04	+0.310
153.700	+7.549e+03	+2.619e+03	+9.868e+03	+0.258
153.800	+7.348e+03	+2.997e+03	+8.862e+03	+0.290
153.900	+8.103e+03	+2.860e+03	+9.368e+03	+0.261
154.000	+6.455e+03	+2.500e+03	+1.151e+04	+0.279
154.100	+7.948e+03	+3.461e+03	+8.029e+03	+0.303
154.200	+7.582e+03	+2.546e+03	+1.016e+04	+0.251
154.300	+7.624e+03	+2.673e+03	+9.941e+03	+0.260
154.400	+7.032e+03	+1.437e+03	+1.043e+04	+0.170
154.500	+7.756e+03	+2.707e+03	+1.031e+04	+0.259
154.600	+6.744e+03	+3.998e+03	+9.916e+03	+0.372
154.700	+6.955e+03	+1.878e+03	+9.721e+03	+0.213
154.800	+6.726e+03	+2.484e+03	+8.137e+03	+0.270
154.900	+7.891e+03	+2.679e+03	+1.045e+04	+0.253
155.000	+8.396e+03	+3.491e+03	+1.098e+04	+0.294
155.100	+7.398e+03	+2.614e+03	+9.737e+03	+0.261
155.200	+7.834e+03	+3.183e+03	+9.851e+03	+0.289
155.300	+7.366e+03	+3.437e+03	+1.027e+04	+0.318
155.400	+6.610e+03	+4.251e+03	+1.054e+04	+0.391
155.500	+7.061e+03	+2.260e+03	+1.084e+04	+0.242
155.600	+7.415e+03	+3.210e+03	+9.096e+03	+0.302
155.700	+7.216e+03	+2.319e+03	+1.006e+04	+0.243
155.800	+5.958e+03	+3.530e+03	+1.003e+04	+0.372
155.900	+4.498e+03	+6.302e+03	+9.785e+03	+0.584
156.000	+5.850e+03	+5.277e+03	+1.037e+04	+0.474
156.100	+5.598e+03	+5.520e+03	+9.148e+03	+0.496
156.200	+4.482e+03	+4.885e+03	+1.096e+04	+0.521
156.300	+4.163e+03	+4.044e+03	+1.013e+04	+0.493
156.400	+5.843e+03	+5.433e+03	+9.953e+03	+0.482
156.500	+3.882e+03	+3.821e+03	+9.661e+03	+0.496
156.600	+4.929e+03	+4.214e+03	+1.117e+04	+0.461
156.700	+3.923e+03	+4.594e+03	+1.168e+04	+0.539
156.800	+5.674e+03	+4.693e+03	+1.020e+04	+0.453
156.900	+4.852e+03	+5.174e+03	+1.110e+04	+0.516
157.000	+5.341e+03	+5.777e+03	+9.464e+03	+0.520
157.100	+5.052e+03	+5.342e+03	+1.013e+04	+0.514
157.200	+5.548e+03	+5.421e+03	+9.613e+03	+0.494
157.300	+5.015e+03	+4.446e+03	+9.433e+03	+0.470
157.400	+4.317e+03	+5.639e+03	+1.057e+04	+0.566
157.500	+3.492e+03	+5.978e+03	+9.999e+03	+0.631
157.600	+5.288e+03	+4.131e+03	+8.731e+03	+0.439
157.700	+4.999e+03	+4.645e+03	+9.831e+03	+0.482
157.800	+4.420e+03	+5.133e+03	+9.396e+03	+0.537
157.900	+6.868e+03	+4.703e+03	+9.887e+03	+0.406
158.000	+4.662e+03	+5.118e+03	+1.041e+04	+0.523
158.100	+5.355e+03	+4.088e+03	+8.926e+03	+0.433
158.200	+6.319e+03	+5.556e+03	+9.634e+03	+0.468
158.300	+4.843e+03	+5.740e+03	+8.706e+03	+0.542
158.400	+5.299e+03	+3.953e+03	+9.470e+03	+0.427
158.500	+4.332e+03	+3.900e+03	+9.700e+03	+0.474
158.600	+4.741e+03	+5.015e+03	+1.008e+04	+0.514
158.700	+4.228e+03	+5.076e+03	+9.184e+03	+0.546
158.800	+4.940e+03	+4.783e+03	+1.039e+04	+0.492
158.900	+4.166e+03	+5.675e+03	+1.002e+04	+0.577
159.000	+4.365e+03	+5.302e+03	+1.116e+04	+0.548
159.100	+5.179e+03	+5.227e+03	+1.045e+04	+0.502
159.200	+5.936e+03	+4.682e+03	+9.900e+03	+0.441
159.300	+3.560e+03	+6.411e+03	+9.978e+03	+0.643
159.400	+6.010e+03	+4.025e+03	+1.016e+04	+0.401
159.500	+5.753e+03	+4.321e+03	+9.338e+03	+0.429
159.600	+3.218e+03	+5.227e+03	+9.664e+03	+0.619
159.700	+4.491e+03	+5.279e+03	+9.580e+03	+0.540
159.800	+4.457e+03	+5.733e+03	+8.828e+03	+0.563
159.900	+4.907e+03	+4.608e+03	+9.605e+03	+0.484
160.000	+5.661e+03	+5.958e+03	+9.957e+03	+0.513
160.100	+5.209e+03	+5.383e+03	+1.006e+04	+0.508
160.200	+5.643e+03	+6.227e+03	+1.083e+04	+0.525
160.300	+4.965e+03	+5.732e+03	+1.071e+04	+0.536
160.400	+5.195e+03	+3.875e+03	+9.130e+03	+0.427
160.500	+4.790e+03	+5.814e+03	+1.039e+04	+0.548
160.600	+5.971e+03	+5.065e+03	+8.543e+03	+0.459
160.700	+3.045e+03	+5.292e+03	+8.840e+03	+0.635
160.800	+4.925e+03	+4.987e+03	+9.926e+03	+0.503
160.900	+4.250e+03	+5.570e+03	+9.488e+03	+0.567
161.000	+4.039e+03	+5.046e+03	+9.630e+03	+0.555
161.100	+6.931e+03	+5.077e+03	+1.007e+04	+0.423
161.200	+5.373e+03	+5.359e+03	+1.106e+04	+0.499
161.300	+4.474e+03	+4.981e+03	+9.332e+03	+0.527
161.400	+5.365e+03	+6.128e+03	+1.068e+04	+0.533
161.500	+4.552e+03	+5.110e+03	+1.098e+04	+0.529
161.600	+7.167e+03	+2.246e+03	+1.061e+04	+0.239
161.700	+7.686e+03	+2.333e+03	+1.112e+04	+0.233
161.800	+7.869e+03	+2.578e+03	+9.738e+03	+0.247
161.900	+7.052e+03	+2.623e+03	+9.649e+03	+0.271
162.000	+6.305e+03	+2.085e+03	+1.085e+04	+0.249
162.100	+8.146e+03	+1.774e+03	+9.397e+03	+0.179
162.200	+6.946e+03	+3.279e+03	+8.619e+03	+0.321
162.300	+6.426e+03	+2.651e+03	+1.067e+04	+0.292
162.400	+7.139e+03	+2.751e+03	+1.052e+04	+0.278
162.500	+9.109e+03	+3.210e+03	+9.975e+03	+0.261
162.600	+7.494e+03	+1.849e+03	+1.096e+04	+0.198
162.700	+7.816e+03	+2.525e+03	+1.051e+04	+0.244
162.800	+6.963e+03	+1.958e+03	+9.200e+03	+0.219
162.900	+7.495e+03	+2.892e+03	+1.099e+04	+0.278
163.000	+8.072e+03	+1.591e+03	+9.211e+03	+0.165
163.100	+7.296e+03	+2.665e+03	+9.503e+03	+0.268
163.200	+6.752e+03	+2.701e+03	+1.003e+04	+0.286
163.300	+7.664e+03	+3.029e+03	+1.024e+04	+0.283
163.400	+7.815e+03	+2.593e+03	+9.375e+03	+0.249
163.500	+6.444e+03	+3.648e+03	+1.085e+04	+0.361
163.600	+7.166e+03	+1.469e+03	+9.389e+03	+0.170
163.700	+6.494e+03	+3.767e+03	+9.631e+03	+0.367
163.800	+6.269e+03	+3.609e+03	+9.478e+03	+0.365
163.900	+7.073e+03	+2.093e+03	+1.025e+04	+0.228
164.000	+7.635e+03	+9.911e+02	+9.672e+03	+0.115
164.100	+8.155e+03	+1.914e+03	+1.041e+04	+0.190
164.200	+8.002e+03	+3.324e+03	+1.029e+04	+0.293
164.300	+6.879e+03	+1.925e+03	+1.015e+04	+0.219
164.400	+7.747e+03	+2.306e+03	+9.824e+03	+0.229
164.500	+7.405e+03	+2.439e+03	+9.771e+03	+0.248
164.600	+8.410e+03	+1.031e+03	+1.032e+04	+0.109
164.700	+8.347e+03	+2.940e+03	+1.077e+04	+0.260
164.800	+7.895e+03	+2.870e+03	+9.683e+03	+0.267
164.900	+7.425e+03	+2.477e+03	+9.359e+03	+0.250
165.000	+7.396e+03	+1.811e+03	+9.153e+03	+0.197
165.100	+6.494e+03	+2.964e+03	+9.315e+03	+0.313
165.200	+7.656e+03	+2.036e+03	+9.164e+03	+0.210
165.300	+7.264e+03	+3.149e+03	+9.739e+03	+0.302
165.400	+7.941e+03	+2.108e+03	+9.487e+03	+0.210
165.500	+8.403e+03	+2.294e+03	+9.093e+03	+0.214
165.600	+7.391e+03	+3.790e+03	+9.430e+03	+0.339
165.700	+6.995e+03	+2.836e+03	+9.811e+03	+0.288
165.800	+7.795e+03	+3.100e+03	+9.463e+03	+0.285
165.900	+6.989e+03	+2.283e+03	+1.126e+04	+0.246
166.000	+4.857e+03	+5.158e+03	+1.036e+04	+0.515
166.100	+5.067e+03	+6.264e+03	+9.778e+03	+0.553
166.200	+4.822e+03	+4.351e+03	+1.101e+04	+0.474
166.300	+5.903e+03	+4.947e+03	+9.741e+03	+0.456
166.400	+5.322e+03	+4.041e+03	+9.102e+03	+0.432
166.500	+6.792e+03	+2.662e+03	+1.035e+04	+0.282
166.600	+7.485e+03	+1.345e+03	+8.839e+03	+0.152
166.700	+7.520e+03	+2.317e+03	+9.769e+03	+0.236
166.800	+7.356e+03	+1.666e+03	+9.995e+03	+0.185
166.900	+8.564e+03	+2.824e+03	+1.027e+04	+0.248
167.000	+7.560e+03	+1.628e+03	+1.062e+04	+0.177
167.100	+7.777e+03	+3.455e+03	+9.845e+03	+0.308
167.200	+7.681e+03	+2.786e+03	+1.031e+04	+0.266
167.300	+9.169e+03	+2.870e+03	+1.024e+04	+0.238
167.400	+7.289e+03	+2.186e+03	+1.133e+04	+0.231
167.500	+7.663e+03	+2.222e+03	+9.837e+03	+0.225
167.600	+7.383e+03	+2.283e+03	+1.011e+04	+0.236
167.700	+7.718e+03	+1.425e+03	+1.007e+04	+0.156
167.800	+6.726e+03	+2.840e+03	+9.055e+03	+0.297
167.900	+7.814e+03	+2.732e+03	+1.004e+04	+0.259
168.000	+8.431e+03	+1.694e+03	+1.088e+04	+0.167
168.100	+8.572e+03	+2.999e+03	+1.006e+04	+0.259
168.200	+7.611e+03	+2.847e+03	+1.004e+04	+0.272
168.300	+7.822e+03	+1.919e+03	+1.076e+04	+0.197
168.400	+6.639e+03	+3.627e+03	+9.763e+03	+0.353
168.500	+7.954e+03	+3.042e+03	+1.120e+04	+0.277
168.600	+7.711e+03	+3.050e+03	+8.305e+03	+0.283
168.700	+7.305e+03	+3.104e+03	+1.154e+04	+0.298
168.800	+5.745e+03	+3.760e+03	+1.053e+04	+0.396
168.900	+2.224e+03	+7.792e+03	+1.008e+04	+0.778
169.000	+2.771e+03	+7.039e+03	+9.842e+03	+0.718
169.100	+9.541e+02	+7.833e+03	+1.114e+04	+0.891
169.200	+8.279e+02	+7.791e+03	+1.011e+04	+0.904
169.300	+1.314e+03	+8.176e+03	+1.081e+04	+0.862
169.400	+2.475e+03	+7.282e+03	+9.577e+03	+0.746
169.500	+2.414e+03	+8.624e+03	+9.902e+03	+0.781
169.600	+2.270e+03	+8.239e+03	+1.088e+04	+0.784
169.700	+1.782e+03	+8.508e+03	+1.046e+04	+0.827
169.800	+2.423e+03	+7.550e+03	+1.052e+04	+0.757
169.900	+1.775e+02	+7.710e+03	+9.703e+03	+0.978
170.000	+2.493e+03	+8.449e+03	+1.072e+04	+0.772
170.100	+2.038e+03	+7.548e+03	+1.113e+04	+0.787
170.200	+2.832e+03	+8.385e+03	+1.078e+04	+0.747
170.300	+2.020e+03	+7.313e+03	+1.164e+04	+0.784
170.400	+1.694e+03	+8.045e+03	+1.096e+04	+0.826
170.500	+2.562e+03	+7.131e+03	+9.993e+03	+0.736
170.600	+3.071e+03	+7.558e+03	+1.002e+04	+0.711
170.700	+1.445e+03	+8.858e+03	+9.706e+03	+0.860
170.800	+2.609e+03	+7.664e+03	+1.058e+04	+0.746
170.900	+3.048e+03	+8.252e+03	+1.039e+04	+0.730
171.000	+1.403e+03	+7.515e+03	+9.368e+03	+0.843
171.100	+2.705e+03	+8.551e+03	+9.906e+03	+0.760
171.200	+3.257e+03	+7.692e+03	+9.360e+03	+0.703
171.300	+3.084e+03	+8.143e+03	+1.003e+04	+0.725
171.400	+2.455e+03	+8.873e+03	+1.018e+04	+0.783
171.500	+3.020e+03	+8.807e+03	+9.944e+03	+0.745
171.600	+2.609e+03	+7.121e+03	+9.660e+03	+0.732
171.700	+1.645e+03	+7.555e+03	+1.020e+04	+0.821
171.800	+1.386e+03	+8.458e+03	+9.366e+03	+0.859
171.900	+1.651e+03	+8.056e+03	+9.457e+03	+0.830
172.000	+2.129e+03	+8.506e+03	+9.113e+03	+0.800
172.100	+2.029e+03	+8.632e+03	+8.245e+03	+0.810
172.200	+2.169e+03	+6.527e+03	+1.022e+04	+0.751
172.300	+1.486e+03	+8.107e+03	+1.013e+04	+0.845
172.400	+2.780e+03	+7.535e+03	+1.063e+04	+0.730
172.500	+2.866e+03	+8.009e+03	+9.478e+03	+0.736
172.600	+1.232e+03	+8.081e+03	+1.105e+04	+0.868
172.700	+2.522e+03	+8.885e+03	+1.012e+04	+0.779
172.800	+2.346e+03	+7.540e+03	+1.060e+04	+0.763
172.900	+2.235e+03	+7.810e+03	+1.047e+04	+0.778
173.000	+3.396e+02	+7.778e+03	+1.108e+04	+0.958
173.100	+2.001e+03	+8.081e+03	+1.061e+04	+0.802
173.200	+1.529e+03	+8.241e+03	+1.023e+04	+0.844
173.300	+1.201e+03	+7.579e+03	+1.025e+04	+0.863
173.400	+1.702e+03	+7.316e+03	+9.462e+03	+0.811
173.500	+2.800e+03	+8.394e+03	+1.002e+04	+0.750
173.600	+1.740e+03	+8.559e+03	+1.110e+04	+0.831
173.700	+2.135e+03	+8.833e+03	+1.026e+04	+0.805
173.800	+1.556e+03	+8.058e+03	+1.040e+04	+0.838
173.900	+1.413e+03	+9.287e+03	+1.106e+04	+0.868
174.000	+2.290e+03	+8.679e+03	+9.533e+03	+0.791
174.100	+1.417e+03	+7.134e+03	+9.790e+03	+0.834
174.200	+1.584e+03	+8.415e+03	+8.783e+03	+0.842
174.300	+3.152e+03	+8.766e+03	+1.126e+04	+0.736
174.400	+1.883e+03	+7.677e+03	+8.939e+03	+0.803
174.500	+1.908e+03	+8.480e+03	+1.078e+04	+0.816
174.600	+2.995e+03	+9.043e+03	+9.264e+03	+0.751
174.700	+3.202e+03	+8.664e+03	+1.094e+04	+0.730
174.800	+1.919e+03	+7.992e+03	+9.791e+03	+0.806
174.900	+2.743e+03	+8.327e+03	+9.499e+03	+0.752
175.000	+1.679e+03	+7.848e+03	+1.009e+04	+0.824
175.100	+1.287e+03	+7.460e+03	+9.315e+03	+0.853
175.200	+9.284e+02	+8.437e+03	+1.021e+04	+0.901
175.300	+2.143e+03	+8.577e+03	+9.583e+03	+0.800
175.400	+2.034e+03	+7.894e+03	+1.007e+04	+0.795
175.500	+2.556e+03	+7.581e+03	+9.335e+03	+0.748
175.600	+1.122e+03	+7.979e+03	+9.824e+03	+0.877
175.700	+1.364e+03	+8.309e+03	+1.005e+04	+0.859
175.800	+2.072e+03	+8.513e+03	+9.183e+03	+0.804
175.900	+3.186e+03	+7.307e+03	+1.059e+04	+0.696
176.000	+2.345e+03	+8.489e+03	+1.058e+04	+0.784
176.100	+2.816e+03	+7.145e+03	+8.498e+03	+0.717
176.200	+1.758e+03	+7.389e+03	+9.582e+03	+0.808
176.300	+1.382e+03	+8.406e+03	+8.647e+03	+0.859
176.400	+2.902e+03	+8.699e+03	+1.087e+04	+0.750
176.500	+2.623e+03	+6.993e+03	+9.808e+03	+0.727
176.600	+2.455e+03	+7.462e+03	+1.015e+04	+0.752
176.700	+2.486e+03	+8.515e+03	+9.212e+03	+0.774
176.800	+1.972e+03	+7.436e+03	+9.163e+03	+0.790
176.900	+2.179e+03	+8.639e+03	+1.012e+04	+0.799
177.000	+1.858e+03	+8.371e+03	+9.980e+03	+0.818
177.100	+2.863e+03	+7.941e+03	+1.004e+04	+0.735
177.200	+1.702e+03	+6.707e+03	+9.301e+03	+0.798
177.300	+1.302e+03	+8.459e+03	+9.958e+03	+0.867
177.400	+1.390e+03	+7.703e+03	+8.088e+03	+0.847
177.500	+3.663e+03	+8.114e+03	+1.121e+04	+0.689
177.600	+2.214e+03	+7.187e+03	+8.743e+03	+0.765
177.700	+1.252e+03	+7.516e+03	+1.026e+04	+0.857
177.800	+1.653e+03	+6.716e+03	+1.108e+04	+0.802
177.900	+9.948e+02	+8.484e+03	+1.018e+04	+0.895
178.000	+2.983e+03	+6.991e+03	+9.061e+03	+0.701
178.100	+1.894e+03	+8.709e+03	+1.064e+04	+0.821
178.200	+1.913e+03	+8.371e+03	+1.105e+04	+0.814
178.300	+1.556e+03	+8.328e+03	+9.880e+03	+0.843
178.400	+3.009e+03	+7.377e+03	+1.003e+04	+0.710
178.500	+1.616e+03	+8.028e+03	+1.094e+04	+0.832
178.600	+2.425e+03	+8.068e+03	+9.206e+03	+0.769
178.700	+2.225e+03	+6.681e+03	+1.006e+04	+0.750
178.800	+1.431e+03	+7.406e+03	+1.092e+04	+0.838
178.900	+2.458e+03	+7.770e+03	+1.045e+04	+0.760
179.000	+1.638e+03	+7.097e+03	+9.543e+03	+0.812
179.100	+8.419e+02	+7.420e+03	+1.065e+04	+0.898
179.200	+2.162e+03	+7.997e+03	+9.816e+03	+0.787
179.300	+2.722e+03	+8.509e+03	+1.006e+04	+0.758
179.400	+9.357e+02	+7.480e+03	+1.045e+04	+0.889
179.500	-2.024e+02	+7.597e+03	+1.025e+04	+1.027
179.600	+1.367e+03	+7.792e+03	+9.120e+03	+0.851
179.700	+2.689e+03	+6.812e+03	+1.072e+04	+0.717
179.800	+1.686e+03	+7.830e+03	+1.031e+04	+0.823
179.900	+2.678e+03	+7.913e+03	+9.649e+03	+0.747
180.000	+6.898e+02	+6.679e+03	+1.022e+04	+0.906
180.100	+1.892e+03	+8.060e+03	+9.613e+03	+0.810
180.200	+2.253e+03	+7.274e+03	+9.232e+03	+0.764
180.300	+9.742e+02	+7.906e+03	+1.033e+04	+0.890
180.400	+1.258e+03	+8.819e+03	+8.157e+03	+0.875
180.500	+2.827e+03	+7.892e+03	+1.062e+04	+0.736
180.600	+1.448e+03	+8.220e+03	+8.319e+03	+0.850
180.700	+2.639e+03	+9.985e+03	+1.012e+04	+0.791
180.800	+2.089e+03	+8.607e+03	+9.456e+03	+0.805
180.900	+1.337e+03	+8.105e+03	+9.805e+03	+0.858
181.000	+7.024e+02	+8.297e+03	+1.017e+04	+0.922
181.100	+2.364e+03	+7.419e+03	+9.839e+03	+0.758
181.200	+1.551e+03	+7.991e+03	+1.092e+04	+0.837
181.300	+2.005e+03	+8.452e+03	+1.018e+04	+0.808
181.400	+2.669e+03	+8.452e+03	+9.186e+03	+0.760
181.500	+2.034e+03	+7.499e+03	+1.039e+04	+0.787
181.600	+3.129e+03	+6.692e+03	+1.039e+04	+0.681
181.700	+2.792e+03	+8.290e+03	+1.023e+04	+0.748
181.800	+1.038e+03	+7.270e+03	+1.016e+04	+0.875
181.900	+1.372e+03	+6.997e+03	+9.912e+03	+0.836
182.000	+2.839e+03	+8.210e+03	+8.208e+03	+0.743
182.100	+2.130e+03	+7.808e+03	+8.624e+03	+0.786
182.200	+2.712e+03	+8.608e+03	+1.010e+04	+0.760
182.300	+1.796e+03	+8.353e+03	+1.017e+04	+0.823
182.400	+2.826e+03	+8.338e+03	+1.152e+04	+0.747
182.500	+1.359e+03	+8.968e+03	+1.147e+04	+0.868
182.600	+4.001e+02	+6.814e+03	+9.710e+03	+0.945
182.700	+2.939e+03	+8.294e+03	+8.703e+03	+0.738
182.800	+1.833e+03	+7.269e+03	+9.973e+03	+0.799
182.900	+1.389e+03	+8.065e+03	+9.318e+03	+0.853
183.000	+3.899e+03	+7.843e+03	+9.899e+03	+0.668
183.100	+1.318e+03	+7.805e+03	+1.000e+04	+0.856
183.200	+2.666e+03	+8.372e+03	+1.065e+04	+0.758
183.300	+2.250e+03	+8.356e+03	+1.122e+04	+0.788
183.400	+2.700e+03	+8.442e+03	+9.496e+03	+0.758
183.500	+1.526e+03	+7.355e+03	+1.121e+04	+0.828
183.600	+7.078e+02	+7.567e+03	+1.120e+04	+0.914
183.700	+2.054e+03	+8.291e+03	+1.091e+04	+0.801
183.800	+1.262e+03	+8.926e+03	+8.835e+03	+0.876
183.900	+2.498e+03	+7.957e+03	+9.183e+03	+0.761
184.000	+1.801e+03	+7.971e+03	+1.010e+04	+0.816
184.100	+2.581e+03	+9.554e+03	+1.029e+04	+0.787
184.200	+2.998e+03	+8.944e+03	+1.029e+04	+0.749
184.300	+2.750e+03	+7.270e+03	+1.032e+04	+0.726
184.400	+1.981e+03	+8.281e+03	+9.344e+03	+0.807
184.500	+1.511e+03	+8.535e+03	+1.076e+04	+0.850
184.600	+1.385e+03	+8.438e+03	+9.075e+03	+0.859
184.700	+2.227e+03	+8.603e+03	+1.156e+04	+0.794
184.800	+1.450e+03	+8.470e+03	+9.742e+03	+0.854
184.900	+1.884e+03	+9.018e+03	+9.841e+03	+0.827
185.000	+1.264e+03	+7.995e+03	+9.929e+03	+0.864
185.100	+1.640e+03	+7.890e+03	+1.062e+04	+0.828
185.200	+1.664e+03	+7.600e+03	+9.678e+03	+0.820
185.300	+3.539e+03	+8.104e+03	+1.009e+04	+0.696
185.400	+1.737e+03	+9.195e+03	+9.890e+03	+0.841
185.500	+1.502e+03	+8.472e+03	+1.051e+04	+0.849
185.600	+1.474e+03	+8.604e+03	+9.922e+03	+0.854
185.700	+1.006e+03	+7.783e+03	+1.116e+04	+0.886
185.800	+2.571e+03	+7.736e+03	+9.766e+03	+0.751
185.900	+2.233e+03	+7.450e+03	+9.547e+03	+0.769
186.000	+1.618e+03	+7.891e+03	+9.821e+03	+0.830
186.100	+1.313e+03	+8.862e+03	+1.011e+04	+0.871
186.200	+1.586e+03	+8.574e+03	+9.151e+03	+0.844
186.300	+2.541e+03	+7.958e+03	+1.101e+04	+0.758
186.400	+1.512e+03	+7.433e+03	+9.292e+03	+0.831
186.500	+3.086e+02	+8.561e+03	+1.047e+04	+0.965
186.600	+1.878e+03	+6.285e+03	+9.738e+03	+0.770
186.700	+1.573e+03	+7.889e+03	+8.964e+03	+0.834
186.800	+2.209e+03	+7.818e+03	+1.042e+04	+0.780
186.900	+1.882e+03	+6.535e+03	+1.072e+04	+0.776
187.000	+1.849e+03	+9.276e+03	+9.651e+03	+0.834
187.100	+1.908e+03	+6.436e+03	+8.706e+03	+0.771
187.200	+6.002e+02	+7.476e+03	+9.882e+03	+0.926
187.300	+2.860e+03	+8.277e+03	+9.766e+03	+0.743
187.400	+3.386e+03	+6.750e+03	+9.439e+03	+0.666
187.500	+2.678e+03	+8.247e+03	+1.032e+04	+0.755
187.600	+1.992e+03	+8.518e+03	+1.007e+04	+0.811
187.700	+2.195e+03	+7.774e+03	+9.466e+03	+0.780
187.800	+3.322e+03	+8.174e+03	+1.051e+04	+0.711
187.900	+2.629e+03	+7.451e+03	+1.068e+04	+0.739
188.000	+1.903e+03	+8.430e+03	+1.019e+04	+0.816
188.100	+1.559e+03	+8.616e+03	+1.094e+04	+0.847
188.200	+2.151e+03	+7.546e+03	+9.925e+03	+0.778
188.300	+8.751e+02	+9.816e+03	+9.970e+03	+0.918
188.400	+2.220e+03	+8.602e+03	+1.006e+04	+0.795
188.500	+2.174e+03	+7.462e+03	+8.607e+03	+0.774
188.600	+1.646e+03	+8.131e+03	+9.962e+03	+0.832
188.700	+1.913e+03	+8.344e+03	+1.034e+04	+0.814
188.800	+1.644e+03	+7.512e+03	+9.319e+03	+0.820
188.900	+1.935e+03	+9.221e+03	+9.455e+03	+0.827
189.000	+2.866e+03	+8.033e+03	+1.014e+04	+0.737
189.100	+6.558e+02	+8.343e+03	+9.668e+03	+0.927
189.200	+1.726e+03	+8.388e+03	+9.648e+03	+0.829
189.300	+2.132e+03	+8.452e+03	+9.640e+03	+0.799
189.400	+2.428e+03	+7.064e+03	+1.118e+04	+0.744
189.500	+2.404e+03	+7.987e+03	+1.105e+04	+0.769
189.600	+2.731e+03	+8.669e+03	+1.031e+04	+0.760
189.700	+7.887e+02	+8.510e+03	+9.565e+03	+0.915
189.800	+1.444e+03	+8.952e+03	+1.013e+04	+0.861
189.900	+9.612e+02	+8.338e+03	+8.941e+03	+0.897
190.000	+1.615e+03	+8.679e+03	+1.081e+04	+0.843
190.100	+3.549e+03	+8.559e+03	+1.071e+04	+0.707
190.200	+6.311e+02	+8.298e+03	+9.456e+03	+0.929
190.300	+2.588e+03	+8.543e+03	+9.885e+03	+0.767
190.400	+1.470e+03	+8.603e+03	+9.699e+03	+0.854
190.500	+2.174e+03	+8.893e+03	+9.529e+03	+0.804
190.600	+2.712e+03	+7.971e+03	+9.088e+03	+0.746
190.700	+1.020e+03	+6.942e+03	+9.347e+03	+0.872
190.800	+1.166e+03	+9.101e+03	+9.535e+03	+0.886
190.900	+1.482e+03	+8.892e+03	+9.547e+03	+0.857
191.000	+1.722e+03	+8.187e+03	+1.018e+04	+0.826
191.100	+2.347e+03	+8.392e+03	+9.423e+03	+0.781
191.200	+2.453e+03	+9.096e+03	+9.601e+03	+0.788
191.300	+2.405e+03	+6.942e+03	+1.051e+04	+0.743
191.400	+2.254e+03	+7.156e+03	+9.759e+03	+0.760
191.500	+1.337e+03	+7.878e+03	+9.617e+03	+0.855
191.600	+2.939e+03	+7.756e+03	+1.018e+04	+0.725
191.700	+2.039e+03	+7.524e+03	+9.721e+03	+0.787
191.800	+1.368e+03	+7.490e+03	+1.008e+04	+0.846
191.900	+2.014e+03	+7.471e+03	+1.035e+04	+0.788
192.000	+1.154e+03	+9.087e+03	+1.030e+04	+0.887
192.100	+2.942e+03	+7.817e+03	+9.103e+03	+0.727
192.200	+2.734e+03	+7.820e+03	+1.023e+04	+0.741
192.300	+1.913e+03	+7.997e+03	+9.083e+03	+0.807
192.400	+1.656e+03	+8.272e+03	+1.014e+04	+0.833
192.500	+1.587e+03	+7.553e+03	+8.446e+03	+0.826
192.600	+9.995e+02	+7.847e+03	+9.650e+03	+0.887
192.700	+2.443e+03	+7.317e+03	+1.057e+04	+0.750
192.800	+2.955e+03	+8.072e+03	+1.082e+04	+0.732
192.900	+1.832e+03	+7.821e+03	+1.001e+04	+0.810
193.000	+2.317e+03	+8.329e+03	+1.112e+04	+0.782
193.100	+3.007e+03	+8.706e+03	+1.067e+04	+0.743
193.200	+2.339e+03	+7.735e+03	+9.821e+03	+0.768
193.300	+3.192e+03	+7.847e+03	+1.041e+04	+0.711
193.400	+2.261e+03	+8.845e+03	+9.742e+03	+0.796
193.500	+1.934e+03	+7.514e+03	+1.049e+04	+0.795
193.600	+2.808e+03	+7.553e+03	+8.938e+03	+0.729
193.700	+2.446e+03	+8.558e+03	+1.099e+04	+0.778
193.800	+1.652e+03	+7.450e+03	+1.007e+04	+0.818
193.900	+3.182e+03	+7.723e+03	+1.116e+04	+0.708
194.000	+3.993e+03	+7.090e+03	+1.093e+04	+0.640
194.100	+3.442e+03	+7.863e+03	+1.037e+04	+0.696
194.200	+1.558e+03	+8.911e+03	+1.074e+04	+0.851
194.300	+1.745e+03	+8.214e+03	+1.029e+04	+0.825
194.400	+2.823e+01	+7.631e+03	+9.519e+03	+0.996
194.500	+2.954e+03	+8.642e+03	+1.067e+04	+0.745
194.600	+1.431e+03	+8.308e+03	+9.851e+03	+0.853
194.700	+3.371e+03	+7.965e+03	+8.454e+03	+0.703
194.800	+2.425e+03	+7.663e+03	+1.058e+04	+0.760
194.900	+4.339e+03	+4.799e+03	+9.713e+03	+0.525
195.000	+5.051e+03	+5.199e+03	+9.393e+03	+0.507
195.100	+4.939e+03	+4.736e+03	+1.014e+04	+0.490
195.200	+4.163e+03	+4.664e+03	+1.082e+04	+0.528
195.300	+5.572e+03	+4.102e+03	+9.989e+03	+0.424
195.400	+5.618e+03	+3.900e+03	+9.931e+03	+0.410
195.500	+4.550e+03	+5.040e+03	+9.930e+03	+0.526
195.600	+5.961e+03	+6.302e+03	+1.019e+04	+0.514
195.700	+5.189e+03	+4.674e+03	+9.759e+03	+0.474
195.800	+4.943e+03	+5.555e+03	+8.725e+03	+0.529
195.900	+5.820e+03	+5.680e+03	+1.038e+04	+0.494
196.000	+5.305e+03	+3.485e+03	+1.037e+04	+0.397
196.100	+6.029e+03	+4.538e+03	+9.523e+03	+0.429
196.200	+6.117e+03	+3.343e+03	+1.088e+04	+0.353
196.300	+4.960e+03	+4.982e+03	+1.010e+04	+0.501
196.400	+4.963e+03	+4.021e+03	+9.023e+03	+0.448
196.500	+5.268e+03	+5.040e+03	+9.909e+03	+0.489
196.600	+5.513e+03	+5.380e+03	+9.518e+03	+0.494
196.700	+5.862e+03	+5.835e+03	+1.019e+04	+0.499
196.800	+4.313e+03	+5.305e+03	+9.888e+03	+0.552
196.900	+5.646e+03	+4.093e+03	+1.009e+04	+0.420
197.000	+3.589e+03	+5.778e+03	+1.082e+04	+0.617
197.100	+4.803e+03	+4.610e+03	+8.895e+03	+0.490
197.200	+5.242e+03	+4.957e+03	+9.344e+03	+0.486
197.300	+4.738e+03	+5.018e+03	+9.821e+03	+0.514
197.400	+5.042e+03	+4.285e+03	+1.015e+04	+0.459
197.500	+5.070e+03	+4.954e+03	+9.871e+03	+0.494
197.600	+4.519e+03	+4.671e+03	+1.058e+04	+0.508
197.700	+6.283e+03	+6.121e+03	+1.029e+04	+0.493
197.800	+4.631e+03	+5.245e+03	+1.028e+04	+0.531
197.900	+5.189e+03	+4.776e+03	+1.020e+04	+0.479
198.000	+5.245e+03	+5.533e+03	+8.870e+03	+0.513
198.100	+5.342e+03	+4.354e+03	+9.912e+03	+0.449
198.200	+5.691e+03	+4.183e+03	+1.043e+04	+0.424
198.300	+4.156e+03	+5.210e+03	+1.066e+04	+0.556
198.400	+3.844e+03	+5.736e+03	+9.435e+03	+0.599
198.500	+5.218e+03	+4.996e+03	+9.373e+03	+0.489
198.600	+5.388e+03	+4.440e+03	+1.105e+04	+0.452
198.700	+5.637e+03	+5.458e+03	+9.222e+03	+0.492
198.800	+4.026e+03	+4.640e+03	+8.851e+03	+0.535
198.900	+5.009e+03	+4.324e+03	+1.019e+04	+0.463
199.000	+5.967e+03	+4.088e+03	+1.038e+04	+0.407
199.100	+5.336e+03	+5.362e+03	+1.065e+04	+0.501
199.200	+6.160e+03	+5.720e+03	+1.043e+04	+0.481
199.300	+5.366e+03	+4.596e+03	+1.098e+04	+0.461
199.400	+5.054e+03	+6.720e+03	+9.972e+03	+0.571
199.500	+3.948e+03	+5.054e+03	+1.104e+04	+0.561
199.600	+5.032e+03	+5.235e+03	+1.062e+04	+0.510
199.700	+4.084e+03	+6.211e+03	+1.002e+04	+0.603
199.800	+4.475e+03	+5.192e+03	+1.048e+04	+0.537
