%t (s)	Idd (a.u.)	Ida (a.u.)	Iaa (a.u.)	FRET E
0.000	+7.693e+03	+3.168e+03	+9.994e+03	+0.292
0.100	+6.808e+03	+3.535e+03	+9.103e+03	+0.342
0.200	+6.160e+03	+1.340e+03	+1.008e+04	+0.179
0.300	+7.419e+03	+1.917e+03	+1.100e+04	+0.205
0.400	+7.270e+03	+1.980e+03	+1.019e+04	+0.214
0.500	+8.071e+03	+1.914e+03	+1.036e+04	+0.192
0.600	+8.836e+03	+1.672e+03	+8.579e+03	+0.159
0.700	+7.669e+03	+3.647e+03	+9.580e+03	+0.322
0.800	+8.247e+03	+3.241e+03	+1.130e+04	+0.282
0.900	+6.812e+03	+1.471e+03	+9.247e+03	+0.178
1.000	+6.736e+03	+2.752e+03	+9.466e+03	+0.290
1.100	+6.455e+03	+2.465e+03	+9.100e+03	+0.276
1.200	+6.590e+03	+1.835e+03	+1.115e+04	+0.218
1.300	+8.129e+03	+2.351e+03	+1.036e+04	+0.224
1.400	+8.827e+03	+2.022e+03	+9.906e+03	+0.186
1.500	+6.878e+03	+2.752e+03	+1.067e+04	+0.286
1.600	+8.299e+03	+2.661e+03	+9.884e+03	+0.243
1.700	+7.111e+03	+3.116e+03	+1.030e+04	+0.305
1.800	+7.842e+03	+2.523e+03	+9.467e+03	+0.243
1.900	+6.676e+03	+2.929e+03	+1.078e+04	+0.305
2.000	+8.280e+03	+2.963e+03	+1.031e+04	+0.264
2.100	+7.565e+03	+3.046e+03	+1.032e+04	+0.287
2.200	+7.635e+03	+2.456e+03	+1.052e+04	+0.243
2.300	+7.189e+03	+2.806e+03	+1.072e+04	+0.281
2.400	+7.111e+03	+2.471e+03	+9.932e+03	+0.258
2.500	+7.000e+03	+2.668e+03	+1.032e+04	+0.276
2.600	+6.897e+03	+3.055e+03	+9.859e+03	+0.307
2.700	+6.990e+03	+1.906e+03	+1.081e+04	+0.214
2.800	+7.672e+03	+1.239e+03	+1.019e+04	+0.139
2.900	+7.951e+03	+3.030e+03	+9.074e+03	+0.276
3.000	+7.654e+03	+3.497e+03	+1.103e+04	+0.314
3.100	+6.963e+03	+1.887e+03	+1.060e+04	+0.213
3.200	+7.436e+03	+1.915e+03	+1.023e+04	+0.205
3.300	+7.408e+03	+2.032e+03	+8.883e+03	+0.215
3.400	+7.662e+03	+2.421e+03	+9.143e+03	+0.240
3.500	+7.864e+03	+1.981e+03	+1.164e+04	+0.201
3.600	+7.717e+03	+1.420e+03	+1.023e+04	+0.155
3.700	+8.212e+03	+1.489e+03	+8.914e+03	+0.153
3.800	+7.786e+03	+3.490e+03	+1.057e+04	+0.310
3.900	+7.105e+03	+2.851e+03	+1.046e+04	+0.286
4.000	+8.025e+03	+2.142e+03	+1.120e+04	+0.211
4.100	+6.309e+03	+2.044e+03	+9.636e+03	+0.245
4.200	+6.828e+03	+2.310e+03	+1.012e+04	+0.253
4.300	+7.220e+03	+1.986e+03	+9.422e+03	+0.216
4.400	+6.163e+03	+3.216e+03	+9.416e+03	+0.343
4.500	+6.768e+03	+2.551e+03	+9.533e+03	+0.274
4.600	+6.755e+03	+2.859e+03	+9.119e+03	+0.297
4.700	+7.529e+03	+3.066e+03	+9.821e+03	+0.289
4.800	+9.238e+03	+2.312e+03	+9.137e+03	+0.200
4.900	+7.099e+03	+1.949e+03	+1.076e+04	+0.215
5.000	+7.228e+03	+2.815e+03	+1.064e+04	+0.280
5.100	+7.617e+03	+3.238e+03	+9.507e+03	+0.298
5.200	+7.567e+03	+1.091e+03	+1.040e+04	+0.126
5.300	+7.170e+03	+4.868e+02	+8.826e+03	+0.064
5.400	+6.540e+03	+2.067e+03	+1.072e+04	+0.240
5.500	+6.680e+03	+2.312e+03	+1.010e+04	+0.257
5.600	+7.458e+03	+1.596e+03	+1.001e+04	+0.176
5.700	+6.868e+03	+1.320e+03	+1.060e+04	+0.161
5.800	+7.407e+03	+2.060e+03	+1.071e+04	+0.218
5.900	+7.897e+03	+2.461e+03	+1.026e+04	+0.238
6.000	+8.342e+03	+2.405e+03	+1.152e+04	+0.224
6.100	+8.272e+03	+3.676e+03	+1.019e+04	+0.308
6.200	+8.302e+03	+2.691e+03	+1.000e+04	+0.245
6.300	+8.030e+03	+2.710e+03	+1.152e+04	+0.252
6.400	+7.726e+03	+1.593e+03	+1.082e+04	+0.171
6.500	+7.138e+03	+3.487e+03	+9.497e+03	+0.328
6.600	+8.536e+03	+2.363e+03	+9.917e+03	+0.217
6.700	+8.656e+03	+2.229e+03	+9.723e+03	+0.205
6.800	+8.334e+03	+4.400e+03	+1.054e+04	+0.346
6.900	+8.172e+03	+2.086e+03	+9.813e+03	+0.203
7.000	+7.280e+03	+2.392e+03	+1.067e+04	+0.247
7.100	+7.660e+03	+1.322e+03	+1.062e+04	+0.147
7.200	+7.906e+03	+3.272e+03	+9.848e+03	+0.293
7.300	+8.068e+03	+2.380e+03	+1.025e+04	+0.228
7.400	+7.469e+03	+2.826e+03	+8.478e+03	+0.274
7.500	+7.558e+03	+3.125e+03	+8.980e+03	+0.293
7.600	+7.817e+03	+3.998e+03	+8.393e+03	+0.338
7.700	+7.833e+03	+2.400e+03	+9.661e+03	+0.235
7.800	+7.582e+03	+2.920e+03	+1.022e+04	+0.278
7.900	+6.842e+03	+3.219e+03	+1.062e+04	+0.320
8.000	+7.216e+03	+2.339e+03	+9.509e+03	+0.245
8.100	+8.548e+03	+3.091e+03	+9.860e+03	+0.266
8.200	+8.058e+03	+1.753e+03	+1.077e+04	+0.179
8.300	+8.310e+03	+2.903e+03	+9.676e+03	+0.259
8.400	+8.403e+03	+2.991e+03	+9.760e+03	+0.262
8.500	+6.172e+03	+3.354e+03	+8.726e+03	+0.352
8.600	+7.536e+03	+4.028e+03	+9.905e+03	+0.348
8.700	+7.889e+03	+2.444e+03	+1.062e+04	+0.237
8.800	+6.592e+03	+2.494e+03	+9.680e+03	+0.274
8.900	+6.895e+03	+3.058e+03	+9.573e+03	+0.307
9.000	+6.498e+03	+3.067e+03	+9.243e+03	+0.321
9.100	+6.302e+03	+1.549e+03	+1.003e+04	+0.197
9.200	+7.804e+03	+2.564e+03	+9.481e+03	+0.247
9.300	+6.506e+03	+2.102e+03	+1.037e+04	+0.244
9.400	+7.509e+03	+3.438e+03	+1.010e+04	+0.314
9.500	+7.335e+03	+3.686e+03	+1.052e+04	+0.334
9.600	+7.991e+03	+3.352e+03	+9.664e+03	+0.296
9.700	+7.171e+03	+3.473e+03	+1.110e+04	+0.326
9.800	+9.041e+03	+3.172e+03	+1.039e+04	+0.260
9.900	+7.439e+03	+2.281e+03	+1.012e+04	+0.235
10.000	+7.775e+03	+2.466e+03	+1.009e+04	+0.241
10.100	+7.210e+03	+2.568e+03	+9.283e+03	+0.263
10.200	+7.900e+03	+2.407e+03	+8.793e+03	+0.234
10.300	+7.251e+03	+2.339e+03	+1.078e+04	+0.244
10.400	+8.053e+03	+1.902e+03	+1.100e+04	+0.191
10.500	+6.499e+03	+3.010e+03	+9.338e+03	+0.317
10.600	+7.657e+03	+1.796e+03	+1.065e+04	+0.190
10.700	+8.010e+03	+2.727e+03	+1.004e+04	+0.254
10.800	+7.154e+03	+2.577e+03	+1.034e+04	+0.265
10.900	+6.966e+03	+2.626e+03	+1.070e+04	+0.274
11.000	+7.722e+03	+1.233e+03	+9.428e+03	+0.138
11.100	+7.746e+03	+2.038e+03	+1.028e+04	+0.208
11.200	+7.717e+03	+2.443e+03	+9.272e+03	+0.240
11.300	+7.433e+03	+2.642e+03	+1.042e+04	+0.262
11.400	+7.357e+03	+2.262e+03	+8.891e+03	+0.235
11.500	+7.682e+03	+9.570e+02	+9.328e+03	+0.111
11.600	+7.942e+03	+8.596e+02	+9.060e+03	+0.098
11.700	+7.328e+03	+3.148e+03	+9.475e+03	+0.301
11.800	+8.232e+03	+1.700e+03	+1.101e+04	+0.171
11.900	+7.414e+03	+2.954e+03	+9.573e+03	+0.285
12.000	+5.467e+03	+2.173e+03	+9.615e+03	+0.284
12.100	+7.270e+03	+3.035e+03	+9.900e+03	+0.295
12.200	+7.285e+03	+3.041e+03	+1.055e+04	+0.294
12.300	+8.420e+03	+2.293e+03	+1.031e+04	+0.214
12.400	+6.678e+03	+2.484e+03	+1.044e+04	+0.271
12.500	+6.817e+03	+2.459e+03	+1.067e+04	+0.265
12.600	+7.366e+03	+2.453e+03	+8.987e+03	+0.250
12.700	+6.612e+03	+2.336e+03	+9.768e+03	+0.261
12.800	+6.742e+03	+3.895e+03	+9.989e+03	+0.366
12.900	+7.313e+03	+2.713e+03	+1.120e+04	+0.271
13.000	+8.259e+03	+1.933e+03	+1.089e+04	+0.190
13.100	+7.537e+03	+1.675e+03	+9.869e+03	+0.182
13.200	+7.625e+03	+1.242e+03	+9.393e+03	+0.140
13.300	+7.044e+03	+3.011e+03	+9.069e+03	+0.299
13.400	+6.748e+03	+2.156e+03	+1.073e+04	+0.242
13.500	+7.209e+03	+2.378e+03	+1.009e+04	+0.248
13.600	+8.393e+03	+2.144e+03	+1.076e+04	+0.203
13.700	+7.130e+03	+1.581e+03	+1.015e+04	+0.182
13.800	+8.001e+03	+2.073e+03	+9.308e+03	+0.206
13.900	+6.362e+03	+2.195e+03	+9.539e+03	+0.256
14.000	+7.798e+03	+3.349e+03	+9.688e+03	+0.300
14.100	+7.187e+03	+2.818e+03	+1.035e+04	+0.282
14.200	+9.387e+03	+3.520e+03	+1.192e+04	+0.273
14.300	+7.557e+03	+2.038e+03	+1.012e+04	+0.212
14.400	+7.896e+03	+2.112e+03	+9.691e+03	+0.211
14.500	+6.718e+03	+2.341e+03	+1.048e+04	+0.258
14.600	+6.952e+03	+2.553e+03	+1.007e+04	+0.269
14.700	+6.996e+03	+2.181e+03	+9.742e+03	+0.238
14.800	+6.785e+03	+3.455e+03	+9.355e+03	+0.337
14.900	+7.815e+03	+3.560e+03	+1.080e+04	+0.313
15.000	+7.449e+03	+9.155e+02	+9.790e+03	+0.109
15.100	+6.937e+03	+2.148e+03	+9.560e+03	+0.236
15.200	+6.690e+03	+2.085e+03	+8.951e+03	+0.238
15.300	+7.753e+03	+1.605e+03	+1.043e+04	+0.172
15.400	+7.295e+03	+2.169e+03	+1.063e+04	+0.229
15.500	+6.700e+03	+2.427e+03	+1.053e+04	+0.266
15.600	+7.507e+03	+2.088e+03	+1.091e+04	+0.218
15.700	+7.497e+03	+1.597e+03	+1.112e+04	+0.176
15.800	+8.221e+03	+1.685e+03	+1.012e+04	+0.170
15.900	+6.721e+03	+1.922e+03	+1.029e+04	+0.222
16.000	+7.136e+03	+1.088e+03	+9.486e+03	+0.132
16.100	+7.190e+03	+2.556e+03	+1.058e+04	+0.262
16.200	+7.693e+03	+2.047e+03	+1.125e+04	+0.210
16.300	+8.497e+03	+2.407e+03	+9.848e+03	+0.221
16.400	+7.027e+03	-2.098e+01	+9.876e+03	-0.003
16.500	+7.712e+03	+1.759e+03	+9.317e+03	+0.186
16.600	+7.583e+03	+3.409e+03	+1.145e+04	+0.310
16.700	+6.929e+03	+3.297e+03	+9.717e+03	+0.322
16.800	+7.915e+03	+2.507e+03	+9.740e+03	+0.241
16.900	+7.324e+03	+2.464e+03	+8.271e+03	+0.252
17.000	+7.348e+03	+2.738e+03	+1.046e+04	+0.271
17.100	+7.065e+03	+3.004e+03	+9.784e+03	+0.298
17.200	+6.204e+03	+2.277e+03	+1.053e+04	+0.269
17.300	+7.634e+03	+2.083e+03	+1.053e+04	+0.214
17.400	+8.438e+03	+2.636e+03	+1.014e+04	+0.238
17.500	+7.738e+03	+2.081e+03	+1.160e+04	+0.212
17.600	+7.077e+03	+2.156e+03	+9.137e+03	+0.234
17.700	+7.480e+03	+2.834e+03	+9.509e+03	+0.275
17.800	+6.412e+03	+3.213e+03	+1.082e+04	+0.334
17.900	+8.467e+03	+2.423e+03	+8.518e+03	+0.222
18.000	+7.725e+03	+3.118e+03	+9.384e+03	+0.288
18.100	+7.039e+03	+4.049e+03	+1.030e+04	+0.365
18.200	+6.866e+03	+2.663e+03	+9.826e+03	+0.279
18.300	+7.942e+03	+1.082e+03	+1.083e+04	+0.120
18.400	+6.531e+03	+1.477e+03	+1.002e+04	+0.184
18.500	+7.522e+03	+2.445e+03	+1.024e+04	+0.245
18.600	+7.811e+03	+2.011e+03	+9.027e+03	+0.205
18.700	+8.368e+03	+3.338e+03	+1.049e+04	+0.285
18.800	+7.874e+03	+2.588e+03	+9.402e+03	+0.247
18.900	+6.496e+03	+3.725e+03	+8.945e+03	+0.364
19.000	+8.199e+03	+2.437e+03	+1.035e+04	+0.229
19.100	+6.223e+03	+2.577e+03	+9.695e+03	+0.293
19.200	+6.805e+03	+2.551e+03	+1.006e+04	+0.273
19.300	+7.691e+03	+2.520e+03	+9.719e+03	+0.247
19.400	+7.276e+03	+3.594e+03	+1.094e+04	+0.331
19.500	+7.176e+03	+2.275e+03	+9.275e+03	+0.241
19.600	+7.477e+03	+2.817e+03	+9.346e+03	+0.274
19.700	+7.398e+03	+3.909e+03	+1.164e+04	+0.346
19.800	+6.786e+03	+1.755e+03	+9.581e+03	+0.206
19.900	+8.049e+03	+2.235e+03	+9.868e+03	+0.217
20.000	+7.527e+03	+2.111e+03	+1.004e+04	+0.219
20.100	+7.703e+03	+2.199e+03	+1.122e+04	+0.222
20.200	+6.960e+03	+3.385e+03	+9.274e+03	+0.327
20.300	+7.907e+03	+1.933e+03	+1.019e+04	+0.196
20.400	+8.689e+03	+3.314e+03	+1.104e+04	+0.276
20.500	+6.652e+03	+3.589e+03	+9.319e+03	+0.350
20.600	+7.878e+03	+2.087e+03	+1.049e+04	+0.209
20.700	+7.431e+03	+3.137e+03	+9.695e+03	+0.297
20.800	+8.672e+03	+1.201e+03	+9.298e+03	+0.122
20.900	+7.471e+03	+1.768e+03	+9.743e+03	+0.191
21.000	+7.546e+03	+3.445e+03	+1.004e+04	+0.313
21.100	+7.790e+03	+2.660e+03	+1.093e+04	+0.255
21.200	+8.516e+03	+1.632e+03	+9.843e+03	+0.161
21.300	+6.865e+03	+2.228e+03	+1.033e+04	+0.245
21.400	+7.833e+03	+2.772e+03	+9.569e+03	+0.261
21.500	+7.413e+03	+2.891e+03	+8.994e+03	+0.281
21.600	+7.376e+03	+2.665e+03	+9.246e+03	+0.265
21.700	+7.931e+03	+1.839e+03	+1.171e+04	+0.188
21.800	+7.829e+03	+1.033e+03	+1.073e+04	+0.117
21.900	+7.552e+03	+2.439e+03	+9.859e+03	+0.244
22.000	+8.061e+03	+3.181e+03	+9.655e+03	+0.283
22.100	+7.105e+03	+1.984e+03	+8.849e+03	+0.218
22.200	+7.509e+03	+2.400e+03	+9.770e+03	+0.242
22.300	+6.800e+03	+2.389e+03	+8.376e+03	+0.260
22.400	+7.418e+03	+1.454e+03	+1.132e+04	+0.164
22.500	+7.042e+03	+2.252e+03	+1.123e+04	+0.242
22.600	+7.004e+03	+2.061e+03	+1.022e+04	+0.227
22.700	+8.206e+03	+2.132e+03	+1.022e+04	+0.206
22.800	+6.965e+03	+2.113e+03	+9.679e+03	+0.233
22.900	+8.102e+03	+3.301e+03	+1.039e+04	+0.289
23.000	+8.256e+03	+2.256e+03	+9.469e+03	+0.215
23.100	+7.267e+03	+1.638e+03	+1.055e+04	+0.184
23.200	+8.120e+03	+1.553e+03	+8.574e+03	+0.161
23.300	+7.381e+03	+3.115e+03	+9.766e+03	+0.297
23.400	+6.947e+03	+2.195e+03	+8.388e+03	+0.240
23.500	+7.081e+03	+2.542e+03	+9.069e+03	+0.264
23.600	+6.756e+03	+3.642e+03	+8.736e+03	+0.350
23.700	+7.102e+03	+2.543e+03	+1.001e+04	+0.264
23.800	+7.136e+03	+2.176e+03	+9.489e+03	+0.234
23.900	+7.238e+03	+2.399e+03	+1.049e+04	+0.249
24.000	+8.528e+03	+2.040e+03	+1.023e+04	+0.193
24.100	+6.363e+03	+2.350e+03	+9.959e+03	+0.270
24.200	+8.354e+03	+2.258e+03	+1.054e+04	+0.213
24.300	+6.844e+03	+6.751e+02	+9.482e+03	+0.090
24.400	+8.651e+03	+1.358e+03	+9.947e+03	+0.136
24.500	+8.040e+03	+2.877e+03	+1.031e+04	+0.264
24.600	+8.003e+03	+2.002e+03	+1.035e+04	+0.200
24.700	+6.582e+03	+3.672e+03	+1.135e+04	+0.358
24.800	+8.049e+03	+1.594e+03	+9.907e+03	+0.165
24.900	+7.928e+03	+2.466e+03	+9.078e+03	+0.237
25.000	+7.972e+03	+2.198e+03	+1.063e+04	+0.216
25.100	+8.090e+03	+2.397e+03	+9.788e+03	+0.229
25.200	+8.109e+03	+2.232e+03	+9.253e+03	+0.216
25.300	+6.730e+03	+7.277e+02	+9.383e+03	+0.098
25.400	+9.071e+03	+2.149e+03	+1.069e+04	+0.192
25.500	+6.863e+03	+3.101e+03	+1.053e+04	+0.311
25.600	+7.178e+03	+3.508e+03	+9.915e+03	+0.328
25.700	+7.226e+03	+2.928e+03	+1.016e+04	+0.288
25.800	+7.328e+03	+3.117e+03	+8.657e+03	+0.298
25.900	+8.406e+03	+2.145e+03	+1.015e+04	+0.203
26.000	+7.593e+03	+2.948e+03	+9.545e+03	+0.280
26.100	+7.056e+03	+2.340e+03	+9.231e+03	+0.249
26.200	+7.382e+03	+3.265e+03	+9.794e+03	+0.307
26.300	+8.570e+03	+2.038e+03	+9.392e+03	+0.192
26.400	+7.772e+03	+2.093e+03	+1.083e+04	+0.212
26.500	+7.391e+03	+2.517e+03	+8.744e+03	+0.254
26.600	+7.303e+03	+2.237e+03	+1.089e+04	+0.234
26.700	+7.534e+03	+1.341e+03	+9.758e+03	+0.151
26.800	+8.051e+03	+1.465e+03	+1.140e+04	+0.154
26.900	+7.353e+03	+2.555e+03	+9.332e+03	+0.258
27.000	+8.563e+03	+2.798e+03	+1.012e+04	+0.246
27.100	+4.821e+03	+2.582e+03	+8.493e+03	+0.349
27.200	+7.506e+03	+3.340e+03	+9.498e+03	+0.308
27.300	+7.138e+03	+2.849e+03	+9.563e+03	+0.285
27.400	+7.235e+03	+3.574e+03	+8.235e+03	+0.331
27.500	+8.987e+03	+2.123e+03	+9.299e+03	+0.191
27.600	+6.412e+03	+2.018e+03	+9.050e+03	+0.239
27.700	+7.399e+03	+1.227e+03	+1.043e+04	+0.142
27.800	+6.461e+03	+1.793e+03	+1.043e+04	+0.217
27.900	+7.317e+03	+1.945e+03	+9.825e+03	+0.210
28.000	+7.133e+03	+1.453e+03	+1.029e+04	+0.169
28.100	+6.852e+03	+4.231e+03	+1.076e+04	+0.382
28.200	+6.885e+03	+1.670e+03	+1.018e+04	+0.195
28.300	+7.425e+03	+3.440e+03	+1.025e+04	+0.317
28.400	+7.522e+03	+3.483e+03	+1.011e+04	+0.316
28.500	+6.038e+03	+1.899e+03	+9.869e+03	+0.239
28.600	+8.119e+03	+2.339e+03	+1.090e+04	+0.224
28.700	+7.378e+03	+1.705e+03	+9.441e+03	+0.188
28.800	+8.982e+03	+2.697e+03	+9.724e+03	+0.231
28.900	+6.593e+03	+3.966e+03	+1.020e+04	+0.376
29.000	+7.790e+03	+2.372e+03	+1.025e+04	+0.233
29.100	+7.797e+03	+1.042e+03	+9.164e+03	+0.118
29.200	+7.500e+03	+3.112e+03	+1.086e+04	+0.293
29.300	+6.941e+03	+1.712e+03	+9.880e+03	+0.198
29.400	+7.314e+03	+2.583e+03	+9.660e+03	+0.261
29.500	+7.694e+03	+2.616e+03	+9.960e+03	+0.254
29.600	+9.149e+03	+1.683e+03	+1.021e+04	+0.155
29.700	+8.371e+03	+2.481e+03	+1.081e+04	+0.229
29.800	+8.016e+03	+2.958e+03	+1.012e+04	+0.270
29.900	+6.914e+03	+2.425e+03	+9.676e+03	+0.260
30.000	+7.798e+03	+4.040e+03	+9.802e+03	+0.341
30.100	+7.647e+03	+2.558e+03	+9.093e+03	+0.251
30.200	+7.507e+03	+2.471e+03	+1.013e+04	+0.248
30.300	+7.932e+03	+1.811e+03	+1.010e+04	+0.186
30.400	+7.845e+03	+2.350e+03	+1.022e+04	+0.231
30.500	+8.848e+03	+2.600e+03	+8.696e+03	+0.227
30.600	+6.939e+03	+2.009e+03	+1.080e+04	+0.224
30.700	+7.735e+03	+2.369e+03	+9.125e+03	+0.234
30.800	+8.199e+03	+1.956e+03	+8.887e+03	+0.193
30.900	+6.636e+03	+2.818e+03	+9.924e+03	+0.298
31.000	+7.734e+03	+1.949e+03	+1.009e+04	+0.201
31.100	+5.836e+03	+2.561e+03	+8.975e+03	+0.305
31.200	+8.160e+03	+2.604e+03	+1.037e+04	+0.242
31.300	+8.491e+03	+1.895e+03	+1.006e+04	+0.182
31.400	+6.299e+03	+1.707e+03	+9.604e+03	+0.213
31.500	+6.570e+03	+2.295e+03	+9.221e+03	+0.259
31.600	+7.272e+03	+2.861e+03	+1.084e+04	+0.282
31.700	+7.500e+03	+3.254e+03	+8.780e+03	+0.303
31.800	+7.109e+03	+1.957e+03	+9.449e+03	+0.216
31.900	+7.818e+03	+2.135e+03	+1.023e+04	+0.214
32.000	+7.516e+03	+2.237e+03	+1.072e+04	+0.229
32.100	+6.745e+03	+2.812e+03	+1.008e+04	+0.294
32.200	+6.432e+03	+2.037e+03	+9.980e+03	+0.241
32.300	+7.800e+03	+4.064e+03	+9.570e+03	+0.343
32.400	+6.874e+03	+2.587e+03	+1.022e+04	+0.273
32.500	+6.482e+03	+2.461e+03	+9.899e+03	+0.275
32.600	+6.888e+03	+2.372e+03	+9.714e+03	+0.256
32.700	+6.313e+03	+2.044e+03	+1.002e+04	+0.245
32.800	+8.634e+03	+1.799e+03	+1.038e+04	+0.172
32.900	+7.901e+03	+1.182e+03	+9.391e+03	+0.130
33.000	+7.108e+03	+2.773e+03	+1.099e+04	+0.281
33.100	+7.316e+03	+3.018e+03	+1.089e+04	+0.292
33.200	+7.296e+03	+1.421e+03	+1.018e+04	+0.163
33.300	+8.248e+03	+2.265e+03	+1.061e+04	+0.215
33.400	+8.232e+03	+2.500e+03	+1.189e+04	+0.233
33.500	+7.478e+03	+1.774e+03	+1.013e+04	+0.192
33.600	+8.409e+03	+2.187e+03	+1.114e+04	+0.206
33.700	+4.785e+03	+4.688e+03	+1.055e+04	+0.495
33.800	+3.143e+03	+8.136e+03	+1.182e+04	+0.721
33.900	+2.513e+03	+7.557e+03	+9.099e+03	+0.750
34.000	+2.944e+03	+7.815e+03	+1.038e+04	+0.726
34.100	+3.502e+03	+7.864e+03	+1.065e+04	+0.692
34.200	+1.882e+03	+7.944e+03	+9.536e+03	+0.808
34.300	+1.189e+03	+7.584e+03	+9.501e+03	+0.864
34.400	+1.617e+03	+7.642e+03	+1.039e+04	+0.825
34.500	+2.222e+03	+7.520e+03	+1.041e+04	+0.772
34.600	+9.623e+02	+8.551e+03	+1.004e+04	+0.899
34.700	+2.334e+03	+7.140e+03	+1.067e+04	+0.754
34.800	+3.289e+03	+6.827e+03	+1.003e+04	+0.675
34.900	+3.039e+03	+8.456e+03	+9.165e+03	+0.736
35.000	+1.967e+03	+8.582e+03	+9.719e+03	+0.814
35.100	+2.099e+03	+8.508e+03	+1.194e+04	+0.802
35.200	+4.508e+02	+8.035e+03	+9.275e+03	+0.947
35.300	+2.293e+03	+7.858e+03	+1.090e+04	+0.774
35.400	+1.746e+03	+7.356e+03	+8.708e+03	+0.808
35.500	+1.237e+03	+8.166e+03	+9.429e+03	+0.868
35.600	+1.701e+03	+7.595e+03	+9.852e+03	+0.817
35.700	+2.029e+03	+6.677e+03	+9.469e+03	+0.767
35.800	+1.876e+03	+8.624e+03	+1.021e+04	+0.821
35.900	+2.364e+03	+7.458e+03	+1.031e+04	+0.759
36.000	+1.510e+03	+8.564e+03	+9.652e+03	+0.850
36.100	+2.357e+03	+6.965e+03	+9.678e+03	+0.747
36.200	+1.153e+03	+7.361e+03	+9.916e+03	+0.865
36.300	+2.022e+03	+7.434e+03	+1.043e+04	+0.786
36.400	+1.181e+03	+9.038e+03	+9.763e+03	+0.884
36.500	+1.556e+03	+7.542e+03	+9.249e+03	+0.829
36.600	+1.425e+03	+8.604e+03	+1.034e+04	+0.858
36.700	+2.132e+03	+7.570e+03	+9.625e+03	+0.780
36.800	+2.965e+03	+8.475e+03	+1.040e+04	+0.741
36.900	+2.892e+03	+8.732e+03	+9.790e+03	+0.751
37.000	+9.983e+02	+8.327e+03	+1.207e+04	+0.893
37.100	+1.516e+03	+8.738e+03	+9.776e+03	+0.852
37.200	+1.601e+03	+9.694e+03	+1.062e+04	+0.858
37.300	+1.715e+03	+8.020e+03	+1.068e+04	+0.824
37.400	+2.644e+03	+7.151e+03	+1.026e+04	+0.730
37.500	+1.846e+03	+8.874e+03	+1.021e+04	+0.828
37.600	+2.719e+03	+8.929e+03	+1.104e+04	+0.767
37.700	+1.878e+03	+7.751e+03	+1.056e+04	+0.805
37.800	+2.221e+03	+8.614e+03	+8.319e+03	+0.795
37.900	+3.115e+03	+8.044e+03	+8.128e+03	+0.721
38.000	+3.247e+03	+7.994e+03	+8.944e+03	+0.711
38.100	+4.205e+02	+5.919e+03	+1.040e+04	+0.934
38.200	+2.320e+03	+7.266e+03	+9.855e+03	+0.758
38.300	+2.959e+03	+7.728e+03	+1.028e+04	+0.723
38.400	+1.515e+03	+7.794e+03	+8.976e+03	+0.837
38.500	+1.699e+03	+8.454e+03	+1.125e+04	+0.833
38.600	+2.146e+03	+8.302e+03	+1.005e+04	+0.795
38.700	+3.076e+03	+7.477e+03	+9.526e+03	+0.709
38.800	+1.589e+03	+7.411e+03	+1.126e+04	+0.823
38.900	+1.935e+03	+8.811e+03	+1.007e+04	+0.820
39.000	+1.599e+03	+8.735e+03	+9.669e+03	+0.845
39.100	+1.570e+03	+8.962e+03	+1.039e+04	+0.851
39.200	+1.336e+03	+9.378e+03	+9.572e+03	+0.875
39.300	+1.631e+03	+8.946e+03	+9.512e+03	+0.846
39.400	+2.435e+03	+6.864e+03	+1.082e+04	+0.738
39.500	+4.387e+03	+5.976e+03	+1.125e+04	+0.577
39.600	+4.690e+03	+3.984e+03	+1.074e+04	+0.459
39.700	+3.965e+03	+6.298e+03	+9.923e+03	+0.614
39.800	+5.709e+03	+6.525e+03	+1.032e+04	+0.533
39.900	+5.069e+03	+4.086e+03	+1.006e+04	+0.446
40.000	+5.580e+03	+4.502e+03	+8.671e+03	+0.447
40.100	+4.305e+03	+4.299e+03	+1.052e+04	+0.500
40.200	+5.533e+03	+4.948e+03	+1.143e+04	+0.472
40.300	+5.008e+03	+4.104e+03	+1.058e+04	+0.450
40.400	+6.174e+03	+3.708e+03	+9.408e+03	+0.375
40.500	+4.540e+03	+4.446e+03	+9.491e+03	+0.495
40.600	+5.918e+03	+3.992e+03	+1.002e+04	+0.403
40.700	+5.716e+03	+5.670e+03	+1.023e+04	+0.498
40.800	+6.154e+03	+3.990e+03	+9.982e+03	+0.393
40.900	+4.934e+03	+5.005e+03	+9.095e+03	+0.504
41.000	+5.093e+03	+5.414e+03	+9.840e+03	+0.515
41.100	+5.741e+03	+5.163e+03	+1.072e+04	+0.474
41.200	+4.635e+03	+5.279e+03	+1.012e+04	+0.532
41.300	+5.378e+03	+4.526e+03	+1.030e+04	+0.457
41.400	+4.093e+03	+5.547e+03	+9.937e+03	+0.575
41.500	+6.298e+03	+4.298e+03	+1.005e+04	+0.406
41.600	+7.523e+03	+2.872e+03	+1.086e+04	+0.276
41.700	+6.188e+03	+3.141e+03	+9.709e+03	+0.337
41.800	+8.019e+03	+2.428e+03	+1.070e+04	+0.232
41.900	+6.993e+03	+2.357e+03	+1.085e+04	+0.252
42.000	+6.862e+03	+2.833e+03	+9.066e+03	+0.292
42.100	+7.608e+03	+1.472e+03	+9.903e+03	+0.162
42.200	+7.205e+03	+2.582e+03	+1.034e+04	+0.264
42.300	+6.863e+03	+2.660e+03	+8.835e+03	+0.279
42.400	+7.099e+03	+1.955e+03	+9.945e+03	+0.216
42.500	+7.091e+03	+1.572e+03	+9.880e+03	+0.181
42.600	+7.328e+03	+2.256e+03	+9.969e+03	+0.235
42.700	+8.184e+03	+2.378e+03	+9.857e+03	+0.225
42.800	+7.047e+03	+2.544e+03	+1.043e+04	+0.265
42.900	+7.125e+03	+3.444e+03	+9.305e+03	+0.326
43.000	+7.768e+03	+2.864e+03	+1.041e+04	+0.269
43.100	+7.635e+03	+2.610e+03	+9.721e+03	+0.255
43.200	+7.941e+03	+1.830e+03	+1.079e+04	+0.187
43.300	+6.853e+03	+2.405e+03	+9.036e+03	+0.260
43.400	+7.417e+03	+3.042e+03	+9.109e+03	+0.291
43.500	+8.406e+03	+3.211e+03	+9.280e+03	+0.276
43.600	+6.029e+03	+4.293e+03	+1.037e+04	+0.416
43.700	+4.746e+03	+5.635e+03	+1.003e+04	+0.543
43.800	+4.518e+03	+4.866e+03	+9.736e+03	+0.519
43.900	+5.101e+03	+3.895e+03	+1.013e+04	+0.433
44.000	+4.867e+03	+4.678e+03	+9.456e+03	+0.490
44.100	+5.355e+03	+4.848e+03	+8.651e+03	+0.475
44.200	+5.799e+03	+3.314e+03	+1.028e+04	+0.364
44.300	+4.503e+03	+5.081e+03	+1.006e+04	+0.530
44.400	+6.179e+03	+5.037e+03	+1.090e+04	+0.449
44.500	+4.801e+03	+5.300e+03	+9.486e+03	+0.525
44.600	+5.413e+03	+5.276e+03	+9.819e+03	+0.494
44.700	+5.065e+03	+5.734e+03	+9.467e+03	+0.531
44.800	+4.258e+03	+5.495e+03	+9.944e+03	+0.563
44.900	+5.116e+03	+5.159e+03	+8.101e+03	+0.502
45.000	+6.115e+03	+4.288e+03	+9.452e+03	+0.412
45.100	+4.511e+03	+5.122e+03	+1.015e+04	+0.532
45.200	+6.475e+03	+5.285e+03	+1.006e+04	+0.449
45.300	+6.094e+03	+4.259e+03	+1.027e+04	+0.411
45.400	+4.832e+03	+4.364e+03	+1.068e+04	+0.475
45.500	+5.330e+03	+4.790e+03	+8.283e+03	+0.473
45.600	+6.016e+03	+5.192e+03	+1.052e+04	+0.463
45.700	+4.245e+03	+3.773e+03	+9.269e+03	+0.471
45.800	+5.258e+03	+4.526e+03	+1.020e+04	+0.463
45.900	+5.022e+03	+4.597e+03	+9.974e+03	+0.478
46.000	+3.527e+03	+4.565e+03	+9.017e+03	+0.564
46.100	+5.725e+03	+5.758e+03	+9.617e+03	+0.501
46.200	+5.439e+03	+5.284e+03	+1.091e+04	+0.493
46.300	+6.314e+03	+4.864e+03	+1.003e+04	+0.435
46.400	+4.971e+03	+6.350e+03	+9.764e+03	+0.561
46.500	+4.580e+03	+5.845e+03	+1.037e+04	+0.561
46.600	+4.965e+03	+5.427e+03	+1.057e+04	+0.522
46.700	+5.498e+03	+6.228e+03	+9.591e+03	+0.531
46.800	+5.218e+03	+4.894e+03	+9.164e+03	+0.484
46.900	+5.377e+03	+4.726e+03	+9.805e+03	+0.468
47.000	+4.582e+03	+5.533e+03	+9.123e+03	+0.547
47.100	+5.921e+03	+5.171e+03	+9.783e+03	+0.466
47.200	+4.872e+03	+5.770e+03	+1.009e+04	+0.542
47.300	+5.674e+03	+4.599e+03	+1.001e+04	+0.448
47.400	+4.612e+03	+4.581e+03	+1.030e+04	+0.498
47.500	+4.989e+03	+4.664e+03	+9.200e+03	+0.483
47.600	+5.136e+03	+4.461e+03	+1.071e+04	+0.465
47.700	+5.049e+03	+3.546e+03	+1.160e+04	+0.413
47.800	+5.488e+03	+5.179e+03	+1.116e+04	+0.486
47.900	+4.218e+03	+5.342e+03	+9.676e+03	+0.559
48.000	+6.389e+03	+5.155e+03	+1.016e+04	+0.447
48.100	+4.456e+03	+3.909e+03	+9.380e+03	+0.467
48.200	+4.709e+03	+5.134e+03	+9.687e+03	+0.522
48.300	+3.682e+03	+5.617e+03	+9.439e+03	+0.604
48.400	+4.280e+03	+4.814e+03	+1.048e+04	+0.529
48.500	+5.134e+03	+4.423e+03	+9.666e+03	+0.463
48.600	+5.199e+03	+4.546e+03	+9.814e+03	+0.467
48.700	+4.407e+03	+3.945e+03	+1.070e+04	+0.472
48.800	+5.504e+03	+4.837e+03	+1.065e+04	+0.468
48.900	+5.200e+03	+5.475e+03	+1.065e+04	+0.513
49.000	+4.843e+03	+4.565e+03	+9.981e+03	+0.485
49.100	+5.320e+03	+4.068e+03	+1.066e+04	+0.433
49.200	+4.839e+03	+5.143e+03	+9.376e+03	+0.515
49.300	+5.130e+03	+5.101e+03	+1.022e+04	+0.499
49.400	+5.609e+03	+4.197e+03	+1.009e+04	+0.428
49.500	+5.637e+03	+6.243e+03	+9.619e+03	+0.526
49.600	+5.127e+03	+4.815e+03	+1.030e+04	+0.484
49.700	+5.301e+03	+4.207e+03	+1.074e+04	+0.442
49.800	+5.222e+03	+4.951e+03	+8.462e+03	+0.487
49.900	+5.668e+03	+4.461e+03	+1.064e+04	+0.440
50.000	+5.032e+03	+4.646e+03	+9.648e+03	+0.480
50.100	+6.086e+03	+4.746e+03	+9.749e+03	+0.438
50.200	+5.167e+03	+3.785e+03	+9.808e+03	+0.423
50.300	+5.269e+03	+3.656e+03	+1.039e+04	+0.410
50.400	+4.907e+03	+4.872e+03	+1.089e+04	+0.498
50.500	+6.250e+03	+4.469e+03	+8.655e+03	+0.417
50.600	+5.285e+03	+5.069e+03	+1.009e+04	+0.490
50.700	+5.442e+03	+5.893e+03	+9.093e+03	+0.520
50.800	+5.549e+03	+4.761e+03	+9.104e+03	+0.462
50.900	+4.802e+03	+4.842e+03	+1.013e+04	+0.502
51.000	+5.359e+03	+4.561e+03	+9.863e+03	+0.460
51.100	+5.063e+03	+4.591e+03	+9.938e+03	+0.476
51.200	+5.932e+03	+6.527e+03	+9.866e+03	+0.524
51.300	+4.817e+03	+4.066e+03	+1.061e+04	+0.458
51.400	+3.672e+03	+4.177e+03	+9.074e+03	+0.532
51.500	+4.713e+03	+4.810e+03	+9.072e+03	+0.505
51.600	+5.286e+03	+4.287e+03	+8.584e+03	+0.448
51.700	+5.318e+03	+5.120e+03	+9.801e+03	+0.491
51.800	+4.970e+03	+5.614e+03	+1.015e+04	+0.530
51.900	+5.648e+03	+5.444e+03	+9.504e+03	+0.491
52.000	+6.217e+03	+4.125e+03	+1.041e+04	+0.399
52.100	+6.007e+03	+6.037e+03	+1.082e+04	+0.501
52.200	+4.766e+03	+4.606e+03	+1.199e+04	+0.491
52.300	+5.881e+03	+5.689e+03	+9.664e+03	+0.492
52.400	+4.500e+03	+6.077e+03	+1.088e+04	+0.575
52.500	+5.380e+03	+5.753e+03	+1.024e+04	+0.517
52.600	+5.042e+03	+6.032e+03	+9.977e+03	+0.545
52.700	+4.561e+03	+5.890e+03	+9.848e+03	+0.564
52.800	+4.317e+03	+4.301e+03	+1.104e+04	+0.499
52.900	+6.279e+03	+5.198e+03	+1.001e+04	+0.453
53.000	+4.913e+03	+3.576e+03	+9.880e+03	+0.421
53.100	+4.178e+03	+4.810e+03	+9.677e+03	+0.535
53.200	+3.187e+03	+5.466e+03	+8.723e+03	+0.632
53.300	+4.931e+03	+4.666e+03	+9.768e+03	+0.486
53.400	+6.155e+03	+4.869e+03	+1.030e+04	+0.442
53.500	+5.658e+03	+5.914e+03	+9.681e+03	+0.511
53.600	+4.138e+03	+6.128e+03	+9.780e+03	+0.597
53.700	+6.053e+03	+4.414e+03	+1.046e+04	+0.422
53.800	+5.420e+03	+3.968e+03	+9.524e+03	+0.423
53.900	+5.851e+03	+5.274e+03	+9.208e+03	+0.474
54.000	+6.208e+03	+5.704e+03	+1.097e+04	+0.479
54.100	+5.278e+03	+3.930e+03	+9.048e+03	+0.427
54.200	+5.696e+03	+5.314e+03	+8.714e+03	+0.483
54.300	+4.637e+03	+5.434e+03	+1.097e+04	+0.540
54.400	+6.604e+03	+5.525e+03	+1.108e+04	+0.455
54.500	+5.398e+03	+5.657e+03	+9.820e+03	+0.512
54.600	+5.156e+03	+4.256e+03	+1.010e+04	+0.452
54.700	+6.064e+03	+6.059e+03	+9.306e+03	+0.500
54.800	+5.063e+03	+5.121e+03	+1.099e+04	+0.503
54.900	+4.261e+03	+5.386e+03	+9.576e+03	+0.558
55.000	+3.971e+03	+5.997e+03	+1.098e+04	+0.602
55.100	+4.841e+03	+4.732e+03	+9.926e+03	+0.494
55.200	+5.145e+03	+6.652e+03	+9.312e+03	+0.564
55.300	+5.211e+03	+5.288e+03	+9.744e+03	+0.504
55.400	+5.098e+03	+4.484e+03	+9.840e+03	+0.468
55.500	+3.842e+03	+5.766e+03	+1.000e+04	+0.600
55.600	+5.565e+03	+5.271e+03	+1.075e+04	+0.486
55.700	+6.087e+03	+4.808e+03	+1.055e+04	+0.441
55.800	+4.952e+03	+5.259e+03	+1.042e+04	+0.515
55.900	+5.684e+03	+4.911e+03	+9.920e+03	+0.464
56.000	+5.096e+03	+4.995e+03	+1.032e+04	+0.495
56.100	+6.418e+03	+3.392e+03	+8.918e+03	+0.346
56.200	+7.466e+03	+2.114e+03	+1.061e+04	+0.221
56.300	+8.343e+03	+2.778e+03	+9.770e+03	+0.250
56.400	+7.795e+03	+2.097e+03	+1.040e+04	+0.212
56.500	+8.158e+03	+2.656e+03	+9.764e+03	+0.246
56.600	+7.175e+03	+2.485e+03	+1.009e+04	+0.257
56.700	+6.360e+03	+2.785e+03	+1.038e+04	+0.304
56.800	+7.715e+03	+2.175e+03	+1.027e+04	+0.220
56.900	+8.165e+03	+3.869e+03	+1.015e+04	+0.321
57.000	+7.697e+03	+1.577e+03	+1.015e+04	+0.170
57.100	+6.289e+03	+2.711e+03	+9.035e+03	+0.301
57.200	+6.591e+03	+1.400e+03	+1.043e+04	+0.175
57.300	+7.181e+03	+2.853e+03	+8.927e+03	+0.284
57.400	+7.780e+03	+1.629e+03	+1.081e+04	+0.173
57.500	+7.709e+03	+1.709e+03	+9.799e+03	+0.181
57.600	+7.261e+03	+1.600e+03	+9.950e+03	+0.181
57.700	+6.972e+03	+1.525e+03	+1.050e+04	+0.180
57.800	+8.423e+03	+3.455e+03	+1.021e+04	+0.291
57.900	+7.660e+03	+2.341e+03	+9.542e+03	+0.234
58.000	+7.210e+03	+2.163e+03	+1.072e+04	+0.231
58.100	+7.696e+03	+3.307e+03	+1.027e+04	+0.301
58.200	+8.246e+03	+2.223e+03	+8.940e+03	+0.212
58.300	+7.974e+03	+1.862e+03	+9.156e+03	+0.189
58.400	+8.027e+03	+2.737e+03	+1.071e+04	+0.254
58.500	+6.938e+03	+2.007e+03	+1.061e+04	+0.224
58.600	+6.689e+03	+3.079e+03	+9.148e+03	+0.315
58.700	+8.611e+03	+2.173e+03	+1.079e+04	+0.201
58.800	+7.045e+03	+2.212e+03	+1.020e+04	+0.239
58.900	+6.162e+03	+2.031e+03	+1.025e+04	+0.248
59.000	+7.888e+03	+2.183e+03	+9.504e+03	+0.217
59.100	+7.806e+03	+2.976e+03	+9.477e+03	+0.276
59.200	+7.313e+03	+2.657e+03	+1.142e+04	+0.267
59.300	+6.422e+03	+2.971e+03	+1.037e+04	+0.316
59.400	+8.922e+03	+2.993e+03	+1.104e+04	+0.251
59.500	+7.895e+03	+2.900e+03	+1.068e+04	+0.269
59.600	+8.492e+03	+4.132e+03	+1.048e+04	+0.327
59.700	+6.728e+03	+3.524e+03	+9.329e+03	+0.344
59.800	+7.916e+03	+2.080e+03	+1.000e+04	+0.208
59.900	+8.342e+03	+1.494e+03	+1.015e+04	+0.152
60.000	+8.114e+03	+2.407e+03	+1.105e+04	+0.229
60.100	+5.365e+03	+1.718e+03	+9.566e+03	+0.243
60.200	+7.535e+03	+3.319e+03	+1.064e+04	+0.306
60.300	+7.220e+03	+2.663e+03	+9.736e+03	+0.269
60.400	+6.877e+03	+2.527e+03	+1.030e+04	+0.269
60.500	+8.686e+03	+3.448e+03	+1.137e+04	+0.284
60.600	+7.119e+03	+2.434e+03	+9.741e+03	+0.255
60.700	+6.361e+03	+2.590e+03	+9.329e+03	+0.289
60.800	+6.550e+03	+2.300e+03	+1.164e+04	+0.260
60.900	+6.360e+03	+2.648e+03	+1.050e+04	+0.294
61.000	+8.419e+03	+1.810e+03	+9.990e+03	+0.177
61.100	+8.869e+03	+1.653e+03	+8.984e+03	+0.157
61.200	+6.839e+03	+2.800e+03	+9.248e+03	+0.290
61.300	+7.120e+03	+2.694e+03	+9.315e+03	+0.275
61.400	+7.773e+03	+2.478e+03	+1.041e+04	+0.242
61.500	+8.542e+03	+1.061e+03	+9.226e+03	+0.110
61.600	+7.978e+03	+2.608e+03	+9.828e+03	+0.246
61.700	+7.740e+03	+1.386e+03	+9.924e+03	+0.152
61.800	+8.352e+03	+7.248e+02	+1.034e+04	+0.080
61.900	+8.877e+03	+2.606e+03	+9.709e+03	+0.227
62.000	+9.303e+03	+2.226e+03	+9.626e+03	+0.193
62.100	+6.692e+03	+2.426e+03	+9.193e+03	+0.266
62.200	+8.159e+03	+2.648e+03	+8.499e+03	+0.245
62.300	+7.626e+03	+2.142e+03	+1.003e+04	+0.219
62.400	+7.636e+03	+3.458e+03	+9.676e+03	+0.312
62.500	+6.747e+03	+1.987e+03	+9.964e+03	+0.227
62.600	+6.365e+03	+3.384e+03	+1.023e+04	+0.347
62.700	+7.897e+03	+3.220e+03	+1.018e+04	+0.290
62.800	+7.423e+03	+2.577e+03	+1.069e+04	+0.258
62.900	+6.950e+03	+2.004e+03	+9.769e+03	+0.224
63.000	+8.463e+03	+2.696e+03	+9.672e+03	+0.242
63.100	+6.577e+03	+4.213e+03	+1.057e+04	+0.390
63.200	+7.457e+03	+2.863e+03	+9.098e+03	+0.277
63.300	+8.451e+03	+2.586e+03	+1.033e+04	+0.234
63.400	+7.597e+03	+3.277e+03	+9.380e+03	+0.301
63.500	+6.292e+03	+2.677e+03	+1.028e+04	+0.298
63.600	+7.510e+03	+2.050e+03	+9.298e+03	+0.214
63.700	+7.320e+03	+3.265e+03	+9.415e+03	+0.308
63.800	+7.889e+03	+1.723e+03	+1.043e+04	+0.179
63.900	+6.326e+03	+2.194e+03	+9.250e+03	+0.257
64.000	+7.811e+03	+2.655e+03	+1.017e+04	+0.254
64.100	+8.161e+03	+3.399e+03	+1.044e+04	+0.294
64.200	+7.076e+03	+2.913e+03	+1.089e+04	+0.292
64.300	+6.718e+03	+2.071e+03	+9.856e+03	+0.236
64.400	+6.566e+03	+3.084e+03	+1.113e+04	+0.320
64.500	+7.471e+03	+2.638e+03	+9.163e+03	+0.261
64.600	+7.890e+03	+2.358e+03	+9.110e+03	+0.230
64.700	+6.502e+03	+1.995e+03	+1.167e+04	+0.235
64.800	+8.059e+03	+2.760e+03	+1.002e+04	+0.255
64.900	+6.625e+03	+2.243e+03	+9.905e+03	+0.253
65.000	+7.108e+03	+2.936e+03	+1.064e+04	+0.292
65.100	+7.596e+03	+2.406e+03	+9.079e+03	+0.241
65.200	+8.949e+03	+2.600e+03	+9.350e+03	+0.225
65.300	+7.861e+03	+2.211e+03	+1.010e+04	+0.219
65.400	+7.328e+03	+1.887e+03	+1.144e+04	+0.205
65.500	+7.689e+03	+2.266e+03	+9.872e+03	+0.228
65.600	+6.631e+03	+2.155e+03	+9.770e+03	+0.245
65.700	+8.542e+03	+2.318e+03	+9.200e+03	+0.213
65.800	+6.753e+03	+3.348e+03	+1.052e+04	+0.331
65.900	+6.989e+03	+1.465e+03	+9.501e+03	+0.173
66.000	+6.744e+03	+1.928e+03	+1.008e+04	+0.222
66.100	+6.944e+03	+2.114e+03	+9.929e+03	+0.233
66.200	+7.229e+03	+2.200e+03	+1.004e+04	+0.233
66.300	+7.630e+03	+2.065e+03	+9.043e+03	+0.213
66.400	+7.886e+03	+1.762e+03	+1.040e+04	+0.183
66.500	+7.645e+03	+2.553e+03	+9.367e+03	+0.250
66.600	+5.836e+03	+2.797e+03	+9.356e+03	+0.324
66.700	+7.049e+03	+2.441e+03	+1.047e+04	+0.257
66.800	+8.127e+03	+2.830e+03	+9.878e+03	+0.258
66.900	+8.100e+03	+2.674e+03	+1.048e+04	+0.248
67.000	+7.728e+03	+3.718e+03	+1.056e+04	+0.325
67.100	+6.017e+03	+1.840e+03	+9.495e+03	+0.234
67.200	+8.403e+03	+3.209e+03	+9.957e+03	+0.276
67.300	+7.399e+03	+3.237e+03	+9.694e+03	+0.304
67.400	+7.599e+03	+2.443e+03	+9.768e+03	+0.243
67.500	+8.182e+03	+2.884e+03	+1.005e+04	+0.261
67.600	+7.096e+03	+3.349e+03	+9.723e+03	+0.321
67.700	+8.808e+03	+1.752e+03	+9.720e+03	+0.166
67.800	+6.446e+03	+3.967e+03	+9.717e+03	+0.381
67.900	+7.667e+03	+2.700e+03	+9.872e+03	+0.260
68.000	+8.033e+03	+2.565e+03	+9.304e+03	+0.242
68.100	+7.182e+03	+3.530e+03	+1.092e+04	+0.330
68.200	+6.778e+03	+3.163e+03	+1.045e+04	+0.318
68.300	+8.347e+03	+2.960e+03	+1.016e+04	+0.262
68.400	+8.471e+03	+2.490e+03	+1.044e+04	+0.227
68.500	+8.128e+03	+1.894e+03	+9.650e+03	+0.189
68.600	+7.604e+03	+3.278e+03	+9.391e+03	+0.301
68.700	+7.119e+03	+1.497e+03	+1.003e+04	+0.174
68.800	+6.301e+03	+2.452e+03	+9.960e+03	+0.280
68.900	+8.093e+03	+2.872e+03	+9.645e+03	+0.262
69.000	+6.944e+03	+2.593e+03	+1.045e+04	+0.272
69.100	+8.114e+03	+2.570e+03	+1.080e+04	+0.241
69.200	+7.026e+03	+3.285e+03	+1.027e+04	+0.319
69.300	+7.301e+03	+2.169e+03	+1.003e+04	+0.229
69.400	+7.243e+03	+3.203e+03	+1.098e+04	+0.307
69.500	+6.871e+03	+3.205e+03	+9.526e+03	+0.318
69.600	+6.575e+03	+2.975e+03	+1.019e+04	+0.312
69.700	+7.364e+03	+3.602e+03	+9.989e+03	+0.328
69.800	+7.499e+03	+3.218e+03	+1.018e+04	+0.300
69.900	+6.127e+03	+2.400e+03	+1.027e+04	+0.281
70.000	+6.831e+03	+2.338e+03	+9.735e+03	+0.255
70.100	+6.867e+03	+3.392e+03	+8.562e+03	+0.331
70.200	+7.833e+03	+2.289e+03	+1.103e+04	+0.226
70.300	+7.653e+03	+3.053e+03	+1.030e+04	+0.285
70.400	+2.261e+03	+7.885e+03	+1.008e+04	+0.777
70.500	+2.203e+03	+6.993e+03	+1.054e+04	+0.760
70.600	+1.980e+03	+7.684e+03	+1.013e+04	+0.795
70.700	+1.897e+03	+7.977e+03	+1.097e+04	+0.808
70.800	+2.115e+03	+6.627e+03	+9.907e+03	+0.758
70.900	+1.245e+03	+8.224e+03	+9.605e+03	+0.869
71.000	+1.685e+03	+8.719e+03	+1.072e+04	+0.838
71.100	+1.718e+03	+7.941e+03	+1.009e+04	+0.822
71.200	+1.844e+03	+7.469e+03	+9.422e+03	+0.802
71.300	+1.321e+03	+8.881e+03	+8.938e+03	+0.871
71.400	+2.008e+03	+7.317e+03	+1.009e+04	+0.785
71.500	+4.760e+02	+8.872e+03	+1.055e+04	+0.949
71.600	+2.087e+03	+7.888e+03	+9.352e+03	+0.791
71.700	+2.622e+03	+7.900e+03	+1.016e+04	+0.751
71.800	+2.179e+03	+7.628e+03	+1.108e+04	+0.778
71.900	+1.752e+03	+7.902e+03	+9.031e+03	+0.819
72.000	+2.554e+03	+6.662e+03	+9.899e+03	+0.723
72.100	+2.157e+03	+8.156e+03	+1.137e+04	+0.791
72.200	+1.808e+03	+7.986e+03	+9.611e+03	+0.815
72.300	+2.951e+03	+7.229e+03	+9.379e+03	+0.710
72.400	+1.386e+03	+7.163e+03	+9.067e+03	+0.838
72.500	+1.881e+03	+8.452e+03	+1.088e+04	+0.818
72.600	+1.562e+03	+8.120e+03	+1.044e+04	+0.839
72.700	+9.803e+02	+7.714e+03	+9.834e+03	+0.887
72.800	+1.976e+03	+8.080e+03	+1.034e+04	+0.803
72.900	+1.958e+03	+7.477e+03	+9.747e+03	+0.792
73.000	+1.377e+03	+8.034e+03	+8.400e+03	+0.854
73.100	+2.451e+03	+7.800e+03	+9.071e+03	+0.761
73.200	+1.619e+03	+7.774e+03	+9.604e+03	+0.828
73.300	+1.099e+03	+8.175e+03	+9.265e+03	+0.881
73.400	+3.387e+03	+9.038e+03	+9.063e+03	+0.727
73.500	+1.896e+03	+8.363e+03	+1.017e+04	+0.815
73.600	+2.786e+03	+9.549e+03	+1.069e+04	+0.774
73.700	+1.292e+03	+8.546e+03	+9.361e+03	+0.869
73.800	+1.904e+03	+7.932e+03	+1.022e+04	+0.806
73.900	+2.283e+03	+7.901e+03	+1.047e+04	+0.776
74.000	+1.881e+03	+8.260e+03	+9.522e+03	+0.815
74.100	+1.576e+03	+6.692e+03	+9.649e+03	+0.809
74.200	+1.437e+03	+8.096e+03	+1.035e+04	+0.849
74.300	+2.520e+03	+8.138e+03	+1.018e+04	+0.764
74.400	+1.442e+03	+8.128e+03	+1.015e+04	+0.849
74.500	+1.280e+03	+8.128e+03	+1.091e+04	+0.864
74.600	+2.285e+03	+8.134e+03	+1.015e+04	+0.781
74.700	+1.873e+03	+8.086e+03	+1.040e+04	+0.812
74.800	+2.049e+03	+9.257e+03	+8.220e+03	+0.819
74.900	+2.644e+03	+7.642e+03	+9.520e+03	+0.743
75.000	+1.373e+03	+9.047e+03	+9.525e+03	+0.868
75.100	+2.542e+03	+8.023e+03	+1.069e+04	+0.759
75.200	+7.239e+02	+7.335e+03	+9.679e+03	+0.910
75.300	+9.918e+02	+8.758e+03	+9.465e+03	+0.898
75.400	+1.392e+03	+8.404e+03	+9.531e+03	+0.858
75.500	+1.625e+03	+8.538e+03	+9.728e+03	+0.840
75.600	+1.236e+03	+8.071e+03	+9.666e+03	+0.867
75.700	+1.821e+03	+7.939e+03	+9.507e+03	+0.813
75.800	+1.448e+03	+7.510e+03	+9.878e+03	+0.838
75.900	+2.340e+03	+8.332e+03	+1.014e+04	+0.781
76.000	+2.113e+03	+8.790e+03	+1.052e+04	+0.806
76.100	+3.597e+03	+7.190e+03	+9.703e+03	+0.667
76.200	+2.991e+03	+7.096e+03	+9.955e+03	+0.703
76.300	+1.855e+03	+7.669e+03	+9.725e+03	+0.805
76.400	+1.739e+03	+8.054e+03	+9.771e+03	+0.822
76.500	+1.152e+03	+8.517e+03	+8.128e+03	+0.881
76.600	+1.059e+03	+8.560e+03	+9.862e+03	+0.890
76.700	+2.032e+03	+8.141e+03	+9.542e+03	+0.800
76.800	+1.988e+03	+8.124e+03	+9.763e+03	+0.803
76.900	+3.155e+03	+8.236e+03	+1.007e+04	+0.723
77.000	+2.155e+03	+8.155e+03	+1.018e+04	+0.791
77.100	+1.389e+03	+8.142e+03	+9.728e+03	+0.854
77.200	+1.560e+03	+8.002e+03	+9.703e+03	+0.837
77.300	+1.142e+03	+8.687e+03	+9.600e+03	+0.884
77.400	+1.784e+03	+7.336e+03	+9.742e+03	+0.804
77.500	+2.415e+03	+9.066e+03	+1.114e+04	+0.790
77.600	+2.061e+03	+7.544e+03	+9.606e+03	+0.785
77.700	+9.349e+02	+8.723e+03	+1.007e+04	+0.903
77.800	+8.901e+02	+8.707e+03	+1.081e+04	+0.907
77.900	+2.071e+03	+7.534e+03	+9.536e+03	+0.784
78.000	+1.825e+03	+8.915e+03	+9.446e+03	+0.830
78.100	+8.743e+02	+7.589e+03	+1.041e+04	+0.897
78.200	+3.081e+03	+8.441e+03	+1.024e+04	+0.733
78.300	+2.172e+03	+8.473e+03	+1.091e+04	+0.796
78.400	+2.512e+03	+6.943e+03	+1.038e+04	+0.734
78.500	+2.022e+03	+7.667e+03	+9.054e+03	+0.791
78.600	+1.648e+03	+8.015e+03	+1.021e+04	+0.829
78.700	+2.566e+03	+8.173e+03	+1.048e+04	+0.761
78.800	+1.546e+03	+7.907e+03	+9.356e+03	+0.836
78.900	+3.080e+03	+8.098e+03	+1.097e+04	+0.724
79.000	+2.275e+03	+7.707e+03	+1.071e+04	+0.772
79.100	+2.224e+03	+7.711e+03	+9.698e+03	+0.776
79.200	+8.670e+02	+8.492e+03	+9.928e+03	+0.907
79.300	+1.567e+03	+8.488e+03	+9.481e+03	+0.844
79.400	+1.764e+03	+8.191e+03	+9.713e+03	+0.823
79.500	+1.227e+03	+7.936e+03	+1.023e+04	+0.866
79.600	+1.311e+03	+7.500e+03	+9.729e+03	+0.851
79.700	+1.428e+03	+8.271e+03	+9.372e+03	+0.853
79.800	+1.623e+03	+8.861e+03	+8.007e+03	+0.845
79.900	+1.858e+03	+8.270e+03	+9.267e+03	+0.817
80.000	+2.316e+03	+7.811e+03	+1.039e+04	+0.771
80.100	+1.514e+03	+9.371e+03	+1.022e+04	+0.861
80.200	+7.226e+02	+8.179e+03	+1.068e+04	+0.919
80.300	+2.019e+03	+8.429e+03	+1.026e+04	+0.807
80.400	+2.568e+03	+8.248e+03	+1.030e+04	+0.763
80.500	+1.278e+03	+9.681e+03	+9.906e+03	+0.883
80.600	+1.063e+03	+6.392e+03	+9.334e+03	+0.857
80.700	+1.627e+03	+8.215e+03	+1.019e+04	+0.835
80.800	+2.349e+03	+8.063e+03	+9.852e+03	+0.774
80.900	+1.818e+03	+7.669e+03	+1.048e+04	+0.808
81.000	+2.612e+03	+8.628e+03	+9.657e+03	+0.768
81.100	+2.005e+03	+8.551e+03	+1.043e+04	+0.810
81.200	+2.391e+03	+8.959e+03	+9.034e+03	+0.789
81.300	+3.049e+03	+8.518e+03	+9.580e+03	+0.736
81.400	+1.186e+03	+6.775e+03	+9.390e+03	+0.851
81.500	+2.526e+03	+9.029e+03	+9.714e+03	+0.781
81.600	+1.990e+03	+7.166e+03	+9.007e+03	+0.783
81.700	+1.992e+03	+8.702e+03	+1.041e+04	+0.814
81.800	+7.643e+02	+7.924e+03	+1.081e+04	+0.912
81.900	+1.792e+03	+8.965e+03	+9.520e+03	+0.833
82.000	+2.620e+03	+8.113e+03	+9.525e+03	+0.756
82.100	+2.551e+03	+8.796e+03	+1.039e+04	+0.775
82.200	+1.960e+03	+8.034e+03	+1.064e+04	+0.804
82.300	+1.098e+03	+8.233e+03	+1.056e+04	+0.882
82.400	+2.039e+03	+8.247e+03	+8.791e+03	+0.802
82.500	+1.860e+03	+9.417e+03	+1.013e+04	+0.835
82.600	+2.005e+03	+8.502e+03	+9.953e+03	+0.809
82.700	+1.152e+03	+7.622e+03	+1.112e+04	+0.869
82.800	+3.090e+03	+8.876e+03	+1.158e+04	+0.742
82.900	+1.325e+03	+8.067e+03	+9.696e+03	+0.859
83.000	+5.199e+03	+4.369e+03	+1.080e+04	+0.457
83.100	+8.093e+03	+3.179e+03	+1.093e+04	+0.282
83.200	+7.800e+03	+2.514e+03	+9.868e+03	+0.244
83.300	+7.270e+03	+2.336e+03	+1.065e+04	+0.243
83.400	+6.769e+03	+2.516e+03	+9.351e+03	+0.271
83.500	+7.734e+03	+2.794e+03	+1.071e+04	+0.265
83.600	+7.652e+03	+1.720e+03	+9.530e+03	+0.184
83.700	+7.278e+03	+1.266e+03	+1.067e+04	+0.148
83.800	+7.570e+03	+2.117e+03	+9.160e+03	+0.219
83.900	+6.495e+03	+2.490e+03	+1.054e+04	+0.277
84.000	+7.232e+03	+2.154e+03	+9.624e+03	+0.229
84.100	+7.975e+03	+2.368e+03	+1.027e+04	+0.229
84.200	+7.166e+03	+1.489e+03	+9.541e+03	+0.172
84.300	+6.460e+03	+1.582e+03	+1.050e+04	+0.197
84.400	+8.013e+03	+2.270e+03	+8.782e+03	+0.221
84.500	+7.159e+03	+2.991e+03	+1.024e+04	+0.295
84.600	+6.466e+03	+2.890e+03	+1.068e+04	+0.309
84.700	+7.547e+03	+1.987e+03	+1.024e+04	+0.208
84.800	+6.912e+03	+3.912e+03	+9.974e+03	+0.361
84.900	+7.691e+03	+2.066e+03	+1.054e+04	+0.212
85.000	+8.032e+03	+2.539e+03	+1.076e+04	+0.240
85.100	+5.986e+03	+2.490e+03	+9.949e+03	+0.294
85.200	+7.197e+03	+3.458e+03	+1.006e+04	+0.325
85.300	+8.183e+03	+2.224e+03	+9.784e+03	+0.214
85.400	+6.162e+03	+5.149e+03	+9.517e+03	+0.455
85.500	+5.234e+03	+5.535e+03	+9.787e+03	+0.514
85.600	+5.839e+03	+4.610e+03	+9.272e+03	+0.441
85.700	+4.300e+03	+4.544e+03	+9.768e+03	+0.514
85.800	+4.853e+03	+5.479e+03	+9.733e+03	+0.530
85.900	+4.362e+03	+3.785e+03	+1.070e+04	+0.465
86.000	+4.786e+03	+6.127e+03	+1.095e+04	+0.561
86.100	+4.814e+03	+3.905e+03	+9.474e+03	+0.448
86.200	+6.171e+03	+5.272e+03	+9.502e+03	+0.461
86.300	+4.565e+03	+5.633e+03	+9.581e+03	+0.552
86.400	+4.683e+03	+5.290e+03	+1.052e+04	+0.530
86.500	+5.188e+03	+5.285e+03	+1.051e+04	+0.505
86.600	+4.125e+03	+4.475e+03	+9.746e+03	+0.520
86.700	+4.118e+03	+5.138e+03	+1.033e+04	+0.555
86.800	+5.204e+03	+5.734e+03	+1.091e+04	+0.524
86.900	+5.640e+03	+4.964e+03	+1.091e+04	+0.468
87.000	+5.194e+03	+4.924e+03	+9.824e+03	+0.487
87.100	+5.111e+03	+4.338e+03	+1.129e+04	+0.459
87.200	+3.986e+03	+5.569e+03	+9.718e+03	+0.583
87.300	+4.822e+03	+5.658e+03	+1.103e+04	+0.540
87.400	+6.290e+03	+4.045e+03	+1.071e+04	+0.391
87.500	+4.721e+03	+5.389e+03	+9.473e+03	+0.533
87.600	+4.931e+03	+6.315e+03	+1.048e+04	+0.562
87.700	+5.618e+03	+5.082e+03	+8.988e+03	+0.475
87.800	+4.614e+03	+4.005e+03	+9.377e+03	+0.465
87.900	+5.303e+03	+4.618e+03	+1.023e+04	+0.465
88.000	+4.379e+03	+5.901e+03	+1.030e+04	+0.574
88.100	+5.870e+03	+4.438e+03	+9.326e+03	+0.431
88.200	+4.745e+03	+4.797e+03	+1.036e+04	+0.503
88.300	+3.833e+03	+5.360e+03	+8.607e+03	+0.583
88.400	+5.921e+03	+4.752e+03	+1.055e+04	+0.445
88.500	+5.517e+03	+4.459e+03	+8.981e+03	+0.447
88.600	+5.435e+03	+3.771e+03	+9.103e+03	+0.410
88.700	+4.487e+03	+4.709e+03	+9.364e+03	+0.512
88.800	+4.476e+03	+6.810e+03	+9.593e+03	+0.603
88.900	+5.642e+03	+4.029e+03	+9.980e+03	+0.417
89.000	+4.713e+03	+5.388e+03	+1.090e+04	+0.533
89.100	+3.907e+03	+4.557e+03	+1.009e+04	+0.538
89.200	+5.440e+03	+5.417e+03	+9.734e+03	+0.499
89.300	+5.518e+03	+5.160e+03	+1.073e+04	+0.483
89.400	+3.547e+03	+5.675e+03	+9.425e+03	+0.615
89.500	+4.561e+03	+4.411e+03	+9.110e+03	+0.492
89.600	+6.230e+03	+5.319e+03	+9.401e+03	+0.461
89.700	+5.311e+03	+5.497e+03	+9.642e+03	+0.509
89.800	+4.684e+03	+5.601e+03	+8.845e+03	+0.545
89.900	+3.755e+03	+6.021e+03	+9.999e+03	+0.616
90.000	+5.201e+03	+5.341e+03	+1.035e+04	+0.507
90.100	+5.393e+03	+5.448e+03	+1.126e+04	+0.503
90.200	+3.748e+03	+4.426e+03	+9.785e+03	+0.541
90.300	+3.489e+03	+3.933e+03	+9.671e+03	+0.530
90.400	+4.759e+03	+4.748e+03	+1.023e+04	+0.499
90.500	+5.750e+03	+5.231e+03	+1.043e+04	+0.476
90.600	+5.112e+03	+4.725e+03	+1.023e+04	+0.480
90.700	+5.450e+03	+5.746e+03	+9.951e+03	+0.513
90.800	+6.368e+03	+3.533e+03	+9.465e+03	+0.357
90.900	+5.625e+03	+5.435e+03	+9.866e+03	+0.491
91.000	+4.298e+03	+4.463e+03	+9.549e+03	+0.509
91.100	+6.182e+03	+3.513e+03	+1.060e+04	+0.362
91.200	+4.619e+03	+5.219e+03	+9.096e+03	+0.530
91.300	+5.399e+03	+5.908e+03	+1.086e+04	+0.523
91.400	+5.907e+03	+5.653e+03	+9.306e+03	+0.489
91.500	+5.306e+03	+5.273e+03	+9.299e+03	+0.498
91.600	+5.347e+03	+5.385e+03	+1.194e+04	+0.502
91.700	+5.478e+03	+5.363e+03	+9.921e+03	+0.495
91.800	+5.978e+03	+5.616e+03	+1.007e+04	+0.484
91.900	+5.222e+03	+5.934e+03	+1.024e+04	+0.532
92.000	+3.750e+03	+6.903e+03	+1.045e+04	+0.648
92.100	+4.433e+03	+4.899e+03	+9.765e+03	+0.525
92.200	+4.443e+03	+4.833e+03	+1.026e+04	+0.521
92.300	+5.310e+03	+5.791e+03	+1.082e+04	+0.522
92.400	+3.931e+03	+5.390e+03	+9.805e+03	+0.578
92.500	+4.374e+03	+4.556e+03	+1.115e+04	+0.510
92.600	+7.019e+03	+5.075e+03	+9.857e+03	+0.420
92.700	+5.476e+03	+5.322e+03	+9.618e+03	+0.493
92.800	+5.581e+03	+4.431e+03	+9.535e+03	+0.443
92.900	+5.474e+03	+4.962e+03	+1.037e+04	+0.475
93.000	+5.325e+03	+5.033e+03	+1.094e+04	+0.486
93.100	+8.919e+03	+2.581e+03	+9.850e+03	+0.224
93.200	+7.878e+03	+2.080e+03	+9.378e+03	+0.209
93.300	+8.272e+03	+2.916e+03	+1.004e+04	+0.261
93.400	+8.219e+03	+2.244e+03	+9.627e+03	+0.214
93.500	+8.027e+03	+2.036e+03	+8.855e+03	+0.202
93.600	+5.496e+03	+4.165e+03	+9.668e+03	+0.431
93.700	+4.838e+03	+4.691e+03	+1.011e+04	+0.492
93.800	+3.907e+03	+5.591e+03	+9.262e+03	+0.589
93.900	+3.624e+03	+4.534e+03	+1.038e+04	+0.556
94.000	+4.392e+03	+5.655e+03	+9.555e+03	+0.563
94.100	+5.686e+03	+5.238e+03	+9.724e+03	+0.480
94.200	+6.269e+03	+4.766e+03	+1.110e+04	+0.432
94.300	+4.023e+03	+4.604e+03	+1.003e+04	+0.534
94.400	+5.876e+03	+4.229e+03	+8.551e+03	+0.418
94.500	+3.799e+03	+4.892e+03	+1.038e+04	+0.563
94.600	+4.945e+03	+5.746e+03	+9.815e+03	+0.537
94.700	+4.936e+03	+4.978e+03	+8.353e+03	+0.502
94.800	+5.312e+03	+4.813e+03	+9.560e+03	+0.475
94.900	+4.744e+03	+4.717e+03	+8.435e+03	+0.499
95.000	+5.593e+03	+5.233e+03	+1.041e+04	+0.483
95.100	+6.105e+03	+5.304e+03	+1.101e+04	+0.465
95.200	+4.380e+03	+5.669e+03	+9.600e+03	+0.564
95.300	+6.444e+03	+5.956e+03	+1.002e+04	+0.480
95.400	+5.045e+03	+4.762e+03	+9.196e+03	+0.486
95.500	+5.780e+03	+4.693e+03	+1.008e+04	+0.448
95.600	+5.735e+03	+4.733e+03	+1.000e+04	+0.452
95.700	+4.042e+03	+5.863e+03	+1.105e+04	+0.592
95.800	+4.752e+03	+3.647e+03	+9.862e+03	+0.434
95.900	+4.385e+03	+3.608e+03	+9.871e+03	+0.451
96.000	+5.531e+03	+5.968e+03	+1.181e+04	+0.519
96.100	+4.104e+03	+6.077e+03	+1.138e+04	+0.597
96.200	+4.987e+03	+5.346e+03	+9.259e+03	+0.517
96.300	+5.546e+03	+4.389e+03	+9.569e+03	+0.442
96.400	+6.256e+03	+6.040e+03	+9.338e+03	+0.491
96.500	+5.063e+03	+5.059e+03	+1.075e+04	+0.500
96.600	+5.069e+03	+3.986e+03	+1.023e+04	+0.440
96.700	+5.656e+03	+5.822e+03	+1.127e+04	+0.507
96.800	+5.792e+03	+4.250e+03	+1.041e+04	+0.423
96.900	+4.918e+03	+5.321e+03	+8.762e+03	+0.520
97.000	+5.029e+03	+6.191e+03	+1.054e+04	+0.552
97.100	+4.000e+03	+5.355e+03	+1.023e+04	+0.572
97.200	+3.795e+03	+4.439e+03	+9.997e+03	+0.539
97.300	+4.211e+03	+5.730e+03	+1.079e+04	+0.576
97.400	+4.714e+03	+3.729e+03	+1.010e+04	+0.442
97.500	+3.222e+03	+5.564e+03	+9.921e+03	+0.633
97.600	+5.933e+03	+5.348e+03	+9.507e+03	+0.474
97.700	+5.126e+03	+5.542e+03	+9.857e+03	+0.519
97.800	+5.439e+03	+6.266e+03	+8.748e+03	+0.535
97.900	+5.523e+03	+3.106e+03	+1.045e+04	+0.360
98.000	+5.080e+03	+4.897e+03	+1.022e+04	+0.491
98.100	+3.648e+03	+5.055e+03	+1.071e+04	+0.581
98.200	+4.984e+03	+5.739e+03	+1.070e+04	+0.535
98.300	+4.373e+03	+3.854e+03	+8.618e+03	+0.468
98.400	+4.592e+03	+5.387e+03	+9.947e+03	+0.540
98.500	+5.240e+03	+3.971e+03	+1.102e+04	+0.431
98.600	+4.764e+03	+5.061e+03	+9.541e+03	+0.515
98.700	+6.596e+03	+5.346e+03	+9.279e+03	+0.448
98.800	+7.768e+03	+2.833e+03	+1.054e+04	+0.267
98.900	+6.982e+03	+1.700e+03	+9.097e+03	+0.196
99.000	+7.437e+03	+2.013e+03	+9.799e+03	+0.213
99.100	+6.911e+03	+3.490e+03	+9.149e+03	+0.336
99.200	+7.198e+03	+1.515e+03	+9.611e+03	+0.174
99.300	+7.147e+03	+2.789e+03	+1.134e+04	+0.281
99.400	+8.225e+03	+2.000e+03	+1.055e+04	+0.196
99.500	+7.722e+03	+2.528e+03	+1.016e+04	+0.247
99.600	+6.156e+03	+3.527e+03	+9.209e+03	+0.364
99.700	+7.041e+03	+2.663e+03	+1.041e+04	+0.274
99.800	+7.958e+03	+2.227e+03	+1.061e+04	+0.219
99.900	+7.647e+03	+1.285e+03	+1.099e+04	+0.144
100.000	+7.649e+03	+3.284e+03	+9.783e+03	+0.300
100.100	+8.904e+03	+2.038e+03	+9.422e+03	+0.186
100.200	+8.643e+03	+2.593e+03	+1.034e+04	+0.231
100.300	+7.007e+03	+3.441e+03	+1.103e+04	+0.329
100.400	+6.598e+03	+2.535e+03	+1.100e+04	+0.278
100.500	+8.170e+03	+2.357e+03	+1.038e+04	+0.224
100.600	+7.457e+03	+2.259e+03	+8.737e+03	+0.233
100.700	+8.721e+03	+2.435e+03	+9.955e+03	+0.218
100.800	+6.843e+03	+2.229e+03	+9.153e+03	+0.246
100.900	+8.571e+03	+2.620e+03	+9.410e+03	+0.234
101.000	+7.138e+03	+2.437e+03	+9.910e+03	+0.255
101.100	+7.778e+03	+2.215e+03	+1.049e+04	+0.222
101.200	+9.093e+03	+3.977e+03	+8.554e+03	+0.304
101.300	+7.284e+03	+2.979e+03	+9.121e+03	+0.290
101.400	+8.064e+03	+1.638e+03	+1.186e+04	+0.169
101.500	+8.320e+03	+3.186e+03	+9.829e+03	+0.277
101.600	+7.651e+03	+2.758e+03	+8.709e+03	+0.265
101.700	+7.185e+03	+3.346e+03	+9.692e+03	+0.318
101.800	+9.073e+03	+3.217e+03	+1.079e+04	+0.262
101.900	+6.637e+03	+1.821e+03	+1.103e+04	+0.215
102.000	+7.221e+03	+2.860e+03	+8.707e+03	+0.284
102.100	+6.631e+03	+2.628e+03	+1.014e+04	+0.284
102.200	+6.951e+03	+2.890e+03	+1.006e+04	+0.294
102.300	+6.493e+03	+2.004e+03	+9.207e+03	+0.236
102.400	+7.460e+03	+2.483e+03	+1.058e+04	+0.250
102.500	+7.318e+03	+2.621e+03	+9.429e+03	+0.264
102.600	+8.834e+03	+1.347e+03	+9.903e+03	+0.132
102.700	+7.669e+03	+2.861e+03	+9.551e+03	+0.272
102.800	+7.764e+03	+2.353e+03	+1.030e+04	+0.233
102.900	+7.228e+03	+2.243e+03	+1.029e+04	+0.237
103.000	+7.096e+03	+2.550e+03	+1.032e+04	+0.264
103.100	+7.164e+03	+1.974e+03	+1.011e+04	+0.216
103.200	+8.533e+03	+2.158e+03	+9.578e+03	+0.202
103.300	+6.529e+03	+2.581e+03	+1.064e+04	+0.283
103.400	+8.112e+03	+3.055e+03	+1.111e+04	+0.274
103.500	+7.539e+03	+2.887e+03	+8.647e+03	+0.277
103.600	+8.685e+03	+3.227e+03	+1.012e+04	+0.271
103.700	+7.645e+03	+2.276e+03	+9.769e+03	+0.229
103.800	+7.703e+03	+1.938e+03	+9.608e+03	+0.201
103.900	+7.532e+03	+2.378e+03	+1.083e+04	+0.240
104.000	+6.997e+03	+1.713e+03	+8.789e+03	+0.197
104.100	+8.280e+03	+2.891e+03	+9.880e+03	+0.259
104.200	+8.605e+03	+3.728e+03	+9.542e+03	+0.302
104.300	+6.965e+03	+2.106e+03	+1.005e+04	+0.232
104.400	+7.297e+03	+1.626e+03	+9.538e+03	+0.182
104.500	+7.691e+03	+1.950e+03	+1.107e+04	+0.202
104.600	+7.575e+03	+1.055e+03	+1.011e+04	+0.122
104.700	+8.965e+03	+2.628e+03	+9.419e+03	+0.227
104.800	+7.675e+03	+2.163e+03	+9.443e+03	+0.220
104.900	+7.722e+03	+1.932e+03	+9.499e+03	+0.200
105.000	+7.514e+03	+1.947e+03	+1.059e+04	+0.206
105.100	+7.723e+03	+3.113e+03	+1.006e+04	+0.287
105.200	+7.560e+03	+2.332e+03	+1.010e+04	+0.236
105.300	+7.869e+03	+2.596e+03	+9.594e+03	+0.248
105.400	+8.231e+03	+1.715e+03	+9.428e+03	+0.172
105.500	+8.575e+03	+4.283e+03	+1.008e+04	+0.333
105.600	+7.130e+03	+1.486e+03	+1.016e+04	+0.172
105.700	+7.606e+03	+2.424e+03	+9.358e+03	+0.242
105.800	+7.884e+03	+2.082e+03	+8.966e+03	+0.209
105.900	+8.036e+03	+2.076e+03	+1.101e+04	+0.205
106.000	+7.627e+03	+2.964e+03	+9.342e+03	+0.280
106.100	+8.316e+03	+1.968e+03	+1.033e+04	+0.191
106.200	+6.837e+03	+4.525e+03	+8.775e+03	+0.398
106.300	+7.271e+03	+1.473e+03	+1.011e+04	+0.168
106.400	+6.411e+03	+2.728e+03	+9.323e+03	+0.299
106.500	+7.491e+03	+2.062e+03	+9.367e+03	+0.216
106.600	+7.948e+03	+2.910e+03	+9.175e+03	+0.268
106.700	+6.937e+03	+2.047e+03	+9.136e+03	+0.228
106.800	+7.582e+03	+2.428e+03	+9.018e+03	+0.243
106.900	+7.229e+03	+1.875e+03	+1.003e+04	+0.206
107.000	+7.891e+03	+2.331e+03	+9.978e+03	+0.228
107.100	+8.259e+03	+2.064e+03	+1.024e+04	+0.200
107.200	+7.244e+03	+2.964e+03	+8.997e+03	+0.290
107.300	+7.005e+03	+1.841e+03	+1.060e+04	+0.208
107.400	+7.731e+03	+3.378e+03	+1.044e+04	+0.304
107.500	+8.048e+03	+2.359e+03	+1.027e+04	+0.227
107.600	+8.801e+03	+2.121e+03	+1.207e+04	+0.194
107.700	+7.384e+03	+2.115e+03	+1.127e+04	+0.223
107.800	+6.778e+03	+2.695e+03	+9.441e+03	+0.284
107.900	+7.205e+03	+2.619e+03	+9.502e+03	+0.267
108.000	+6.247e+03	+2.947e+03	+1.063e+04	+0.321
108.100	+8.804e+03	+2.930e+03	+1.088e+04	+0.250
108.200	+6.662e+03	+1.057e+03	+1.007e+04	+0.137
108.300	+7.507e+03	+3.869e+03	+1.010e+04	+0.340
108.400	+7.724e+03	+2.718e+03	+1.014e+04	+0.260
108.500	+7.576e+03	+2.724e+03	+1.106e+04	+0.264
108.600	+7.829e+03	+2.523e+03	+8.930e+03	+0.244
108.700	+7.651e+03	+3.409e+03	+1.035e+04	+0.308
108.800	+8.459e+03	+2.872e+03	+9.998e+03	+0.253
108.900	+8.413e+03	+7.877e+02	+9.054e+03	+0.086
109.000	+7.127e+03	+2.256e+03	+1.068e+04	+0.240
109.100	+8.035e+03	+2.685e+03	+1.112e+04	+0.250
109.200	+7.852e+03	+2.211e+03	+1.034e+04	+0.220
109.300	+6.940e+03	+3.010e+03	+9.859e+03	+0.303
109.400	+7.335e+03	+1.832e+03	+1.058e+04	+0.200
109.500	+6.054e+03	+1.988e+03	+1.148e+04	+0.247
109.600	+7.844e+03	+2.285e+03	+9.905e+03	+0.226
109.700	+6.866e+03	+3.715e+03	+1.053e+04	+0.351
109.800	+8.445e+03	+1.839e+03	+1.028e+04	+0.179
109.900	+7.852e+03	+2.006e+03	+1.017e+04	+0.204
110.000	+6.817e+03	+3.280e+03	+8.769e+03	+0.325
110.100	+6.916e+03	+2.106e+03	+1.043e+04	+0.233
110.200	+6.981e+03	+2.381e+03	+1.045e+04	+0.254
110.300	+7.291e+03	+1.710e+03	+1.040e+04	+0.190
110.400	+6.877e+03	+1.833e+03	+1.042e+04	+0.210
110.500	+9.009e+03	+2.159e+03	+1.050e+04	+0.193
110.600	+7.320e+03	+3.025e+03	+9.875e+03	+0.292
110.700	+7.700e+03	+1.778e+03	+1.063e+04	+0.188
110.800	+6.784e+03	+2.658e+03	+1.007e+04	+0.281
110.900	+7.410e+03	+3.567e+03	+1.077e+04	+0.325
111.000	+8.248e+03	+2.725e+03	+9.801e+03	+0.248
111.100	+7.964e+03	+2.696e+03	+9.421e+03	+0.253
111.200	+6.993e+03	+1.492e+03	+1.079e+04	+0.176
111.300	+6.386e+03	+2.753e+03	+1.049e+04	+0.301
111.400	+5.762e+03	+2.736e+03	+1.050e+04	+0.322
111.500	+7.251e+03	+2.178e+03	+1.038e+04	+0.231
111.600	+7.657e+03	+2.816e+03	+9.495e+03	+0.269
111.700	+8.793e+03	+1.967e+03	+8.980e+03	+0.183
111.800	+7.609e+03	+2.958e+03	+1.178e+04	+0.280
111.900	+8.000e+03	+3.859e+03	+9.960e+03	+0.325
112.000	+7.208e+03	+2.653e+03	+9.044e+03	+0.269
112.100	+3.018e+03	+7.479e+03	+1.010e+04	+0.713
112.200	+1.709e+03	+8.165e+03	+9.191e+03	+0.827
112.300	+2.396e+03	+7.201e+03	+8.988e+03	+0.750
112.400	+1.901e+03	+7.818e+03	+9.459e+03	+0.804
112.500	+1.630e+03	+9.271e+03	+1.069e+04	+0.850
112.600	+2.676e+03	+8.696e+03	+1.046e+04	+0.765
112.700	+2.298e+03	+7.513e+03	+1.072e+04	+0.766
112.800	+1.122e+03	+7.587e+03	+9.218e+03	+0.871
112.900	+1.625e+02	+8.183e+03	+1.005e+04	+0.981
113.000	+1.803e+03	+7.899e+03	+9.723e+03	+0.814
113.100	+2.244e+03	+7.665e+03	+9.406e+03	+0.774
113.200	+1.860e+03	+7.970e+03	+9.784e+03	+0.811
113.300	+1.965e+03	+7.818e+03	+9.550e+03	+0.799
113.400	+1.808e+03	+7.707e+03	+9.774e+03	+0.810
113.500	+2.978e+03	+8.681e+03	+8.898e+03	+0.745
113.600	+2.329e+03	+7.916e+03	+9.383e+03	+0.773
113.700	+2.940e+03	+5.854e+03	+1.047e+04	+0.666
113.800	+1.771e+03	+8.270e+03	+1.023e+04	+0.824
113.900	+2.382e+03	+8.677e+03	+9.536e+03	+0.785
114.000	+2.503e+03	+7.927e+03	+9.360e+03	+0.760
114.100	+2.660e+03	+7.859e+03	+9.377e+03	+0.747
114.200	+2.988e+03	+7.150e+03	+1.056e+04	+0.705
114.300	+2.807e+03	+8.404e+03	+1.045e+04	+0.750
114.400	+1.890e+03	+7.568e+03	+1.024e+04	+0.800
114.500	+3.018e+03	+7.293e+03	+1.007e+04	+0.707
114.600	+8.192e+02	+7.489e+03	+1.067e+04	+0.901
114.700	+1.697e+03	+7.938e+03	+1.013e+04	+0.824
114.800	+1.666e+03	+8.066e+03	+1.006e+04	+0.829
114.900	+1.290e+03	+8.091e+03	+8.958e+03	+0.862
115.000	+1.652e+03	+7.912e+03	+8.689e+03	+0.827
115.100	+6.104e+02	+8.364e+03	+9.838e+03	+0.932
115.200	+1.998e+03	+8.014e+03	+1.058e+04	+0.800
115.300	+2.823e+03	+8.065e+03	+8.900e+03	+0.741
115.400	+2.576e+03	+7.839e+03	+8.692e+03	+0.753
115.500	+7.625e+02	+7.929e+03	+9.388e+03	+0.912
115.600	+1.749e+03	+8.199e+03	+1.055e+04	+0.824
115.700	+2.331e+03	+6.855e+03	+1.136e+04	+0.746
115.800	+8.342e+02	+6.317e+03	+1.014e+04	+0.883
115.900	+2.513e+03	+8.838e+03	+9.601e+03	+0.779
116.000	+2.698e+03	+7.466e+03	+9.374e+03	+0.735
116.100	+1.706e+03	+8.835e+03	+1.055e+04	+0.838
116.200	+2.587e+03	+7.654e+03	+1.041e+04	+0.747
116.300	+4.524e+02	+7.525e+03	+1.058e+04	+0.943
116.400	+1.904e+03	+7.364e+03	+9.916e+03	+0.795
116.500	+7.261e+03	+2.955e+03	+9.968e+03	+0.289
116.600	+6.677e+03	+3.071e+03	+9.354e+03	+0.315
116.700	+7.195e+03	+2.786e+03	+9.655e+03	+0.279
116.800	+7.105e+03	+2.021e+03	+1.027e+04	+0.221
116.900	+8.169e+03	+1.085e+03	+9.543e+03	+0.117
117.000	+7.534e+03	+3.647e+03	+9.456e+03	+0.326
117.100	+7.911e+03	+2.852e+03	+1.093e+04	+0.265
117.200	+8.553e+03	+2.677e+03	+1.071e+04	+0.238
117.300	+7.353e+03	+3.457e+03	+9.049e+03	+0.320
117.400	+8.849e+03	+3.279e+03	+8.551e+03	+0.270
117.500	+7.252e+03	+2.381e+03	+9.841e+03	+0.247
117.600	+6.557e+03	+2.359e+03	+1.001e+04	+0.265
117.700	+8.641e+03	+1.486e+03	+9.337e+03	+0.147
117.800	+7.827e+03	+2.943e+03	+1.012e+04	+0.273
117.900	+8.248e+03	+2.678e+03	+1.032e+04	+0.245
118.000	+8.510e+03	+2.005e+03	+1.050e+04	+0.191
118.100	+8.096e+03	+2.461e+03	+9.210e+03	+0.233
118.200	+7.571e+03	+3.130e+03	+1.069e+04	+0.292
118.300	+6.653e+03	+2.091e+03	+1.057e+04	+0.239
118.400	+7.323e+03	+7.352e+02	+9.432e+03	+0.091
118.500	+7.352e+03	+3.324e+03	+1.080e+04	+0.311
118.600	+7.192e+03	+2.944e+03	+9.262e+03	+0.290
118.700	+8.087e+03	+3.115e+03	+9.434e+03	+0.278
118.800	+6.651e+03	+2.379e+03	+8.559e+03	+0.263
118.900	+8.026e+03	+2.694e+03	+8.992e+03	+0.251
119.000	+7.085e+03	+2.992e+03	+9.261e+03	+0.297
119.100	+6.969e+03	+1.940e+03	+8.765e+03	+0.218
119.200	+6.805e+03	+3.153e+03	+1.009e+04	+0.317
119.300	+8.306e+03	+2.077e+03	+1.035e+04	+0.200
119.400	+7.582e+03	+3.549e+03	+9.416e+03	+0.319
119.500	+7.307e+03	+2.534e+03	+9.197e+03	+0.258
119.600	+7.390e+03	+2.682e+03	+1.016e+04	+0.266
119.700	+7.388e+03	+4.176e+03	+1.027e+04	+0.361
119.800	+7.877e+03	+2.713e+03	+1.064e+04	+0.256
119.900	+7.342e+03	+2.665e+03	+1.039e+04	+0.266
120.000	+7.357e+03	+2.182e+03	+9.315e+03	+0.229
120.100	+7.951e+03	+2.320e+03	+1.195e+04	+0.226
120.200	+7.968e+03	+3.088e+03	+1.090e+04	+0.279
120.300	+6.784e+03	+1.693e+03	+9.900e+03	+0.200
120.400	+7.153e+03	+2.355e+03	+8.079e+03	+0.248
120.500	+8.319e+03	+1.311e+03	+1.055e+04	+0.136
120.600	+7.175e+03	+3.667e+03	+1.064e+04	+0.338
120.700	+7.030e+03	+1.474e+03	+1.054e+04	+0.173
120.800	+7.743e+03	+2.474e+03	+1.060e+04	+0.242
120.900	+8.488e+03	+2.054e+03	+9.807e+03	+0.195
121.000	+7.702e+03	+3.387e+03	+9.917e+03	+0.305
121.100	+7.818e+03	+2.741e+03	+1.032e+04	+0.260
121.200	+7.619e+03	+3.152e+03	+9.091e+03	+0.293
121.300	+8.420e+03	+2.259e+03	+1.050e+04	+0.212
121.400	+7.144e+03	+2.754e+03	+1.122e+04	+0.278
121.500	+7.984e+03	+2.707e+03	+9.661e+03	+0.253
121.600	+6.886e+03	+2.042e+03	+1.027e+04	+0.229
121.700	+6.141e+03	+2.842e+03	+8.943e+03	+0.316
121.800	+8.176e+03	+2.820e+03	+9.780e+03	+0.256
121.900	+8.050e+03	+4.167e+03	+1.054e+04	+0.341
122.000	+7.144e+03	+2.920e+03	+1.031e+04	+0.290
122.100	+7.501e+03	+1.733e+03	+9.699e+03	+0.188
122.200	+6.150e+03	+2.462e+03	+1.032e+04	+0.286
122.300	+7.122e+03	+3.353e+03	+9.957e+03	+0.320
122.400	+5.335e+03	+5.021e+03	+9.710e+03	+0.485
122.500	+4.254e+03	+6.368e+03	+9.578e+03	+0.599
122.600	+4.406e+03	+3.693e+03	+9.901e+03	+0.456
122.700	+5.211e+03	+5.519e+03	+1.020e+04	+0.514
122.800	+4.374e+03	+6.449e+03	+1.177e+04	+0.596
122.900	+4.706e+03	+6.319e+03	+1.026e+04	+0.573
123.000	+4.472e+03	+5.727e+03	+9.980e+03	+0.562
123.100	+5.144e+03	+5.436e+03	+1.091e+04	+0.514
123.200	+4.996e+03	+5.190e+03	+1.013e+04	+0.510
123.300	+5.140e+03	+5.618e+03	+9.874e+03	+0.522
123.400	+5.642e+03	+4.067e+03	+9.849e+03	+0.419
123.500	+5.388e+03	+5.139e+03	+1.127e+04	+0.488
123.600	+4.248e+03	+5.451e+03	+1.035e+04	+0.562
123.700	+5.142e+03	+4.944e+03	+9.369e+03	+0.490
123.800	+5.821e+03	+5.139e+03	+1.070e+04	+0.469
123.900	+5.076e+03	+4.842e+03	+1.054e+04	+0.488
124.000	+5.154e+03	+3.520e+03	+9.090e+03	+0.406
124.100	+4.372e+03	+4.972e+03	+1.018e+04	+0.532
124.200	+5.098e+03	+4.421e+03	+1.046e+04	+0.464
124.300	+5.422e+03	+4.782e+03	+1.123e+04	+0.469
124.400	+4.617e+03	+5.652e+03	+8.767e+03	+0.550
124.500	+4.318e+03	+4.901e+03	+1.059e+04	+0.532
124.600	+5.687e+03	+3.934e+03	+1.067e+04	+0.409
124.700	+3.416e+03	+4.614e+03	+9.488e+03	+0.575
124.800	+5.516e+03	+5.140e+03	+1.017e+04	+0.482
124.900	+5.323e+03	+4.762e+03	+1.015e+04	+0.472
125.000	+5.151e+03	+4.097e+03	+1.134e+04	+0.443
125.100	+4.438e+03	+5.528e+03	+9.187e+03	+0.555
125.200	+5.179e+03	+3.967e+03	+9.305e+03	+0.434
125.300	+3.503e+03	+5.022e+03	+9.478e+03	+0.589
125.400	+3.460e+03	+5.487e+03	+1.055e+04	+0.613
125.500	+4.795e+03	+4.656e+03	+9.861e+03	+0.493
125.600	+5.922e+03	+5.864e+03	+1.078e+04	+0.498
125.700	+4.505e+03	+4.644e+03	+9.409e+03	+0.508
125.800	+4.959e+03	+5.224e+03	+1.133e+04	+0.513
125.900	+4.724e+03	+4.407e+03	+1.055e+04	+0.483
126.000	+5.279e+03	+5.664e+03	+8.436e+03	+0.518
126.100	+4.853e+03	+5.146e+03	+1.004e+04	+0.515
126.200	+7.132e+03	+4.370e+03	+9.277e+03	+0.380
126.300	+4.979e+03	+5.651e+03	+8.762e+03	+0.532
126.400	+4.339e+03	+5.822e+03	+9.052e+03	+0.573
126.500	+5.855e+03	+4.380e+03	+9.454e+03	+0.428
126.600	+4.968e+03	+5.631e+03	+1.069e+04	+0.531
126.700	+4.129e+03	+4.455e+03	+8.959e+03	+0.519
126.800	+4.546e+03	+5.620e+03	+1.044e+04	+0.553
126.900	+4.120e+03	+5.031e+03	+9.790e+03	+0.550
127.000	+4.091e+03	+5.676e+03	+9.727e+03	+0.581
127.100	+4.375e+03	+6.265e+03	+1.023e+04	+0.589
127.200	+4.473e+03	+5.390e+03	+9.727e+03	+0.546
127.300	+4.515e+03	+3.704e+03	+1.012e+04	+0.451
127.400	+5.671e+03	+4.840e+03	+9.710e+03	+0.460
127.500	+5.467e+03	+3.570e+03	+9.930e+03	+0.395
127.600	+5.892e+03	+4.899e+03	+9.628e+03	+0.454
127.700	+2.916e+03	+5.508e+03	+1.029e+04	+0.654
127.800	+5.303e+03	+5.506e+03	+1.030e+04	+0.509
127.900	+5.519e+03	+4.534e+03	+8.664e+03	+0.451
128.000	+5.039e+03	+5.714e+03	+1.041e+04	+0.531
128.100	+4.499e+03	+4.521e+03	+1.033e+04	+0.501
128.200	+5.681e+03	+4.772e+03	+8.282e+03	+0.456
128.300	+4.934e+03	+4.900e+03	+1.113e+04	+0.498
128.400	+6.041e+03	+5.721e+03	+1.064e+04	+0.486
128.500	+4.731e+03	+4.032e+03	+1.049e+04	+0.460
128.600	+4.698e+03	+5.372e+03	+1.084e+04	+0.533
128.700	+5.344e+03	+4.422e+03	+1.028e+04	+0.453
128.800	+5.424e+03	+5.765e+03	+9.813e+03	+0.515
128.900	+5.493e+03	+4.795e+03	+1.073e+04	+0.466
129.000	+4.976e+03	+4.670e+03	+9.878e+03	+0.484
129.100	+5.188e+03	+5.996e+03	+9.670e+03	+0.536
129.200	+6.099e+03	+5.146e+03	+1.015e+04	+0.458
129.300	+4.126e+03	+5.582e+03	+1.024e+04	+0.575
129.400	+5.220e+03	+5.412e+03	+1.070e+04	+0.509
129.500	+5.254e+03	+5.768e+03	+9.648e+03	+0.523
129.600	+5.289e+03	+3.472e+03	+1.145e+04	+0.396
129.700	+4.735e+03	+4.185e+03	+1.088e+04	+0.469
129.800	+4.805e+03	+4.901e+03	+1.165e+04	+0.505
129.900	+2.923e+03	+5.200e+03	+9.038e+03	+0.640
130.000	+4.387e+03	+5.721e+03	+9.971e+03	+0.566
130.100	+5.152e+03	+5.947e+03	+9.634e+03	+0.536
130.200	+5.253e+03	+5.255e+03	+8.983e+03	+0.500
130.300	+5.276e+03	+5.824e+03	+1.123e+04	+0.525
130.400	+5.653e+03	+4.528e+03	+1.000e+04	+0.445
130.500	+5.359e+03	+4.877e+03	+8.908e+03	+0.476
130.600	+5.106e+03	+5.816e+03	+1.015e+04	+0.532
130.700	+5.097e+03	+4.096e+03	+1.050e+04	+0.446
130.800	+5.265e+03	+4.842e+03	+9.660e+03	+0.479
130.900	+5.701e+03	+4.154e+03	+1.145e+04	+0.422
131.000	+8.266e+03	+3.408e+03	+1.137e+04	+0.292
131.100	+5.318e+03	+5.792e+03	+1.017e+04	+0.521
131.200	+4.008e+03	+4.391e+03	+8.422e+03	+0.523
131.300	+4.041e+03	+4.573e+03	+1.048e+04	+0.531
131.400	+4.530e+03	+5.175e+03	+1.074e+04	+0.533
131.500	+3.916e+03	+5.001e+03	+1.013e+04	+0.561
131.600	+5.030e+03	+5.266e+03	+1.161e+04	+0.511
131.700	+4.819e+03	+4.605e+03	+1.072e+04	+0.489
131.800	+5.448e+03	+5.270e+03	+1.103e+04	+0.492
131.900	+4.615e+03	+6.011e+03	+9.214e+03	+0.566
132.000	+6.872e+03	+3.718e+03	+1.098e+04	+0.351
132.100	+7.603e+03	+2.427e+03	+1.058e+04	+0.242
132.200	+7.966e+03	+2.985e+03	+1.051e+04	+0.273
132.300	+8.220e+03	+1.575e+03	+9.606e+03	+0.161
132.400	+6.157e+03	+2.717e+03	+9.633e+03	+0.306
132.500	+6.726e+03	+2.351e+03	+9.705e+03	+0.259
132.600	+7.184e+03	+3.103e+03	+1.063e+04	+0.302
132.700	+7.730e+03	+2.197e+03	+9.009e+03	+0.221
132.800	+8.018e+03	+1.704e+03	+8.400e+03	+0.175
132.900	+7.347e+03	+2.125e+03	+1.006e+04	+0.224
133.000	+7.218e+03	+2.647e+03	+1.062e+04	+0.268
133.100	+6.691e+03	+2.488e+03	+1.091e+04	+0.271
133.200	+7.055e+03	+2.539e+03	+1.002e+04	+0.265
133.300	+6.557e+03	+2.409e+03	+1.003e+04	+0.269
133.400	+6.917e+03	+3.796e+03	+1.063e+04	+0.354
133.500	+5.675e+03	+1.550e+03	+9.898e+03	+0.215
133.600	+7.492e+03	+2.599e+03	+8.635e+03	+0.258
133.700	+8.052e+03	+1.785e+03	+8.685e+03	+0.181
133.800	+8.398e+03	+2.496e+03	+9.352e+03	+0.229
133.900	+7.580e+03	+2.862e+03	+9.471e+03	+0.274
134.000	+6.998e+03	+2.763e+03	+9.638e+03	+0.283
134.100	+7.285e+03	+2.705e+03	+1.014e+04	+0.271
134.200	+7.217e+03	+4.142e+03	+1.091e+04	+0.365
134.300	+6.931e+03	+1.308e+03	+9.292e+03	+0.159
134.400	+8.343e+03	+2.442e+03	+9.839e+03	+0.226
134.500	+6.848e+03	+3.648e+03	+9.756e+03	+0.348
134.600	+7.378e+03	+2.244e+03	+9.343e+03	+0.233
134.700	+8.076e+03	+1.746e+03	+9.434e+03	+0.178
134.800	+7.126e+03	+1.995e+03	+9.425e+03	+0.219
134.900	+7.152e+03	+1.464e+03	+1.087e+04	+0.170
135.000	+7.287e+03	+1.754e+03	+9.311e+03	+0.194
135.100	+7.720e+03	+1.987e+03	+1.059e+04	+0.205
135.200	+8.139e+03	+2.920e+03	+1.003e+04	+0.264
135.300	+7.421e+03	+2.548e+03	+1.041e+04	+0.256
135.400	+7.120e+03	+1.897e+03	+1.091e+04	+0.210
135.500	+7.317e+03	+2.286e+03	+1.059e+04	+0.238
135.600	+6.881e+03	+3.433e+03	+8.956e+03	+0.333
135.700	+8.575e+03	+3.261e+03	+9.525e+03	+0.276
135.800	+6.780e+03	+2.205e+03	+1.070e+04	+0.245
135.900	+7.562e+03	+2.125e+03	+9.355e+03	+0.219
136.000	+5.947e+03	+2.336e+03	+9.612e+03	+0.282
136.100	+7.402e+03	+3.195e+03	+1.013e+04	+0.302
136.200	+6.929e+03	+2.090e+03	+1.048e+04	+0.232
136.300	+6.328e+03	+2.436e+03	+9.477e+03	+0.278
136.400	+7.397e+03	+3.337e+03	+9.563e+03	+0.311
136.500	+7.942e+03	+1.432e+03	+8.550e+03	+0.153
136.600	+7.375e+03	+2.521e+03	+1.060e+04	+0.255
136.700	+7.337e+03	+2.782e+03	+9.967e+03	+0.275
136.800	+8.181e+03	+2.014e+03	+1.024e+04	+0.198
136.900	+7.871e+03	+2.100e+03	+1.032e+04	+0.211
137.000	+8.676e+03	+3.566e+03	+1.025e+04	+0.291
137.100	+6.140e+03	+3.515e+03	+1.084e+04	+0.364
137.200	+6.800e+03	+2.483e+03	+1.036e+04	+0.267
137.300	+7.539e+03	+1.193e+03	+9.580e+03	+0.137
137.400	+8.357e+03	+2.240e+03	+9.806e+03	+0.211
137.500	+6.837e+03	+1.875e+03	+9.090e+03	+0.215
137.600	+6.698e+03	+3.067e+03	+1.100e+04	+0.314
137.700	+6.748e+03	+1.901e+03	+1.000e+04	+0.220
137.800	+7.721e+03	+3.285e+03	+1.083e+04	+0.298
137.900	+8.947e+03	+1.099e+03	+1.063e+04	+0.109
138.000	+6.195e+03	+3.185e+03	+9.668e+03	+0.340
138.100	+7.997e+03	+2.422e+03	+1.101e+04	+0.232
138.200	+7.154e+03	+1.948e+03	+1.108e+04	+0.214
138.300	+7.305e+03	+3.027e+03	+9.324e+03	+0.293
138.400	+6.952e+03	+2.326e+03	+1.066e+04	+0.251
138.500	+8.238e+03	+8.197e+02	+9.403e+03	+0.090
138.600	+7.601e+03	+1.871e+03	+1.008e+04	+0.198
138.700	+7.211e+03	+2.425e+03	+1.132e+04	+0.252
138.800	+7.045e+03	+1.653e+03	+1.016e+04	+0.190
138.900	+7.798e+03	+2.581e+03	+1.051e+04	+0.249
139.000	+6.218e+03	+2.475e+03	+1.035e+04	+0.285
139.100	+7.999e+03	+3.469e+03	+8.932e+03	+0.302
139.200	+8.012e+03	+2.852e+03	+8.982e+03	+0.262
139.300	+7.224e+03	+2.108e+03	+9.764e+03	+0.226
139.400	+8.212e+03	+1.763e+03	+1.009e+04	+0.177
139.500	+7.389e+03	+3.800e+03	+1.060e+04	+0.340
139.600	+7.560e+03	+2.371e+03	+9.254e+03	+0.239
139.700	+5.936e+03	+4.241e+03	+9.981e+03	+0.417
139.800	+1.848e+03	+6.887e+03	+9.994e+03	+0.788
139.900	+5.581e+02	+7.817e+03	+1.045e+04	+0.933
140.000	+2.069e+03	+7.354e+03	+1.030e+04	+0.780
140.100	+1.502e+03	+7.566e+03	+9.544e+03	+0.834
140.200	+1.955e+03	+7.302e+03	+1.121e+04	+0.789
140.300	+2.419e+03	+8.673e+03	+1.013e+04	+0.782
140.400	+2.384e+03	+8.094e+03	+1.066e+04	+0.772
140.500	+1.336e+03	+7.433e+03	+1.070e+04	+0.848
140.600	+2.302e+03	+7.144e+03	+9.100e+03	+0.756
140.700	+3.167e+03	+8.033e+03	+9.940e+03	+0.717
140.800	+3.194e+03	+8.603e+03	+1.066e+04	+0.729
140.900	+1.971e+03	+8.686e+03	+1.044e+04	+0.815
141.000	+1.219e+03	+8.281e+03	+1.028e+04	+0.872
141.100	+2.103e+03	+8.537e+03	+9.818e+03	+0.802
141.200	+2.138e+03	+7.693e+03	+1.010e+04	+0.783
141.300	+2.418e+03	+8.185e+03	+9.806e+03	+0.772
141.400	+2.028e+03	+7.822e+03	+9.249e+03	+0.794
141.500	+2.568e+03	+8.684e+03	+1.029e+04	+0.772
141.600	+2.298e+03	+8.414e+03	+9.705e+03	+0.786
141.700	+2.043e+03	+7.723e+03	+9.507e+03	+0.791
141.800	+2.240e+03	+8.381e+03	+1.094e+04	+0.789
141.900	+2.157e+03	+8.028e+03	+9.773e+03	+0.788
142.000	+1.680e+03	+8.409e+03	+1.056e+04	+0.834
142.100	+2.631e+03	+7.098e+03	+1.022e+04	+0.730
142.200	+1.620e+03	+8.467e+03	+1.027e+04	+0.839
142.300	+2.238e+03	+8.581e+03	+9.931e+03	+0.793
142.400	+3.108e+02	+6.227e+03	+9.685e+03	+0.952
142.500	+3.128e+03	+7.915e+03	+1.021e+04	+0.717
142.600	+2.071e+03	+8.533e+03	+1.036e+04	+0.805
142.700	+2.488e+03	+8.236e+03	+1.025e+04	+0.768
142.800	+1.304e+03	+9.232e+03	+9.612e+03	+0.876
142.900	+4.507e+02	+7.526e+03	+9.992e+03	+0.944
143.000	+3.313e+03	+7.876e+03	+1.038e+04	+0.704
143.100	+9.290e+02	+7.717e+03	+1.013e+04	+0.893
143.200	+2.102e+03	+8.299e+03	+9.488e+03	+0.798
143.300	+2.012e+03	+9.088e+03	+1.090e+04	+0.819
143.400	+1.575e+03	+8.334e+03	+1.043e+04	+0.841
143.500	+2.523e+03	+9.006e+03	+1.103e+04	+0.781
143.600	+1.438e+03	+7.974e+03	+9.567e+03	+0.847
143.700	+2.466e+03	+7.526e+03	+1.091e+04	+0.753
143.800	+2.266e+03	+7.014e+03	+1.118e+04	+0.756
143.900	+2.420e+03	+8.360e+03	+1.065e+04	+0.776
144.000	+1.363e+03	+7.944e+03	+1.046e+04	+0.854
144.100	+2.220e+03	+8.034e+03	+1.064e+04	+0.783
144.200	+2.320e+03	+7.413e+03	+9.597e+03	+0.762
144.300	+2.205e+03	+8.353e+03	+8.324e+03	+0.791
144.400	+2.332e+03	+8.254e+03	+9.156e+03	+0.780
144.500	+1.460e+03	+8.516e+03	+9.933e+03	+0.854
144.600	+1.702e+03	+8.941e+03	+9.688e+03	+0.840
144.700	+1.767e+03	+7.527e+03	+9.440e+03	+0.810
144.800	+1.188e+03	+9.138e+03	+1.000e+04	+0.885
144.900	+1.948e+03	+7.956e+03	+1.056e+04	+0.803
145.000	+1.871e+03	+7.399e+03	+1.019e+04	+0.798
145.100	+4.699e+02	+8.965e+03	+1.030e+04	+0.950
145.200	+1.109e+03	+7.720e+03	+1.032e+04	+0.874
145.300	+1.578e+03	+8.091e+03	+9.408e+03	+0.837
145.400	+2.108e+03	+9.149e+03	+8.677e+03	+0.813
145.500	+1.952e+03	+6.833e+03	+1.005e+04	+0.778
145.600	+1.688e+03	+7.660e+03	+1.054e+04	+0.819
145.700	+1.340e+03	+7.972e+03	+1.008e+04	+0.856
145.800	+6.074e+02	+7.413e+03	+1.045e+04	+0.924
145.900	+1.368e+03	+8.607e+03	+9.983e+03	+0.863
146.000	+1.622e+03	+8.879e+03	+9.881e+03	+0.845
146.100	+2.216e+03	+8.363e+03	+8.830e+03	+0.791
146.200	+2.827e+03	+8.180e+03	+9.667e+03	+0.743
146.300	+2.077e+03	+7.668e+03	+8.749e+03	+0.787
146.400	+2.806e+03	+8.695e+03	+9.344e+03	+0.756
146.500	+1.723e+03	+7.108e+03	+1.060e+04	+0.805
146.600	+1.505e+03	+8.091e+03	+8.977e+03	+0.843
146.700	+2.819e+03	+6.824e+03	+9.496e+03	+0.708
146.800	+1.302e+03	+8.019e+03	+1.077e+04	+0.860
146.900	+2.480e+03	+8.588e+03	+1.028e+04	+0.776
147.000	+1.865e+03	+6.983e+03	+9.164e+03	+0.789
147.100	+2.932e+03	+8.094e+03	+1.140e+04	+0.734
147.200	+2.114e+03	+7.704e+03	+9.355e+03	+0.785
147.300	+1.257e+03	+9.174e+03	+9.477e+03	+0.879
147.400	+3.003e+03	+6.665e+03	+9.650e+03	+0.689
147.500	+3.348e+03	+7.606e+03	+9.208e+03	+0.694
147.600	+2.528e+03	+9.557e+03	+8.540e+03	+0.791
147.700	+2.978e+03	+8.812e+03	+1.042e+04	+0.747
147.800	+1.286e+03	+7.755e+03	+1.068e+04	+0.858
147.900	+7.451e+03	+2.148e+03	+9.429e+03	+0.224
148.000	+7.585e+03	+3.067e+03	+1.117e+04	+0.288
148.100	+7.361e+03	+3.019e+03	+1.039e+04	+0.291
148.200	+7.470e+03	+4.477e+03	+9.943e+03	+0.375
148.300	+6.724e+03	+3.571e+03	+1.129e+04	+0.347
148.400	+6.966e+03	+1.929e+03	+9.165e+03	+0.217
148.500	+6.879e+03	+1.995e+03	+1.038e+04	+0.225
148.600	+7.698e+03	+2.369e+03	+1.182e+04	+0.235
148.700	+7.926e+03	+1.725e+03	+9.144e+03	+0.179
148.800	+7.720e+03	+2.670e+03	+9.523e+03	+0.257
148.900	+7.358e+03	+1.492e+03	+9.396e+03	+0.169
149.000	+7.478e+03	+3.134e+03	+1.000e+04	+0.295
149.100	+8.154e+03	+1.991e+03	+1.057e+04	+0.196
149.200	+8.198e+03	+3.310e+03	+1.002e+04	+0.288
149.300	+8.332e+03	+1.219e+03	+1.071e+04	+0.128
149.400	+6.919e+03	+1.801e+03	+1.059e+04	+0.207
149.500	+8.717e+03	+2.371e+03	+1.007e+04	+0.214
149.600	+7.934e+03	+2.958e+03	+9.912e+03	+0.272
149.700	+8.506e+03	+3.108e+03	+1.152e+04	+0.268
149.800	+7.005e+03	+1.777e+03	+9.551e+03	+0.202
149.900	+7.427e+03	+2.178e+03	+1.012e+04	+0.227
150.000	+7.257e+03	+2.306e+03	+8.808e+03	+0.241
150.100	+8.170e+03	+2.779e+03	+9.422e+03	+0.254
150.200	+7.095e+03	+2.531e+03	+1.009e+04	+0.263
150.300	+6.232e+03	+2.537e+03	+1.063e+04	+0.289
150.400	+6.867e+03	+1.152e+03	+9.175e+03	+0.144
150.500	+6.695e+03	+2.244e+03	+9.585e+03	+0.251
150.600	+6.861e+03	+2.647e+03	+9.610e+03	+0.278
150.700	+7.543e+03	+1.534e+03	+1.033e+04	+0.169
150.800	+6.381e+03	+2.469e+03	+1.040e+04	+0.279
150.900	+8.318e+03	+2.574e+03	+9.220e+03	+0.236
151.000	+6.958e+03	+2.419e+03	+1.064e+04	+0.258
151.100	+7.369e+03	+2.086e+03	+1.046e+04	+0.221
151.200	+7.748e+03	+3.110e+03	+9.418e+03	+0.286
151.300	+7.289e+03	+3.343e+03	+9.290e+03	+0.314
151.400	+7.125e+03	+3.564e+03	+1.000e+04	+0.333
151.500	+7.343e+03	+3.188e+03	+1.025e+04	+0.303
151.600	+8.377e+03	+3.267e+03	+9.887e+03	+0.281
151.700	+7.663e+03	+2.807e+03	+8.828e+03	+0.268
151.800	+7.300e+03	+3.265e+03	+1.078e+04	+0.309
151.900	+7.709e+03	+2.520e+03	+1.055e+04	+0.246
152.000	+8.621e+03	+1.358e+03	+9.638e+03	+0.136
152.100	+6.987e+03	+2.643e+03	+1.065e+04	+0.274
152.200	+8.091e+03	+3.159e+03	+1.111e+04	+0.281
152.300	+8.713e+03	+2.784e+03	+1.073e+04	+0.242
152.400	+7.445e+03	+2.954e+03	+9.896e+03	+0.284
152.500	+6.764e+03	+2.780e+03	+1.169e+04	+0.291
152.600	+8.125e+03	+1.870e+03	+9.381e+03	+0.187
152.700	+8.527e+03	+2.958e+03	+8.464e+03	+0.258
152.800	+7.217e+03	+2.971e+03	+8.706e+03	+0.292
152.900	+6.844e+03	+2.939e+03	+9.321e+03	+0.300
153.000	+7.361e+03	+2.479e+03	+9.629e+03	+0.252
153.100	+8.256e+03	+2.827e+03	+8.624e+03	+0.255
153.200	+8.799e+03	+3.220e+03	+1.059e+04	+0.268
153.300	+8.445e+03	+3.120e+03	+8.896e+03	+0.270
153.400	+7.842e+03	+2.327e+03	+9.875e+03	+0.229
153.500	+8.121e+03	+1.970e+03	+9.142e+03	+0.195
153.600	+7.473e+03	+2.933e+03	+1.061e+04	+0.282
153.700	+8.517e+03	+2.065e+03	+1.043e+04	+0.195
153.800	+8.294e+03	+3.449e+03	+1.251e+04	+0.294
153.900	+7.262e+03	+2.357e+03	+9.635e+03	+0.245
154.000	+7.113e+03	+3.097e+03	+1.093e+04	+0.303
154.100	+7.677e+03	+2.542e+03	+1.019e+04	+0.249
154.200	+7.134e+03	+3.359e+03	+1.032e+04	+0.320
154.300	+5.986e+03	+2.514e+03	+9.766e+03	+0.296
154.400	+8.488e+03	+2.590e+03	+9.089e+03	+0.234
154.500	+7.930e+03	+3.078e+03	+8.690e+03	+0.280
154.600	+7.818e+03	+1.032e+03	+1.034e+04	+0.117
154.700	+7.492e+03	+1.539e+03	+1.039e+04	+0.170
154.800	+7.750e+03	+1.650e+03	+9.577e+03	+0.176
154.900	+7.033e+03	+2.311e+03	+9.596e+03	+0.247
155.000	+7.678e+03	+1.545e+03	+9.809e+03	+0.168
155.100	+7.139e+03	+2.695e+03	+1.091e+04	+0.274
155.200	+7.914e+03	+2.149e+03	+9.919e+03	+0.214
155.300	+7.292e+03	+1.919e+03	+9.308e+03	+0.208
155.400	+7.188e+03	+1.855e+03	+9.594e+03	+0.205
155.500	+7.228e+03	+3.103e+03	+9.391e+03	+0.300
155.600	+7.696e+03	+2.035e+03	+1.023e+04	+0.209
155.700	+7.502e+03	+3.420e+03	+9.883e+03	+0.313
155.800	+6.803e+03	+2.692e+03	+9.698e+03	+0.284
155.900	+7.726e+03	+2.848e+03	+9.117e+03	+0.269
156.000	+7.403e+03	+2.407e+03	+8.451e+03	+0.245
156.100	+7.066e+03	+2.450e+03	+1.130e+04	+0.257
156.200	+7.018e+03	+1.769e+03	+1.129e+04	+0.201
156.300	+7.017e+03	+2.780e+03	+1.071e+04	+0.284
156.400	+8.290e+03	+2.723e+03	+8.924e+03	+0.247
156.500	+6.926e+03	+2.822e+03	+1.002e+04	+0.289
156.600	+8.146e+03	+2.149e+03	+1.133e+04	+0.209
156.700	+7.938e+03	+3.593e+03	+1.022e+04	+0.312
156.800	+6.469e+03	+1.986e+03	+1.008e+04	+0.235
156.900	+7.295e+03	+2.303e+03	+9.878e+03	+0.240
157.000	+7.447e+03	+2.512e+03	+1.135e+04	+0.252
157.100	+8.758e+03	+4.340e+03	+1.037e+04	+0.331
157.200	+6.945e+03	+3.066e+03	+1.195e+04	+0.306
157.300	+6.935e+03	+1.953e+03	+1.029e+04	+0.220
157.400	+6.641e+03	+2.138e+03	+9.875e+03	+0.244
157.500	+7.516e+03	+1.815e+03	+9.616e+03	+0.195
157.600	+7.942e+03	+1.913e+03	+9.682e+03	+0.194
157.700	+8.635e+03	+2.056e+03	+8.801e+03	+0.192
157.800	+7.687e+03	+3.422e+03	+9.494e+03	+0.308
157.900	+6.710e+03	+2.999e+03	+9.329e+03	+0.309
158.000	+8.702e+03	+2.542e+03	+1.026e+04	+0.226
158.100	+7.171e+03	+2.730e+03	+1.071e+04	+0.276
158.200	+6.126e+03	+2.788e+03	+1.003e+04	+0.313
158.300	+6.988e+03	+1.618e+03	+1.002e+04	+0.188
158.400	+7.574e+03	+2.051e+03	+8.367e+03	+0.213
158.500	+7.630e+03	+1.926e+03	+1.005e+04	+0.202
158.600	+7.168e+03	+1.440e+03	+1.085e+04	+0.167
158.700	+7.004e+03	+3.847e+03	+9.149e+03	+0.355
158.800	+4.934e+03	+3.966e+03	+1.026e+04	+0.446
158.900	+6.237e+03	+4.063e+03	+1.002e+04	+0.394
159.000	+5.043e+03	+4.831e+03	+8.875e+03	+0.489
159.100	+5.067e+03	+5.640e+03	+9.981e+03	+0.527
159.200	+5.296e+03	+5.106e+03	+1.069e+04	+0.491
159.300	+5.164e+03	+4.037e+03	+1.039e+04	+0.439
159.400	+5.026e+03	+5.060e+03	+8.333e+03	+0.502
159.500	+3.769e+03	+4.736e+03	+1.019e+04	+0.557
159.600	+6.080e+03	+5.461e+03	+9.670e+03	+0.473
159.700	+5.358e+03	+5.302e+03	+1.091e+04	+0.497
159.800	+5.167e+03	+5.619e+03	+9.719e+03	+0.521
159.900	+5.031e+03	+4.690e+03	+9.264e+03	+0.482
160.000	+5.087e+03	+5.365e+03	+1.016e+04	+0.513
160.100	+4.589e+03	+5.882e+03	+1.013e+04	+0.562
160.200	+5.304e+03	+5.348e+03	+8.995e+03	+0.502
160.300	+4.186e+03	+4.240e+03	+1.058e+04	+0.503
160.400	+5.550e+03	+4.929e+03	+1.026e+04	+0.470
160.500	+4.328e+03	+5.097e+03	+9.403e+03	+0.541
160.600	+5.452e+03	+4.183e+03	+1.037e+04	+0.434
160.700	+6.255e+03	+4.605e+03	+9.730e+03	+0.424
160.800	+3.946e+03	+5.050e+03	+1.040e+04	+0.561
160.900	+5.205e+03	+4.972e+03	+9.339e+03	+0.489
161.000	+5.786e+03	+4.242e+03	+1.035e+04	+0.423
161.100	+5.986e+03	+4.063e+03	+1.057e+04	+0.404
161.200	+8.225e+03	+3.279e+03	+8.669e+03	+0.285
161.300	+8.151e+03	+1.487e+03	+9.704e+03	+0.154
161.400	+7.174e+03	+2.787e+03	+1.097e+04	+0.280
161.500	+6.174e+03	+1.406e+03	+1.036e+04	+0.186
161.600	+7.290e+03	+3.197e+03	+9.650e+03	+0.305
161.700	+9.235e+03	+3.163e+03	+1.026e+04	+0.255
161.800	+7.744e+03	+2.766e+03	+9.620e+03	+0.263
161.900	+8.409e+03	+1.449e+03	+1.018e+04	+0.147
162.000	+8.372e+03	+2.602e+03	+8.769e+03	+0.237
162.100	+7.175e+03	+2.273e+03	+9.873e+03	+0.241
162.200	+7.017e+03	+2.425e+03	+1.035e+04	+0.257
162.300	+6.175e+03	+1.803e+03	+1.049e+04	+0.226
162.400	+7.527e+03	+3.412e+03	+1.071e+04	+0.312
162.500	+6.140e+03	+3.346e+03	+1.122e+04	+0.353
162.600	+7.686e+03	+2.688e+03	+1.026e+04	+0.259
162.700	+6.992e+03	+2.260e+03	+9.315e+03	+0.244
162.800	+6.974e+03	+2.274e+03	+1.017e+04	+0.246
162.900	+8.281e+03	+2.800e+03	+1.118e+04	+0.253
163.000	+7.190e+03	+1.659e+03	+1.045e+04	+0.187
163.100	+8.564e+03	+2.137e+03	+1.104e+04	+0.200
163.200	+6.028e+03	+2.349e+03	+1.117e+04	+0.280
163.300	+8.185e+03	+2.424e+03	+1.020e+04	+0.228
163.400	+7.578e+03	+2.875e+03	+1.031e+04	+0.275
163.500	+7.680e+03	+2.150e+03	+9.121e+03	+0.219
163.600	+6.907e+03	+2.227e+03	+1.055e+04	+0.244
163.700	+8.745e+03	+2.669e+03	+1.112e+04	+0.234
163.800	+7.828e+03	+1.135e+03	+1.095e+04	+0.127
163.900	+6.506e+03	+1.447e+03	+9.444e+03	+0.182
164.000	+6.879e+03	+3.965e+03	+1.021e+04	+0.366
164.100	+3.785e+03	+3.962e+03	+1.056e+04	+0.511
164.200	+6.423e+03	+3.253e+03	+1.038e+04	+0.336
164.300	+7.873e+03	+2.395e+03	+1.010e+04	+0.233
164.400	+6.297e+03	+2.272e+03	+9.522e+03	+0.265
164.500	+7.897e+03	+3.249e+03	+1.111e+04	+0.291
164.600	+6.610e+03	+2.057e+03	+1.048e+04	+0.237
164.700	+7.664e+03	+4.236e+03	+1.086e+04	+0.356
164.800	+7.481e+03	+2.607e+03	+1.053e+04	+0.258
164.900	+7.904e+03	+1.982e+03	+9.094e+03	+0.200
165.000	+7.992e+03	+3.053e+03	+1.073e+04	+0.276
165.100	+7.891e+03	+2.152e+03	+1.192e+04	+0.214
165.200	+7.705e+03	+1.986e+03	+9.731e+03	+0.205
165.300	+7.343e+03	+2.757e+03	+1.054e+04	+0.273
165.400	+6.315e+03	+2.481e+03	+9.940e+03	+0.282
165.500	+8.432e+03	+1.522e+03	+8.613e+03	+0.153
165.600	+7.633e+03	+4.242e+03	+9.461e+03	+0.357
165.700	+7.432e+03	+2.458e+03	+1.122e+04	+0.249
165.800	+7.024e+03	+3.299e+03	+9.195e+03	+0.320
165.900	+7.390e+03	+3.261e+02	+9.992e+03	+0.042
166.000	+8.143e+03	+2.582e+03	+1.052e+04	+0.241
166.100	+7.625e+03	+2.682e+03	+1.079e+04	+0.260
166.200	+6.850e+03	+2.889e+03	+1.083e+04	+0.297
166.300	+8.073e+03	+4.154e+02	+8.980e+03	+0.049
166.400	+7.829e+03	+1.490e+03	+1.100e+04	+0.160
166.500	+6.591e+03	+1.071e+03	+1.053e+04	+0.140
166.600	+8.219e+03	+2.220e+03	+1.075e+04	+0.213
166.700	+6.452e+03	+1.674e+03	+9.933e+03	+0.206
166.800	+7.859e+03	+3.636e+02	+1.109e+04	+0.044
166.900	+7.862e+03	+2.057e+03	+9.299e+03	+0.207
167.000	+7.520e+03	+2.967e+03	+9.867e+03	+0.283
167.100	+7.645e+03	+3.439e+03	+9.562e+03	+0.310
167.200	+7.147e+03	+2.104e+03	+8.683e+03	+0.227
167.300	+7.871e+03	+2.866e+03	+8.774e+03	+0.267
167.400	+6.548e+03	+2.470e+03	+1.036e+04	+0.274
167.500	+6.483e+03	+3.627e+03	+1.027e+04	+0.359
167.600	+6.961e+03	+2.596e+03	+9.827e+03	+0.272
167.700	+8.273e+03	+2.306e+03	+1.106e+04	+0.218
167.800	+8.380e+03	+1.820e+03	+1.052e+04	+0.178
167.900	+5.929e+03	+2.269e+03	+1.124e+04	+0.277
168.000	+7.099e+03	+1.388e+03	+1.109e+04	+0.164
168.100	+6.851e+03	+2.852e+03	+9.806e+03	+0.294
168.200	+7.365e+03	+1.747e+03	+9.087e+03	+0.192
168.300	+6.716e+03	+2.211e+03	+1.067e+04	+0.248
168.400	+6.447e+03	+2.568e+03	+9.809e+03	+0.285
168.500	+7.089e+03	+2.381e+03	+9.849e+03	+0.251
168.600	+7.277e+03	+2.793e+03	+9.106e+03	+0.277
168.700	+8.283e+03	+2.530e+03	+1.048e+04	+0.234
168.800	+7.448e+03	+2.471e+03	+1.011e+04	+0.249
168.900	+8.225e+03	+3.017e+03	+1.030e+04	+0.268
169.000	+7.565e+03	+3.241e+03	+1.111e+04	+0.300
169.100	+8.284e+03	+3.221e+03	+9.790e+03	+0.280
169.200	+7.858e+03	+1.670e+03	+1.201e+04	+0.175
169.300	+7.071e+03	+3.367e+03	+9.386e+03	+0.323
169.400	+8.320e+03	+1.553e+03	+9.727e+03	+0.157
169.500	+8.645e+03	+2.178e+03	+9.889e+03	+0.201
169.600	+7.028e+03	+1.906e+03	+1.034e+04	+0.213
169.700	+8.820e+03	+2.700e+03	+9.209e+03	+0.234
169.800	+7.363e+03	+3.367e+03	+1.030e+04	+0.314
169.900	+7.649e+03	+8.517e+02	+1.042e+04	+0.100
170.000	+7.076e+03	+9.757e+02	+1.122e+04	+0.121
170.100	+8.124e+03	+1.992e+03	+9.776e+03	+0.197
170.200	+7.021e+03	+3.504e+03	+1.073e+04	+0.333
170.300	+7.621e+03	+2.663e+03	+1.088e+04	+0.259
170.400	+9.326e+03	+1.463e+03	+9.517e+03	+0.136
170.500	+6.886e+03	+3.084e+03	+1.077e+04	+0.309
170.600	+7.007e+03	+3.610e+03	+1.048e+04	+0.340
170.700	+7.180e+03	+2.572e+03	+1.068e+04	+0.264
170.800	+6.207e+03	+2.089e+03	+1.013e+04	+0.252
170.900	+7.538e+03	+2.164e+03	+9.870e+03	+0.223
171.000	+7.717e+03	+2.564e+03	+1.014e+04	+0.249
171.100	+8.074e+03	+2.629e+03	+1.051e+04	+0.246
171.200	+7.246e+03	+4.103e+03	+8.630e+03	+0.362
171.300	+7.075e+03	+1.917e+03	+1.053e+04	+0.213
171.400	+6.927e+03	+2.137e+03	+8.451e+03	+0.236
171.500	+7.236e+03	+9.149e+02	+1.058e+04	+0.112
171.600	+8.226e+03	+3.287e+03	+9.957e+03	+0.286
171.700	+7.246e+03	+2.188e+03	+9.627e+03	+0.232
171.800	+7.466e+03	+1.746e+03	+8.527e+03	+0.190
171.900	+8.152e+03	+1.680e+03	+8.964e+03	+0.171
172.000	+8.291e+03	+3.951e+03	+1.043e+04	+0.323
172.100	+8.979e+03	+2.509e+03	+9.316e+03	+0.218
172.200	+8.508e+03	+3.189e+03	+1.024e+04	+0.273
172.300	+7.593e+03	+2.900e+03	+9.684e+03	+0.276
172.400	+6.891e+03	+3.347e+03	+1.089e+04	+0.327
172.500	+6.138e+03	+2.630e+03	+1.106e+04	+0.300
172.600	+7.390e+03	+2.885e+03	+9.457e+03	+0.281
172.700	+7.406e+03	+2.897e+03	+1.077e+04	+0.281
172.800	+8.257e+03	+1.099e+03	+9.830e+03	+0.117
172.900	+8.873e+03	+2.286e+03	+1.108e+04	+0.205
173.000	+8.128e+03	+1.762e+03	+9.481e+03	+0.178
173.100	+7.918e+03	+2.310e+03	+1.075e+04	+0.226
173.200	+7.203e+03	+2.630e+03	+1.004e+04	+0.267
173.300	+7.219e+03	+2.537e+03	+9.310e+03	+0.260
173.400	+7.734e+03	+3.138e+03	+1.001e+04	+0.289
173.500	+7.384e+03	+3.925e+03	+1.008e+04	+0.347
173.600	+6.904e+03	+2.128e+03	+8.862e+03	+0.236
173.700	+7.134e+03	+2.193e+03	+9.563e+03	+0.235
173.800	+7.660e+03	+3.211e+03	+9.896e+03	+0.295
173.900	+7.470e+03	+2.959e+03	+9.175e+03	+0.284
174.000	+6.283e+03	+5.038e+03	+9.446e+03	+0.445
174.100	+4.827e+03	+4.473e+03	+1.135e+04	+0.481
174.200	+3.796e+03	+4.685e+03	+8.360e+03	+0.552
174.300	+4.654e+03	+5.300e+03	+9.684e+03	+0.532
174.400	+6.181e+03	+4.231e+03	+1.035e+04	+0.406
174.500	+7.643e+03	+1.160e+03	+1.067e+04	+0.132
174.600	+7.654e+03	+2.931e+03	+9.233e+03	+0.277
174.700	+7.429e+03	+2.745e+03	+9.587e+03	+0.270
174.800	+8.066e+03	+2.678e+03	+9.469e+03	+0.249
174.900	+7.602e+03	+2.909e+03	+1.031e+04	+0.277
175.000	+7.195e+03	+3.209e+03	+9.027e+03	+0.308
175.100	+6.701e+03	+3.476e+03	+1.146e+04	+0.342
175.200	+7.427e+03	+1.870e+03	+1.010e+04	+0.201
175.300	+6.730e+03	+1.794e+03	+1.049e+04	+0.210
175.400	+9.373e+03	+2.827e+03	+1.135e+04	+0.232
175.500	+8.604e+03	+2.868e+03	+9.238e+03	+0.250
175.600	+8.289e+03	+1.556e+03	+1.099e+04	+0.158
175.700	+7.856e+03	+2.586e+03	+1.012e+04	+0.248
175.800	+7.371e+03	+1.624e+03	+9.899e+03	+0.181
175.900	+7.729e+03	+3.054e+03	+9.658e+03	+0.283
176.000	+8.903e+03	+1.765e+03	+9.679e+03	+0.165
176.100	+7.745e+03	+2.132e+03	+9.364e+03	+0.216
176.200	+7.603e+03	+3.092e+03	+1.042e+04	+0.289
176.300	+7.063e+03	+3.992e+03	+8.969e+03	+0.361
176.400	+6.315e+03	+2.559e+03	+9.619e+03	+0.288
176.500	+7.682e+03	+1.250e+03	+9.856e+03	+0.140
176.600	+8.628e+03	+3.286e+03	+1.098e+04	+0.276
176.700	+7.809e+03	+2.738e+03	+1.110e+04	+0.260
176.800	+8.609e+03	+1.781e+03	+1.093e+04	+0.171
176.900	+7.575e+03	+1.854e+03	+9.464e+03	+0.197
177.000	+6.483e+03	+2.203e+03	+9.372e+03	+0.254
177.100	+7.969e+03	+2.131e+03	+9.769e+03	+0.211
177.200	+6.978e+03	+2.885e+03	+1.026e+04	+0.293
177.300	+5.685e+03	+3.819e+03	+1.027e+04	+0.402
177.400	+5.533e+03	+5.254e+03	+9.158e+03	+0.487
177.500	+3.805e+03	+4.587e+03	+1.063e+04	+0.547
177.600	+6.954e+03	+4.594e+03	+1.066e+04	+0.398
177.700	+5.730e+03	+4.514e+03	+1.001e+04	+0.441
177.800	+5.914e+03	+4.097e+03	+1.036e+04	+0.409
177.900	+5.245e+03	+3.653e+03	+9.877e+03	+0.411
178.000	+3.956e+03	+5.016e+03	+9.227e+03	+0.559
178.100	+5.242e+03	+5.131e+03	+9.647e+03	+0.495
178.200	+5.021e+03	+6.719e+03	+9.480e+03	+0.572
178.300	+4.594e+03	+4.750e+03	+1.010e+04	+0.508
178.400	+4.856e+03	+5.020e+03	+1.002e+04	+0.508
178.500	+4.512e+03	+4.523e+03	+9.662e+03	+0.501
178.600	+4.946e+03	+4.823e+03	+9.827e+03	+0.494
178.700	+5.076e+03	+4.517e+03	+8.941e+03	+0.471
178.800	+2.467e+03	+4.538e+03	+9.471e+03	+0.648
178.900	+4.558e+03	+4.495e+03	+1.125e+04	+0.497
179.000	+4.228e+03	+5.229e+03	+9.857e+03	+0.553
179.100	+4.690e+03	+5.102e+03	+9.391e+03	+0.521
179.200	+5.800e+03	+2.543e+03	+1.008e+04	+0.305
179.300	+7.070e+03	+2.631e+03	+9.398e+03	+0.271
179.400	+6.701e+03	+2.636e+03	+9.434e+03	+0.282
179.500	+5.757e+03	+2.482e+03	+1.054e+04	+0.301
179.600	+7.971e+03	+2.061e+03	+1.017e+04	+0.205
179.700	+7.229e+03	+3.776e+03	+9.418e+03	+0.343
179.800	+7.117e+03	+1.702e+03	+9.592e+03	+0.193
179.900	+8.344e+03	+3.308e+03	+1.112e+04	+0.284
180.000	+7.566e+03	+2.471e+03	+9.910e+03	+0.246
180.100	+7.943e+03	+2.750e+03	+1.071e+04	+0.257
180.200	+7.296e+03	+2.618e+03	+9.885e+03	+0.264
180.300	+8.283e+03	+3.155e+03	+9.367e+03	+0.276
180.400	+7.904e+03	+2.992e+03	+9.861e+03	+0.275
180.500	+7.493e+03	+2.758e+03	+9.281e+03	+0.269
180.600	+8.130e+03	+2.852e+03	+9.422e+03	+0.260
180.700	+7.945e+03	+6.414e+02	+9.099e+03	+0.075
180.800	+7.624e+03	+3.283e+03	+9.746e+03	+0.301
180.900	+7.234e+03	+2.149e+03	+1.057e+04	+0.229
181.000	+6.459e+03	+3.414e+03	+9.704e+03	+0.346
181.100	+6.281e+03	+2.548e+03	+9.128e+03	+0.289
181.200	+6.919e+03	+2.533e+03	+9.858e+03	+0.268
181.300	+7.720e+03	+1.966e+03	+1.043e+04	+0.203
181.400	+6.573e+03	+2.373e+03	+1.061e+04	+0.265
181.500	+8.958e+03	+2.422e+03	+9.765e+03	+0.213
181.600	+7.567e+03	+1.602e+03	+1.027e+04	+0.175
181.700	+7.975e+03	+2.265e+03	+1.072e+04	+0.221
181.800	+7.623e+03	+2.876e+03	+9.885e+03	+0.274
181.900	+6.536e+03	+2.738e+03	+9.596e+03	+0.295
182.000	+7.940e+03	+2.710e+03	+1.078e+04	+0.254
182.100	+7.024e+03	+1.999e+03	+9.249e+03	+0.222
182.200	+8.251e+03	+2.431e+03	+9.666e+03	+0.228
182.300	+7.873e+03	+1.433e+03	+9.945e+03	+0.154
182.400	+7.609e+03	+2.635e+03	+9.666e+03	+0.257
182.500	+8.199e+03	+3.015e+03	+1.012e+04	+0.269
182.600	+6.205e+03	+1.746e+03	+9.973e+03	+0.220
182.700	+6.081e+03	+2.150e+03	+1.177e+04	+0.261
182.800	+7.869e+03	+2.985e+03	+1.048e+04	+0.275
182.900	+7.493e+03	+3.503e+03	+9.422e+03	+0.319
183.000	+7.591e+03	+1.787e+03	+9.953e+03	+0.191
183.100	+7.408e+03	+3.309e+03	+8.839e+03	+0.309
183.200	+6.812e+03	+3.534e+03	+8.800e+03	+0.342
183.300	+7.926e+03	+1.534e+03	+1.077e+04	+0.162
183.400	+7.841e+03	+1.490e+03	+9.990e+03	+0.160
183.500	+7.882e+03	+1.146e+03	+9.580e+03	+0.127
183.600	+7.910e+03	+1.584e+03	+9.774e+03	+0.167
183.700	+6.300e+03	+2.300e+03	+1.133e+04	+0.267
183.800	+6.491e+03	+2.192e+03	+9.999e+03	+0.252
183.900	+7.339e+03	+2.277e+03	+9.351e+03	+0.237
184.000	+6.665e+03	+2.502e+03	+1.102e+04	+0.273
184.100	+7.665e+03	+2.064e+03	+9.961e+03	+0.212
184.200	+6.907e+03	+2.296e+03	+1.086e+04	+0.250
184.300	+8.298e+03	+1.506e+03	+9.950e+03	+0.154
184.400	+7.017e+03	+2.003e+03	+8.062e+03	+0.222
184.500	+7.604e+03	+1.982e+03	+9.876e+03	+0.207
184.600	+7.862e+03	+3.249e+03	+1.091e+04	+0.292
184.700	+5.714e+03	+2.424e+03	+1.029e+04	+0.298
184.800	+8.047e+03	+1.992e+03	+9.757e+03	+0.198
184.900	+6.874e+03	+2.191e+03	+1.052e+04	+0.242
185.000	+5.810e+03	+2.778e+03	+1.076e+04	+0.324
185.100	+7.548e+03	+2.183e+03	+1.005e+04	+0.224
185.200	+6.885e+03	+2.966e+03	+9.774e+03	+0.301
185.300	+5.081e+03	+5.069e+03	+1.032e+04	+0.499
185.400	+4.927e+03	+4.602e+03	+9.231e+03	+0.483
185.500	+5.101e+03	+4.179e+03	+9.756e+03	+0.450
185.600	+5.228e+03	+6.100e+03	+1.012e+04	+0.538
185.700	+5.702e+03	+5.548e+03	+9.189e+03	+0.493
185.800	+4.450e+03	+5.777e+03	+9.229e+03	+0.565
185.900	+4.929e+03	+5.189e+03	+9.935e+03	+0.513
186.000	+5.682e+03	+4.219e+03	+9.667e+03	+0.426
186.100	+4.488e+03	+4.665e+03	+9.469e+03	+0.510
186.200	+3.074e+03	+7.266e+03	+9.955e+03	+0.703
186.300	+2.142e+03	+7.699e+03	+9.967e+03	+0.782
186.400	+2.662e+03	+7.359e+03	+1.108e+04	+0.734
186.500	+3.216e+03	+7.630e+03	+1.046e+04	+0.703
186.600	+1.430e+03	+7.318e+03	+9.877e+03	+0.837
186.700	+1.277e+03	+8.321e+03	+9.923e+03	+0.867
186.800	+2.720e+03	+7.296e+03	+9.978e+03	+0.728
186.900	+1.090e+03	+8.394e+03	+1.118e+04	+0.885
187.000	+1.973e+03	+7.557e+03	+9.076e+03	+0.793
187.100	+2.388e+03	+8.358e+03	+9.833e+03	+0.778
187.200	+2.216e+03	+7.203e+03	+9.517e+03	+0.765
187.300	+2.040e+03	+8.659e+03	+1.011e+04	+0.809
187.400	+1.381e+03	+7.583e+03	+9.382e+03	+0.846
187.500	+2.086e+03	+8.997e+03	+9.837e+03	+0.812
187.600	+1.513e+03	+8.305e+03	+9.079e+03	+0.846
187.700	+2.520e+03	+7.218e+03	+8.966e+03	+0.741
187.800	+2.023e+03	+7.664e+03	+1.033e+04	+0.791
187.900	+2.126e+03	+7.872e+03	+1.123e+04	+0.787
188.000	+2.394e+03	+7.273e+03	+9.968e+03	+0.752
188.100	+3.321e+03	+9.494e+03	+1.033e+04	+0.741
188.200	+2.386e+03	+7.910e+03	+1.000e+04	+0.768
188.300	+2.878e+03	+7.492e+03	+8.445e+03	+0.722
188.400	+1.729e+03	+6.813e+03	+1.004e+04	+0.798
188.500	+3.054e+03	+7.773e+03	+9.437e+03	+0.718
188.600	+2.005e+03	+8.419e+03	+9.657e+03	+0.808
188.700	+1.903e+03	+7.961e+03	+1.019e+04	+0.807
188.800	+1.925e+03	+7.429e+03	+8.937e+03	+0.794
188.900	+1.661e+03	+8.599e+03	+1.086e+04	+0.838
189.000	+2.465e+03	+8.103e+03	+9.553e+03	+0.767
189.100	+2.546e+03	+7.678e+03	+8.754e+03	+0.751
189.200	+2.158e+03	+7.152e+03	+9.338e+03	+0.768
189.300	+1.610e+03	+8.249e+03	+9.301e+03	+0.837
189.400	+2.439e+03	+9.422e+03	+9.960e+03	+0.794
189.500	+3.355e+03	+8.801e+03	+9.848e+03	+0.724
189.600	+2.589e+03	+7.738e+03	+1.017e+04	+0.749
189.700	+1.993e+03	+7.796e+03	+9.015e+03	+0.796
189.800	+2.740e+03	+8.046e+03	+1.037e+04	+0.746
189.900	+2.641e+03	+7.779e+03	+1.074e+04	+0.747
190.000	+1.906e+03	+8.388e+03	+1.066e+04	+0.815
190.100	+2.061e+03	+6.792e+03	+9.644e+03	+0.767
190.200	+2.138e+03	+7.463e+03	+1.094e+04	+0.777
190.300	+9.416e+02	+9.277e+03	+9.245e+03	+0.908
190.400	+1.006e+03	+7.552e+03	+9.842e+03	+0.882
190.500	+1.641e+03	+8.508e+03	+9.659e+03	+0.838
190.600	+1.323e+03	+7.191e+03	+9.871e+03	+0.845
190.700	+9.041e+02	+8.137e+03	+1.056e+04	+0.900
190.800	+2.630e+03	+7.971e+03	+1.058e+04	+0.752
190.900	+1.051e+03	+8.249e+03	+1.144e+04	+0.887
191.000	+2.465e+03	+7.549e+03	+9.424e+03	+0.754
191.100	+1.174e+03	+8.337e+03	+1.075e+04	+0.877
191.200	+1.213e+03	+9.060e+03	+1.023e+04	+0.882
191.300	+2.186e+03	+7.598e+03	+1.016e+04	+0.777
191.400	+1.664e+03	+9.420e+03	+1.063e+04	+0.850
191.500	+1.972e+03	+8.404e+03	+1.012e+04	+0.810
191.600	+1.286e+03	+7.702e+03	+9.692e+03	+0.857
191.700	+1.339e+03	+8.063e+03	+9.382e+03	+0.858
191.800	+9.489e+02	+7.638e+03	+1.036e+04	+0.889
191.900	+2.161e+03	+8.504e+03	+9.855e+03	+0.797
192.000	+1.772e+03	+7.311e+03	+9.349e+03	+0.805
192.100	+2.619e+03	+7.360e+03	+1.029e+04	+0.738
192.200	+1.734e+03	+7.396e+03	+9.519e+03	+0.810
192.300	+9.494e+02	+8.842e+03	+1.011e+04	+0.903
192.400	+2.529e+03	+8.983e+03	+1.130e+04	+0.780
192.500	+1.933e+03	+9.943e+03	+9.982e+03	+0.837
192.600	+1.627e+03	+7.507e+03	+8.896e+03	+0.822
192.700	+1.709e+03	+7.491e+03	+1.010e+04	+0.814
192.800	+1.459e+03	+9.850e+03	+9.965e+03	+0.871
192.900	+1.809e+03	+9.034e+03	+1.042e+04	+0.833
193.000	+1.271e+03	+8.346e+03	+1.022e+04	+0.868
193.100	+1.694e+03	+8.776e+03	+9.730e+03	+0.838
193.200	+1.667e+03	+7.698e+03	+1.018e+04	+0.822
193.300	+1.894e+03	+8.789e+03	+1.051e+04	+0.823
193.400	+2.501e+03	+9.061e+03	+1.138e+04	+0.784
193.500	+3.544e+03	+8.515e+03	+9.222e+03	+0.706
193.600	+2.368e+03	+7.420e+03	+9.968e+03	+0.758
193.700	+1.419e+03	+8.820e+03	+8.930e+03	+0.861
193.800	+1.689e+03	+6.841e+03	+9.720e+03	+0.802
193.900	+2.459e+03	+8.422e+03	+9.683e+03	+0.774
194.000	+9.432e+02	+9.611e+03	+8.632e+03	+0.911
194.100	+6.003e+02	+8.611e+03	+9.972e+03	+0.935
194.200	+3.386e+03	+8.937e+03	+1.096e+04	+0.725
194.300	+3.194e+03	+7.403e+03	+1.038e+04	+0.699
194.400	+2.319e+03	+8.060e+03	+9.022e+03	+0.777
194.500	+2.759e+03	+6.591e+03	+8.821e+03	+0.705
194.600	+2.117e+03	+7.509e+03	+9.724e+03	+0.780
194.700	+1.271e+03	+7.912e+03	+9.538e+03	+0.862
194.800	+1.851e+03	+7.932e+03	+1.071e+04	+0.811
194.900	+4.917e+02	+7.868e+03	+1.086e+04	+0.941
195.000	+2.959e+03	+7.745e+03	+1.058e+04	+0.724
195.100	+1.738e+03	+7.700e+03	+1.066e+04	+0.816
195.200	+1.182e+03	+8.124e+03	+1.062e+04	+0.873
195.300	+1.578e+03	+7.332e+03	+1.023e+04	+0.823
195.400	+2.650e+03	+6.997e+03	+9.722e+03	+0.725
195.500	+2.316e+03	+7.199e+03	+1.084e+04	+0.757
195.600	+1.837e+03	+8.913e+03	+1.090e+04	+0.829
195.700	+1.207e+03	+8.960e+03	+9.736e+03	+0.881
195.800	+1.575e+03	+8.916e+03	+9.752e+03	+0.850
195.900	+2.357e+03	+7.772e+03	+1.053e+04	+0.767
196.000	+1.875e+03	+7.614e+03	+1.001e+04	+0.802
196.100	+1.852e+03	+7.094e+03	+9.518e+03	+0.793
196.200	+3.537e+03	+7.038e+03	+9.729e+03	+0.666
196.300	+1.494e+03	+7.592e+03	+1.064e+04	+0.836
196.400	+2.731e+03	+7.856e+03	+1.041e+04	+0.742
196.500	+2.664e+03	+6.811e+03	+9.549e+03	+0.719
196.600	+8.437e+02	+6.798e+03	+9.592e+03	+0.890
196.700	+1.324e+03	+8.444e+03	+8.755e+03	+0.864
196.800	+2.236e+03	+7.922e+03	+9.784e+03	+0.780
196.900	+4.375e+02	+7.528e+03	+1.021e+04	+0.945
197.000	+1.232e+03	+8.348e+03	+1.082e+04	+0.871
197.100	+1.054e+03	+8.742e+03	+9.660e+03	+0.892
197.200	+1.815e+03	+6.898e+03	+9.394e+03	+0.792
197.300	+1.670e+03	+7.913e+03	+1.124e+04	+0.826
197.400	+2.003e+03	+7.901e+03	+9.415e+03	+0.798
197.500	+9.847e+02	+6.804e+03	+1.062e+04	+0.874
197.600	+1.831e+03	+7.180e+03	+9.318e+03	+0.797
197.700	+2.776e+03	+8.300e+03	+1.151e+04	+0.749
197.800	+2.743e+03	+8.938e+03	+8.847e+03	+0.765
197.900	+2.170e+03	+7.889e+03	+1.082e+04	+0.784
198.000	+2.235e+03	+7.562e+03	+9.467e+03	+0.772
198.100	+2.521e+03	+8.082e+03	+1.035e+04	+0.762
198.200	+1.252e+03	+8.183e+03	+1.022e+04	+0.867
198.300	+2.826e+03	+8.937e+03	+1.107e+04	+0.760
198.400	+1.340e+03	+7.997e+03	+9.758e+03	+0.856
198.500	+1.971e+03	+8.643e+03	+9.943e+03	+0.814
198.600	+1.234e+03	+8.089e+03	+9.645e+03	+0.868
198.700	+2.424e+03	+8.979e+03	+9.178e+03	+0.787
198.800	+2.509e+03	+8.264e+03	+1.065e+04	+0.767
198.900	+2.992e+03	+8.668e+03	+1.045e+04	+0.743
199.000	+1.509e+03	+7.881e+03	+1.085e+04	+0.839
199.100	+2.759e+03	+7.338e+03	+1.058e+04	+0.727
199.200	+1.847e+03	+7.779e+03	+1.055e+04	+0.808
199.300	+2.327e+03	+8.217e+03	+9.384e+03	+0.779
199.400	+2.039e+03	+7.494e+03	+1.030e+04	+0.786
199.500	+1.780e+03	+8.003e+03	+1.000e+04	+0.818
199.600	+3.251e+03	+8.745e+03	+9.525e+03	+0.729
199.700	+8.956e+02	+8.913e+03	+1.065e+04	+0.909
199.800	+1.115e+03	+8.447e+03	+1.097e+04	+0.883
