%t (s)	Idd (a.u.)	Ida (a.u.)	Iaa (a.u.)	FRET E
0.000	+3.945e+03	+4.664e+03	+1.001e+04	+0.542
0.100	+4.811e+03	+4.098e+03	+1.189e+04	+0.460
0.200	+5.709e+03	+3.993e+03	+1.056e+04	+0.412
0.300	+6.325e+03	+4.954e+03	+8.641e+03	+0.439
0.400	+4.587e+03	+5.890e+03	+9.483e+03	+0.562
0.500	+5.852e+03	+4.099e+03	+9.651e+03	+0.412
0.600	+5.374e+03	+3.905e+03	+8.747e+03	+0.421
0.700	+5.489e+03	+3.996e+03	+1.050e+04	+0.421
0.800	+5.568e+03	+3.873e+03	+9.971e+03	+0.410
0.900	+4.878e+03	+5.636e+03	+9.788e+03	+0.536
1.000	+6.239e+03	+5.314e+03	+9.385e+03	+0.460
1.100	+5.428e+03	+4.810e+03	+9.758e+03	+0.470
1.200	+4.491e+03	+5.108e+03	+9.634e+03	+0.532
1.300	+3.846e+03	+5.616e+03	+9.789e+03	+0.594
1.400	+3.637e+03	+4.693e+03	+1.020e+04	+0.563
1.500	+4.718e+03	+5.449e+03	+1.122e+04	+0.536
1.600	+6.004e+03	+4.346e+03	+1.001e+04	+0.420
1.700	+4.447e+03	+6.005e+03	+9.658e+03	+0.575
1.800	+3.866e+03	+5.252e+03	+1.045e+04	+0.576
1.900	+4.962e+03	+5.113e+03	+8.873e+03	+0.508
2.000	+5.170e+03	+5.559e+03	+1.113e+04	+0.518
2.100	+5.816e+03	+4.366e+03	+9.093e+03	+0.429
2.200	+5.982e+03	+5.171e+03	+9.765e+03	+0.464
2.300	+6.345e+03	+4.044e+03	+9.260e+03	+0.389
2.400	+4.800e+03	+4.359e+03	+1.001e+04	+0.476
2.500	+5.134e+03	+4.709e+03	+1.029e+04	+0.478
2.600	+5.196e+03	+3.566e+03	+9.672e+03	+0.407
2.700	+5.767e+03	+5.491e+03	+1.049e+04	+0.488
2.800	+6.139e+03	+5.940e+03	+9.685e+03	+0.492
2.900	+4.947e+03	+5.779e+03	+1.104e+04	+0.539
3.000	+5.616e+03	+4.677e+03	+9.780e+03	+0.454
3.100	+3.966e+03	+5.284e+03	+9.158e+03	+0.571
3.200	+4.697e+03	+4.719e+03	+1.020e+04	+0.501
3.300	+4.632e+03	+4.861e+03	+1.052e+04	+0.512
3.400	+5.487e+03	+5.630e+03	+9.909e+03	+0.506
3.500	+5.075e+03	+5.884e+03	+9.876e+03	+0.537
3.600	+5.038e+03	+5.597e+03	+1.052e+04	+0.526
3.700	+4.945e+03	+6.425e+03	+9.857e+03	+0.565
3.800	+3.739e+03	+5.064e+03	+1.114e+04	+0.575
3.900	+5.149e+03	+4.531e+03	+9.809e+03	+0.468
4.000	+4.259e+03	+4.672e+03	+9.789e+03	+0.523
4.100	+4.087e+03	+4.362e+03	+9.482e+03	+0.516
4.200	+5.098e+03	+4.445e+03	+9.731e+03	+0.466
4.300	+5.282e+03	+3.524e+03	+1.019e+04	+0.400
4.400	+4.148e+03	+3.613e+03	+1.059e+04	+0.466
4.500	+5.305e+03	+5.063e+03	+9.687e+03	+0.488
4.600	+4.360e+03	+3.914e+03	+1.073e+04	+0.473
4.700	+4.497e+03	+5.979e+03	+9.447e+03	+0.571
4.800	+5.412e+03	+5.247e+03	+1.029e+04	+0.492
4.900	+5.516e+03	+5.644e+03	+1.076e+04	+0.506
5.000	+4.836e+03	+5.481e+03	+9.729e+03	+0.531
5.100	+5.710e+03	+4.176e+03	+1.023e+04	+0.422
5.200	+4.397e+03	+3.930e+03	+1.024e+04	+0.472
5.300	+5.283e+03	+4.474e+03	+1.021e+04	+0.459
5.400	+4.029e+03	+5.886e+03	+1.058e+04	+0.594
5.500	+3.854e+03	+5.292e+03	+1.054e+04	+0.579
5.600	+5.099e+03	+4.233e+03	+8.545e+03	+0.454
5.700	+6.075e+03	+4.618e+03	+1.017e+04	+0.432
5.800	+4.513e+03	+5.135e+03	+1.063e+04	+0.532
5.900	+5.680e+03	+4.739e+03	+8.675e+03	+0.455
6.000	+5.629e+03	+5.176e+03	+1.006e+04	+0.479
6.100	+5.521e+03	+4.731e+03	+9.936e+03	+0.461
6.200	+4.936e+03	+4.387e+03	+8.207e+03	+0.471
6.300	+5.018e+03	+5.155e+03	+1.082e+04	+0.507
6.400	+4.426e+03	+5.306e+03	+1.012e+04	+0.545
6.500	+4.296e+03	+5.653e+03	+9.101e+03	+0.568
6.600	+4.925e+03	+4.545e+03	+9.789e+03	+0.480
6.700	+6.045e+03	+4.754e+03	+1.034e+04	+0.440
6.800	+5.255e+03	+5.990e+03	+9.728e+03	+0.533
6.900	+4.782e+03	+5.202e+03	+7.572e+03	+0.521
7.000	+5.538e+03	+3.733e+03	+1.054e+04	+0.403
7.100	+4.994e+03	+5.443e+03	+1.064e+04	+0.521
7.200	+5.200e+03	+5.109e+03	+1.056e+04	+0.496
7.300	+4.023e+03	+4.511e+03	+9.956e+03	+0.529
7.400	+5.153e+03	+5.341e+03	+1.003e+04	+0.509
7.500	+5.973e+03	+5.214e+03	+9.891e+03	+0.466
7.600	+5.102e+03	+4.225e+03	+9.911e+03	+0.453
7.700	+6.032e+03	+4.889e+03	+9.801e+03	+0.448
7.800	+5.196e+03	+5.947e+03	+9.670e+03	+0.534
7.900	+5.734e+03	+3.922e+03	+9.857e+03	+0.406
8.000	+4.519e+03	+4.980e+03	+9.617e+03	+0.524
8.100	+4.630e+03	+3.436e+03	+1.033e+04	+0.426
8.200	+3.988e+03	+4.474e+03	+9.690e+03	+0.529
8.300	+5.637e+03	+5.819e+03	+1.035e+04	+0.508
8.400	+5.061e+03	+5.074e+03	+9.144e+03	+0.501
8.500	+6.230e+03	+4.320e+03	+1.107e+04	+0.409
8.600	+5.867e+03	+5.634e+03	+9.266e+03	+0.490
8.700	+5.181e+03	+5.233e+03	+1.027e+04	+0.502
8.800	+4.383e+03	+4.084e+03	+1.017e+04	+0.482
8.900	+5.532e+03	+5.961e+03	+9.588e+03	+0.519
9.000	+4.708e+03	+5.133e+03	+9.908e+03	+0.522
9.100	+5.851e+03	+5.478e+03	+1.024e+04	+0.484
9.200	+5.249e+03	+4.960e+03	+1.047e+04	+0.486
9.300	+4.638e+03	+5.192e+03	+9.645e+03	+0.528
9.400	+4.003e+03	+5.517e+03	+1.074e+04	+0.580
9.500	+5.276e+03	+6.403e+03	+1.007e+04	+0.548
9.600	+5.375e+03	+4.324e+03	+1.048e+04	+0.446
9.700	+5.472e+03	+4.412e+03	+9.250e+03	+0.446
9.800	+4.872e+03	+6.284e+03	+1.037e+04	+0.563
9.900	+4.908e+03	+6.439e+03	+1.150e+04	+0.567
10.000	+6.593e+03	+3.926e+03	+9.771e+03	+0.373
10.100	+4.379e+03	+4.562e+03	+1.055e+04	+0.510
10.200	+5.561e+03	+5.302e+03	+1.036e+04	+0.488
10.300	+5.454e+03	+4.583e+03	+9.034e+03	+0.457
10.400	+6.128e+03	+5.717e+03	+1.036e+04	+0.483
10.500	+4.470e+03	+5.025e+03	+9.537e+03	+0.529
10.600	+4.038e+03	+5.350e+03	+9.111e+03	+0.570
10.700	+4.255e+03	+5.395e+03	+1.029e+04	+0.559
10.800	+5.183e+03	+4.999e+03	+1.153e+04	+0.491
10.900	+3.829e+03	+4.799e+03	+9.876e+03	+0.556
11.000	+5.388e+03	+4.260e+03	+1.007e+04	+0.442
11.100	+5.890e+03	+4.103e+03	+1.055e+04	+0.411
11.200	+5.281e+03	+4.833e+03	+1.009e+04	+0.478
11.300	+4.824e+03	+5.916e+03	+9.624e+03	+0.551
11.400	+5.556e+03	+5.366e+03	+9.189e+03	+0.491
11.500	+5.682e+03	+5.383e+03	+9.782e+03	+0.486
11.600	+5.950e+03	+5.314e+03	+1.036e+04	+0.472
11.700	+7.385e+03	+3.308e+03	+9.485e+03	+0.309
11.800	+7.551e+03	+8.040e+02	+8.237e+03	+0.096
11.900	+8.573e+03	+1.920e+03	+1.044e+04	+0.183
12.000	+6.890e+03	+3.148e+02	+9.300e+03	+0.044
12.100	+8.168e+03	+1.774e+03	+9.966e+03	+0.178
12.200	+7.760e+03	+3.425e+03	+9.855e+03	+0.306
12.300	+7.576e+03	+2.302e+03	+1.069e+04	+0.233
12.400	+7.916e+03	+1.903e+03	+1.096e+04	+0.194
12.500	+6.856e+03	+3.534e+03	+1.061e+04	+0.340
12.600	+7.098e+03	+1.956e+03	+1.003e+04	+0.216
12.700	+7.675e+03	+2.801e+03	+9.986e+03	+0.267
12.800	+7.348e+03	+3.606e+03	+1.059e+04	+0.329
12.900	+7.426e+03	+2.690e+03	+9.096e+03	+0.266
13.000	+8.208e+03	+2.040e+03	+1.060e+04	+0.199
13.100	+7.365e+03	+2.148e+03	+1.016e+04	+0.226
13.200	+6.982e+03	+3.887e+03	+1.092e+04	+0.358
13.300	+8.808e+03	+1.510e+03	+1.012e+04	+0.146
13.400	+7.923e+03	+2.253e+03	+1.018e+04	+0.221
13.500	+6.700e+03	+2.922e+03	+1.045e+04	+0.304
13.600	+6.385e+03	+1.400e+03	+9.763e+03	+0.180
13.700	+6.810e+03	+3.713e+03	+1.111e+04	+0.353
13.800	+8.004e+03	+2.499e+03	+8.043e+03	+0.238
13.900	+8.769e+03	+2.475e+03	+9.038e+03	+0.220
14.000	+7.068e+03	+3.257e+03	+1.027e+04	+0.315
14.100	+7.838e+03	+2.718e+03	+8.337e+03	+0.257
14.200	+7.350e+03	+2.079e+03	+9.466e+03	+0.221
14.300	+7.640e+03	+3.383e+03	+1.027e+04	+0.307
14.400	+6.496e+03	+3.689e+03	+1.103e+04	+0.362
14.500	+7.490e+03	+1.314e+03	+1.113e+04	+0.149
14.600	+8.104e+03	+1.929e+03	+1.045e+04	+0.192
14.700	+8.211e+03	+2.137e+03	+9.361e+03	+0.207
14.800	+6.493e+03	+2.604e+03	+1.038e+04	+0.286
14.900	+7.882e+03	+3.100e+03	+1.091e+04	+0.282
15.000	+6.955e+03	+2.373e+03	+1.014e+04	+0.254
15.100	+7.556e+03	+2.679e+03	+9.480e+03	+0.262
15.200	+7.515e+03	+3.639e+03	+9.700e+03	+0.326
15.300	+8.405e+03	+2.068e+03	+9.686e+03	+0.197
15.400	+6.870e+03	+2.516e+03	+9.450e+03	+0.268
15.500	+7.622e+03	+2.950e+03	+9.896e+03	+0.279
15.600	+7.615e+03	+1.613e+03	+1.043e+04	+0.175
15.700	+7.729e+03	+1.751e+03	+9.704e+03	+0.185
15.800	+8.158e+03	+3.207e+03	+1.037e+04	+0.282
15.900	+7.892e+03	+4.484e+03	+1.070e+04	+0.362
16.000	+7.320e+03	+2.126e+03	+9.797e+03	+0.225
16.100	+8.165e+03	+1.847e+03	+1.049e+04	+0.184
16.200	+7.739e+03	+2.088e+03	+9.134e+03	+0.212
16.300	+7.291e+03	+1.796e+03	+1.044e+04	+0.198
16.400	+7.993e+03	+1.859e+03	+1.122e+04	+0.189
16.500	+8.027e+03	+2.254e+03	+1.030e+04	+0.219
16.600	+7.651e+03	+2.752e+03	+9.531e+03	+0.265
16.700	+7.825e+03	+1.654e+03	+8.471e+03	+0.175
16.800	+8.335e+03	+2.904e+03	+9.751e+03	+0.258
16.900	+8.050e+03	+2.831e+03	+1.032e+04	+0.260
17.000	+7.097e+03	+2.289e+03	+1.113e+04	+0.244
17.100	+6.685e+03	+3.158e+03	+1.019e+04	+0.321
17.200	+7.752e+03	+3.119e+03	+9.426e+03	+0.287
17.300	+6.762e+03	+3.647e+03	+9.306e+03	+0.350
17.400	+7.253e+03	+2.749e+03	+9.214e+03	+0.275
17.500	+6.973e+03	+1.978e+03	+9.640e+03	+0.221
17.600	+8.087e+03	+2.088e+03	+9.794e+03	+0.205
17.700	+7.110e+03	+2.946e+03	+1.042e+04	+0.293
17.800	+7.829e+03	+2.665e+03	+9.701e+03	+0.254
17.900	+9.300e+03	+3.428e+03	+1.078e+04	+0.269
18.000	+6.834e+03	+2.170e+03	+9.555e+03	+0.241
18.100	+6.948e+03	+1.473e+03	+1.098e+04	+0.175
18.200	+7.724e+03	+2.146e+03	+1.072e+04	+0.217
18.300	+6.976e+03	+3.932e+03	+1.018e+04	+0.360
18.400	+7.374e+03	+2.634e+03	+9.439e+03	+0.263
18.500	+6.844e+03	+1.867e+03	+9.882e+03	+0.214
18.600	+7.503e+03	+2.121e+03	+9.251e+03	+0.220
18.700	+8.425e+03	+2.355e+03	+9.107e+03	+0.219
18.800	+7.919e+03	+1.454e+03	+1.049e+04	+0.155
18.900	+7.164e+03	+3.675e+03	+9.201e+03	+0.339
19.000	+6.825e+03	+2.747e+03	+9.800e+03	+0.287
19.100	+8.806e+03	+3.313e+03	+9.919e+03	+0.273
19.200	+8.605e+03	+2.315e+03	+1.063e+04	+0.212
19.300	+7.243e+03	+1.036e+03	+1.086e+04	+0.125
19.400	+6.653e+03	+3.206e+03	+9.541e+03	+0.325
19.500	+7.674e+03	+3.216e+03	+8.222e+03	+0.295
19.600	+6.829e+03	+1.242e+03	+1.010e+04	+0.154
19.700	+5.689e+03	+4.653e+03	+9.789e+03	+0.450
19.800	+6.025e+03	+4.478e+03	+1.010e+04	+0.426
19.900	+4.494e+03	+4.086e+03	+9.546e+03	+0.476
20.000	+4.183e+03	+3.516e+03	+9.512e+03	+0.457
20.100	+4.468e+03	+5.337e+03	+1.020e+04	+0.544
20.200	+6.229e+03	+5.138e+03	+9.776e+03	+0.452
20.300	+5.724e+03	+5.163e+03	+9.240e+03	+0.474
20.400	+4.564e+03	+3.995e+03	+1.008e+04	+0.467
20.500	+5.240e+03	+5.826e+03	+1.060e+04	+0.526
20.600	+4.535e+03	+5.300e+03	+9.088e+03	+0.539
20.700	+6.142e+03	+5.322e+03	+9.657e+03	+0.464
20.800	+5.527e+03	+4.376e+03	+1.054e+04	+0.442
20.900	+4.223e+03	+3.667e+03	+1.018e+04	+0.465
21.000	+4.503e+03	+4.367e+03	+8.334e+03	+0.492
21.100	+5.634e+03	+5.178e+03	+9.626e+03	+0.479
21.200	+4.692e+03	+5.376e+03	+1.070e+04	+0.534
21.300	+5.306e+03	+5.541e+03	+1.023e+04	+0.511
21.400	+4.824e+03	+4.158e+03	+8.765e+03	+0.463
21.500	+4.483e+03	+4.190e+03	+1.032e+04	+0.483
21.600	+5.199e+03	+5.005e+03	+9.090e+03	+0.490
21.700	+5.660e+03	+5.444e+03	+1.008e+04	+0.490
21.800	+4.711e+03	+5.212e+03	+9.742e+03	+0.525
21.900	+5.887e+03	+3.516e+03	+1.075e+04	+0.374
22.000	+5.638e+03	+4.091e+03	+1.023e+04	+0.421
22.100	+4.243e+03	+4.930e+03	+1.054e+04	+0.537
22.200	+5.737e+03	+4.904e+03	+9.813e+03	+0.461
22.300	+4.003e+03	+5.606e+03	+1.016e+04	+0.583
22.400	+5.259e+03	+4.918e+03	+1.017e+04	+0.483
22.500	+5.622e+03	+4.809e+03	+9.775e+03	+0.461
22.600	+4.966e+03	+6.078e+03	+9.870e+03	+0.550
22.700	+4.003e+03	+4.991e+03	+9.511e+03	+0.555
22.800	+4.862e+03	+4.436e+03	+9.789e+03	+0.477
22.900	+5.367e+03	+5.332e+03	+1.133e+04	+0.498
23.000	+6.165e+03	+4.518e+03	+1.099e+04	+0.423
23.100	+3.385e+03	+4.153e+03	+1.068e+04	+0.551
23.200	+5.832e+03	+4.043e+03	+1.136e+04	+0.409
23.300	+4.744e+03	+5.972e+03	+1.067e+04	+0.557
23.400	+4.987e+03	+5.625e+03	+1.060e+04	+0.530
23.500	+4.786e+03	+4.489e+03	+1.026e+04	+0.484
23.600	+5.283e+03	+5.498e+03	+1.185e+04	+0.510
23.700	+5.601e+03	+5.764e+03	+1.008e+04	+0.507
23.800	+4.290e+03	+4.287e+03	+1.044e+04	+0.500
23.900	+5.847e+03	+4.356e+03	+1.035e+04	+0.427
24.000	+4.661e+03	+4.222e+03	+1.032e+04	+0.475
24.100	+4.690e+03	+4.225e+03	+1.120e+04	+0.474
24.200	+4.916e+03	+4.794e+03	+1.012e+04	+0.494
24.300	+6.214e+03	+4.253e+03	+9.845e+03	+0.406
24.400	+5.502e+03	+5.285e+03	+1.042e+04	+0.490
24.500	+5.785e+03	+5.841e+03	+9.535e+03	+0.502
24.600	+5.407e+03	+4.597e+03	+9.957e+03	+0.460
24.700	+4.458e+03	+6.010e+03	+9.798e+03	+0.574
24.800	+4.202e+03	+5.830e+03	+1.170e+04	+0.581
24.900	+5.001e+03	+5.349e+03	+1.047e+04	+0.517
25.000	+5.662e+03	+5.825e+03	+1.190e+04	+0.507
25.100	+5.607e+03	+4.703e+03	+1.078e+04	+0.456
25.200	+4.914e+03	+4.745e+03	+9.963e+03	+0.491
25.300	+4.322e+03	+4.901e+03	+8.674e+03	+0.531
25.400	+4.426e+03	+4.919e+03	+1.022e+04	+0.526
25.500	+5.069e+03	+4.943e+03	+9.521e+03	+0.494
25.600	+5.218e+03	+4.750e+03	+1.086e+04	+0.477
25.700	+5.078e+03	+4.008e+03	+1.035e+04	+0.441
25.800	+5.303e+03	+5.412e+03	+1.073e+04	+0.505
25.900	+5.444e+03	+4.007e+03	+1.123e+04	+0.424
26.000	+4.701e+03	+4.513e+03	+1.168e+04	+0.490
26.100	+4.843e+03	+5.679e+03	+9.744e+03	+0.540
26.200	+4.275e+03	+4.966e+03	+1.048e+04	+0.537
26.300	+5.889e+03	+4.392e+03	+1.107e+04	+0.427
26.400	+6.928e+03	+4.319e+03	+1.063e+04	+0.384
26.500	+7.084e+03	+2.213e+03	+1.065e+04	+0.238
26.600	+7.382e+03	+3.022e+03	+9.934e+03	+0.290
26.700	+8.087e+03	+4.080e+03	+1.014e+04	+0.335
26.800	+7.842e+03	+1.961e+03	+1.004e+04	+0.200
26.900	+7.101e+03	+1.720e+03	+1.045e+04	+0.195
27.000	+8.238e+03	+2.773e+03	+8.143e+03	+0.252
27.100	+8.299e+03	+4.375e+03	+1.058e+04	+0.345
27.200	+7.816e+03	+2.871e+03	+1.020e+04	+0.269
27.300	+6.756e+03	+3.129e+03	+9.707e+03	+0.317
27.400	+7.631e+03	+4.120e+03	+1.003e+04	+0.351
27.500	+8.226e+03	+2.738e+03	+1.057e+04	+0.250
27.600	+8.650e+03	+1.699e+03	+9.670e+03	+0.164
27.700	+6.936e+03	+3.333e+03	+1.019e+04	+0.325
27.800	+7.262e+03	+2.737e+03	+9.689e+03	+0.274
27.900	+6.607e+03	+1.082e+03	+9.813e+03	+0.141
28.000	+8.207e+03	+3.785e+03	+9.274e+03	+0.316
28.100	+7.663e+03	+2.985e+03	+9.959e+03	+0.280
28.200	+8.534e+03	+3.189e+03	+9.164e+03	+0.272
28.300	+8.439e+03	+2.954e+03	+9.627e+03	+0.259
28.400	+7.468e+03	+8.958e+02	+9.204e+03	+0.107
28.500	+7.428e+03	+2.603e+03	+9.027e+03	+0.260
28.600	+7.171e+03	+3.379e+03	+1.127e+04	+0.320
28.700	+9.228e+03	+2.619e+03	+1.182e+04	+0.221
28.800	+6.537e+03	+1.995e+03	+9.841e+03	+0.234
28.900	+7.018e+03	+2.666e+03	+9.547e+03	+0.275
29.000	+7.134e+03	+2.204e+03	+1.025e+04	+0.236
29.100	+8.717e+03	+2.036e+03	+9.931e+03	+0.189
29.200	+6.299e+03	+2.045e+03	+1.038e+04	+0.245
29.300	+6.656e+03	+3.379e+02	+1.006e+04	+0.048
29.400	+7.558e+03	+2.766e+03	+1.043e+04	+0.268
29.500	+7.592e+03	+3.292e+03	+1.092e+04	+0.302
29.600	+8.158e+03	+2.334e+03	+9.198e+03	+0.222
29.700	+8.157e+03	+2.759e+03	+9.669e+03	+0.253
29.800	+7.598e+03	+2.640e+03	+1.015e+04	+0.258
29.900	+7.677e+03	+3.390e+03	+9.093e+03	+0.306
30.000	+6.617e+03	+4.329e+03	+1.045e+04	+0.395
30.100	+7.260e+03	+1.767e+03	+1.075e+04	+0.196
30.200	+7.238e+03	+2.337e+03	+9.945e+03	+0.244
30.300	+8.047e+03	+2.984e+03	+9.538e+03	+0.271
30.400	+6.371e+03	+1.889e+03	+1.028e+04	+0.229
30.500	+7.096e+03	+1.909e+03	+9.557e+03	+0.212
30.600	+7.277e+03	+2.742e+03	+1.006e+04	+0.274
30.700	+8.483e+03	+2.965e+03	+9.614e+03	+0.259
30.800	+7.482e+03	+1.687e+03	+1.139e+04	+0.184
30.900	+8.004e+03	+2.417e+03	+9.953e+03	+0.232
31.000	+7.031e+03	+3.072e+03	+9.400e+03	+0.304
31.100	+8.180e+03	+1.700e+03	+1.051e+04	+0.172
31.200	+6.763e+03	+2.520e+03	+1.033e+04	+0.271
31.300	+7.123e+03	+2.985e+03	+9.464e+03	+0.295
31.400	+9.050e+03	+3.182e+03	+9.380e+03	+0.260
31.500	+8.248e+03	+2.818e+03	+9.008e+03	+0.255
31.600	+8.256e+03	+3.449e+03	+1.012e+04	+0.295
31.700	+7.197e+03	+2.439e+03	+9.593e+03	+0.253
31.800	+7.323e+03	+2.783e+03	+9.759e+03	+0.275
31.900	+6.483e+03	+2.741e+03	+9.564e+03	+0.297
32.000	+6.689e+03	+3.138e+03	+1.196e+04	+0.319
32.100	+6.862e+03	+3.662e+03	+9.901e+03	+0.348
32.200	+6.578e+03	+3.679e+03	+1.022e+04	+0.359
32.300	+7.518e+03	+1.662e+03	+1.009e+04	+0.181
32.400	+7.801e+03	+2.809e+03	+1.039e+04	+0.265
32.500	+8.110e+03	+3.414e+03	+9.897e+03	+0.296
32.600	+7.801e+03	+3.014e+03	+9.314e+03	+0.279
32.700	+8.502e+03	+3.239e+03	+9.466e+03	+0.276
32.800	+6.712e+03	+1.759e+03	+9.619e+03	+0.208
32.900	+8.332e+03	+1.285e+03	+1.031e+04	+0.134
33.000	+6.540e+03	+2.269e+03	+1.034e+04	+0.258
33.100	+7.986e+03	+3.529e+03	+1.038e+04	+0.306
33.200	+8.430e+03	+2.171e+03	+1.089e+04	+0.205
33.300	+8.098e+03	+2.312e+03	+8.468e+03	+0.222
33.400	+6.128e+03	+4.447e+03	+1.047e+04	+0.421
33.500	+4.739e+03	+4.909e+03	+1.001e+04	+0.509
33.600	+4.773e+03	+3.429e+03	+9.815e+03	+0.418
33.700	+4.834e+03	+4.410e+03	+1.121e+04	+0.477
33.800	+5.885e+03	+5.552e+03	+1.018e+04	+0.485
33.900	+5.229e+03	+5.261e+03	+1.025e+04	+0.501
34.000	+3.640e+03	+5.612e+03	+1.097e+04	+0.607
34.100	+3.617e+03	+5.920e+03	+9.501e+03	+0.621
34.200	+5.103e+03	+6.159e+03	+8.760e+03	+0.547
34.300	+4.365e+03	+4.124e+03	+1.068e+04	+0.486
34.400	+4.866e+03	+5.677e+03	+9.870e+03	+0.538
34.500	+5.364e+03	+5.341e+03	+9.057e+03	+0.499
34.600	+5.706e+03	+4.520e+03	+9.692e+03	+0.442
34.700	+4.149e+03	+4.528e+03	+1.001e+04	+0.522
34.800	+4.681e+03	+4.803e+03	+9.806e+03	+0.506
34.900	+4.496e+03	+5.173e+03	+9.843e+03	+0.535
35.000	+3.625e+03	+6.143e+03	+1.009e+04	+0.629
35.100	+5.019e+03	+3.571e+03	+9.295e+03	+0.416
35.200	+4.622e+03	+5.130e+03	+1.041e+04	+0.526
35.300	+4.796e+03	+4.713e+03	+1.003e+04	+0.496
35.400	+4.611e+03	+4.682e+03	+9.803e+03	+0.504
35.500	+6.331e+03	+4.343e+03	+9.704e+03	+0.407
35.600	+5.735e+03	+5.256e+03	+1.068e+04	+0.478
35.700	+5.192e+03	+5.121e+03	+1.035e+04	+0.497
35.800	+5.365e+03	+6.229e+03	+1.043e+04	+0.537
35.900	+5.962e+03	+4.753e+03	+1.150e+04	+0.444
36.000	+4.684e+03	+6.253e+03	+1.003e+04	+0.572
36.100	+5.092e+03	+5.206e+03	+9.945e+03	+0.506
36.200	+5.914e+03	+5.187e+03	+1.017e+04	+0.467
36.300	+5.500e+03	+4.312e+03	+1.093e+04	+0.439
36.400	+4.666e+03	+4.918e+03	+9.808e+03	+0.513
36.500	+6.010e+03	+5.290e+03	+1.021e+04	+0.468
36.600	+3.396e+03	+5.086e+03	+9.957e+03	+0.600
36.700	+4.554e+03	+4.689e+03	+1.022e+04	+0.507
36.800	+4.993e+03	+4.161e+03	+9.526e+03	+0.455
36.900	+6.226e+03	+5.434e+03	+1.060e+04	+0.466
37.000	+5.858e+03	+5.172e+03	+1.029e+04	+0.469
37.100	+4.354e+03	+5.344e+03	+9.934e+03	+0.551
37.200	+5.625e+03	+6.109e+03	+1.155e+04	+0.521
37.300	+4.755e+03	+5.378e+03	+9.837e+03	+0.531
37.400	+4.443e+03	+4.525e+03	+1.019e+04	+0.505
37.500	+5.519e+03	+5.720e+03	+9.970e+03	+0.509
37.600	+4.877e+03	+5.282e+03	+9.959e+03	+0.520
37.700	+5.165e+03	+4.548e+03	+9.735e+03	+0.468
37.800	+4.444e+03	+5.476e+03	+1.155e+04	+0.552
37.900	+4.627e+03	+4.853e+03	+9.300e+03	+0.512
38.000	+5.238e+03	+4.751e+03	+9.621e+03	+0.476
38.100	+5.204e+03	+5.708e+03	+9.685e+03	+0.523
38.200	+4.847e+03	+5.501e+03	+1.049e+04	+0.532
38.300	+4.227e+03	+5.510e+03	+9.377e+03	+0.566
38.400	+4.302e+03	+5.728e+03	+1.059e+04	+0.571
38.500	+4.969e+03	+5.902e+03	+8.902e+03	+0.543
38.600	+5.132e+03	+6.803e+03	+1.084e+04	+0.570
38.700	+4.477e+03	+4.707e+03	+1.142e+04	+0.512
38.800	+5.118e+03	+4.571e+03	+1.101e+04	+0.472
38.900	+5.967e+03	+4.869e+03	+8.392e+03	+0.449
39.000	+4.871e+03	+4.966e+03	+9.708e+03	+0.505
39.100	+5.054e+03	+3.930e+03	+1.060e+04	+0.437
39.200	+5.180e+03	+4.190e+03	+9.898e+03	+0.447
39.300	+5.872e+03	+5.772e+03	+9.839e+03	+0.496
39.400	+5.789e+03	+5.237e+03	+1.109e+04	+0.475
39.500	+5.889e+03	+4.456e+03	+9.546e+03	+0.431
39.600	+4.905e+03	+4.837e+03	+1.153e+04	+0.497
39.700	+4.030e+03	+5.365e+03	+9.936e+03	+0.571
39.800	+4.974e+03	+5.424e+03	+9.240e+03	+0.522
39.900	+4.054e+03	+4.366e+03	+9.867e+03	+0.519
40.000	+5.321e+03	+6.051e+03	+1.032e+04	+0.532
40.100	+4.793e+03	+4.930e+03	+9.504e+03	+0.507
40.200	+5.355e+03	+5.037e+03	+9.385e+03	+0.485
40.300	+5.329e+03	+5.210e+03	+9.564e+03	+0.494
40.400	+5.006e+03	+4.967e+03	+9.371e+03	+0.498
40.500	+5.156e+03	+4.296e+03	+9.650e+03	+0.455
40.600	+4.923e+03	+6.084e+03	+1.056e+04	+0.553
40.700	+4.803e+03	+5.557e+03	+1.011e+04	+0.536
40.800	+4.561e+03	+4.268e+03	+8.907e+03	+0.483
40.900	+4.415e+03	+4.939e+03	+9.974e+03	+0.528
41.000	+5.198e+03	+3.747e+03	+8.659e+03	+0.419
41.100	+5.367e+03	+6.083e+03	+9.939e+03	+0.531
41.200	+4.904e+03	+5.894e+03	+9.580e+03	+0.546
41.300	+4.110e+03	+5.108e+03	+9.507e+03	+0.554
41.400	+5.800e+03	+4.752e+03	+1.024e+04	+0.450
41.500	+4.045e+03	+5.177e+03	+9.596e+03	+0.561
41.600	+6.123e+03	+5.598e+03	+1.122e+04	+0.478
41.700	+5.452e+03	+4.428e+03	+9.642e+03	+0.448
41.800	+6.157e+03	+5.307e+03	+1.093e+04	+0.463
41.900	+5.079e+03	+5.189e+03	+1.068e+04	+0.505
42.000	+4.497e+03	+4.770e+03	+9.692e+03	+0.515
42.100	+5.260e+03	+5.896e+03	+9.629e+03	+0.529
42.200	+5.979e+03	+5.159e+03	+1.006e+04	+0.463
42.300	+4.156e+03	+6.063e+03	+9.846e+03	+0.593
42.400	+4.381e+03	+5.828e+03	+9.333e+03	+0.571
42.500	+3.561e+03	+4.575e+03	+1.001e+04	+0.562
42.600	+4.551e+03	+4.493e+03	+1.041e+04	+0.497
42.700	+4.090e+03	+5.439e+03	+1.015e+04	+0.571
42.800	+5.951e+03	+5.295e+03	+9.138e+03	+0.471
42.900	+4.326e+03	+5.573e+03	+9.344e+03	+0.563
43.000	+5.781e+03	+4.367e+03	+1.057e+04	+0.430
43.100	+4.142e+03	+4.520e+03	+1.034e+04	+0.522
43.200	+5.024e+03	+5.312e+03	+9.879e+03	+0.514
43.300	+7.183e+03	+3.492e+03	+1.028e+04	+0.327
43.400	+7.232e+03	+1.765e+03	+9.660e+03	+0.196
43.500	+7.043e+03	+2.551e+03	+1.157e+04	+0.266
43.600	+7.265e+03	+3.040e+03	+8.933e+03	+0.295
43.700	+7.478e+03	+2.314e+03	+8.863e+03	+0.236
43.800	+8.033e+03	+3.418e+03	+1.043e+04	+0.299
43.900	+7.553e+03	+2.246e+03	+9.125e+03	+0.229
44.000	+8.002e+03	+2.889e+03	+8.578e+03	+0.265
44.100	+7.190e+03	+3.594e+03	+1.034e+04	+0.333
44.200	+6.885e+03	+2.473e+03	+8.851e+03	+0.264
44.300	+6.607e+03	+3.343e+03	+9.562e+03	+0.336
44.400	+6.400e+03	+3.016e+03	+9.507e+03	+0.320
44.500	+8.227e+03	+2.169e+03	+1.124e+04	+0.209
44.600	+7.334e+03	+3.042e+03	+1.027e+04	+0.293
44.700	+7.717e+03	+2.520e+03	+1.051e+04	+0.246
44.800	+8.249e+03	+2.292e+03	+9.711e+03	+0.217
44.900	+7.681e+03	+2.707e+03	+1.088e+04	+0.261
45.000	+7.879e+03	+2.876e+03	+1.213e+04	+0.267
45.100	+6.064e+03	+2.918e+03	+9.867e+03	+0.325
45.200	+7.200e+03	+3.670e+03	+9.561e+03	+0.338
45.300	+6.979e+03	+2.467e+03	+9.088e+03	+0.261
45.400	+7.685e+03	+2.956e+03	+9.570e+03	+0.278
45.500	+6.401e+03	+2.321e+03	+1.017e+04	+0.266
45.600	+6.751e+03	+3.529e+03	+9.759e+03	+0.343
45.700	+4.956e+03	+4.552e+03	+1.065e+04	+0.479
45.800	+5.659e+03	+5.183e+03	+1.008e+04	+0.478
45.900	+4.569e+03	+5.502e+03	+9.177e+03	+0.546
46.000	+6.779e+03	+4.411e+03	+9.444e+03	+0.394
46.100	+5.925e+03	+5.705e+03	+1.013e+04	+0.491
46.200	+5.161e+03	+7.442e+03	+9.899e+03	+0.590
46.300	+4.940e+03	+4.758e+03	+8.805e+03	+0.491
46.400	+4.624e+03	+5.484e+03	+1.029e+04	+0.543
46.500	+4.436e+03	+4.856e+03	+1.067e+04	+0.523
46.600	+4.977e+03	+4.603e+03	+1.006e+04	+0.480
46.700	+6.222e+03	+5.685e+03	+1.116e+04	+0.477
46.800	+5.670e+03	+5.497e+03	+9.983e+03	+0.492
46.900	+5.310e+03	+4.520e+03	+1.024e+04	+0.460
47.000	+5.679e+03	+5.354e+03	+1.022e+04	+0.485
47.100	+5.188e+03	+4.797e+03	+9.145e+03	+0.480
47.200	+5.313e+03	+5.463e+03	+1.024e+04	+0.507
47.300	+5.534e+03	+5.590e+03	+1.065e+04	+0.502
47.400	+5.556e+03	+3.739e+03	+1.113e+04	+0.402
47.500	+5.077e+03	+5.183e+03	+1.033e+04	+0.505
47.600	+3.709e+03	+5.092e+03	+9.078e+03	+0.579
47.700	+5.192e+03	+4.558e+03	+9.644e+03	+0.467
47.800	+5.531e+03	+4.137e+03	+9.983e+03	+0.428
47.900	+4.907e+03	+4.107e+03	+8.953e+03	+0.456
48.000	+4.941e+03	+4.443e+03	+1.047e+04	+0.473
48.100	+5.491e+03	+5.407e+03	+1.068e+04	+0.496
48.200	+5.677e+03	+4.437e+03	+9.453e+03	+0.439
48.300	+5.210e+03	+5.115e+03	+1.010e+04	+0.495
48.400	+5.313e+03	+5.046e+03	+9.264e+03	+0.487
48.500	+4.206e+03	+3.949e+03	+9.692e+03	+0.484
48.600	+4.541e+03	+4.918e+03	+1.072e+04	+0.520
48.700	+4.216e+03	+4.776e+03	+1.026e+04	+0.531
48.800	+5.003e+03	+6.004e+03	+1.113e+04	+0.545
48.900	+5.315e+03	+5.136e+03	+9.901e+03	+0.491
49.000	+4.314e+03	+4.464e+03	+1.148e+04	+0.509
49.100	+4.634e+03	+4.860e+03	+9.989e+03	+0.512
49.200	+4.634e+03	+5.406e+03	+9.997e+03	+0.538
49.300	+6.305e+03	+5.623e+03	+1.058e+04	+0.471
49.400	+4.731e+03	+5.218e+03	+9.976e+03	+0.524
49.500	+6.082e+03	+4.339e+03	+9.924e+03	+0.416
49.600	+4.745e+03	+5.529e+03	+1.004e+04	+0.538
49.700	+4.104e+03	+3.478e+03	+9.684e+03	+0.459
49.800	+4.596e+03	+4.466e+03	+1.021e+04	+0.493
49.900	+5.002e+03	+4.553e+03	+1.099e+04	+0.476
50.000	+5.119e+03	+4.392e+03	+9.479e+03	+0.462
50.100	+3.776e+03	+4.910e+03	+1.029e+04	+0.565
50.200	+4.870e+03	+3.665e+03	+1.123e+04	+0.429
50.300	+6.571e+03	+4.569e+03	+1.059e+04	+0.410
50.400	+6.707e+03	+2.382e+03	+1.031e+04	+0.262
50.500	+8.227e+03	+1.781e+03	+9.967e+03	+0.178
50.600	+7.699e+03	+1.590e+03	+1.054e+04	+0.171
50.700	+7.099e+03	+1.959e+03	+1.045e+04	+0.216
50.800	+8.224e+03	+2.358e+03	+9.914e+03	+0.223
50.900	+7.993e+03	+1.978e+03	+9.209e+03	+0.198
51.000	+8.342e+03	+1.469e+03	+9.569e+03	+0.150
51.100	+7.413e+03	+2.553e+03	+9.677e+03	+0.256
51.200	+9.173e+03	+1.976e+03	+9.897e+03	+0.177
51.300	+7.751e+03	+4.413e+03	+9.614e+03	+0.363
51.400	+7.119e+03	+3.392e+03	+1.025e+04	+0.323
51.500	+7.483e+03	+2.286e+03	+8.749e+03	+0.234
51.600	+7.398e+03	+2.234e+03	+1.058e+04	+0.232
51.700	+9.006e+03	+2.513e+03	+1.004e+04	+0.218
51.800	+7.294e+03	+2.785e+03	+9.822e+03	+0.276
51.900	+8.143e+03	+3.143e+03	+9.789e+03	+0.278
52.000	+7.463e+03	+1.516e+03	+9.310e+03	+0.169
52.100	+6.704e+03	+3.293e+03	+1.019e+04	+0.329
52.200	+6.742e+03	+2.952e+03	+9.566e+03	+0.305
52.300	+7.594e+03	+4.263e+03	+9.902e+03	+0.360
52.400	+8.873e+03	+2.338e+03	+9.674e+03	+0.209
52.500	+8.310e+03	+2.220e+03	+1.080e+04	+0.211
52.600	+7.575e+03	+2.585e+03	+1.069e+04	+0.254
52.700	+7.687e+03	+3.790e+03	+1.071e+04	+0.330
52.800	+8.170e+03	+2.222e+03	+1.085e+04	+0.214
52.900	+7.654e+03	+1.189e+03	+1.044e+04	+0.134
53.000	+8.311e+03	+3.494e+03	+9.407e+03	+0.296
53.100	+7.149e+03	+2.432e+03	+1.016e+04	+0.254
53.200	+7.416e+03	+3.021e+03	+9.440e+03	+0.289
53.300	+6.484e+03	+3.184e+03	+9.751e+03	+0.329
53.400	+8.516e+03	+1.516e+03	+1.038e+04	+0.151
53.500	+8.467e+03	+2.433e+03	+1.049e+04	+0.223
53.600	+6.361e+03	+2.855e+03	+1.017e+04	+0.310
53.700	+8.084e+03	+5.009e+02	+1.176e+04	+0.058
53.800	+7.416e+03	+2.165e+03	+9.834e+03	+0.226
53.900	+7.183e+03	+2.864e+03	+9.738e+03	+0.285
54.000	+7.081e+03	+3.683e+03	+8.462e+03	+0.342
54.100	+7.903e+03	+3.191e+03	+1.040e+04	+0.288
54.200	+7.196e+03	+2.131e+03	+9.882e+03	+0.228
54.300	+6.442e+03	+2.481e+03	+1.030e+04	+0.278
54.400	+7.351e+03	+2.616e+03	+9.835e+03	+0.262
54.500	+7.660e+03	+2.736e+03	+1.053e+04	+0.263
54.600	+9.634e+03	+2.652e+03	+1.045e+04	+0.216
54.700	+8.267e+03	+2.192e+03	+9.229e+03	+0.210
54.800	+7.250e+03	+2.272e+03	+1.103e+04	+0.239
54.900	+7.498e+03	+1.939e+03	+9.185e+03	+0.205
55.000	+6.918e+03	+2.923e+03	+1.117e+04	+0.297
55.100	+8.506e+03	+3.161e+03	+1.007e+04	+0.271
55.200	+6.912e+03	+3.177e+03	+9.559e+03	+0.315
55.300	+8.246e+03	+2.711e+03	+9.829e+03	+0.247
55.400	+6.997e+03	+8.240e+02	+9.068e+03	+0.105
55.500	+7.914e+03	+1.686e+03	+1.051e+04	+0.176
55.600	+7.318e+03	+1.424e+03	+9.683e+03	+0.163
55.700	+7.500e+03	+1.470e+03	+8.330e+03	+0.164
55.800	+7.406e+03	+2.259e+03	+9.549e+03	+0.234
55.900	+6.688e+03	+1.057e+03	+9.717e+03	+0.137
56.000	+8.244e+03	+1.886e+03	+1.021e+04	+0.186
56.100	+8.390e+03	+2.684e+03	+1.024e+04	+0.242
56.200	+9.541e+03	+3.022e+03	+8.923e+03	+0.241
56.300	+7.526e+03	+2.143e+03	+1.022e+04	+0.222
56.400	+8.186e+03	+2.053e+03	+1.030e+04	+0.200
56.500	+8.795e+03	+2.112e+03	+1.106e+04	+0.194
56.600	+7.971e+03	+2.881e+03	+1.110e+04	+0.265
56.700	+8.726e+03	+1.990e+03	+1.066e+04	+0.186
56.800	+6.735e+03	+1.687e+03	+9.405e+03	+0.200
56.900	+7.570e+03	+2.715e+03	+1.034e+04	+0.264
57.000	+7.106e+03	+2.863e+03	+9.778e+03	+0.287
57.100	+7.236e+03	+2.824e+03	+8.846e+03	+0.281
57.200	+6.973e+03	+2.933e+03	+9.013e+03	+0.296
57.300	+6.268e+03	+3.230e+03	+8.563e+03	+0.340
57.400	+6.685e+03	+2.540e+03	+1.063e+04	+0.275
57.500	+6.785e+03	+3.008e+03	+1.052e+04	+0.307
57.600	+7.478e+03	+1.768e+03	+1.073e+04	+0.191
57.700	+6.780e+03	+2.415e+03	+1.097e+04	+0.263
57.800	+7.364e+03	+1.519e+03	+1.017e+04	+0.171
57.900	+7.214e+03	+2.272e+03	+1.046e+04	+0.239
58.000	+8.326e+03	+2.209e+03	+9.692e+03	+0.210
58.100	+7.537e+03	+1.761e+03	+9.454e+03	+0.189
58.200	+8.735e+03	+2.359e+03	+9.092e+03	+0.213
58.300	+7.126e+03	+3.066e+03	+9.578e+03	+0.301
58.400	+6.741e+03	+3.335e+03	+1.006e+04	+0.331
58.500	+6.134e+03	+3.125e+03	+1.109e+04	+0.337
58.600	+7.295e+03	+2.875e+03	+9.888e+03	+0.283
58.700	+8.302e+03	+2.288e+03	+9.745e+03	+0.216
58.800	+7.616e+03	+3.021e+03	+9.679e+03	+0.284
58.900	+6.738e+03	+1.522e+03	+1.033e+04	+0.184
59.000	+8.064e+03	+2.384e+03	+1.008e+04	+0.228
59.100	+6.047e+03	+2.305e+03	+9.535e+03	+0.276
59.200	+7.782e+03	+2.625e+03	+9.702e+03	+0.252
59.300	+8.373e+03	+2.509e+03	+1.028e+04	+0.231
59.400	+7.305e+03	+2.557e+03	+1.033e+04	+0.259
59.500	+8.862e+03	+2.663e+03	+1.026e+04	+0.231
59.600	+6.472e+03	+1.494e+03	+1.021e+04	+0.188
59.700	+8.095e+03	+2.337e+03	+9.931e+03	+0.224
59.800	+6.664e+03	+1.363e+03	+1.087e+04	+0.170
59.900	+8.338e+03	+2.349e+03	+1.117e+04	+0.220
60.000	+7.180e+03	+1.678e+03	+1.020e+04	+0.189
60.100	+6.969e+03	+2.467e+03	+1.001e+04	+0.261
60.200	+6.993e+03	+2.907e+03	+9.492e+03	+0.294
60.300	+7.323e+03	+2.101e+03	+1.093e+04	+0.223
60.400	+8.367e+03	+1.965e+03	+1.008e+04	+0.190
60.500	+3.309e+03	+5.159e+03	+1.038e+04	+0.609
60.600	+4.596e+03	+5.308e+03	+1.044e+04	+0.536
60.700	+4.558e+03	+5.090e+03	+9.931e+03	+0.528
60.800	+4.281e+03	+4.295e+03	+1.081e+04	+0.501
60.900	+5.344e+03	+4.267e+03	+1.143e+04	+0.444
61.000	+5.514e+03	+5.627e+03	+9.359e+03	+0.505
61.100	+5.739e+03	+4.031e+03	+1.132e+04	+0.413
61.200	+5.083e+03	+5.278e+03	+1.004e+04	+0.509
61.300	+5.166e+03	+5.437e+03	+9.645e+03	+0.513
61.400	+4.544e+03	+3.782e+03	+9.438e+03	+0.454
61.500	+5.650e+03	+5.153e+03	+1.075e+04	+0.477
61.600	+4.400e+03	+5.316e+03	+1.074e+04	+0.547
61.700	+5.690e+03	+4.465e+03	+1.089e+04	+0.440
61.800	+7.475e+03	+2.338e+03	+1.126e+04	+0.238
61.900	+8.232e+03	+1.032e+03	+8.762e+03	+0.111
62.000	+9.286e+03	+3.074e+03	+9.545e+03	+0.249
62.100	+7.975e+03	+2.611e+03	+1.007e+04	+0.247
62.200	+6.758e+03	+2.496e+03	+1.053e+04	+0.270
62.300	+7.021e+03	+2.867e+03	+1.027e+04	+0.290
62.400	+6.704e+03	+2.887e+03	+1.036e+04	+0.301
62.500	+7.425e+03	+2.505e+03	+8.917e+03	+0.252
62.600	+7.620e+03	+2.226e+03	+9.492e+03	+0.226
62.700	+8.916e+03	+2.401e+03	+9.381e+03	+0.212
62.800	+7.172e+03	+3.747e+03	+1.048e+04	+0.343
62.900	+7.582e+03	+3.323e+03	+9.453e+03	+0.305
63.000	+6.446e+03	+3.320e+03	+1.054e+04	+0.340
63.100	+6.822e+03	+2.772e+03	+8.311e+03	+0.289
63.200	+5.521e+03	+2.250e+03	+9.734e+03	+0.290
63.300	+7.512e+03	+2.507e+03	+1.037e+04	+0.250
63.400	+7.708e+03	+1.820e+03	+9.697e+03	+0.191
63.500	+7.219e+03	+2.639e+03	+1.026e+04	+0.268
63.600	+9.004e+03	+2.465e+03	+9.556e+03	+0.215
63.700	+7.115e+03	+1.920e+03	+1.027e+04	+0.212
63.800	+6.753e+03	+3.347e+03	+1.013e+04	+0.331
63.900	+6.954e+03	+2.076e+03	+1.114e+04	+0.230
64.000	+7.834e+03	+8.640e+02	+9.836e+03	+0.099
64.100	+8.344e+03	+2.153e+03	+8.653e+03	+0.205
64.200	+6.218e+03	+1.882e+03	+9.652e+03	+0.232
64.300	+7.361e+03	+2.541e+03	+1.090e+04	+0.257
64.400	+5.995e+03	+3.061e+03	+9.060e+03	+0.338
64.500	+7.712e+03	+1.987e+03	+1.064e+04	+0.205
64.600	+7.918e+03	+2.918e+03	+1.058e+04	+0.269
64.700	+7.695e+03	+3.079e+03	+1.092e+04	+0.286
64.800	+8.410e+03	+2.960e+03	+9.814e+03	+0.260
64.900	+7.435e+03	+2.756e+03	+9.175e+03	+0.270
65.000	+7.535e+03	+1.070e+03	+1.063e+04	+0.124
65.100	+7.117e+03	+2.645e+03	+9.465e+03	+0.271
65.200	+7.522e+03	+2.024e+03	+9.995e+03	+0.212
65.300	+7.331e+03	+1.162e+03	+1.042e+04	+0.137
65.400	+7.543e+03	+2.917e+03	+1.000e+04	+0.279
65.500	+8.347e+03	+3.173e+03	+1.050e+04	+0.275
65.600	+6.677e+03	+2.599e+03	+1.083e+04	+0.280
65.700	+6.756e+03	+9.957e+02	+9.120e+03	+0.128
65.800	+7.206e+03	+3.777e+03	+9.451e+03	+0.344
65.900	+8.328e+03	+1.689e+03	+1.003e+04	+0.169
66.000	+6.682e+03	+1.818e+03	+9.510e+03	+0.214
66.100	+7.602e+03	+2.896e+03	+8.954e+03	+0.276
66.200	+6.528e+03	+2.886e+03	+9.464e+03	+0.307
66.300	+8.390e+03	+4.391e+03	+9.746e+03	+0.344
66.400	+7.463e+03	+1.149e+03	+9.514e+03	+0.133
66.500	+7.580e+03	+3.216e+03	+1.033e+04	+0.298
66.600	+8.511e+03	+2.996e+03	+9.994e+03	+0.260
66.700	+6.855e+03	+2.036e+03	+9.299e+03	+0.229
66.800	+7.169e+03	+1.444e+03	+1.043e+04	+0.168
66.900	+6.609e+03	+3.086e+03	+8.882e+03	+0.318
67.000	+7.548e+03	+2.179e+03	+9.808e+03	+0.224
67.100	+6.555e+03	+2.155e+03	+9.751e+03	+0.247
67.200	+7.193e+03	+9.207e+02	+9.044e+03	+0.113
67.300	+7.849e+03	+1.657e+03	+9.721e+03	+0.174
67.400	+8.638e+03	+2.356e+03	+1.129e+04	+0.214
67.500	+7.576e+03	+1.607e+03	+1.064e+04	+0.175
67.600	+8.470e+03	+3.097e+03	+1.066e+04	+0.268
67.700	+7.646e+03	+2.870e+03	+8.805e+03	+0.273
67.800	+7.701e+03	+2.702e+03	+1.009e+04	+0.260
67.900	+7.007e+03	+3.379e+03	+8.614e+03	+0.325
68.000	+7.972e+03	+3.374e+03	+1.043e+04	+0.297
68.100	+7.205e+03	+2.698e+03	+9.306e+03	+0.272
68.200	+7.606e+03	+2.920e+03	+1.038e+04	+0.277
68.300	+8.543e+03	+3.353e+03	+9.994e+03	+0.282
68.400	+7.181e+03	+1.178e+03	+9.595e+03	+0.141
68.500	+8.440e+03	+3.355e+03	+1.052e+04	+0.284
68.600	+7.621e+03	+2.826e+03	+9.457e+03	+0.270
68.700	+6.064e+03	+7.143e+02	+9.871e+03	+0.105
68.800	+6.451e+03	+3.413e+03	+9.632e+03	+0.346
68.900	+6.931e+03	+2.165e+03	+9.887e+03	+0.238
69.000	+7.477e+03	+2.279e+03	+1.053e+04	+0.234
69.100	+7.547e+03	+3.040e+03	+1.098e+04	+0.287
69.200	+7.543e+03	+2.158e+03	+1.017e+04	+0.222
69.300	+8.112e+03	+2.462e+03	+8.946e+03	+0.233
69.400	+5.777e+03	+3.665e+03	+9.843e+03	+0.388
69.500	+7.181e+03	+1.950e+03	+1.001e+04	+0.214
69.600	+6.219e+03	+2.761e+03	+1.028e+04	+0.307
69.700	+6.574e+03	+3.298e+03	+9.888e+03	+0.334
69.800	+8.324e+03	+2.718e+03	+9.850e+03	+0.246
69.900	+7.579e+03	+1.837e+03	+1.072e+04	+0.195
70.000	+7.681e+03	+2.775e+03	+1.022e+04	+0.265
70.100	+6.855e+03	+1.986e+03	+8.673e+03	+0.225
70.200	+8.379e+03	+2.147e+03	+9.034e+03	+0.204
70.300	+8.064e+03	+2.440e+03	+9.441e+03	+0.232
70.400	+7.890e+03	+3.415e+03	+8.911e+03	+0.302
70.500	+7.799e+03	+2.962e+03	+1.009e+04	+0.275
70.600	+8.728e+03	+1.984e+03	+9.943e+03	+0.185
70.700	+8.124e+03	+1.622e+03	+1.002e+04	+0.166
70.800	+7.949e+03	+7.199e+02	+9.690e+03	+0.083
70.900	+7.105e+03	+1.840e+03	+9.976e+03	+0.206
71.000	+8.427e+03	+3.376e+03	+9.671e+03	+0.286
71.100	+7.542e+03	+3.253e+03	+1.118e+04	+0.301
71.200	+6.859e+03	+3.041e+03	+9.386e+03	+0.307
71.300	+6.512e+03	+3.127e+03	+9.588e+03	+0.324
71.400	+7.748e+03	+2.882e+03	+9.977e+03	+0.271
71.500	+9.139e+03	+2.713e+03	+1.087e+04	+0.229
71.600	+7.659e+03	+1.994e+03	+1.027e+04	+0.207
71.700	+8.294e+03	+2.316e+03	+9.213e+03	+0.218
71.800	+7.900e+03	+2.597e+03	+9.608e+03	+0.247
71.900	+7.589e+03	+2.060e+03	+9.137e+03	+0.214
72.000	+7.001e+03	+1.522e+03	+9.923e+03	+0.179
72.100	+7.181e+03	+2.554e+03	+1.059e+04	+0.262
72.200	+7.664e+03	+2.313e+03	+1.126e+04	+0.232
72.300	+7.980e+03	+2.305e+03	+1.165e+04	+0.224
72.400	+6.318e+03	+2.096e+03	+1.094e+04	+0.249
72.500	+8.108e+03	+2.962e+03	+8.912e+03	+0.268
72.600	+7.548e+03	+1.275e+03	+1.104e+04	+0.145
72.700	+7.696e+03	+2.466e+03	+1.065e+04	+0.243
72.800	+6.424e+03	+2.033e+03	+1.076e+04	+0.240
72.900	+8.288e+03	+3.275e+03	+1.053e+04	+0.283
73.000	+7.466e+03	+1.525e+03	+1.017e+04	+0.170
73.100	+7.060e+03	+2.780e+03	+1.073e+04	+0.282
73.200	+6.439e+03	+2.230e+03	+8.643e+03	+0.257
73.300	+6.001e+03	+1.575e+03	+1.038e+04	+0.208
73.400	+7.241e+03	+3.160e+03	+1.026e+04	+0.304
73.500	+7.763e+03	+2.509e+03	+9.087e+03	+0.244
73.600	+6.643e+03	+2.672e+03	+1.120e+04	+0.287
73.700	+8.341e+03	+2.392e+03	+1.042e+04	+0.223
73.800	+7.422e+03	+1.814e+03	+9.889e+03	+0.196
73.900	+8.715e+03	+2.881e+03	+7.353e+03	+0.248
74.000	+8.210e+03	+2.303e+03	+9.554e+03	+0.219
74.100	+6.778e+03	+3.441e+03	+1.018e+04	+0.337
74.200	+5.346e+03	+5.355e+03	+8.853e+03	+0.500
74.300	+5.367e+03	+5.590e+03	+9.867e+03	+0.510
74.400	+4.692e+03	+4.583e+03	+9.415e+03	+0.494
74.500	+3.973e+03	+4.276e+03	+1.044e+04	+0.518
74.600	+4.996e+03	+5.637e+03	+9.297e+03	+0.530
74.700	+4.873e+03	+6.825e+03	+1.066e+04	+0.583
74.800	+6.346e+03	+5.546e+03	+9.274e+03	+0.466
74.900	+5.510e+03	+4.075e+03	+8.980e+03	+0.425
75.000	+6.326e+03	+6.285e+03	+1.017e+04	+0.498
75.100	+5.320e+03	+5.228e+03	+9.947e+03	+0.496
75.200	+4.050e+03	+4.132e+03	+9.996e+03	+0.505
75.300	+4.420e+03	+4.650e+03	+1.098e+04	+0.513
75.400	+4.747e+03	+4.904e+03	+1.138e+04	+0.508
75.500	+4.333e+03	+4.154e+03	+9.609e+03	+0.489
75.600	+4.046e+03	+5.576e+03	+1.111e+04	+0.579
75.700	+5.377e+03	+3.811e+03	+9.682e+03	+0.415
75.800	+4.475e+03	+4.989e+03	+9.437e+03	+0.527
75.900	+5.531e+03	+4.384e+03	+9.937e+03	+0.442
76.000	+6.570e+03	+2.070e+03	+9.779e+03	+0.240
76.100	+6.152e+03	+2.848e+03	+1.018e+04	+0.316
76.200	+7.269e+03	+2.325e+03	+1.060e+04	+0.242
76.300	+8.633e+03	+1.411e+03	+9.907e+03	+0.140
76.400	+6.674e+03	+1.856e+03	+1.011e+04	+0.218
76.500	+6.734e+03	+1.669e+03	+1.037e+04	+0.199
76.600	+6.711e+03	+2.711e+03	+1.058e+04	+0.288
76.700	+6.494e+03	+2.652e+03	+1.077e+04	+0.290
76.800	+7.951e+03	+2.455e+03	+1.000e+04	+0.236
76.900	+8.371e+03	+1.602e+03	+1.090e+04	+0.161
77.000	+7.233e+03	+1.814e+03	+1.026e+04	+0.200
77.100	+7.225e+03	+2.168e+03	+1.028e+04	+0.231
77.200	+7.471e+03	+2.311e+03	+9.900e+03	+0.236
77.300	+6.511e+03	+2.525e+03	+9.596e+03	+0.279
77.400	+6.753e+03	+2.413e+03	+1.117e+04	+0.263
77.500	+8.891e+03	+1.257e+03	+9.011e+03	+0.124
77.600	+7.910e+03	+2.869e+03	+9.733e+03	+0.266
77.700	+7.651e+03	+2.710e+03	+1.049e+04	+0.262
77.800	+8.130e+03	+3.226e+03	+9.571e+03	+0.284
77.900	+7.336e+03	+2.334e+03	+8.840e+03	+0.241
78.000	+7.917e+03	+3.127e+03	+9.304e+03	+0.283
78.100	+7.996e+03	+2.414e+03	+1.154e+04	+0.232
78.200	+7.232e+03	+3.609e+02	+9.476e+03	+0.048
78.300	+6.524e+03	+2.527e+03	+8.779e+03	+0.279
78.400	+7.410e+03	+2.501e+03	+1.038e+04	+0.252
78.500	+8.544e+03	+2.163e+03	+1.072e+04	+0.202
78.600	+7.410e+03	+2.675e+03	+9.305e+03	+0.265
78.700	+7.700e+03	+3.007e+03	+1.057e+04	+0.281
78.800	+8.310e+03	+3.104e+03	+1.030e+04	+0.272
78.900	+6.685e+03	+2.809e+03	+1.053e+04	+0.296
79.000	+7.073e+03	+3.867e+03	+9.823e+03	+0.353
79.100	+7.263e+03	+2.878e+03	+1.011e+04	+0.284
79.200	+7.163e+03	+3.674e+03	+1.006e+04	+0.339
79.300	+7.286e+03	+2.075e+03	+1.036e+04	+0.222
79.400	+6.935e+03	+1.559e+03	+9.535e+03	+0.184
79.500	+7.634e+03	+2.581e+03	+1.091e+04	+0.253
79.600	+7.042e+03	+3.122e+03	+1.002e+04	+0.307
79.700	+7.361e+03	+2.107e+03	+1.069e+04	+0.223
79.800	+8.109e+03	+2.902e+03	+1.086e+04	+0.264
79.900	+7.197e+03	+2.205e+03	+1.097e+04	+0.235
80.000	+8.443e+03	+1.828e+03	+8.712e+03	+0.178
80.100	+8.570e+03	+3.391e+03	+1.196e+04	+0.284
80.200	+7.588e+03	+1.638e+03	+1.015e+04	+0.178
80.300	+6.481e+03	+2.359e+02	+1.067e+04	+0.035
80.400	+6.564e+03	+3.232e+03	+9.666e+03	+0.330
80.500	+7.939e+03	+9.773e+02	+8.977e+03	+0.110
80.600	+8.009e+03	+1.212e+03	+8.697e+03	+0.131
80.700	+7.433e+03	+3.583e+03	+9.303e+03	+0.325
80.800	+8.135e+03	+3.187e+03	+1.046e+04	+0.281
80.900	+8.053e+03	+2.183e+03	+8.715e+03	+0.213
81.000	+7.824e+03	+2.308e+03	+1.012e+04	+0.228
81.100	+7.864e+03	+2.000e+03	+1.082e+04	+0.203
81.200	+7.646e+03	+3.222e+03	+1.039e+04	+0.296
81.300	+7.385e+03	+1.951e+03	+9.303e+03	+0.209
81.400	+7.277e+03	+2.083e+03	+9.493e+03	+0.223
81.500	+7.437e+03	+4.165e+03	+9.742e+03	+0.359
81.600	+6.774e+03	+2.379e+03	+9.364e+03	+0.260
81.700	+8.342e+03	+2.502e+03	+8.953e+03	+0.231
81.800	+6.940e+03	+1.960e+03	+9.433e+03	+0.220
81.900	+6.637e+03	+2.434e+03	+9.902e+03	+0.268
82.000	+6.957e+03	+2.047e+03	+9.597e+03	+0.227
82.100	+8.391e+03	+1.937e+03	+1.008e+04	+0.188
82.200	+7.870e+03	+2.580e+03	+9.806e+03	+0.247
82.300	+8.331e+03	+2.156e+03	+9.817e+03	+0.206
82.400	+7.858e+03	+2.665e+03	+1.095e+04	+0.253
82.500	+8.122e+03	+3.325e+03	+1.010e+04	+0.291
82.600	+8.241e+03	+2.510e+03	+1.050e+04	+0.234
82.700	+8.280e+03	+2.116e+03	+1.018e+04	+0.204
82.800	+6.034e+03	+2.875e+03	+1.057e+04	+0.323
82.900	+7.938e+03	+2.653e+03	+9.795e+03	+0.250
83.000	+8.082e+03	+2.676e+03	+9.946e+03	+0.249
83.100	+7.002e+03	+2.012e+03	+9.520e+03	+0.223
83.200	+7.622e+03	+3.474e+03	+9.333e+03	+0.313
83.300	+9.299e+03	+2.053e+03	+9.462e+03	+0.181
83.400	+7.437e+03	+3.469e+03	+1.065e+04	+0.318
83.500	+7.716e+03	+2.367e+03	+1.060e+04	+0.235
83.600	+7.542e+03	+2.492e+03	+1.149e+04	+0.248
83.700	+7.537e+03	+2.881e+03	+1.030e+04	+0.277
83.800	+7.602e+03	+1.318e+03	+9.848e+03	+0.148
83.900	+7.029e+03	+2.434e+03	+9.007e+03	+0.257
84.000	+7.579e+03	+2.215e+03	+9.991e+03	+0.226
84.100	+7.079e+03	+2.603e+03	+1.083e+04	+0.269
84.200	+7.722e+03	+2.315e+03	+1.099e+04	+0.231
84.300	+6.941e+03	+2.964e+03	+9.496e+03	+0.299
84.400	+6.942e+03	+2.778e+03	+1.013e+04	+0.286
84.500	+6.972e+03	+1.841e+03	+1.065e+04	+0.209
84.600	+7.945e+03	+2.934e+03	+8.582e+03	+0.270
84.700	+7.497e+03	+3.020e+03	+1.115e+04	+0.287
84.800	+6.372e+03	+2.894e+03	+1.046e+04	+0.312
84.900	+7.906e+03	+1.703e+03	+1.076e+04	+0.177
85.000	+8.091e+03	+2.325e+03	+9.974e+03	+0.223
85.100	+7.032e+03	+2.379e+03	+9.633e+03	+0.253
85.200	+6.959e+03	+3.895e+03	+1.078e+04	+0.359
85.300	+6.875e+03	+1.613e+03	+1.186e+04	+0.190
85.400	+8.397e+03	+2.269e+03	+9.874e+03	+0.213
85.500	+6.947e+03	+3.085e+03	+1.033e+04	+0.308
85.600	+8.374e+03	+1.978e+03	+8.931e+03	+0.191
85.700	+6.891e+03	+2.282e+03	+1.072e+04	+0.249
85.800	+7.261e+03	+2.881e+03	+9.528e+03	+0.284
85.900	+8.164e+03	+2.297e+03	+1.029e+04	+0.220
86.000	+6.991e+03	+1.933e+03	+9.622e+03	+0.217
86.100	+7.057e+03	+2.644e+03	+9.643e+03	+0.273
86.200	+8.016e+03	+2.805e+03	+1.009e+04	+0.259
86.300	+7.371e+03	+2.559e+03	+9.817e+03	+0.258
86.400	+8.378e+03	+3.348e+03	+1.078e+04	+0.286
86.500	+8.250e+03	+2.094e+03	+9.271e+03	+0.202
86.600	+7.579e+03	+2.811e+03	+1.097e+04	+0.271
86.700	+7.026e+03	+3.682e+03	+1.086e+04	+0.344
86.800	+6.154e+03	+2.547e+03	+1.092e+04	+0.293
86.900	+8.661e+03	+2.692e+03	+1.112e+04	+0.237
87.000	+7.853e+03	+2.617e+03	+9.894e+03	+0.250
87.100	+7.080e+03	+2.128e+03	+1.034e+04	+0.231
87.200	+8.290e+03	+3.375e+03	+9.900e+03	+0.289
87.300	+7.237e+03	+2.310e+03	+9.160e+03	+0.242
87.400	+8.697e+03	+2.359e+03	+1.047e+04	+0.213
87.500	+8.048e+03	+1.885e+03	+1.064e+04	+0.190
87.600	+8.081e+03	+2.103e+03	+9.838e+03	+0.206
87.700	+8.136e+03	+1.622e+03	+1.036e+04	+0.166
87.800	+7.899e+03	+2.569e+03	+9.555e+03	+0.245
87.900	+8.076e+03	+2.055e+03	+1.089e+04	+0.203
88.000	+7.059e+03	+4.218e+03	+9.397e+03	+0.374
88.100	+7.085e+03	+2.843e+03	+9.516e+03	+0.286
88.200	+7.206e+03	+3.031e+03	+8.908e+03	+0.296
88.300	+6.779e+03	+2.825e+03	+9.310e+03	+0.294
88.400	+9.051e+03	+3.204e+03	+1.001e+04	+0.261
88.500	+6.899e+03	+2.055e+03	+1.020e+04	+0.229
88.600	+8.346e+03	+3.361e+03	+8.283e+03	+0.287
88.700	+8.256e+03	+1.774e+03	+1.128e+04	+0.177
88.800	+7.876e+03	+2.549e+03	+1.024e+04	+0.245
88.900	+8.136e+03	+3.320e+03	+1.059e+04	+0.290
89.000	+7.258e+03	+2.305e+03	+9.358e+03	+0.241
89.100	+7.510e+03	+2.848e+03	+1.020e+04	+0.275
89.200	+7.558e+03	+1.847e+03	+9.696e+03	+0.196
89.300	+8.020e+03	+2.478e+03	+1.015e+04	+0.236
89.400	+8.131e+03	+2.575e+03	+9.758e+03	+0.241
89.500	+7.292e+03	+2.686e+03	+1.041e+04	+0.269
89.600	+7.351e+03	+2.385e+03	+1.046e+04	+0.245
89.700	+8.029e+03	+1.636e+03	+1.090e+04	+0.169
89.800	+7.147e+03	+1.413e+03	+1.028e+04	+0.165
89.900	+6.638e+03	+3.293e+03	+1.075e+04	+0.332
90.000	+6.417e+03	+2.334e+03	+1.093e+04	+0.267
90.100	+6.508e+03	+2.184e+03	+9.626e+03	+0.251
90.200	+7.470e+03	+7.847e+02	+1.015e+04	+0.095
90.300	+7.590e+03	+1.654e+03	+9.686e+03	+0.179
90.400	+7.696e+03	+2.599e+03	+8.604e+03	+0.252
90.500	+6.705e+03	+2.493e+03	+8.833e+03	+0.271
90.600	+7.850e+03	+2.131e+03	+9.327e+03	+0.214
90.700	+7.690e+03	+2.179e+03	+9.789e+03	+0.221
90.800	+7.182e+03	+6.594e+02	+9.948e+03	+0.084
90.900	+8.492e+03	+2.469e+03	+1.024e+04	+0.225
91.000	+8.068e+03	+3.097e+03	+9.179e+03	+0.277
91.100	+7.776e+03	+2.977e+03	+1.004e+04	+0.277
91.200	+8.232e+03	+2.741e+03	+1.080e+04	+0.250
91.300	+7.836e+03	+2.944e+03	+9.598e+03	+0.273
91.400	+8.470e+03	+2.897e+03	+1.056e+04	+0.255
91.500	+8.539e+03	+2.610e+03	+9.198e+03	+0.234
91.600	+6.949e+03	+1.793e+03	+1.047e+04	+0.205
91.700	+9.512e+03	+2.030e+03	+1.064e+04	+0.176
91.800	+7.754e+03	+1.383e+03	+9.030e+03	+0.151
91.900	+6.560e+03	+2.514e+03	+9.438e+03	+0.277
92.000	+6.659e+03	+1.982e+03	+1.067e+04	+0.229
92.100	+8.592e+03	+2.437e+03	+1.145e+04	+0.221
92.200	+7.739e+03	+2.358e+03	+1.030e+04	+0.234
92.300	+4.618e+03	+6.459e+03	+1.039e+04	+0.583
92.400	+3.226e+03	+9.079e+03	+1.084e+04	+0.738
92.500	+1.882e+03	+7.424e+03	+1.059e+04	+0.798
92.600	+1.667e+03	+7.082e+03	+1.117e+04	+0.809
92.700	+1.171e+03	+8.473e+03	+9.584e+03	+0.879
92.800	+1.939e+03	+6.554e+03	+8.888e+03	+0.772
92.900	+5.200e+02	+7.149e+03	+9.021e+03	+0.932
93.000	+1.501e+03	+8.002e+03	+9.950e+03	+0.842
93.100	+2.968e+03	+7.522e+03	+9.719e+03	+0.717
93.200	+1.931e+03	+7.554e+03	+1.018e+04	+0.796
93.300	+2.336e+03	+7.580e+03	+9.746e+03	+0.764
93.400	+2.986e+03	+7.997e+03	+9.967e+03	+0.728
93.500	+2.047e+03	+9.164e+03	+1.085e+04	+0.817
93.600	+1.841e+03	+8.192e+03	+9.946e+03	+0.817
93.700	+2.521e+03	+7.230e+03	+9.061e+03	+0.741
93.800	+2.214e+03	+7.998e+03	+1.094e+04	+0.783
93.900	+2.077e+03	+8.944e+03	+9.033e+03	+0.812
94.000	+1.540e+03	+7.978e+03	+1.030e+04	+0.838
94.100	+2.462e+03	+7.689e+03	+1.070e+04	+0.757
94.200	+3.132e+03	+8.987e+03	+1.066e+04	+0.742
94.300	+2.020e+03	+9.046e+03	+9.348e+03	+0.817
94.400	+2.073e+03	+8.424e+03	+9.421e+03	+0.803
94.500	+2.418e+03	+7.166e+03	+1.061e+04	+0.748
94.600	+2.697e+03	+9.352e+03	+1.140e+04	+0.776
94.700	+2.133e+03	+8.915e+03	+9.578e+03	+0.807
94.800	+1.807e+03	+7.482e+03	+8.029e+03	+0.805
94.900	+1.518e+03	+7.898e+03	+9.861e+03	+0.839
95.000	+3.526e+03	+8.855e+03	+9.191e+03	+0.715
95.100	+1.540e+03	+7.873e+03	+1.107e+04	+0.836
95.200	+8.144e+02	+7.224e+03	+1.010e+04	+0.899
95.300	+5.927e+02	+7.741e+03	+1.078e+04	+0.929
95.400	+2.205e+03	+7.899e+03	+1.026e+04	+0.782
95.500	+1.211e+03	+7.956e+03	+8.996e+03	+0.868
95.600	+2.595e+03	+8.284e+03	+9.171e+03	+0.761
95.700	+3.180e+03	+8.118e+03	+1.104e+04	+0.719
95.800	+1.047e+03	+7.947e+03	+1.050e+04	+0.884
95.900	+1.989e+03	+9.237e+03	+1.050e+04	+0.823
96.000	+1.289e+03	+8.023e+03	+1.008e+04	+0.862
96.100	+1.093e+03	+7.449e+03	+9.023e+03	+0.872
96.200	+3.188e+03	+7.197e+03	+9.526e+03	+0.693
96.300	+2.684e+03	+7.328e+03	+1.087e+04	+0.732
96.400	+2.155e+03	+6.665e+03	+9.596e+03	+0.756
96.500	+1.591e+03	+7.945e+03	+9.663e+03	+0.833
96.600	+2.858e+02	+7.329e+03	+1.050e+04	+0.962
96.700	+5.991e+02	+8.262e+03	+9.527e+03	+0.932
96.800	+2.095e+03	+8.141e+03	+9.916e+03	+0.795
96.900	+3.597e+02	+7.320e+03	+1.036e+04	+0.953
97.000	+2.004e+03	+8.666e+03	+9.408e+03	+0.812
97.100	+1.866e+03	+8.547e+03	+9.171e+03	+0.821
97.200	+2.046e+03	+8.196e+03	+9.780e+03	+0.800
97.300	+1.408e+03	+9.147e+03	+9.972e+03	+0.867
97.400	+1.587e+03	+7.741e+03	+1.026e+04	+0.830
97.500	+1.984e+03	+7.587e+03	+1.075e+04	+0.793
97.600	+2.939e+03	+8.565e+03	+1.130e+04	+0.745
97.700	+2.032e+03	+7.033e+03	+9.862e+03	+0.776
97.800	+1.393e+03	+8.485e+03	+1.015e+04	+0.859
97.900	+2.445e+03	+7.429e+03	+9.940e+03	+0.752
98.000	+2.195e+03	+6.705e+03	+9.360e+03	+0.753
98.100	+9.047e+02	+7.177e+03	+9.225e+03	+0.888
98.200	+8.912e+02	+7.735e+03	+9.444e+03	+0.897
98.300	+2.491e+03	+8.132e+03	+9.629e+03	+0.766
98.400	+9.142e+02	+8.875e+03	+1.072e+04	+0.907
98.500	+1.035e+03	+7.491e+03	+9.694e+03	+0.879
98.600	+2.515e+03	+8.539e+03	+9.759e+03	+0.772
98.700	+3.044e+03	+8.437e+03	+8.907e+03	+0.735
98.800	+6.289e+02	+9.240e+03	+1.030e+04	+0.936
98.900	+1.640e+03	+8.617e+03	+9.146e+03	+0.840
99.000	+1.120e+03	+7.800e+03	+1.124e+04	+0.874
99.100	+2.528e+03	+9.582e+03	+1.127e+04	+0.791
99.200	+1.128e+03	+7.362e+03	+9.890e+03	+0.867
99.300	+2.250e+03	+9.136e+03	+1.031e+04	+0.802
99.400	+3.053e+03	+7.729e+03	+9.968e+03	+0.717
99.500	+2.118e+03	+8.416e+03	+9.323e+03	+0.799
99.600	+1.163e+03	+7.848e+03	+1.129e+04	+0.871
99.700	+2.372e+03	+8.307e+03	+9.505e+03	+0.778
99.800	+1.503e+03	+7.795e+03	+8.724e+03	+0.838
99.900	+2.399e+03	+7.141e+03	+1.030e+04	+0.749
100.000	+9.489e+02	+6.248e+03	+9.910e+03	+0.868
100.100	+2.129e+03	+6.594e+03	+1.089e+04	+0.756
100.200	+2.135e+03	+8.086e+03	+1.036e+04	+0.791
100.300	+2.075e+03	+6.921e+03	+1.012e+04	+0.769
100.400	+8.559e+02	+8.563e+03	+1.016e+04	+0.909
100.500	+2.558e+03	+7.780e+03	+1.036e+04	+0.753
100.600	+1.490e+03	+8.924e+03	+1.046e+04	+0.857
100.700	+2.192e+03	+7.399e+03	+9.365e+03	+0.771
100.800	+3.060e+03	+7.979e+03	+9.985e+03	+0.723
100.900	+1.282e+03	+7.023e+03	+1.054e+04	+0.846
101.000	+1.931e+03	+9.093e+03	+9.483e+03	+0.825
101.100	+2.893e+03	+8.292e+03	+9.072e+03	+0.741
101.200	+7.631e+02	+7.883e+03	+9.969e+03	+0.912
101.300	+3.067e+03	+7.933e+03	+1.060e+04	+0.721
101.400	+1.603e+03	+8.158e+03	+1.060e+04	+0.836
101.500	+1.580e+03	+9.107e+03	+9.538e+03	+0.852
101.600	+1.486e+02	+6.544e+03	+1.026e+04	+0.978
101.700	+2.169e+03	+7.775e+03	+1.027e+04	+0.782
101.800	+1.641e+03	+7.114e+03	+1.094e+04	+0.813
101.900	+2.244e+03	+7.269e+03	+9.998e+03	+0.764
102.000	+1.478e+03	+7.505e+03	+9.565e+03	+0.836
102.100	+2.324e+03	+7.880e+03	+8.888e+03	+0.772
102.200	+1.374e+03	+9.010e+03	+9.703e+03	+0.868
102.300	+2.542e+03	+8.788e+03	+9.374e+03	+0.776
102.400	+1.920e+03	+7.693e+03	+1.040e+04	+0.800
102.500	+2.102e+03	+8.134e+03	+9.656e+03	+0.795
102.600	+1.449e+03	+7.074e+03	+9.471e+03	+0.830
102.700	+1.525e+03	+7.181e+03	+9.728e+03	+0.825
102.800	+1.079e+03	+7.927e+03	+9.845e+03	+0.880
102.900	+1.960e+03	+8.282e+03	+1.022e+04	+0.809
103.000	+3.702e+03	+8.352e+03	+1.088e+04	+0.693
103.100	+2.938e+03	+7.320e+03	+1.017e+04	+0.714
103.200	+1.709e+03	+7.311e+03	+9.561e+03	+0.811
103.300	+3.643e+03	+7.518e+03	+1.062e+04	+0.674
103.400	+2.076e+03	+8.051e+03	+9.758e+03	+0.795
103.500	+1.655e+03	+7.592e+03	+1.106e+04	+0.821
103.600	+9.121e+02	+9.081e+03	+1.002e+04	+0.909
103.700	+3.948e+03	+7.026e+03	+1.142e+04	+0.640
103.800	+2.689e+03	+7.005e+03	+1.060e+04	+0.723
103.900	+2.844e+03	+8.640e+03	+1.020e+04	+0.752
104.000	+1.116e+03	+8.550e+03	+1.052e+04	+0.885
104.100	+2.422e+03	+7.516e+03	+9.489e+03	+0.756
104.200	+1.664e+03	+7.608e+03	+1.102e+04	+0.820
104.300	+3.053e+03	+7.158e+03	+1.057e+04	+0.701
104.400	+2.609e+03	+7.565e+03	+9.257e+03	+0.744
104.500	+3.362e+03	+8.608e+03	+1.079e+04	+0.719
104.600	+2.117e+03	+7.733e+03	+1.030e+04	+0.785
104.700	+2.529e+03	+8.177e+03	+1.063e+04	+0.764
104.800	+1.947e+03	+8.522e+03	+1.021e+04	+0.814
104.900	+1.990e+03	+7.259e+03	+1.017e+04	+0.785
105.000	+1.902e+03	+6.791e+03	+9.191e+03	+0.781
105.100	+2.268e+03	+1.026e+04	+1.001e+04	+0.819
105.200	+7.948e+02	+8.587e+03	+9.269e+03	+0.915
105.300	+1.820e+03	+6.401e+03	+9.222e+03	+0.779
105.400	+7.829e+02	+8.916e+03	+1.022e+04	+0.919
105.500	+2.390e+03	+7.691e+03	+9.910e+03	+0.763
105.600	+2.342e+03	+8.569e+03	+9.327e+03	+0.785
105.700	+3.179e+03	+8.159e+03	+1.092e+04	+0.720
105.800	+2.352e+03	+7.728e+03	+1.022e+04	+0.767
105.900	+2.126e+03	+8.449e+03	+1.075e+04	+0.799
106.000	+2.615e+03	+8.279e+03	+1.046e+04	+0.760
106.100	+5.247e+03	+4.024e+03	+9.712e+03	+0.434
106.200	+5.796e+03	+2.424e+03	+9.722e+03	+0.295
106.300	+7.401e+03	+3.846e+03	+9.625e+03	+0.342
106.400	+1.957e+03	+7.081e+03	+1.010e+04	+0.783
106.500	+1.501e+03	+7.742e+03	+9.110e+03	+0.838
106.600	+2.468e+03	+7.810e+03	+8.645e+03	+0.760
106.700	+1.686e+03	+7.936e+03	+9.765e+03	+0.825
106.800	+1.611e+03	+8.536e+03	+9.793e+03	+0.841
106.900	+6.052e+02	+8.172e+03	+1.011e+04	+0.931
107.000	+2.366e+03	+7.298e+03	+9.654e+03	+0.755
107.100	+2.670e+03	+8.910e+03	+9.758e+03	+0.769
107.200	+2.762e+03	+7.878e+03	+1.028e+04	+0.740
107.300	-5.130e+00	+7.258e+03	+9.580e+03	+1.001
107.400	+6.507e+02	+7.940e+03	+9.450e+03	+0.924
107.500	+1.187e+03	+7.922e+03	+9.565e+03	+0.870
107.600	+2.315e+03	+7.850e+03	+8.668e+03	+0.772
107.700	+2.470e+03	+6.668e+03	+1.005e+04	+0.730
107.800	+2.997e+03	+7.611e+03	+9.601e+03	+0.717
107.900	+2.297e+03	+7.602e+03	+8.938e+03	+0.768
108.000	+2.203e+03	+8.287e+03	+1.087e+04	+0.790
108.100	+3.802e+03	+8.693e+03	+9.488e+03	+0.696
108.200	+1.081e+03	+8.273e+03	+1.113e+04	+0.884
108.300	+1.874e+03	+7.957e+03	+8.850e+03	+0.809
108.400	+1.231e+03	+8.251e+03	+1.025e+04	+0.870
108.500	+1.314e+03	+8.751e+03	+1.038e+04	+0.869
108.600	+2.545e+03	+8.019e+03	+8.752e+03	+0.759
108.700	+1.822e+03	+8.521e+03	+1.028e+04	+0.824
108.800	+1.907e+03	+7.207e+03	+1.030e+04	+0.791
108.900	+2.468e+03	+8.443e+03	+1.166e+04	+0.774
109.000	+3.017e+03	+7.465e+03	+1.129e+04	+0.712
109.100	+1.856e+03	+7.755e+03	+1.017e+04	+0.807
109.200	+1.503e+03	+8.629e+03	+1.023e+04	+0.852
109.300	+2.172e+03	+7.774e+03	+9.474e+03	+0.782
109.400	+2.051e+03	+8.539e+03	+1.036e+04	+0.806
109.500	+1.206e+03	+8.578e+03	+1.036e+04	+0.877
109.600	+8.833e+02	+9.097e+03	+1.103e+04	+0.912
109.700	+2.499e+03	+6.931e+03	+9.554e+03	+0.735
109.800	+1.683e+03	+8.038e+03	+1.106e+04	+0.827
109.900	+1.680e+03	+7.894e+03	+9.269e+03	+0.825
110.000	+1.972e+03	+7.960e+03	+9.575e+03	+0.801
110.100	+3.034e+03	+8.543e+03	+1.090e+04	+0.738
110.200	+2.723e+03	+7.490e+03	+1.062e+04	+0.733
110.300	+1.637e+03	+7.773e+03	+1.035e+04	+0.826
110.400	+1.276e+03	+6.813e+03	+9.654e+03	+0.842
110.500	+1.696e+03	+9.053e+03	+9.511e+03	+0.842
110.600	+1.498e+03	+8.248e+03	+9.654e+03	+0.846
110.700	+1.757e+03	+8.592e+03	+1.054e+04	+0.830
110.800	+8.543e+02	+8.204e+03	+9.181e+03	+0.906
110.900	+2.661e+03	+7.203e+03	+1.033e+04	+0.730
111.000	+2.075e+03	+7.636e+03	+1.002e+04	+0.786
111.100	+1.069e+03	+7.947e+03	+9.466e+03	+0.881
111.200	+1.250e+03	+8.675e+03	+1.050e+04	+0.874
111.300	+1.612e+03	+7.213e+03	+8.923e+03	+0.817
111.400	+2.384e+03	+8.144e+03	+1.114e+04	+0.774
111.500	+2.283e+03	+7.664e+03	+9.665e+03	+0.770
111.600	+2.187e+03	+6.846e+03	+1.072e+04	+0.758
111.700	+2.319e+03	+7.814e+03	+9.477e+03	+0.771
111.800	+7.719e+02	+8.005e+03	+9.077e+03	+0.912
111.900	+2.663e+03	+8.006e+03	+9.942e+03	+0.750
112.000	+1.316e+03	+7.549e+03	+9.824e+03	+0.852
112.100	+1.761e+03	+7.870e+03	+1.077e+04	+0.817
112.200	+1.954e+03	+8.511e+03	+8.904e+03	+0.813
112.300	+1.485e+03	+8.090e+03	+9.852e+03	+0.845
112.400	+1.808e+03	+8.275e+03	+9.799e+03	+0.821
112.500	+1.586e+03	+7.859e+03	+9.438e+03	+0.832
112.600	+1.273e+03	+7.886e+03	+9.842e+03	+0.861
112.700	+2.098e+03	+9.670e+03	+1.040e+04	+0.822
112.800	+2.298e+03	+7.303e+03	+1.073e+04	+0.761
112.900	+1.080e+03	+7.592e+03	+1.010e+04	+0.875
113.000	+1.586e+03	+7.594e+03	+9.438e+03	+0.827
113.100	+1.345e+03	+7.282e+03	+1.103e+04	+0.844
113.200	+2.145e+03	+7.588e+03	+1.012e+04	+0.780
113.300	+1.386e+03	+8.746e+03	+1.039e+04	+0.863
113.400	+1.453e+03	+9.135e+03	+9.320e+03	+0.863
113.500	+4.173e+03	+7.961e+03	+9.286e+03	+0.656
113.600	+1.773e+03	+7.899e+03	+9.699e+03	+0.817
113.700	+3.196e+03	+8.286e+03	+1.112e+04	+0.722
113.800	+1.490e+03	+7.760e+03	+9.844e+03	+0.839
113.900	+2.032e+03	+7.253e+03	+9.466e+03	+0.781
114.000	+1.689e+03	+8.640e+03	+1.071e+04	+0.836
114.100	+2.638e+03	+6.951e+03	+1.032e+04	+0.725
114.200	+2.885e+03	+9.080e+03	+8.766e+03	+0.759
114.300	+2.898e+03	+7.883e+03	+9.762e+03	+0.731
114.400	+6.726e+02	+8.501e+03	+8.873e+03	+0.927
114.500	+2.627e+03	+8.091e+03	+9.612e+03	+0.755
114.600	+1.009e+03	+6.816e+03	+9.251e+03	+0.871
114.700	+1.253e+03	+8.955e+03	+9.998e+03	+0.877
114.800	+2.549e+03	+7.252e+03	+1.049e+04	+0.740
114.900	+1.977e+03	+7.631e+03	+1.058e+04	+0.794
115.000	+2.771e+03	+7.665e+03	+9.804e+03	+0.734
115.100	+1.291e+03	+6.255e+03	+1.058e+04	+0.829
115.200	+1.485e+03	+8.429e+03	+1.027e+04	+0.850
115.300	+2.455e+03	+7.867e+03	+1.041e+04	+0.762
115.400	+1.378e+03	+8.134e+03	+1.105e+04	+0.855
115.500	+8.505e+02	+7.600e+03	+1.032e+04	+0.899
115.600	+2.493e+03	+8.385e+03	+9.190e+03	+0.771
115.700	+1.402e+03	+7.249e+03	+9.764e+03	+0.838
115.800	+3.251e+03	+5.452e+03	+9.953e+03	+0.626
115.900	+4.501e+03	+3.974e+03	+1.035e+04	+0.469
116.000	+4.590e+03	+5.048e+03	+9.627e+03	+0.524
116.100	+5.029e+03	+4.214e+03	+1.078e+04	+0.456
116.200	+5.985e+03	+3.926e+03	+1.034e+04	+0.396
116.300	+4.536e+03	+5.033e+03	+9.947e+03	+0.526
116.400	+4.502e+03	+5.142e+03	+9.953e+03	+0.533
116.500	+5.844e+03	+5.331e+03	+1.107e+04	+0.477
116.600	+4.146e+03	+5.040e+03	+9.777e+03	+0.549
116.700	+6.228e+03	+4.153e+03	+9.235e+03	+0.400
116.800	+4.244e+03	+6.098e+03	+9.883e+03	+0.590
116.900	+4.741e+03	+4.356e+03	+1.052e+04	+0.479
117.000	+4.651e+03	+5.266e+03	+9.092e+03	+0.531
117.100	+3.916e+03	+5.394e+03	+9.964e+03	+0.579
117.200	+6.279e+03	+4.589e+03	+1.004e+04	+0.422
117.300	+5.083e+03	+5.782e+03	+9.564e+03	+0.532
117.400	+5.594e+03	+5.767e+03	+9.836e+03	+0.508
117.500	+4.412e+03	+6.036e+03	+8.927e+03	+0.578
117.600	+4.705e+03	+5.069e+03	+1.081e+04	+0.519
117.700	+4.173e+03	+4.849e+03	+1.029e+04	+0.537
117.800	+6.318e+03	+6.416e+03	+1.179e+04	+0.504
117.900	+5.132e+03	+4.929e+03	+9.702e+03	+0.490
118.000	+3.878e+03	+4.736e+03	+9.644e+03	+0.550
118.100	+4.446e+03	+6.671e+03	+1.071e+04	+0.600
118.200	+4.963e+03	+4.097e+03	+1.050e+04	+0.452
118.300	+5.586e+03	+5.535e+03	+1.048e+04	+0.498
118.400	+5.187e+03	+4.336e+03	+9.518e+03	+0.455
118.500	+5.074e+03	+4.277e+03	+9.389e+03	+0.457
118.600	+4.582e+03	+6.287e+03	+1.053e+04	+0.578
118.700	+3.754e+03	+5.871e+03	+8.922e+03	+0.610
118.800	+4.779e+03	+5.088e+03	+1.018e+04	+0.516
118.900	+5.736e+03	+5.627e+03	+9.363e+03	+0.495
119.000	+5.572e+03	+5.354e+03	+1.094e+04	+0.490
119.100	+5.207e+03	+5.345e+03	+9.534e+03	+0.507
119.200	+5.211e+03	+4.394e+03	+1.017e+04	+0.457
119.300	+4.209e+03	+5.191e+03	+9.956e+03	+0.552
119.400	+4.530e+03	+5.507e+03	+1.043e+04	+0.549
119.500	+4.422e+03	+5.739e+03	+1.045e+04	+0.565
119.600	+5.963e+03	+4.898e+03	+1.097e+04	+0.451
119.700	+4.852e+03	+3.737e+03	+9.519e+03	+0.435
119.800	+5.721e+03	+5.719e+03	+1.005e+04	+0.500
119.900	+5.100e+03	+5.271e+03	+9.947e+03	+0.508
120.000	+3.926e+03	+5.809e+03	+1.107e+04	+0.597
120.100	+4.837e+03	+5.056e+03	+9.012e+03	+0.511
120.200	+5.041e+03	+5.015e+03	+1.012e+04	+0.499
120.300	+4.993e+03	+4.895e+03	+1.177e+04	+0.495
120.400	+6.620e+03	+4.367e+03	+9.735e+03	+0.397
120.500	+4.825e+03	+6.554e+03	+9.862e+03	+0.576
120.600	+4.200e+03	+5.280e+03	+9.017e+03	+0.557
120.700	+4.730e+03	+5.332e+03	+1.055e+04	+0.530
120.800	+5.902e+03	+5.138e+03	+9.418e+03	+0.465
120.900	+4.688e+03	+5.632e+03	+9.845e+03	+0.546
121.000	+4.433e+03	+3.973e+03	+1.037e+04	+0.473
121.100	+5.946e+03	+4.360e+03	+1.015e+04	+0.423
121.200	+4.000e+03	+5.354e+03	+9.607e+03	+0.572
121.300	+3.957e+03	+5.478e+03	+9.286e+03	+0.581
121.400	+5.999e+03	+5.842e+03	+1.063e+04	+0.493
121.500	+4.979e+03	+4.594e+03	+9.672e+03	+0.480
121.600	+5.246e+03	+5.319e+03	+8.996e+03	+0.503
121.700	+4.912e+03	+5.586e+03	+9.081e+03	+0.532
121.800	+3.965e+03	+4.468e+03	+1.046e+04	+0.530
121.900	+5.139e+03	+3.994e+03	+9.365e+03	+0.437
122.000	+4.225e+03	+5.042e+03	+1.010e+04	+0.544
122.100	+5.572e+03	+4.277e+03	+1.099e+04	+0.434
122.200	+5.505e+03	+6.717e+03	+1.217e+04	+0.550
122.300	+4.780e+03	+5.383e+03	+1.101e+04	+0.530
122.400	+5.628e+03	+5.059e+03	+1.109e+04	+0.473
122.500	+4.918e+03	+4.851e+03	+8.890e+03	+0.497
122.600	+4.845e+03	+4.501e+03	+1.069e+04	+0.482
122.700	+3.418e+03	+4.745e+03	+9.265e+03	+0.581
122.800	+5.619e+03	+4.702e+03	+8.563e+03	+0.456
122.900	+5.506e+03	+5.470e+03	+1.023e+04	+0.498
123.000	+7.134e+03	+5.338e+03	+9.817e+03	+0.428
123.100	+5.012e+03	+4.729e+03	+1.060e+04	+0.485
123.200	+6.635e+03	+5.524e+03	+1.010e+04	+0.454
123.300	+3.428e+03	+4.423e+03	+1.067e+04	+0.563
123.400	+5.483e+03	+5.224e+03	+1.083e+04	+0.488
123.500	+4.331e+03	+4.172e+03	+8.950e+03	+0.491
123.600	+6.114e+03	+4.706e+03	+1.066e+04	+0.435
123.700	+5.605e+03	+4.445e+03	+1.052e+04	+0.442
123.800	+5.788e+03	+5.481e+03	+1.070e+04	+0.486
123.900	+5.681e+03	+5.279e+03	+1.047e+04	+0.482
124.000	+6.009e+03	+5.370e+03	+8.924e+03	+0.472
124.100	+6.492e+03	+6.257e+03	+1.055e+04	+0.491
124.200	+5.837e+03	+4.202e+03	+9.743e+03	+0.419
124.300	+6.340e+03	+2.373e+03	+1.004e+04	+0.272
124.400	+6.489e+03	+2.375e+03	+1.041e+04	+0.268
124.500	+6.550e+03	+2.561e+03	+9.844e+03	+0.281
124.600	+8.006e+03	+2.520e+03	+9.875e+03	+0.239
124.700	+7.398e+03	+3.884e+03	+1.060e+04	+0.344
124.800	+8.345e+03	+2.731e+03	+1.048e+04	+0.247
124.900	+6.524e+03	+2.445e+03	+9.469e+03	+0.273
125.000	+7.200e+03	+3.730e+03	+9.183e+03	+0.341
125.100	+8.170e+03	+2.087e+03	+9.834e+03	+0.204
125.200	+8.047e+03	+3.616e+03	+1.011e+04	+0.310
125.300	+8.408e+03	+2.484e+03	+9.787e+03	+0.228
125.400	+6.930e+03	+2.638e+03	+8.900e+03	+0.276
125.500	+7.761e+03	+2.358e+03	+1.003e+04	+0.233
125.600	+7.230e+03	+3.134e+03	+1.066e+04	+0.302
125.700	+7.911e+03	+2.879e+03	+1.051e+04	+0.267
125.800	+8.333e+03	+2.970e+03	+1.027e+04	+0.263
125.900	+7.410e+03	+1.941e+03	+1.033e+04	+0.208
126.000	+7.907e+03	+4.374e+03	+9.300e+03	+0.356
126.100	+7.937e+03	+2.058e+03	+1.190e+04	+0.206
126.200	+7.587e+03	+3.306e+03	+9.893e+03	+0.304
126.300	+8.001e+03	+3.151e+03	+9.727e+03	+0.283
126.400	+7.340e+03	+4.030e+03	+1.024e+04	+0.354
126.500	+8.397e+03	+1.258e+03	+9.865e+03	+0.130
126.600	+7.540e+03	+3.285e+03	+1.066e+04	+0.303
126.700	+7.496e+03	+2.991e+03	+1.023e+04	+0.285
126.800	+7.291e+03	+1.866e+03	+1.085e+04	+0.204
126.900	+6.916e+03	+2.034e+03	+1.002e+04	+0.227
127.000	+7.802e+03	+2.589e+03	+8.763e+03	+0.249
127.100	+7.162e+03	+2.438e+03	+1.092e+04	+0.254
127.200	+7.085e+03	+2.745e+03	+1.011e+04	+0.279
127.300	+7.616e+03	+3.142e+03	+9.994e+03	+0.292
127.400	+7.864e+03	+2.932e+03	+1.030e+04	+0.272
127.500	+7.068e+03	+3.478e+03	+9.651e+03	+0.330
127.600	+6.955e+03	+3.191e+03	+1.087e+04	+0.315
127.700	+7.838e+03	+2.777e+03	+1.051e+04	+0.262
127.800	+7.193e+03	+1.412e+03	+1.014e+04	+0.164
127.900	+6.911e+03	+3.182e+03	+1.012e+04	+0.315
128.000	+8.137e+03	+3.139e+03	+9.750e+03	+0.278
128.100	+8.467e+03	+1.771e+03	+9.319e+03	+0.173
128.200	+8.682e+03	+3.112e+03	+9.628e+03	+0.264
128.300	+8.846e+03	+1.695e+03	+1.017e+04	+0.161
128.400	+6.848e+03	+3.107e+03	+8.910e+03	+0.312
128.500	+7.173e+03	+1.664e+03	+1.075e+04	+0.188
128.600	+7.875e+03	+2.545e+03	+1.017e+04	+0.244
128.700	+7.617e+03	+1.924e+03	+1.036e+04	+0.202
128.800	+8.283e+03	+2.796e+03	+9.644e+03	+0.252
128.900	+7.810e+03	+3.209e+03	+1.008e+04	+0.291
129.000	+8.531e+03	+3.504e+03	+1.041e+04	+0.291
129.100	+7.087e+03	+1.712e+03	+9.209e+03	+0.195
129.200	+8.027e+03	+2.733e+03	+8.909e+03	+0.254
129.300	+7.557e+03	+1.790e+03	+1.071e+04	+0.191
129.400	+6.803e+03	+2.924e+03	+1.067e+04	+0.301
129.500	+6.218e+03	+1.704e+03	+9.780e+03	+0.215
129.600	+7.862e+03	+2.026e+03	+1.005e+04	+0.205
129.700	+6.267e+03	+1.597e+03	+9.306e+03	+0.203
129.800	+7.996e+03	+3.142e+03	+1.059e+04	+0.282
129.900	+6.930e+03	+2.290e+03	+1.052e+04	+0.248
130.000	+7.186e+03	+2.516e+03	+1.018e+04	+0.259
130.100	+8.366e+03	+2.929e+03	+1.044e+04	+0.259
130.200	+7.057e+03	+3.219e+03	+1.016e+04	+0.313
130.300	+7.674e+03	+3.689e+03	+9.970e+03	+0.325
130.400	+7.775e+03	+2.631e+03	+9.868e+03	+0.253
130.500	+7.863e+03	+2.638e+03	+9.996e+03	+0.251
130.600	+8.694e+03	+3.999e+03	+9.738e+03	+0.315
130.700	+6.693e+03	+3.450e+03	+9.507e+03	+0.340
130.800	+7.836e+03	+2.813e+03	+1.032e+04	+0.264
130.900	+3.854e+03	+6.506e+03	+8.956e+03	+0.628
131.000	+2.131e+03	+9.036e+03	+7.946e+03	+0.809
131.100	+2.556e+03	+8.078e+03	+1.058e+04	+0.760
131.200	+1.057e+03	+6.729e+03	+9.320e+03	+0.864
131.300	+1.973e+03	+6.997e+03	+1.025e+04	+0.780
131.400	+9.584e+02	+8.574e+03	+1.063e+04	+0.899
131.500	+1.499e+03	+8.853e+03	+9.681e+03	+0.855
131.600	+1.641e+03	+7.699e+03	+1.039e+04	+0.824
131.700	+1.558e+03	+6.959e+03	+1.011e+04	+0.817
131.800	+2.407e+03	+7.088e+03	+1.073e+04	+0.746
131.900	+1.417e+03	+8.817e+03	+9.555e+03	+0.862
132.000	+1.115e+03	+7.862e+03	+9.726e+03	+0.876
132.100	+2.708e+03	+8.408e+03	+1.089e+04	+0.756
132.200	+1.327e+03	+8.938e+03	+1.056e+04	+0.871
132.300	+1.531e+03	+8.847e+03	+9.757e+03	+0.852
132.400	+2.171e+03	+7.394e+03	+1.060e+04	+0.773
132.500	+2.591e+03	+9.017e+03	+1.144e+04	+0.777
132.600	+1.806e+03	+7.125e+03	+1.096e+04	+0.798
132.700	+1.504e+03	+6.909e+03	+9.287e+03	+0.821
132.800	+1.887e+03	+7.851e+03	+1.034e+04	+0.806
132.900	+1.160e+03	+7.815e+03	+9.932e+03	+0.871
133.000	+1.845e+03	+7.806e+03	+1.116e+04	+0.809
133.100	+2.141e+03	+7.591e+03	+9.334e+03	+0.780
133.200	+3.327e+03	+8.539e+03	+1.029e+04	+0.720
133.300	+1.424e+03	+9.111e+03	+9.295e+03	+0.865
133.400	+1.565e+03	+7.121e+03	+9.024e+03	+0.820
133.500	+1.700e+03	+7.840e+03	+1.059e+04	+0.822
133.600	+2.651e+03	+7.021e+03	+9.979e+03	+0.726
133.700	+2.429e+03	+7.624e+03	+1.032e+04	+0.758
133.800	+3.114e+03	+8.179e+03	+9.527e+03	+0.724
133.900	+2.556e+03	+8.047e+03	+1.125e+04	+0.759
134.000	+2.514e+03	+8.316e+03	+1.081e+04	+0.768
134.100	+1.638e+03	+8.041e+03	+1.047e+04	+0.831
134.200	+1.657e+03	+7.197e+03	+1.030e+04	+0.813
134.300	+2.622e+03	+9.301e+03	+1.044e+04	+0.780
134.400	+2.285e+03	+7.019e+03	+9.144e+03	+0.754
134.500	+2.501e+03	+7.721e+03	+1.160e+04	+0.755
134.600	+2.290e+03	+7.350e+03	+1.040e+04	+0.762
134.700	+2.083e+03	+9.031e+03	+1.003e+04	+0.813
134.800	+1.431e+03	+8.284e+03	+9.253e+03	+0.853
134.900	+1.024e+03	+8.235e+03	+1.041e+04	+0.889
135.000	+1.415e+03	+7.664e+03	+9.355e+03	+0.844
135.100	+2.560e+03	+7.299e+03	+1.073e+04	+0.740
135.200	+2.560e+03	+6.575e+03	+1.110e+04	+0.720
135.300	+3.149e+03	+8.109e+03	+1.043e+04	+0.720
135.400	+2.931e+03	+7.289e+03	+1.066e+04	+0.713
135.500	+1.717e+03	+8.652e+03	+1.032e+04	+0.834
135.600	+6.666e+02	+8.652e+03	+1.163e+04	+0.928
135.700	+2.545e+03	+6.523e+03	+1.002e+04	+0.719
135.800	+5.161e+02	+7.457e+03	+9.834e+03	+0.935
135.900	+8.837e+02	+7.027e+03	+1.047e+04	+0.888
136.000	+1.168e+03	+8.682e+03	+1.089e+04	+0.881
136.100	+8.525e+02	+8.536e+03	+8.191e+03	+0.909
136.200	+2.867e+03	+5.989e+03	+1.014e+04	+0.676
136.300	+2.443e+03	+8.654e+03	+9.768e+03	+0.780
136.400	+2.364e+03	+8.344e+03	+9.963e+03	+0.779
136.500	+8.049e+02	+9.578e+03	+9.167e+03	+0.922
136.600	+1.478e+03	+6.655e+03	+1.040e+04	+0.818
136.700	+1.097e+02	+8.370e+03	+9.386e+03	+0.987
136.800	+1.942e+03	+8.112e+03	+1.004e+04	+0.807
136.900	+8.474e+02	+7.884e+03	+9.259e+03	+0.903
137.000	+2.213e+03	+7.268e+03	+1.035e+04	+0.767
137.100	+7.398e+02	+8.167e+03	+9.508e+03	+0.917
137.200	+2.083e+03	+8.372e+03	+9.999e+03	+0.801
137.300	+1.007e+03	+9.334e+03	+9.844e+03	+0.903
137.400	+2.592e+03	+6.989e+03	+9.649e+03	+0.729
137.500	+1.429e+03	+8.497e+03	+1.129e+04	+0.856
137.600	+4.730e+03	+5.645e+03	+1.051e+04	+0.544
137.700	+5.288e+03	+4.687e+03	+1.065e+04	+0.470
137.800	+4.395e+03	+4.521e+03	+1.018e+04	+0.507
137.900	+5.746e+03	+4.236e+03	+9.680e+03	+0.424
138.000	+4.817e+03	+4.410e+03	+1.066e+04	+0.478
138.100	+5.429e+03	+4.069e+03	+1.025e+04	+0.428
138.200	+5.689e+03	+6.131e+03	+1.088e+04	+0.519
138.300	+5.004e+03	+4.996e+03	+8.935e+03	+0.500
138.400	+4.206e+03	+5.095e+03	+1.034e+04	+0.548
138.500	+6.250e+03	+4.757e+03	+1.099e+04	+0.432
138.600	+4.595e+03	+3.896e+03	+1.007e+04	+0.459
138.700	+4.856e+03	+5.292e+03	+8.948e+03	+0.522
138.800	+5.846e+03	+5.349e+03	+8.653e+03	+0.478
138.900	+5.985e+03	+5.065e+03	+9.810e+03	+0.458
139.000	+4.805e+03	+3.592e+03	+1.025e+04	+0.428
139.100	+4.700e+03	+4.693e+03	+1.089e+04	+0.500
139.200	+6.368e+03	+4.059e+03	+9.877e+03	+0.389
139.300	+5.035e+03	+4.289e+03	+9.207e+03	+0.460
139.400	+6.265e+03	+4.791e+03	+9.519e+03	+0.433
139.500	+5.110e+03	+4.744e+03	+1.035e+04	+0.481
139.600	+5.087e+03	+4.961e+03	+1.071e+04	+0.494
139.700	+4.573e+03	+6.252e+03	+1.081e+04	+0.578
139.800	+4.708e+03	+4.864e+03	+9.590e+03	+0.508
139.900	+5.365e+03	+4.946e+03	+1.149e+04	+0.480
140.000	+5.571e+03	+4.492e+03	+1.089e+04	+0.446
140.100	+5.016e+03	+4.100e+03	+9.787e+03	+0.450
140.200	+5.140e+03	+4.970e+03	+9.678e+03	+0.492
140.300	+5.250e+03	+4.934e+03	+8.388e+03	+0.484
140.400	+5.148e+03	+4.993e+03	+1.022e+04	+0.492
140.500	+6.284e+03	+5.665e+03	+8.802e+03	+0.474
140.600	+5.290e+03	+5.010e+03	+9.707e+03	+0.486
140.700	+4.637e+03	+5.500e+03	+9.017e+03	+0.543
140.800	+6.013e+03	+5.350e+03	+9.048e+03	+0.471
140.900	+4.727e+03	+4.808e+03	+8.543e+03	+0.504
141.000	+3.937e+03	+5.516e+03	+1.066e+04	+0.583
141.100	+4.873e+03	+3.197e+03	+1.090e+04	+0.396
141.200	+4.327e+03	+4.483e+03	+9.453e+03	+0.509
141.300	+4.827e+03	+6.322e+03	+1.047e+04	+0.567
141.400	+6.323e+03	+4.785e+03	+1.013e+04	+0.431
141.500	+4.643e+03	+4.563e+03	+1.043e+04	+0.496
141.600	+4.681e+03	+5.368e+03	+1.052e+04	+0.534
141.700	+4.853e+03	+5.248e+03	+1.081e+04	+0.520
141.800	+4.296e+03	+5.227e+03	+1.053e+04	+0.549
141.900	+5.107e+03	+5.686e+03	+1.065e+04	+0.527
142.000	+5.559e+03	+5.446e+03	+8.731e+03	+0.495
142.100	+4.948e+03	+5.048e+03	+1.074e+04	+0.505
142.200	+5.804e+03	+5.263e+03	+9.422e+03	+0.476
142.300	+6.004e+03	+5.299e+03	+9.917e+03	+0.469
142.400	+3.101e+03	+4.792e+03	+1.030e+04	+0.607
142.500	+5.073e+03	+5.580e+03	+1.120e+04	+0.524
142.600	+3.541e+03	+6.239e+03	+9.832e+03	+0.638
142.700	+4.194e+03	+4.566e+03	+9.186e+03	+0.521
142.800	+4.919e+03	+3.810e+03	+9.389e+03	+0.436
142.900	+5.025e+03	+4.984e+03	+1.076e+04	+0.498
143.000	+5.315e+03	+4.739e+03	+1.043e+04	+0.471
143.100	+5.177e+03	+5.008e+03	+1.072e+04	+0.492
143.200	+5.605e+03	+4.843e+03	+9.997e+03	+0.464
143.300	+3.972e+03	+5.081e+03	+1.017e+04	+0.561
143.400	+4.416e+03	+4.913e+03	+9.515e+03	+0.527
143.500	+4.578e+03	+4.487e+03	+1.115e+04	+0.495
143.600	+3.929e+03	+3.197e+03	+9.722e+03	+0.449
143.700	+4.614e+03	+4.685e+03	+9.044e+03	+0.504
143.800	+4.376e+03	+4.457e+03	+1.077e+04	+0.505
143.900	+4.882e+03	+4.269e+03	+1.031e+04	+0.466
144.000	+3.059e+03	+5.780e+03	+1.009e+04	+0.654
144.100	+4.825e+03	+5.536e+03	+9.520e+03	+0.534
144.200	+5.180e+03	+5.347e+03	+9.436e+03	+0.508
144.300	+4.157e+03	+5.241e+03	+1.087e+04	+0.558
144.400	+5.137e+03	+4.107e+03	+8.617e+03	+0.444
144.500	+4.479e+03	+3.705e+03	+1.158e+04	+0.453
144.600	+5.089e+03	+6.104e+03	+1.052e+04	+0.545
144.700	+4.946e+03	+3.913e+03	+1.067e+04	+0.442
144.800	+5.165e+03	+5.119e+03	+9.157e+03	+0.498
144.900	+4.262e+03	+5.564e+03	+1.099e+04	+0.566
145.000	+4.746e+03	+4.674e+03	+9.736e+03	+0.496
145.100	+3.250e+03	+4.568e+03	+9.062e+03	+0.584
145.200	+4.082e+03	+5.206e+03	+9.984e+03	+0.561
145.300	+5.573e+03	+4.701e+03	+1.049e+04	+0.458
145.400	+4.849e+03	+3.052e+03	+9.101e+03	+0.386
145.500	+7.309e+03	+2.766e+03	+9.820e+03	+0.275
145.600	+7.119e+03	+3.253e+03	+1.028e+04	+0.314
145.700	+8.091e+03	+3.134e+03	+1.060e+04	+0.279
145.800	+8.247e+03	+3.657e+03	+9.630e+03	+0.307
145.900	+7.371e+03	+1.839e+03	+1.076e+04	+0.200
146.000	+8.260e+03	+2.603e+03	+9.950e+03	+0.240
146.100	+6.256e+03	+1.969e+03	+9.897e+03	+0.239
146.200	+6.775e+03	+3.750e+03	+8.582e+03	+0.356
146.300	+7.217e+03	+3.221e+03	+1.047e+04	+0.309
146.400	+7.417e+03	+2.174e+03	+9.667e+03	+0.227
146.500	+7.897e+03	+2.474e+03	+1.001e+04	+0.239
146.600	+8.187e+03	+2.376e+03	+1.135e+04	+0.225
146.700	+7.386e+03	+1.732e+03	+9.786e+03	+0.190
146.800	+6.951e+03	+1.541e+03	+1.027e+04	+0.181
146.900	+6.685e+03	+3.368e+03	+1.020e+04	+0.335
147.000	+7.370e+03	+3.490e+03	+1.055e+04	+0.321
147.100	+6.596e+03	+1.842e+03	+9.221e+03	+0.218
147.200	+7.247e+03	+3.058e+03	+9.313e+03	+0.297
147.300	+6.499e+03	+2.544e+03	+1.022e+04	+0.281
147.400	+7.168e+03	+2.334e+03	+1.017e+04	+0.246
147.500	+6.958e+03	+2.746e+03	+9.661e+03	+0.283
147.600	+6.578e+03	+1.497e+03	+1.056e+04	+0.185
147.700	+6.990e+03	+1.511e+03	+9.852e+03	+0.178
147.800	+6.888e+03	+1.167e+03	+1.002e+04	+0.145
147.900	+7.029e+03	+3.042e+03	+9.968e+03	+0.302
148.000	+6.547e+03	+1.317e+03	+1.050e+04	+0.168
148.100	+6.989e+03	+3.199e+03	+1.048e+04	+0.314
148.200	+6.649e+03	+2.066e+03	+1.066e+04	+0.237
148.300	+7.605e+03	+2.810e+03	+1.010e+04	+0.270
148.400	+7.390e+03	+2.107e+03	+9.985e+03	+0.222
148.500	+7.909e+03	+1.269e+03	+1.043e+04	+0.138
148.600	+7.856e+03	+1.341e+03	+1.012e+04	+0.146
148.700	+7.513e+03	+2.875e+03	+1.008e+04	+0.277
148.800	+7.541e+03	+2.615e+03	+8.457e+03	+0.257
148.900	+7.127e+03	+2.503e+03	+8.709e+03	+0.260
149.000	+7.954e+03	+2.802e+03	+9.567e+03	+0.260
149.100	+8.295e+03	+2.006e+03	+9.259e+03	+0.195
149.200	+6.233e+03	+2.343e+03	+8.264e+03	+0.273
149.300	+7.877e+03	+1.371e+03	+1.093e+04	+0.148
149.400	+7.163e+03	+7.452e+02	+1.011e+04	+0.094
149.500	+7.791e+03	+2.150e+03	+1.002e+04	+0.216
149.600	+6.262e+03	+2.828e+03	+1.077e+04	+0.311
149.700	+8.355e+03	+1.851e+03	+9.778e+03	+0.181
149.800	+7.193e+03	+6.448e+02	+1.004e+04	+0.082
149.900	+6.848e+03	+2.210e+03	+8.049e+03	+0.244
150.000	+7.658e+03	+2.289e+03	+1.024e+04	+0.230
150.100	+7.610e+03	+3.672e+03	+9.971e+03	+0.326
150.200	+7.087e+03	+1.904e+03	+1.004e+04	+0.212
150.300	+6.805e+03	+1.570e+03	+8.953e+03	+0.187
150.400	+6.867e+03	+9.061e+01	+9.434e+03	+0.013
150.500	+6.174e+03	+1.606e+03	+9.903e+03	+0.206
150.600	+8.759e+03	+1.920e+03	+9.420e+03	+0.180
150.700	+8.125e+03	+2.706e+03	+8.349e+03	+0.250
150.800	+7.996e+03	+2.747e+03	+9.060e+03	+0.256
150.900	+7.362e+03	+2.397e+03	+1.013e+04	+0.246
151.000	+8.088e+03	+2.153e+03	+1.025e+04	+0.210
151.100	+7.641e+03	+2.725e+03	+9.523e+03	+0.263
151.200	+8.136e+03	+3.094e+03	+9.383e+03	+0.276
151.300	+7.728e+03	+2.195e+03	+9.095e+03	+0.221
151.400	+8.504e+03	+2.375e+03	+1.108e+04	+0.218
151.500	+6.799e+03	+3.020e+03	+9.541e+03	+0.308
151.600	+7.895e+03	+2.670e+03	+9.381e+03	+0.253
151.700	+8.036e+03	+1.480e+03	+9.273e+03	+0.156
151.800	+8.470e+03	+2.694e+03	+9.308e+03	+0.241
151.900	+7.362e+03	+2.268e+03	+9.997e+03	+0.235
152.000	+8.118e+03	+3.166e+03	+1.007e+04	+0.281
152.100	+8.126e+03	+1.106e+03	+1.100e+04	+0.120
152.200	+7.047e+03	+3.227e+03	+1.039e+04	+0.314
152.300	+6.871e+03	+2.423e+03	+9.907e+03	+0.261
152.400	+7.548e+03	+2.848e+03	+9.812e+03	+0.274
152.500	+6.914e+03	-6.017e+01	+9.982e+03	-0.009
152.600	+6.718e+03	+2.509e+03	+9.752e+03	+0.272
152.700	+8.497e+03	+3.525e+03	+9.761e+03	+0.293
152.800	+7.743e+03	+1.546e+03	+1.016e+04	+0.166
152.900	+8.217e+03	+2.756e+03	+9.212e+03	+0.251
153.000	+7.359e+03	+3.361e+03	+1.025e+04	+0.314
153.100	+7.796e+03	+2.610e+03	+1.035e+04	+0.251
153.200	+7.682e+03	+1.876e+03	+1.123e+04	+0.196
153.300	+8.134e+03	+2.390e+03	+9.987e+03	+0.227
153.400	+7.320e+03	+2.254e+03	+1.044e+04	+0.235
153.500	+7.759e+03	+2.752e+03	+8.984e+03	+0.262
153.600	+7.257e+03	+2.555e+03	+1.081e+04	+0.260
153.700	+7.951e+03	+2.188e+03	+1.022e+04	+0.216
153.800	+7.107e+03	+2.359e+03	+1.020e+04	+0.249
153.900	+7.051e+03	+3.731e+03	+1.103e+04	+0.346
154.000	+7.637e+03	+1.946e+03	+9.336e+03	+0.203
154.100	+7.165e+03	+2.466e+03	+1.071e+04	+0.256
154.200	+7.410e+03	+2.028e+03	+1.076e+04	+0.215
154.300	+7.753e+03	+2.318e+03	+9.414e+03	+0.230
154.400	+7.523e+03	+2.166e+03	+1.014e+04	+0.224
154.500	+7.741e+03	+2.413e+03	+9.644e+03	+0.238
154.600	+7.882e+03	+2.674e+03	+9.718e+03	+0.253
154.700	+6.974e+03	+3.923e+03	+9.498e+03	+0.360
154.800	+7.981e+03	+1.366e+03	+1.012e+04	+0.146
154.900	+7.067e+03	+1.922e+03	+1.039e+04	+0.214
155.000	+9.103e+03	+2.047e+03	+9.521e+03	+0.184
155.100	+5.799e+03	+3.256e+03	+9.648e+03	+0.360
155.200	+8.484e+03	+1.274e+03	+9.703e+03	+0.131
155.300	+7.045e+03	+1.700e+03	+1.119e+04	+0.194
155.400	+7.245e+03	+3.675e+03	+1.015e+04	+0.337
155.500	+7.388e+03	+2.693e+03	+1.006e+04	+0.267
155.600	+6.578e+03	+2.611e+03	+9.239e+03	+0.284
155.700	+7.623e+03	+2.525e+03	+9.437e+03	+0.249
155.800	+6.164e+03	+2.979e+03	+1.006e+04	+0.326
155.900	+8.197e+03	+1.923e+03	+9.784e+03	+0.190
156.000	+8.575e+03	+2.300e+03	+1.016e+04	+0.211
156.100	+7.009e+03	+2.210e+03	+9.172e+03	+0.240
156.200	+6.454e+03	+2.100e+03	+1.037e+04	+0.246
156.300	+7.977e+03	+2.190e+03	+8.948e+03	+0.215
156.400	+8.075e+03	+3.383e+03	+1.133e+04	+0.295
156.500	+6.916e+03	+2.342e+03	+9.892e+03	+0.253
156.600	+7.183e+03	+1.614e+03	+1.014e+04	+0.183
156.700	+7.842e+03	+2.858e+03	+9.838e+03	+0.267
156.800	+6.732e+03	+3.151e+03	+1.034e+04	+0.319
156.900	+7.541e+03	+2.618e+03	+1.019e+04	+0.258
157.000	+6.525e+03	+1.702e+03	+9.415e+03	+0.207
157.100	+8.181e+03	+1.762e+03	+9.423e+03	+0.177
157.200	+6.629e+03	+3.020e+03	+1.037e+04	+0.313
157.300	+8.220e+03	+2.327e+03	+1.178e+04	+0.221
157.400	+8.096e+03	+3.349e+03	+1.081e+04	+0.293
157.500	+9.161e+03	+2.971e+03	+9.144e+03	+0.245
157.600	+7.501e+03	+2.730e+03	+8.531e+03	+0.267
157.700	+7.030e+03	+2.495e+03	+1.048e+04	+0.262
157.800	+7.335e+03	+1.496e+03	+9.326e+03	+0.169
157.900	+8.128e+03	+1.120e+03	+9.034e+03	+0.121
158.000	+7.825e+03	+2.768e+03	+1.084e+04	+0.261
158.100	+6.248e+03	+1.277e+03	+1.032e+04	+0.170
158.200	+7.252e+03	+2.113e+03	+9.930e+03	+0.226
158.300	+7.180e+03	+3.765e+03	+1.031e+04	+0.344
158.400	+6.910e+03	+3.321e+03	+1.109e+04	+0.325
158.500	+7.340e+03	+2.815e+03	+9.570e+03	+0.277
158.600	+8.190e+03	+2.004e+03	+7.462e+03	+0.197
158.700	+7.959e+03	+2.635e+03	+9.711e+03	+0.249
158.800	+7.179e+03	+2.617e+03	+1.003e+04	+0.267
158.900	+7.696e+03	+2.691e+03	+1.051e+04	+0.259
159.000	+8.195e+03	+3.089e+03	+9.328e+03	+0.274
159.100	+7.711e+03	+2.556e+03	+8.456e+03	+0.249
159.200	+6.373e+03	+3.231e+03	+1.106e+04	+0.336
159.300	+7.583e+03	+2.034e+03	+1.031e+04	+0.212
159.400	+7.045e+03	+1.215e+03	+1.022e+04	+0.147
159.500	+7.495e+03	+2.960e+03	+9.667e+03	+0.283
159.600	+8.348e+03	+2.710e+03	+1.032e+04	+0.245
159.700	+6.935e+03	+3.156e+03	+1.046e+04	+0.313
159.800	+7.689e+03	+1.489e+03	+9.830e+03	+0.162
159.900	+6.763e+03	+2.221e+03	+9.723e+03	+0.247
160.000	+7.088e+03	+3.614e+03	+8.762e+03	+0.338
160.100	+7.950e+03	+2.970e+03	+9.463e+03	+0.272
160.200	+7.385e+03	+2.578e+03	+1.010e+04	+0.259
160.300	+6.349e+03	+2.283e+03	+1.015e+04	+0.264
160.400	+6.344e+03	+3.262e+03	+8.641e+03	+0.340
160.500	+7.612e+03	+2.213e+03	+1.004e+04	+0.225
160.600	+8.548e+03	+2.970e+03	+1.067e+04	+0.258
160.700	+7.455e+03	+2.436e+03	+1.027e+04	+0.246
160.800	+7.612e+03	+2.553e+03	+8.953e+03	+0.251
160.900	+7.910e+03	+3.409e+03	+9.805e+03	+0.301
161.000	+3.570e+03	+7.000e+03	+1.066e+04	+0.662
161.100	+5.644e+02	+8.427e+03	+1.122e+04	+0.937
161.200	+3.276e+03	+8.659e+03	+1.031e+04	+0.726
161.300	+7.131e+02	+9.445e+03	+9.755e+03	+0.930
161.400	+1.466e+03	+7.784e+03	+9.266e+03	+0.842
161.500	+2.558e+03	+9.099e+03	+8.887e+03	+0.781
161.600	+2.136e+03	+7.195e+03	+8.813e+03	+0.771
161.700	+2.235e+03	+8.752e+03	+1.060e+04	+0.797
161.800	+2.469e+03	+8.551e+03	+9.323e+03	+0.776
161.900	+2.360e+03	+8.041e+03	+9.820e+03	+0.773
162.000	+2.829e+03	+7.295e+03	+1.026e+04	+0.721
162.100	+2.176e+03	+7.686e+03	+1.082e+04	+0.779
162.200	+1.793e+03	+8.127e+03	+1.088e+04	+0.819
162.300	+1.352e+03	+8.653e+03	+1.111e+04	+0.865
162.400	+2.377e+03	+8.147e+03	+1.004e+04	+0.774
162.500	+3.768e+03	+6.749e+03	+1.030e+04	+0.642
162.600	+2.140e+03	+7.470e+03	+9.548e+03	+0.777
162.700	+1.634e+03	+8.625e+03	+9.485e+03	+0.841
162.800	+2.894e+03	+7.755e+03	+8.666e+03	+0.728
162.900	+1.607e+03	+8.184e+03	+1.072e+04	+0.836
163.000	+1.281e+03	+8.133e+03	+1.065e+04	+0.864
163.100	+2.026e+03	+8.536e+03	+1.111e+04	+0.808
163.200	+2.793e+03	+7.609e+03	+1.080e+04	+0.731
163.300	+2.179e+03	+9.046e+03	+9.198e+03	+0.806
163.400	+1.188e+03	+8.229e+03	+1.022e+04	+0.874
163.500	+1.049e+03	+7.925e+03	+1.034e+04	+0.883
163.600	+1.228e+03	+8.197e+03	+9.698e+03	+0.870
163.700	+1.181e+03	+8.371e+03	+9.571e+03	+0.876
163.800	+1.396e+03	+6.983e+03	+9.750e+03	+0.833
163.900	+1.430e+03	+8.467e+03	+9.993e+03	+0.856
164.000	+1.150e+03	+8.338e+03	+9.991e+03	+0.879
164.100	+4.058e+03	+8.800e+03	+1.026e+04	+0.684
164.200	+2.330e+03	+7.490e+03	+9.597e+03	+0.763
164.300	+2.363e+03	+9.145e+03	+1.014e+04	+0.795
164.400	+1.529e+03	+6.988e+03	+1.049e+04	+0.820
164.500	+2.563e+03	+8.125e+03	+1.039e+04	+0.760
164.600	+2.436e+03	+6.987e+03	+1.053e+04	+0.741
164.700	+1.584e+03	+7.947e+03	+1.080e+04	+0.834
164.800	+1.418e+03	+8.967e+03	+9.254e+03	+0.863
164.900	+2.817e+03	+7.748e+03	+1.027e+04	+0.733
165.000	+1.056e+03	+8.737e+03	+9.982e+03	+0.892
165.100	+2.600e+03	+7.100e+03	+9.983e+03	+0.732
165.200	+1.870e+03	+8.390e+03	+9.855e+03	+0.818
165.300	+1.951e+03	+6.662e+03	+9.491e+03	+0.774
165.400	+1.984e+03	+6.976e+03	+9.774e+03	+0.779
165.500	+1.122e+03	+9.513e+03	+9.943e+03	+0.895
165.600	+3.719e+03	+7.874e+03	+9.394e+03	+0.679
165.700	+2.979e+03	+8.412e+03	+1.019e+04	+0.738
165.800	+1.991e+03	+8.249e+03	+1.033e+04	+0.806
165.900	+2.465e+03	+8.416e+03	+9.479e+03	+0.773
166.000	+1.043e+03	+7.470e+03	+9.591e+03	+0.878
166.100	+1.750e+03	+7.838e+03	+9.046e+03	+0.817
166.200	+2.465e+03	+8.426e+03	+1.100e+04	+0.774
166.300	+1.621e+03	+7.696e+03	+1.047e+04	+0.826
166.400	+1.279e+03	+8.290e+03	+9.846e+03	+0.866
166.500	+4.073e+03	+3.591e+03	+9.916e+03	+0.469
166.600	+4.886e+03	+5.324e+03	+1.081e+04	+0.521
166.700	+5.060e+03	+4.515e+03	+1.038e+04	+0.472
166.800	+3.772e+03	+5.136e+03	+1.055e+04	+0.577
166.900	+6.098e+03	+5.364e+03	+1.040e+04	+0.468
167.000	+5.831e+03	+4.755e+03	+1.058e+04	+0.449
167.100	+5.254e+03	+5.188e+03	+1.149e+04	+0.497
167.200	+5.434e+03	+5.479e+03	+1.078e+04	+0.502
167.300	+4.294e+03	+5.822e+03	+1.002e+04	+0.576
167.400	+5.030e+03	+4.399e+03	+1.023e+04	+0.467
167.500	+4.741e+03	+3.937e+03	+1.044e+04	+0.454
167.600	+5.049e+03	+4.866e+03	+1.009e+04	+0.491
167.700	+5.290e+03	+4.840e+03	+1.023e+04	+0.478
167.800	+4.962e+03	+5.508e+03	+9.396e+03	+0.526
167.900	+4.398e+03	+4.508e+03	+1.099e+04	+0.506
168.000	+6.286e+03	+4.117e+03	+1.053e+04	+0.396
168.100	+6.286e+03	+4.313e+03	+1.090e+04	+0.407
168.200	+8.274e+03	+3.651e+03	+9.189e+03	+0.306
168.300	+8.051e+03	+1.310e+03	+9.649e+03	+0.140
168.400	+7.037e+03	+2.969e+03	+1.084e+04	+0.297
168.500	+8.866e+03	+3.293e+03	+1.001e+04	+0.271
168.600	+6.955e+03	+2.778e+03	+9.153e+03	+0.285
168.700	+7.780e+03	+2.509e+03	+1.077e+04	+0.244
168.800	+7.197e+03	+2.633e+03	+1.009e+04	+0.268
168.900	+7.200e+03	+2.208e+03	+1.048e+04	+0.235
169.000	+7.982e+03	+2.810e+03	+8.883e+03	+0.260
169.100	+6.754e+03	+3.711e+03	+1.001e+04	+0.355
169.200	+6.581e+03	+2.580e+03	+1.009e+04	+0.282
169.300	+7.654e+03	+2.009e+03	+1.108e+04	+0.208
169.400	+7.329e+03	+2.454e+03	+9.352e+03	+0.251
169.500	+7.433e+03	+2.389e+03	+1.043e+04	+0.243
169.600	+6.606e+03	+3.572e+03	+1.021e+04	+0.351
169.700	+7.688e+03	+2.135e+03	+1.057e+04	+0.217
169.800	+7.219e+03	+2.788e+03	+9.582e+03	+0.279
169.900	+8.374e+03	+2.796e+03	+9.726e+03	+0.250
170.000	+6.527e+03	+2.658e+03	+9.585e+03	+0.289
170.100	+7.373e+03	+2.628e+03	+9.431e+03	+0.263
170.200	+6.296e+03	+4.360e+03	+1.080e+04	+0.409
170.300	+7.956e+03	+2.251e+03	+1.082e+04	+0.221
170.400	+6.879e+03	+3.274e+03	+9.859e+03	+0.322
170.500	+7.265e+03	+3.059e+03	+8.735e+03	+0.296
170.600	+6.094e+03	+2.411e+03	+1.014e+04	+0.283
170.700	+9.082e+03	+1.718e+03	+1.062e+04	+0.159
170.800	+7.213e+03	+1.424e+03	+9.905e+03	+0.165
170.900	+7.755e+03	+2.281e+03	+9.685e+03	+0.227
171.000	+7.118e+03	+1.696e+03	+9.962e+03	+0.192
171.100	+8.801e+03	+2.674e+03	+1.066e+04	+0.233
171.200	+7.891e+03	+2.934e+03	+9.988e+03	+0.271
171.300	+6.425e+03	+1.586e+03	+9.662e+03	+0.198
171.400	+5.990e+03	+2.754e+03	+9.433e+03	+0.315
171.500	+7.962e+03	+2.045e+03	+9.823e+03	+0.204
171.600	+7.093e+03	+1.290e+03	+9.130e+03	+0.154
171.700	+8.090e+03	+2.854e+03	+9.194e+03	+0.261
171.800	+7.650e+03	+1.954e+03	+9.906e+03	+0.203
171.900	+7.601e+03	+3.211e+03	+1.053e+04	+0.297
172.000	+6.719e+03	+2.632e+03	+9.567e+03	+0.281
172.100	+8.750e+03	+3.186e+03	+9.079e+03	+0.267
172.200	+7.387e+03	+3.003e+03	+1.070e+04	+0.289
172.300	+7.766e+03	+1.644e+03	+1.111e+04	+0.175
172.400	+6.653e+03	+2.518e+03	+1.042e+04	+0.275
172.500	+6.345e+03	+3.076e+03	+1.069e+04	+0.326
172.600	+9.603e+03	+1.874e+03	+1.107e+04	+0.163
172.700	+7.542e+03	+2.107e+03	+1.047e+04	+0.218
172.800	+7.781e+03	+1.815e+03	+1.037e+04	+0.189
172.900	+7.564e+03	+2.920e+03	+1.070e+04	+0.278
173.000	+7.038e+03	+1.707e+03	+9.364e+03	+0.195
173.100	+6.415e+03	+1.506e+03	+1.029e+04	+0.190
173.200	+7.554e+03	+2.691e+03	+9.593e+03	+0.263
173.300	+7.088e+03	+2.803e+03	+9.414e+03	+0.283
173.400	+6.994e+03	+2.769e+03	+1.014e+04	+0.284
173.500	+7.063e+03	+4.045e+03	+1.104e+04	+0.364
173.600	+6.880e+03	+3.337e+03	+1.005e+04	+0.327
173.700	+7.348e+03	+2.527e+03	+1.069e+04	+0.256
173.800	+8.436e+03	+1.638e+03	+1.014e+04	+0.163
173.900	+7.240e+03	+1.899e+03	+9.471e+03	+0.208
174.000	+8.631e+03	+3.557e+03	+8.905e+03	+0.292
174.100	+7.093e+03	+2.650e+03	+9.834e+03	+0.272
174.200	+7.007e+03	+1.790e+03	+1.063e+04	+0.204
174.300	+6.727e+03	+3.821e+03	+1.026e+04	+0.362
174.400	+8.612e+03	+3.049e+03	+1.026e+04	+0.261
174.500	+8.437e+03	+2.273e+03	+9.260e+03	+0.212
174.600	+8.249e+03	+3.099e+03	+9.028e+03	+0.273
174.700	+7.725e+03	+2.368e+03	+1.026e+04	+0.235
174.800	+6.843e+03	+2.259e+03	+9.185e+03	+0.248
174.900	+8.008e+03	+1.664e+03	+1.008e+04	+0.172
175.000	+7.984e+03	+2.879e+03	+1.055e+04	+0.265
175.100	+7.831e+03	+2.643e+03	+1.041e+04	+0.252
175.200	+7.831e+03	+1.156e+03	+9.583e+03	+0.129
175.300	+6.441e+03	+1.858e+03	+9.769e+03	+0.224
175.400	+6.878e+03	+2.599e+03	+1.062e+04	+0.274
175.500	+7.534e+03	+1.529e+03	+8.464e+03	+0.169
175.600	+7.116e+03	+2.115e+03	+1.023e+04	+0.229
175.700	+4.397e+03	+4.238e+03	+1.130e+04	+0.491
175.800	+6.220e+03	+4.722e+03	+1.017e+04	+0.432
175.900	+3.990e+03	+6.218e+03	+1.023e+04	+0.609
176.000	+3.919e+03	+5.450e+03	+1.076e+04	+0.582
176.100	+4.350e+03	+3.939e+03	+1.094e+04	+0.475
176.200	+4.316e+03	+5.552e+03	+1.056e+04	+0.563
176.300	+5.188e+03	+5.694e+03	+1.104e+04	+0.523
176.400	+6.209e+03	+5.315e+03	+9.034e+03	+0.461
176.500	+4.315e+03	+4.647e+03	+1.038e+04	+0.518
176.600	+3.937e+03	+5.180e+03	+8.889e+03	+0.568
176.700	+3.618e+03	+5.451e+03	+9.817e+03	+0.601
176.800	+3.944e+03	+5.283e+03	+1.145e+04	+0.573
176.900	+5.274e+03	+5.760e+03	+1.134e+04	+0.522
177.000	+4.293e+03	+5.720e+03	+1.031e+04	+0.571
177.100	+5.256e+03	+4.565e+03	+9.805e+03	+0.465
177.200	+4.731e+03	+4.914e+03	+1.125e+04	+0.510
177.300	+6.881e+03	+3.334e+03	+9.872e+03	+0.326
177.400	+7.154e+03	+1.750e+03	+8.810e+03	+0.197
177.500	+7.670e+03	+1.990e+03	+1.049e+04	+0.206
177.600	+6.451e+03	+1.915e+03	+8.971e+03	+0.229
177.700	+7.630e+03	+2.325e+03	+1.026e+04	+0.234
177.800	+7.333e+03	+4.077e+03	+9.476e+03	+0.357
177.900	+7.162e+03	+2.402e+03	+1.046e+04	+0.251
178.000	+7.831e+03	+1.073e+03	+9.911e+03	+0.121
178.100	+7.895e+03	+2.456e+03	+9.635e+03	+0.237
178.200	+7.439e+03	+2.277e+03	+9.399e+03	+0.234
178.300	+7.171e+03	+2.516e+03	+9.956e+03	+0.260
178.400	+8.065e+03	+2.595e+03	+1.152e+04	+0.243
178.500	+6.460e+03	+2.925e+03	+1.006e+04	+0.312
178.600	+6.810e+03	+1.881e+03	+1.089e+04	+0.216
178.700	+9.441e+03	+2.685e+03	+1.051e+04	+0.221
178.800	+6.149e+03	+1.893e+03	+1.083e+04	+0.235
178.900	+7.597e+03	+1.941e+03	+1.028e+04	+0.203
179.000	+7.739e+03	+2.003e+03	+1.056e+04	+0.206
179.100	+7.570e+03	+3.189e+03	+1.174e+04	+0.296
179.200	+7.264e+03	+2.097e+03	+9.942e+03	+0.224
179.300	+7.275e+03	+1.268e+03	+9.007e+03	+0.148
179.400	+7.178e+03	+2.370e+03	+9.942e+03	+0.248
179.500	+7.931e+03	+3.151e+03	+9.713e+03	+0.284
179.600	+7.997e+03	+1.883e+03	+9.133e+03	+0.191
179.700	+8.525e+03	+2.233e+03	+1.035e+04	+0.208
179.800	+7.071e+03	+1.917e+03	+1.031e+04	+0.213
179.900	+6.481e+03	+2.193e+03	+9.257e+03	+0.253
180.000	+6.977e+03	+1.926e+03	+1.032e+04	+0.216
180.100	+7.301e+03	+1.342e+03	+1.005e+04	+0.155
180.200	+9.061e+03	+3.222e+03	+1.213e+04	+0.262
180.300	+7.292e+03	+2.554e+03	+1.146e+04	+0.259
180.400	+7.164e+03	+3.090e+03	+9.827e+03	+0.301
180.500	+7.841e+03	+2.241e+03	+9.724e+03	+0.222
180.600	+8.763e+03	+2.724e+03	+9.700e+03	+0.237
180.700	+8.388e+03	+2.413e+03	+1.115e+04	+0.223
180.800	+6.748e+03	+2.759e+03	+9.049e+03	+0.290
180.900	+7.032e+03	+2.749e+03	+9.738e+03	+0.281
181.000	+7.436e+03	+3.486e+03	+9.869e+03	+0.319
181.100	+7.149e+03	+3.039e+03	+9.391e+03	+0.298
181.200	+7.148e+03	+1.938e+03	+1.012e+04	+0.213
181.300	+6.631e+03	+1.151e+03	+9.182e+03	+0.148
181.400	+7.004e+03	+2.288e+03	+1.078e+04	+0.246
181.500	+7.452e+03	+1.339e+03	+1.077e+04	+0.152
181.600	+7.499e+03	+3.182e+03	+9.851e+03	+0.298
181.700	+6.531e+03	+2.386e+03	+9.570e+03	+0.268
181.800	+8.286e+03	+3.466e+03	+1.108e+04	+0.295
181.900	+6.757e+03	+2.835e+03	+9.728e+03	+0.296
182.000	+7.275e+03	+3.741e+03	+9.655e+03	+0.340
182.100	+7.809e+03	+2.642e+03	+8.967e+03	+0.253
182.200	+5.990e+03	+4.006e+03	+8.754e+03	+0.401
182.300	+6.734e+03	+3.032e+03	+1.067e+04	+0.310
182.400	+7.013e+03	+2.124e+03	+1.036e+04	+0.232
182.500	+7.451e+03	+1.809e+03	+8.918e+03	+0.195
182.600	+8.959e+03	+2.793e+03	+1.019e+04	+0.238
182.700	+8.127e+03	+3.377e+03	+9.650e+03	+0.294
182.800	+8.742e+03	+2.575e+03	+9.435e+03	+0.228
182.900	+8.140e+03	+3.177e+03	+1.094e+04	+0.281
183.000	+6.807e+03	+3.075e+03	+1.016e+04	+0.311
183.100	+6.617e+03	+3.308e+03	+1.000e+04	+0.333
183.200	+6.680e+03	+3.583e+03	+1.019e+04	+0.349
183.300	+8.444e+03	+2.718e+03	+8.690e+03	+0.244
183.400	+6.468e+03	+2.335e+03	+9.086e+03	+0.265
183.500	+7.293e+03	+3.272e+03	+1.008e+04	+0.310
183.600	+7.122e+03	+1.960e+03	+1.070e+04	+0.216
183.700	+7.472e+03	+2.071e+03	+9.831e+03	+0.217
183.800	+7.705e+03	+2.965e+03	+9.206e+03	+0.278
183.900	+6.989e+03	+1.927e+03	+1.040e+04	+0.216
184.000	+6.787e+03	+2.456e+03	+9.895e+03	+0.266
184.100	+8.201e+03	+2.234e+03	+1.086e+04	+0.214
184.200	+6.201e+03	+3.179e+03	+9.788e+03	+0.339
184.300	+6.770e+03	+1.707e+03	+1.088e+04	+0.201
184.400	+5.856e+03	+3.208e+03	+1.015e+04	+0.354
184.500	+5.346e+03	+4.431e+03	+9.200e+03	+0.453
184.600	+4.652e+03	+4.556e+03	+8.973e+03	+0.495
184.700	+4.173e+03	+5.217e+03	+9.891e+03	+0.556
184.800	+3.392e+03	+4.495e+03	+9.669e+03	+0.570
184.900	+5.672e+03	+5.033e+03	+9.715e+03	+0.470
185.000	+4.895e+03	+3.988e+03	+8.299e+03	+0.449
185.100	+4.683e+03	+4.693e+03	+9.358e+03	+0.501
185.200	+4.929e+03	+4.136e+03	+9.134e+03	+0.456
185.300	+4.388e+03	+4.526e+03	+9.883e+03	+0.508
185.400	+5.009e+03	+5.423e+03	+1.042e+04	+0.520
185.500	+4.119e+03	+4.941e+03	+9.571e+03	+0.545
185.600	+4.625e+03	+5.261e+03	+9.455e+03	+0.532
185.700	+5.653e+03	+5.967e+03	+9.788e+03	+0.514
185.800	+4.107e+03	+5.473e+03	+1.004e+04	+0.571
185.900	+5.129e+03	+5.568e+03	+9.763e+03	+0.521
186.000	+4.936e+03	+4.545e+03	+1.064e+04	+0.479
186.100	+4.689e+03	+5.958e+03	+9.748e+03	+0.560
186.200	+3.904e+03	+4.637e+03	+1.015e+04	+0.543
186.300	+5.901e+03	+5.996e+03	+1.030e+04	+0.504
186.400	+4.998e+03	+3.074e+03	+1.035e+04	+0.381
186.500	+6.327e+03	+3.915e+03	+9.395e+03	+0.382
186.600	+3.188e+03	+4.909e+03	+8.943e+03	+0.606
186.700	+5.482e+03	+5.116e+03	+1.079e+04	+0.483
186.800	+5.542e+03	+5.142e+03	+9.368e+03	+0.481
186.900	+5.118e+03	+5.004e+03	+1.050e+04	+0.494
187.000	+5.112e+03	+5.430e+03	+9.905e+03	+0.515
187.100	+4.829e+03	+4.357e+03	+1.072e+04	+0.474
187.200	+4.921e+03	+4.792e+03	+9.896e+03	+0.493
187.300	+5.168e+03	+4.857e+03	+9.327e+03	+0.484
187.400	+4.884e+03	+4.411e+03	+9.913e+03	+0.475
187.500	+5.182e+03	+5.753e+03	+1.037e+04	+0.526
187.600	+4.506e+03	+4.212e+03	+9.958e+03	+0.483
187.700	+5.027e+03	+4.529e+03	+1.129e+04	+0.474
187.800	+5.304e+03	+5.574e+03	+1.021e+04	+0.512
187.900	+5.475e+03	+5.045e+03	+1.015e+04	+0.480
188.000	+4.792e+03	+4.874e+03	+9.720e+03	+0.504
188.100	+5.910e+03	+4.457e+03	+1.080e+04	+0.430
188.200	+4.994e+03	+4.784e+03	+1.124e+04	+0.489
188.300	+4.683e+03	+3.969e+03	+9.439e+03	+0.459
188.400	+6.347e+03	+5.296e+03	+8.885e+03	+0.455
188.500	+5.671e+03	+4.734e+03	+9.123e+03	+0.455
188.600	+3.893e+03	+4.542e+03	+1.014e+04	+0.538
188.700	+4.213e+03	+5.124e+03	+8.778e+03	+0.549
188.800	+5.205e+03	+4.191e+03	+1.035e+04	+0.446
188.900	+5.791e+03	+4.494e+03	+1.063e+04	+0.437
189.000	+5.394e+03	+4.185e+03	+1.011e+04	+0.437
189.100	+5.595e+03	+6.140e+03	+9.794e+03	+0.523
189.200	+4.760e+03	+5.016e+03	+1.069e+04	+0.513
189.300	+4.310e+03	+5.838e+03	+8.489e+03	+0.575
189.400	+5.571e+03	+5.336e+03	+1.041e+04	+0.489
189.500	+5.888e+03	+5.160e+03	+1.085e+04	+0.467
189.600	+5.512e+03	+5.399e+03	+8.962e+03	+0.495
189.700	+4.029e+03	+6.010e+03	+1.049e+04	+0.599
189.800	+6.241e+03	+6.639e+03	+9.510e+03	+0.515
189.900	+5.319e+03	+5.192e+03	+1.180e+04	+0.494
190.000	+6.013e+03	+4.490e+03	+1.024e+04	+0.427
190.100	+5.461e+03	+4.260e+03	+1.064e+04	+0.438
190.200	+3.925e+03	+5.857e+03	+1.217e+04	+0.599
190.300	+5.439e+03	+4.810e+03	+8.741e+03	+0.469
190.400	+4.597e+03	+5.421e+03	+1.044e+04	+0.541
190.500	+5.795e+03	+5.988e+03	+1.028e+04	+0.508
190.600	+5.003e+03	+5.106e+03	+9.227e+03	+0.505
190.700	+4.207e+03	+5.782e+03	+9.310e+03	+0.579
190.800	+5.003e+03	+5.233e+03	+9.835e+03	+0.511
190.900	+5.603e+03	+5.771e+03	+9.291e+03	+0.507
191.000	+5.604e+03	+6.674e+03	+9.185e+03	+0.544
191.100	+5.013e+03	+5.371e+03	+1.149e+04	+0.517
191.200	+3.910e+03	+5.307e+03	+9.649e+03	+0.576
191.300	+4.713e+03	+4.461e+03	+1.026e+04	+0.486
191.400	+5.954e+03	+4.165e+03	+1.182e+04	+0.412
191.500	+5.285e+03	+5.176e+03	+1.012e+04	+0.495
191.600	+5.415e+03	+5.549e+03	+1.069e+04	+0.506
191.700	+4.585e+03	+4.255e+03	+1.085e+04	+0.481
191.800	+5.459e+03	+4.781e+03	+9.591e+03	+0.467
191.900	+4.199e+03	+4.786e+03	+1.113e+04	+0.533
192.000	+4.678e+03	+4.590e+03	+1.009e+04	+0.495
192.100	+4.045e+03	+4.314e+03	+1.119e+04	+0.516
192.200	+5.441e+03	+4.951e+03	+1.037e+04	+0.476
192.300	+6.280e+03	+4.401e+03	+1.095e+04	+0.412
192.400	+4.900e+03	+4.099e+03	+9.782e+03	+0.455
192.500	+5.756e+03	+4.816e+03	+1.048e+04	+0.456
192.600	+5.659e+03	+4.007e+03	+9.314e+03	+0.415
192.700	+6.701e+03	+5.425e+03	+1.026e+04	+0.447
192.800	+5.237e+03	+4.986e+03	+9.084e+03	+0.488
192.900	+5.473e+03	+4.436e+03	+9.277e+03	+0.448
193.000	+4.193e+03	+5.161e+03	+9.547e+03	+0.552
193.100	+5.014e+03	+3.809e+03	+1.031e+04	+0.432
193.200	+5.750e+03	+5.071e+03	+1.084e+04	+0.469
193.300	+5.645e+03	+5.581e+03	+1.006e+04	+0.497
193.400	+6.647e+03	+2.531e+03	+9.385e+03	+0.276
193.500	+5.354e+03	+5.418e+03	+9.906e+03	+0.503
193.600	+6.047e+03	+3.788e+03	+1.010e+04	+0.385
193.700	+7.941e+03	+2.221e+03	+9.701e+03	+0.219
193.800	+7.869e+03	+2.279e+03	+9.445e+03	+0.225
193.900	+8.350e+03	+1.591e+03	+1.055e+04	+0.160
194.000	+7.272e+03	+3.205e+03	+9.742e+03	+0.306
194.100	+7.985e+03	+2.218e+03	+1.066e+04	+0.217
194.200	+8.406e+03	+2.816e+03	+9.350e+03	+0.251
194.300	+7.142e+03	+2.555e+03	+9.854e+03	+0.264
194.400	+8.039e+03	+2.437e+03	+9.799e+03	+0.233
194.500	+8.215e+03	+2.332e+03	+9.241e+03	+0.221
194.600	+6.850e+03	+2.533e+03	+9.653e+03	+0.270
194.700	+7.315e+03	+3.080e+03	+1.027e+04	+0.296
194.800	+7.054e+03	+1.786e+03	+1.058e+04	+0.202
194.900	+7.938e+03	+2.580e+03	+9.786e+03	+0.245
195.000	+7.753e+03	+2.682e+03	+1.081e+04	+0.257
195.100	+6.798e+03	+2.515e+03	+9.439e+03	+0.270
195.200	+7.166e+03	+2.475e+03	+9.092e+03	+0.257
195.300	+7.270e+03	+9.123e+02	+9.810e+03	+0.111
195.400	+7.523e+03	+2.676e+03	+9.835e+03	+0.262
195.500	+7.932e+03	+3.081e+03	+9.123e+03	+0.280
195.600	+8.645e+03	+1.373e+03	+1.019e+04	+0.137
195.700	+7.451e+03	+2.212e+03	+9.934e+03	+0.229
195.800	+8.483e+03	+2.306e+03	+1.013e+04	+0.214
195.900	+6.919e+03	+3.475e+03	+9.097e+03	+0.334
196.000	+7.705e+03	+1.579e+03	+9.508e+03	+0.170
196.100	+7.059e+03	+3.238e+03	+1.012e+04	+0.314
196.200	+7.551e+03	+2.399e+03	+9.973e+03	+0.241
196.300	+7.546e+03	+2.272e+03	+9.666e+03	+0.231
196.400	+8.537e+03	+1.287e+03	+8.651e+03	+0.131
196.500	+5.543e+03	+3.702e+03	+1.035e+04	+0.400
196.600	+7.507e+03	+2.975e+03	+1.025e+04	+0.284
196.700	+8.491e+03	+3.911e+03	+1.073e+04	+0.315
196.800	+6.445e+03	+2.470e+03	+1.186e+04	+0.277
196.900	+6.278e+03	+2.203e+03	+8.971e+03	+0.260
197.000	+8.165e+03	+2.618e+03	+1.043e+04	+0.243
197.100	+6.821e+03	+3.030e+03	+1.047e+04	+0.308
197.200	+7.002e+03	+2.858e+03	+1.006e+04	+0.290
197.300	+7.439e+03	+2.391e+03	+1.005e+04	+0.243
197.400	+7.378e+03	+1.978e+03	+9.810e+03	+0.211
197.500	+6.370e+03	+2.584e+03	+9.437e+03	+0.289
197.600	+6.156e+03	+3.660e+03	+1.065e+04	+0.373
197.700	+7.640e+03	+2.311e+03	+8.641e+03	+0.232
197.800	+7.119e+03	+2.344e+03	+9.359e+03	+0.248
197.900	+6.815e+03	+2.609e+03	+1.011e+04	+0.277
198.000	+6.882e+03	+1.989e+03	+1.148e+04	+0.224
198.100	+7.746e+03	+1.837e+03	+1.063e+04	+0.192
198.200	+6.722e+03	+3.653e+03	+1.001e+04	+0.352
198.300	+7.879e+03	+2.252e+03	+9.590e+03	+0.222
198.400	+8.344e+03	+2.120e+03	+9.647e+03	+0.203
198.500	+8.171e+03	+2.829e+03	+9.548e+03	+0.257
198.600	+8.315e+03	+2.508e+03	+1.004e+04	+0.232
198.700	+7.858e+03	+2.609e+03	+9.305e+03	+0.249
198.800	+7.846e+03	+2.553e+03	+9.740e+03	+0.245
198.900	+8.862e+03	+2.034e+03	+9.047e+03	+0.187
199.000	+7.609e+03	+2.884e+03	+9.562e+03	+0.275
199.100	+6.461e+03	+3.312e+03	+9.447e+03	+0.339
199.200	+7.788e+03	+2.311e+03	+1.012e+04	+0.229
199.300	+7.986e+03	+2.100e+03	+1.052e+04	+0.208
199.400	+7.288e+03	+3.651e+03	+1.012e+04	+0.334
199.500	+6.414e+03	+2.262e+03	+1.072e+04	+0.261
199.600	+8.134e+03	+9.702e+02	+9.614e+03	+0.107
199.700	+6.778e+03	+2.203e+03	+1.071e+04	+0.245
199.800	+7.429e+03	+2.450e+03	+1.010e+04	+0.248
