%t (s)	Idd (a.u.)	Ida (a.u.)	Iaa (a.u.)	FRET E
0.000	+7.676e+03	+1.716e+03	+9.495e+03	+0.183
0.100	+7.563e+03	+2.913e+03	+1.156e+04	+0.278
0.200	+7.831e+03	+1.413e+03	+1.021e+04	+0.153
0.300	+8.083e+03	+1.437e+03	+1.023e+04	+0.151
0.400	+7.241e+03	+2.300e+03	+9.790e+03	+0.241
0.500	+7.258e+03	+2.526e+03	+1.052e+04	+0.258
0.600	+7.360e+03	+2.298e+03	+1.046e+04	+0.238
0.700	+7.415e+03	+1.678e+03	+1.107e+04	+0.185
0.800	+7.606e+03	+3.209e+03	+1.045e+04	+0.297
0.900	+7.935e+03	+3.326e+03	+1.025e+04	+0.295
1.000	+7.457e+03	+1.801e+03	+9.795e+03	+0.195
1.100	+6.344e+03	+2.501e+03	+1.057e+04	+0.283
1.200	+6.982e+03	+2.794e+03	+9.479e+03	+0.286
1.300	+7.179e+03	+4.062e+03	+1.029e+04	+0.361
1.400	+7.391e+03	+1.664e+03	+9.517e+03	+0.184
1.500	+8.131e+03	+2.844e+03	+1.045e+04	+0.259
1.600	+6.755e+03	+3.314e+03	+9.923e+03	+0.329
1.700	+6.910e+03	+2.318e+03	+1.108e+04	+0.251
1.800	+7.144e+03	+2.740e+03	+9.713e+03	+0.277
1.900	+7.319e+03	+2.097e+03	+9.728e+03	+0.223
2.000	+8.305e+03	+3.250e+03	+1.018e+04	+0.281
2.100	+7.668e+03	+1.473e+03	+9.599e+03	+0.161
2.200	+7.742e+03	+2.492e+03	+1.011e+04	+0.244
2.300	+7.308e+03	+2.489e+03	+1.025e+04	+0.254
2.400	+8.354e+03	+2.191e+03	+1.026e+04	+0.208
2.500	+7.174e+03	+2.074e+03	+9.870e+03	+0.224
2.600	+7.140e+03	+2.161e+03	+8.885e+03	+0.232
2.700	+8.031e+03	+2.631e+03	+9.886e+03	+0.247
2.800	+6.865e+03	+1.753e+03	+1.029e+04	+0.203
2.900	+6.609e+03	+2.718e+03	+9.514e+03	+0.291
3.000	+7.061e+03	+2.458e+03	+9.841e+03	+0.258
3.100	+6.679e+03	+2.403e+03	+9.959e+03	+0.265
3.200	+7.251e+03	+3.123e+03	+1.026e+04	+0.301
3.300	+6.178e+03	+2.521e+03	+1.004e+04	+0.290
3.400	+7.560e+03	+1.128e+03	+1.076e+04	+0.130
3.500	+8.692e+03	+1.937e+03	+9.333e+03	+0.182
3.600	+9.103e+03	+4.023e+03	+1.154e+04	+0.306
3.700	+6.089e+03	+1.884e+03	+9.643e+03	+0.236
3.800	+6.967e+03	+2.527e+03	+1.050e+04	+0.266
3.900	+6.551e+03	+1.542e+03	+8.529e+03	+0.191
4.000	+8.179e+03	+4.836e+03	+1.037e+04	+0.372
4.100	+7.616e+03	+1.649e+03	+9.145e+03	+0.178
4.200	+8.591e+03	+3.242e+03	+9.230e+03	+0.274
4.300	+7.890e+03	+3.189e+03	+1.027e+04	+0.288
4.400	+7.470e+03	+3.495e+03	+1.083e+04	+0.319
4.500	+6.772e+03	+1.312e+03	+1.098e+04	+0.162
4.600	+8.560e+03	+2.286e+03	+1.006e+04	+0.211
4.700	+7.206e+03	+1.885e+03	+1.005e+04	+0.207
4.800	+8.179e+03	+2.819e+03	+9.970e+03	+0.256
4.900	+7.680e+03	+2.266e+03	+1.046e+04	+0.228
5.000	+8.064e+03	+3.411e+03	+9.927e+03	+0.297
5.100	+7.227e+03	+2.551e+03	+1.040e+04	+0.261
5.200	+6.337e+03	+2.601e+03	+1.090e+04	+0.291
5.300	+6.662e+03	+2.730e+03	+8.788e+03	+0.291
5.400	+7.857e+03	+2.278e+03	+1.064e+04	+0.225
5.500	+7.102e+03	+2.090e+03	+8.741e+03	+0.227
5.600	+7.546e+03	+2.887e+03	+1.050e+04	+0.277
5.700	+7.054e+03	+9.209e+02	+1.033e+04	+0.115
5.800	+7.691e+03	+2.418e+03	+9.735e+03	+0.239
5.900	+7.692e+03	+3.520e+03	+1.142e+04	+0.314
6.000	+6.106e+03	+2.564e+03	+9.438e+03	+0.296
6.100	+8.144e+03	+3.425e+03	+9.916e+03	+0.296
6.200	+7.564e+03	+2.987e+03	+9.857e+03	+0.283
6.300	+7.829e+03	+2.232e+03	+9.694e+03	+0.222
6.400	+7.103e+03	+1.918e+03	+1.160e+04	+0.213
6.500	+7.824e+03	+2.940e+03	+1.080e+04	+0.273
6.600	+8.056e+03	+2.615e+03	+9.918e+03	+0.245
6.700	+7.407e+03	+1.630e+03	+9.429e+03	+0.180
6.800	+7.636e+03	+3.099e+03	+9.618e+03	+0.289
6.900	+7.301e+03	+1.903e+03	+1.022e+04	+0.207
7.000	+7.439e+03	+2.223e+03	+9.449e+03	+0.230
7.100	+7.617e+03	+2.044e+03	+9.393e+03	+0.212
7.200	+7.093e+03	+1.953e+03	+1.001e+04	+0.216
7.300	+6.445e+03	+2.021e+03	+1.007e+04	+0.239
7.400	+7.221e+03	+3.177e+03	+9.434e+03	+0.306
7.500	+7.525e+03	+1.814e+03	+1.002e+04	+0.194
7.600	+7.317e+03	+3.817e+03	+1.056e+04	+0.343
7.700	+5.969e+03	+3.826e+03	+9.405e+03	+0.391
7.800	+8.212e+03	+2.505e+03	+9.853e+03	+0.234
7.900	+7.983e+03	+1.912e+03	+1.099e+04	+0.193
8.000	+7.511e+03	+2.646e+03	+1.004e+04	+0.261
8.100	+7.974e+03	+2.903e+03	+9.125e+03	+0.267
8.200	+7.554e+03	+2.257e+03	+1.049e+04	+0.230
8.300	+8.332e+03	+2.118e+03	+1.077e+04	+0.203
8.400	+7.588e+03	+2.262e+03	+1.058e+04	+0.230
8.500	+7.565e+03	+3.572e+03	+1.062e+04	+0.321
8.600	+8.362e+03	+2.925e+03	+8.761e+03	+0.259
8.700	+6.355e+03	+2.979e+03	+9.744e+03	+0.319
8.800	+7.841e+03	+3.519e+03	+1.096e+04	+0.310
8.900	+7.688e+03	+2.709e+03	+1.079e+04	+0.261
9.000	+6.462e+03	+3.144e+03	+9.552e+03	+0.327
9.100	+7.809e+03	+2.102e+03	+1.014e+04	+0.212
9.200	+7.051e+03	+3.235e+03	+1.086e+04	+0.314
9.300	+7.734e+03	+1.998e+03	+1.012e+04	+0.205
9.400	+6.295e+03	+3.295e+03	+9.985e+03	+0.344
9.500	+5.380e+03	+4.849e+03	+9.703e+03	+0.474
9.600	+5.715e+03	+4.329e+03	+1.090e+04	+0.431
9.700	+4.986e+03	+5.051e+03	+9.841e+03	+0.503
9.800	+5.871e+03	+5.072e+03	+1.007e+04	+0.463
9.900	+5.557e+03	+5.486e+03	+1.154e+04	+0.497
10.000	+6.194e+03	+1.906e+03	+9.783e+03	+0.235
10.100	+7.680e+03	+2.615e+03	+1.064e+04	+0.254
10.200	+8.266e+03	+4.122e+03	+9.565e+03	+0.333
10.300	+6.484e+03	+2.539e+03	+9.891e+03	+0.281
10.400	+7.036e+03	+3.005e+03	+1.102e+04	+0.299
10.500	+8.230e+03	+2.923e+03	+1.048e+04	+0.262
10.600	+6.222e+03	+3.068e+03	+1.030e+04	+0.330
10.700	+7.141e+03	+2.400e+03	+1.013e+04	+0.252
10.800	+7.321e+03	+2.821e+03	+1.084e+04	+0.278
10.900	+7.442e+03	+6.823e+02	+9.802e+03	+0.084
11.000	+6.462e+03	+1.545e+03	+9.728e+03	+0.193
11.100	+7.797e+03	+2.575e+03	+8.170e+03	+0.248
11.200	+7.486e+03	+2.115e+03	+1.114e+04	+0.220
11.300	+9.971e+03	+2.459e+03	+1.070e+04	+0.198
11.400	+7.208e+03	+2.187e+03	+1.073e+04	+0.233
11.500	+7.918e+03	+2.208e+03	+1.103e+04	+0.218
11.600	+7.560e+03	+3.226e+03	+1.020e+04	+0.299
11.700	+7.006e+03	+1.912e+03	+1.067e+04	+0.214
11.800	+7.078e+03	+3.496e+03	+8.623e+03	+0.331
11.900	+7.554e+03	+2.863e+03	+1.015e+04	+0.275
12.000	+6.770e+03	+2.441e+03	+9.734e+03	+0.265
12.100	+7.739e+03	+2.518e+03	+9.783e+03	+0.245
12.200	+8.187e+03	+3.432e+03	+1.124e+04	+0.295
12.300	+7.728e+03	+3.310e+03	+9.627e+03	+0.300
12.400	+7.235e+03	+2.053e+03	+1.130e+04	+0.221
12.500	+7.199e+03	+2.033e+03	+1.076e+04	+0.220
12.600	+8.605e+03	+2.372e+03	+1.117e+04	+0.216
12.700	+8.379e+03	+2.441e+03	+1.056e+04	+0.226
12.800	+8.007e+03	+3.302e+03	+8.850e+03	+0.292
12.900	+7.986e+03	+3.473e+03	+9.719e+03	+0.303
13.000	+7.170e+03	+4.091e+03	+1.026e+04	+0.363
13.100	+8.588e+03	+3.970e+03	+9.180e+03	+0.316
13.200	+7.249e+03	+2.227e+03	+8.774e+03	+0.235
13.300	+6.861e+03	+2.716e+03	+1.057e+04	+0.284
13.400	+7.243e+03	+1.969e+03	+1.047e+04	+0.214
13.500	+7.516e+03	+3.290e+03	+9.976e+03	+0.304
13.600	+6.948e+03	+3.309e+03	+1.015e+04	+0.323
13.700	+7.844e+03	+2.621e+03	+9.156e+03	+0.250
13.800	+7.205e+03	+2.335e+03	+1.037e+04	+0.245
13.900	+8.421e+03	+2.567e+03	+9.196e+03	+0.234
14.000	+7.058e+03	+1.965e+03	+9.955e+03	+0.218
14.100	+7.843e+03	+2.938e+03	+1.123e+04	+0.272
14.200	+7.565e+03	+2.790e+03	+8.975e+03	+0.269
14.300	+8.052e+03	+3.635e+03	+1.103e+04	+0.311
14.400	+7.298e+03	+2.137e+03	+1.137e+04	+0.226
14.500	+7.656e+03	+3.883e+03	+9.341e+03	+0.337
14.600	+6.901e+03	+2.287e+03	+1.253e+04	+0.249
14.700	+6.844e+03	+2.381e+03	+9.728e+03	+0.258
14.800	+7.936e+03	+3.341e+03	+1.053e+04	+0.296
14.900	+7.143e+03	+2.374e+03	+1.111e+04	+0.249
15.000	+7.325e+03	+2.977e+03	+1.034e+04	+0.289
15.100	+6.103e+03	+2.173e+03	+9.216e+03	+0.263
15.200	+7.829e+03	+3.326e+03	+9.394e+03	+0.298
15.300	+6.973e+03	+3.209e+03	+1.010e+04	+0.315
15.400	+8.100e+03	+3.488e+03	+9.720e+03	+0.301
15.500	+6.385e+03	+2.658e+03	+9.741e+03	+0.294
15.600	+7.305e+03	+3.233e+03	+1.018e+04	+0.307
15.700	+7.591e+03	+2.674e+03	+9.263e+03	+0.261
15.800	+6.554e+03	+3.415e+03	+9.595e+03	+0.343
15.900	+7.334e+03	+2.782e+03	+9.244e+03	+0.275
16.000	+6.698e+03	+2.367e+03	+9.824e+03	+0.261
16.100	+7.241e+03	+2.225e+03	+8.949e+03	+0.235
16.200	+8.285e+03	+1.252e+03	+9.662e+03	+0.131
16.300	+7.550e+03	+2.873e+03	+9.365e+03	+0.276
16.400	+7.283e+03	+2.401e+03	+1.058e+04	+0.248
16.500	+8.473e+03	+2.533e+03	+1.018e+04	+0.230
16.600	+6.011e+03	+2.206e+03	+1.073e+04	+0.268
16.700	+6.790e+03	+3.356e+03	+1.140e+04	+0.331
16.800	+6.953e+03	+1.243e+03	+1.012e+04	+0.152
16.900	+8.632e+03	+3.508e+03	+1.032e+04	+0.289
17.000	+7.166e+03	+3.692e+03	+1.046e+04	+0.340
17.100	+6.328e+03	+2.088e+03	+1.183e+04	+0.248
17.200	+7.373e+03	+1.988e+03	+9.359e+03	+0.212
17.300	+8.200e+03	+3.041e+03	+1.076e+04	+0.271
17.400	+7.506e+03	+2.616e+03	+9.741e+03	+0.258
17.500	+7.621e+03	+2.037e+03	+9.144e+03	+0.211
17.600	+7.681e+03	+2.897e+03	+8.910e+03	+0.274
17.700	+7.673e+03	+2.332e+03	+8.972e+03	+0.233
17.800	+7.302e+03	+1.503e+03	+1.012e+04	+0.171
17.900	+6.356e+03	+1.793e+03	+9.171e+03	+0.220
18.000	+7.470e+03	+2.169e+03	+1.023e+04	+0.225
18.100	+6.762e+03	+3.085e+03	+1.151e+04	+0.313
18.200	+7.661e+03	+1.387e+03	+1.002e+04	+0.153
18.300	+7.064e+03	+1.821e+03	+9.958e+03	+0.205
18.400	+6.851e+03	+2.597e+03	+1.056e+04	+0.275
18.500	+7.604e+03	+2.997e+03	+8.557e+03	+0.283
18.600	+8.197e+03	+3.103e+03	+9.652e+03	+0.275
18.700	+7.826e+03	+2.130e+03	+9.748e+03	+0.214
18.800	+7.889e+03	+3.248e+03	+9.846e+03	+0.292
18.900	+7.352e+03	+1.860e+03	+1.041e+04	+0.202
19.000	+6.014e+03	+3.180e+03	+1.081e+04	+0.346
19.100	+6.932e+03	+2.632e+03	+1.177e+04	+0.275
19.200	+8.842e+03	+2.293e+03	+9.136e+03	+0.206
19.300	+6.486e+03	+2.002e+03	+1.103e+04	+0.236
19.400	+7.582e+03	+1.298e+03	+9.200e+03	+0.146
19.500	+7.380e+03	+2.129e+03	+9.920e+03	+0.224
19.600	+7.871e+03	+3.099e+03	+9.776e+03	+0.283
19.700	+7.895e+03	+2.263e+03	+1.069e+04	+0.223
19.800	+7.842e+03	+2.306e+03	+1.010e+04	+0.227
19.900	+7.253e+03	+2.971e+03	+8.925e+03	+0.291
20.000	+6.501e+03	+1.856e+03	+9.221e+03	+0.222
20.100	+7.852e+03	+2.044e+03	+1.117e+04	+0.207
20.200	+7.335e+03	+3.758e+03	+1.089e+04	+0.339
20.300	+7.263e+03	+2.382e+03	+1.002e+04	+0.247
20.400	+4.968e+03	+4.834e+03	+1.008e+04	+0.493
20.500	+4.724e+03	+5.086e+03	+9.812e+03	+0.518
20.600	+4.685e+03	+4.061e+03	+1.058e+04	+0.464
20.700	+6.925e+03	+7.313e+03	+9.809e+03	+0.514
20.800	+4.254e+03	+5.466e+03	+9.000e+03	+0.562
20.900	+5.494e+03	+4.981e+03	+1.130e+04	+0.476
21.000	+4.492e+03	+5.640e+03	+9.589e+03	+0.557
21.100	+5.971e+03	+4.840e+03	+9.472e+03	+0.448
21.200	+5.309e+03	+5.022e+03	+9.323e+03	+0.486
21.300	+4.706e+03	+5.029e+03	+1.043e+04	+0.517
21.400	+3.876e+03	+4.087e+03	+9.132e+03	+0.513
21.500	+4.976e+03	+4.427e+03	+1.058e+04	+0.471
21.600	+5.249e+03	+5.594e+03	+9.830e+03	+0.516
21.700	+5.502e+03	+6.425e+03	+1.021e+04	+0.539
21.800	+5.490e+03	+4.973e+03	+1.049e+04	+0.475
21.900	+5.515e+03	+5.648e+03	+1.055e+04	+0.506
22.000	+4.079e+03	+5.768e+03	+9.539e+03	+0.586
22.100	+4.069e+03	+5.130e+03	+9.721e+03	+0.558
22.200	+4.661e+03	+5.002e+03	+1.019e+04	+0.518
22.300	+5.602e+03	+5.457e+03	+9.549e+03	+0.493
22.400	+4.844e+03	+4.352e+03	+1.078e+04	+0.473
22.500	+3.847e+03	+4.679e+03	+1.032e+04	+0.549
22.600	+4.770e+03	+4.276e+03	+1.064e+04	+0.473
22.700	+4.304e+03	+5.483e+03	+9.563e+03	+0.560
22.800	+4.918e+03	+4.812e+03	+1.124e+04	+0.495
22.900	+4.124e+03	+4.173e+03	+1.065e+04	+0.503
23.000	+4.758e+03	+4.968e+03	+1.018e+04	+0.511
23.100	+5.502e+03	+5.111e+03	+9.831e+03	+0.482
23.200	+4.770e+03	+3.706e+03	+9.718e+03	+0.437
23.300	+4.337e+03	+4.989e+03	+9.993e+03	+0.535
23.400	+5.102e+03	+4.812e+03	+1.088e+04	+0.485
23.500	+4.586e+03	+4.183e+03	+9.180e+03	+0.477
23.600	+4.588e+03	+5.864e+03	+8.501e+03	+0.561
23.700	+4.534e+03	+4.062e+03	+1.194e+04	+0.473
23.800	+4.240e+03	+5.520e+03	+1.007e+04	+0.566
23.900	+4.061e+03	+5.113e+03	+9.313e+03	+0.557
24.000	+7.285e+03	+3.128e+03	+1.017e+04	+0.300
24.100	+7.652e+03	+2.316e+03	+9.798e+03	+0.232
24.200	+7.541e+03	+3.358e+03	+1.015e+04	+0.308
24.300	+7.369e+03	+4.029e+03	+9.641e+03	+0.353
24.400	+6.919e+03	+1.929e+03	+9.304e+03	+0.218
24.500	+6.988e+03	+2.030e+03	+8.866e+03	+0.225
24.600	+6.408e+03	+2.162e+03	+9.624e+03	+0.252
24.700	+8.746e+03	+3.631e+03	+1.085e+04	+0.293
24.800	+7.705e+03	+3.340e+03	+9.395e+03	+0.302
24.900	+6.823e+03	+2.620e+03	+8.798e+03	+0.277
25.000	+7.443e+03	+3.286e+03	+1.096e+04	+0.306
25.100	+7.206e+03	+1.575e+03	+9.393e+03	+0.179
25.200	+8.436e+03	+3.064e+03	+1.009e+04	+0.266
25.300	+7.654e+03	+2.042e+03	+1.022e+04	+0.211
25.400	+8.051e+03	+2.177e+03	+9.405e+03	+0.213
25.500	+6.974e+03	+1.959e+03	+9.767e+03	+0.219
25.600	+7.941e+03	+3.088e+03	+1.023e+04	+0.280
25.700	+8.567e+03	+1.904e+03	+9.321e+03	+0.182
25.800	+7.688e+03	+2.829e+03	+8.806e+03	+0.269
25.900	+7.626e+03	+3.522e+03	+1.043e+04	+0.316
26.000	+5.991e+03	+1.810e+03	+1.073e+04	+0.232
26.100	+7.661e+03	+4.040e+03	+1.076e+04	+0.345
26.200	+6.925e+03	+2.925e+03	+1.021e+04	+0.297
26.300	+7.008e+03	+2.463e+03	+1.174e+04	+0.260
26.400	+6.996e+03	+3.212e+03	+8.857e+03	+0.315
26.500	+7.964e+03	+3.413e+03	+1.040e+04	+0.300
26.600	+6.943e+03	+1.087e+03	+1.087e+04	+0.135
26.700	+7.833e+03	+2.829e+03	+1.030e+04	+0.265
26.800	+6.869e+03	+2.505e+03	+1.128e+04	+0.267
26.900	+6.858e+03	+2.034e+03	+1.042e+04	+0.229
27.000	+8.053e+03	+2.748e+03	+9.052e+03	+0.254
27.100	+6.960e+03	+2.748e+03	+9.138e+03	+0.283
27.200	+8.307e+03	+1.449e+03	+8.851e+03	+0.149
27.300	+6.478e+03	+2.933e+03	+1.006e+04	+0.312
27.400	+8.133e+03	+3.846e+03	+1.016e+04	+0.321
27.500	+7.218e+03	+3.621e+03	+1.054e+04	+0.334
27.600	+8.177e+03	+2.930e+03	+9.709e+03	+0.264
27.700	+7.739e+03	+1.930e+03	+9.899e+03	+0.200
27.800	+7.068e+03	+2.738e+03	+1.135e+04	+0.279
27.900	+8.864e+03	+1.404e+03	+1.025e+04	+0.137
28.000	+7.792e+03	+2.328e+02	+1.055e+04	+0.029
28.100	+7.107e+03	+1.721e+03	+1.048e+04	+0.195
28.200	+7.551e+03	+2.806e+03	+1.157e+04	+0.271
28.300	+5.438e+03	+2.623e+03	+9.480e+03	+0.325
28.400	+7.913e+03	+2.203e+03	+1.024e+04	+0.218
28.500	+8.484e+03	+2.059e+03	+1.055e+04	+0.195
28.600	+6.026e+03	+4.555e+03	+9.462e+03	+0.430
28.700	+5.594e+03	+5.636e+03	+1.039e+04	+0.502
28.800	+5.484e+03	+5.839e+03	+9.451e+03	+0.516
28.900	+4.687e+03	+5.276e+03	+1.018e+04	+0.530
29.000	+5.503e+03	+5.071e+03	+8.493e+03	+0.480
29.100	+5.693e+03	+4.796e+03	+9.975e+03	+0.457
29.200	+6.130e+03	+5.714e+03	+9.338e+03	+0.482
29.300	+4.059e+03	+4.651e+03	+9.962e+03	+0.534
29.400	+4.235e+03	+5.382e+03	+1.106e+04	+0.560
29.500	+5.167e+03	+4.610e+03	+1.026e+04	+0.471
29.600	+3.894e+03	+5.029e+03	+1.096e+04	+0.564
29.700	+5.118e+03	+4.965e+03	+1.131e+04	+0.492
29.800	+5.007e+03	+3.955e+03	+1.148e+04	+0.441
29.900	+6.695e+03	+3.004e+03	+8.829e+03	+0.310
30.000	+6.874e+03	+3.718e+03	+1.008e+04	+0.351
30.100	+7.544e+03	+1.879e+03	+1.029e+04	+0.199
30.200	+6.990e+03	+3.339e+03	+9.632e+03	+0.323
30.300	+7.875e+03	+2.106e+03	+9.305e+03	+0.211
30.400	+7.245e+03	+3.632e+03	+1.071e+04	+0.334
30.500	+8.348e+03	+1.673e+03	+9.757e+03	+0.167
30.600	+6.799e+03	+4.004e+03	+9.022e+03	+0.371
30.700	+6.603e+03	+2.689e+03	+1.023e+04	+0.289
30.800	+7.555e+03	+3.698e+03	+1.077e+04	+0.329
30.900	+8.413e+03	+2.747e+03	+1.051e+04	+0.246
31.000	+7.510e+03	+3.937e+03	+9.871e+03	+0.344
31.100	+8.053e+03	+2.343e+03	+1.020e+04	+0.225
31.200	+6.844e+03	+1.679e+03	+8.549e+03	+0.197
31.300	+7.466e+03	+2.221e+03	+9.147e+03	+0.229
31.400	+7.562e+03	+3.076e+03	+1.025e+04	+0.289
31.500	+7.757e+03	+3.359e+03	+1.018e+04	+0.302
31.600	+7.850e+03	+2.096e+03	+1.022e+04	+0.211
31.700	+7.541e+03	+1.997e+03	+9.962e+03	+0.209
31.800	+7.223e+03	+1.325e+03	+8.781e+03	+0.155
31.900	+8.236e+03	+2.906e+03	+8.967e+03	+0.261
32.000	+7.031e+03	+1.483e+03	+9.424e+03	+0.174
32.100	+7.242e+03	+3.014e+03	+1.040e+04	+0.294
32.200	+9.464e+03	+2.938e+03	+9.917e+03	+0.237
32.300	+7.320e+03	+3.189e+03	+9.108e+03	+0.303
32.400	+6.939e+03	+1.729e+03	+1.020e+04	+0.199
32.500	+7.195e+03	+2.609e+03	+9.835e+03	+0.266
32.600	+7.380e+03	+2.062e+03	+9.111e+03	+0.218
32.700	+7.929e+03	+2.808e+03	+9.883e+03	+0.262
32.800	+6.820e+03	+1.733e+03	+1.035e+04	+0.203
32.900	+6.246e+03	+3.743e+03	+1.045e+04	+0.375
33.000	+5.587e+03	+5.555e+03	+1.015e+04	+0.499
33.100	+4.681e+03	+5.207e+03	+1.009e+04	+0.527
33.200	+5.292e+03	+5.137e+03	+1.015e+04	+0.493
33.300	+4.436e+03	+4.733e+03	+9.474e+03	+0.516
33.400	+6.010e+03	+4.173e+03	+1.081e+04	+0.410
33.500	+4.486e+03	+5.034e+03	+1.083e+04	+0.529
33.600	+5.217e+03	+4.578e+03	+9.555e+03	+0.467
33.700	+3.432e+03	+4.117e+03	+9.864e+03	+0.545
33.800	+5.232e+03	+4.308e+03	+8.382e+03	+0.452
33.900	+4.076e+03	+4.097e+03	+1.100e+04	+0.501
34.000	+4.719e+03	+6.024e+03	+1.017e+04	+0.561
34.100	+5.664e+03	+4.946e+03	+9.853e+03	+0.466
34.200	+5.407e+03	+4.366e+03	+9.895e+03	+0.447
34.300	+4.754e+03	+5.151e+03	+9.844e+03	+0.520
34.400	+4.790e+03	+5.170e+03	+1.063e+04	+0.519
34.500	+5.334e+03	+5.947e+03	+1.027e+04	+0.527
34.600	+4.876e+03	+4.439e+03	+1.061e+04	+0.477
34.700	+5.057e+03	+4.902e+03	+1.052e+04	+0.492
34.800	+4.750e+03	+5.512e+03	+9.243e+03	+0.537
34.900	+5.564e+03	+5.982e+03	+1.133e+04	+0.518
35.000	+5.565e+03	+4.318e+03	+1.168e+04	+0.437
35.100	+5.780e+03	+5.279e+03	+9.539e+03	+0.477
35.200	+5.011e+03	+3.652e+03	+9.591e+03	+0.422
35.300	+4.546e+03	+4.815e+03	+1.082e+04	+0.514
35.400	+4.502e+03	+4.701e+03	+1.092e+04	+0.511
35.500	+5.030e+03	+5.049e+03	+9.339e+03	+0.501
35.600	+3.335e+03	+5.949e+03	+1.043e+04	+0.641
35.700	+4.281e+03	+6.107e+03	+9.733e+03	+0.588
35.800	+5.201e+03	+5.117e+03	+1.105e+04	+0.496
35.900	+5.548e+03	+4.380e+03	+1.004e+04	+0.441
36.000	+4.611e+03	+5.151e+03	+1.076e+04	+0.528
36.100	+5.206e+03	+4.353e+03	+1.004e+04	+0.455
36.200	+4.993e+03	+4.822e+03	+9.541e+03	+0.491
36.300	+4.110e+03	+4.107e+03	+1.086e+04	+0.500
36.400	+4.660e+03	+4.382e+03	+1.040e+04	+0.485
36.500	+5.833e+03	+5.188e+03	+1.116e+04	+0.471
36.600	+5.672e+03	+5.336e+03	+9.296e+03	+0.485
36.700	+4.635e+03	+4.145e+03	+1.012e+04	+0.472
36.800	+4.589e+03	+5.091e+03	+9.205e+03	+0.526
36.900	+4.499e+03	+4.090e+03	+9.619e+03	+0.476
37.000	+4.383e+03	+4.305e+03	+1.098e+04	+0.496
37.100	+5.357e+03	+5.333e+03	+9.735e+03	+0.499
37.200	+4.688e+03	+4.570e+03	+9.440e+03	+0.494
37.300	+5.123e+03	+4.970e+03	+1.055e+04	+0.492
37.400	+4.778e+03	+5.142e+03	+9.044e+03	+0.518
37.500	+4.525e+03	+4.853e+03	+9.656e+03	+0.517
37.600	+3.735e+03	+6.640e+03	+1.086e+04	+0.640
37.700	+3.417e+03	+5.898e+03	+1.006e+04	+0.633
37.800	+5.554e+03	+5.173e+03	+1.204e+04	+0.482
37.900	+5.041e+03	+5.454e+03	+1.024e+04	+0.520
38.000	+5.045e+03	+5.985e+03	+9.756e+03	+0.543
38.100	+6.373e+03	+4.818e+03	+1.003e+04	+0.431
38.200	+5.797e+03	+5.202e+03	+1.010e+04	+0.473
38.300	+8.025e+03	+2.296e+03	+9.888e+03	+0.222
38.400	+7.196e+03	+2.289e+03	+1.140e+04	+0.241
38.500	+7.245e+03	+3.193e+03	+1.145e+04	+0.306
38.600	+7.822e+03	+2.014e+03	+1.130e+04	+0.205
38.700	+8.188e+03	+2.910e+03	+1.137e+04	+0.262
38.800	+6.301e+03	+2.363e+03	+1.077e+04	+0.273
38.900	+8.323e+03	+2.941e+03	+1.030e+04	+0.261
39.000	+6.307e+03	+2.833e+03	+1.002e+04	+0.310
39.100	+8.064e+03	+3.324e+03	+1.075e+04	+0.292
39.200	+7.524e+03	+1.780e+03	+1.063e+04	+0.191
39.300	+7.555e+03	+2.701e+03	+9.911e+03	+0.263
39.400	+5.643e+03	+5.537e+03	+1.033e+04	+0.495
39.500	+5.516e+03	+5.605e+03	+9.130e+03	+0.504
39.600	+4.369e+03	+4.824e+03	+9.944e+03	+0.525
39.700	+4.829e+03	+4.546e+03	+1.078e+04	+0.485
39.800	+4.409e+03	+6.470e+03	+9.531e+03	+0.595
39.900	+4.821e+03	+4.741e+03	+1.187e+04	+0.496
40.000	+5.254e+03	+5.786e+03	+9.615e+03	+0.524
40.100	+4.783e+03	+4.143e+03	+1.068e+04	+0.464
40.200	+5.785e+03	+5.298e+03	+1.033e+04	+0.478
40.300	+4.702e+03	+5.114e+03	+1.010e+04	+0.521
40.400	+5.720e+03	+5.790e+03	+9.410e+03	+0.503
40.500	+4.924e+03	+4.174e+03	+9.263e+03	+0.459
40.600	+4.932e+03	+5.535e+03	+1.100e+04	+0.529
40.700	+6.498e+03	+4.627e+03	+9.825e+03	+0.416
40.800	+4.301e+03	+5.895e+03	+8.775e+03	+0.578
40.900	+7.136e+03	+5.294e+03	+1.076e+04	+0.426
41.000	+4.901e+03	+5.491e+03	+1.025e+04	+0.528
41.100	+5.636e+03	+5.236e+03	+1.093e+04	+0.482
41.200	+4.186e+03	+5.515e+03	+1.001e+04	+0.568
41.300	+4.841e+03	+5.519e+03	+9.536e+03	+0.533
41.400	+5.086e+03	+5.085e+03	+9.489e+03	+0.500
41.500	+5.307e+03	+5.620e+03	+9.173e+03	+0.514
41.600	+6.328e+03	+4.291e+03	+1.061e+04	+0.404
41.700	+5.840e+03	+5.422e+03	+1.023e+04	+0.481
41.800	+5.428e+03	+3.659e+03	+1.107e+04	+0.403
41.900	+7.454e+03	+2.225e+03	+1.030e+04	+0.230
42.000	+7.686e+03	+2.615e+03	+1.030e+04	+0.254
42.100	+8.313e+03	+2.056e+03	+1.067e+04	+0.198
42.200	+7.757e+03	+1.457e+03	+8.685e+03	+0.158
42.300	+7.187e+03	+3.192e+03	+1.047e+04	+0.308
42.400	+6.845e+03	+2.289e+03	+8.325e+03	+0.251
42.500	+8.408e+03	+2.678e+03	+9.845e+03	+0.242
42.600	+8.393e+03	+2.777e+03	+9.991e+03	+0.249
42.700	+6.979e+03	+3.631e+03	+1.002e+04	+0.342
42.800	+7.536e+03	+3.670e+03	+1.029e+04	+0.328
42.900	+8.396e+03	+1.776e+03	+1.020e+04	+0.175
43.000	+8.365e+03	+3.005e+03	+1.042e+04	+0.264
43.100	+9.371e+03	+2.869e+03	+1.057e+04	+0.234
43.200	+7.778e+03	+2.141e+03	+1.023e+04	+0.216
43.300	+5.927e+03	+2.011e+03	+9.373e+03	+0.253
43.400	+7.205e+03	+2.548e+03	+9.732e+03	+0.261
43.500	+8.255e+03	+2.736e+03	+1.059e+04	+0.249
43.600	+7.872e+03	+2.388e+03	+9.800e+03	+0.233
43.700	+9.041e+03	+2.561e+03	+1.004e+04	+0.221
43.800	+8.957e+03	+3.417e+03	+1.052e+04	+0.276
43.900	+8.114e+03	+1.461e+03	+1.007e+04	+0.153
44.000	+8.131e+03	+3.301e+03	+1.003e+04	+0.289
44.100	+6.833e+03	+2.284e+03	+9.572e+03	+0.251
44.200	+6.642e+03	+2.294e+03	+1.010e+04	+0.257
44.300	+6.924e+03	+2.127e+03	+1.031e+04	+0.235
44.400	+8.061e+03	+2.450e+03	+1.021e+04	+0.233
44.500	+7.162e+03	+2.724e+03	+8.564e+03	+0.276
44.600	+7.881e+03	+9.985e+02	+1.016e+04	+0.112
44.700	+7.048e+03	+2.200e+03	+9.126e+03	+0.238
44.800	+8.105e+03	+2.273e+03	+9.373e+03	+0.219
44.900	+7.653e+03	+1.325e+03	+1.002e+04	+0.148
45.000	+6.383e+03	+3.042e+03	+9.593e+03	+0.323
45.100	+7.787e+03	+2.113e+03	+8.797e+03	+0.213
45.200	+8.161e+03	+2.890e+03	+9.365e+03	+0.262
45.300	+8.008e+03	+2.737e+03	+9.732e+03	+0.255
45.400	+6.513e+03	+2.920e+03	+1.006e+04	+0.310
45.500	+7.961e+03	+2.757e+03	+8.726e+03	+0.257
45.600	+5.841e+03	+4.195e+03	+1.014e+04	+0.418
45.700	+8.477e+03	+1.092e+03	+1.031e+04	+0.114
45.800	+7.239e+03	+3.081e+03	+1.058e+04	+0.299
45.900	+6.550e+03	+2.840e+03	+1.171e+04	+0.302
46.000	+8.257e+03	+2.538e+03	+8.119e+03	+0.235
46.100	+7.023e+03	+2.615e+03	+1.015e+04	+0.271
46.200	+6.585e+03	+1.862e+03	+1.001e+04	+0.220
46.300	+6.610e+03	+3.676e+03	+1.062e+04	+0.357
46.400	+8.888e+03	+3.072e+03	+1.018e+04	+0.257
46.500	+6.858e+03	+1.546e+03	+9.278e+03	+0.184
46.600	+6.612e+03	+2.237e+03	+9.906e+03	+0.253
46.700	+6.888e+03	+4.200e+03	+9.801e+03	+0.379
46.800	+6.587e+03	+2.457e+03	+1.109e+04	+0.272
46.900	+7.918e+03	+2.646e+03	+9.454e+03	+0.250
47.000	+6.978e+03	+2.269e+03	+1.049e+04	+0.245
47.100	+7.468e+03	+3.443e+03	+9.650e+03	+0.316
47.200	+6.535e+03	+1.201e+03	+8.514e+03	+0.155
47.300	+7.524e+03	+2.379e+03	+1.053e+04	+0.240
47.400	+7.834e+03	+3.576e+03	+1.037e+04	+0.313
47.500	+8.138e+03	+3.269e+03	+1.048e+04	+0.287
47.600	+7.944e+03	+3.388e+03	+9.443e+03	+0.299
47.700	+7.122e+03	+3.341e+03	+1.048e+04	+0.319
47.800	+7.472e+03	+3.990e+03	+1.008e+04	+0.348
47.900	+7.973e+03	+3.117e+03	+1.074e+04	+0.281
48.000	+7.030e+03	+2.492e+03	+9.599e+03	+0.262
48.100	+7.602e+03	+2.667e+03	+9.498e+03	+0.260
48.200	+7.530e+03	+1.996e+03	+9.775e+03	+0.210
48.300	+8.283e+03	+2.417e+03	+9.302e+03	+0.226
48.400	+7.350e+03	+2.159e+03	+9.814e+03	+0.227
48.500	+6.772e+03	+2.973e+03	+9.322e+03	+0.305
48.600	+7.204e+03	+1.787e+03	+9.293e+03	+0.199
48.700	+7.458e+03	+2.707e+03	+9.778e+03	+0.266
48.800	+7.098e+03	+1.838e+03	+9.636e+03	+0.206
48.900	+7.174e+03	+2.536e+03	+1.051e+04	+0.261
49.000	+7.947e+03	+2.720e+03	+1.064e+04	+0.255
49.100	+6.979e+03	+2.292e+03	+1.101e+04	+0.247
49.200	+6.848e+03	+3.545e+03	+9.651e+03	+0.341
49.300	+7.739e+03	+2.511e+03	+8.768e+03	+0.245
49.400	+7.308e+03	+2.526e+03	+9.284e+03	+0.257
49.500	+8.485e+03	+3.258e+03	+9.076e+03	+0.277
49.600	+7.218e+03	+1.781e+03	+1.038e+04	+0.198
49.700	+6.815e+03	+1.091e+03	+9.590e+03	+0.138
49.800	+8.462e+03	+2.076e+03	+9.477e+03	+0.197
49.900	+6.607e+03	+1.581e+03	+1.062e+04	+0.193
50.000	+8.827e+03	+2.292e+03	+1.017e+04	+0.206
50.100	+9.061e+03	+3.196e+03	+9.761e+03	+0.261
50.200	+6.590e+03	+2.766e+03	+1.022e+04	+0.296
50.300	+7.054e+03	+2.458e+03	+9.175e+03	+0.258
50.400	+4.750e+03	+4.879e+03	+8.767e+03	+0.507
50.500	+5.819e+03	+5.089e+03	+9.731e+03	+0.467
50.600	+4.793e+03	+5.960e+03	+9.216e+03	+0.554
50.700	+5.303e+03	+6.051e+03	+1.005e+04	+0.533
50.800	+5.107e+03	+3.941e+03	+8.651e+03	+0.436
50.900	+5.333e+03	+5.809e+03	+1.112e+04	+0.521
51.000	+5.333e+03	+5.834e+03	+1.027e+04	+0.522
51.100	+5.028e+03	+5.199e+03	+9.777e+03	+0.508
51.200	+4.362e+03	+4.734e+03	+8.806e+03	+0.520
51.300	+4.296e+03	+3.557e+03	+1.028e+04	+0.453
51.400	+5.220e+03	+3.686e+03	+9.956e+03	+0.414
51.500	+4.727e+03	+4.963e+03	+9.132e+03	+0.512
51.600	+3.877e+03	+4.241e+03	+1.014e+04	+0.522
51.700	+5.664e+03	+6.616e+03	+9.690e+03	+0.539
51.800	+4.396e+03	+4.884e+03	+9.710e+03	+0.526
51.900	+4.924e+03	+4.717e+03	+1.053e+04	+0.489
52.000	+7.448e+03	+3.241e+03	+1.003e+04	+0.303
52.100	+7.183e+03	+3.558e+03	+9.450e+03	+0.331
52.200	+7.480e+03	+2.803e+03	+9.945e+03	+0.273
52.300	+5.716e+03	+3.450e+03	+9.873e+03	+0.376
52.400	+7.793e+03	+2.732e+03	+9.959e+03	+0.260
52.500	+7.896e+03	+2.307e+03	+1.118e+04	+0.226
52.600	+7.787e+03	+2.712e+03	+9.690e+03	+0.258
52.700	+6.835e+03	+1.931e+03	+9.281e+03	+0.220
52.800	+8.070e+03	+2.103e+03	+8.868e+03	+0.207
52.900	+6.255e+03	+2.979e+03	+1.015e+04	+0.323
53.000	+8.116e+03	+2.435e+03	+1.074e+04	+0.231
53.100	+8.347e+03	+1.596e+03	+1.104e+04	+0.161
53.200	+8.036e+03	+2.647e+03	+8.769e+03	+0.248
53.300	+8.101e+03	+3.232e+03	+1.001e+04	+0.285
53.400	+8.600e+03	+2.273e+03	+9.455e+03	+0.209
53.500	+7.905e+03	+2.257e+03	+1.098e+04	+0.222
53.600	+6.054e+03	+1.744e+03	+9.350e+03	+0.224
53.700	+6.849e+03	+2.660e+03	+1.022e+04	+0.280
53.800	+7.992e+03	+2.313e+03	+1.041e+04	+0.224
53.900	+6.565e+03	+1.354e+03	+1.108e+04	+0.171
54.000	+8.160e+03	+2.322e+03	+9.945e+03	+0.222
54.100	+6.980e+03	+1.685e+03	+9.979e+03	+0.194
54.200	+7.087e+03	+1.945e+03	+9.406e+03	+0.215
54.300	+8.435e+03	+2.570e+03	+9.017e+03	+0.233
54.400	+7.001e+03	+2.005e+03	+1.033e+04	+0.223
54.500	+8.280e+03	+2.752e+03	+1.227e+04	+0.249
54.600	+7.511e+03	+2.109e+03	+9.915e+03	+0.219
54.700	+8.394e+03	+2.399e+03	+1.100e+04	+0.222
54.800	+7.346e+03	+2.531e+03	+1.042e+04	+0.256
54.900	+8.232e+03	+2.482e+03	+1.041e+04	+0.232
55.000	+6.752e+03	+1.561e+03	+1.000e+04	+0.188
55.100	+7.471e+03	+2.728e+03	+1.018e+04	+0.267
55.200	+7.066e+03	+2.534e+03	+1.015e+04	+0.264
55.300	+8.051e+03	+2.961e+03	+9.402e+03	+0.269
55.400	+8.324e+03	+3.207e+03	+9.470e+03	+0.278
55.500	+8.406e+03	+3.533e+03	+9.255e+03	+0.296
55.600	+8.324e+03	+2.268e+03	+1.198e+04	+0.214
55.700	+7.576e+03	+3.344e+03	+1.025e+04	+0.306
55.800	+6.247e+03	+1.325e+03	+9.718e+03	+0.175
55.900	+8.814e+03	+1.928e+03	+9.811e+03	+0.180
56.000	+7.719e+03	+3.917e+03	+9.439e+03	+0.337
56.100	+7.909e+03	+2.254e+03	+1.049e+04	+0.222
56.200	+7.400e+03	+2.085e+03	+8.655e+03	+0.220
56.300	+6.443e+03	+2.323e+03	+1.014e+04	+0.265
56.400	+7.745e+03	+1.943e+03	+9.393e+03	+0.201
56.500	+7.768e+03	+2.788e+03	+1.027e+04	+0.264
56.600	+8.211e+03	+2.404e+03	+9.052e+03	+0.226
56.700	+7.572e+03	+1.429e+03	+1.059e+04	+0.159
56.800	+6.520e+03	+3.624e+03	+1.073e+04	+0.357
56.900	+7.180e+03	+1.529e+03	+1.075e+04	+0.176
57.000	+7.692e+03	+3.065e+03	+9.948e+03	+0.285
57.100	+7.266e+03	+3.384e+03	+1.021e+04	+0.318
57.200	+7.278e+03	+3.299e+03	+1.006e+04	+0.312
57.300	+6.546e+03	+2.960e+03	+1.063e+04	+0.311
57.400	+6.766e+03	+2.204e+03	+1.153e+04	+0.246
57.500	+8.016e+03	+2.426e+03	+8.768e+03	+0.232
57.600	+6.018e+03	+2.861e+03	+9.647e+03	+0.322
57.700	+7.118e+03	+1.487e+03	+9.335e+03	+0.173
57.800	+6.756e+03	+3.164e+03	+8.772e+03	+0.319
57.900	+7.237e+03	+2.205e+03	+1.053e+04	+0.234
58.000	+7.245e+03	+3.324e+03	+9.440e+03	+0.315
58.100	+7.701e+03	+2.066e+03	+9.718e+03	+0.211
58.200	+6.913e+03	+1.482e+03	+9.432e+03	+0.177
58.300	+6.281e+03	+1.818e+03	+1.017e+04	+0.224
58.400	+7.544e+03	+3.426e+03	+9.346e+03	+0.312
58.500	+7.651e+03	+7.958e+02	+1.040e+04	+0.094
58.600	+8.163e+03	+2.296e+03	+1.066e+04	+0.220
58.700	+7.759e+03	+3.900e+03	+9.449e+03	+0.335
58.800	+6.449e+03	+2.287e+03	+1.049e+04	+0.262
58.900	+7.082e+03	+3.348e+03	+9.658e+03	+0.321
59.000	+8.221e+03	+2.268e+03	+1.049e+04	+0.216
59.100	+7.510e+03	+3.505e+03	+9.941e+03	+0.318
59.200	+7.811e+03	+3.289e+03	+9.726e+03	+0.296
59.300	+7.630e+03	+2.216e+03	+1.039e+04	+0.225
59.400	+8.102e+03	+2.484e+03	+9.158e+03	+0.235
59.500	+7.195e+03	+3.230e+03	+1.127e+04	+0.310
59.600	+7.698e+03	+2.350e+03	+1.105e+04	+0.234
59.700	+6.860e+03	+2.928e+03	+1.029e+04	+0.299
59.800	+6.937e+03	+2.076e+03	+1.048e+04	+0.230
59.900	+8.515e+03	+2.274e+03	+9.023e+03	+0.211
60.000	+7.125e+03	+1.762e+03	+9.922e+03	+0.198
60.100	+8.396e+03	+2.197e+03	+9.884e+03	+0.207
60.200	+5.954e+03	+2.452e+03	+9.090e+03	+0.292
60.300	+7.593e+03	+2.593e+03	+9.169e+03	+0.255
60.400	+7.874e+03	+2.959e+03	+9.114e+03	+0.273
60.500	+7.686e+03	+3.190e+03	+9.506e+03	+0.293
60.600	+7.954e+03	+1.652e+03	+9.149e+03	+0.172
60.700	+6.893e+03	+2.901e+03	+1.015e+04	+0.296
60.800	+7.672e+03	+2.094e+03	+9.449e+03	+0.214
60.900	+8.090e+03	+2.090e+03	+1.058e+04	+0.205
61.000	+7.815e+03	+1.472e+03	+9.106e+03	+0.159
61.100	+7.167e+03	+3.714e+03	+1.081e+04	+0.341
61.200	+6.440e+03	+2.029e+03	+1.038e+04	+0.240
61.300	+7.258e+03	+2.215e+03	+1.014e+04	+0.234
61.400	+7.246e+03	+2.051e+03	+9.427e+03	+0.221
61.500	+9.535e+03	+2.992e+03	+1.144e+04	+0.239
61.600	+7.522e+03	+2.442e+03	+1.116e+04	+0.245
61.700	+7.913e+03	+1.366e+03	+1.037e+04	+0.147
61.800	+8.224e+03	+2.568e+03	+9.596e+03	+0.238
61.900	+6.944e+03	+2.799e+03	+8.484e+03	+0.287
62.000	+6.775e+03	+3.711e+03	+1.041e+04	+0.354
62.100	+5.445e+03	+2.469e+03	+9.771e+03	+0.312
62.200	+8.547e+03	+1.820e+03	+9.983e+03	+0.176
62.300	+8.371e+03	+2.871e+03	+1.127e+04	+0.255
62.400	+7.104e+03	+2.814e+03	+9.753e+03	+0.284
62.500	+8.048e+03	+2.445e+03	+7.999e+03	+0.233
62.600	+7.241e+03	+2.689e+03	+9.473e+03	+0.271
62.700	+7.855e+03	+2.676e+03	+8.941e+03	+0.254
62.800	+7.642e+03	+2.626e+03	+1.007e+04	+0.256
62.900	+8.182e+03	+2.878e+03	+1.029e+04	+0.260
63.000	+6.910e+03	+2.005e+03	+1.056e+04	+0.225
63.100	+7.607e+03	+2.643e+03	+1.124e+04	+0.258
63.200	+7.403e+03	+3.045e+03	+1.081e+04	+0.291
63.300	+7.664e+03	+2.421e+03	+9.964e+03	+0.240
63.400	+7.981e+03	+1.389e+03	+1.034e+04	+0.148
63.500	+7.405e+03	+2.635e+03	+9.554e+03	+0.262
63.600	+7.178e+03	+2.039e+03	+9.877e+03	+0.221
63.700	+7.792e+03	+2.110e+03	+9.887e+03	+0.213
63.800	+6.400e+03	+2.571e+03	+9.787e+03	+0.287
63.900	+7.715e+03	+2.733e+03	+8.810e+03	+0.262
64.000	+8.742e+03	+3.391e+03	+9.429e+03	+0.279
64.100	+7.870e+03	+2.421e+03	+1.111e+04	+0.235
64.200	+8.184e+03	+3.790e+03	+9.728e+03	+0.317
64.300	+9.092e+03	+3.607e+03	+1.155e+04	+0.284
64.400	+6.787e+03	+2.207e+03	+1.018e+04	+0.245
64.500	+6.439e+03	+2.649e+03	+9.461e+03	+0.292
64.600	+7.244e+03	+6.014e+02	+8.765e+03	+0.077
64.700	+7.005e+03	+2.554e+03	+8.709e+03	+0.267
64.800	+7.508e+03	+2.361e+03	+1.076e+04	+0.239
64.900	+5.996e+03	+2.493e+03	+9.014e+03	+0.294
65.000	+7.483e+03	+2.914e+03	+1.120e+04	+0.280
65.100	+6.659e+03	+2.364e+03	+1.011e+04	+0.262
65.200	+7.744e+03	+4.100e+03	+1.069e+04	+0.346
65.300	+7.549e+03	+2.646e+03	+1.124e+04	+0.260
65.400	+7.318e+03	+1.905e+03	+8.915e+03	+0.207
65.500	+7.067e+03	+3.171e+03	+1.036e+04	+0.310
65.600	+7.221e+03	+3.425e+03	+1.094e+04	+0.322
65.700	+6.431e+03	+2.903e+03	+9.590e+03	+0.311
65.800	+7.157e+03	+2.153e+03	+1.062e+04	+0.231
65.900	+7.094e+03	+9.517e+02	+1.062e+04	+0.118
66.000	+7.104e+03	+3.605e+03	+9.229e+03	+0.337
66.100	+7.469e+03	+3.049e+03	+9.867e+03	+0.290
66.200	+6.807e+03	+3.690e+03	+9.508e+03	+0.352
66.300	+7.879e+03	+2.348e+03	+1.057e+04	+0.230
66.400	+7.840e+03	+2.532e+03	+1.072e+04	+0.244
66.500	+7.558e+03	+2.442e+03	+1.057e+04	+0.244
66.600	+7.129e+03	+2.700e+03	+9.873e+03	+0.275
66.700	+8.035e+03	+3.079e+03	+9.081e+03	+0.277
66.800	+7.518e+03	+1.657e+03	+1.012e+04	+0.181
66.900	+7.697e+03	+3.340e+03	+9.883e+03	+0.303
67.000	+7.731e+03	+1.694e+03	+8.008e+03	+0.180
67.100	+6.896e+03	+2.377e+03	+1.101e+04	+0.256
67.200	+7.660e+03	+1.857e+03	+9.884e+03	+0.195
67.300	+7.876e+03	+2.188e+03	+9.693e+03	+0.217
67.400	+7.178e+03	+2.523e+03	+9.446e+03	+0.260
67.500	+7.927e+03	+2.967e+03	+1.101e+04	+0.272
67.600	+6.622e+03	+2.120e+03	+9.904e+03	+0.243
67.700	+7.788e+03	+3.185e+03	+1.001e+04	+0.290
67.800	+7.468e+03	+2.548e+03	+1.042e+04	+0.254
67.900	+6.915e+03	+2.153e+03	+9.250e+03	+0.237
68.000	+8.634e+03	+2.172e+03	+1.008e+04	+0.201
68.100	+6.982e+03	+2.774e+03	+9.823e+03	+0.284
68.200	+8.696e+03	+2.853e+03	+9.120e+03	+0.247
68.300	+8.248e+03	+2.638e+03	+1.047e+04	+0.242
68.400	+8.410e+03	+2.699e+03	+1.073e+04	+0.243
68.500	+8.072e+03	+1.329e+03	+9.375e+03	+0.141
68.600	+7.914e+03	+3.156e+03	+9.853e+03	+0.285
68.700	+7.531e+03	+2.323e+03	+1.033e+04	+0.236
68.800	+7.017e+03	+3.528e+03	+1.102e+04	+0.335
68.900	+8.031e+03	+3.106e+03	+9.564e+03	+0.279
69.000	+8.822e+03	+2.540e+03	+1.043e+04	+0.224
69.100	+6.602e+03	+2.397e+03	+9.987e+03	+0.266
69.200	+8.348e+03	+1.993e+03	+9.989e+03	+0.193
69.300	+8.361e+03	+2.397e+03	+1.006e+04	+0.223
69.400	+6.713e+03	+2.984e+03	+1.027e+04	+0.308
69.500	+7.085e+03	+2.072e+03	+9.508e+03	+0.226
69.600	+8.428e+03	+2.752e+03	+8.382e+03	+0.246
69.700	+7.771e+03	+2.093e+03	+1.033e+04	+0.212
69.800	+7.639e+03	+3.510e+03	+9.773e+03	+0.315
69.900	+6.520e+03	+1.151e+03	+8.797e+03	+0.150
70.000	+8.163e+03	+2.042e+03	+1.130e+04	+0.200
70.100	+8.352e+03	+2.468e+03	+1.118e+04	+0.228
70.200	+8.200e+03	+3.364e+03	+1.005e+04	+0.291
70.300	+7.785e+03	+2.113e+03	+9.192e+03	+0.213
70.400	+8.215e+03	+4.524e+03	+1.032e+04	+0.355
70.500	+8.612e+03	+1.791e+03	+8.363e+03	+0.172
70.600	+7.501e+03	+3.111e+03	+9.718e+03	+0.293
70.700	+7.330e+03	+2.135e+03	+1.101e+04	+0.226
70.800	+7.128e+03	+3.243e+03	+1.037e+04	+0.313
70.900	+8.518e+03	+2.714e+03	+1.021e+04	+0.242
71.000	+7.498e+03	+3.224e+03	+9.931e+03	+0.301
71.100	+7.048e+03	+2.456e+03	+1.045e+04	+0.258
71.200	+9.605e+03	+3.062e+03	+9.956e+03	+0.242
71.300	+7.667e+03	+2.905e+03	+9.461e+03	+0.275
71.400	+5.913e+03	+2.251e+03	+9.162e+03	+0.276
71.500	+7.535e+03	+1.586e+03	+1.038e+04	+0.174
71.600	+8.469e+03	+4.233e+03	+1.104e+04	+0.333
71.700	+6.470e+03	+2.944e+03	+1.031e+04	+0.313
71.800	+7.547e+03	+3.306e+03	+9.291e+03	+0.305
71.900	+7.384e+03	+1.875e+03	+9.658e+03	+0.203
72.000	+6.908e+03	+3.339e+03	+9.494e+03	+0.326
72.100	+6.890e+03	+2.249e+03	+1.058e+04	+0.246
72.200	+7.602e+03	+3.037e+03	+9.309e+03	+0.285
72.300	+6.522e+03	+1.427e+03	+9.688e+03	+0.179
72.400	+8.179e+03	+2.252e+03	+9.791e+03	+0.216
72.500	+8.197e+03	+1.390e+03	+1.011e+04	+0.145
72.600	+8.694e+03	+1.771e+03	+1.028e+04	+0.169
72.700	+6.484e+03	+2.072e+03	+9.723e+03	+0.242
72.800	+7.322e+03	+3.838e+03	+8.822e+03	+0.344
72.900	+7.488e+03	+1.718e+03	+9.190e+03	+0.187
73.000	+8.280e+03	+1.955e+03	+9.254e+03	+0.191
73.100	+6.766e+03	+2.327e+03	+8.866e+03	+0.256
73.200	+7.015e+03	+2.224e+03	+1.053e+04	+0.241
73.300	+7.894e+03	+1.589e+03	+9.679e+03	+0.168
73.400	+6.982e+03	+2.184e+03	+1.042e+04	+0.238
73.500	+5.566e+03	+2.359e+03	+1.047e+04	+0.298
73.600	+7.825e+03	+3.706e+03	+1.113e+04	+0.321
73.700	+7.601e+03	+2.596e+03	+9.718e+03	+0.255
73.800	+7.608e+03	+3.371e+03	+9.687e+03	+0.307
73.900	+8.704e+03	+2.929e+03	+9.240e+03	+0.252
74.000	+8.144e+03	+2.060e+03	+9.028e+03	+0.202
74.100	+8.289e+03	+3.329e+03	+9.915e+03	+0.287
74.200	+8.230e+03	+2.668e+03	+9.053e+03	+0.245
74.300	+8.721e+03	+2.115e+03	+1.073e+04	+0.195
74.400	+7.967e+03	+1.612e+03	+9.107e+03	+0.168
74.500	+5.551e+03	+2.653e+03	+1.065e+04	+0.323
74.600	+6.879e+03	+2.789e+03	+9.277e+03	+0.288
74.700	+7.449e+03	+3.108e+03	+9.851e+03	+0.294
74.800	+8.059e+03	+2.368e+03	+8.935e+03	+0.227
74.900	+8.438e+03	+1.728e+03	+9.147e+03	+0.170
75.000	+8.767e+03	+2.425e+03	+1.096e+04	+0.217
75.100	+7.033e+03	+2.854e+03	+8.699e+03	+0.289
75.200	+7.425e+03	+3.367e+03	+1.074e+04	+0.312
75.300	+7.725e+03	+2.432e+03	+1.029e+04	+0.239
75.400	+7.643e+03	+1.648e+03	+1.121e+04	+0.177
75.500	+7.942e+03	+2.470e+03	+1.000e+04	+0.237
75.600	+5.968e+03	+2.491e+03	+9.052e+03	+0.294
75.700	+7.287e+03	+3.034e+03	+9.987e+03	+0.294
75.800	+7.318e+03	+1.457e+03	+1.031e+04	+0.166
75.900	+7.147e+03	+2.676e+03	+1.047e+04	+0.272
76.000	+7.870e+03	+2.700e+03	+9.057e+03	+0.255
76.100	+7.767e+03	+3.839e+03	+9.592e+03	+0.331
76.200	+5.102e+03	+5.661e+03	+9.370e+03	+0.526
76.300	+5.871e+03	+3.576e+03	+9.539e+03	+0.379
76.400	+4.725e+03	+4.251e+03	+8.933e+03	+0.474
76.500	+5.310e+03	+5.261e+03	+1.057e+04	+0.498
76.600	+5.345e+03	+3.888e+03	+1.041e+04	+0.421
76.700	+3.995e+03	+5.890e+03	+9.270e+03	+0.596
76.800	+5.275e+03	+5.059e+03	+1.141e+04	+0.490
76.900	+4.533e+03	+4.813e+03	+9.473e+03	+0.515
77.000	+4.911e+03	+5.583e+03	+9.473e+03	+0.532
77.100	+5.573e+03	+4.052e+03	+1.063e+04	+0.421
77.200	+5.246e+03	+5.583e+03	+9.468e+03	+0.516
77.300	+4.976e+03	+6.351e+03	+1.006e+04	+0.561
77.400	+4.850e+03	+5.889e+03	+9.291e+03	+0.548
77.500	+5.341e+03	+4.535e+03	+9.862e+03	+0.459
77.600	+5.038e+03	+5.303e+03	+1.038e+04	+0.513
77.700	+5.704e+03	+4.654e+03	+1.086e+04	+0.449
77.800	+5.478e+03	+5.395e+03	+1.029e+04	+0.496
77.900	+6.553e+03	+5.349e+03	+1.030e+04	+0.449
78.000	+4.561e+03	+5.015e+03	+1.128e+04	+0.524
78.100	+4.992e+03	+4.734e+03	+1.042e+04	+0.487
78.200	+6.552e+03	+3.995e+03	+9.141e+03	+0.379
78.300	+7.576e+03	+2.898e+03	+9.155e+03	+0.277
78.400	+6.750e+03	+1.733e+03	+1.037e+04	+0.204
78.500	+8.036e+03	+3.188e+03	+9.690e+03	+0.284
78.600	+8.739e+03	+1.889e+03	+1.041e+04	+0.178
78.700	+7.880e+03	+1.842e+03	+1.037e+04	+0.189
78.800	+7.180e+03	+7.269e+02	+8.835e+03	+0.092
78.900	+7.328e+03	+1.652e+03	+1.088e+04	+0.184
79.000	+7.824e+03	+2.532e+03	+8.875e+03	+0.245
79.100	+9.104e+03	+1.508e+03	+1.045e+04	+0.142
79.200	+8.052e+03	+1.416e+03	+1.159e+04	+0.150
79.300	+6.728e+03	+3.007e+03	+1.044e+04	+0.309
79.400	+8.486e+03	+3.222e+03	+1.049e+04	+0.275
79.500	+7.281e+03	+2.558e+03	+9.528e+03	+0.260
79.600	+8.234e+03	+3.124e+03	+1.053e+04	+0.275
79.700	+6.349e+03	+3.241e+03	+1.029e+04	+0.338
79.800	+8.613e+03	+3.087e+03	+9.108e+03	+0.264
79.900	+7.203e+03	+2.949e+03	+1.069e+04	+0.290
80.000	+6.776e+03	+2.731e+03	+9.263e+03	+0.287
80.100	+7.086e+03	+2.603e+03	+1.018e+04	+0.269
80.200	+7.457e+03	+2.032e+03	+1.033e+04	+0.214
80.300	+7.984e+03	+2.240e+03	+1.131e+04	+0.219
80.400	+8.213e+03	+2.970e+03	+1.036e+04	+0.266
80.500	+6.968e+03	+3.209e+03	+1.022e+04	+0.315
80.600	+6.318e+03	+3.507e+03	+9.851e+03	+0.357
80.700	+7.301e+03	+3.244e+03	+9.444e+03	+0.308
80.800	+7.398e+03	+3.588e+03	+1.092e+04	+0.327
80.900	+6.889e+03	+3.367e+03	+9.340e+03	+0.328
81.000	+6.299e+03	+2.476e+03	+9.443e+03	+0.282
81.100	+8.574e+03	+2.881e+03	+8.282e+03	+0.251
81.200	+8.308e+03	+1.840e+03	+9.830e+03	+0.181
81.300	+8.689e+03	+2.339e+03	+9.664e+03	+0.212
81.400	+8.453e+03	+2.099e+03	+1.026e+04	+0.199
81.500	+7.305e+03	+2.904e+03	+1.083e+04	+0.284
81.600	+7.787e+03	+2.209e+03	+9.750e+03	+0.221
81.700	+7.927e+03	+1.400e+03	+9.060e+03	+0.150
81.800	+7.667e+03	+2.673e+03	+1.022e+04	+0.259
81.900	+7.443e+03	+2.939e+03	+1.137e+04	+0.283
82.000	+8.812e+03	+2.137e+03	+1.019e+04	+0.195
82.100	+5.996e+03	+1.146e+03	+1.128e+04	+0.160
82.200	+8.100e+03	+3.281e+03	+1.012e+04	+0.288
82.300	+7.461e+03	+2.231e+03	+1.133e+04	+0.230
82.400	+6.844e+03	+2.909e+03	+1.001e+04	+0.298
82.500	+7.792e+03	+2.953e+03	+1.128e+04	+0.275
82.600	+7.703e+03	+2.634e+03	+8.948e+03	+0.255
82.700	+7.366e+03	+1.476e+03	+1.052e+04	+0.167
82.800	+6.922e+03	+2.381e+03	+8.933e+03	+0.256
82.900	+7.410e+03	+2.105e+03	+9.436e+03	+0.221
83.000	+7.818e+03	+3.587e+03	+9.385e+03	+0.314
83.100	+7.780e+03	+2.200e+03	+9.475e+03	+0.220
83.200	+8.031e+03	+2.201e+03	+1.094e+04	+0.215
83.300	+8.416e+03	+2.820e+03	+1.106e+04	+0.251
83.400	+8.396e+03	+3.709e+03	+1.121e+04	+0.306
83.500	+7.083e+03	+2.221e+03	+1.064e+04	+0.239
83.600	+7.276e+03	+2.155e+03	+1.046e+04	+0.228
83.700	+8.053e+03	+2.490e+03	+1.081e+04	+0.236
83.800	+8.378e+03	+1.989e+03	+1.023e+04	+0.192
83.900	+6.776e+03	+2.271e+03	+9.058e+03	+0.251
84.000	+6.055e+03	+3.339e+03	+1.055e+04	+0.355
84.100	+6.605e+03	+2.589e+03	+1.038e+04	+0.282
84.200	+8.099e+03	+1.859e+03	+1.064e+04	+0.187
84.300	+7.076e+03	+3.714e+03	+1.116e+04	+0.344
84.400	+8.309e+03	+1.995e+03	+1.034e+04	+0.194
84.500	+6.575e+03	+1.680e+03	+1.090e+04	+0.203
84.600	+7.221e+03	+2.370e+03	+1.101e+04	+0.247
84.700	+6.611e+03	+4.370e+03	+1.094e+04	+0.398
84.800	+8.318e+03	+2.299e+03	+9.278e+03	+0.217
84.900	+7.868e+03	+2.452e+03	+9.984e+03	+0.238
85.000	+7.870e+03	+3.228e+03	+9.302e+03	+0.291
85.100	+6.826e+03	+1.515e+03	+9.157e+03	+0.182
85.200	+7.618e+03	+2.264e+03	+1.000e+04	+0.229
85.300	+7.162e+03	+1.596e+03	+1.130e+04	+0.182
85.400	+8.009e+03	+2.118e+03	+1.177e+04	+0.209
85.500	+7.046e+03	+2.751e+03	+9.422e+03	+0.281
85.600	+7.332e+03	+6.363e+02	+1.145e+04	+0.080
85.700	+8.235e+03	+2.481e+03	+9.232e+03	+0.232
85.800	+7.766e+03	+1.136e+03	+8.138e+03	+0.128
85.900	+7.795e+03	+2.292e+03	+9.782e+03	+0.227
86.000	+7.804e+03	+2.000e+03	+1.002e+04	+0.204
86.100	+6.963e+03	+2.952e+03	+1.041e+04	+0.298
86.200	+6.778e+03	+1.445e+03	+1.010e+04	+0.176
86.300	+7.290e+03	+3.127e+03	+8.829e+03	+0.300
86.400	+7.929e+03	+2.672e+03	+1.096e+04	+0.252
86.500	+7.096e+03	+2.405e+03	+9.166e+03	+0.253
86.600	+7.444e+03	+1.605e+03	+9.856e+03	+0.177
86.700	+6.839e+03	+1.363e+03	+1.025e+04	+0.166
86.800	+7.577e+03	+1.619e+03	+1.100e+04	+0.176
86.900	+7.909e+03	+1.807e+03	+8.885e+03	+0.186
87.000	+7.492e+03	+2.767e+03	+9.906e+03	+0.270
87.100	+6.913e+03	+1.377e+03	+1.091e+04	+0.166
87.200	+7.584e+03	+2.714e+03	+1.024e+04	+0.264
87.300	+6.676e+03	+2.444e+03	+1.115e+04	+0.268
87.400	+7.620e+03	+1.501e+03	+9.500e+03	+0.165
87.500	+5.778e+03	+2.485e+03	+9.926e+03	+0.301
87.600	+7.714e+03	+1.072e+03	+1.028e+04	+0.122
87.700	+8.064e+03	+2.331e+03	+8.850e+03	+0.224
87.800	+6.993e+03	+2.774e+03	+9.909e+03	+0.284
87.900	+6.022e+03	+2.835e+03	+1.043e+04	+0.320
88.000	+8.159e+03	+2.696e+03	+1.010e+04	+0.248
88.100	+7.444e+03	+2.025e+03	+1.019e+04	+0.214
88.200	+8.027e+03	+2.960e+03	+9.118e+03	+0.269
88.300	+7.918e+03	+2.464e+03	+1.001e+04	+0.237
88.400	+7.973e+03	+3.529e+03	+1.013e+04	+0.307
88.500	+7.921e+03	+1.808e+03	+1.017e+04	+0.186
88.600	+6.480e+03	+1.807e+03	+9.870e+03	+0.218
88.700	+8.087e+03	+3.230e+03	+9.487e+03	+0.285
88.800	+7.543e+03	+1.576e+03	+1.055e+04	+0.173
88.900	+7.082e+03	+2.302e+03	+1.174e+04	+0.245
89.000	+7.462e+03	+2.571e+03	+1.000e+04	+0.256
89.100	+7.451e+03	+1.946e+03	+9.255e+03	+0.207
89.200	+7.451e+03	+2.141e+03	+9.375e+03	+0.223
89.300	+8.058e+03	+1.980e+03	+1.000e+04	+0.197
89.400	+7.323e+03	+3.441e+03	+9.854e+03	+0.320
89.500	+7.154e+03	+3.083e+03	+8.738e+03	+0.301
89.600	+8.239e+03	+2.478e+03	+9.619e+03	+0.231
89.700	+8.023e+03	+2.880e+03	+1.196e+04	+0.264
89.800	+7.995e+03	+2.632e+03	+1.019e+04	+0.248
89.900	+7.143e+03	+3.018e+03	+1.121e+04	+0.297
90.000	+8.846e+03	+1.809e+03	+1.014e+04	+0.170
90.100	+8.334e+03	+1.939e+03	+9.785e+03	+0.189
90.200	+7.790e+03	+2.568e+03	+8.893e+03	+0.248
90.300	+7.800e+03	+1.333e+03	+1.066e+04	+0.146
90.400	+6.957e+03	+2.644e+03	+9.170e+03	+0.275
90.500	+7.043e+03	+2.087e+03	+1.113e+04	+0.229
90.600	+5.808e+03	+2.179e+03	+1.112e+04	+0.273
90.700	+8.106e+03	+2.995e+03	+9.232e+03	+0.270
90.800	+8.648e+03	+2.623e+03	+9.117e+03	+0.233
90.900	+7.057e+03	+3.320e+03	+1.149e+04	+0.320
91.000	+8.234e+03	+3.272e+03	+9.195e+03	+0.284
91.100	+7.739e+03	+1.863e+03	+8.521e+03	+0.194
91.200	+8.037e+03	+3.200e+03	+9.530e+03	+0.285
91.300	+7.195e+03	+3.005e+03	+1.023e+04	+0.295
91.400	+8.545e+03	+3.773e+03	+1.014e+04	+0.306
91.500	+7.767e+03	+2.939e+03	+1.039e+04	+0.275
91.600	+8.060e+03	+2.561e+03	+1.027e+04	+0.241
91.700	+6.592e+03	+2.911e+03	+9.947e+03	+0.306
91.800	+7.501e+03	+2.379e+03	+1.082e+04	+0.241
91.900	+7.537e+03	+2.449e+03	+8.897e+03	+0.245
92.000	+7.922e+03	+2.549e+03	+1.004e+04	+0.243
92.100	+6.415e+03	+2.674e+03	+1.018e+04	+0.294
92.200	+7.101e+03	+1.261e+03	+1.102e+04	+0.151
92.300	+8.781e+03	+2.350e+03	+1.032e+04	+0.211
92.400	+7.849e+03	+2.409e+03	+1.116e+04	+0.235
92.500	+8.350e+03	+3.238e+03	+9.673e+03	+0.279
92.600	+8.203e+03	+1.225e+03	+1.050e+04	+0.130
92.700	+7.825e+03	+2.094e+03	+9.058e+03	+0.211
92.800	+7.198e+03	+2.151e+03	+1.003e+04	+0.230
92.900	+7.726e+03	+1.536e+03	+1.054e+04	+0.166
93.000	+9.054e+03	+2.781e+03	+9.272e+03	+0.235
93.100	+7.223e+03	+3.070e+03	+1.016e+04	+0.298
93.200	+6.862e+03	+1.628e+03	+1.017e+04	+0.192
93.300	+7.287e+03	+2.475e+03	+1.043e+04	+0.254
93.400	+7.563e+03	+2.780e+03	+1.080e+04	+0.269
93.500	+7.638e+03	+2.720e+03	+1.026e+04	+0.263
93.600	+8.918e+03	+2.515e+03	+8.969e+03	+0.220
93.700	+7.502e+03	+3.084e+03	+8.889e+03	+0.291
93.800	+8.633e+03	+3.186e+03	+9.446e+03	+0.270
93.900	+6.918e+03	+2.847e+03	+9.968e+03	+0.292
94.000	+7.559e+03	+3.453e+03	+1.032e+04	+0.314
94.100	+8.161e+03	+3.514e+03	+9.515e+03	+0.301
94.200	+8.275e+03	+2.184e+03	+9.118e+03	+0.209
94.300	+6.560e+03	+2.683e+03	+1.053e+04	+0.290
94.400	+7.081e+03	+2.899e+03	+8.953e+03	+0.290
94.500	+7.751e+03	+2.410e+03	+9.779e+03	+0.237
94.600	+7.574e+03	+2.774e+03	+1.147e+04	+0.268
94.700	+7.777e+03	+2.786e+03	+9.546e+03	+0.264
94.800	+6.645e+03	+3.876e+03	+1.015e+04	+0.368
94.900	+8.763e+03	+2.005e+03	+8.925e+03	+0.186
95.000	+6.418e+03	+2.501e+03	+9.096e+03	+0.280
95.100	+7.993e+03	+2.124e+03	+1.034e+04	+0.210
95.200	+8.664e+03	+2.451e+03	+1.127e+04	+0.220
95.300	+8.848e+03	+2.621e+03	+9.215e+03	+0.229
95.400	+7.890e+03	+2.861e+03	+9.831e+03	+0.266
95.500	+7.234e+03	+2.494e+03	+1.001e+04	+0.256
95.600	+6.834e+03	+2.691e+03	+1.087e+04	+0.282
95.700	+7.700e+03	+1.457e+03	+1.112e+04	+0.159
95.800	+7.111e+03	+2.406e+03	+1.067e+04	+0.253
95.900	+6.319e+03	+1.963e+03	+9.596e+03	+0.237
96.000	+7.707e+03	+2.547e+03	+9.314e+03	+0.248
96.100	+7.466e+03	+2.370e+03	+1.030e+04	+0.241
96.200	+7.606e+03	+2.896e+03	+9.461e+03	+0.276
96.300	+7.230e+03	+1.977e+03	+9.564e+03	+0.215
96.400	+7.043e+03	+2.618e+03	+9.685e+03	+0.271
96.500	+7.369e+03	+2.535e+03	+9.082e+03	+0.256
96.600	+7.122e+03	+2.476e+03	+9.955e+03	+0.258
96.700	+7.747e+03	+2.142e+03	+9.357e+03	+0.217
96.800	+6.875e+03	+3.740e+03	+1.014e+04	+0.352
96.900	+7.626e+03	+1.921e+03	+9.613e+03	+0.201
97.000	+7.930e+03	+4.192e+03	+9.383e+03	+0.346
97.100	+8.156e+03	+2.080e+03	+1.021e+04	+0.203
97.200	+7.084e+03	+2.156e+03	+9.869e+03	+0.233
97.300	+8.617e+03	+1.944e+03	+1.101e+04	+0.184
97.400	+6.826e+03	+1.919e+03	+1.096e+04	+0.219
97.500	+6.915e+03	+3.700e+03	+1.130e+04	+0.349
97.600	+7.649e+03	+1.612e+03	+9.135e+03	+0.174
97.700	+7.636e+03	+2.699e+03	+8.978e+03	+0.261
97.800	+8.429e+03	+3.208e+03	+9.597e+03	+0.276
97.900	+6.893e+03	+1.619e+03	+9.813e+03	+0.190
98.000	+7.047e+03	+1.194e+03	+1.115e+04	+0.145
98.100	+8.144e+03	+2.796e+03	+1.009e+04	+0.256
98.200	+8.469e+03	+2.450e+03	+9.383e+03	+0.224
98.300	+6.980e+03	+2.460e+03	+1.091e+04	+0.261
98.400	+7.107e+03	+2.761e+03	+8.876e+03	+0.280
98.500	+7.454e+03	+2.183e+03	+9.911e+03	+0.227
98.600	+7.282e+03	+2.986e+03	+8.852e+03	+0.291
98.700	+6.879e+03	+2.636e+03	+9.476e+03	+0.277
98.800	+7.235e+03	+2.359e+03	+9.607e+03	+0.246
98.900	+6.352e+03	+1.952e+03	+9.354e+03	+0.235
99.000	+8.086e+03	+2.823e+03	+9.459e+03	+0.259
99.100	+7.961e+03	+3.499e+03	+9.389e+03	+0.305
99.200	+6.417e+03	+2.243e+03	+9.198e+03	+0.259
99.300	+7.937e+03	+2.555e+03	+1.043e+04	+0.244
99.400	+7.247e+03	+2.317e+03	+9.411e+03	+0.242
99.500	+7.843e+03	+2.291e+03	+9.671e+03	+0.226
99.600	+7.400e+03	+2.504e+03	+1.074e+04	+0.253
99.700	+7.326e+03	+2.406e+03	+9.598e+03	+0.247
99.800	+7.469e+03	+3.518e+03	+1.033e+04	+0.320
99.900	+8.001e+03	+3.674e+03	+9.334e+03	+0.315
100.000	+6.167e+03	+3.172e+03	+1.056e+04	+0.340
100.100	+7.193e+03	+3.391e+03	+1.105e+04	+0.320
100.200	+6.281e+03	+1.494e+03	+1.007e+04	+0.192
100.300	+5.918e+03	+2.030e+03	+1.007e+04	+0.255
100.400	+6.789e+03	+2.838e+03	+8.551e+03	+0.295
100.500	+7.974e+03	+2.917e+03	+1.000e+04	+0.268
100.600	+7.349e+03	+2.222e+03	+9.039e+03	+0.232
100.700	+7.744e+03	+3.259e+03	+1.062e+04	+0.296
100.800	+7.200e+03	+2.361e+03	+9.885e+03	+0.247
100.900	+6.194e+03	+2.646e+03	+1.046e+04	+0.299
101.000	+7.262e+03	+1.981e+03	+1.106e+04	+0.214
101.100	+7.022e+03	+2.054e+03	+9.835e+03	+0.226
101.200	+6.987e+03	+2.232e+03	+1.037e+04	+0.242
101.300	+7.700e+03	+3.018e+03	+9.515e+03	+0.282
101.400	+7.379e+03	+1.637e+03	+1.099e+04	+0.182
101.500	+6.817e+03	+1.885e+03	+1.016e+04	+0.217
101.600	+7.285e+03	+2.595e+03	+9.749e+03	+0.263
101.700	+6.759e+03	+2.696e+03	+9.582e+03	+0.285
101.800	+6.968e+03	+3.181e+03	+9.921e+03	+0.313
101.900	+7.856e+03	+3.671e+03	+9.803e+03	+0.319
102.000	+9.003e+03	+2.220e+03	+9.961e+03	+0.198
102.100	+7.182e+03	+3.344e+03	+1.059e+04	+0.318
102.200	+6.942e+03	+2.910e+03	+1.033e+04	+0.295
102.300	+6.884e+03	+1.258e+03	+1.062e+04	+0.154
102.400	+7.876e+03	+1.529e+03	+1.076e+04	+0.163
102.500	+6.833e+03	+2.647e+03	+9.754e+03	+0.279
102.600	+7.126e+03	+2.559e+03	+9.943e+03	+0.264
102.700	+7.341e+03	+1.577e+03	+1.030e+04	+0.177
102.800	+7.860e+03	+3.029e+03	+1.054e+04	+0.278
102.900	+7.807e+03	+2.995e+03	+1.037e+04	+0.277
103.000	+7.897e+03	+2.487e+03	+9.928e+03	+0.240
103.100	+7.125e+03	+2.502e+03	+9.907e+03	+0.260
103.200	+7.566e+03	+1.985e+03	+8.954e+03	+0.208
103.300	+7.251e+03	+3.754e+03	+1.009e+04	+0.341
103.400	+8.138e+03	+2.201e+03	+1.003e+04	+0.213
103.500	+6.826e+03	+2.508e+03	+1.086e+04	+0.269
103.600	+7.145e+03	+2.491e+03	+1.033e+04	+0.258
103.700	+6.695e+03	+3.792e+03	+1.106e+04	+0.362
103.800	+6.629e+03	+3.421e+03	+9.194e+03	+0.340
103.900	+7.861e+03	+4.001e+03	+1.046e+04	+0.337
104.000	+7.451e+03	+2.538e+03	+9.915e+03	+0.254
104.100	+9.035e+03	+2.893e+03	+1.086e+04	+0.243
104.200	+7.674e+03	+2.632e+03	+9.914e+03	+0.255
104.300	+8.430e+03	+1.707e+03	+1.167e+04	+0.168
104.400	+7.305e+03	+1.958e+03	+9.554e+03	+0.211
104.500	+7.228e+03	+1.783e+03	+8.660e+03	+0.198
104.600	+8.122e+03	+2.514e+03	+1.137e+04	+0.236
104.700	+7.231e+03	+1.651e+03	+9.139e+03	+0.186
104.800	+7.071e+03	+2.490e+03	+1.039e+04	+0.260
104.900	+7.288e+03	+3.390e+03	+1.051e+04	+0.318
105.000	+6.752e+03	+1.344e+03	+1.009e+04	+0.166
105.100	+8.293e+03	+2.151e+03	+9.631e+03	+0.206
105.200	+7.172e+03	+3.899e+03	+1.054e+04	+0.352
105.300	+7.628e+03	+4.190e+03	+9.876e+03	+0.355
105.400	+7.452e+03	+2.166e+03	+1.050e+04	+0.225
105.500	+6.521e+03	+2.137e+03	+1.076e+04	+0.247
105.600	+8.592e+03	+3.435e+03	+1.086e+04	+0.286
105.700	+8.397e+03	+2.913e+03	+9.741e+03	+0.258
105.800	+7.816e+03	+1.526e+03	+1.021e+04	+0.163
105.900	+7.149e+03	+2.424e+03	+9.517e+03	+0.253
106.000	+7.519e+03	+1.793e+03	+1.023e+04	+0.193
