%t (s)	Idd (a.u.)	Ida (a.u.)	Iaa (a.u.)	FRET E
0.000	+1.471e+03	+9.442e+03	+1.038e+04	+0.865
0.100	+1.928e+03	+8.248e+03	+1.098e+04	+0.811
0.200	+3.013e+03	+7.705e+03	+9.949e+03	+0.719
0.300	+2.784e+03	+8.161e+03	+9.927e+03	+0.746
0.400	+2.680e+03	+8.155e+03	+1.081e+04	+0.753
0.500	+2.511e+03	+8.165e+03	+8.438e+03	+0.765
0.600	+2.061e+03	+7.212e+03	+1.070e+04	+0.778
0.700	+2.602e+03	+7.623e+03	+1.087e+04	+0.746
0.800	+2.311e+03	+6.971e+03	+8.973e+03	+0.751
0.900	+2.458e+03	+8.093e+03	+1.002e+04	+0.767
1.000	+2.553e+03	+7.806e+03	+1.000e+04	+0.754
1.100	+2.516e+03	+8.696e+03	+9.601e+03	+0.776
1.200	+3.266e+03	+7.928e+03	+9.030e+03	+0.708
1.300	+3.424e+03	+6.886e+03	+8.943e+03	+0.668
1.400	+1.476e+03	+8.455e+03	+1.014e+04	+0.851
1.500	+1.831e+03	+7.517e+03	+1.018e+04	+0.804
1.600	+2.173e+03	+6.407e+03	+1.021e+04	+0.747
1.700	+2.223e+03	+8.245e+03	+9.904e+03	+0.788
1.800	+1.749e+03	+8.796e+03	+9.088e+03	+0.834
1.900	+2.086e+03	+7.006e+03	+1.005e+04	+0.771
2.000	+2.702e+03	+7.097e+03	+9.922e+03	+0.724
2.100	+3.037e+02	+8.234e+03	+9.647e+03	+0.964
2.200	+3.641e+03	+8.484e+03	+9.034e+03	+0.700
2.300	+1.512e+03	+8.218e+03	+9.736e+03	+0.845
2.400	+1.847e+03	+8.419e+03	+1.112e+04	+0.820
2.500	+8.444e+02	+8.615e+03	+1.006e+04	+0.911
2.600	+2.067e+03	+8.469e+03	+9.472e+03	+0.804
2.700	+2.857e+03	+7.002e+03	+9.685e+03	+0.710
2.800	+1.869e+03	+8.077e+03	+1.064e+04	+0.812
2.900	+1.129e+03	+6.740e+03	+1.040e+04	+0.857
3.000	+1.847e+03	+7.856e+03	+1.104e+04	+0.810
3.100	+3.067e+03	+7.632e+03	+1.029e+04	+0.713
3.200	+1.305e+03	+6.639e+03	+9.698e+03	+0.836
3.300	+1.850e+03	+8.865e+03	+9.903e+03	+0.827
3.400	+2.322e+03	+7.214e+03	+8.563e+03	+0.756
3.500	+2.378e+03	+9.032e+03	+9.972e+03	+0.792
3.600	+1.448e+03	+7.975e+03	+9.013e+03	+0.846
3.700	+3.346e+03	+7.810e+03	+1.079e+04	+0.700
3.800	+1.323e+03	+8.354e+03	+1.103e+04	+0.863
3.900	+1.412e+03	+7.997e+03	+1.083e+04	+0.850
4.000	+2.550e+03	+6.836e+03	+1.027e+04	+0.728
4.100	+3.559e+03	+9.037e+03	+9.998e+03	+0.717
4.200	+2.722e+03	+7.949e+03	+1.043e+04	+0.745
4.300	+2.468e+03	+7.373e+03	+1.067e+04	+0.749
4.400	+1.636e+03	+7.058e+03	+1.005e+04	+0.812
4.500	+1.985e+03	+8.264e+03	+1.012e+04	+0.806
4.600	+2.064e+03	+8.832e+03	+9.712e+03	+0.811
4.700	+1.432e+03	+7.633e+03	+8.485e+03	+0.842
4.800	+1.260e+03	+7.222e+03	+9.417e+03	+0.851
4.900	+2.202e+03	+7.289e+03	+9.266e+03	+0.768
5.000	+2.690e+03	+7.716e+03	+8.520e+03	+0.741
5.100	+2.388e+03	+7.763e+03	+9.745e+03	+0.765
5.200	+2.435e+03	+8.442e+03	+1.040e+04	+0.776
5.300	+2.278e+03	+8.008e+03	+1.031e+04	+0.779
5.400	+2.425e+03	+8.485e+03	+9.984e+03	+0.778
5.500	+2.494e+03	+7.738e+03	+1.059e+04	+0.756
5.600	+1.176e+03	+7.681e+03	+1.003e+04	+0.867
5.700	+6.396e+02	+8.745e+03	+1.076e+04	+0.932
5.800	+2.357e+03	+8.469e+03	+8.705e+03	+0.782
5.900	+1.969e+03	+7.180e+03	+1.081e+04	+0.785
6.000	+3.191e+03	+7.323e+03	+1.020e+04	+0.697
6.100	+2.202e+03	+7.254e+03	+1.016e+04	+0.767
6.200	+1.043e+03	+8.320e+03	+9.508e+03	+0.889
6.300	+2.604e+03	+9.403e+03	+9.993e+03	+0.783
6.400	+2.606e+03	+7.939e+03	+8.717e+03	+0.753
6.500	+1.948e+03	+7.287e+03	+1.027e+04	+0.789
6.600	+4.545e+03	+6.258e+03	+9.549e+03	+0.579
6.700	+4.622e+03	+4.677e+03	+9.696e+03	+0.503
6.800	+5.591e+03	+5.554e+03	+1.085e+04	+0.498
6.900	+4.973e+03	+5.214e+03	+9.289e+03	+0.512
7.000	+4.002e+03	+5.498e+03	+1.143e+04	+0.579
7.100	+4.947e+03	+4.729e+03	+1.011e+04	+0.489
7.200	+4.545e+03	+5.869e+03	+9.936e+03	+0.564
7.300	+4.245e+03	+3.425e+03	+8.967e+03	+0.447
7.400	+6.050e+03	+4.975e+03	+9.775e+03	+0.451
7.500	+7.235e+03	+4.061e+03	+1.077e+04	+0.360
7.600	+8.428e+03	+1.394e+03	+8.484e+03	+0.142
7.700	+7.787e+03	+2.294e+03	+9.728e+03	+0.228
7.800	+6.479e+03	+7.075e+02	+1.076e+04	+0.098
7.900	+7.929e+03	+2.826e+03	+1.035e+04	+0.263
8.000	+7.613e+03	+2.826e+03	+9.574e+03	+0.271
8.100	+6.125e+03	+1.569e+03	+9.269e+03	+0.204
8.200	+9.088e+03	+1.644e+03	+9.951e+03	+0.153
8.300	+7.571e+03	+2.187e+03	+1.007e+04	+0.224
8.400	+8.210e+03	+2.571e+03	+1.095e+04	+0.238
8.500	+7.506e+03	+2.476e+03	+9.455e+03	+0.248
8.600	+7.673e+03	+3.010e+03	+1.102e+04	+0.282
8.700	+7.655e+03	+3.169e+03	+9.805e+03	+0.293
8.800	+6.432e+03	+3.981e+03	+9.977e+03	+0.382
8.900	+3.687e+03	+4.997e+03	+9.824e+03	+0.575
9.000	+4.902e+03	+5.008e+03	+9.538e+03	+0.505
9.100	+4.171e+03	+5.558e+03	+1.102e+04	+0.571
9.200	+4.508e+03	+5.266e+03	+1.013e+04	+0.539
9.300	+4.231e+03	+5.058e+03	+9.086e+03	+0.544
9.400	+6.082e+03	+4.852e+03	+9.549e+03	+0.444
9.500	+4.117e+03	+4.877e+03	+1.088e+04	+0.542
9.600	+4.243e+03	+5.834e+03	+1.001e+04	+0.579
9.700	+4.852e+03	+4.868e+03	+9.588e+03	+0.501
9.800	+4.762e+03	+6.034e+03	+9.641e+03	+0.559
9.900	+4.981e+03	+5.722e+03	+1.030e+04	+0.535
10.000	+5.467e+03	+4.153e+03	+1.005e+04	+0.432
10.100	+5.803e+03	+5.371e+03	+9.145e+03	+0.481
10.200	+5.697e+03	+4.558e+03	+1.024e+04	+0.444
10.300	+7.034e+03	+3.075e+03	+9.466e+03	+0.304
10.400	+7.021e+03	+3.470e+03	+9.742e+03	+0.331
10.500	+6.665e+03	+2.145e+03	+1.097e+04	+0.243
10.600	+7.319e+03	+9.947e+02	+1.013e+04	+0.120
10.700	+7.830e+03	+2.337e+03	+1.101e+04	+0.230
10.800	+6.719e+03	+2.706e+03	+9.866e+03	+0.287
10.900	+6.076e+03	+2.091e+03	+1.060e+04	+0.256
11.000	+7.914e+03	+2.189e+03	+1.017e+04	+0.217
11.100	+6.477e+03	+2.829e+03	+9.309e+03	+0.304
11.200	+7.107e+03	+4.240e+03	+1.026e+04	+0.374
11.300	+7.254e+03	+2.237e+03	+1.019e+04	+0.236
11.400	+7.643e+03	+3.014e+03	+1.027e+04	+0.283
11.500	+7.475e+03	+3.589e+03	+9.183e+03	+0.324
11.600	+7.136e+03	+1.910e+03	+1.080e+04	+0.211
11.700	+7.468e+03	+2.526e+03	+1.096e+04	+0.253
11.800	+6.544e+03	+3.110e+03	+9.672e+03	+0.322
11.900	+6.901e+03	+2.329e+03	+9.360e+03	+0.252
12.000	+8.031e+03	+2.187e+03	+1.081e+04	+0.214
12.100	+7.263e+03	+4.017e+03	+9.104e+03	+0.356
12.200	+7.666e+03	+2.703e+03	+1.065e+04	+0.261
12.300	+8.550e+03	+2.899e+03	+9.515e+03	+0.253
12.400	+6.404e+03	+2.981e+03	+9.257e+03	+0.318
12.500	+7.387e+03	+2.842e+03	+9.902e+03	+0.278
12.600	+8.247e+03	+2.749e+03	+1.007e+04	+0.250
12.700	+8.102e+03	+1.734e+03	+9.571e+03	+0.176
12.800	+7.378e+03	+2.340e+03	+1.079e+04	+0.241
12.900	+8.209e+03	+1.865e+03	+9.533e+03	+0.185
13.000	+6.811e+03	+2.925e+03	+9.301e+03	+0.300
13.100	+6.181e+03	+2.100e+03	+1.126e+04	+0.254
13.200	+5.644e+03	+2.617e+03	+9.563e+03	+0.317
13.300	+5.234e+03	+4.385e+03	+8.644e+03	+0.456
13.400	+4.912e+03	+5.180e+03	+1.120e+04	+0.513
13.500	+6.800e+03	+4.344e+03	+1.068e+04	+0.390
13.600	+5.298e+03	+4.728e+03	+9.741e+03	+0.472
13.700	+6.280e+03	+4.344e+03	+1.023e+04	+0.409
13.800	+4.342e+03	+5.369e+03	+9.447e+03	+0.553
13.900	+5.442e+03	+3.876e+03	+9.323e+03	+0.416
14.000	+5.815e+03	+5.488e+03	+1.021e+04	+0.486
14.100	+5.714e+03	+5.084e+03	+1.076e+04	+0.471
14.200	+4.854e+03	+5.334e+03	+1.047e+04	+0.524
14.300	+4.868e+03	+5.499e+03	+9.910e+03	+0.530
14.400	+4.570e+03	+4.977e+03	+1.027e+04	+0.521
14.500	+4.385e+03	+4.977e+03	+9.174e+03	+0.532
14.600	+4.397e+03	+4.969e+03	+9.624e+03	+0.531
14.700	+4.635e+03	+4.869e+03	+1.014e+04	+0.512
14.800	+4.503e+03	+4.449e+03	+9.402e+03	+0.497
14.900	+5.668e+03	+4.896e+03	+8.226e+03	+0.463
15.000	+5.714e+03	+5.218e+03	+1.035e+04	+0.477
15.100	+5.416e+03	+5.107e+03	+1.013e+04	+0.485
15.200	+5.399e+03	+4.593e+03	+1.052e+04	+0.460
15.300	+5.476e+03	+3.561e+03	+1.016e+04	+0.394
15.400	+4.848e+03	+4.714e+03	+1.030e+04	+0.493
15.500	+6.597e+03	+5.761e+03	+1.070e+04	+0.466
15.600	+4.317e+03	+4.721e+03	+9.607e+03	+0.522
15.700	+5.565e+03	+3.832e+03	+1.067e+04	+0.408
15.800	+4.072e+03	+4.387e+03	+9.810e+03	+0.519
15.900	+5.473e+03	+3.842e+03	+1.079e+04	+0.412
16.000	+7.780e+03	+3.424e+03	+1.009e+04	+0.306
16.100	+7.603e+03	+2.955e+03	+1.013e+04	+0.280
16.200	+7.254e+03	+1.958e+03	+9.592e+03	+0.213
16.300	+6.638e+03	+3.120e+03	+1.024e+04	+0.320
16.400	+8.315e+03	+2.922e+03	+9.558e+03	+0.260
16.500	+8.280e+03	+2.987e+03	+9.936e+03	+0.265
16.600	+6.182e+03	+2.057e+03	+1.098e+04	+0.250
16.700	+7.867e+03	+3.126e+03	+1.092e+04	+0.284
16.800	+7.079e+03	+3.117e+03	+1.060e+04	+0.306
16.900	+6.447e+03	+2.333e+03	+1.071e+04	+0.266
17.000	+7.834e+03	+3.858e+03	+9.450e+03	+0.330
17.100	+7.276e+03	+1.503e+03	+1.017e+04	+0.171
17.200	+6.766e+03	+3.012e+03	+9.913e+03	+0.308
17.300	+7.254e+03	+2.976e+03	+1.100e+04	+0.291
17.400	+6.430e+03	+3.478e+03	+1.067e+04	+0.351
17.500	+7.763e+03	+2.372e+03	+9.717e+03	+0.234
17.600	+7.012e+03	+2.200e+03	+9.926e+03	+0.239
17.700	+7.951e+03	+1.692e+03	+1.023e+04	+0.175
17.800	+7.200e+03	+2.413e+03	+9.601e+03	+0.251
17.900	+6.374e+03	+3.066e+03	+1.021e+04	+0.325
18.000	+7.323e+03	+1.262e+03	+1.007e+04	+0.147
18.100	+7.191e+03	+1.830e+03	+1.102e+04	+0.203
18.200	+6.940e+03	+1.317e+03	+1.025e+04	+0.160
18.300	+7.659e+03	+2.700e+03	+1.044e+04	+0.261
18.400	+6.409e+03	+3.402e+03	+9.801e+03	+0.347
18.500	+6.520e+03	+3.747e+03	+1.023e+04	+0.365
18.600	+7.769e+03	+2.286e+03	+9.039e+03	+0.227
18.700	+7.796e+03	+2.259e+03	+9.998e+03	+0.225
18.800	+6.747e+03	+3.585e+03	+9.970e+03	+0.347
18.900	+7.458e+03	+2.703e+03	+1.037e+04	+0.266
19.000	+8.217e+03	+3.326e+03	+1.017e+04	+0.288
19.100	+7.467e+03	+1.301e+03	+1.076e+04	+0.148
19.200	+7.468e+03	+3.150e+03	+1.172e+04	+0.297
19.300	+6.822e+03	+2.927e+03	+9.987e+03	+0.300
19.400	+6.750e+03	+2.677e+03	+9.455e+03	+0.284
19.500	+7.278e+03	+1.560e+03	+1.128e+04	+0.177
19.600	+8.356e+03	+1.749e+03	+9.618e+03	+0.173
19.700	+7.094e+03	+1.971e+03	+9.857e+03	+0.217
19.800	+7.106e+03	+2.503e+03	+9.483e+03	+0.260
19.900	+7.261e+03	+3.067e+03	+1.102e+04	+0.297
20.000	+6.782e+03	+2.774e+03	+1.038e+04	+0.290
20.100	+7.242e+03	+1.151e+03	+1.037e+04	+0.137
20.200	+7.199e+03	+3.509e+03	+9.917e+03	+0.328
20.300	+8.486e+03	+2.892e+03	+1.020e+04	+0.254
20.400	+7.422e+03	+3.500e+03	+9.591e+03	+0.320
20.500	+7.134e+03	+3.767e+03	+1.017e+04	+0.346
20.600	+8.032e+03	+2.862e+03	+9.746e+03	+0.263
20.700	+6.689e+03	+2.426e+03	+1.087e+04	+0.266
20.800	+8.589e+03	+3.139e+03	+9.418e+03	+0.268
20.900	+7.913e+03	+2.749e+03	+9.994e+03	+0.258
21.000	+8.198e+03	+3.057e+03	+1.039e+04	+0.272
21.100	+7.696e+03	+1.712e+03	+1.047e+04	+0.182
21.200	+6.848e+03	+2.682e+03	+9.186e+03	+0.281
21.300	+7.193e+03	+3.530e+03	+9.528e+03	+0.329
21.400	+7.656e+03	+2.608e+03	+1.108e+04	+0.254
21.500	+7.107e+03	+1.041e+03	+8.836e+03	+0.128
21.600	+6.551e+03	+1.956e+03	+1.071e+04	+0.230
21.700	+6.930e+03	+6.899e+02	+9.954e+03	+0.091
21.800	+7.849e+03	+2.051e+03	+9.916e+03	+0.207
21.900	+7.209e+03	+1.875e+03	+1.044e+04	+0.206
22.000	+6.584e+03	+1.977e+03	+9.939e+03	+0.231
22.100	+7.705e+03	+2.549e+03	+1.022e+04	+0.249
22.200	+8.035e+03	+1.820e+03	+8.973e+03	+0.185
22.300	+6.360e+03	+2.838e+03	+1.049e+04	+0.309
22.400	+7.797e+03	+2.739e+03	+9.403e+03	+0.260
22.500	+7.863e+03	+3.143e+03	+1.076e+04	+0.286
22.600	+6.848e+03	+1.829e+03	+1.018e+04	+0.211
22.700	+6.528e+03	+4.680e+03	+9.845e+03	+0.418
22.800	+8.820e+03	+2.471e+03	+9.446e+03	+0.219
22.900	+8.017e+03	+1.248e+03	+8.453e+03	+0.135
23.000	+6.965e+03	+2.327e+03	+1.025e+04	+0.250
23.100	+7.657e+03	+2.448e+03	+1.008e+04	+0.242
23.200	+8.239e+03	+3.854e+03	+1.005e+04	+0.319
23.300	+7.477e+03	+2.617e+03	+1.036e+04	+0.259
23.400	+6.375e+03	+2.035e+03	+9.781e+03	+0.242
23.500	+6.782e+03	+2.853e+03	+1.063e+04	+0.296
23.600	+7.289e+03	+2.639e+03	+9.458e+03	+0.266
23.700	+7.603e+03	+2.153e+03	+9.920e+03	+0.221
23.800	+6.572e+03	+1.949e+03	+1.178e+04	+0.229
23.900	+6.140e+03	+3.099e+03	+1.164e+04	+0.335
24.000	+7.145e+03	+2.483e+03	+1.028e+04	+0.258
24.100	+6.603e+03	+2.227e+03	+1.028e+04	+0.252
24.200	+7.240e+03	+2.712e+03	+1.057e+04	+0.273
24.300	+7.487e+03	+2.182e+03	+9.906e+03	+0.226
24.400	+6.466e+03	+3.699e+03	+1.104e+04	+0.364
24.500	+7.131e+03	+3.058e+03	+9.488e+03	+0.300
24.600	+6.809e+03	+2.719e+03	+9.771e+03	+0.285
24.700	+8.054e+03	+2.986e+03	+9.040e+03	+0.270
24.800	+8.189e+03	+1.503e+03	+9.292e+03	+0.155
24.900	+7.653e+03	+2.215e+03	+9.898e+03	+0.224
25.000	+7.990e+03	+1.112e+03	+9.688e+03	+0.122
25.100	+8.073e+03	+2.567e+03	+9.730e+03	+0.241
25.200	+7.496e+03	+2.928e+03	+1.064e+04	+0.281
25.300	+7.733e+03	+1.489e+03	+1.122e+04	+0.161
25.400	+7.686e+03	+1.641e+03	+1.085e+04	+0.176
25.500	+8.959e+03	+2.755e+03	+9.850e+03	+0.235
25.600	+7.335e+03	+3.164e+03	+9.990e+03	+0.301
25.700	+7.272e+03	+2.263e+03	+1.028e+04	+0.237
25.800	+7.249e+03	+2.279e+03	+9.030e+03	+0.239
25.900	+7.432e+03	+2.855e+03	+1.123e+04	+0.278
26.000	+7.065e+03	+2.958e+03	+1.084e+04	+0.295
26.100	+6.632e+03	+2.953e+03	+9.498e+03	+0.308
26.200	+7.582e+03	+3.205e+03	+1.054e+04	+0.297
26.300	+6.632e+03	+3.374e+03	+9.297e+03	+0.337
26.400	+7.618e+03	+1.080e+03	+9.380e+03	+0.124
26.500	+7.270e+03	+2.473e+03	+9.521e+03	+0.254
26.600	+7.356e+03	+2.042e+03	+9.811e+03	+0.217
26.700	+7.088e+03	+2.484e+03	+1.025e+04	+0.260
26.800	+7.846e+03	+2.751e+03	+1.046e+04	+0.260
26.900	+8.331e+03	+3.302e+03	+8.800e+03	+0.284
27.000	+7.013e+03	+2.601e+03	+9.626e+03	+0.271
27.100	+7.655e+03	+2.122e+03	+9.932e+03	+0.217
27.200	+7.727e+03	+2.912e+03	+1.067e+04	+0.274
27.300	+8.082e+03	+1.712e+03	+1.045e+04	+0.175
27.400	+6.085e+03	+2.388e+03	+9.176e+03	+0.282
27.500	+7.478e+03	+2.217e+03	+1.007e+04	+0.229
27.600	+6.896e+03	+2.936e+03	+1.154e+04	+0.299
27.700	+7.737e+03	+2.304e+03	+9.392e+03	+0.229
27.800	+9.080e+03	+2.443e+03	+9.979e+03	+0.212
27.900	+6.310e+03	+3.170e+03	+1.068e+04	+0.334
28.000	+6.919e+03	+3.450e+03	+8.908e+03	+0.333
28.100	+7.384e+03	+2.693e+03	+1.070e+04	+0.267
28.200	+7.632e+03	+3.209e+03	+1.054e+04	+0.296
28.300	+8.289e+03	+2.016e+03	+1.123e+04	+0.196
28.400	+6.962e+03	+1.739e+03	+1.091e+04	+0.200
28.500	+7.001e+03	+3.370e+03	+9.022e+03	+0.325
28.600	+7.726e+03	+2.144e+03	+9.920e+03	+0.217
28.700	+8.449e+03	+2.039e+03	+1.022e+04	+0.194
28.800	+7.099e+03	+3.448e+03	+1.109e+04	+0.327
28.900	+7.741e+03	+2.853e+03	+9.466e+03	+0.269
29.000	+6.382e+03	+1.996e+03	+9.686e+03	+0.238
29.100	+8.056e+03	+2.256e+03	+9.118e+03	+0.219
29.200	+8.488e+03	+3.034e+03	+8.862e+03	+0.263
29.300	+7.901e+03	+2.173e+03	+1.028e+04	+0.216
29.400	+9.101e+03	+2.071e+03	+1.163e+04	+0.185
29.500	+7.770e+03	+2.532e+03	+1.016e+04	+0.246
29.600	+6.750e+03	+4.017e+03	+9.724e+03	+0.373
29.700	+7.135e+03	+2.120e+03	+9.601e+03	+0.229
29.800	+8.472e+03	+2.008e+03	+1.041e+04	+0.192
29.900	+7.906e+03	+2.975e+03	+9.185e+03	+0.273
30.000	+7.686e+03	+2.874e+03	+8.929e+03	+0.272
30.100	+7.568e+03	+2.963e+03	+9.856e+03	+0.281
30.200	+7.483e+03	+2.879e+03	+9.711e+03	+0.278
30.300	+7.483e+03	+2.733e+03	+1.113e+04	+0.268
30.400	+7.899e+03	+3.112e+03	+8.992e+03	+0.283
30.500	+6.863e+03	+2.323e+03	+8.861e+03	+0.253
30.600	+9.435e+03	+2.604e+03	+9.618e+03	+0.216
30.700	+7.545e+03	+1.900e+03	+9.491e+03	+0.201
30.800	+8.245e+03	+3.112e+03	+1.014e+04	+0.274
30.900	+6.730e+03	+1.138e+03	+9.741e+03	+0.145
31.000	+6.360e+03	+4.066e+03	+9.752e+03	+0.390
31.100	+7.393e+03	+3.915e+03	+9.717e+03	+0.346
31.200	+7.675e+03	+1.508e+03	+9.911e+03	+0.164
31.300	+6.745e+03	+9.304e+02	+8.576e+03	+0.121
31.400	+7.476e+03	+2.803e+03	+1.035e+04	+0.273
31.500	+6.489e+03	+1.902e+03	+1.063e+04	+0.227
31.600	+6.027e+03	+4.220e+03	+8.699e+03	+0.412
31.700	+8.080e+03	+2.895e+03	+8.850e+03	+0.264
31.800	+8.320e+03	+3.063e+03	+1.004e+04	+0.269
31.900	+7.432e+03	+2.394e+03	+9.866e+03	+0.244
32.000	+8.403e+03	+2.572e+03	+9.277e+03	+0.234
32.100	+7.740e+03	+3.289e+03	+1.042e+04	+0.298
32.200	+7.140e+03	+3.483e+03	+9.419e+03	+0.328
32.300	+7.415e+03	+1.870e+03	+1.001e+04	+0.201
32.400	+8.674e+03	+8.539e+02	+9.064e+03	+0.090
32.500	+5.962e+03	+3.221e+03	+9.047e+03	+0.351
32.600	+7.361e+03	+2.041e+03	+1.069e+04	+0.217
32.700	+8.487e+03	+1.923e+03	+9.231e+03	+0.185
32.800	+7.875e+03	+2.007e+03	+1.047e+04	+0.203
32.900	+6.797e+03	+2.002e+03	+9.914e+03	+0.228
33.000	+7.662e+03	+1.835e+03	+1.034e+04	+0.193
33.100	+8.351e+03	+2.174e+03	+9.954e+03	+0.207
33.200	+8.114e+03	+9.184e+02	+9.677e+03	+0.102
33.300	+8.372e+03	+2.871e+03	+1.023e+04	+0.255
33.400	+6.073e+03	+3.120e+03	+9.826e+03	+0.339
33.500	+7.971e+03	+1.508e+03	+9.295e+03	+0.159
33.600	+8.258e+03	+2.621e+03	+1.020e+04	+0.241
33.700	+8.397e+03	+1.894e+03	+1.041e+04	+0.184
33.800	+7.731e+03	+2.553e+03	+8.451e+03	+0.248
33.900	+6.556e+03	+3.263e+03	+9.214e+03	+0.332
34.000	+6.698e+03	+3.309e+03	+1.041e+04	+0.331
34.100	+5.479e+03	+4.893e+03	+9.679e+03	+0.472
34.200	+1.720e+03	+7.907e+03	+1.013e+04	+0.821
34.300	+9.327e+02	+7.846e+03	+8.663e+03	+0.894
34.400	+1.566e+03	+7.725e+03	+8.890e+03	+0.831
34.500	+9.056e+02	+7.614e+03	+1.067e+04	+0.894
34.600	+2.838e+03	+8.964e+03	+1.110e+04	+0.760
34.700	+1.040e+03	+7.001e+03	+1.060e+04	+0.871
34.800	+2.589e+03	+8.611e+03	+1.128e+04	+0.769
34.900	+1.830e+03	+7.243e+03	+9.720e+03	+0.798
35.000	+2.009e+03	+8.774e+03	+1.134e+04	+0.814
35.100	+1.334e+03	+7.487e+03	+1.065e+04	+0.849
35.200	+2.378e+03	+7.738e+03	+1.033e+04	+0.765
35.300	+2.768e+03	+7.717e+03	+9.408e+03	+0.736
35.400	+2.083e+03	+9.337e+03	+1.017e+04	+0.818
35.500	+1.522e+03	+7.141e+03	+9.738e+03	+0.824
35.600	+2.178e+03	+7.509e+03	+9.876e+03	+0.775
35.700	+7.639e+02	+8.924e+03	+1.057e+04	+0.921
35.800	+1.323e+03	+8.282e+03	+1.010e+04	+0.862
35.900	+1.998e+03	+9.230e+03	+8.743e+03	+0.822
36.000	+1.446e+03	+8.247e+03	+8.412e+03	+0.851
36.100	+1.985e+03	+7.173e+03	+1.046e+04	+0.783
36.200	+4.741e+03	+4.191e+03	+9.276e+03	+0.469
36.300	+5.766e+03	+6.911e+03	+9.933e+03	+0.545
36.400	+5.299e+03	+5.764e+03	+9.415e+03	+0.521
36.500	+4.400e+03	+2.673e+03	+9.774e+03	+0.378
36.600	+5.406e+03	+4.401e+03	+1.045e+04	+0.449
36.700	+5.107e+03	+4.109e+03	+1.013e+04	+0.446
36.800	+5.071e+03	+6.106e+03	+1.045e+04	+0.546
36.900	+5.000e+03	+4.744e+03	+9.011e+03	+0.487
37.000	+4.035e+03	+4.368e+03	+9.588e+03	+0.520
37.100	+4.940e+03	+4.981e+03	+9.597e+03	+0.502
37.200	+5.140e+03	+4.485e+03	+1.033e+04	+0.466
37.300	+4.429e+03	+4.071e+03	+9.963e+03	+0.479
37.400	+5.572e+03	+3.920e+03	+1.106e+04	+0.413
37.500	+4.048e+03	+6.090e+03	+1.096e+04	+0.601
37.600	+5.959e+03	+5.071e+03	+9.301e+03	+0.460
37.700	+3.971e+03	+5.383e+03	+1.045e+04	+0.575
37.800	+6.304e+03	+4.380e+03	+1.012e+04	+0.410
37.900	+6.228e+03	+4.839e+03	+9.754e+03	+0.437
38.000	+4.326e+03	+4.906e+03	+1.045e+04	+0.531
38.100	+4.821e+03	+4.173e+03	+9.071e+03	+0.464
38.200	+4.159e+03	+6.677e+03	+9.474e+03	+0.616
38.300	+4.817e+03	+3.988e+03	+1.026e+04	+0.453
38.400	+5.240e+03	+4.804e+03	+1.101e+04	+0.478
38.500	+3.877e+03	+5.939e+03	+1.010e+04	+0.605
38.600	+5.125e+03	+6.048e+03	+1.027e+04	+0.541
38.700	+5.212e+03	+4.054e+03	+8.479e+03	+0.438
38.800	+5.549e+03	+5.318e+03	+1.042e+04	+0.489
38.900	+5.253e+03	+4.470e+03	+8.842e+03	+0.460
39.000	+5.186e+03	+5.176e+03	+1.163e+04	+0.500
39.100	+4.726e+03	+5.011e+03	+1.002e+04	+0.515
39.200	+4.760e+03	+5.502e+03	+8.859e+03	+0.536
39.300	+3.866e+03	+5.462e+03	+1.041e+04	+0.586
39.400	+4.977e+03	+6.121e+03	+9.909e+03	+0.552
39.500	+6.580e+03	+4.650e+03	+1.093e+04	+0.414
39.600	+5.382e+03	+4.135e+03	+9.765e+03	+0.434
39.700	+4.687e+03	+4.063e+03	+1.026e+04	+0.464
39.800	+3.961e+03	+5.020e+03	+1.097e+04	+0.559
39.900	+3.625e+03	+4.790e+03	+1.065e+04	+0.569
40.000	+5.337e+03	+4.253e+03	+8.907e+03	+0.444
40.100	+4.894e+03	+4.101e+03	+1.034e+04	+0.456
40.200	+5.433e+03	+3.397e+03	+1.004e+04	+0.385
40.300	+5.277e+03	+5.484e+03	+1.046e+04	+0.510
40.400	+4.694e+03	+5.215e+03	+1.021e+04	+0.526
40.500	+5.003e+03	+4.175e+03	+9.400e+03	+0.455
40.600	+4.543e+03	+4.102e+03	+9.903e+03	+0.474
40.700	+5.372e+03	+4.803e+03	+1.065e+04	+0.472
40.800	+4.520e+03	+4.486e+03	+9.858e+03	+0.498
40.900	+4.569e+03	+5.031e+03	+9.433e+03	+0.524
41.000	+4.329e+03	+4.904e+03	+8.433e+03	+0.531
41.100	+4.489e+03	+6.050e+03	+9.003e+03	+0.574
41.200	+4.018e+03	+5.634e+03	+9.343e+03	+0.584
41.300	+4.248e+03	+4.558e+03	+9.104e+03	+0.518
41.400	+4.174e+03	+5.296e+03	+9.136e+03	+0.559
41.500	+3.974e+03	+5.802e+03	+8.475e+03	+0.594
41.600	+6.339e+03	+6.154e+03	+1.002e+04	+0.493
41.700	+4.461e+03	+4.133e+03	+1.002e+04	+0.481
41.800	+5.170e+03	+5.054e+03	+1.003e+04	+0.494
41.900	+5.435e+03	+3.656e+03	+1.011e+04	+0.402
42.000	+5.336e+03	+5.758e+03	+9.689e+03	+0.519
42.100	+4.459e+03	+4.021e+03	+9.691e+03	+0.474
42.200	+3.893e+03	+4.247e+03	+1.075e+04	+0.522
42.300	+5.277e+03	+4.731e+03	+9.058e+03	+0.473
42.400	+5.314e+03	+4.412e+03	+9.963e+03	+0.454
42.500	+7.603e+03	+3.687e+03	+1.068e+04	+0.327
42.600	+7.123e+03	+3.309e+03	+9.671e+03	+0.317
42.700	+7.797e+03	+3.332e+03	+9.256e+03	+0.299
42.800	+7.445e+03	+1.475e+03	+1.035e+04	+0.165
42.900	+6.671e+03	+3.074e+03	+1.048e+04	+0.315
43.000	+6.624e+03	+1.467e+03	+8.695e+03	+0.181
43.100	+7.215e+03	+1.417e+03	+9.056e+03	+0.164
43.200	+8.512e+03	+3.495e+03	+1.073e+04	+0.291
43.300	+8.443e+03	+2.535e+03	+9.532e+03	+0.231
43.400	+8.041e+03	+3.138e+03	+9.785e+03	+0.281
43.500	+7.795e+03	+1.034e+03	+9.339e+03	+0.117
43.600	+7.381e+03	+3.423e+03	+9.924e+03	+0.317
43.700	+8.636e+03	+2.557e+03	+1.018e+04	+0.228
43.800	+8.572e+03	+1.845e+03	+1.108e+04	+0.177
43.900	+5.825e+03	+2.860e+03	+1.114e+04	+0.329
44.000	+7.887e+03	+2.338e+03	+8.649e+03	+0.229
44.100	+7.271e+03	+2.621e+03	+9.803e+03	+0.265
44.200	+6.758e+03	+1.932e+03	+1.108e+04	+0.222
44.300	+8.002e+03	+2.374e+03	+1.069e+04	+0.229
44.400	+8.442e+03	+3.008e+03	+1.053e+04	+0.263
44.500	+8.438e+03	+2.814e+03	+1.004e+04	+0.250
44.600	+7.247e+03	+2.212e+03	+1.015e+04	+0.234
44.700	+6.755e+03	+2.424e+03	+1.046e+04	+0.264
44.800	+8.514e+03	+2.501e+03	+9.680e+03	+0.227
44.900	+7.778e+03	+2.244e+03	+9.175e+03	+0.224
45.000	+7.475e+03	+3.127e+03	+1.036e+04	+0.295
45.100	+7.195e+03	+1.417e+03	+9.959e+03	+0.165
45.200	+6.669e+03	+2.541e+03	+9.685e+03	+0.276
45.300	+7.795e+03	+2.891e+03	+1.009e+04	+0.271
45.400	+7.522e+03	+2.363e+03	+9.278e+03	+0.239
45.500	+8.210e+03	+2.885e+03	+9.258e+03	+0.260
45.600	+8.006e+03	+3.945e+03	+1.013e+04	+0.330
45.700	+7.870e+03	+1.964e+03	+9.144e+03	+0.200
45.800	+7.981e+03	+2.886e+03	+9.343e+03	+0.266
45.900	+7.471e+03	+4.018e+03	+1.041e+04	+0.350
46.000	+8.143e+03	+1.562e+03	+1.054e+04	+0.161
46.100	+6.111e+03	+1.975e+03	+8.672e+03	+0.244
46.200	+8.346e+03	+2.882e+03	+9.136e+03	+0.257
46.300	+7.597e+03	+1.642e+03	+1.001e+04	+0.178
46.400	+7.621e+03	+2.806e+03	+1.096e+04	+0.269
46.500	+7.208e+03	+1.908e+03	+1.024e+04	+0.209
46.600	+8.170e+03	+2.050e+03	+1.064e+04	+0.201
46.700	+8.121e+03	+2.194e+03	+9.861e+03	+0.213
46.800	+6.653e+03	+3.138e+03	+9.940e+03	+0.321
46.900	+7.507e+03	+2.223e+03	+9.017e+03	+0.228
47.000	+6.794e+03	+2.165e+03	+9.709e+03	+0.242
47.100	+8.110e+03	+2.836e+03	+1.079e+04	+0.259
47.200	+8.629e+03	+2.319e+03	+8.862e+03	+0.212
47.300	+7.227e+03	+2.343e+03	+9.728e+03	+0.245
47.400	+7.612e+03	+1.298e+03	+9.725e+03	+0.146
47.500	+7.065e+03	+2.596e+03	+1.057e+04	+0.269
47.600	+6.338e+03	+2.996e+03	+9.567e+03	+0.321
47.700	+4.646e+03	+5.190e+03	+9.597e+03	+0.528
47.800	+4.974e+03	+5.066e+03	+1.018e+04	+0.505
47.900	+5.590e+03	+4.183e+03	+9.521e+03	+0.428
48.000	+4.622e+03	+4.424e+03	+9.955e+03	+0.489
48.100	+4.455e+03	+3.838e+03	+8.775e+03	+0.463
48.200	+4.471e+03	+6.373e+03	+1.048e+04	+0.588
48.300	+4.248e+03	+5.307e+03	+1.075e+04	+0.555
48.400	+6.164e+03	+4.141e+03	+9.724e+03	+0.402
48.500	+6.059e+03	+3.983e+03	+1.021e+04	+0.397
48.600	+4.755e+03	+5.199e+03	+1.069e+04	+0.522
48.700	+5.110e+03	+3.762e+03	+1.068e+04	+0.424
48.800	+5.904e+03	+5.324e+03	+9.511e+03	+0.474
48.900	+4.836e+03	+5.267e+03	+9.818e+03	+0.521
49.000	+3.925e+03	+5.128e+03	+9.253e+03	+0.566
49.100	+5.539e+03	+4.664e+03	+9.461e+03	+0.457
49.200	+4.227e+03	+5.786e+03	+1.054e+04	+0.578
49.300	+5.131e+03	+4.988e+03	+1.067e+04	+0.493
49.400	+4.458e+03	+5.668e+03	+1.122e+04	+0.560
49.500	+6.160e+03	+5.464e+03	+9.216e+03	+0.470
49.600	+5.911e+03	+4.911e+03	+1.062e+04	+0.454
49.700	+5.659e+03	+3.657e+03	+9.824e+03	+0.393
49.800	+4.440e+03	+6.585e+03	+1.038e+04	+0.597
49.900	+5.092e+03	+4.282e+03	+1.069e+04	+0.457
50.000	+6.199e+03	+4.186e+03	+9.825e+03	+0.403
50.100	+5.269e+03	+4.371e+03	+1.021e+04	+0.453
50.200	+4.540e+03	+5.574e+03	+1.017e+04	+0.551
50.300	+4.408e+03	+4.739e+03	+9.953e+03	+0.518
50.400	+4.171e+03	+4.643e+03	+9.048e+03	+0.527
50.500	+4.297e+03	+4.811e+03	+9.997e+03	+0.528
50.600	+5.798e+03	+5.309e+03	+1.036e+04	+0.478
50.700	+5.363e+03	+4.249e+03	+9.316e+03	+0.442
50.800	+5.333e+03	+4.799e+03	+9.954e+03	+0.474
50.900	+4.853e+03	+4.514e+03	+9.773e+03	+0.482
51.000	+4.178e+03	+5.668e+03	+1.104e+04	+0.576
51.100	+4.908e+03	+5.012e+03	+9.674e+03	+0.505
51.200	+5.103e+03	+4.239e+03	+1.164e+04	+0.454
51.300	+4.399e+03	+4.159e+03	+1.108e+04	+0.486
51.400	+4.638e+03	+4.478e+03	+9.186e+03	+0.491
51.500	+5.245e+03	+4.451e+03	+1.084e+04	+0.459
51.600	+5.137e+03	+5.000e+03	+9.406e+03	+0.493
51.700	+4.958e+03	+4.208e+03	+1.008e+04	+0.459
51.800	+6.458e+03	+4.606e+03	+1.046e+04	+0.416
51.900	+3.696e+03	+5.703e+03	+9.798e+03	+0.607
52.000	+4.344e+03	+6.039e+03	+1.026e+04	+0.582
52.100	+4.851e+03	+4.705e+03	+9.535e+03	+0.492
52.200	+7.465e+03	+4.452e+03	+9.718e+03	+0.374
52.300	+3.591e+03	+4.959e+03	+9.644e+03	+0.580
52.400	+3.496e+03	+4.771e+03	+1.164e+04	+0.577
52.500	+4.777e+03	+4.630e+03	+9.723e+03	+0.492
52.600	+4.761e+03	+4.820e+03	+9.696e+03	+0.503
52.700	+5.566e+03	+4.572e+03	+1.076e+04	+0.451
52.800	+5.978e+03	+4.295e+03	+9.420e+03	+0.418
52.900	+4.296e+03	+4.473e+03	+1.015e+04	+0.510
53.000	+6.109e+03	+5.362e+03	+9.055e+03	+0.467
53.100	+6.062e+03	+5.125e+03	+9.893e+03	+0.458
53.200	+4.787e+03	+4.972e+03	+8.420e+03	+0.509
53.300	+4.977e+03	+4.347e+03	+1.087e+04	+0.466
53.400	+5.297e+03	+4.568e+03	+9.992e+03	+0.463
53.500	+5.009e+03	+4.960e+03	+9.989e+03	+0.498
53.600	+5.092e+03	+6.119e+03	+9.862e+03	+0.546
53.700	+5.731e+03	+6.034e+03	+1.012e+04	+0.513
53.800	+4.630e+03	+5.204e+03	+1.053e+04	+0.529
53.900	+5.114e+03	+6.333e+03	+9.325e+03	+0.553
54.000	+5.218e+03	+4.792e+03	+1.031e+04	+0.479
54.100	+5.687e+03	+4.549e+03	+9.763e+03	+0.444
54.200	+4.261e+03	+5.972e+03	+1.048e+04	+0.584
54.300	+6.207e+03	+3.681e+03	+1.047e+04	+0.372
54.400	+4.758e+03	+5.594e+03	+9.793e+03	+0.540
54.500	+4.252e+03	+5.474e+03	+9.489e+03	+0.563
54.600	+4.827e+03	+5.574e+03	+1.041e+04	+0.536
54.700	+4.383e+03	+6.254e+03	+1.135e+04	+0.588
54.800	+3.669e+03	+4.745e+03	+9.984e+03	+0.564
54.900	+4.682e+03	+4.398e+03	+9.355e+03	+0.484
55.000	+5.397e+03	+4.699e+03	+9.161e+03	+0.465
55.100	+4.530e+03	+3.745e+03	+1.101e+04	+0.453
55.200	+4.603e+03	+4.492e+03	+9.471e+03	+0.494
55.300	+4.090e+03	+4.760e+03	+1.074e+04	+0.538
55.400	+5.839e+03	+5.436e+03	+9.324e+03	+0.482
55.500	+4.779e+03	+4.238e+03	+9.162e+03	+0.470
55.600	+5.511e+03	+5.665e+03	+1.001e+04	+0.507
55.700	+4.004e+03	+6.712e+03	+1.011e+04	+0.626
55.800	+5.191e+03	+3.754e+03	+1.008e+04	+0.420
55.900	+4.727e+03	+4.510e+03	+8.863e+03	+0.488
56.000	+5.157e+03	+4.966e+03	+9.228e+03	+0.491
56.100	+4.940e+03	+5.420e+03	+1.045e+04	+0.523
56.200	+5.371e+03	+3.495e+03	+1.009e+04	+0.394
56.300	+3.952e+03	+5.327e+03	+9.897e+03	+0.574
56.400	+4.860e+03	+4.331e+03	+1.078e+04	+0.471
56.500	+5.621e+03	+5.533e+03	+9.792e+03	+0.496
56.600	+6.004e+03	+4.418e+03	+9.875e+03	+0.424
56.700	+5.231e+03	+5.436e+03	+1.069e+04	+0.510
56.800	+5.577e+03	+6.562e+03	+9.807e+03	+0.541
56.900	+4.511e+03	+3.705e+03	+1.083e+04	+0.451
57.000	+4.574e+03	+5.769e+03	+9.567e+03	+0.558
57.100	+5.376e+03	+4.362e+03	+1.020e+04	+0.448
57.200	+5.728e+03	+5.356e+03	+1.056e+04	+0.483
57.300	+4.853e+03	+4.651e+03	+1.036e+04	+0.489
57.400	+5.471e+03	+5.418e+03	+1.029e+04	+0.498
57.500	+5.422e+03	+4.865e+03	+9.470e+03	+0.473
57.600	+6.525e+03	+1.954e+03	+1.058e+04	+0.230
57.700	+8.126e+03	+2.592e+03	+9.491e+03	+0.242
57.800	+9.034e+03	+3.146e+03	+1.036e+04	+0.258
57.900	+8.606e+03	+1.915e+03	+9.918e+03	+0.182
58.000	+7.481e+03	+1.371e+03	+1.045e+04	+0.155
58.100	+8.111e+03	+2.317e+03	+1.026e+04	+0.222
58.200	+7.424e+03	+1.642e+03	+1.064e+04	+0.181
58.300	+7.568e+03	+1.377e+03	+1.033e+04	+0.154
58.400	+7.039e+03	+3.306e+03	+1.022e+04	+0.320
58.500	+6.349e+03	+2.827e+03	+9.071e+03	+0.308
58.600	+7.183e+03	+2.669e+03	+1.004e+04	+0.271
58.700	+6.593e+03	+2.910e+03	+1.003e+04	+0.306
58.800	+7.498e+03	+2.074e+03	+1.096e+04	+0.217
58.900	+7.106e+03	+2.034e+03	+1.055e+04	+0.223
59.000	+7.859e+03	+1.922e+03	+1.016e+04	+0.196
59.100	+7.365e+03	+1.181e+03	+9.416e+03	+0.138
59.200	+7.983e+03	+3.639e+03	+1.040e+04	+0.313
59.300	+6.984e+03	+3.046e+03	+9.969e+03	+0.304
59.400	+8.370e+03	+2.239e+03	+1.015e+04	+0.211
59.500	+6.676e+03	+2.491e+03	+8.613e+03	+0.272
59.600	+7.312e+03	+3.043e+03	+1.051e+04	+0.294
59.700	+6.295e+03	+3.473e+03	+1.116e+04	+0.356
59.800	+8.141e+03	+1.033e+03	+1.073e+04	+0.113
59.900	+6.450e+03	+2.692e+03	+9.671e+03	+0.294
60.000	+7.465e+03	+3.403e+03	+1.050e+04	+0.313
60.100	+7.455e+03	+2.143e+03	+1.075e+04	+0.223
60.200	+7.660e+03	+2.354e+03	+9.768e+03	+0.235
60.300	+7.956e+03	+2.504e+03	+8.999e+03	+0.239
60.400	+6.902e+03	+1.757e+03	+8.806e+03	+0.203
60.500	+7.793e+03	+2.982e+03	+1.065e+04	+0.277
60.600	+7.115e+03	+1.664e+03	+1.048e+04	+0.190
60.700	+8.013e+03	+2.299e+03	+1.103e+04	+0.223
60.800	+7.723e+03	+1.920e+03	+9.569e+03	+0.199
60.900	+7.735e+03	+2.787e+03	+9.949e+03	+0.265
61.000	+6.654e+03	+1.957e+03	+1.035e+04	+0.227
61.100	+7.529e+03	+1.643e+03	+1.058e+04	+0.179
61.200	+7.844e+03	+2.803e+03	+9.403e+03	+0.263
61.300	+7.915e+03	+2.563e+03	+1.023e+04	+0.245
61.400	+7.354e+03	+2.620e+03	+8.032e+03	+0.263
61.500	+7.913e+03	+2.821e+03	+1.087e+04	+0.263
61.600	+7.479e+03	+3.053e+03	+9.937e+03	+0.290
61.700	+7.817e+03	+3.045e+03	+1.131e+04	+0.280
61.800	+7.475e+03	+1.605e+03	+8.633e+03	+0.177
61.900	+7.446e+03	+1.789e+03	+9.156e+03	+0.194
62.000	+7.143e+03	+3.041e+03	+1.034e+04	+0.299
62.100	+7.035e+03	+2.307e+03	+1.044e+04	+0.247
62.200	+8.074e+03	+3.318e+03	+8.374e+03	+0.291
62.300	+7.390e+03	+2.648e+03	+9.600e+03	+0.264
62.400	+6.111e+03	+2.501e+03	+1.083e+04	+0.290
62.500	+6.109e+03	+2.963e+03	+9.966e+03	+0.327
62.600	+8.342e+03	+2.637e+03	+9.961e+03	+0.240
62.700	+7.941e+03	+2.275e+03	+9.631e+03	+0.223
62.800	+8.183e+03	+2.181e+03	+1.035e+04	+0.210
62.900	+6.516e+03	+3.803e+03	+1.088e+04	+0.369
63.000	+6.880e+03	+1.579e+03	+9.787e+03	+0.187
63.100	+8.349e+03	+2.063e+03	+1.001e+04	+0.198
63.200	+7.633e+03	+2.308e+03	+1.075e+04	+0.232
63.300	+8.055e+03	+2.502e+03	+1.012e+04	+0.237
63.400	+7.483e+03	+2.006e+03	+9.358e+03	+0.211
63.500	+6.505e+03	+2.407e+03	+1.004e+04	+0.270
63.600	+8.208e+03	+1.558e+03	+1.015e+04	+0.160
63.700	+7.104e+03	+3.581e+03	+9.517e+03	+0.335
63.800	+6.972e+03	+2.661e+03	+1.072e+04	+0.276
63.900	+7.055e+03	+3.571e+03	+8.935e+03	+0.336
64.000	+7.707e+03	+1.016e+03	+1.027e+04	+0.116
64.100	+7.911e+03	+1.796e+03	+1.006e+04	+0.185
64.200	+8.184e+03	+2.043e+03	+9.999e+03	+0.200
64.300	+7.182e+03	+1.768e+03	+1.114e+04	+0.197
64.400	+7.127e+03	+2.187e+03	+9.823e+03	+0.235
64.500	+9.591e+03	+3.481e+03	+1.056e+04	+0.266
64.600	+7.737e+03	+1.462e+03	+1.022e+04	+0.159
64.700	+8.467e+03	+1.569e+03	+1.032e+04	+0.156
64.800	+6.937e+03	+3.082e+03	+9.713e+03	+0.308
64.900	+7.050e+03	+3.377e+03	+1.007e+04	+0.324
65.000	+8.030e+03	+3.168e+03	+8.927e+03	+0.283
65.100	+7.382e+03	+2.057e+03	+1.103e+04	+0.218
65.200	+6.999e+03	+2.258e+03	+1.037e+04	+0.244
65.300	+7.258e+03	+1.866e+03	+1.167e+04	+0.205
65.400	+8.614e+03	+3.453e+03	+1.024e+04	+0.286
65.500	+6.640e+03	+2.185e+03	+1.060e+04	+0.248
65.600	+8.686e+03	+2.407e+03	+9.489e+03	+0.217
65.700	+7.016e+03	+2.285e+03	+8.787e+03	+0.246
65.800	+7.525e+03	+1.514e+03	+9.458e+03	+0.167
65.900	+5.667e+03	+2.337e+03	+1.021e+04	+0.292
66.000	+7.478e+03	+1.668e+03	+1.006e+04	+0.182
66.100	+6.822e+03	+3.640e+03	+1.081e+04	+0.348
66.200	+4.915e+03	+5.063e+03	+9.677e+03	+0.507
66.300	+4.662e+03	+4.492e+03	+9.158e+03	+0.491
66.400	+5.668e+03	+6.110e+03	+8.696e+03	+0.519
66.500	+7.032e+03	+4.816e+03	+8.900e+03	+0.406
66.600	+4.324e+03	+4.519e+03	+1.020e+04	+0.511
66.700	+5.786e+03	+5.259e+03	+8.834e+03	+0.476
66.800	+4.454e+03	+5.702e+03	+1.046e+04	+0.561
66.900	+4.664e+03	+5.105e+03	+9.913e+03	+0.523
67.000	+4.196e+03	+5.198e+03	+9.804e+03	+0.553
67.100	+5.009e+03	+5.706e+03	+1.007e+04	+0.532
67.200	+4.287e+03	+5.266e+03	+1.041e+04	+0.551
67.300	+4.998e+03	+5.547e+03	+9.244e+03	+0.526
67.400	+5.887e+03	+4.083e+03	+9.721e+03	+0.409
67.500	+4.872e+03	+4.607e+03	+9.523e+03	+0.486
67.600	+5.379e+03	+5.201e+03	+9.554e+03	+0.492
67.700	+5.167e+03	+5.674e+03	+1.094e+04	+0.523
67.800	+4.157e+03	+4.041e+03	+1.095e+04	+0.493
67.900	+5.013e+03	+5.770e+03	+9.317e+03	+0.535
68.000	+4.831e+03	+4.822e+03	+1.021e+04	+0.500
68.100	+4.437e+03	+3.282e+03	+1.005e+04	+0.425
68.200	+5.399e+03	+5.134e+03	+9.023e+03	+0.487
68.300	+4.533e+03	+6.090e+03	+8.792e+03	+0.573
68.400	+5.228e+03	+4.268e+03	+1.059e+04	+0.449
68.500	+4.691e+03	+5.220e+03	+9.233e+03	+0.527
68.600	+4.306e+03	+5.689e+03	+1.057e+04	+0.569
68.700	+6.032e+03	+5.246e+03	+9.619e+03	+0.465
68.800	+4.502e+03	+5.835e+03	+9.458e+03	+0.564
68.900	+4.645e+03	+4.561e+03	+9.301e+03	+0.495
69.000	+4.975e+03	+4.817e+03	+1.094e+04	+0.492
69.100	+5.096e+03	+5.336e+03	+1.047e+04	+0.511
69.200	+5.183e+03	+4.681e+03	+1.106e+04	+0.475
69.300	+3.534e+03	+5.005e+03	+9.852e+03	+0.586
69.400	+5.502e+03	+4.716e+03	+1.052e+04	+0.462
69.500	+5.403e+03	+5.006e+03	+9.375e+03	+0.481
69.600	+3.562e+03	+5.200e+03	+1.021e+04	+0.593
69.700	+6.224e+03	+4.879e+03	+9.802e+03	+0.439
69.800	+5.512e+03	+2.852e+03	+1.013e+04	+0.341
69.900	+5.328e+03	+3.919e+03	+9.140e+03	+0.424
70.000	+5.003e+03	+5.481e+03	+9.398e+03	+0.523
70.100	+5.397e+03	+4.402e+03	+1.015e+04	+0.449
70.200	+6.344e+03	+4.271e+03	+8.621e+03	+0.402
70.300	+7.022e+03	+4.424e+03	+1.031e+04	+0.387
70.400	+3.841e+03	+4.679e+03	+1.109e+04	+0.549
70.500	+4.932e+03	+4.540e+03	+9.365e+03	+0.479
70.600	+4.772e+03	+4.783e+03	+9.694e+03	+0.501
70.700	+7.737e+03	+3.210e+03	+9.131e+03	+0.293
70.800	+6.800e+03	+2.514e+03	+1.112e+04	+0.270
70.900	+5.958e+03	+1.461e+03	+9.288e+03	+0.197
71.000	+7.938e+03	+2.983e+03	+1.011e+04	+0.273
71.100	+8.086e+03	+2.363e+03	+9.616e+03	+0.226
71.200	+7.338e+03	+3.079e+03	+9.880e+03	+0.296
71.300	+7.570e+03	+3.362e+03	+1.007e+04	+0.308
71.400	+6.842e+03	+3.605e+03	+9.468e+03	+0.345
71.500	+6.750e+03	+1.758e+03	+9.257e+03	+0.207
71.600	+7.759e+03	+1.440e+03	+1.037e+04	+0.157
71.700	+7.238e+03	+2.705e+03	+9.745e+03	+0.272
71.800	+7.564e+03	+2.555e+03	+9.251e+03	+0.252
71.900	+7.180e+03	+3.697e+03	+9.465e+03	+0.340
72.000	+6.089e+03	+1.291e+03	+9.767e+03	+0.175
72.100	+6.830e+03	+3.102e+03	+9.964e+03	+0.312
72.200	+7.584e+03	+2.011e+03	+9.247e+03	+0.210
72.300	+6.720e+03	+2.682e+03	+1.035e+04	+0.285
72.400	+7.817e+03	+3.110e+03	+1.027e+04	+0.285
72.500	+7.945e+03	+1.854e+03	+1.074e+04	+0.189
72.600	+8.549e+03	+1.769e+03	+9.561e+03	+0.171
72.700	+6.849e+03	+3.275e+03	+1.029e+04	+0.323
72.800	+6.415e+03	+2.484e+03	+1.034e+04	+0.279
72.900	+5.806e+03	+2.669e+03	+9.924e+03	+0.315
73.000	+7.336e+03	+2.791e+03	+9.902e+03	+0.276
73.100	+7.989e+03	+2.422e+03	+1.101e+04	+0.233
73.200	+7.152e+03	+1.833e+03	+9.941e+03	+0.204
73.300	+6.642e+03	+2.554e+03	+9.695e+03	+0.278
73.400	+7.318e+03	+2.335e+03	+9.452e+03	+0.242
73.500	+8.488e+03	+3.090e+03	+9.372e+03	+0.267
73.600	+8.506e+03	+1.576e+03	+9.839e+03	+0.156
73.700	+8.032e+03	+2.606e+03	+1.023e+04	+0.245
73.800	+7.590e+03	+3.799e+03	+1.154e+04	+0.334
73.900	+7.796e+03	+2.902e+03	+9.312e+03	+0.271
74.000	+5.832e+03	+6.503e+03	+9.839e+03	+0.527
74.100	+6.081e+03	+6.012e+03	+9.728e+03	+0.497
74.200	+5.176e+03	+4.753e+03	+1.071e+04	+0.479
74.300	+4.369e+03	+4.933e+03	+1.011e+04	+0.530
74.400	+4.072e+03	+4.831e+03	+1.080e+04	+0.543
74.500	+5.459e+03	+5.221e+03	+9.738e+03	+0.489
74.600	+4.235e+03	+3.924e+03	+9.597e+03	+0.481
74.700	+6.047e+03	+4.583e+03	+1.031e+04	+0.431
74.800	+4.554e+03	+7.316e+03	+1.024e+04	+0.616
74.900	+4.088e+03	+4.225e+03	+1.101e+04	+0.508
75.000	+5.587e+03	+5.752e+03	+9.144e+03	+0.507
75.100	+5.128e+03	+4.718e+03	+9.976e+03	+0.479
75.200	+5.622e+03	+6.678e+03	+9.495e+03	+0.543
75.300	+4.188e+03	+5.467e+03	+9.376e+03	+0.566
75.400	+4.678e+03	+4.300e+03	+9.858e+03	+0.479
75.500	+3.870e+03	+5.760e+03	+9.542e+03	+0.598
75.600	+5.788e+03	+4.978e+03	+1.008e+04	+0.462
75.700	+5.436e+03	+4.832e+03	+1.013e+04	+0.471
75.800	+3.416e+03	+4.389e+03	+9.864e+03	+0.562
75.900	+4.305e+03	+5.938e+03	+1.059e+04	+0.580
76.000	+4.310e+03	+4.498e+03	+1.005e+04	+0.511
76.100	+5.174e+03	+4.424e+03	+1.040e+04	+0.461
76.200	+4.659e+03	+4.466e+03	+1.072e+04	+0.489
76.300	+4.570e+03	+4.692e+03	+8.958e+03	+0.507
76.400	+5.001e+03	+5.008e+03	+1.035e+04	+0.500
76.500	+4.336e+03	+5.791e+03	+1.100e+04	+0.572
76.600	+5.181e+03	+6.340e+03	+1.001e+04	+0.550
76.700	+4.215e+03	+6.253e+03	+1.008e+04	+0.597
76.800	+6.434e+03	+4.897e+03	+1.120e+04	+0.432
76.900	+5.122e+03	+5.098e+03	+1.107e+04	+0.499
77.000	+3.569e+03	+5.018e+03	+9.330e+03	+0.584
77.100	+4.976e+03	+5.128e+03	+1.052e+04	+0.508
77.200	+4.612e+03	+6.241e+03	+9.349e+03	+0.575
77.300	+5.973e+03	+4.864e+03	+9.974e+03	+0.449
77.400	+4.832e+03	+6.248e+03	+1.044e+04	+0.564
77.500	+4.885e+03	+5.559e+03	+9.692e+03	+0.532
77.600	+4.573e+03	+4.711e+03	+1.016e+04	+0.507
77.700	+4.648e+03	+4.869e+03	+8.294e+03	+0.512
77.800	+3.436e+03	+6.014e+03	+1.052e+04	+0.636
77.900	+4.981e+03	+6.049e+03	+9.943e+03	+0.548
78.000	+3.949e+03	+4.331e+03	+1.131e+04	+0.523
78.100	+4.800e+03	+3.952e+03	+1.076e+04	+0.452
78.200	+6.178e+03	+4.124e+03	+9.663e+03	+0.400
78.300	+8.028e+03	+2.848e+03	+1.055e+04	+0.262
78.400	+7.688e+03	+2.332e+03	+1.039e+04	+0.233
78.500	+8.144e+03	+1.453e+03	+9.850e+03	+0.151
78.600	+6.994e+03	+3.101e+03	+9.789e+03	+0.307
78.700	+8.018e+03	+1.904e+03	+9.627e+03	+0.192
78.800	+6.569e+03	+3.248e+03	+9.832e+03	+0.331
78.900	+6.405e+03	+3.013e+03	+1.044e+04	+0.320
79.000	+7.760e+03	+2.071e+03	+1.011e+04	+0.211
79.100	+7.656e+03	+3.810e+03	+8.805e+03	+0.332
79.200	+7.853e+03	+3.318e+03	+1.034e+04	+0.297
79.300	+8.884e+03	+2.631e+03	+1.087e+04	+0.228
79.400	+7.737e+03	+1.714e+03	+9.574e+03	+0.181
79.500	+6.535e+03	+2.406e+03	+1.033e+04	+0.269
79.600	+6.961e+03	+2.214e+03	+9.302e+03	+0.241
79.700	+7.037e+03	+2.180e+03	+1.062e+04	+0.236
79.800	+7.448e+03	+1.926e+03	+9.426e+03	+0.205
79.900	+6.841e+03	+2.370e+03	+1.120e+04	+0.257
80.000	+7.151e+03	+1.243e+03	+1.039e+04	+0.148
80.100	+8.527e+03	+1.286e+03	+9.880e+03	+0.131
80.200	+7.558e+03	+3.567e+03	+9.484e+03	+0.321
80.300	+6.551e+03	+2.179e+03	+8.642e+03	+0.250
80.400	+7.575e+03	+2.247e+03	+9.499e+03	+0.229
80.500	+7.607e+03	+3.001e+03	+1.048e+04	+0.283
80.600	+6.445e+03	+2.891e+03	+1.005e+04	+0.310
80.700	+8.503e+03	+1.235e+03	+9.305e+03	+0.127
80.800	+7.280e+03	+5.706e+02	+9.361e+03	+0.073
80.900	+6.321e+03	+2.262e+03	+1.040e+04	+0.264
81.000	+7.330e+03	+2.392e+03	+9.224e+03	+0.246
81.100	+7.673e+03	+2.440e+03	+8.936e+03	+0.241
81.200	+7.007e+03	+2.683e+03	+9.835e+03	+0.277
81.300	+8.003e+03	+2.917e+03	+1.035e+04	+0.267
81.400	+5.276e+03	+2.727e+03	+1.053e+04	+0.341
81.500	+7.178e+03	+2.911e+03	+1.132e+04	+0.289
81.600	+7.719e+03	+2.415e+03	+1.108e+04	+0.238
81.700	+7.407e+03	+1.936e+03	+1.012e+04	+0.207
81.800	+6.620e+03	+2.651e+03	+9.760e+03	+0.286
81.900	+7.263e+03	+3.112e+03	+9.603e+03	+0.300
82.000	+6.959e+03	+8.470e+02	+1.033e+04	+0.109
82.100	+8.574e+03	+1.088e+03	+1.056e+04	+0.113
82.200	+8.835e+03	+1.476e+03	+1.050e+04	+0.143
82.300	+7.057e+03	+3.343e+03	+1.108e+04	+0.321
82.400	+7.796e+03	+1.843e+03	+1.020e+04	+0.191
82.500	+6.586e+03	+2.585e+03	+1.064e+04	+0.282
82.600	+8.082e+03	+4.354e+03	+9.229e+03	+0.350
82.700	+7.608e+03	+2.510e+03	+9.819e+03	+0.248
82.800	+7.336e+03	+2.468e+03	+1.035e+04	+0.252
82.900	+6.875e+03	+3.208e+03	+1.054e+04	+0.318
83.000	+8.324e+03	+2.898e+03	+1.105e+04	+0.258
83.100	+9.135e+03	+3.262e+03	+1.033e+04	+0.263
83.200	+7.452e+03	+2.009e+03	+9.394e+03	+0.212
83.300	+6.757e+03	+2.551e+03	+1.018e+04	+0.274
83.400	+6.571e+03	+2.485e+03	+9.262e+03	+0.274
83.500	+7.728e+03	+3.196e+03	+1.160e+04	+0.293
83.600	+7.692e+03	+4.125e+03	+1.060e+04	+0.349
83.700	+7.103e+03	+2.593e+03	+9.512e+03	+0.267
83.800	+8.993e+03	+1.892e+03	+1.017e+04	+0.174
83.900	+7.452e+03	+2.995e+03	+1.009e+04	+0.287
84.000	+7.609e+03	+2.886e+03	+1.048e+04	+0.275
84.100	+6.486e+03	+1.832e+03	+1.057e+04	+0.220
84.200	+6.523e+03	+2.457e+03	+1.065e+04	+0.274
84.300	+7.956e+03	+1.399e+03	+1.179e+04	+0.150
84.400	+7.808e+03	+2.507e+03	+1.087e+04	+0.243
84.500	+7.976e+03	+3.747e+03	+8.105e+03	+0.320
84.600	+7.343e+03	+2.499e+03	+9.890e+03	+0.254
84.700	+7.880e+03	+1.994e+03	+9.975e+03	+0.202
84.800	+6.708e+03	+2.065e+03	+9.811e+03	+0.235
84.900	+7.428e+03	+2.650e+03	+9.836e+03	+0.263
85.000	+7.061e+03	+2.183e+03	+1.062e+04	+0.236
85.100	+7.946e+03	+7.916e+02	+9.793e+03	+0.091
85.200	+8.361e+03	+2.715e+03	+9.646e+03	+0.245
85.300	+7.824e+03	+2.465e+03	+9.188e+03	+0.240
85.400	+8.299e+03	+1.737e+03	+1.053e+04	+0.173
85.500	+7.860e+03	+2.229e+03	+1.024e+04	+0.221
85.600	+7.362e+03	+2.473e+03	+8.820e+03	+0.251
85.700	+7.176e+03	+2.814e+03	+1.022e+04	+0.282
85.800	+6.989e+03	+2.603e+03	+9.448e+03	+0.271
85.900	+8.528e+03	+3.040e+03	+9.906e+03	+0.263
86.000	+8.012e+03	+1.976e+03	+1.163e+04	+0.198
86.100	+5.661e+03	+1.625e+03	+1.050e+04	+0.223
86.200	+6.800e+03	+4.261e+03	+1.121e+04	+0.385
86.300	+6.913e+03	+2.404e+03	+1.055e+04	+0.258
86.400	+8.258e+03	+2.719e+03	+8.606e+03	+0.248
86.500	+8.194e+03	+2.077e+03	+9.979e+03	+0.202
86.600	+6.920e+03	+3.633e+03	+9.610e+03	+0.344
86.700	+7.660e+03	+2.462e+03	+1.074e+04	+0.243
86.800	+7.491e+03	+3.338e+03	+9.162e+03	+0.308
86.900	+6.924e+03	+3.673e+03	+1.110e+04	+0.347
87.000	+7.392e+03	+1.737e+03	+9.193e+03	+0.190
87.100	+8.799e+03	+2.795e+03	+1.102e+04	+0.241
87.200	+6.522e+03	+2.023e+03	+1.054e+04	+0.237
87.300	+6.895e+03	+2.947e+03	+9.027e+03	+0.299
87.400	+8.054e+03	+1.706e+03	+9.912e+03	+0.175
87.500	+8.179e+03	+2.798e+03	+1.077e+04	+0.255
87.600	+8.293e+03	+2.272e+03	+9.354e+03	+0.215
87.700	+8.092e+03	+2.076e+03	+9.871e+03	+0.204
87.800	+7.466e+03	+3.393e+03	+1.026e+04	+0.312
87.900	+7.225e+03	+3.762e+03	+1.005e+04	+0.342
88.000	+7.997e+03	+1.415e+03	+1.081e+04	+0.150
88.100	+7.997e+03	+2.683e+03	+9.565e+03	+0.251
88.200	+8.560e+03	+2.706e+03	+1.010e+04	+0.240
88.300	+8.541e+03	+3.143e+03	+9.311e+03	+0.269
88.400	+8.258e+03	+2.169e+03	+9.616e+03	+0.208
88.500	+8.481e+03	+2.983e+03	+1.047e+04	+0.260
88.600	+9.054e+03	+2.767e+03	+9.959e+03	+0.234
88.700	+7.880e+03	+2.520e+03	+1.061e+04	+0.242
88.800	+7.825e+03	+2.290e+03	+1.061e+04	+0.226
88.900	+8.180e+03	+3.257e+03	+1.002e+04	+0.285
89.000	+7.136e+03	+2.463e+03	+1.019e+04	+0.257
89.100	+7.675e+03	+1.780e+03	+1.015e+04	+0.188
89.200	+7.062e+03	+1.376e+03	+9.552e+03	+0.163
89.300	+7.758e+03	+1.616e+03	+9.215e+03	+0.172
89.400	+8.326e+03	+2.623e+03	+1.015e+04	+0.240
89.500	+8.093e+03	+2.481e+03	+1.071e+04	+0.235
89.600	+7.977e+03	+2.202e+03	+1.006e+04	+0.216
89.700	+7.887e+03	+1.059e+03	+1.035e+04	+0.118
89.800	+8.174e+03	+2.378e+03	+9.716e+03	+0.225
89.900	+6.603e+03	+1.801e+03	+9.679e+03	+0.214
90.000	+6.235e+03	+2.980e+03	+9.526e+03	+0.323
90.100	+6.164e+03	+2.817e+03	+9.959e+03	+0.314
90.200	+7.200e+03	+3.909e+03	+1.055e+04	+0.352
90.300	+6.628e+03	+3.011e+03	+1.018e+04	+0.312
90.400	+7.545e+03	+2.398e+03	+9.458e+03	+0.241
90.500	+7.151e+03	+2.619e+03	+1.119e+04	+0.268
90.600	+6.746e+03	+1.946e+03	+9.948e+03	+0.224
90.700	+7.051e+03	+2.017e+03	+1.019e+04	+0.222
90.800	+7.105e+03	+3.068e+03	+9.607e+03	+0.302
90.900	+8.128e+03	+2.136e+03	+1.041e+04	+0.208
91.000	+7.605e+03	+1.945e+03	+1.195e+04	+0.204
91.100	+7.618e+03	+1.349e+03	+9.678e+03	+0.150
91.200	+9.300e+03	+2.486e+03	+1.002e+04	+0.211
91.300	+7.221e+03	+2.293e+03	+1.159e+04	+0.241
91.400	+6.589e+03	+2.789e+03	+1.060e+04	+0.297
91.500	+8.357e+03	+3.817e+03	+9.969e+03	+0.314
91.600	+6.718e+03	+2.627e+03	+1.021e+04	+0.281
91.700	+7.883e+03	+2.015e+03	+8.691e+03	+0.204
91.800	+6.747e+03	+2.318e+03	+9.930e+03	+0.256
91.900	+8.284e+03	+1.975e+03	+1.058e+04	+0.193
92.000	+6.894e+03	+4.020e+03	+9.306e+03	+0.368
92.100	+7.519e+03	+2.975e+03	+9.738e+03	+0.283
92.200	+7.726e+03	+2.727e+03	+1.082e+04	+0.261
92.300	+7.925e+03	+3.118e+03	+1.065e+04	+0.282
92.400	+6.751e+03	+1.969e+03	+1.036e+04	+0.226
92.500	+8.503e+03	+1.686e+03	+9.972e+03	+0.165
92.600	+7.688e+03	+2.896e+03	+9.828e+03	+0.274
92.700	+7.090e+03	+1.738e+03	+1.051e+04	+0.197
92.800	+6.769e+03	+2.115e+03	+9.839e+03	+0.238
92.900	+8.233e+03	+2.175e+03	+9.631e+03	+0.209
93.000	+7.566e+03	+2.857e+03	+1.154e+04	+0.274
93.100	+6.728e+03	+2.984e+03	+9.564e+03	+0.307
93.200	+6.807e+03	+2.181e+03	+9.938e+03	+0.243
93.300	+8.730e+03	+2.042e+03	+8.725e+03	+0.190
93.400	+6.370e+03	+3.506e+03	+1.046e+04	+0.355
93.500	+7.343e+03	+2.357e+03	+9.848e+03	+0.243
93.600	+8.646e+03	+2.109e+03	+1.069e+04	+0.196
93.700	+7.182e+03	+3.939e+03	+9.736e+03	+0.354
93.800	+7.660e+03	+2.534e+03	+1.031e+04	+0.249
93.900	+6.702e+03	+2.321e+03	+1.047e+04	+0.257
94.000	+7.576e+03	+2.228e+03	+1.082e+04	+0.227
94.100	+7.143e+03	+2.271e+03	+9.305e+03	+0.241
94.200	+7.769e+03	+3.234e+03	+9.721e+03	+0.294
94.300	+6.973e+03	+2.796e+03	+9.993e+03	+0.286
94.400	+7.645e+03	+3.087e+03	+8.538e+03	+0.288
94.500	+1.465e+03	+7.759e+03	+9.701e+03	+0.841
94.600	+2.132e+03	+7.394e+03	+1.018e+04	+0.776
94.700	+1.941e+03	+8.116e+03	+9.088e+03	+0.807
94.800	+3.513e+03	+6.865e+03	+9.875e+03	+0.661
94.900	+2.585e+03	+7.858e+03	+9.814e+03	+0.752
95.000	+1.655e+03	+8.600e+03	+9.496e+03	+0.839
95.100	+2.005e+03	+8.134e+03	+9.935e+03	+0.802
95.200	+1.130e+03	+8.029e+03	+1.061e+04	+0.877
95.300	+2.516e+03	+8.160e+03	+1.002e+04	+0.764
95.400	+2.271e+03	+7.910e+03	+9.668e+03	+0.777
95.500	+1.022e+03	+8.243e+03	+1.015e+04	+0.890
95.600	+2.843e+03	+8.555e+03	+1.176e+04	+0.751
95.700	+2.545e+03	+7.201e+03	+9.406e+03	+0.739
95.800	+2.989e+03	+7.396e+03	+1.059e+04	+0.712
95.900	+2.984e+03	+8.367e+03	+1.021e+04	+0.737
96.000	+2.977e+03	+8.671e+03	+1.122e+04	+0.744
96.100	+2.347e+03	+7.278e+03	+1.082e+04	+0.756
96.200	+2.708e+03	+7.027e+03	+9.731e+03	+0.722
96.300	+4.109e+02	+7.351e+03	+1.041e+04	+0.947
96.400	+2.455e+03	+8.935e+03	+1.048e+04	+0.784
96.500	+1.908e+03	+8.522e+03	+9.834e+03	+0.817
96.600	+1.906e+03	+7.417e+03	+8.509e+03	+0.796
96.700	+1.985e+03	+8.042e+03	+1.146e+04	+0.802
96.800	+3.513e+03	+7.453e+03	+9.428e+03	+0.680
96.900	+2.121e+03	+7.652e+03	+1.088e+04	+0.783
97.000	+1.732e+03	+6.220e+03	+9.540e+03	+0.782
97.100	+1.369e+03	+8.423e+03	+8.997e+03	+0.860
97.200	+1.125e+03	+7.170e+03	+1.031e+04	+0.864
97.300	+2.449e+03	+7.965e+03	+9.534e+03	+0.765
97.400	+1.431e+03	+7.498e+03	+1.033e+04	+0.840
97.500	+2.346e+03	+7.817e+03	+9.593e+03	+0.769
97.600	+1.730e+03	+8.070e+03	+9.545e+03	+0.823
97.700	+1.895e+03	+7.748e+03	+1.009e+04	+0.804
97.800	+2.029e+03	+7.290e+03	+9.375e+03	+0.782
97.900	+1.870e+03	+8.410e+03	+1.023e+04	+0.818
98.000	+2.309e+03	+8.866e+03	+1.011e+04	+0.793
98.100	-1.696e+01	+8.637e+03	+1.007e+04	+1.002
98.200	+9.097e+02	+8.352e+03	+1.107e+04	+0.902
98.300	+2.618e+03	+7.369e+03	+1.036e+04	+0.738
98.400	+2.653e+03	+6.479e+03	+9.239e+03	+0.709
98.500	+1.458e+03	+8.246e+03	+1.181e+04	+0.850
98.600	+1.831e+03	+7.615e+03	+1.052e+04	+0.806
98.700	+2.703e+03	+8.030e+03	+9.596e+03	+0.748
98.800	+2.024e+03	+7.335e+03	+1.076e+04	+0.784
98.900	+2.342e+03	+8.376e+03	+9.115e+03	+0.781
99.000	+2.296e+03	+7.718e+03	+9.865e+03	+0.771
99.100	+2.019e+03	+8.323e+03	+1.103e+04	+0.805
99.200	+2.497e+03	+7.655e+03	+1.028e+04	+0.754
99.300	+6.080e+02	+8.424e+03	+9.902e+03	+0.933
99.400	+1.740e+03	+7.439e+03	+9.423e+03	+0.810
99.500	+2.042e+03	+8.600e+03	+1.097e+04	+0.808
99.600	+2.843e+03	+8.553e+03	+1.108e+04	+0.750
99.700	+2.173e+03	+8.426e+03	+1.031e+04	+0.795
99.800	+1.147e+03	+6.718e+03	+1.040e+04	+0.854
99.900	+2.073e+03	+7.641e+03	+9.295e+03	+0.787
100.000	+1.456e+03	+8.323e+03	+9.289e+03	+0.851
100.100	+3.197e+03	+7.552e+03	+1.013e+04	+0.703
100.200	+2.766e+03	+7.067e+03	+9.102e+03	+0.719
100.300	+1.760e+03	+8.203e+03	+8.739e+03	+0.823
100.400	+2.572e+03	+7.013e+03	+1.067e+04	+0.732
100.500	+2.806e+03	+7.993e+03	+1.105e+04	+0.740
100.600	+1.672e+03	+8.270e+03	+1.028e+04	+0.832
100.700	+1.058e+03	+7.271e+03	+9.114e+03	+0.873
100.800	+2.792e+03	+7.075e+03	+1.034e+04	+0.717
100.900	+1.767e+03	+6.947e+03	+1.016e+04	+0.797
101.000	+3.282e+03	+8.660e+03	+9.718e+03	+0.725
101.100	+3.198e+03	+7.591e+03	+1.131e+04	+0.704
101.200	+1.942e+03	+9.200e+03	+9.865e+03	+0.826
101.300	+2.195e+03	+8.478e+03	+9.737e+03	+0.794
101.400	+2.135e+03	+7.204e+03	+9.256e+03	+0.771
101.500	+3.799e+03	+7.811e+03	+9.816e+03	+0.673
101.600	+1.355e+03	+8.091e+03	+1.029e+04	+0.857
101.700	+1.997e+03	+8.506e+03	+1.036e+04	+0.810
101.800	+1.890e+03	+8.436e+03	+1.071e+04	+0.817
101.900	+1.587e+03	+9.597e+03	+9.624e+03	+0.858
102.000	+2.231e+03	+8.035e+03	+9.502e+03	+0.783
102.100	+1.822e+03	+9.136e+03	+9.548e+03	+0.834
102.200	+2.213e+03	+9.003e+03	+1.115e+04	+0.803
102.300	+1.765e+03	+6.189e+03	+1.053e+04	+0.778
102.400	+2.542e+03	+7.498e+03	+1.007e+04	+0.747
102.500	+3.081e+03	+8.316e+03	+9.667e+03	+0.730
102.600	+1.785e+03	+7.637e+03	+8.470e+03	+0.811
102.700	+3.068e+03	+8.737e+03	+1.046e+04	+0.740
102.800	+2.489e+03	+7.907e+03	+9.183e+03	+0.761
102.900	+1.485e+03	+8.829e+03	+9.676e+03	+0.856
103.000	+1.600e+03	+8.438e+03	+8.885e+03	+0.841
103.100	+4.202e+03	+8.743e+03	+1.133e+04	+0.675
103.200	+1.142e+03	+8.206e+03	+9.902e+03	+0.878
103.300	+1.818e+03	+8.768e+03	+9.472e+03	+0.828
103.400	+1.022e+03	+7.602e+03	+1.007e+04	+0.882
103.500	-1.262e+02	+7.315e+03	+1.125e+04	+1.018
103.600	+2.954e+03	+7.883e+03	+1.001e+04	+0.727
103.700	+2.374e+03	+7.459e+03	+1.063e+04	+0.759
103.800	+3.242e+03	+6.663e+03	+9.472e+03	+0.673
103.900	+2.056e+03	+7.480e+03	+9.221e+03	+0.784
104.000	+1.159e+03	+6.862e+03	+8.880e+03	+0.855
104.100	+1.910e+03	+8.402e+03	+1.015e+04	+0.815
104.200	+2.388e+03	+8.014e+03	+8.945e+03	+0.770
104.300	+2.528e+03	+8.691e+03	+9.617e+03	+0.775
104.400	+1.591e+03	+9.337e+03	+1.012e+04	+0.854
104.500	+2.162e+03	+7.214e+03	+8.786e+03	+0.769
104.600	+9.629e+02	+9.681e+03	+8.106e+03	+0.910
104.700	+1.373e+03	+7.439e+03	+1.037e+04	+0.844
104.800	+2.703e+03	+8.188e+03	+9.762e+03	+0.752
104.900	+1.623e+03	+7.612e+03	+1.018e+04	+0.824
105.000	+2.619e+03	+9.227e+03	+9.894e+03	+0.779
105.100	+2.248e+03	+8.753e+03	+1.001e+04	+0.796
105.200	+2.577e+03	+7.202e+03	+1.054e+04	+0.736
105.300	+1.400e+03	+6.207e+03	+9.066e+03	+0.816
105.400	+1.779e+03	+8.080e+03	+8.886e+03	+0.820
105.500	+2.996e+03	+7.774e+03	+9.305e+03	+0.722
105.600	+2.581e+03	+7.334e+03	+9.203e+03	+0.740
105.700	+2.176e+03	+7.947e+03	+1.106e+04	+0.785
105.800	+1.802e+03	+6.793e+03	+9.156e+03	+0.790
105.900	+1.244e+03	+7.153e+03	+9.607e+03	+0.852
106.000	+2.301e+03	+7.561e+03	+1.096e+04	+0.767
106.100	+2.560e+03	+8.245e+03	+1.036e+04	+0.763
106.200	+1.536e+03	+7.380e+03	+9.652e+03	+0.828
106.300	+2.431e+03	+6.906e+03	+1.040e+04	+0.740
106.400	+3.015e+03	+9.293e+03	+1.005e+04	+0.755
106.500	+2.177e+03	+8.920e+03	+1.045e+04	+0.804
106.600	+1.474e+03	+7.752e+03	+9.275e+03	+0.840
106.700	+7.250e+02	+9.136e+03	+9.315e+03	+0.926
106.800	+2.109e+03	+8.157e+03	+1.034e+04	+0.795
106.900	+5.735e+02	+8.408e+03	+9.512e+03	+0.936
107.000	+1.850e+03	+7.776e+03	+1.029e+04	+0.808
107.100	+2.782e+03	+9.181e+03	+1.022e+04	+0.767
107.200	+1.939e+03	+8.554e+03	+9.956e+03	+0.815
107.300	+1.447e+03	+7.744e+03	+9.680e+03	+0.843
107.400	+2.436e+03	+7.859e+03	+1.075e+04	+0.763
107.500	+2.621e+03	+8.030e+03	+9.132e+03	+0.754
107.600	+2.761e+03	+7.471e+03	+9.561e+03	+0.730
107.700	+2.657e+03	+8.002e+03	+9.956e+03	+0.751
107.800	+1.825e+03	+7.916e+03	+8.394e+03	+0.813
107.900	+3.557e+03	+6.362e+03	+9.131e+03	+0.641
108.000	+2.838e+03	+7.486e+03	+1.024e+04	+0.725
108.100	+7.517e+02	+7.560e+03	+1.035e+04	+0.910
108.200	+1.787e+03	+8.364e+03	+8.554e+03	+0.824
108.300	+8.510e+02	+8.249e+03	+9.205e+03	+0.906
108.400	+3.001e+03	+7.091e+03	+9.825e+03	+0.703
108.500	+1.441e+03	+8.121e+03	+1.002e+04	+0.849
108.600	+2.428e+03	+9.590e+03	+1.100e+04	+0.798
108.700	+1.415e+03	+8.672e+03	+8.596e+03	+0.860
108.800	+2.246e+03	+8.010e+03	+1.101e+04	+0.781
108.900	+1.784e+03	+7.425e+03	+1.019e+04	+0.806
109.000	+1.188e+03	+8.565e+03	+1.071e+04	+0.878
109.100	+1.794e+03	+8.388e+03	+9.799e+03	+0.824
109.200	+2.059e+03	+8.697e+03	+1.021e+04	+0.809
109.300	+9.564e+02	+7.879e+03	+9.603e+03	+0.892
109.400	+2.397e+03	+8.687e+03	+9.917e+03	+0.784
109.500	+2.223e+03	+8.459e+03	+1.046e+04	+0.792
109.600	+2.508e+03	+8.826e+03	+1.093e+04	+0.779
109.700	+5.783e+02	+8.015e+03	+1.054e+04	+0.933
109.800	+1.149e+03	+9.189e+03	+9.750e+03	+0.889
109.900	+1.863e+03	+7.012e+03	+1.022e+04	+0.790
110.000	+1.553e+03	+8.236e+03	+9.546e+03	+0.841
110.100	+1.721e+03	+7.171e+03	+9.826e+03	+0.806
110.200	+2.907e+03	+6.863e+03	+9.419e+03	+0.702
110.300	+1.205e+03	+8.838e+03	+1.016e+04	+0.880
110.400	+2.680e+03	+7.580e+03	+1.043e+04	+0.739
110.500	+1.654e+03	+7.390e+03	+1.074e+04	+0.817
110.600	+2.292e+03	+6.241e+03	+9.302e+03	+0.731
110.700	+2.272e+03	+8.886e+03	+1.014e+04	+0.796
110.800	+1.257e+03	+8.353e+03	+1.035e+04	+0.869
110.900	+3.374e+03	+8.621e+03	+1.091e+04	+0.719
111.000	+2.502e+03	+7.996e+03	+9.434e+03	+0.762
111.100	+1.189e+03	+8.108e+03	+1.028e+04	+0.872
111.200	+2.319e+03	+7.351e+03	+1.070e+04	+0.760
111.300	+2.056e+03	+8.132e+03	+1.094e+04	+0.798
111.400	+1.691e+03	+7.551e+03	+9.525e+03	+0.817
111.500	+1.901e+03	+8.256e+03	+1.003e+04	+0.813
111.600	+2.274e+03	+8.610e+03	+8.397e+03	+0.791
111.700	+1.304e+03	+7.521e+03	+1.051e+04	+0.852
111.800	+1.750e+03	+7.956e+03	+8.458e+03	+0.820
111.900	+1.342e+03	+8.281e+03	+9.760e+03	+0.861
112.000	+1.438e+03	+8.817e+03	+1.010e+04	+0.860
112.100	+1.535e+03	+8.308e+03	+9.935e+03	+0.844
112.200	+1.423e+03	+7.960e+03	+1.025e+04	+0.848
112.300	+1.489e+03	+7.755e+03	+9.843e+03	+0.839
112.400	+2.143e+03	+9.990e+03	+1.069e+04	+0.823
112.500	+1.525e+03	+7.496e+03	+9.907e+03	+0.831
112.600	+1.799e+03	+7.398e+03	+1.068e+04	+0.804
112.700	+2.403e+03	+7.693e+03	+1.014e+04	+0.762
112.800	+1.522e+03	+7.030e+03	+1.036e+04	+0.822
112.900	+6.019e+02	+8.294e+03	+1.029e+04	+0.932
113.000	+2.555e+03	+8.588e+03	+8.774e+03	+0.771
113.100	+1.499e+03	+9.389e+03	+1.044e+04	+0.862
113.200	+1.018e+03	+7.701e+03	+9.736e+03	+0.883
113.300	+2.431e+03	+8.237e+03	+9.714e+03	+0.772
113.400	+3.134e+03	+7.834e+03	+1.070e+04	+0.714
113.500	+1.893e+03	+8.734e+03	+1.226e+04	+0.822
113.600	+2.627e+03	+7.981e+03	+1.069e+04	+0.752
113.700	+2.143e+03	+7.893e+03	+1.034e+04	+0.786
113.800	+2.897e+03	+8.272e+03	+9.147e+03	+0.741
113.900	+1.175e+03	+1.020e+04	+8.907e+03	+0.897
114.000	+2.728e+03	+8.382e+03	+1.118e+04	+0.754
114.100	+1.389e+03	+7.764e+03	+1.050e+04	+0.848
114.200	+2.156e+03	+8.861e+03	+1.086e+04	+0.804
114.300	+3.111e+03	+7.462e+03	+8.609e+03	+0.706
114.400	+1.547e+03	+8.669e+03	+8.587e+03	+0.849
114.500	+1.948e+03	+7.447e+03	+9.723e+03	+0.793
114.600	+1.008e+03	+6.934e+03	+8.833e+03	+0.873
114.700	+2.407e+03	+8.415e+03	+9.932e+03	+0.778
114.800	+2.581e+03	+8.330e+03	+1.068e+04	+0.763
114.900	+2.730e+03	+8.618e+03	+9.863e+03	+0.759
115.000	+1.769e+03	+8.461e+03	+1.113e+04	+0.827
115.100	+3.308e+03	+9.413e+03	+1.021e+04	+0.740
115.200	+1.273e+03	+8.396e+03	+1.047e+04	+0.868
115.300	+1.340e+03	+7.324e+03	+9.645e+03	+0.845
115.400	+1.686e+03	+8.718e+03	+9.058e+03	+0.838
115.500	+2.384e+03	+8.896e+03	+1.035e+04	+0.789
115.600	+2.511e+03	+8.313e+03	+9.487e+03	+0.768
115.700	+1.738e+03	+7.415e+03	+8.987e+03	+0.810
115.800	+2.535e+03	+8.073e+03	+9.500e+03	+0.761
115.900	+2.718e+03	+7.984e+03	+1.012e+04	+0.746
116.000	+1.827e+03	+7.738e+03	+1.073e+04	+0.809
116.100	+2.376e+03	+8.053e+03	+1.080e+04	+0.772
116.200	+3.544e+03	+8.085e+03	+1.093e+04	+0.695
116.300	+1.663e+03	+7.620e+03	+8.739e+03	+0.821
116.400	+1.325e+03	+9.442e+03	+9.803e+03	+0.877
116.500	+1.591e+03	+7.708e+03	+8.438e+03	+0.829
116.600	+2.932e+03	+8.177e+03	+1.083e+04	+0.736
116.700	+2.526e+03	+7.243e+03	+9.705e+03	+0.741
116.800	+2.139e+03	+8.542e+03	+1.036e+04	+0.800
116.900	+2.015e+03	+7.544e+03	+8.640e+03	+0.789
117.000	+2.101e+03	+7.780e+03	+1.040e+04	+0.787
117.100	+1.356e+03	+7.798e+03	+9.990e+03	+0.852
117.200	+3.107e+03	+8.256e+03	+1.117e+04	+0.727
117.300	+2.094e+03	+6.821e+03	+1.047e+04	+0.765
117.400	+1.260e+03	+7.691e+03	+1.013e+04	+0.859
117.500	+2.721e+03	+8.855e+03	+9.704e+03	+0.765
117.600	+4.875e+03	+6.305e+03	+8.904e+03	+0.564
117.700	+4.416e+03	+4.352e+03	+1.024e+04	+0.496
117.800	+4.842e+03	+4.649e+03	+1.061e+04	+0.490
117.900	+5.565e+03	+5.029e+03	+9.513e+03	+0.475
118.000	+5.396e+03	+5.648e+03	+9.654e+03	+0.511
118.100	+4.719e+03	+5.761e+03	+1.035e+04	+0.550
118.200	+5.326e+03	+4.373e+03	+9.796e+03	+0.451
118.300	+4.875e+03	+4.568e+03	+9.257e+03	+0.484
118.400	+4.912e+03	+5.214e+03	+1.024e+04	+0.515
118.500	+4.920e+03	+6.024e+03	+9.680e+03	+0.550
118.600	+5.179e+03	+5.778e+03	+8.127e+03	+0.527
118.700	+4.741e+03	+4.544e+03	+1.099e+04	+0.489
118.800	+4.705e+03	+4.233e+03	+1.072e+04	+0.474
118.900	+5.883e+03	+5.856e+03	+9.367e+03	+0.499
119.000	+4.171e+03	+5.149e+03	+1.078e+04	+0.552
119.100	+5.913e+03	+4.780e+03	+9.237e+03	+0.447
119.200	+7.664e+03	+4.993e+03	+1.022e+04	+0.394
119.300	+4.479e+03	+4.530e+03	+9.991e+03	+0.503
119.400	+5.007e+03	+5.019e+03	+1.027e+04	+0.501
119.500	+7.088e+03	+3.116e+03	+9.186e+03	+0.305
119.600	+7.001e+03	+2.261e+03	+1.095e+04	+0.244
119.700	+7.868e+03	+2.892e+03	+9.033e+03	+0.269
119.800	+8.008e+03	+3.093e+03	+1.094e+04	+0.279
119.900	+6.686e+03	+1.255e+03	+9.552e+03	+0.158
120.000	+7.243e+03	+2.514e+03	+1.080e+04	+0.258
120.100	+8.613e+03	+2.528e+03	+1.011e+04	+0.227
120.200	+7.045e+03	+2.635e+03	+1.016e+04	+0.272
120.300	+7.358e+03	+2.911e+03	+8.388e+03	+0.283
120.400	+7.886e+03	+1.954e+03	+1.009e+04	+0.199
120.500	+6.399e+03	+3.198e+03	+1.109e+04	+0.333
120.600	+7.711e+03	+3.208e+03	+1.011e+04	+0.294
120.700	+7.618e+03	+2.607e+03	+1.085e+04	+0.255
120.800	+8.138e+03	+3.505e+03	+9.275e+03	+0.301
120.900	+6.818e+03	+2.575e+03	+1.079e+04	+0.274
121.000	+7.454e+03	+3.329e+03	+9.788e+03	+0.309
121.100	+6.937e+03	+2.912e+03	+9.805e+03	+0.296
121.200	+7.618e+03	+9.229e+02	+9.761e+03	+0.108
121.300	+6.640e+03	+2.227e+03	+9.737e+03	+0.251
121.400	+7.679e+03	+3.508e+03	+1.027e+04	+0.314
121.500	+7.092e+03	+3.550e+03	+9.281e+03	+0.334
121.600	+7.624e+03	+4.236e+03	+9.713e+03	+0.357
121.700	+8.919e+03	+2.159e+03	+1.042e+04	+0.195
121.800	+8.153e+03	+2.506e+03	+1.048e+04	+0.235
121.900	+7.111e+03	+3.166e+03	+9.374e+03	+0.308
122.000	+8.331e+03	+3.514e+03	+9.891e+03	+0.297
122.100	+8.315e+03	+2.600e+03	+1.039e+04	+0.238
122.200	+6.888e+03	+1.853e+03	+8.825e+03	+0.212
122.300	+6.170e+03	+3.149e+03	+1.020e+04	+0.338
122.400	+7.334e+03	+3.587e+03	+1.104e+04	+0.328
122.500	+6.936e+03	+2.193e+03	+1.034e+04	+0.240
122.600	+7.907e+03	+2.237e+03	+9.564e+03	+0.221
122.700	+8.493e+03	+4.151e+03	+8.337e+03	+0.328
122.800	+8.272e+03	+3.160e+03	+9.644e+03	+0.276
122.900	+7.895e+03	+2.574e+03	+9.916e+03	+0.246
123.000	+8.235e+03	+2.608e+03	+9.735e+03	+0.241
123.100	+6.945e+03	+1.625e+03	+1.105e+04	+0.190
123.200	+8.458e+03	+1.655e+03	+1.050e+04	+0.164
123.300	+7.548e+03	+2.129e+03	+9.682e+03	+0.220
123.400	+7.658e+03	+2.156e+03	+1.052e+04	+0.220
123.500	+7.580e+03	+2.908e+03	+9.047e+03	+0.277
123.600	+7.817e+03	+2.150e+03	+1.004e+04	+0.216
123.700	+6.704e+03	+2.029e+03	+9.714e+03	+0.232
123.800	+8.630e+03	+1.255e+03	+1.039e+04	+0.127
123.900	+7.844e+03	+2.712e+03	+1.052e+04	+0.257
124.000	+8.289e+03	+3.451e+03	+9.366e+03	+0.294
124.100	+8.408e+03	+3.149e+03	+9.460e+03	+0.272
124.200	+6.260e+03	+2.775e+03	+8.442e+03	+0.307
124.300	+7.034e+03	+2.311e+03	+8.424e+03	+0.247
124.400	+6.940e+03	+1.933e+03	+9.116e+03	+0.218
124.500	+7.382e+03	+1.747e+03	+9.782e+03	+0.191
124.600	+6.897e+03	+3.781e+03	+8.910e+03	+0.354
124.700	+7.861e+03	+2.366e+03	+1.087e+04	+0.231
124.800	+7.831e+03	+1.944e+03	+9.262e+03	+0.199
124.900	+7.074e+03	+3.999e+03	+1.086e+04	+0.361
125.000	+8.274e+03	+2.203e+03	+1.069e+04	+0.210
125.100	+6.288e+03	+2.527e+03	+1.042e+04	+0.287
125.200	+7.761e+03	+2.831e+03	+1.001e+04	+0.267
125.300	+8.453e+03	+2.895e+03	+1.155e+04	+0.255
125.400	+7.001e+03	+2.418e+03	+1.037e+04	+0.257
125.500	+7.681e+03	+3.686e+03	+1.040e+04	+0.324
125.600	+8.435e+03	+2.584e+03	+9.913e+03	+0.234
125.700	+7.662e+03	+1.902e+03	+1.008e+04	+0.199
125.800	+7.011e+03	+2.905e+03	+9.266e+03	+0.293
125.900	+7.280e+03	+2.230e+03	+1.008e+04	+0.234
126.000	+7.270e+03	+3.249e+03	+9.837e+03	+0.309
126.100	+7.782e+03	+2.512e+03	+9.368e+03	+0.244
126.200	+6.999e+03	+2.442e+03	+9.447e+03	+0.259
126.300	+8.860e+03	+3.275e+03	+1.123e+04	+0.270
126.400	+7.559e+03	+2.488e+03	+1.023e+04	+0.248
126.500	+8.886e+03	+2.309e+03	+9.797e+03	+0.206
126.600	+8.879e+03	+2.690e+03	+1.048e+04	+0.232
126.700	+8.325e+03	+3.265e+03	+1.017e+04	+0.282
126.800	+6.950e+03	+1.154e+03	+9.106e+03	+0.142
126.900	+7.860e+03	+3.141e+03	+9.213e+03	+0.286
127.000	+7.243e+03	+2.274e+03	+9.075e+03	+0.239
127.100	+7.422e+03	+3.120e+03	+1.022e+04	+0.296
127.200	+7.960e+03	+2.322e+03	+9.969e+03	+0.226
127.300	+6.230e+03	+2.125e+03	+1.001e+04	+0.254
127.400	+6.507e+03	+2.198e+03	+9.826e+03	+0.253
127.500	+6.203e+03	+3.088e+03	+1.015e+04	+0.332
127.600	+6.312e+03	+1.867e+03	+9.132e+03	+0.228
127.700	+7.016e+03	+3.639e+03	+1.080e+04	+0.342
127.800	+6.555e+03	+2.535e+03	+9.583e+03	+0.279
127.900	+7.469e+03	+1.807e+03	+9.332e+03	+0.195
128.000	+7.625e+03	+2.491e+03	+1.019e+04	+0.246
128.100	+7.603e+03	+3.128e+03	+1.090e+04	+0.291
128.200	+8.113e+03	+2.717e+03	+9.765e+03	+0.251
128.300	+7.411e+03	+1.065e+03	+9.159e+03	+0.126
128.400	+6.875e+03	+3.672e+03	+9.599e+03	+0.348
128.500	+6.964e+03	+1.677e+03	+1.090e+04	+0.194
128.600	+8.107e+03	+1.429e+03	+1.100e+04	+0.150
128.700	+8.302e+03	+1.941e+03	+1.119e+04	+0.190
128.800	+7.718e+03	+1.327e+03	+9.385e+03	+0.147
128.900	+7.748e+03	+2.656e+03	+1.059e+04	+0.255
129.000	+7.990e+03	+3.445e+03	+9.416e+03	+0.301
129.100	+6.851e+03	+3.335e+03	+1.048e+04	+0.327
129.200	+7.779e+03	+2.431e+03	+9.778e+03	+0.238
129.300	+7.347e+03	+2.200e+03	+9.051e+03	+0.230
129.400	+7.965e+03	+4.589e+03	+1.101e+04	+0.366
129.500	+7.773e+03	+1.470e+03	+9.699e+03	+0.159
129.600	+7.458e+03	+1.795e+03	+1.076e+04	+0.194
129.700	+8.431e+03	+2.334e+03	+9.786e+03	+0.217
129.800	+7.033e+03	+2.948e+03	+1.079e+04	+0.295
129.900	+7.419e+03	+1.248e+03	+9.410e+03	+0.144
130.000	+8.395e+03	+2.330e+03	+8.839e+03	+0.217
130.100	+7.348e+03	+3.840e+03	+9.711e+03	+0.343
130.200	+6.820e+03	+2.090e+03	+1.053e+04	+0.235
130.300	+7.162e+03	+2.811e+03	+1.060e+04	+0.282
130.400	+8.107e+03	+2.875e+03	+1.006e+04	+0.262
130.500	+8.453e+03	+2.261e+03	+1.024e+04	+0.211
130.600	+7.912e+03	+2.092e+03	+1.019e+04	+0.209
130.700	+6.500e+03	+1.811e+03	+9.980e+03	+0.218
130.800	+8.302e+03	+2.603e+03	+1.020e+04	+0.239
130.900	+8.037e+03	+3.041e+03	+1.062e+04	+0.275
131.000	+7.227e+03	+3.526e+03	+1.020e+04	+0.328
131.100	+7.376e+03	+3.017e+03	+9.655e+03	+0.290
131.200	+7.977e+03	+2.532e+03	+1.004e+04	+0.241
131.300	+7.476e+03	+3.179e+03	+9.166e+03	+0.298
131.400	+7.375e+03	+3.438e+03	+9.972e+03	+0.318
131.500	+6.437e+03	+3.254e+03	+9.893e+03	+0.336
131.600	+8.112e+03	+1.958e+03	+1.003e+04	+0.194
131.700	+7.410e+03	+2.056e+03	+9.593e+03	+0.217
131.800	+7.633e+03	+8.864e+02	+9.828e+03	+0.104
131.900	+7.623e+03	+2.021e+03	+9.900e+03	+0.210
132.000	+7.595e+03	+2.933e+03	+9.784e+03	+0.279
132.100	+7.004e+03	+3.148e+03	+9.479e+03	+0.310
132.200	+5.991e+03	+3.552e+03	+9.837e+03	+0.372
132.300	+7.118e+03	+3.077e+03	+1.031e+04	+0.302
132.400	+7.714e+03	+2.332e+03	+9.048e+03	+0.232
132.500	+6.066e+03	+2.817e+03	+9.897e+03	+0.317
132.600	+7.270e+03	+1.641e+03	+9.741e+03	+0.184
132.700	+7.011e+03	+2.622e+03	+1.073e+04	+0.272
132.800	+7.289e+03	+1.574e+03	+1.066e+04	+0.178
132.900	+7.941e+03	+2.547e+03	+9.975e+03	+0.243
133.000	+8.171e+03	+2.380e+03	+1.098e+04	+0.226
133.100	+7.403e+03	+2.891e+03	+1.103e+04	+0.281
133.200	+7.604e+03	+3.679e+03	+1.033e+04	+0.326
133.300	+6.650e+03	+3.203e+03	+1.037e+04	+0.325
133.400	+8.330e+03	+2.148e+03	+8.828e+03	+0.205
133.500	+6.176e+03	+2.471e+03	+9.660e+03	+0.286
133.600	+7.160e+03	+1.457e+03	+1.089e+04	+0.169
133.700	+7.356e+03	+2.929e+03	+1.069e+04	+0.285
133.800	+7.929e+03	+3.553e+03	+1.076e+04	+0.309
133.900	+6.474e+03	+2.660e+03	+9.842e+03	+0.291
134.000	+7.398e+03	+3.137e+03	+1.035e+04	+0.298
134.100	+7.498e+03	+2.648e+03	+9.879e+03	+0.261
134.200	+7.815e+03	+3.422e+03	+1.041e+04	+0.305
134.300	+8.580e+03	+1.761e+03	+1.012e+04	+0.170
134.400	+7.720e+03	+1.550e+03	+1.077e+04	+0.167
134.500	+6.698e+03	+3.081e+03	+1.001e+04	+0.315
134.600	+7.490e+03	+3.533e+03	+1.009e+04	+0.320
134.700	+8.411e+03	+3.225e+03	+1.087e+04	+0.277
134.800	+7.896e+03	+2.920e+03	+1.038e+04	+0.270
134.900	+7.560e+03	+1.746e+03	+9.038e+03	+0.188
135.000	+6.340e+03	+3.755e+03	+9.796e+03	+0.372
135.100	+4.463e+03	+4.920e+03	+1.040e+04	+0.524
135.200	+4.320e+03	+4.585e+03	+1.117e+04	+0.515
135.300	+4.378e+03	+6.111e+03	+1.090e+04	+0.583
135.400	+4.220e+03	+3.748e+03	+8.857e+03	+0.470
135.500	+4.021e+03	+4.088e+03	+9.512e+03	+0.504
135.600	+5.257e+03	+4.479e+03	+1.054e+04	+0.460
135.700	+5.374e+03	+4.416e+03	+1.066e+04	+0.451
135.800	+6.191e+03	+5.336e+03	+1.094e+04	+0.463
135.900	+5.915e+03	+4.763e+03	+9.774e+03	+0.446
136.000	+4.367e+03	+5.086e+03	+9.099e+03	+0.538
136.100	+5.599e+03	+5.011e+03	+9.762e+03	+0.472
136.200	+5.849e+03	+4.186e+03	+9.874e+03	+0.417
136.300	+5.349e+03	+5.416e+03	+1.097e+04	+0.503
136.400	+4.585e+03	+3.101e+03	+1.042e+04	+0.403
136.500	+4.527e+03	+5.151e+03	+1.006e+04	+0.532
136.600	+5.498e+03	+5.350e+03	+1.063e+04	+0.493
136.700	+5.057e+03	+5.729e+03	+1.075e+04	+0.531
136.800	+4.832e+03	+4.457e+03	+1.115e+04	+0.480
136.900	+4.445e+03	+5.077e+03	+9.956e+03	+0.533
137.000	+4.379e+03	+5.995e+03	+1.053e+04	+0.578
137.100	+4.129e+03	+4.954e+03	+9.103e+03	+0.545
137.200	+2.838e+03	+5.135e+03	+1.141e+04	+0.644
137.300	+4.834e+03	+4.191e+03	+1.031e+04	+0.464
137.400	+5.270e+03	+5.062e+03	+9.356e+03	+0.490
137.500	+5.900e+03	+5.184e+03	+9.806e+03	+0.468
137.600	+4.500e+03	+4.703e+03	+9.496e+03	+0.511
137.700	+3.992e+03	+4.882e+03	+1.026e+04	+0.550
137.800	+4.217e+03	+3.893e+03	+8.460e+03	+0.480
137.900	+6.016e+03	+3.513e+03	+9.839e+03	+0.369
138.000	+7.298e+03	+4.406e+03	+9.192e+03	+0.376
138.100	+6.437e+03	+1.216e+03	+9.574e+03	+0.159
138.200	+7.673e+03	+3.131e+03	+9.754e+03	+0.290
138.300	+7.349e+03	+3.092e+03	+8.803e+03	+0.296
138.400	+7.607e+03	+2.487e+03	+1.092e+04	+0.246
138.500	+8.051e+03	+2.217e+03	+8.970e+03	+0.216
138.600	+7.799e+03	+1.953e+03	+1.123e+04	+0.200
138.700	+7.655e+03	+2.192e+03	+1.056e+04	+0.223
138.800	+7.405e+03	+3.589e+03	+1.038e+04	+0.326
138.900	+6.920e+03	+2.296e+03	+1.057e+04	+0.249
139.000	+7.751e+03	+2.147e+03	+9.067e+03	+0.217
139.100	+8.979e+03	+1.665e+03	+9.639e+03	+0.156
139.200	+7.596e+03	+3.335e+03	+1.120e+04	+0.305
139.300	+7.452e+03	+2.646e+03	+9.145e+03	+0.262
139.400	+7.521e+03	+3.102e+03	+1.032e+04	+0.292
139.500	+7.885e+03	+2.336e+03	+1.004e+04	+0.229
139.600	+6.604e+03	+3.950e+03	+9.884e+03	+0.374
139.700	+6.915e+03	+2.100e+03	+9.581e+03	+0.233
139.800	+6.706e+03	+2.787e+03	+1.053e+04	+0.294
139.900	+8.212e+03	+3.290e+03	+1.002e+04	+0.286
140.000	+6.319e+03	+2.180e+03	+9.428e+03	+0.256
140.100	+7.086e+03	+2.074e+03	+9.718e+03	+0.226
140.200	+7.296e+03	+2.384e+03	+9.576e+03	+0.246
140.300	+7.724e+03	+1.333e+03	+9.885e+03	+0.147
140.400	+6.771e+03	+2.600e+03	+1.020e+04	+0.277
140.500	+9.494e+03	+2.241e+03	+9.115e+03	+0.191
140.600	+7.168e+03	+3.050e+03	+9.527e+03	+0.299
140.700	+8.537e+03	+2.231e+03	+1.014e+04	+0.207
140.800	+8.053e+03	+2.744e+03	+1.041e+04	+0.254
140.900	+5.096e+03	+3.596e+03	+1.014e+04	+0.414
141.000	+6.363e+03	+2.509e+03	+9.102e+03	+0.283
141.100	+8.331e+03	+2.661e+03	+1.025e+04	+0.242
141.200	+7.072e+03	+1.806e+03	+1.015e+04	+0.203
141.300	+7.256e+03	+2.529e+03	+1.080e+04	+0.258
141.400	+7.416e+03	+7.375e+02	+1.007e+04	+0.090
141.500	+6.961e+03	+2.730e+03	+9.317e+03	+0.282
141.600	+6.363e+03	+1.606e+03	+1.007e+04	+0.201
141.700	+8.390e+03	+1.287e+03	+9.949e+03	+0.133
141.800	+6.501e+03	+2.948e+03	+9.237e+03	+0.312
141.900	+7.317e+03	+1.837e+03	+9.670e+03	+0.201
142.000	+8.068e+03	+4.348e+03	+1.053e+04	+0.350
142.100	+8.056e+03	+1.680e+03	+1.005e+04	+0.173
142.200	+7.152e+03	+2.854e+03	+9.321e+03	+0.285
142.300	+7.464e+03	+1.831e+03	+1.009e+04	+0.197
142.400	+6.526e+03	+1.728e+03	+9.614e+03	+0.209
142.500	+7.477e+03	+3.108e+03	+9.232e+03	+0.294
142.600	+7.068e+03	+2.675e+03	+1.065e+04	+0.275
142.700	+8.043e+03	+3.125e+03	+9.804e+03	+0.280
142.800	+8.705e+03	+3.374e+03	+9.850e+03	+0.279
142.900	+7.163e+03	+2.909e+03	+9.930e+03	+0.289
143.000	+7.867e+03	+3.242e+03	+9.156e+03	+0.292
143.100	+7.626e+03	+2.711e+03	+1.220e+04	+0.262
143.200	+6.588e+03	+2.316e+03	+9.723e+03	+0.260
143.300	+7.558e+03	+3.494e+03	+1.056e+04	+0.316
143.400	+6.006e+03	+2.957e+03	+9.431e+03	+0.330
143.500	+7.200e+03	+3.033e+03	+1.072e+04	+0.296
143.600	+8.440e+03	+2.294e+03	+1.003e+04	+0.214
143.700	+8.703e+03	+3.482e+03	+9.882e+03	+0.286
143.800	+8.417e+03	+2.622e+03	+1.211e+04	+0.238
143.900	+6.535e+03	+2.440e+03	+9.841e+03	+0.272
144.000	+7.925e+03	+1.062e+03	+1.083e+04	+0.118
144.100	+7.834e+03	+1.296e+03	+9.746e+03	+0.142
144.200	+7.647e+03	+3.772e+03	+9.734e+03	+0.330
144.300	+6.976e+03	+3.146e+03	+1.050e+04	+0.311
144.400	+7.369e+03	+2.880e+03	+9.573e+03	+0.281
144.500	+7.687e+03	+2.392e+03	+8.844e+03	+0.237
144.600	+7.509e+03	+2.772e+03	+9.961e+03	+0.270
144.700	+8.196e+03	+2.385e+03	+1.046e+04	+0.225
144.800	+5.191e+03	+5.553e+03	+9.545e+03	+0.517
144.900	+2.318e+03	+7.519e+03	+1.086e+04	+0.764
145.000	+2.188e+03	+6.827e+03	+1.032e+04	+0.757
145.100	+3.015e+03	+8.430e+03	+1.081e+04	+0.737
145.200	+1.850e+03	+6.461e+03	+9.811e+03	+0.777
145.300	+9.305e+02	+6.949e+03	+9.646e+03	+0.882
145.400	+3.247e+03	+7.106e+03	+1.053e+04	+0.686
145.500	+6.146e+02	+7.825e+03	+9.223e+03	+0.927
145.600	+2.135e+03	+7.834e+03	+1.146e+04	+0.786
145.700	+2.151e+03	+6.193e+03	+9.740e+03	+0.742
145.800	+1.460e+03	+8.400e+03	+1.038e+04	+0.852
145.900	+1.594e+03	+8.159e+03	+1.002e+04	+0.837
146.000	+1.106e+03	+7.776e+03	+9.093e+03	+0.875
146.100	+2.740e+03	+8.048e+03	+1.016e+04	+0.746
146.200	+2.872e+03	+8.504e+03	+9.354e+03	+0.748
146.300	+9.423e+02	+7.401e+03	+1.036e+04	+0.887
146.400	+2.459e+03	+9.597e+03	+9.230e+03	+0.796
146.500	+2.035e+03	+8.362e+03	+9.855e+03	+0.804
146.600	+2.045e+03	+7.591e+03	+1.114e+04	+0.788
146.700	+2.104e+03	+6.229e+03	+1.048e+04	+0.747
146.800	+3.674e+03	+7.798e+03	+1.064e+04	+0.680
146.900	+9.009e+02	+8.626e+03	+1.024e+04	+0.905
147.000	+1.683e+03	+7.959e+03	+1.020e+04	+0.825
147.100	+1.629e+03	+8.242e+03	+1.016e+04	+0.835
147.200	+1.801e+03	+9.430e+03	+1.089e+04	+0.840
147.300	+2.670e+03	+7.238e+03	+9.481e+03	+0.731
147.400	+1.828e+03	+7.678e+03	+1.084e+04	+0.808
147.500	+2.638e+03	+8.628e+03	+1.008e+04	+0.766
147.600	+9.240e+02	+6.752e+03	+9.640e+03	+0.880
147.700	+2.486e+03	+7.394e+03	+9.175e+03	+0.748
147.800	+5.723e+02	+8.134e+03	+1.122e+04	+0.934
147.900	+1.862e+03	+7.922e+03	+1.041e+04	+0.810
148.000	+1.962e+03	+8.822e+03	+1.027e+04	+0.818
148.100	+2.178e+03	+8.326e+03	+9.696e+03	+0.793
148.200	+3.412e+03	+8.350e+03	+9.721e+03	+0.710
148.300	+2.931e+03	+8.935e+03	+1.094e+04	+0.753
148.400	+8.648e+02	+7.033e+03	+9.791e+03	+0.891
148.500	+2.148e+03	+8.355e+03	+9.297e+03	+0.796
148.600	+1.576e+03	+7.031e+03	+1.124e+04	+0.817
148.700	+1.086e+03	+8.625e+03	+9.207e+03	+0.888
148.800	+9.607e+02	+8.601e+03	+1.113e+04	+0.900
148.900	+1.758e+03	+8.692e+03	+9.334e+03	+0.832
149.000	+1.659e+03	+7.455e+03	+1.077e+04	+0.818
149.100	+3.094e+03	+7.489e+03	+8.983e+03	+0.708
149.200	+1.175e+03	+8.615e+03	+9.775e+03	+0.880
149.300	+2.706e+03	+8.687e+03	+9.822e+03	+0.762
149.400	+2.264e+03	+7.256e+03	+9.174e+03	+0.762
149.500	+2.996e+03	+8.831e+03	+9.484e+03	+0.747
149.600	+2.092e+03	+8.557e+03	+1.025e+04	+0.804
149.700	+2.659e+03	+7.868e+03	+1.024e+04	+0.747
149.800	+2.207e+03	+7.457e+03	+1.065e+04	+0.772
149.900	+2.183e+03	+7.935e+03	+1.016e+04	+0.784
150.000	+2.089e+03	+8.684e+03	+1.094e+04	+0.806
150.100	+2.678e+03	+7.920e+03	+1.140e+04	+0.747
150.200	+1.469e+03	+7.785e+03	+1.041e+04	+0.841
150.300	+2.145e+03	+8.652e+03	+1.007e+04	+0.801
150.400	+2.387e+03	+8.401e+03	+1.010e+04	+0.779
150.500	+2.609e+03	+9.148e+03	+9.860e+03	+0.778
150.600	+2.563e+03	+7.901e+03	+1.003e+04	+0.755
150.700	+1.929e+03	+8.761e+03	+1.107e+04	+0.820
150.800	+1.763e+03	+7.666e+03	+1.106e+04	+0.813
150.900	+1.644e+03	+7.294e+03	+1.141e+04	+0.816
151.000	+2.991e+03	+8.180e+03	+1.069e+04	+0.732
151.100	+2.327e+03	+7.190e+03	+9.890e+03	+0.755
151.200	+1.610e+03	+7.834e+03	+9.450e+03	+0.830
151.300	+3.032e+03	+8.050e+03	+9.362e+03	+0.726
151.400	+2.713e+03	+8.328e+03	+9.792e+03	+0.754
151.500	+2.315e+03	+7.822e+03	+9.795e+03	+0.772
151.600	+1.036e+03	+8.384e+03	+1.106e+04	+0.890
151.700	+2.109e+03	+7.560e+03	+1.020e+04	+0.782
151.800	+1.809e+03	+6.979e+03	+1.066e+04	+0.794
151.900	+2.284e+03	+8.147e+03	+1.068e+04	+0.781
152.000	+2.666e+03	+7.664e+03	+1.061e+04	+0.742
152.100	+1.552e+03	+8.420e+03	+9.288e+03	+0.844
152.200	+2.913e+03	+8.671e+03	+9.872e+03	+0.749
152.300	+1.308e+03	+7.599e+03	+1.166e+04	+0.853
152.400	+1.187e+03	+8.808e+03	+9.160e+03	+0.881
152.500	+2.325e+03	+8.380e+03	+1.040e+04	+0.783
152.600	+1.847e+03	+7.338e+03	+9.006e+03	+0.799
152.700	+1.938e+03	+8.863e+03	+9.348e+03	+0.821
152.800	+2.425e+03	+7.087e+03	+1.052e+04	+0.745
152.900	+2.381e+03	+7.446e+03	+1.024e+04	+0.758
153.000	+1.637e+03	+7.873e+03	+8.680e+03	+0.828
153.100	+1.775e+03	+8.436e+03	+1.041e+04	+0.826
153.200	+1.837e+03	+8.365e+03	+8.473e+03	+0.820
153.300	+1.472e+03	+8.060e+03	+1.023e+04	+0.846
153.400	+2.161e+03	+8.303e+03	+9.031e+03	+0.794
153.500	+2.021e+03	+8.020e+03	+1.019e+04	+0.799
153.600	+1.004e+03	+8.000e+03	+1.040e+04	+0.888
153.700	+1.386e+03	+7.784e+03	+1.005e+04	+0.849
153.800	+1.684e+03	+8.837e+03	+1.017e+04	+0.840
153.900	+2.136e+03	+8.689e+03	+9.571e+03	+0.803
154.000	+2.324e+03	+8.313e+03	+1.056e+04	+0.782
154.100	+1.834e+03	+7.175e+03	+1.094e+04	+0.796
154.200	+2.238e+03	+7.256e+03	+9.421e+03	+0.764
154.300	+1.900e+03	+8.836e+03	+1.084e+04	+0.823
154.400	+2.185e+03	+8.252e+03	+1.045e+04	+0.791
154.500	+1.183e+03	+7.589e+03	+1.124e+04	+0.865
154.600	+1.545e+03	+7.738e+03	+1.018e+04	+0.834
154.700	+1.989e+02	+6.330e+03	+1.045e+04	+0.970
154.800	+1.284e+03	+6.877e+03	+1.012e+04	+0.843
154.900	+1.636e+03	+8.614e+03	+1.098e+04	+0.840
155.000	+2.883e+03	+8.122e+03	+8.050e+03	+0.738
155.100	+2.834e+03	+7.441e+03	+9.500e+03	+0.724
155.200	+9.092e+02	+8.006e+03	+1.087e+04	+0.898
155.300	+3.011e+03	+7.980e+03	+1.057e+04	+0.726
155.400	+2.261e+03	+9.390e+03	+1.121e+04	+0.806
155.500	+2.722e+03	+7.212e+03	+1.028e+04	+0.726
155.600	+2.135e+03	+8.534e+03	+9.856e+03	+0.800
155.700	+1.981e+03	+7.846e+03	+9.604e+03	+0.798
155.800	+1.379e+03	+7.664e+03	+1.035e+04	+0.848
155.900	+7.344e+02	+7.522e+03	+9.286e+03	+0.911
156.000	+1.757e+03	+8.186e+03	+9.493e+03	+0.823
156.100	+7.891e+02	+7.207e+03	+9.870e+03	+0.901
156.200	+1.617e+03	+8.067e+03	+1.018e+04	+0.833
156.300	+2.079e+03	+7.922e+03	+9.301e+03	+0.792
156.400	+2.338e+03	+8.181e+03	+9.313e+03	+0.778
156.500	+1.968e+03	+7.916e+03	+1.027e+04	+0.801
156.600	+2.562e+03	+9.042e+03	+9.924e+03	+0.779
156.700	+8.298e+02	+8.357e+03	+8.612e+03	+0.910
156.800	+2.214e+03	+7.559e+03	+1.111e+04	+0.773
156.900	+2.101e+03	+8.478e+03	+1.037e+04	+0.801
157.000	+2.515e+03	+9.077e+03	+9.538e+03	+0.783
157.100	+2.667e+03	+8.774e+03	+1.048e+04	+0.767
157.200	+2.214e+03	+8.237e+03	+8.875e+03	+0.788
157.300	+2.314e+03	+6.216e+03	+9.689e+03	+0.729
157.400	+2.298e+03	+8.162e+03	+1.063e+04	+0.780
157.500	+1.701e+03	+8.342e+03	+1.007e+04	+0.831
157.600	+1.566e+03	+7.232e+03	+9.280e+03	+0.822
157.700	+1.906e+03	+7.534e+03	+8.461e+03	+0.798
157.800	+1.868e+03	+8.308e+03	+1.090e+04	+0.816
157.900	+1.766e+03	+7.932e+03	+1.099e+04	+0.818
158.000	+1.349e+03	+7.615e+03	+9.923e+03	+0.850
158.100	+2.352e+03	+8.095e+03	+9.109e+03	+0.775
158.200	+1.607e+03	+8.118e+03	+1.017e+04	+0.835
158.300	+1.931e+03	+8.378e+03	+9.206e+03	+0.813
158.400	+1.742e+03	+8.650e+03	+9.714e+03	+0.832
158.500	+2.208e+03	+8.620e+03	+1.041e+04	+0.796
158.600	+2.291e+03	+8.171e+03	+9.707e+03	+0.781
158.700	+2.716e+03	+8.195e+03	+1.020e+04	+0.751
158.800	+2.213e+03	+6.997e+03	+1.090e+04	+0.760
158.900	+3.924e+03	+7.365e+03	+8.728e+03	+0.652
159.000	+2.593e+03	+9.254e+03	+1.040e+04	+0.781
159.100	+7.970e+02	+8.526e+03	+9.727e+03	+0.915
159.200	+3.434e+02	+7.551e+03	+9.918e+03	+0.956
159.300	+1.641e+03	+7.248e+03	+8.380e+03	+0.815
159.400	+3.161e+03	+7.013e+03	+9.614e+03	+0.689
159.500	+1.868e+03	+7.248e+03	+1.021e+04	+0.795
159.600	+2.147e+03	+9.331e+03	+1.032e+04	+0.813
159.700	+2.751e+03	+8.158e+03	+1.018e+04	+0.748
159.800	+1.121e+03	+8.008e+03	+1.008e+04	+0.877
159.900	+1.486e+03	+7.547e+03	+9.996e+03	+0.835
160.000	+1.350e+03	+7.745e+03	+9.836e+03	+0.852
160.100	+9.375e+02	+8.728e+03	+1.004e+04	+0.903
160.200	+6.235e+02	+8.499e+03	+9.130e+03	+0.932
160.300	+3.214e+03	+7.832e+03	+9.127e+03	+0.709
160.400	+1.792e+03	+8.581e+03	+1.004e+04	+0.827
160.500	+2.220e+03	+7.569e+03	+8.296e+03	+0.773
160.600	+2.092e+03	+9.251e+03	+9.673e+03	+0.816
160.700	+2.094e+03	+8.340e+03	+1.028e+04	+0.799
160.800	+2.067e+03	+7.370e+03	+1.049e+04	+0.781
160.900	+2.549e+03	+9.276e+03	+8.911e+03	+0.784
161.000	+2.638e+03	+7.755e+03	+1.113e+04	+0.746
161.100	+4.689e+02	+8.281e+03	+1.016e+04	+0.946
161.200	+3.261e+03	+7.352e+03	+1.044e+04	+0.693
161.300	+2.697e+03	+7.664e+03	+9.025e+03	+0.740
161.400	+2.187e+03	+8.488e+03	+1.070e+04	+0.795
161.500	+3.178e+03	+6.182e+03	+1.014e+04	+0.660
161.600	+5.777e+03	+6.152e+03	+1.074e+04	+0.516
161.700	+5.430e+03	+3.865e+03	+9.382e+03	+0.416
161.800	+5.529e+03	+5.322e+03	+9.947e+03	+0.490
161.900	+4.003e+03	+3.666e+03	+1.056e+04	+0.478
162.000	+4.893e+03	+3.935e+03	+1.066e+04	+0.446
162.100	+5.982e+03	+4.323e+03	+9.939e+03	+0.419
162.200	+5.438e+03	+4.863e+03	+1.066e+04	+0.472
162.300	+4.474e+03	+5.453e+03	+8.997e+03	+0.549
162.400	+5.999e+03	+5.906e+03	+9.593e+03	+0.496
162.500	+6.180e+03	+4.511e+03	+8.668e+03	+0.422
162.600	+6.018e+03	+5.562e+03	+9.950e+03	+0.480
162.700	+5.157e+03	+5.714e+03	+9.397e+03	+0.526
162.800	+5.998e+03	+5.163e+03	+1.004e+04	+0.463
162.900	+4.873e+03	+4.098e+03	+9.028e+03	+0.457
163.000	+5.491e+03	+5.091e+03	+9.731e+03	+0.481
163.100	+5.519e+03	+5.185e+03	+9.064e+03	+0.484
163.200	+5.826e+03	+5.101e+03	+1.004e+04	+0.467
163.300	+5.036e+03	+5.074e+03	+9.713e+03	+0.502
163.400	+5.283e+03	+3.943e+03	+9.698e+03	+0.427
163.500	+4.220e+03	+6.491e+03	+1.005e+04	+0.606
163.600	+5.363e+03	+4.952e+03	+9.091e+03	+0.480
163.700	+3.233e+03	+4.811e+03	+9.971e+03	+0.598
163.800	+5.250e+03	+5.497e+03	+1.049e+04	+0.512
163.900	+4.775e+03	+5.013e+03	+1.051e+04	+0.512
164.000	+3.918e+03	+4.601e+03	+1.043e+04	+0.540
164.100	+3.207e+03	+3.947e+03	+1.042e+04	+0.552
164.200	+4.919e+03	+5.197e+03	+1.000e+04	+0.514
164.300	+5.029e+03	+6.191e+03	+9.727e+03	+0.552
164.400	+4.604e+03	+5.061e+03	+1.000e+04	+0.524
164.500	+5.850e+03	+5.238e+03	+9.555e+03	+0.472
164.600	+4.085e+03	+4.369e+03	+1.081e+04	+0.517
164.700	+4.817e+03	+6.160e+03	+8.634e+03	+0.561
164.800	+5.957e+03	+3.793e+03	+8.995e+03	+0.389
164.900	+4.958e+03	+3.467e+03	+9.405e+03	+0.412
165.000	+5.422e+03	+5.399e+03	+1.033e+04	+0.499
165.100	+4.431e+03	+3.789e+03	+9.825e+03	+0.461
165.200	+6.213e+03	+4.324e+03	+1.005e+04	+0.410
165.300	+7.693e+03	+2.988e+03	+9.845e+03	+0.280
165.400	+7.214e+03	+2.684e+03	+8.689e+03	+0.271
165.500	+7.972e+03	+2.988e+03	+1.020e+04	+0.273
165.600	+7.486e+03	+2.339e+03	+1.116e+04	+0.238
165.700	+7.305e+03	+2.475e+03	+9.624e+03	+0.253
165.800	+6.040e+03	+2.325e+03	+9.879e+03	+0.278
165.900	+7.472e+03	+1.458e+03	+9.647e+03	+0.163
166.000	+7.321e+03	+1.806e+03	+9.720e+03	+0.198
166.100	+8.420e+03	+1.833e+03	+1.021e+04	+0.179
166.200	+7.675e+03	+1.808e+03	+9.842e+03	+0.191
166.300	+7.404e+03	+1.891e+03	+9.359e+03	+0.203
166.400	+5.889e+03	+1.674e+03	+1.050e+04	+0.221
166.500	+7.934e+03	+2.791e+03	+9.123e+03	+0.260
166.600	+7.984e+03	+1.353e+03	+1.185e+04	+0.145
166.700	+8.887e+03	+2.362e+03	+9.732e+03	+0.210
166.800	+7.135e+03	+2.789e+03	+9.301e+03	+0.281
166.900	+7.232e+03	+2.068e+03	+1.064e+04	+0.222
167.000	+7.689e+03	+2.780e+03	+9.945e+03	+0.266
167.100	+6.541e+03	+2.522e+03	+8.589e+03	+0.278
167.200	+7.243e+03	+2.188e+03	+1.005e+04	+0.232
167.300	+6.999e+03	+2.797e+03	+9.048e+03	+0.286
167.400	+8.374e+03	+2.414e+03	+9.747e+03	+0.224
167.500	+7.247e+03	+1.687e+03	+1.153e+04	+0.189
167.600	+7.042e+03	+3.755e+03	+1.056e+04	+0.348
167.700	+6.208e+03	+2.100e+03	+9.502e+03	+0.253
167.800	+6.475e+03	+2.827e+03	+9.586e+03	+0.304
167.900	+3.929e+03	+5.777e+03	+9.949e+03	+0.595
168.000	+1.293e+03	+7.859e+03	+9.238e+03	+0.859
168.100	+2.301e+03	+7.534e+03	+9.854e+03	+0.766
168.200	+3.008e+03	+8.198e+03	+1.010e+04	+0.732
168.300	+2.192e+03	+7.419e+03	+1.044e+04	+0.772
168.400	+1.476e+03	+8.650e+03	+9.022e+03	+0.854
168.500	+2.206e+03	+6.918e+03	+1.050e+04	+0.758
168.600	+2.107e+03	+7.293e+03	+9.279e+03	+0.776
168.700	+1.967e+03	+8.417e+03	+9.563e+03	+0.811
168.800	+2.057e+03	+7.374e+03	+1.141e+04	+0.782
168.900	+2.500e+03	+8.662e+03	+1.024e+04	+0.776
169.000	+9.814e+02	+6.873e+03	+1.072e+04	+0.875
169.100	+2.199e+03	+7.984e+03	+9.805e+03	+0.784
169.200	+2.260e+03	+7.817e+03	+1.041e+04	+0.776
169.300	+1.014e+03	+8.467e+03	+9.106e+03	+0.893
169.400	+8.004e+02	+7.889e+03	+1.101e+04	+0.908
169.500	+2.397e+03	+9.287e+03	+1.013e+04	+0.795
169.600	+2.269e+03	+8.413e+03	+9.992e+03	+0.788
169.700	+2.593e+03	+7.897e+03	+8.972e+03	+0.753
169.800	+2.604e+03	+6.839e+03	+1.039e+04	+0.724
169.900	+1.785e+03	+1.002e+04	+1.030e+04	+0.849
170.000	+2.320e+03	+8.264e+03	+9.217e+03	+0.781
170.100	+2.711e+03	+8.578e+03	+8.201e+03	+0.760
170.200	+1.211e+03	+7.684e+03	+1.078e+04	+0.864
170.300	+2.012e+03	+7.927e+03	+9.600e+03	+0.798
170.400	+1.955e+03	+7.922e+03	+1.064e+04	+0.802
170.500	+1.286e+03	+8.195e+03	+1.096e+04	+0.864
170.600	+2.118e+03	+9.822e+03	+1.036e+04	+0.823
170.700	+2.514e+03	+8.154e+03	+1.003e+04	+0.764
170.800	+2.848e+03	+7.456e+03	+9.445e+03	+0.724
170.900	+2.763e+03	+8.111e+03	+1.015e+04	+0.746
171.000	+2.838e+03	+6.964e+03	+8.438e+03	+0.710
171.100	+1.548e+03	+8.182e+03	+1.027e+04	+0.841
171.200	+2.359e+03	+7.592e+03	+9.907e+03	+0.763
171.300	+1.790e+03	+8.195e+03	+1.049e+04	+0.821
171.400	+3.227e+03	+7.961e+03	+9.281e+03	+0.712
171.500	+2.339e+03	+8.661e+03	+9.831e+03	+0.787
171.600	+1.435e+03	+6.295e+03	+9.378e+03	+0.814
171.700	+2.170e+03	+8.341e+03	+1.056e+04	+0.794
171.800	-1.475e+02	+8.063e+03	+9.186e+03	+1.019
171.900	+1.562e+03	+8.087e+03	+9.467e+03	+0.838
172.000	+3.086e+03	+7.318e+03	+8.801e+03	+0.703
172.100	+2.978e+03	+8.093e+03	+9.495e+03	+0.731
172.200	+2.152e+03	+7.266e+03	+9.440e+03	+0.772
172.300	+8.883e+02	+8.177e+03	+1.016e+04	+0.902
172.400	+2.324e+03	+6.895e+03	+1.041e+04	+0.748
172.500	+2.605e+03	+8.720e+03	+1.131e+04	+0.770
172.600	+1.999e+03	+7.654e+03	+9.704e+03	+0.793
172.700	+1.215e+03	+9.739e+03	+1.012e+04	+0.889
172.800	+2.509e+03	+8.295e+03	+1.041e+04	+0.768
172.900	+2.236e+03	+8.149e+03	+8.802e+03	+0.785
173.000	+1.791e+03	+8.812e+03	+9.822e+03	+0.831
173.100	+1.937e+03	+8.218e+03	+1.092e+04	+0.809
173.200	+7.855e+02	+7.095e+03	+1.081e+04	+0.900
173.300	+3.844e+03	+7.939e+03	+1.003e+04	+0.674
173.400	+1.423e+03	+7.769e+03	+9.790e+03	+0.845
173.500	+3.411e+03	+8.303e+03	+9.632e+03	+0.709
173.600	+2.218e+03	+8.119e+03	+1.050e+04	+0.785
173.700	+2.937e+03	+6.781e+03	+1.022e+04	+0.698
173.800	+2.264e+03	+7.737e+03	+8.441e+03	+0.774
173.900	+3.304e+03	+9.882e+03	+8.649e+03	+0.749
174.000	+2.742e+03	+8.438e+03	+9.061e+03	+0.755
174.100	+1.359e+03	+8.186e+03	+1.057e+04	+0.858
174.200	+2.413e+03	+6.224e+03	+1.088e+04	+0.721
174.300	+3.370e+03	+7.750e+03	+1.024e+04	+0.697
174.400	+2.795e+03	+9.492e+03	+9.230e+03	+0.773
174.500	+1.603e+03	+6.699e+03	+9.794e+03	+0.807
174.600	+1.459e+03	+8.717e+03	+8.545e+03	+0.857
174.700	+2.805e+03	+7.190e+03	+1.017e+04	+0.719
174.800	+2.389e+03	+6.862e+03	+1.044e+04	+0.742
174.900	+3.220e+03	+9.327e+03	+1.177e+04	+0.743
175.000	+1.878e+03	+8.242e+03	+1.038e+04	+0.814
175.100	+2.036e+03	+7.406e+03	+1.029e+04	+0.784
175.200	+2.659e+03	+8.612e+03	+9.822e+03	+0.764
175.300	+1.824e+03	+7.728e+03	+1.045e+04	+0.809
175.400	+2.362e+03	+9.199e+03	+9.246e+03	+0.796
175.500	+2.012e+03	+7.580e+03	+9.548e+03	+0.790
175.600	+1.274e+03	+8.572e+03	+1.072e+04	+0.871
175.700	+1.543e+03	+8.265e+03	+1.065e+04	+0.843
175.800	+1.662e+03	+8.064e+03	+9.583e+03	+0.829
175.900	+1.559e+03	+7.067e+03	+1.068e+04	+0.819
176.000	+2.279e+03	+8.084e+03	+1.043e+04	+0.780
176.100	+6.783e+02	+8.449e+03	+1.167e+04	+0.926
176.200	+5.389e+02	+8.530e+03	+1.047e+04	+0.941
176.300	+2.424e+03	+7.877e+03	+1.033e+04	+0.765
176.400	+2.695e+03	+8.805e+03	+1.000e+04	+0.766
176.500	+2.391e+03	+7.978e+03	+9.870e+03	+0.769
176.600	+7.652e+02	+9.365e+03	+1.167e+04	+0.924
176.700	+9.517e+02	+7.303e+03	+9.954e+03	+0.885
176.800	+2.351e+03	+7.376e+03	+1.130e+04	+0.758
176.900	+2.658e+03	+6.735e+03	+9.943e+03	+0.717
177.000	+1.935e+03	+6.955e+03	+1.053e+04	+0.782
177.100	+8.920e+02	+7.989e+03	+9.713e+03	+0.900
177.200	+2.289e+03	+7.794e+03	+1.006e+04	+0.773
177.300	+1.566e+03	+7.799e+03	+8.968e+03	+0.833
177.400	+1.722e+03	+8.090e+03	+1.114e+04	+0.825
177.500	+1.951e+03	+7.255e+03	+9.991e+03	+0.788
177.600	+2.403e+03	+8.826e+03	+1.065e+04	+0.786
177.700	+8.196e+02	+7.611e+03	+8.969e+03	+0.903
177.800	+2.725e+03	+9.130e+03	+1.041e+04	+0.770
177.900	+1.535e+03	+7.344e+03	+1.010e+04	+0.827
178.000	+1.465e+03	+7.422e+03	+1.124e+04	+0.835
178.100	+1.485e+03	+7.702e+03	+1.040e+04	+0.838
178.200	+2.642e+03	+7.131e+03	+9.701e+03	+0.730
178.300	+3.909e+03	+8.202e+03	+1.102e+04	+0.677
178.400	+1.789e+03	+7.687e+03	+9.762e+03	+0.811
178.500	+1.401e+03	+7.793e+03	+8.577e+03	+0.848
178.600	+2.280e+03	+7.496e+03	+8.455e+03	+0.767
178.700	+5.795e+02	+8.630e+03	+8.615e+03	+0.937
178.800	+1.930e+03	+7.177e+03	+1.047e+04	+0.788
178.900	+2.899e+03	+6.650e+03	+1.090e+04	+0.696
179.000	+2.533e+03	+7.021e+03	+9.894e+03	+0.735
179.100	+3.808e+03	+8.244e+03	+9.790e+03	+0.684
179.200	+2.258e+03	+8.514e+03	+9.324e+03	+0.790
179.300	+2.117e+03	+8.063e+03	+1.058e+04	+0.792
179.400	+1.660e+03	+8.157e+03	+1.015e+04	+0.831
179.500	+2.001e+03	+8.889e+03	+1.035e+04	+0.816
179.600	+2.011e+03	+7.091e+03	+1.051e+04	+0.779
179.700	+2.079e+03	+7.317e+03	+1.088e+04	+0.779
179.800	+1.975e+03	+7.383e+03	+1.110e+04	+0.789
179.900	+1.209e+03	+8.691e+03	+1.053e+04	+0.878
180.000	+8.377e+02	+8.313e+03	+1.025e+04	+0.908
180.100	+3.571e+03	+8.219e+03	+9.723e+03	+0.697
180.200	+1.501e+03	+7.172e+03	+1.118e+04	+0.827
180.300	+2.623e+03	+8.916e+03	+9.401e+03	+0.773
180.400	+1.494e+03	+9.006e+03	+9.716e+03	+0.858
180.500	+1.821e+03	+7.655e+03	+1.017e+04	+0.808
180.600	+1.605e+03	+8.298e+03	+9.301e+03	+0.838
180.700	+1.345e+03	+7.800e+03	+9.153e+03	+0.853
180.800	+2.015e+03	+7.405e+03	+9.446e+03	+0.786
180.900	+1.816e+03	+8.243e+03	+1.126e+04	+0.820
181.000	+2.515e+03	+8.788e+03	+9.086e+03	+0.777
181.100	+2.466e+03	+9.295e+03	+1.071e+04	+0.790
181.200	+2.764e+03	+7.035e+03	+1.030e+04	+0.718
181.300	+1.882e+03	+7.099e+03	+1.135e+04	+0.790
181.400	+1.314e+03	+7.984e+03	+1.030e+04	+0.859
181.500	+2.853e+03	+7.838e+03	+9.816e+03	+0.733
181.600	+1.452e+03	+7.419e+03	+1.052e+04	+0.836
181.700	+2.678e+03	+7.175e+03	+1.019e+04	+0.728
181.800	+2.399e+03	+7.596e+03	+9.756e+03	+0.760
181.900	+1.728e+03	+8.465e+03	+1.031e+04	+0.830
182.000	+2.093e+03	+7.941e+03	+8.659e+03	+0.791
182.100	+8.105e+02	+7.529e+03	+1.054e+04	+0.903
182.200	+2.913e+03	+7.934e+03	+1.005e+04	+0.731
182.300	+2.383e+03	+7.150e+03	+1.046e+04	+0.750
182.400	+1.996e+03	+8.050e+03	+1.003e+04	+0.801
182.500	+2.113e+03	+7.018e+03	+1.089e+04	+0.769
182.600	+4.255e+03	+4.034e+03	+9.955e+03	+0.487
182.700	+4.667e+03	+4.025e+03	+1.022e+04	+0.463
182.800	+5.210e+03	+4.940e+03	+9.839e+03	+0.487
182.900	+5.241e+03	+4.462e+03	+9.583e+03	+0.460
183.000	+6.148e+03	+6.887e+03	+9.872e+03	+0.528
183.100	+4.583e+03	+6.030e+03	+1.123e+04	+0.568
183.200	+4.766e+03	+5.367e+03	+1.050e+04	+0.530
183.300	+5.494e+03	+5.295e+03	+9.248e+03	+0.491
183.400	+6.190e+03	+4.572e+03	+1.006e+04	+0.425
183.500	+6.097e+03	+6.037e+03	+1.029e+04	+0.498
183.600	+4.832e+03	+5.175e+03	+1.134e+04	+0.517
183.700	+4.715e+03	+5.211e+03	+1.074e+04	+0.525
183.800	+3.959e+03	+4.695e+03	+9.663e+03	+0.543
183.900	+5.235e+03	+5.745e+03	+1.030e+04	+0.523
184.000	+4.310e+03	+4.647e+03	+1.055e+04	+0.519
184.100	+5.532e+03	+4.562e+03	+1.081e+04	+0.452
184.200	+5.154e+03	+5.680e+03	+9.615e+03	+0.524
184.300	+4.349e+03	+6.209e+03	+9.158e+03	+0.588
184.400	+4.401e+03	+5.051e+03	+9.229e+03	+0.534
184.500	+5.486e+03	+4.341e+03	+9.174e+03	+0.442
184.600	+5.546e+03	+4.300e+03	+9.504e+03	+0.437
184.700	+4.119e+03	+4.179e+03	+1.047e+04	+0.504
184.800	+5.608e+03	+4.895e+03	+1.088e+04	+0.466
184.900	+6.292e+03	+4.338e+03	+9.006e+03	+0.408
185.000	+5.688e+03	+4.063e+03	+1.001e+04	+0.417
185.100	+4.999e+03	+6.860e+03	+1.044e+04	+0.578
185.200	+4.984e+03	+4.732e+03	+9.954e+03	+0.487
185.300	+4.605e+03	+4.905e+03	+9.944e+03	+0.516
185.400	+4.740e+03	+3.925e+03	+1.033e+04	+0.453
185.500	+5.963e+03	+5.717e+03	+1.013e+04	+0.489
185.600	+5.203e+03	+5.136e+03	+9.862e+03	+0.497
185.700	+5.269e+03	+5.194e+03	+1.087e+04	+0.496
185.800	+4.802e+03	+5.464e+03	+1.128e+04	+0.532
185.900	+5.590e+03	+5.071e+03	+1.087e+04	+0.476
186.000	+5.128e+03	+4.620e+03	+1.043e+04	+0.474
186.100	+6.128e+03	+5.739e+03	+1.143e+04	+0.484
186.200	+5.467e+03	+4.836e+03	+1.129e+04	+0.469
186.300	+4.575e+03	+5.117e+03	+1.074e+04	+0.528
186.400	+4.795e+03	+3.946e+03	+1.116e+04	+0.451
186.500	+4.241e+03	+5.130e+03	+1.030e+04	+0.547
186.600	+6.224e+03	+4.637e+03	+9.845e+03	+0.427
186.700	+5.555e+03	+5.402e+03	+9.916e+03	+0.493
186.800	+5.174e+03	+4.587e+03	+9.862e+03	+0.470
186.900	+4.997e+03	+5.589e+03	+1.058e+04	+0.528
187.000	+6.124e+03	+4.835e+03	+1.087e+04	+0.441
187.100	+5.661e+03	+4.606e+03	+9.660e+03	+0.449
187.200	+4.320e+03	+5.368e+03	+9.702e+03	+0.554
187.300	+6.748e+03	+4.705e+03	+8.978e+03	+0.411
187.400	+4.875e+03	+4.988e+03	+9.419e+03	+0.506
187.500	+4.914e+03	+4.667e+03	+1.020e+04	+0.487
187.600	+4.960e+03	+4.962e+03	+1.052e+04	+0.500
187.700	+5.427e+03	+6.296e+03	+1.092e+04	+0.537
187.800	+4.105e+03	+4.552e+03	+9.360e+03	+0.526
187.900	+4.709e+03	+5.194e+03	+1.072e+04	+0.525
188.000	+4.537e+03	+5.279e+03	+9.796e+03	+0.538
188.100	+5.508e+03	+4.703e+03	+1.043e+04	+0.461
188.200	+3.900e+03	+4.847e+03	+1.014e+04	+0.554
188.300	+4.127e+03	+5.899e+03	+9.730e+03	+0.588
188.400	+5.596e+03	+5.164e+03	+9.942e+03	+0.480
188.500	+3.866e+03	+5.678e+03	+1.032e+04	+0.595
188.600	+4.399e+03	+4.637e+03	+9.080e+03	+0.513
188.700	+3.903e+03	+6.360e+03	+9.764e+03	+0.620
188.800	+5.201e+03	+4.862e+03	+9.098e+03	+0.483
188.900	+3.930e+03	+5.713e+03	+1.017e+04	+0.592
189.000	+3.765e+03	+5.211e+03	+1.086e+04	+0.581
189.100	+4.298e+03	+5.509e+03	+1.006e+04	+0.562
189.200	+4.428e+03	+4.327e+03	+1.075e+04	+0.494
189.300	+4.713e+03	+4.694e+03	+1.081e+04	+0.499
189.400	+5.090e+03	+5.843e+03	+9.664e+03	+0.534
189.500	+4.143e+03	+5.241e+03	+1.085e+04	+0.558
189.600	+4.491e+03	+5.876e+03	+8.653e+03	+0.567
189.700	+4.519e+03	+4.808e+03	+9.006e+03	+0.516
189.800	+5.051e+03	+4.712e+03	+1.053e+04	+0.483
189.900	+6.366e+03	+5.778e+03	+1.011e+04	+0.476
190.000	+5.226e+03	+4.758e+03	+9.894e+03	+0.477
190.100	+5.779e+03	+3.188e+03	+8.593e+03	+0.355
190.200	+3.056e+03	+5.116e+03	+9.320e+03	+0.626
190.300	+4.119e+03	+5.047e+03	+1.026e+04	+0.551
190.400	+4.614e+03	+4.311e+03	+9.288e+03	+0.483
190.500	+5.931e+03	+5.857e+03	+9.814e+03	+0.497
190.600	+5.049e+03	+4.620e+03	+1.008e+04	+0.478
190.700	+4.289e+03	+4.698e+03	+9.797e+03	+0.523
190.800	+4.591e+03	+4.607e+03	+9.824e+03	+0.501
190.900	+4.578e+03	+6.526e+03	+1.005e+04	+0.588
191.000	+5.611e+03	+5.621e+03	+1.060e+04	+0.500
191.100	+4.807e+03	+6.333e+03	+1.058e+04	+0.568
191.200	+4.357e+03	+4.298e+03	+1.030e+04	+0.497
191.300	+5.114e+03	+6.148e+03	+9.835e+03	+0.546
191.400	+4.907e+03	+4.192e+03	+1.031e+04	+0.461
191.500	+4.572e+03	+5.013e+03	+1.087e+04	+0.523
191.600	+4.487e+03	+3.884e+03	+1.075e+04	+0.464
191.700	+5.938e+03	+3.971e+03	+1.063e+04	+0.401
191.800	+4.884e+03	+5.877e+03	+9.922e+03	+0.546
191.900	+4.820e+03	+4.906e+03	+9.943e+03	+0.504
192.000	+4.092e+03	+4.965e+03	+9.014e+03	+0.548
192.100	+5.695e+03	+5.482e+03	+1.013e+04	+0.490
192.200	+6.416e+03	+7.106e+03	+9.396e+03	+0.526
192.300	+4.893e+03	+2.923e+03	+9.165e+03	+0.374
192.400	+3.994e+03	+5.857e+03	+9.250e+03	+0.595
192.500	+5.527e+03	+5.565e+03	+9.206e+03	+0.502
192.600	+4.935e+03	+4.991e+03	+1.122e+04	+0.503
192.700	+4.057e+03	+4.896e+03	+1.050e+04	+0.547
192.800	+5.116e+03	+4.173e+03	+1.013e+04	+0.449
192.900	+5.950e+03	+5.569e+03	+9.876e+03	+0.483
193.000	+4.377e+03	+5.288e+03	+9.238e+03	+0.547
193.100	+4.841e+03	+5.102e+03	+9.053e+03	+0.513
193.200	+4.189e+03	+4.740e+03	+9.845e+03	+0.531
193.300	+5.005e+03	+3.572e+03	+9.306e+03	+0.416
193.400	+4.852e+03	+4.995e+03	+1.000e+04	+0.507
193.500	+5.222e+03	+5.190e+03	+9.452e+03	+0.498
193.600	+5.631e+03	+3.926e+03	+1.056e+04	+0.411
193.700	+5.585e+03	+4.608e+03	+8.682e+03	+0.452
193.800	+5.315e+03	+5.199e+03	+9.294e+03	+0.494
193.900	+4.636e+03	+6.119e+03	+1.069e+04	+0.569
194.000	+5.651e+03	+4.835e+03	+1.118e+04	+0.461
194.100	+5.334e+03	+5.699e+03	+9.720e+03	+0.517
194.200	+5.547e+03	+5.021e+03	+1.032e+04	+0.475
194.300	+4.509e+03	+6.092e+03	+1.087e+04	+0.575
194.400	+5.221e+03	+5.545e+03	+1.058e+04	+0.515
194.500	+5.473e+03	+4.981e+03	+9.366e+03	+0.477
194.600	+4.836e+03	+4.562e+03	+9.464e+03	+0.485
194.700	+5.408e+03	+5.244e+03	+1.115e+04	+0.492
194.800	+6.325e+03	+3.635e+03	+9.737e+03	+0.365
194.900	+5.669e+03	+3.219e+03	+1.015e+04	+0.362
195.000	+5.456e+03	+5.091e+03	+1.020e+04	+0.483
195.100	+5.043e+03	+5.342e+03	+1.012e+04	+0.514
195.200	+4.269e+03	+5.354e+03	+9.793e+03	+0.556
195.300	+5.354e+03	+5.277e+03	+1.024e+04	+0.496
195.400	+5.648e+03	+5.592e+03	+1.056e+04	+0.498
195.500	+5.809e+03	+5.496e+03	+1.063e+04	+0.486
195.600	+5.115e+03	+4.497e+03	+9.727e+03	+0.468
195.700	+4.951e+03	+5.044e+03	+1.087e+04	+0.505
195.800	+4.846e+03	+5.113e+03	+1.081e+04	+0.513
195.900	+8.042e+03	+2.247e+03	+9.756e+03	+0.218
196.000	+7.351e+03	+2.681e+03	+1.143e+04	+0.267
196.100	+7.909e+03	+2.034e+03	+9.087e+03	+0.205
196.200	+8.410e+03	+2.546e+03	+1.019e+04	+0.232
196.300	+6.385e+03	+3.229e+03	+9.529e+03	+0.336
196.400	+8.383e+03	+3.633e+03	+1.043e+04	+0.302
196.500	+7.018e+03	+2.124e+03	+9.376e+03	+0.232
196.600	+7.532e+03	+8.012e+02	+1.031e+04	+0.096
196.700	+7.866e+03	+2.027e+03	+1.008e+04	+0.205
196.800	+8.742e+03	+3.087e+03	+9.144e+03	+0.261
196.900	+5.521e+03	+4.458e+03	+1.029e+04	+0.447
197.000	+6.005e+03	+6.291e+03	+1.052e+04	+0.512
197.100	+3.618e+03	+4.329e+03	+9.179e+03	+0.545
197.200	+5.347e+03	+4.464e+03	+1.078e+04	+0.455
197.300	+3.620e+03	+5.351e+03	+1.042e+04	+0.596
197.400	+5.647e+03	+5.051e+03	+9.782e+03	+0.472
197.500	+5.002e+03	+5.049e+03	+9.618e+03	+0.502
197.600	+4.452e+03	+5.316e+03	+1.011e+04	+0.544
197.700	+6.189e+03	+5.739e+03	+1.136e+04	+0.481
197.800	+5.306e+03	+5.311e+03	+1.039e+04	+0.500
197.900	+5.366e+03	+5.695e+03	+1.122e+04	+0.515
198.000	+5.450e+03	+4.588e+03	+1.041e+04	+0.457
198.100	+4.375e+03	+5.603e+03	+9.839e+03	+0.562
198.200	+4.588e+03	+4.309e+03	+9.680e+03	+0.484
198.300	+5.313e+03	+3.508e+03	+1.013e+04	+0.398
198.400	+4.725e+03	+5.189e+03	+9.497e+03	+0.523
198.500	+5.151e+03	+5.970e+03	+1.007e+04	+0.537
198.600	+5.693e+03	+5.281e+03	+9.566e+03	+0.481
198.700	+5.613e+03	+4.569e+03	+1.006e+04	+0.449
198.800	+6.641e+03	+4.145e+03	+1.049e+04	+0.384
198.900	+4.531e+03	+4.864e+03	+9.106e+03	+0.518
199.000	+6.532e+03	+4.469e+03	+8.365e+03	+0.406
199.100	+4.772e+03	+4.188e+03	+1.010e+04	+0.467
199.200	+4.213e+03	+3.763e+03	+1.028e+04	+0.472
199.300	+4.914e+03	+4.424e+03	+9.415e+03	+0.474
199.400	+4.935e+03	+4.297e+03	+1.067e+04	+0.465
199.500	+6.062e+03	+3.878e+03	+1.118e+04	+0.390
199.600	+6.732e+03	+5.741e+03	+1.039e+04	+0.460
199.700	+4.782e+03	+4.503e+03	+1.054e+04	+0.485
199.800	+6.295e+03	+4.454e+03	+8.536e+03	+0.414
