   1.1100000e+01   2.1964932e+03   3.9498593e+03
   1.1200000e+01   1.6394932e+03   4.0738593e+03
   1.1300000e+01   2.3284932e+03   3.6208593e+03
   1.1400000e+01   2.7874932e+03   4.0588593e+03
   1.1500000e+01   1.8504932e+03   4.2778593e+03
   1.1600000e+01   1.7714932e+03   4.8458593e+03
   1.1700000e+01   2.4464932e+03   4.3488593e+03
   1.1800000e+01   1.9834932e+03   4.8588593e+03
   1.1900000e+01   2.9234932e+03   3.4838593e+03
   1.2000000e+01   1.5144932e+03   4.1768593e+03
   1.2100000e+01   1.5144932e+03   4.1768593e+03
   1.2200000e+01   2.4554932e+03   4.6778593e+03
   1.2300000e+01   2.0544932e+03   5.3318593e+03
   1.2400000e+01   1.4814932e+03   5.1618593e+03
   1.2500000e+01   1.9114932e+03   4.7078593e+03
   1.2600000e+01   2.1144932e+03   4.5578593e+03
   1.2700000e+01   2.3834932e+03   4.4188593e+03
   1.2800000e+01   2.2824932e+03   4.0178593e+03
   1.2900000e+01   1.8164932e+03   3.7288593e+03
   1.3000000e+01   2.2924932e+03   3.1958593e+03
   1.3100000e+01   2.4864932e+03   3.5098593e+03
   1.3200000e+01   2.4844932e+03   3.4308593e+03
   1.3300000e+01   2.5024932e+03   3.1738593e+03
   1.3400000e+01   2.0974932e+03   3.9708593e+03
   1.3500000e+01   2.7974932e+03   3.3938593e+03
   1.3600000e+01   1.8744932e+03   4.0478593e+03
   1.3700000e+01   1.7844932e+03   4.2238593e+03
   1.3800000e+01   1.8984932e+03   2.7898593e+03
   1.3900000e+01   1.9594932e+03   3.7928593e+03
   1.4000000e+01   2.0214932e+03   3.3128593e+03
   1.4100000e+01   2.0044932e+03   2.9328593e+03
   1.4200000e+01   1.7584932e+03   3.4948593e+03
   1.4300000e+01   1.7694932e+03   5.0148593e+03
   1.4400000e+01   1.7314932e+03   4.8178593e+03
   1.4500000e+01   1.6674932e+03   5.7828593e+03
   1.4600000e+01   1.6674932e+03   5.7828593e+03
   1.4700000e+01   2.2464932e+03   5.6088593e+03
   1.4800000e+01   1.5564932e+03   5.0788593e+03
   1.4900000e+01   1.5404932e+03   5.4078593e+03
   1.5000000e+01   1.7764932e+03   5.9888593e+03
   1.5100000e+01   1.7764932e+03   5.9888593e+03
   1.5200000e+01   2.0174932e+03   5.2978593e+03
   1.5300000e+01   1.5174932e+03   4.8948593e+03
   1.5400000e+01   1.6064932e+03   5.8298593e+03
   1.5500000e+01   1.5204932e+03   4.6798593e+03
   1.5600000e+01   2.1284932e+03   3.0478593e+03
   1.5700000e+01   1.4444932e+03   4.3418593e+03
   1.5800000e+01   1.3414932e+03   4.4028593e+03
   1.5900000e+01   1.9644932e+03   3.8868593e+03
   1.6000000e+01   1.3874932e+03   4.4028593e+03
   1.6100000e+01   1.4224932e+03   4.0748593e+03
   1.6200000e+01   2.0424932e+03   4.3258593e+03
   1.6300000e+01   2.0114932e+03   4.6008593e+03
   1.6400000e+01   2.4024932e+03   3.2958593e+03
   1.6500000e+01   1.6124932e+03   3.5658593e+03
   1.6600000e+01   1.7884932e+03   4.5138593e+03
   1.6700000e+01   1.7984932e+03   4.1458593e+03
   1.6800000e+01   1.6804932e+03   4.5458593e+03
   1.6900000e+01   1.4144932e+03   4.2658593e+03
   1.7000000e+01   1.2774932e+03   3.3908593e+03
   1.7100000e+01   1.7114932e+03   4.3848593e+03
   1.7200000e+01   1.7904932e+03   4.0828593e+03
   1.7300000e+01   1.4434932e+03   4.3308593e+03
   1.7400000e+01   1.7484932e+03   3.2958593e+03
   1.7500000e+01   1.8384932e+03   4.0218593e+03
   1.7600000e+01   2.2454932e+03   4.1468593e+03
   1.7700000e+01   2.4934932e+03   3.4658593e+03
   1.7800000e+01   1.8304932e+03   3.8658593e+03
   1.7900000e+01   1.8304932e+03   3.8658593e+03
   1.8000000e+01   2.1804932e+03   4.2028593e+03
   1.8100000e+01   1.8624932e+03   4.3698593e+03
   1.8200000e+01   1.6754932e+03   4.2748593e+03
   1.8300000e+01   1.5034932e+03   3.6038593e+03
   1.8400000e+01   1.9944932e+03   4.8298593e+03
   1.8500000e+01   2.0534932e+03   3.6708593e+03
   1.8600000e+01   1.7294932e+03   3.0638593e+03
   1.8700000e+01   1.5914932e+03   4.0098593e+03
   1.8800000e+01   1.6734932e+03   4.0578593e+03
   1.8900000e+01   2.0284932e+03   4.6088593e+03
   1.9000000e+01   2.0564932e+03   3.7788593e+03
   1.9100000e+01   1.6764932e+03   3.3848593e+03
   1.9200000e+01   1.5194932e+03   2.5448593e+03
   1.9300000e+01   1.4504932e+03   2.9288593e+03
   1.9400000e+01   1.9354932e+03   3.8588593e+03
   1.9500000e+01   1.8454932e+03   3.6918593e+03
   1.9600000e+01   2.0244932e+03   4.3978593e+03
   1.9700000e+01   1.1384932e+03   3.5808593e+03
   1.9800000e+01   1.2904932e+03   3.4028593e+03
   1.9900000e+01   1.6694932e+03   6.2708593e+03
   2.0000000e+01   1.5074932e+03   5.1058593e+03
   2.0100000e+01   1.5204932e+03   3.9818593e+03
   2.0200000e+01   1.8804932e+03   3.8038593e+03
   2.0300000e+01   2.4034932e+03   4.3518593e+03
   2.0400000e+01   1.9464932e+03   3.4468593e+03
   2.0500000e+01   1.9974932e+03   3.9488593e+03
   2.0600000e+01   2.0514932e+03   3.3228593e+03
   2.0700000e+01   1.2484932e+03   5.1128593e+03
   2.0800000e+01   1.4844932e+03   3.4798593e+03
   2.0900000e+01   1.1454932e+03   3.3648593e+03
   2.1000000e+01   2.1244932e+03   4.8398593e+03
   2.1100000e+01   1.5164932e+03   3.6108593e+03
   2.1200000e+01   1.7714932e+03   3.3068593e+03
   2.1300000e+01   1.7714932e+03   3.3068593e+03
   2.1400000e+01   1.6374932e+03   4.3368593e+03
   2.1500000e+01   1.4624932e+03   4.4238593e+03
   2.1600000e+01   1.3834932e+03   4.3088593e+03
   2.1700000e+01   2.1674932e+03   3.8618593e+03
   2.1800000e+01   1.7294932e+03   3.7408593e+03
   2.1900000e+01   1.3894932e+03   4.1768593e+03
   2.2000000e+01   1.7234932e+03   5.0838593e+03
   2.2100000e+01   1.5064932e+03   3.4518593e+03
   2.2200000e+01   1.8644932e+03   5.1108593e+03
   2.2300000e+01   1.6844932e+03   4.0468593e+03
   2.2400000e+01   1.4824932e+03   4.8148593e+03
   2.2500000e+01   2.1784932e+03   3.4778593e+03
   2.2600000e+01   1.6734932e+03   3.7808593e+03
   2.2700000e+01   2.1054932e+03   4.6798593e+03
   2.2800000e+01   2.2994932e+03   4.5408593e+03
   2.2900000e+01   2.1234932e+03   3.5808593e+03
   2.3000000e+01   1.5754932e+03   5.2828593e+03
   2.3100000e+01   2.3674932e+03   4.0868593e+03
   2.3200000e+01   2.0334932e+03   3.9738593e+03
   2.3300000e+01   1.8924932e+03   5.7858593e+03
   2.3400000e+01   1.4444932e+03   5.7388593e+03
   2.3500000e+01   1.7064932e+03   4.8788593e+03
   2.3600000e+01   1.5634932e+03   4.6398593e+03
   2.3700000e+01   1.9914932e+03   5.3708593e+03
   2.3800000e+01   1.8984932e+03   4.8238593e+03
   2.3900000e+01   1.9014932e+03   5.2148593e+03
   2.4000000e+01   1.6854932e+03   5.3598593e+03
   2.4100000e+01   1.6854932e+03   5.3598593e+03
   2.4200000e+01   1.8464932e+03   4.4128593e+03
   2.4300000e+01   2.0914932e+03   4.7948593e+03
   2.4400000e+01   2.0334932e+03   4.5068593e+03
   2.4500000e+01   1.6674932e+03   4.9078593e+03
   2.4600000e+01   1.9744932e+03   4.5568593e+03
   2.4700000e+01   1.9744932e+03   4.5568593e+03
   2.4800000e+01   2.2014932e+03   4.1838593e+03
   2.4900000e+01   2.2974932e+03   4.2848593e+03
   2.5000000e+01   1.7554932e+03   4.2238593e+03
   2.5100000e+01   2.0574932e+03   4.7738593e+03
   2.5200000e+01   1.7094932e+03   3.9468593e+03
   2.5300000e+01   1.4504932e+03   4.5138593e+03
   2.5400000e+01   1.3934932e+03   3.9918593e+03
   2.5500000e+01   1.6584932e+03   3.7558593e+03
   2.5600000e+01   2.4484932e+03   3.0108593e+03
   2.5700000e+01   1.7684932e+03   3.7208593e+03
   2.5800000e+01   1.5044932e+03   3.6158593e+03
   2.5900000e+01   1.5984932e+03   3.4768593e+03
   2.6000000e+01   1.7634932e+03   3.1218593e+03
   2.6100000e+01   1.7344932e+03   3.3668593e+03
   2.6200000e+01   1.4894932e+03   3.7708593e+03
   2.6300000e+01   1.6264932e+03   3.1788593e+03
   2.6400000e+01   1.9294932e+03   3.6548593e+03
   2.6500000e+01   1.7474932e+03   4.0198593e+03
   2.6600000e+01   1.8354932e+03   4.5068593e+03
   2.6700000e+01   1.3924932e+03   3.7888593e+03
   2.6800000e+01   1.6924932e+03   4.2888593e+03
   2.6900000e+01   1.8394932e+03   4.6378593e+03
   2.7000000e+01   1.4684932e+03   4.0498593e+03
   2.7100000e+01   1.2024932e+03   4.9378593e+03
   2.7200000e+01   1.1474932e+03   5.5978593e+03
   2.7300000e+01   1.3754932e+03   4.0438593e+03
   2.7400000e+01   1.3924932e+03   3.5598593e+03
   2.7500000e+01   1.5434932e+03   2.0408593e+03
   2.7600000e+01   2.0644932e+03   2.7228593e+03
   2.7700000e+01   2.4204932e+03   3.1288593e+03
   2.7800000e+01   2.1614932e+03   4.3938593e+03
   2.7900000e+01   1.6074932e+03   4.5448593e+03
   2.8000000e+01   1.9704932e+03   4.6908593e+03
   2.8100000e+01   1.8244932e+03   5.2058593e+03
   2.8200000e+01   1.4744932e+03   5.0038593e+03
   2.8300000e+01   1.9304932e+03   5.6418593e+03
   2.8400000e+01   1.9374932e+03   5.8748593e+03
   2.8500000e+01   2.4244932e+03   5.0268593e+03
   2.8600000e+01   1.7564932e+03   5.7048593e+03
   2.8700000e+01   1.4764932e+03   4.3418593e+03
   2.8800000e+01   1.8484932e+03   4.8178593e+03
   2.8900000e+01   1.8504932e+03   5.4128593e+03
   2.9000000e+01   1.6234932e+03   3.7288593e+03
   2.9100000e+01   2.1284932e+03   3.9588593e+03
   2.9200000e+01   1.5954932e+03   3.3548593e+03
   2.9300000e+01   1.8264932e+03   3.0228593e+03
   2.9400000e+01   1.9494932e+03   3.4978593e+03
   2.9500000e+01   1.9584932e+03   2.7218593e+03
   2.9600000e+01   1.7194932e+03   4.1208593e+03
   2.9700000e+01   1.9154932e+03   3.7388593e+03
   2.9800000e+01   1.5914932e+03   3.1118593e+03
   2.9900000e+01   1.3244932e+03   5.2048593e+03
   3.0000000e+01   1.8844932e+03   3.2998593e+03
   3.0100000e+01   1.8844932e+03   3.2998593e+03
   3.0200000e+01   2.0164932e+03   3.1258593e+03
   3.0300000e+01   1.7064932e+03   4.0758593e+03
   3.0400000e+01   2.0344932e+03   5.0648593e+03
   3.0500000e+01   1.5414932e+03   4.4208593e+03
   3.0600000e+01   1.1784932e+03   3.7338593e+03
   3.0700000e+01   1.4864932e+03   4.2848593e+03
   3.0800000e+01   1.7854932e+03   4.9068593e+03
   3.0900000e+01   1.8234932e+03   4.2988593e+03
   3.1000000e+01   1.4484932e+03   4.1378593e+03
   3.1100000e+01   1.5554932e+03   4.3388593e+03
   3.1200000e+01   1.1354932e+03   4.3888593e+03
   3.1300000e+01   2.2194932e+03   3.9858593e+03
   3.1400000e+01   1.4404932e+03   4.5818593e+03
   3.1500000e+01   1.1304932e+03   4.0298593e+03
   3.1600000e+01   1.5904932e+03   3.8938593e+03
   3.1700000e+01   2.0274932e+03   4.3638593e+03
   3.1800000e+01   1.6744932e+03   3.6708593e+03
   3.1900000e+01   1.4334932e+03   4.3058593e+03
   3.2000000e+01   1.2414932e+03   4.4158593e+03
   3.2100000e+01   9.9649320e+02   3.6208593e+03
   3.2200000e+01   1.8524932e+03   4.0348593e+03
   3.2300000e+01   1.7134932e+03   4.6368593e+03
   3.2400000e+01   1.4294932e+03   4.8708593e+03
   3.2500000e+01   1.8844932e+03   4.7788593e+03
   3.2600000e+01   1.3694932e+03   3.8438593e+03
   3.2700000e+01   1.8654932e+03   4.0348593e+03
   3.2800000e+01   1.5704932e+03   4.3568593e+03
   3.2900000e+01   1.9464932e+03   4.5908593e+03
   3.3000000e+01   2.1244932e+03   3.5478593e+03
   3.3100000e+01   1.9804932e+03   4.1208593e+03
   3.3200000e+01   1.8244932e+03   5.0078593e+03
   3.3300000e+01   1.4384932e+03   4.8438593e+03
   3.3400000e+01   9.3349320e+02   6.4308593e+03
   3.3500000e+01   1.6114932e+03   4.7568593e+03
   3.3600000e+01   1.5234932e+03   3.5538593e+03
   3.3700000e+01   1.6364932e+03   3.9358593e+03
   3.3800000e+01   1.6364932e+03   3.9358593e+03
   3.3900000e+01   1.0184932e+03   4.4108593e+03
   3.4000000e+01   8.5749320e+02   5.4118593e+03
   3.4100000e+01   9.9949320e+02   3.9428593e+03
   3.4200000e+01   1.2144932e+03   4.7408593e+03
   3.4300000e+01   1.2234932e+03   4.5628593e+03
   3.4400000e+01   1.2234932e+03   4.5628593e+03
   3.4500000e+01   1.7424932e+03   4.7688593e+03
   3.4600000e+01   1.3234932e+03   5.8868593e+03
   3.4700000e+01   1.1154932e+03   5.7068593e+03
   3.4800000e+01   1.6664932e+03   3.9438593e+03
   3.4900000e+01   1.4054932e+03   4.8178593e+03
   3.5000000e+01   1.7464932e+03   4.0888593e+03
   3.5100000e+01   1.6794932e+03   3.8548593e+03
   3.5200000e+01   1.2934932e+03   4.5198593e+03
   3.5300000e+01   2.0244932e+03   3.9788593e+03
   3.5400000e+01   1.2064932e+03   1.9608593e+03
   3.5500000e+01   1.7284932e+03   1.6048593e+03
   3.5600000e+01   1.9574932e+03   4.3278593e+03
   3.5700000e+01   1.9574932e+03   4.3278593e+03
   3.5800000e+01   1.5954932e+03   4.0288593e+03
   3.5900000e+01   1.7344932e+03   3.4318593e+03
   3.6000000e+01   1.9814932e+03   4.0328593e+03
   3.6100000e+01   1.2804932e+03   5.8948593e+03
   3.6200000e+01   1.2804932e+03   5.8948593e+03
   3.6300000e+01   1.6664932e+03   3.2108593e+03
   3.6400000e+01   1.6374932e+03   4.3978593e+03
   3.6500000e+01   1.2244932e+03   4.1178593e+03
   3.6600000e+01   1.4874932e+03   4.3038593e+03
   3.6700000e+01   1.8444932e+03   5.0708593e+03
   3.6800000e+01   1.4774932e+03   4.1318593e+03
   3.6900000e+01   1.4654932e+03   4.4868593e+03
   3.7000000e+01   1.7804932e+03   5.2198593e+03
   3.7100000e+01   1.9134932e+03   3.9118593e+03
   3.7200000e+01   1.4494932e+03   4.6948593e+03
   3.7300000e+01   1.9464932e+03   4.0008593e+03
   3.7400000e+01   1.5014932e+03   3.9858593e+03
   3.7500000e+01   1.4844932e+03   4.1388593e+03
   3.7600000e+01   1.9264932e+03   4.5708593e+03
   3.7700000e+01   2.0264932e+03   3.7098593e+03
   3.7800000e+01   2.0154932e+03   3.3058593e+03
   3.7900000e+01   2.5714932e+03   2.9238593e+03
   3.8000000e+01   1.6924932e+03   3.1418593e+03
   3.8100000e+01   1.8164932e+03   3.7658593e+03
   3.8200000e+01   2.0484932e+03   3.4188593e+03
   3.8300000e+01   1.7444932e+03   3.3168593e+03
   3.8400000e+01   1.6974932e+03   3.3798593e+03
   3.8500000e+01   1.5564932e+03   3.8248593e+03
   3.8600000e+01   1.3874932e+03   3.3468593e+03
   3.8700000e+01   1.5194932e+03   4.5428593e+03
   3.8800000e+01   1.8374932e+03   4.7498593e+03
   3.8900000e+01   1.7894932e+03   4.1618593e+03
   3.9000000e+01   1.6264932e+03   4.0998593e+03
   3.9100000e+01   1.2734932e+03   5.1828593e+03
   3.9200000e+01   1.6004932e+03   5.0898593e+03
   3.9300000e+01   2.2944932e+03   4.9168593e+03
   3.9400000e+01   1.5994932e+03   3.8788593e+03
   3.9500000e+01   1.4784932e+03   4.2338593e+03
   3.9600000e+01   1.5304932e+03   3.6748593e+03
   3.9700000e+01   1.4144932e+03   4.4428593e+03
   3.9800000e+01   1.6464932e+03   3.3788593e+03
   3.9900000e+01   1.2654932e+03   4.1968593e+03
   4.0000000e+01   1.2134932e+03   4.2548593e+03
   4.0100000e+01   1.5444932e+03   3.3338593e+03
   4.0200000e+01   1.4454932e+03   3.9498593e+03
   4.0300000e+01   1.6734932e+03   4.0508593e+03
   4.0400000e+01   1.6864932e+03   4.6618593e+03
   4.0500000e+01   1.5904932e+03   3.5138593e+03
   4.0600000e+01   1.6804932e+03   3.9938593e+03
   4.0700000e+01   1.3374932e+03   4.2038593e+03
   4.0800000e+01   1.0094932e+03   4.1868593e+03
   4.0900000e+01   1.7004932e+03   4.8498593e+03
   4.1000000e+01   1.1674932e+03   5.3408593e+03
   4.1100000e+01   1.5434932e+03   5.4258593e+03
   4.1200000e+01   1.0704932e+03   5.1918593e+03
   4.1300000e+01   1.0704932e+03   5.1918593e+03
   4.1400000e+01   1.6814932e+03   4.0458593e+03
   4.1500000e+01   1.7014932e+03   4.2758593e+03
   4.1600000e+01   1.4094932e+03   4.5608593e+03
   4.1700000e+01   1.8404932e+03   4.4098593e+03
   4.1800000e+01   2.0064932e+03   3.4868593e+03
   4.1900000e+01   2.0064932e+03   3.4868593e+03
   4.2000000e+01   1.6954932e+03   4.9458593e+03
   4.2100000e+01   1.6954932e+03   4.9458593e+03
   4.2200000e+01   1.9274932e+03   4.5708593e+03
   4.2300000e+01   1.7884932e+03   2.9368593e+03
   4.2400000e+01   2.5134932e+03   3.5508593e+03
   4.2500000e+01   1.7404932e+03   3.5238593e+03
   4.2600000e+01   1.2434932e+03   4.2428593e+03
   4.2700000e+01   1.6004932e+03   3.4448593e+03
   4.2800000e+01   1.9994932e+03   2.7568593e+03
   4.2900000e+01   1.5924932e+03   3.5558593e+03
   4.3000000e+01   2.0364932e+03   3.7598593e+03
   4.3100000e+01   2.0364932e+03   3.7598593e+03
   4.3200000e+01   1.2454932e+03   4.2288593e+03
   4.3300000e+01   1.7394932e+03   4.4098593e+03
   4.3400000e+01   1.7394932e+03   4.4098593e+03
   4.3500000e+01   1.6244932e+03   4.0928593e+03
   4.3600000e+01   1.4884932e+03   4.4088593e+03
   4.3700000e+01   1.4114932e+03   3.3388593e+03
   4.3800000e+01   1.5644932e+03   3.4788593e+03
   4.3900000e+01   1.3814932e+03   4.7498593e+03
   4.4000000e+01   8.7749320e+02   4.3738593e+03
   4.4100000e+01   1.4544932e+03   4.2048593e+03
   4.4200000e+01   1.4544932e+03   4.2048593e+03
   4.4300000e+01   1.4974932e+03   4.3428593e+03
   4.4400000e+01   1.2004932e+03   5.7968593e+03
   4.4500000e+01   1.3484932e+03   3.3728593e+03
   4.4600000e+01   1.3414932e+03   4.3998593e+03
   4.4700000e+01   1.1014932e+03   3.5628593e+03
   4.4800000e+01   1.5194932e+03   4.3178593e+03
   4.4900000e+01   1.2314932e+03   3.6098593e+03
   4.5000000e+01   1.6104932e+03   3.9668593e+03
   4.5100000e+01   1.5974932e+03   3.6998593e+03
   4.5200000e+01   1.4334932e+03   3.6818593e+03
   4.5300000e+01   1.3114932e+03   5.0608593e+03
   4.5400000e+01   1.5284932e+03   4.3908593e+03
   4.5500000e+01   1.5894932e+03   4.1748593e+03
   4.5600000e+01   1.9604932e+03   3.5568593e+03
   4.5700000e+01   1.8834932e+03   3.7698593e+03
   4.5800000e+01   1.3594932e+03   3.2978593e+03
   4.5900000e+01   1.6164932e+03   3.6448593e+03
   4.6000000e+01   1.4074932e+03   3.6258593e+03
   4.6100000e+01   1.6334932e+03   3.8638593e+03
   4.6200000e+01   1.1434932e+03   3.8138593e+03
   4.6300000e+01   1.6304932e+03   3.8388593e+03
   4.6400000e+01   1.2794932e+03   4.2798593e+03
   4.6500000e+01   1.4374932e+03   3.8128593e+03
   4.6600000e+01   1.0414932e+03   5.4068593e+03
   4.6700000e+01   1.6234932e+03   3.6438593e+03
   4.6800000e+01   1.0294932e+03   4.3978593e+03
   4.6900000e+01   1.3614932e+03   3.5698593e+03
   4.7000000e+01   1.5484932e+03   4.5008593e+03
   4.7100000e+01   1.5044932e+03   4.0988593e+03
   4.7200000e+01   1.6504932e+03   3.8328593e+03
   4.7300000e+01   1.3964932e+03   4.1458593e+03
   4.7400000e+01   1.5344932e+03   4.0158593e+03
   4.7500000e+01   1.0574932e+03   4.5398593e+03
   4.7600000e+01   9.7249320e+02   4.1068593e+03
   4.7700000e+01   1.3324932e+03   4.1448593e+03
   4.7800000e+01   1.0244932e+03   4.0718593e+03
   4.7900000e+01   1.4404932e+03   2.5928593e+03
   4.8000000e+01   1.5624932e+03   3.4058593e+03
   4.8100000e+01   1.2104932e+03   4.4138593e+03
   4.8200000e+01   1.2124932e+03   4.3418593e+03
   4.8300000e+01   1.4034932e+03   4.4158593e+03
   4.8400000e+01   1.8244932e+03   4.7718593e+03
   4.8500000e+01   1.7594932e+03   4.8348593e+03
   4.8600000e+01   1.3024932e+03   4.4128593e+03
   4.8700000e+01   1.6054932e+03   2.9218593e+03
   4.8800000e+01   1.7574932e+03   4.0138593e+03
   4.8900000e+01   1.1364932e+03   4.3118593e+03
   4.9000000e+01   1.2864932e+03   3.5198593e+03
   4.9100000e+01   1.2834932e+03   5.1758593e+03
   4.9200000e+01   1.2134932e+03   4.7408593e+03
   4.9300000e+01   2.0414932e+03   5.4278593e+03
   4.9400000e+01   2.5314932e+03   5.5898593e+03
   4.9500000e+01   1.7204932e+03   5.3518593e+03
   4.9600000e+01   2.1114932e+03   5.2988593e+03
   4.9700000e+01   2.0124932e+03   4.6598593e+03
   4.9800000e+01   1.6084932e+03   3.1908593e+03
   4.9900000e+01   1.6964932e+03   3.8528593e+03
   5.0000000e+01   1.5964932e+03   4.7918593e+03
   5.0100000e+01   1.5614932e+03   3.8948593e+03
   5.0200000e+01   1.2074932e+03   4.9448593e+03
   5.0300000e+01   9.7249320e+02   4.3668593e+03
   5.0400000e+01   1.5084932e+03   3.9348593e+03
   5.0500000e+01   1.2184932e+03   2.4558593e+03
   5.0600000e+01   1.2184932e+03   2.4558593e+03
   5.0700000e+01   1.8294932e+03   4.3108593e+03
   5.0800000e+01   1.6074932e+03   4.4408593e+03
   5.0900000e+01   1.6004932e+03   3.6728593e+03
   5.1000000e+01   1.8164932e+03   2.7868593e+03
   5.1100000e+01   1.9974932e+03   4.1018593e+03
   5.1200000e+01   1.4914932e+03   3.9408593e+03
   5.1300000e+01   2.1364932e+03   4.2628593e+03
   5.1400000e+01   1.9554932e+03   3.9958593e+03
   5.1500000e+01   2.1954932e+03   4.4788593e+03
   5.1600000e+01   3.1064932e+03   3.2838593e+03
   5.1700000e+01   1.8904932e+03   4.6848593e+03
   5.1800000e+01   2.2184932e+03   5.0878593e+03
   5.1900000e+01   1.1504932e+03   3.8818593e+03
   5.2000000e+01   1.7794932e+03   4.3248593e+03
   5.2100000e+01   2.2354932e+03   3.9948593e+03
   5.2200000e+01   2.1554932e+03   4.2048593e+03
   5.2300000e+01   1.5604932e+03   4.0948593e+03
   5.2400000e+01   1.5604932e+03   4.0948593e+03
   5.2500000e+01   1.7904932e+03   5.5888593e+03
   5.2600000e+01   1.7904932e+03   5.5888593e+03
   5.2700000e+01   2.0634932e+03   3.7088593e+03
   5.2800000e+01   1.6744932e+03   4.2678593e+03
   5.2900000e+01   2.2374932e+03   4.4738593e+03
   5.3000000e+01   1.7194932e+03   3.8838593e+03
   5.3100000e+01   2.2374932e+03   3.4268593e+03
   5.3200000e+01   1.6594932e+03   4.1528593e+03
   5.3300000e+01   1.6194932e+03   4.1568593e+03
   5.3400000e+01   1.4874932e+03   3.0878593e+03
   5.3500000e+01   2.2984932e+03   2.7218593e+03
   5.3600000e+01   2.1154932e+03   3.3688593e+03
   5.3700000e+01   1.8454932e+03   3.0098593e+03
   5.3800000e+01   1.8484932e+03   3.7768593e+03
   5.3900000e+01   1.4334932e+03   4.7288593e+03
   5.4000000e+01   1.4334932e+03   4.7288593e+03
   5.4100000e+01   1.1224932e+03   4.3608593e+03
   5.4200000e+01   1.7954932e+03   4.1238593e+03
   5.4300000e+01   1.6144932e+03   3.6208593e+03
   5.4400000e+01   2.0774932e+03   3.5398593e+03
   5.4500000e+01   1.6644932e+03   4.7368593e+03
   5.4600000e+01   1.6644932e+03   4.7368593e+03
   5.4700000e+01   1.8954932e+03   4.4568593e+03
   5.4800000e+01   1.9744932e+03   5.1998593e+03
   5.4900000e+01   1.6844932e+03   4.3118593e+03
   5.5000000e+01   1.6814932e+03   5.3158593e+03
   5.5100000e+01   2.2484932e+03   4.7988593e+03
   5.5200000e+01   1.3384932e+03   5.1278593e+03
   5.5300000e+01   2.6924932e+03   5.3568593e+03
   5.5400000e+01   2.5174932e+03   5.6588593e+03
   5.5500000e+01   3.1024932e+03   4.7458593e+03
   5.5600000e+01   2.8784932e+03   5.1848593e+03
   5.5700000e+01   1.6354932e+03   4.9498593e+03
   5.5800000e+01   1.8354932e+03   5.6488593e+03
   5.5900000e+01   1.5484932e+03   5.0308593e+03
   5.6000000e+01   2.5104932e+03   5.7028593e+03
   5.6100000e+01   2.1754932e+03   4.9268593e+03
   5.6200000e+01   2.0304932e+03   5.5548593e+03
   5.6300000e+01   2.4594932e+03   4.7388593e+03
   5.6400000e+01   2.7194932e+03   4.2628593e+03
   5.6500000e+01   1.6834932e+03   5.4068593e+03
   5.6600000e+01   2.3964932e+03   4.2998593e+03
   5.6700000e+01   1.9684932e+03   4.8408593e+03
   5.6800000e+01   2.0124932e+03   4.6278593e+03
   5.6900000e+01   1.3964932e+03   4.4908593e+03
   5.7000000e+01   1.8014932e+03   4.3858593e+03
   5.7100000e+01   2.6624932e+03   1.9098593e+03
   5.7200000e+01   2.4294932e+03   4.5298593e+03
   5.7300000e+01   1.9974932e+03   4.8698593e+03
   5.7400000e+01   1.9114932e+03   5.6368593e+03
   5.7500000e+01   2.1544932e+03   3.9638593e+03
   5.7600000e+01   1.7624932e+03   4.1058593e+03
   5.7700000e+01   1.4494932e+03   4.3538593e+03
   5.7800000e+01   1.8684932e+03   5.2508593e+03
   5.7900000e+01   1.9334932e+03   3.3848593e+03
   5.8000000e+01   1.8534932e+03   5.1038593e+03
   5.8100000e+01   2.1784932e+03   3.5228593e+03
   5.8200000e+01   1.8284932e+03   3.4938593e+03
   5.8300000e+01   1.4194932e+03   4.4008593e+03
   5.8400000e+01   1.2664932e+03   3.8388593e+03
   5.8500000e+01   1.7524932e+03   3.8008593e+03
   5.8600000e+01   1.8844932e+03   4.1078593e+03
   5.8700000e+01   1.9014932e+03   4.2918593e+03
   5.8800000e+01   1.7064932e+03   3.8598593e+03
   5.8900000e+01   1.5054932e+03   3.7788593e+03
   5.9000000e+01   2.0534932e+03   3.7838593e+03
   5.9100000e+01   1.6414932e+03   3.7378593e+03
   5.9200000e+01   1.7354932e+03   3.9768593e+03
   5.9300000e+01   1.1234932e+03   3.7258593e+03
   5.9400000e+01   1.2164932e+03   3.7508593e+03
   5.9500000e+01   1.0974932e+03   3.8438593e+03
   5.9600000e+01   1.0294932e+03   4.0758593e+03
   5.9700000e+01   1.5154932e+03   3.8918593e+03
   5.9800000e+01   1.5154932e+03   3.8918593e+03
   5.9900000e+01   1.6444932e+03   3.4948593e+03
   6.0000000e+01   1.5474932e+03   4.3898593e+03
   6.0100000e+01   2.0454932e+03   3.5888593e+03
   6.0200000e+01   1.3654932e+03   3.5518593e+03
   6.0300000e+01   1.1554932e+03   4.0798593e+03
   6.0400000e+01   1.6754932e+03   4.1888593e+03
   6.0500000e+01   9.6949320e+02   4.1488593e+03
   6.0600000e+01   1.3724932e+03   3.6758593e+03
   6.0700000e+01   1.2754932e+03   4.1128593e+03
   6.0800000e+01   1.2754932e+03   4.1128593e+03
   6.0900000e+01   1.7104932e+03   3.6328593e+03
   6.1000000e+01   1.1964932e+03   4.5188593e+03
   6.1100000e+01   1.3844932e+03   3.8858593e+03
   6.1200000e+01   1.0844932e+03   3.6908593e+03
   6.1300000e+01   1.2584932e+03   4.8018593e+03
   6.1400000e+01   9.3949320e+02   5.0148593e+03
   6.1500000e+01   1.5894932e+03   4.0728593e+03
   6.1600000e+01   1.6484932e+03   3.2778593e+03
   6.1700000e+01   9.9249320e+02   4.4678593e+03
   6.1800000e+01   1.1124932e+03   4.3118593e+03
   6.1900000e+01   1.3054932e+03   4.2158593e+03
   6.2000000e+01   1.4964932e+03   4.3958593e+03
   6.2100000e+01   1.2444932e+03   4.3648593e+03
   6.2200000e+01   1.1214932e+03   4.1488593e+03
   6.2300000e+01   1.4594932e+03   4.4488593e+03
   6.2400000e+01   1.0434932e+03   4.6808593e+03
   6.2500000e+01   1.3914932e+03   5.3628593e+03
   6.2600000e+01   1.7114932e+03   4.3288593e+03
   6.2700000e+01   9.8649320e+02   3.9488593e+03
   6.2800000e+01   1.3434932e+03   4.6218593e+03
   6.2900000e+01   1.1594932e+03   5.5128593e+03
   6.3000000e+01   9.9749320e+02   5.2948593e+03
   6.3100000e+01   1.3324932e+03   5.0328593e+03
   6.3200000e+01   1.4024932e+03   4.0418593e+03
   6.3300000e+01   9.5849320e+02   4.8168593e+03
   6.3400000e+01   1.6294932e+03   3.2738593e+03
   6.3500000e+01   2.1344932e+03   3.6278593e+03
   6.3600000e+01   1.5054932e+03   3.2708593e+03
   6.3700000e+01   1.5734932e+03   2.7918593e+03
   6.3800000e+01   9.7149320e+02   9.7485931e+02
   6.3900000e+01   5.8049320e+02   5.8585931e+02
   6.4000000e+01   1.5794932e+03   3.5238593e+03
   6.4100000e+01   1.2474932e+03   4.9228593e+03
   6.4200000e+01   1.5654932e+03   5.4208593e+03
   6.4300000e+01   1.7754932e+03   5.2578593e+03
   6.4400000e+01   1.4544932e+03   4.3828593e+03
   6.4500000e+01   1.8944932e+03   5.4968593e+03
   6.4600000e+01   1.1864932e+03   4.8118593e+03
   6.4700000e+01   1.4184932e+03   4.6688593e+03
   6.4800000e+01   1.1394932e+03   3.5608593e+03
   6.4900000e+01   1.0604932e+03   5.7758593e+03
   6.5000000e+01   1.0604932e+03   5.7758593e+03
   6.5100000e+01   8.9149320e+02   4.3368593e+03
   6.5200000e+01   1.0504932e+03   4.2688593e+03
   6.5300000e+01   6.3649320e+02   4.7758593e+03
   6.5400000e+01   1.5864932e+03   3.0238593e+03
   6.5500000e+01   1.2194932e+03   4.7908593e+03
   6.5600000e+01   1.3064932e+03   4.2498593e+03
   6.5700000e+01   1.5944932e+03   3.6238593e+03
   6.5800000e+01   2.1274932e+03   2.7938593e+03
   6.5900000e+01   2.1274932e+03   2.7938593e+03
   6.6000000e+01   1.9144932e+03   3.8868593e+03
   6.6100000e+01   1.4194932e+03   4.1458593e+03
   6.6200000e+01   1.5094932e+03   3.8668593e+03
   6.6300000e+01   1.2734932e+03   5.5228593e+03
   6.6400000e+01   6.8849320e+02   5.2938593e+03
   6.6500000e+01   9.6849320e+02   5.0848593e+03
   6.6600000e+01   1.3614932e+03   3.8348593e+03
   6.6700000e+01   1.5034932e+03   3.8728593e+03
   6.6800000e+01   1.8064932e+03   4.3508593e+03
   6.6900000e+01   1.6054932e+03   3.8608593e+03
   6.7000000e+01   1.7044932e+03   3.7998593e+03
   6.7100000e+01   1.3914932e+03   3.7338593e+03
   6.7200000e+01   1.9024932e+03   3.3978593e+03
   6.7300000e+01   1.1664932e+03   4.1198593e+03
   6.7400000e+01   1.7184932e+03   4.6108593e+03
   6.7500000e+01   1.1944932e+03   3.1238593e+03
   6.7600000e+01   1.4304932e+03   3.2928593e+03
   6.7700000e+01   1.0064932e+03   4.2838593e+03
   6.7800000e+01   1.8714932e+03   4.0488593e+03
   6.7900000e+01   1.2334932e+03   3.6838593e+03
   6.8000000e+01   1.2954932e+03   4.2378593e+03
   6.8100000e+01   1.6284932e+03   3.7268593e+03
   6.8200000e+01   1.6704932e+03   3.6998593e+03
   6.8300000e+01   2.0074932e+03   3.5888593e+03
   6.8400000e+01   1.1884932e+03   3.2918593e+03
   6.8500000e+01   1.5754932e+03   4.4138593e+03
   6.8600000e+01   1.4424932e+03   4.1628593e+03
   6.8700000e+01   1.5344932e+03   3.1148593e+03
   6.8800000e+01   1.5594932e+03   4.1448593e+03
   6.8900000e+01   1.1264932e+03   5.0608593e+03
   6.9000000e+01   1.3624932e+03   4.1758593e+03
   6.9100000e+01   1.0634932e+03   5.5238593e+03
   6.9200000e+01   1.8064932e+03   3.1088593e+03
   6.9300000e+01   1.7914932e+03   3.8868593e+03
   6.9400000e+01   1.4064932e+03   4.1118593e+03
   6.9500000e+01   1.6224932e+03   2.9298593e+03
   6.9600000e+01   1.0814932e+03   4.0528593e+03
   6.9700000e+01   1.4934932e+03   4.7428593e+03
   6.9800000e+01   1.4124932e+03   4.1138593e+03
   6.9900000e+01   1.0774932e+03   4.3188593e+03
   7.0000000e+01   1.1714932e+03   4.6268593e+03
   7.0100000e+01   1.8094932e+03   3.9738593e+03
   7.0200000e+01   1.6324932e+03   3.3708593e+03
   7.0300000e+01   1.3264932e+03   3.9008593e+03
   7.0400000e+01   1.1284932e+03   4.6788593e+03
   7.0500000e+01   6.1049320e+02   3.9318593e+03
   7.0600000e+01   1.0104932e+03   4.1878593e+03
   7.0700000e+01   8.5749320e+02   5.1798593e+03
   7.0800000e+01   1.4164932e+03   3.5248593e+03
   7.0900000e+01   7.1049320e+02   4.7818593e+03
   7.1000000e+01   1.2284932e+03   3.8328593e+03
   7.1100000e+01   1.2704932e+03   4.3128593e+03
   7.1200000e+01   1.7984932e+03   4.7318593e+03
   7.1300000e+01   1.7984932e+03   4.7318593e+03
   7.1400000e+01   1.0304932e+03   4.4238593e+03
   7.1500000e+01   1.1354932e+03   4.1408593e+03
   7.1600000e+01   1.0804932e+03   4.6748593e+03
   7.1700000e+01   8.5349320e+02   4.3648593e+03
   7.1800000e+01   8.3349320e+02   5.8858593e+03
   7.1900000e+01   1.0754932e+03   3.2398593e+03
   7.2000000e+01   1.5094932e+03   3.2698593e+03
   7.2100000e+01   1.1134932e+03   4.6448593e+03
   7.2200000e+01   1.2184932e+03   4.4018593e+03
   7.2300000e+01   1.3014932e+03   3.6298593e+03
   7.2400000e+01   1.3494932e+03   4.0918593e+03
   7.2500000e+01   1.0324932e+03   3.9228593e+03
   7.2600000e+01   1.4604932e+03   4.4628593e+03
   7.2700000e+01   1.0914932e+03   4.7528593e+03
   7.2800000e+01   1.5094932e+03   4.7908593e+03
   7.2900000e+01   1.8004932e+03   3.6758593e+03
   7.3000000e+01   1.6824932e+03   3.4388593e+03
   7.3100000e+01   1.7904932e+03   3.9438593e+03
   7.3200000e+01   1.4174932e+03   4.6358593e+03
   7.3300000e+01   1.4174932e+03   4.6358593e+03
   7.3400000e+01   1.3944932e+03   3.6388593e+03
   7.3500000e+01   1.4064932e+03   3.6848593e+03
   7.3600000e+01   1.7244932e+03   3.6458593e+03
   7.3700000e+01   1.3674932e+03   3.9158593e+03
   7.3800000e+01   1.0404932e+03   3.6068593e+03
   7.3900000e+01   1.4564932e+03   3.6078593e+03
   7.4000000e+01   1.2364932e+03   3.4388593e+03
   7.4100000e+01   1.1644932e+03   3.3718593e+03
   7.4200000e+01   1.7994932e+03   3.4738593e+03
   7.4300000e+01   1.0994932e+03   3.6238593e+03
   7.4400000e+01   1.5374932e+03   4.7308593e+03
   7.4500000e+01   1.5374932e+03   4.7308593e+03
   7.4600000e+01   1.3954932e+03   3.5508593e+03
   7.4700000e+01   1.9984932e+03   4.3268593e+03
   7.4800000e+01   1.8044932e+03   4.2518593e+03
   7.4900000e+01   1.8204932e+03   4.0638593e+03
   7.5000000e+01   1.7354932e+03   4.1608593e+03
   7.5100000e+01   1.2064932e+03   3.8548593e+03
   7.5200000e+01   1.9474932e+03   3.6678593e+03
   7.5300000e+01   1.5744932e+03   3.6138593e+03
   7.5400000e+01   1.9674932e+03   3.8738593e+03
   7.5500000e+01   1.2784932e+03   3.2178593e+03
   7.5600000e+01   1.5374932e+03   4.5828593e+03
   7.5700000e+01   1.6894932e+03   3.8688593e+03
   7.5800000e+01   1.6024932e+03   3.6468593e+03
   7.5900000e+01   1.4324932e+03   3.9848593e+03
   7.6000000e+01   1.2074932e+03   4.5718593e+03
   7.6100000e+01   1.2434932e+03   3.8188593e+03
   7.6200000e+01   1.5344932e+03   3.7388593e+03
   7.6300000e+01   1.6424932e+03   3.0318593e+03
   7.6400000e+01   9.7649320e+02   4.5478593e+03
   7.6500000e+01   9.3949320e+02   3.6738593e+03
   7.6600000e+01   1.0184932e+03   3.4538593e+03
   7.6700000e+01   8.4149320e+02   4.1738593e+03
   7.6800000e+01   8.2649320e+02   4.1768593e+03
   7.6900000e+01   6.7449320e+02   4.4808593e+03
   7.7000000e+01   7.4549320e+02   3.8518593e+03
   7.7100000e+01   1.5324932e+03   3.5738593e+03
   7.7200000e+01   1.5024932e+03   3.0448593e+03
   7.7300000e+01   1.5224932e+03   3.1028593e+03
   7.7400000e+01   1.4674932e+03   3.8698593e+03
   7.7500000e+01   2.1304932e+03   3.7278593e+03
   7.7600000e+01   1.3484932e+03   3.6278593e+03
   7.7700000e+01   1.4444932e+03   3.2828593e+03
   7.7800000e+01   1.9374932e+03   4.0228593e+03
   7.7900000e+01   1.5414932e+03   4.6488593e+03
   7.8000000e+01   1.2324932e+03   3.2438593e+03
   7.8100000e+01   1.8014932e+03   3.7608593e+03
   7.8200000e+01   1.2484932e+03   4.6398593e+03
   7.8300000e+01   8.9149320e+02   4.1438593e+03
   7.8400000e+01   9.2549320e+02   3.5328593e+03
   7.8500000e+01   1.2014932e+03   3.5158593e+03
   7.8600000e+01   1.5414932e+03   4.9138593e+03
   7.8700000e+01   1.6694932e+03   3.7568593e+03
   7.8800000e+01   1.3324932e+03   4.4218593e+03
   7.8900000e+01   1.0094932e+03   3.3698593e+03
   7.9000000e+01   1.0884932e+03   3.9788593e+03
   7.9100000e+01   2.6334932e+03   5.8658593e+03
   7.9200000e+01   1.7334932e+03   8.0418593e+03
   7.9300000e+01   2.1724932e+03   7.7608593e+03
   7.9400000e+01   2.1334932e+03   7.9078593e+03
   7.9500000e+01   1.6024932e+03   8.2138593e+03
   7.9600000e+01   2.4654932e+03   7.0148593e+03
   7.9700000e+01   2.4654932e+03   7.0148593e+03
   7.9800000e+01   1.8684932e+03   6.4968593e+03
   7.9900000e+01   2.8624932e+03   6.0898593e+03
   8.0000000e+01   1.7324932e+03   7.7898593e+03
   8.0100000e+01   1.3804932e+03   8.2298593e+03
   8.0200000e+01   2.8364932e+03   5.0208593e+03
   8.0300000e+01   3.2864932e+03   4.4668593e+03
   8.0400000e+01   3.9294932e+03   4.4958593e+03
   8.0500000e+01   4.3864932e+03   5.4288593e+03
   8.0600000e+01   4.2104932e+03   5.1818593e+03
   8.0700000e+01   3.5964932e+03   4.2568593e+03
   8.0800000e+01   4.1784932e+03   4.8868593e+03
   8.0900000e+01   4.1334932e+03   4.0068593e+03
   8.1000000e+01   4.4304932e+03   5.2128593e+03
   8.1100000e+01   5.1834932e+03   4.6418593e+03
   8.1200000e+01   4.5414932e+03   4.0258593e+03
   8.1300000e+01   2.7604932e+03   4.9798593e+03
   8.1400000e+01   1.9724932e+03   8.8808593e+03
   8.1500000e+01   1.7574932e+03   8.7478593e+03
   8.1600000e+01   1.7344932e+03   7.7098593e+03
   8.1700000e+01   1.1644932e+03   8.6118593e+03
   8.1800000e+01   1.8124932e+03   7.5588593e+03
   8.1900000e+01   1.8384932e+03   7.7018593e+03
   8.2000000e+01   2.4454932e+03   7.5208593e+03
   8.2100000e+01   2.9894932e+03   7.5118593e+03
   8.2200000e+01   2.4464932e+03   8.1958593e+03
   8.2300000e+01   1.9034932e+03   6.1598593e+03
   8.2400000e+01   2.6514932e+03   1.2668593e+03
   8.2500000e+01   2.2434932e+03   1.3238593e+03
   8.2600000e+01   2.6154932e+03   8.6985931e+02
   8.2700000e+01   3.2094932e+03   1.0228593e+03
   8.2800000e+01   2.8934932e+03   1.2508593e+03
   8.2900000e+01   2.3464932e+03   1.4798593e+03
   8.3000000e+01   2.2894932e+03   2.1958593e+03
   8.3100000e+01   2.1274932e+03   1.9608593e+03
   8.3200000e+01   3.0354932e+03   1.4458593e+03
   8.3300000e+01   3.8204932e+03   1.2878593e+03
   8.3400000e+01   3.6444932e+03   1.1778593e+03
   8.3500000e+01   2.8064932e+03   1.3228593e+03
   8.3600000e+01   3.0044932e+03   1.0658593e+03
   8.3700000e+01   2.1934932e+03   1.1428593e+03
   8.3800000e+01   2.3134932e+03   1.2148593e+03
   8.3900000e+01   3.3494932e+03   1.4648593e+03
   8.4000000e+01   2.3364932e+03   8.0385931e+02
   8.4100000e+01   3.0354932e+03   9.7985931e+02
   8.4200000e+01   2.7454932e+03   1.2038593e+03
   8.4300000e+01   3.0684932e+03   1.2108593e+03
   8.4400000e+01   2.6904932e+03   1.1958593e+03
   8.4500000e+01   2.6814932e+03   1.1618593e+03
   8.4600000e+01   2.6544932e+03   6.2185931e+02
   8.4700000e+01   3.8844932e+03   1.2858593e+03
   8.4800000e+01   2.0444932e+03   2.7878593e+03
   8.4900000e+01   4.4149320e+02   3.7318593e+03
   8.5000000e+01   1.2844932e+03   3.0008593e+03
   8.5100000e+01   8.4249320e+02   4.3968593e+03
   8.5200000e+01   4.9049320e+02   3.1318593e+03
   8.5300000e+01   1.1524932e+03   2.9098593e+03
   8.5400000e+01   5.3049320e+02   3.6538593e+03
   8.5500000e+01   7.1449320e+02   4.1238593e+03
   8.5600000e+01   7.7849320e+02   4.7398593e+03
   8.5700000e+01   8.8849320e+02   4.1008593e+03
   8.5800000e+01   7.0249320e+02   3.9428593e+03
   8.5900000e+01   1.0244932e+03   3.7818593e+03
   8.6000000e+01   6.5649320e+02   3.6978593e+03
   8.6100000e+01   8.3049320e+02   5.0788593e+03
   8.6200000e+01   1.4324932e+03   3.1758593e+03
   8.6300000e+01   1.3874932e+03   3.2728593e+03
   8.6400000e+01   1.1044932e+03   4.7248593e+03
   8.6500000e+01   7.6849320e+02   4.8848593e+03
   8.6600000e+01   9.6249320e+02   3.3328593e+03
   8.6700000e+01   1.1494932e+03   4.1598593e+03
   8.6800000e+01   1.3344932e+03   3.7698593e+03
   8.6900000e+01   8.2049320e+02   4.2338593e+03
   8.7000000e+01   7.8449320e+02   3.2938593e+03
   8.7100000e+01   7.5949320e+02   4.4868593e+03
   8.7200000e+01   1.1084932e+03   4.7068593e+03
   8.7300000e+01   5.1849320e+02   3.6038593e+03
   8.7400000e+01   8.5949320e+02   3.3188593e+03
   8.7500000e+01   3.5394932e+03   1.7728593e+03
   8.7600000e+01   3.4414932e+03   9.5085931e+02
   8.7700000e+01   3.5314932e+03   8.5485931e+02
   8.7800000e+01   4.0914932e+03   4.6385931e+02
   8.7900000e+01   4.2724932e+03   1.4148593e+03
   8.8000000e+01   2.5984932e+03   1.0168593e+03
   8.8100000e+01   4.5294932e+03   2.0408593e+03
   8.8200000e+01   1.9884932e+03   2.8438593e+03
   8.8300000e+01   1.4524932e+03   2.8228593e+03
   8.8400000e+01   1.3654932e+03   2.8268593e+03
   8.8500000e+01   9.9349320e+02   3.4058593e+03
   8.8600000e+01   8.5149320e+02   3.7248593e+03
   8.8700000e+01   1.4184932e+03   3.6998593e+03
   8.8800000e+01   2.1614932e+03   3.1148593e+03
   8.8900000e+01   2.3684932e+03   1.6928593e+03
   8.9000000e+01   2.9924932e+03   7.4385931e+02
   8.9100000e+01   2.3504932e+03   1.1748593e+03
   8.9200000e+01   3.0054932e+03   6.9385931e+02
   8.9300000e+01   2.9354932e+03   1.0938593e+03
   8.9400000e+01   1.3694932e+03   2.4688593e+03
   8.9500000e+01   8.4949320e+02   4.7458593e+03
   8.9600000e+01   6.3249320e+02   5.1148593e+03
   8.9700000e+01   1.2374932e+03   4.0838593e+03
   8.9800000e+01   6.4649320e+02   3.6718593e+03
   8.9900000e+01   7.1449320e+02   3.8768593e+03
   9.0000000e+01   5.2949320e+02   4.3108593e+03
   9.0100000e+01   8.2249320e+02   2.9708593e+03
   9.0200000e+01   8.1049320e+02   4.4538593e+03
   9.0300000e+01   8.1049320e+02   4.4538593e+03
   9.0400000e+01   4.9949320e+02   3.9768593e+03
   9.0500000e+01   1.6634932e+03   1.8178593e+03
   9.0600000e+01   2.8544932e+03   1.0018593e+03
   9.0700000e+01   2.7574932e+03   9.8185931e+02
   9.0800000e+01   3.5374932e+03   1.3048593e+03
   9.0900000e+01   4.3594932e+03   1.1848593e+03
   9.1000000e+01   3.4684932e+03   1.3748593e+03
   9.1100000e+01   3.3434932e+03   1.3238593e+03
   9.1200000e+01   2.6254932e+03   2.5418593e+03
   9.1300000e+01   8.8949320e+02   3.5378593e+03
   9.1400000e+01   9.7749320e+02   2.9998593e+03
   9.1500000e+01   1.2674932e+03   3.3588593e+03
   9.1600000e+01   1.2584932e+03   2.7998593e+03
   9.1700000e+01   1.2584932e+03   2.7998593e+03
   9.1800000e+01   7.8849320e+02   3.7338593e+03
   9.1900000e+01   9.5849320e+02   3.4368593e+03
   9.2000000e+01   9.1249320e+02   3.3728593e+03
   9.2100000e+01   9.6249320e+02   3.5998593e+03
   9.2200000e+01   7.2649320e+02   4.0138593e+03
   9.2300000e+01   2.4024932e+03   1.1178593e+03
   9.2400000e+01   2.6054932e+03   9.0085931e+02
   9.2500000e+01   2.3954932e+03   8.3785931e+02
   9.2600000e+01   4.7834932e+03   5.9985931e+02
   9.2700000e+01   4.8654932e+03   1.0118593e+03
   9.2800000e+01   2.9114932e+03   5.4385931e+02
   9.2900000e+01   2.4334932e+03   8.1685931e+02
   9.3000000e+01   3.1914932e+03   1.1298593e+03
   9.3100000e+01   2.4794932e+03   1.0538593e+03
   9.3200000e+01   3.4184932e+03   7.9585931e+02
   9.3300000e+01   1.9464932e+03   2.4908593e+03
   9.3400000e+01   9.7649320e+02   4.8498593e+03
   9.3500000e+01   8.1349320e+02   4.3258593e+03
   9.3600000e+01   7.8249320e+02   3.7998593e+03
   9.3700000e+01   1.2774932e+03   3.7918593e+03
   9.3800000e+01   6.8249320e+02   2.4008593e+03
   9.3900000e+01   9.7649320e+02   4.6928593e+03
   9.4000000e+01   6.4749320e+02   4.5788593e+03
   9.4100000e+01   5.9449320e+02   2.3638593e+03
   9.4200000e+01   5.5449320e+02   2.3668593e+03
   9.4300000e+01   7.4849320e+02   1.7538593e+03
   9.4400000e+01   6.3749320e+02   2.5598593e+03
   9.4500000e+01   5.9849320e+02   2.0458593e+03
   9.4600000e+01   5.8749320e+02   2.1728593e+03
   9.4700000e+01   4.8749320e+02   2.0658593e+03
   9.4800000e+01   2.0949320e+02   2.1148593e+03
   9.4900000e+01   7.3949320e+02   1.8128593e+03
   9.5000000e+01   9.5249320e+02   2.6898593e+03
   9.5100000e+01   8.1493201e+01   1.8208593e+03
   9.5200000e+01   2.4064932e+03   2.0948593e+03
   9.5300000e+01   2.5894932e+03   1.2098593e+03
   9.5400000e+01   3.1464932e+03   9.6685931e+02
   9.5500000e+01   4.2424932e+03   1.4658593e+03
   9.5600000e+01   2.2014932e+03   9.2485931e+02
   9.5700000e+01   3.3824932e+03   8.4085931e+02
   9.5800000e+01   2.9804932e+03   6.8785931e+02
   9.5900000e+01   3.9474932e+03   9.6285931e+02
   9.6000000e+01   2.9014932e+03   1.2268593e+03
   9.6100000e+01   2.8664932e+03   1.0898593e+03
   9.6200000e+01   3.0074932e+03   8.5285931e+02
   9.6300000e+01   2.3024932e+03   1.8168593e+03
   9.6400000e+01   4.0334932e+03   9.6785931e+02
   9.6500000e+01   6.8304932e+03   1.6508593e+03
   9.6600000e+01   4.5374932e+03   1.2718593e+03
   9.6700000e+01   5.6314932e+03   1.0148593e+03
   9.6800000e+01   4.6304932e+03   1.3938593e+03
   9.6900000e+01   2.9344932e+03   1.1188593e+03
   9.7000000e+01   3.1824932e+03   7.7585931e+02
   9.7100000e+01   3.1144932e+03   1.2448593e+03
   9.7200000e+01   2.4904932e+03   1.2428593e+03
   9.7300000e+01   3.6034932e+03   1.2588593e+03
   9.7400000e+01   4.6754932e+03   1.2368593e+03
   9.7500000e+01   3.1794932e+03   8.8685931e+02
   9.7600000e+01   3.8594932e+03   8.3485931e+02
   9.7700000e+01   3.2764932e+03   1.0958593e+03
   9.7800000e+01   2.6884932e+03   1.0008593e+03
   9.7900000e+01   3.8424932e+03   1.1128593e+03
   9.8000000e+01   2.3814932e+03   2.2718593e+03
   9.8100000e+01   2.3814932e+03   2.2718593e+03
   9.8200000e+01   2.7874932e+03   1.4358593e+03
   9.8300000e+01   2.8564932e+03   1.4878593e+03
   9.8400000e+01   2.8764932e+03   7.5685931e+02
   9.8500000e+01   3.5214932e+03   1.1228593e+03
   9.8600000e+01   2.7484932e+03   8.4485931e+02
   9.8700000e+01   2.0054932e+03   9.1585931e+02
   9.8800000e+01   4.3894932e+03   1.1688593e+03
   9.8900000e+01   3.5084932e+03   6.2185931e+02
   9.9000000e+01   3.5534932e+03   1.2578593e+03
   9.9100000e+01   4.2894932e+03   9.9785931e+02
   9.9200000e+01   8.5849320e+02   4.2078593e+03
   9.9300000e+01   6.6849320e+02   4.6228593e+03
   9.9400000e+01   9.2749320e+02   4.1748593e+03
   9.9500000e+01   1.0014932e+03   4.1378593e+03
   9.9600000e+01   6.8249320e+02   3.4348593e+03
   9.9700000e+01   2.0114932e+03   1.8208593e+03
   9.9800000e+01   2.3714932e+03   1.1188593e+03
   9.9900000e+01   2.9854932e+03   1.5718593e+03
   1.0000000e+02   2.8654932e+03   1.0398593e+03
   1.0010000e+02   3.9534932e+03   5.5285931e+02
   1.0020000e+02   4.5304932e+03   1.1388593e+03
   1.0030000e+02   3.6714932e+03   1.2408593e+03
   1.0040000e+02   1.7354932e+03   2.5778593e+03
   1.0050000e+02   9.7449320e+02   4.7588593e+03
   1.0060000e+02   1.1834932e+03   4.2468593e+03
   1.0070000e+02   9.0849320e+02   3.9508593e+03
   1.0080000e+02   8.8149320e+02   3.2728593e+03
   1.0090000e+02   1.6954932e+03   3.3478593e+03
   1.0100000e+02   2.9924932e+03   2.3638593e+03
   1.0110000e+02   2.6624932e+03   1.0598593e+03
   1.0120000e+02   9.3649320e+02   3.7298593e+03
   1.0130000e+02   9.8449320e+02   4.0688593e+03
   1.0140000e+02   1.0894932e+03   3.5338593e+03
   1.0150000e+02   1.2404932e+03   4.2228593e+03
   1.0160000e+02   1.1074932e+03   2.6808593e+03
   1.0170000e+02   1.4514932e+03   2.7768593e+03
   1.0180000e+02   1.4114932e+03   2.4138593e+03
   1.0190000e+02   3.4344932e+03   6.3885931e+02
   1.0200000e+02   4.4924932e+03   9.2785931e+02
   1.0210000e+02   2.7174932e+03   7.2385931e+02
   1.0220000e+02   3.5184932e+03   1.1708593e+03
   1.0230000e+02   4.5744932e+03   8.8685931e+02
   1.0240000e+02   4.6254932e+03   1.3828593e+03
   1.0250000e+02   3.1974932e+03   6.8285931e+02
   1.0260000e+02   3.3764932e+03   1.0898593e+03
   1.0270000e+02   4.5124932e+03   9.8985931e+02
   1.0280000e+02   3.4884932e+03   1.0998593e+03
   1.0290000e+02   4.4544932e+03   1.8058593e+03
   1.0300000e+02   4.6674932e+03   1.2208593e+03
   1.0310000e+02   1.2194932e+03   3.2108593e+03
   1.0320000e+02   1.8544932e+03   2.7828593e+03
   1.0330000e+02   1.8904932e+03   2.6038593e+03
   1.0340000e+02   1.9804932e+03   3.2938593e+03
   1.0350000e+02   1.5694932e+03   2.7288593e+03
   1.0360000e+02   1.6774932e+03   3.7228593e+03
   1.0370000e+02   1.7584932e+03   3.4658593e+03
   1.0380000e+02   1.5214932e+03   2.6938593e+03
   1.0390000e+02   1.5214932e+03   2.6938593e+03
   1.0400000e+02   1.4694932e+03   2.9558593e+03
   1.0410000e+02   2.1814932e+03   2.8078593e+03
   1.0420000e+02   4.5734932e+03   9.2185931e+02
   1.0430000e+02   4.5734932e+03   9.2185931e+02
   1.0440000e+02   3.6884932e+03   1.1978593e+03
   1.0450000e+02   2.6924932e+03   1.1018593e+03
   1.0460000e+02   3.5164932e+03   1.5038593e+03
   1.0470000e+02   4.0714932e+03   1.3678593e+03
   1.0480000e+02   3.7144932e+03   1.2058593e+03
   1.0490000e+02   3.5144932e+03   1.6118593e+03
   1.0500000e+02   4.0934932e+03   1.1878593e+03
   1.0510000e+02   3.5574932e+03   9.0085931e+02
   1.0520000e+02   1.7704932e+03   2.6658593e+03
   1.0530000e+02   8.3849320e+02   3.2068593e+03
   1.0540000e+02   6.1949320e+02   4.1918593e+03
   1.0550000e+02   1.0254932e+03   3.2518593e+03
   1.0560000e+02   1.0254932e+03   3.2518593e+03
   1.0570000e+02   1.4274932e+03   2.5748593e+03
   1.0580000e+02   1.3944932e+03   2.8868593e+03
   1.0590000e+02   1.6914932e+03   2.9238593e+03
   1.0600000e+02   9.1649320e+02   4.1918593e+03
   1.0610000e+02   9.0749320e+02   4.7988593e+03
   1.0620000e+02   4.1849320e+02   4.2178593e+03
   1.0630000e+02   7.1549320e+02   4.2698593e+03
   1.0640000e+02   8.2149320e+02   5.2618593e+03
   1.0650000e+02   3.2944932e+03   1.0098593e+03
   1.0660000e+02   2.8614932e+03   8.3485931e+02
   1.0670000e+02   3.2694932e+03   1.4288593e+03
   1.0680000e+02   4.9364932e+03   1.3838593e+03
   1.0690000e+02   4.9364932e+03   1.3838593e+03
   1.0700000e+02   3.1274932e+03   1.3478593e+03
   1.0710000e+02   3.3294932e+03   1.4558593e+03
   1.0720000e+02   2.9584932e+03   1.0598593e+03
   1.0730000e+02   3.5904932e+03   1.0168593e+03
   1.0740000e+02   2.9094932e+03   5.4585931e+02
   1.0750000e+02   2.5044932e+03   1.0028593e+03
   1.0760000e+02   2.7174932e+03   1.0708593e+03
   1.0770000e+02   3.0524932e+03   7.5585931e+02
   1.0780000e+02   2.7444932e+03   1.5578593e+03
   1.0790000e+02   3.9654932e+03   1.0278593e+03
   1.0800000e+02   4.4914932e+03   1.3618593e+03
   1.0810000e+02   5.4924932e+03   1.2868593e+03
   1.0820000e+02   1.9474932e+03   2.8598593e+03
   1.0830000e+02   1.9444932e+03   3.7908593e+03
   1.0840000e+02   1.8534932e+03   4.0958593e+03
   1.0850000e+02   1.8534932e+03   4.0958593e+03
   1.0860000e+02   1.1754932e+03   3.1518593e+03
   1.0870000e+02   1.2424932e+03   2.3238593e+03
   1.0880000e+02   2.4264932e+03   2.2058593e+03
   1.0890000e+02   1.3954932e+03   1.2148593e+03
   1.0900000e+02   1.7864932e+03   3.2908593e+03
   1.0910000e+02   2.0184932e+03   3.9338593e+03
   1.0920000e+02   3.2664932e+03   1.2098593e+03
   1.0930000e+02   3.0024932e+03   9.1385931e+02
   1.0940000e+02   2.8494932e+03   6.9085931e+02
   1.0950000e+02   3.1204932e+03   1.0298593e+03
   1.0960000e+02   3.6464932e+03   1.0208593e+03
   1.0970000e+02   2.9954932e+03   1.0678593e+03
   1.0980000e+02   1.6764932e+03   3.4528593e+03
   1.0990000e+02   8.6649320e+02   3.5448593e+03
   1.1000000e+02   8.6649320e+02   3.5448593e+03
   1.1010000e+02   1.1634932e+03   2.6808593e+03
   1.1020000e+02   1.2864932e+03   3.5818593e+03
   1.1030000e+02   1.2864932e+03   3.5818593e+03
   1.1040000e+02   1.3174932e+03   2.7848593e+03
   1.1050000e+02   1.0064932e+03   2.8508593e+03
   1.1060000e+02   1.2994932e+03   3.8518593e+03
   1.1070000e+02   9.0249320e+02   4.1928593e+03
   1.1080000e+02   6.8449320e+02   4.2198593e+03
   1.1090000e+02   1.3924932e+03   3.8948593e+03
   1.1100000e+02   1.1284932e+03   4.6898593e+03
   1.1110000e+02   1.3744932e+03   3.1888593e+03
   1.1120000e+02   1.3324932e+03   4.0118593e+03
   1.1130000e+02   1.3324932e+03   4.0118593e+03
   1.1140000e+02   8.2749320e+02   2.5358593e+03
   1.1150000e+02   3.5149320e+02   2.3808593e+03
   1.1160000e+02   1.1024932e+03   2.5838593e+03
   1.1170000e+02   9.6649320e+02   4.0748593e+03
   1.1180000e+02   3.3964932e+03   1.0458593e+03
   1.1190000e+02   3.8304932e+03   9.7785931e+02
   1.1200000e+02   3.1664932e+03   6.8385931e+02
   1.1210000e+02   2.0174932e+03   1.0158593e+03
   1.1220000e+02   3.0904932e+03   1.1878593e+03
   1.1230000e+02   4.6164932e+03   1.5848593e+03
   1.1240000e+02   3.9144932e+03   9.0885931e+02
   1.1250000e+02   3.6984932e+03   1.1378593e+03
   1.1260000e+02   4.0924932e+03   9.0885931e+02
   1.1270000e+02   3.2684932e+03   1.0068593e+03
   1.1280000e+02   3.5434932e+03   6.6385931e+02
   1.1290000e+02   3.9794932e+03   6.7685931e+02
   1.1300000e+02   3.5394932e+03   9.3685931e+02
   1.1310000e+02   4.3674932e+03   1.0968593e+03
   1.1320000e+02   3.8224932e+03   7.2285931e+02
   1.1330000e+02   3.4384932e+03   1.1508593e+03
   1.1340000e+02   3.8414932e+03   1.5608593e+03
   1.1350000e+02   2.4604932e+03   1.0148593e+03
   1.1360000e+02   3.1094932e+03   8.0885931e+02
   1.1370000e+02   2.0564932e+03   7.2285931e+02
   1.1380000e+02   4.4574932e+03   1.6928593e+03
   1.1390000e+02   3.2394932e+03   1.6398593e+03
   1.1400000e+02   3.5514932e+03   1.2778593e+03
   1.1410000e+02   2.5294932e+03   1.6498593e+03
   1.1420000e+02   2.8674932e+03   1.7678593e+03
   1.1430000e+02   2.0564932e+03   3.0408593e+03
   1.1440000e+02   1.1474932e+03   4.2528593e+03
   1.1450000e+02   1.0314932e+03   4.7798593e+03
   1.1460000e+02   3.9949320e+02   2.5058593e+03
   1.1470000e+02   1.2834932e+03   4.4718593e+03
   1.1480000e+02   8.2449320e+02   5.0248593e+03
   1.1490000e+02   1.1604932e+03   3.6028593e+03
   1.1500000e+02   1.1604932e+03   3.6028593e+03
   1.1510000e+02   1.5154932e+03   4.9048593e+03
   1.1520000e+02   1.0984932e+03   4.4618593e+03
   1.1530000e+02   1.4604932e+03   2.3798593e+03
   1.1540000e+02   1.4814932e+03   2.6298593e+03
   1.1550000e+02   1.6684932e+03   2.6118593e+03
   1.1560000e+02   1.4034932e+03   2.2668593e+03
   1.1570000e+02   2.3324932e+03   3.0938593e+03
   1.1580000e+02   1.7284932e+03   2.4598593e+03
   1.1590000e+02   1.2904932e+03   3.2428593e+03
   1.1600000e+02   1.2904932e+03   3.2428593e+03
   1.1610000e+02   9.1349320e+02   2.2108593e+03
   1.1620000e+02   9.1349320e+02   2.2108593e+03
   1.1630000e+02   6.8249320e+02   2.0068593e+03
   1.1640000e+02   3.9449320e+02   2.2938593e+03
   1.1650000e+02   8.6649320e+02   2.0048593e+03
