   1.1200000e+01   3.7302880e+03   1.0573696e+03
   1.1300000e+01   3.2232880e+03   9.4636957e+02
   1.1400000e+01   4.5232880e+03   8.9636957e+02
   1.1500000e+01   5.4302880e+03   1.3533696e+03
   1.1600000e+01   4.2852880e+03   7.5436957e+02
   1.1700000e+01   4.2182880e+03   1.0833696e+03
   1.1800000e+01   5.5632880e+03   1.2223696e+03
   1.1900000e+01   4.8012880e+03   1.3463696e+03
   1.2000000e+01   4.9422880e+03   1.4533696e+03
   1.2100000e+01   3.6162880e+03   1.3053696e+03
   1.2200000e+01   3.3042880e+03   1.9053696e+03
   1.2300000e+01   4.1612880e+03   1.8183696e+03
   1.2400000e+01   3.3472880e+03   1.4303696e+03
   1.2500000e+01   3.9602880e+03   1.5273696e+03
   1.2600000e+01   4.1152880e+03   1.4113696e+03
   1.2700000e+01   3.8582880e+03   7.1336957e+02
   1.2800000e+01   3.3282880e+03   7.0336957e+02
   1.2900000e+01   4.9142880e+03   6.2736957e+02
   1.3000000e+01   4.4582880e+03   9.2036957e+02
   1.3100000e+01   3.7902880e+03   8.1436957e+02
   1.3200000e+01   9.6628804e+02   4.6436957e+02
   1.3300000e+01   1.2052880e+03   4.4436957e+02
   1.3400000e+01   1.3852880e+03   5.5536957e+02
   1.3500000e+01   3.8622880e+03   8.6736957e+02
   1.3600000e+01   5.9392880e+03   1.3233696e+03
   1.3700000e+01   4.4682880e+03   1.2943696e+03
   1.3800000e+01   5.5072880e+03   1.0413696e+03
   1.3900000e+01   6.0982880e+03   1.4683696e+03
   1.4000000e+01   4.9572880e+03   1.1163696e+03
   1.4100000e+01   4.1202880e+03   7.6636957e+02
   1.4200000e+01   4.6372880e+03   1.0843696e+03
   1.4300000e+01   3.3172880e+03   7.1036957e+02
   1.4400000e+01   4.9672880e+03   7.2236957e+02
   1.4500000e+01   7.2202880e+03   1.3213696e+03
   1.4600000e+01   6.5672880e+03   1.3683696e+03
   1.4700000e+01   4.6702880e+03   1.3173696e+03
   1.4800000e+01   3.9502880e+03   1.1173696e+03
   1.4900000e+01   4.3632880e+03   1.5703696e+03
   1.5000000e+01   2.4122880e+03   4.2663696e+03
   1.5100000e+01   2.4122880e+03   4.2663696e+03
   1.5200000e+01   1.7302880e+03   5.5803696e+03
   1.5300000e+01   1.1432880e+03   5.2113696e+03
   1.5400000e+01   1.6822880e+03   4.2563696e+03
   1.5500000e+01   3.7392880e+03   1.2893696e+03
   1.5600000e+01   3.7392880e+03   1.2893696e+03
   1.5700000e+01   2.7592880e+03   1.5983696e+03
   1.5800000e+01   3.4742880e+03   1.5543696e+03
   1.5900000e+01   3.7772880e+03   9.5636957e+02
   1.6000000e+01   2.8132880e+03   8.2736957e+02
   1.6100000e+01   3.6742880e+03   1.2793696e+03
   1.6200000e+01   4.1632880e+03   1.3583696e+03
   1.6300000e+01   6.2362880e+03   2.1173696e+03
   1.6400000e+01   4.0422880e+03   1.1263696e+03
   1.6500000e+01   4.3842880e+03   1.2993696e+03
   1.6600000e+01   3.2662880e+03   7.5836957e+02
   1.6700000e+01   2.8002880e+03   2.3603696e+03
   1.6800000e+01   3.5762880e+03   6.3236957e+02
   1.6900000e+01   4.0632880e+03   1.1593696e+03
   1.7000000e+01   5.3032880e+03   9.4936957e+02
   1.7100000e+01   4.3942880e+03   1.0143696e+03
   1.7200000e+01   4.0452880e+03   1.2313696e+03
   1.7300000e+01   3.3042880e+03   7.9236957e+02
   1.7400000e+01   4.6902880e+03   9.0536957e+02
   1.7500000e+01   3.8962880e+03   7.8736957e+02
   1.7600000e+01   5.1012880e+03   1.0773696e+03
   1.7700000e+01   4.6252880e+03   1.0223696e+03
   1.7800000e+01   4.3592880e+03   4.2636957e+02
   1.7900000e+01   4.1362880e+03   1.1623696e+03
   1.8000000e+01   4.4162880e+03   5.8836957e+02
   1.8100000e+01   6.2762880e+03   1.0023696e+03
   1.8200000e+01   5.3512880e+03   1.2553696e+03
   1.8300000e+01   6.3922880e+03   1.3493696e+03
   1.8400000e+01   4.9522880e+03   1.2913696e+03
   1.8500000e+01   4.2442880e+03   7.9136957e+02
   1.8600000e+01   3.1632880e+03   4.1336957e+02
   1.8700000e+01   4.4402880e+03   5.3936957e+02
   1.8800000e+01   3.9332880e+03   6.4736957e+02
   1.8900000e+01   3.1622880e+03   8.4036957e+02
   1.9000000e+01   3.4852880e+03   9.5736957e+02
   1.9100000e+01   4.3262880e+03   6.6036957e+02
   1.9200000e+01   5.2872880e+03   1.4003696e+03
   1.9300000e+01   3.1522880e+03   8.0236957e+02
   1.9400000e+01   3.9852880e+03   8.6736957e+02
   1.9500000e+01   4.5482880e+03   4.9436957e+02
   1.9600000e+01   5.7852880e+03   1.0623696e+03
   1.9700000e+01   3.9242880e+03   8.5036957e+02
   1.9800000e+01   6.3012880e+03   1.0923696e+03
   1.9900000e+01   4.5902880e+03   1.1473696e+03
   2.0000000e+01   4.3672880e+03   7.1736957e+02
   2.0100000e+01   3.5252880e+03   6.9036957e+02
   2.0200000e+01   3.6422880e+03   8.5736957e+02
   2.0300000e+01   3.5702880e+03   5.8636957e+02
   2.0400000e+01   3.4892880e+03   1.1853696e+03
   2.0500000e+01   3.8862880e+03   1.1923696e+03
   2.0600000e+01   3.9442880e+03   7.8836957e+02
   2.0700000e+01   3.3982880e+03   6.3636957e+02
   2.0800000e+01   3.7252880e+03   8.0436957e+02
   2.0900000e+01   5.4172880e+03   1.3323696e+03
   2.1000000e+01   5.4172880e+03   1.3323696e+03
   2.1100000e+01   4.1332880e+03   8.8936957e+02
   2.1200000e+01   3.7612880e+03   3.4836957e+02
   2.1300000e+01   6.7102880e+03   1.7023696e+03
   2.1400000e+01   4.6992880e+03   5.8236957e+02
   2.1500000e+01   5.0902880e+03   7.4936957e+02
   2.1600000e+01   3.9352880e+03   1.4643696e+03
   2.1700000e+01   3.1622880e+03   9.2536957e+02
   2.1800000e+01   3.6102880e+03   8.2436957e+02
   2.1900000e+01   4.4492880e+03   1.0833696e+03
   2.2000000e+01   3.5132880e+03   4.1836957e+02
   2.2100000e+01   4.8642880e+03   9.5336957e+02
   2.2200000e+01   5.0442880e+03   6.4636957e+02
   2.2300000e+01   4.0692880e+03   6.2536957e+02
   2.2400000e+01   4.3902880e+03   5.2136957e+02
   2.2500000e+01   4.3562880e+03   6.7236957e+02
   2.2600000e+01   3.2322880e+03   6.2436957e+02
   2.2700000e+01   3.4582880e+03   6.6636957e+02
   2.2800000e+01   4.0322880e+03   8.3836957e+02
   2.2900000e+01   4.3372880e+03   6.6036957e+02
   2.3000000e+01   3.4772880e+03   1.0813696e+03
   2.3100000e+01   3.7832880e+03   7.2336957e+02
   2.3200000e+01   3.5922880e+03   7.8336957e+02
   2.3300000e+01   4.5702880e+03   6.8236957e+02
   2.3400000e+01   3.5572880e+03   8.4136957e+02
   2.3500000e+01   3.7972880e+03   4.6736957e+02
