   1.0700000e+01   4.4395606e+03   1.0553718e+03
   1.0800000e+01   5.1385606e+03   1.1743718e+03
   1.0900000e+01   4.8565606e+03   2.1943718e+03
   1.1000000e+01   5.5255606e+03   1.5373718e+03
   1.1100000e+01   5.0825606e+03   1.0523718e+03
   1.1200000e+01   5.5945606e+03   1.4603718e+03
   1.1300000e+01   4.9865606e+03   1.6623718e+03
   1.1400000e+01   4.8705606e+03   1.5793718e+03
   1.1500000e+01   5.2845606e+03   1.0593718e+03
   1.1600000e+01   4.7945606e+03   9.7337179e+02
   1.1700000e+01   3.9695606e+03   4.6263718e+03
   1.1800000e+01   3.5115606e+03   4.7193718e+03
   1.1900000e+01   3.2655606e+03   4.8923718e+03
   1.2000000e+01   5.3515606e+03   1.0613718e+03
   1.2100000e+01   5.5265606e+03   1.1593718e+03
   1.2200000e+01   4.4325606e+03   1.5123718e+03
   1.2300000e+01   5.6415606e+03   2.0003718e+03
   1.2400000e+01   6.5455606e+03   1.6703718e+03
   1.2500000e+01   4.5535606e+03   9.3237179e+02
   1.2600000e+01   4.8225606e+03   1.7773718e+03
   1.2700000e+01   3.7475606e+03   4.6143718e+03
   1.2800000e+01   3.7575606e+03   4.5983718e+03
   1.2900000e+01   4.6225606e+03   2.4923718e+03
   1.3000000e+01   4.4905606e+03   1.3303718e+03
   1.3100000e+01   4.7065606e+03   1.4243718e+03
   1.3200000e+01   5.2245606e+03   1.1513718e+03
   1.3300000e+01   5.6605606e+03   1.1863718e+03
   1.3400000e+01   5.3965606e+03   1.6743718e+03
   1.3500000e+01   5.1695606e+03   1.5993718e+03
   1.3600000e+01   6.0505606e+03   1.4643718e+03
   1.3700000e+01   5.7855606e+03   1.3973718e+03
   1.3800000e+01   5.6695606e+03   1.4933718e+03
   1.3900000e+01   6.1135606e+03   1.5693718e+03
   1.4000000e+01   4.5135606e+03   1.0713718e+03
   1.4100000e+01   4.9775606e+03   1.6763718e+03
   1.4200000e+01   2.7635606e+03   4.9743718e+03
   1.4300000e+01   3.0155606e+03   3.5033718e+03
   1.4400000e+01   2.5775606e+03   4.7613718e+03
   1.4500000e+01   3.2075606e+03   5.0103718e+03
   1.4600000e+01   3.6475606e+03   3.4863718e+03
   1.4700000e+01   6.1495606e+03   1.4723718e+03
   1.4800000e+01   7.4035606e+03   1.2563718e+03
   1.4900000e+01   6.0645606e+03   9.6937179e+02
   1.5000000e+01   4.6045606e+03   1.1313718e+03
   1.5100000e+01   4.6045606e+03   1.1313718e+03
   1.5200000e+01   2.4165606e+03   3.7673718e+03
   1.5300000e+01   1.8745606e+03   5.0443718e+03
   1.5400000e+01   2.6605606e+03   5.6663718e+03
   1.5500000e+01   2.3915606e+03   4.0483718e+03
   1.5600000e+01   2.3915606e+03   4.0483718e+03
   1.5700000e+01   5.6975606e+03   1.2983718e+03
   1.5800000e+01   4.1805606e+03   2.6533718e+03
   1.5900000e+01   3.9755606e+03   1.2133718e+03
   1.6000000e+01   4.8155606e+03   9.8937179e+02
   1.6100000e+01   3.9085606e+03   7.9637179e+02
   1.6200000e+01   6.6405606e+03   1.6783718e+03
   1.6300000e+01   5.2805606e+03   1.1653718e+03
   1.6400000e+01   5.2475606e+03   8.8137179e+02
   1.6500000e+01   4.8195606e+03   1.1473718e+03
   1.6600000e+01   2.6155606e+03   4.2033718e+03
   1.6700000e+01   2.3685606e+03   4.0793718e+03
   1.6800000e+01   2.0435606e+03   4.4833718e+03
   1.6900000e+01   2.2815606e+03   4.3153718e+03
   1.7000000e+01   2.2915606e+03   3.7283718e+03
   1.7100000e+01   2.0695606e+03   4.7083718e+03
   1.7200000e+01   1.6235606e+03   4.2293718e+03
   1.7300000e+01   1.7085606e+03   4.7883718e+03
   1.7400000e+01   2.1395606e+03   6.0123718e+03
   1.7500000e+01   2.0005606e+03   3.8723718e+03
   1.7600000e+01   1.9065606e+03   4.2153718e+03
   1.7700000e+01   1.6925606e+03   6.3643718e+03
   1.7800000e+01   1.7705606e+03   5.6643718e+03
   1.7900000e+01   2.0365606e+03   4.8683718e+03
   1.8000000e+01   2.0945606e+03   4.0833718e+03
   1.8100000e+01   2.1195606e+03   3.6803718e+03
   1.8200000e+01   1.7145606e+03   4.3973718e+03
   1.8300000e+01   1.6575606e+03   5.1183718e+03
   1.8400000e+01   2.0185606e+03   4.8153718e+03
   1.8500000e+01   1.8895606e+03   4.5833718e+03
   1.8600000e+01   2.3875606e+03   5.3353718e+03
   1.8700000e+01   2.7985606e+03   5.2623718e+03
   1.8800000e+01   3.0945606e+03   5.1523718e+03
   1.8900000e+01   3.0165606e+03   4.3693718e+03
   1.9000000e+01   2.4135606e+03   5.0093718e+03
   1.9100000e+01   4.5145606e+03   2.7863718e+03
   1.9200000e+01   4.1275606e+03   1.0753718e+03
   1.9300000e+01   4.4805606e+03   1.0013718e+03
   1.9400000e+01   4.0995606e+03   1.4973718e+03
   1.9500000e+01   3.1055606e+03   8.8837179e+02
   1.9600000e+01   2.6595606e+03   6.0237179e+02
   1.9700000e+01   5.3465606e+03   1.5793718e+03
   1.9800000e+01   4.9225606e+03   1.1033718e+03
   1.9900000e+01   4.5375606e+03   1.9783718e+03
   2.0000000e+01   5.3095606e+03   1.5923718e+03
   2.0100000e+01   6.8665606e+03   1.6903718e+03
   2.0200000e+01   5.7955606e+03   1.4323718e+03
   2.0300000e+01   3.8745606e+03   1.3983718e+03
   2.0400000e+01   4.3225606e+03   1.2803718e+03
   2.0500000e+01   4.9415606e+03   2.4303718e+03
   2.0600000e+01   2.3555606e+03   3.8753718e+03
   2.0700000e+01   3.3685606e+03   2.8213718e+03
   2.0800000e+01   2.4665606e+03   3.4003718e+03
   2.0900000e+01   2.9505606e+03   3.7193718e+03
   2.1000000e+01   2.9505606e+03   3.7193718e+03
   2.1100000e+01   2.9765606e+03   3.5713718e+03
   2.1200000e+01   1.6905606e+03   5.5483718e+03
   2.1300000e+01   2.0645606e+03   5.6603718e+03
   2.1400000e+01   2.9355606e+03   4.7263718e+03
   2.1500000e+01   2.1165606e+03   5.9493718e+03
   2.1600000e+01   1.9425606e+03   5.7723718e+03
   2.1700000e+01   2.4865606e+03   5.2293718e+03
   2.1800000e+01   2.0085606e+03   6.1203718e+03
   2.1900000e+01   2.2355606e+03   5.5863718e+03
   2.2000000e+01   2.1635606e+03   5.4023718e+03
   2.2100000e+01   2.9845606e+03   3.9053718e+03
   2.2200000e+01   2.4325606e+03   3.8543718e+03
   2.2300000e+01   2.8365606e+03   2.9703718e+03
   2.2400000e+01   2.4965606e+03   3.3053718e+03
   2.2500000e+01   2.7055606e+03   3.2223718e+03
   2.2600000e+01   2.0395606e+03   4.2343718e+03
   2.2700000e+01   2.5335606e+03   5.8603718e+03
   2.2800000e+01   2.1655606e+03   3.7023718e+03
   2.2900000e+01   2.5765606e+03   4.3733718e+03
   2.3000000e+01   2.0535606e+03   6.0953718e+03
   2.3100000e+01   1.9595606e+03   5.5143718e+03
   2.3200000e+01   3.0995606e+03   4.4103718e+03
   2.3300000e+01   3.4975606e+03   1.2123718e+03
   2.3400000e+01   2.5215606e+03   1.2833718e+03
   2.3500000e+01   6.7356061e+02   4.1983718e+03
   2.3600000e+01   8.3656061e+02   4.8653718e+03
   2.3700000e+01   3.0525606e+03   1.2343718e+03
   2.3800000e+01   3.5135606e+03   1.2103718e+03
   2.3900000e+01   3.3005606e+03   1.1603718e+03
   2.4000000e+01   5.4415606e+03   1.7363718e+03
   2.4100000e+01   4.3225606e+03   1.1923718e+03
   2.4200000e+01   3.0055606e+03   1.3603718e+03
   2.4300000e+01   3.2095606e+03   9.4137179e+02
   2.4400000e+01   4.0225606e+03   1.1603718e+03
   2.4500000e+01   3.3475606e+03   1.1533718e+03
   2.4600000e+01   3.1495606e+03   1.1643718e+03
   2.4700000e+01   5.1465606e+03   1.1833718e+03
   2.4800000e+01   3.3085606e+03   1.2263718e+03
   2.4900000e+01   4.1125606e+03   7.3437179e+02
   2.5000000e+01   5.1085606e+03   9.9337179e+02
   2.5100000e+01   3.4105606e+03   2.2663718e+03
   2.5200000e+01   2.8695606e+03   3.1403718e+03
   2.5300000e+01   2.9885606e+03   9.0937179e+02
   2.5400000e+01   5.3435606e+03   1.2983718e+03
   2.5500000e+01   5.0865606e+03   1.7363718e+03
   2.5600000e+01   5.5605606e+03   1.5923718e+03
   2.5700000e+01   4.1885606e+03   1.1763718e+03
   2.5800000e+01   5.0045606e+03   1.0243718e+03
   2.5900000e+01   3.4675606e+03   1.1123718e+03
   2.6000000e+01   3.3315606e+03   1.2053718e+03
   2.6100000e+01   3.8565606e+03   1.5483718e+03
   2.6200000e+01   3.1475606e+03   1.4063718e+03
   2.6300000e+01   3.4055606e+03   1.4723718e+03
   2.6400000e+01   3.8125606e+03   1.2043718e+03
   2.6500000e+01   3.5455606e+03   1.2243718e+03
   2.6600000e+01   3.2935606e+03   1.1503718e+03
   2.6700000e+01   4.5645606e+03   1.1983718e+03
   2.6800000e+01   3.8825606e+03   1.5053718e+03
   2.6900000e+01   3.8825606e+03   1.5053718e+03
   2.7000000e+01   5.0375606e+03   1.0433718e+03
   2.7100000e+01   5.3125606e+03   9.0337179e+02
   2.7200000e+01   6.1885606e+03   1.4833718e+03
   2.7300000e+01   2.8275606e+03   9.1537179e+02
   2.7400000e+01   3.3185606e+03   1.3933718e+03
   2.7500000e+01   3.3345606e+03   1.0683718e+03
   2.7600000e+01   3.1145606e+03   1.2013718e+03
   2.7700000e+01   3.6995606e+03   3.3033718e+03
   2.7800000e+01   2.3235606e+03   1.1663718e+03
   2.7900000e+01   2.3235606e+03   1.1663718e+03
   2.8000000e+01   1.2165606e+03   4.6423718e+03
   2.8100000e+01   1.3745606e+03   4.7073718e+03
   2.8200000e+01   1.4595606e+03   2.8363718e+03
   2.8300000e+01   1.7945606e+03   3.0963718e+03
   2.8400000e+01   2.3555606e+03   3.0793718e+03
   2.8500000e+01   1.7285606e+03   2.9543718e+03
   2.8600000e+01   1.3375606e+03   3.0433718e+03
   2.8700000e+01   1.6765606e+03   2.8803718e+03
   2.8800000e+01   1.6925606e+03   3.7033718e+03
   2.8900000e+01   1.1855606e+03   4.0113718e+03
   2.9000000e+01   7.7956061e+02   5.5463718e+03
   2.9100000e+01   1.5285606e+03   3.5283718e+03
   2.9200000e+01   1.4255606e+03   3.2983718e+03
   2.9300000e+01   1.0265606e+03   5.4223718e+03
   2.9400000e+01   9.9956061e+02   5.0133718e+03
   2.9500000e+01   5.8756061e+02   6.0133718e+03
   2.9600000e+01   5.5956061e+02   5.7413718e+03
   2.9700000e+01   1.2715606e+03   3.5823718e+03
   2.9800000e+01   1.0325606e+03   4.8293718e+03
   2.9900000e+01   7.5456061e+02   5.5593718e+03
   3.0000000e+01   7.5456061e+02   5.0803718e+03
   3.0100000e+01   2.7465606e+03   1.5473718e+03
   3.0200000e+01   2.3055606e+03   6.7237179e+02
   3.0300000e+01   3.2415606e+03   1.2143718e+03
   3.0400000e+01   3.6885606e+03   1.2603718e+03
   3.0500000e+01   3.2065606e+03   1.1113718e+03
   3.0600000e+01   2.7495606e+03   1.0463718e+03
   3.0700000e+01   4.3225606e+03   6.3037179e+02
   3.0800000e+01   3.6825606e+03   1.5563718e+03
   3.0900000e+01   3.4955606e+03   1.2053718e+03
   3.1000000e+01   2.8495606e+03   1.1993718e+03
   3.1100000e+01   3.6995606e+03   1.8503718e+03
   3.1200000e+01   5.4035606e+03   1.5133718e+03
   3.1300000e+01   3.7055606e+03   1.4653718e+03
   3.1400000e+01   3.6855606e+03   1.2023718e+03
   3.1500000e+01   3.5055606e+03   8.9837179e+02
   3.1600000e+01   4.2425606e+03   1.2843718e+03
   3.1700000e+01   4.8585606e+03   1.9193718e+03
   3.1800000e+01   2.9475606e+03   1.0493718e+03
   3.1900000e+01   3.5295606e+03   5.6437179e+02
   3.2000000e+01   2.8525606e+03   1.0743718e+03
   3.2100000e+01   2.8995606e+03   1.2233718e+03
   3.2200000e+01   3.8035606e+03   1.3253718e+03
   3.2300000e+01   3.3255606e+03   1.1203718e+03
   3.2400000e+01   3.9045606e+03   1.5653718e+03
   3.2500000e+01   3.1395606e+03   1.4333718e+03
   3.2600000e+01   4.8525606e+03   8.5537179e+02
   3.2700000e+01   3.4205606e+03   1.1163718e+03
   3.2800000e+01   3.1725606e+03   1.0653718e+03
   3.2900000e+01   3.4105606e+03   1.0603718e+03
   3.3000000e+01   6.7605606e+03   1.9453718e+03
   3.3100000e+01   3.5395606e+03   1.4473718e+03
   3.3200000e+01   3.9325606e+03   1.0333718e+03
   3.3300000e+01   4.6795606e+03   1.5983718e+03
   3.3400000e+01   3.3315606e+03   1.3053718e+03
   3.3500000e+01   2.9915606e+03   2.0333718e+03
   3.3600000e+01   1.0495606e+03   4.2493718e+03
   3.3700000e+01   2.5895606e+03   3.9563718e+03
   3.3800000e+01   3.0835606e+03   1.7843718e+03
   3.3900000e+01   3.0835606e+03   1.7843718e+03
   3.4000000e+01   4.0875606e+03   1.3603718e+03
   3.4100000e+01   4.4985606e+03   1.5043718e+03
   3.4200000e+01   2.2345606e+03   3.4943718e+03
   3.4300000e+01   9.4056061e+02   5.4373718e+03
   3.4400000e+01   8.4056061e+02   5.1313718e+03
   3.4500000e+01   1.2955606e+03   6.2043718e+03
   3.4600000e+01   9.2256061e+02   5.8463718e+03
   3.4700000e+01   1.2325606e+03   6.2373718e+03
   3.4800000e+01   9.0956061e+02   5.9553718e+03
   3.4900000e+01   1.6065606e+03   4.3663718e+03
   3.5000000e+01   1.4885606e+03   3.2773718e+03
   3.5100000e+01   1.0135606e+03   5.4223718e+03
   3.5200000e+01   1.3935606e+03   5.6093718e+03
   3.5300000e+01   1.2365606e+03   3.9763718e+03
   3.5400000e+01   1.4225606e+03   2.8723718e+03
   3.5500000e+01   1.5115606e+03   4.1563718e+03
   3.5600000e+01   8.2756061e+02   6.1393718e+03
   3.5700000e+01   8.0756061e+02   4.8463718e+03
   3.5800000e+01   1.0915606e+03   4.2443718e+03
   3.5900000e+01   8.2856061e+02   6.0803718e+03
   3.6000000e+01   9.0356061e+02   5.4733718e+03
   3.6100000e+01   1.0065606e+03   5.4783718e+03
   3.6200000e+01   1.0975606e+03   5.1233718e+03
   3.6300000e+01   9.8356061e+02   6.3723718e+03
   3.6400000e+01   9.6756061e+02   4.8383718e+03
   3.6500000e+01   9.9556061e+02   5.3663718e+03
   3.6600000e+01   9.2256061e+02   5.1383718e+03
   3.6700000e+01   1.3085606e+03   4.7123718e+03
   3.6800000e+01   1.3275606e+03   3.9893718e+03
   3.6900000e+01   2.0665606e+03   4.5013718e+03
   3.7000000e+01   2.2765606e+03   4.7363718e+03
   3.7100000e+01   2.2235606e+03   2.7893718e+03
   3.7200000e+01   1.8535606e+03   3.6633718e+03
   3.7300000e+01   1.9225606e+03   3.5463718e+03
   3.7400000e+01   8.3456061e+02   5.2233718e+03
   3.7500000e+01   8.3456061e+02   5.2233718e+03
   3.7600000e+01   8.1256061e+02   6.3693718e+03
   3.7700000e+01   1.4055606e+03   4.6773718e+03
   3.7800000e+01   3.8475606e+03   1.0423718e+03
   3.7900000e+01   4.0295606e+03   1.0213718e+03
   3.8000000e+01   4.0065606e+03   1.0203718e+03
   3.8100000e+01   3.5625606e+03   1.1603718e+03
   3.8200000e+01   4.8245606e+03   1.2043718e+03
   3.8300000e+01   3.7825606e+03   1.1003718e+03
   3.8400000e+01   5.3815606e+03   1.0113718e+03
   3.8500000e+01   3.2085606e+03   1.2583718e+03
   3.8600000e+01   3.2085606e+03   1.2583718e+03
   3.8700000e+01   3.3275606e+03   6.9437179e+02
   3.8800000e+01   3.2275606e+03   6.5737179e+02
   3.8900000e+01   5.0175606e+03   8.2937179e+02
   3.9000000e+01   3.8285606e+03   1.5793718e+03
   3.9100000e+01   4.8925606e+03   1.3843718e+03
   3.9200000e+01   5.6665606e+03   2.4993718e+03
   3.9300000e+01   3.8385606e+03   9.5137179e+02
   3.9400000e+01   4.5935606e+03   9.5437179e+02
   3.9500000e+01   4.1475606e+03   1.0513718e+03
   3.9600000e+01   3.6685606e+03   1.0343718e+03
   3.9700000e+01   3.4655606e+03   8.4737179e+02
   3.9800000e+01   3.4655606e+03   8.4737179e+02
   3.9900000e+01   3.0595606e+03   1.2863718e+03
   4.0000000e+01   3.7475606e+03   1.0113718e+03
   4.0100000e+01   3.4145606e+03   1.1793718e+03
   4.0200000e+01   2.1025606e+03   2.2523718e+03
   4.0300000e+01   2.1025606e+03   2.2523718e+03
   4.0400000e+01   7.3256061e+02   4.3513718e+03
   4.0500000e+01   7.5756061e+02   4.1533718e+03
   4.0600000e+01   6.3656061e+02   5.2653718e+03
   4.0700000e+01   8.3456061e+02   4.9143718e+03
   4.0800000e+01   4.0756061e+02   5.6383718e+03
   4.0900000e+01   6.4356061e+02   3.7623718e+03
   4.1000000e+01   5.1956061e+02   4.7293718e+03
   4.1100000e+01   1.0075606e+03   4.0073718e+03
   4.1200000e+01   9.4656061e+02   4.3973718e+03
   4.1300000e+01   2.5356061e+02   5.0783718e+03
   4.1400000e+01   9.3156061e+02   4.4873718e+03
   4.1500000e+01   2.6395606e+03   3.1493718e+03
   4.1600000e+01   4.0195606e+03   7.2637179e+02
   4.1700000e+01   2.6775606e+03   8.6137179e+02
   4.1800000e+01   3.3156061e+02   4.8037179e+02
   4.1900000e+01   3.9856061e+02   4.9837179e+02
   4.2000000e+01   2.6525606e+03   9.0037179e+02
   4.2100000e+01   3.9245606e+03   1.1663718e+03
   4.2200000e+01   4.2715606e+03   1.6463718e+03
   4.2300000e+01   3.7245606e+03   1.4353718e+03
   4.2400000e+01   4.4335606e+03   8.5637179e+02
   4.2500000e+01   2.9995606e+03   1.3393718e+03
   4.2600000e+01   2.5955606e+03   1.3003718e+03
   4.2700000e+01   2.6215606e+03   1.2563718e+03
   4.2800000e+01   3.1315606e+03   1.1773718e+03
   4.2900000e+01   2.4755606e+03   1.1663718e+03
   4.3000000e+01   3.6025606e+03   2.9693718e+03
   4.3100000e+01   3.0175606e+03   1.0093718e+03
   4.3200000e+01   2.4025606e+03   1.1023718e+03
   4.3300000e+01   3.3455606e+03   8.8737179e+02
   4.3400000e+01   2.9395606e+03   7.2337179e+02
   4.3500000e+01   3.1615606e+03   1.3683718e+03
   4.3600000e+01   3.7885606e+03   1.3213718e+03
   4.3700000e+01   3.9895606e+03   1.5053718e+03
   4.3800000e+01   3.0095606e+03   1.5573718e+03
   4.3900000e+01   1.8315606e+03   3.1443718e+03
   4.4000000e+01   7.6256061e+02   5.6493718e+03
