%t (s)	Idd (a.u.)	Ida (a.u.)	Iaa (a.u.)	FRET E
0.000	+2.292e+03	+7.847e+03	+9.292e+03	+0.774
0.100	+1.743e+03	+8.687e+03	+8.960e+03	+0.833
0.200	+2.248e+03	+6.175e+03	+9.253e+03	+0.733
0.300	+2.893e+03	+7.156e+03	+9.671e+03	+0.712
0.400	+3.400e+03	+7.845e+03	+1.092e+04	+0.698
0.500	+2.312e+03	+6.929e+03	+1.035e+04	+0.750
0.600	+2.297e+03	+7.056e+03	+8.706e+03	+0.754
0.700	+1.741e+03	+9.038e+03	+1.100e+04	+0.838
0.800	+2.068e+03	+7.480e+03	+9.781e+03	+0.783
0.900	+2.296e+03	+9.667e+03	+1.016e+04	+0.808
1.000	+8.474e+02	+8.052e+03	+9.246e+03	+0.905
1.100	+2.214e+03	+7.071e+03	+9.143e+03	+0.762
1.200	+1.985e+03	+8.267e+03	+1.015e+04	+0.806
1.300	+1.965e+03	+8.855e+03	+9.959e+03	+0.818
1.400	+1.376e+03	+8.226e+03	+9.691e+03	+0.857
1.500	+2.602e+03	+7.264e+03	+9.705e+03	+0.736
1.600	+1.646e+03	+8.645e+03	+9.309e+03	+0.840
1.700	+1.922e+03	+8.571e+03	+1.021e+04	+0.817
1.800	+9.231e+02	+8.124e+03	+1.040e+04	+0.898
1.900	+2.630e+03	+8.160e+03	+9.719e+03	+0.756
2.000	+2.222e+03	+8.587e+03	+1.019e+04	+0.794
2.100	+1.370e+03	+9.711e+03	+9.521e+03	+0.876
2.200	+2.146e+03	+7.613e+03	+1.024e+04	+0.780
2.300	+1.808e+03	+8.235e+03	+9.865e+03	+0.820
2.400	+1.548e+03	+9.511e+03	+1.095e+04	+0.860
2.500	+2.369e+03	+8.357e+03	+1.114e+04	+0.779
2.600	+2.606e+03	+8.953e+03	+1.021e+04	+0.775
2.700	+9.777e+02	+7.631e+03	+9.185e+03	+0.886
2.800	+1.007e+03	+7.943e+03	+1.110e+04	+0.887
2.900	+1.675e+03	+8.185e+03	+9.651e+03	+0.830
3.000	+1.787e+03	+7.787e+03	+1.026e+04	+0.813
3.100	+3.319e+03	+7.518e+03	+9.938e+03	+0.694
3.200	+3.521e+03	+8.137e+03	+9.570e+03	+0.698
3.300	+1.626e+03	+8.630e+03	+9.863e+03	+0.841
3.400	+1.689e+03	+7.825e+03	+8.974e+03	+0.823
3.500	+2.564e+03	+7.570e+03	+1.086e+04	+0.747
3.600	+2.416e+03	+7.498e+03	+1.010e+04	+0.756
3.700	+3.446e+03	+6.728e+03	+8.476e+03	+0.661
3.800	+3.571e+03	+6.990e+03	+9.281e+03	+0.662
3.900	+4.834e+03	+5.026e+03	+9.889e+03	+0.510
4.000	+2.642e+03	+7.597e+03	+9.891e+03	+0.742
4.100	+4.054e+03	+9.391e+03	+9.969e+03	+0.699
4.200	+3.304e+03	+8.416e+03	+1.022e+04	+0.718
4.300	+1.992e+03	+7.432e+03	+1.082e+04	+0.789
4.400	+2.143e+03	+8.640e+03	+9.267e+03	+0.801
4.500	+2.267e+03	+7.738e+03	+9.250e+03	+0.773
4.600	+1.906e+03	+7.812e+03	+9.018e+03	+0.804
4.700	+2.094e+03	+8.387e+03	+1.073e+04	+0.800
4.800	+1.991e+03	+7.812e+03	+9.605e+03	+0.797
4.900	+2.452e+03	+8.289e+03	+9.549e+03	+0.772
5.000	+1.934e+03	+7.288e+03	+1.046e+04	+0.790
5.100	+1.848e+03	+9.155e+03	+9.978e+03	+0.832
5.200	+2.252e+03	+7.975e+03	+1.023e+04	+0.780
5.300	+3.240e+03	+8.245e+03	+1.043e+04	+0.718
5.400	+2.182e+03	+7.316e+03	+1.018e+04	+0.770
5.500	+2.510e+03	+8.540e+03	+1.064e+04	+0.773
5.600	+1.436e+03	+7.205e+03	+1.138e+04	+0.834
5.700	+7.360e+02	+8.652e+03	+1.082e+04	+0.922
5.800	+2.395e+03	+7.782e+03	+9.747e+03	+0.765
5.900	+1.951e+03	+8.534e+03	+1.011e+04	+0.814
6.000	+1.461e+03	+7.684e+03	+1.024e+04	+0.840
6.100	+2.016e+03	+7.737e+03	+8.185e+03	+0.793
6.200	+2.253e+03	+8.698e+03	+1.037e+04	+0.794
6.300	+2.838e+03	+7.865e+03	+9.375e+03	+0.735
6.400	+7.205e+03	+3.921e+03	+1.008e+04	+0.352
6.500	+5.375e+03	+5.350e+03	+8.837e+03	+0.499
6.600	+4.154e+03	+5.121e+03	+8.783e+03	+0.552
6.700	+5.228e+03	+5.156e+03	+9.855e+03	+0.497
6.800	+5.545e+03	+5.211e+03	+8.124e+03	+0.484
6.900	+6.060e+03	+3.993e+03	+1.094e+04	+0.397
7.000	+6.604e+03	+5.079e+03	+1.034e+04	+0.435
7.100	+5.033e+03	+4.801e+03	+1.030e+04	+0.488
7.200	+5.535e+03	+6.315e+03	+9.643e+03	+0.533
7.300	+5.395e+03	+6.339e+03	+9.977e+03	+0.540
7.400	+5.324e+03	+5.699e+03	+9.765e+03	+0.517
7.500	+4.818e+03	+4.564e+03	+1.077e+04	+0.486
7.600	+5.976e+03	+6.045e+03	+9.147e+03	+0.503
7.700	+4.200e+03	+4.274e+03	+9.212e+03	+0.504
7.800	+5.051e+03	+4.054e+03	+9.612e+03	+0.445
7.900	+2.906e+03	+7.135e+03	+9.682e+03	+0.711
8.000	+3.381e+03	+8.695e+03	+9.567e+03	+0.720
8.100	+1.677e+03	+8.163e+03	+1.048e+04	+0.830
8.200	+2.744e+03	+8.158e+03	+1.166e+04	+0.748
8.300	+2.923e+03	+8.247e+03	+8.482e+03	+0.738
8.400	+5.293e+03	+5.129e+03	+1.134e+04	+0.492
8.500	+3.999e+03	+4.408e+03	+9.539e+03	+0.524
8.600	+5.445e+03	+5.677e+03	+1.033e+04	+0.510
8.700	+5.076e+03	+5.446e+03	+9.602e+03	+0.518
8.800	+4.830e+03	+5.570e+03	+9.243e+03	+0.536
8.900	+5.371e+03	+5.321e+03	+9.607e+03	+0.498
9.000	+5.576e+03	+4.062e+03	+1.149e+04	+0.421
9.100	+4.983e+03	+5.796e+03	+9.200e+03	+0.538
9.200	+2.915e+03	+4.805e+03	+1.019e+04	+0.622
9.300	+3.153e+03	+5.133e+03	+9.466e+03	+0.619
9.400	+4.783e+03	+5.091e+03	+1.031e+04	+0.516
9.500	+5.670e+03	+4.780e+03	+1.047e+04	+0.457
9.600	+4.618e+03	+4.875e+03	+1.037e+04	+0.514
9.700	+4.812e+03	+4.284e+03	+9.648e+03	+0.471
9.800	+4.883e+03	+5.401e+03	+1.021e+04	+0.525
9.900	+3.917e+03	+6.629e+03	+9.167e+03	+0.629
10.000	+2.000e+03	+8.569e+03	+1.017e+04	+0.811
10.100	+2.580e+03	+8.799e+03	+9.682e+03	+0.773
10.200	+2.132e+03	+7.547e+03	+1.054e+04	+0.780
10.300	+2.254e+03	+7.506e+03	+1.037e+04	+0.769
10.400	+2.016e+03	+8.263e+03	+1.007e+04	+0.804
10.500	+1.568e+03	+9.237e+03	+9.733e+03	+0.855
10.600	+2.133e+03	+8.339e+03	+1.025e+04	+0.796
10.700	+8.027e+02	+7.391e+03	+1.024e+04	+0.902
10.800	+2.155e+03	+8.148e+03	+9.134e+03	+0.791
10.900	+2.205e+03	+7.655e+03	+1.028e+04	+0.776
11.000	+1.101e+03	+7.708e+03	+1.120e+04	+0.875
11.100	+9.760e+02	+8.810e+03	+1.012e+04	+0.900
11.200	+1.823e+03	+7.213e+03	+9.502e+03	+0.798
11.300	+1.405e+03	+8.337e+03	+1.017e+04	+0.856
11.400	+2.436e+03	+6.614e+03	+9.586e+03	+0.731
11.500	+1.503e+03	+8.506e+03	+9.753e+03	+0.850
11.600	+2.540e+03	+8.121e+03	+8.377e+03	+0.762
11.700	+9.678e+02	+8.247e+03	+1.095e+04	+0.895
11.800	+1.846e+03	+7.784e+03	+9.751e+03	+0.808
11.900	+1.727e+03	+6.986e+03	+9.343e+03	+0.802
12.000	+3.445e+03	+8.519e+03	+1.001e+04	+0.712
12.100	+2.935e+03	+8.452e+03	+8.788e+03	+0.742
12.200	+2.257e+03	+7.510e+03	+9.637e+03	+0.769
12.300	+3.131e+03	+6.798e+03	+1.204e+04	+0.685
12.400	+2.116e+03	+7.160e+03	+9.680e+03	+0.772
12.500	+1.915e+03	+7.030e+03	+9.785e+03	+0.786
12.600	+2.728e+03	+7.152e+03	+1.129e+04	+0.724
12.700	+1.739e+03	+7.156e+03	+8.946e+03	+0.804
12.800	+1.699e+03	+9.364e+03	+9.538e+03	+0.846
12.900	+2.260e+03	+9.209e+03	+1.093e+04	+0.803
13.000	+2.784e+03	+8.083e+03	+1.019e+04	+0.744
13.100	+1.430e+03	+7.424e+03	+1.094e+04	+0.839
13.200	+2.057e+03	+7.568e+03	+1.006e+04	+0.786
13.300	+1.805e+03	+9.194e+03	+9.563e+03	+0.836
13.400	+2.648e+03	+6.251e+03	+1.021e+04	+0.702
13.500	+2.598e+03	+8.212e+03	+1.057e+04	+0.760
13.600	+1.918e+03	+8.036e+03	+9.699e+03	+0.807
13.700	+1.664e+03	+7.120e+03	+9.252e+03	+0.811
13.800	+1.283e+03	+7.436e+03	+1.037e+04	+0.853
13.900	+1.966e+03	+9.374e+03	+1.132e+04	+0.827
14.000	+2.348e+03	+7.167e+03	+1.115e+04	+0.753
14.100	+1.267e+03	+6.842e+03	+9.690e+03	+0.844
14.200	+1.939e+03	+7.590e+03	+9.506e+03	+0.797
14.300	+2.035e+03	+8.005e+03	+1.061e+04	+0.797
14.400	+9.854e+02	+8.252e+03	+8.502e+03	+0.893
14.500	+1.401e+03	+6.241e+03	+9.936e+03	+0.817
14.600	+2.103e+03	+8.718e+03	+9.307e+03	+0.806
14.700	+2.270e+03	+8.712e+03	+9.247e+03	+0.793
14.800	+2.069e+03	+8.407e+03	+1.030e+04	+0.803
14.900	+2.028e+03	+8.317e+03	+1.018e+04	+0.804
15.000	+3.087e+03	+7.815e+03	+9.873e+03	+0.717
15.100	+2.303e+03	+9.037e+03	+9.453e+03	+0.797
15.200	+1.977e+03	+8.208e+03	+1.056e+04	+0.806
15.300	+1.680e+03	+8.847e+03	+9.703e+03	+0.840
15.400	+1.799e+03	+8.816e+03	+9.467e+03	+0.831
15.500	+2.108e+03	+7.371e+03	+9.936e+03	+0.778
15.600	+2.753e+03	+7.815e+03	+9.201e+03	+0.739
15.700	+3.766e+03	+8.119e+03	+9.696e+03	+0.683
15.800	+1.382e+03	+8.317e+03	+1.145e+04	+0.858
15.900	+2.593e+03	+7.790e+03	+9.507e+03	+0.750
16.000	+2.519e+03	+7.861e+03	+9.401e+03	+0.757
16.100	+1.845e+03	+9.313e+03	+1.047e+04	+0.835
16.200	+2.953e+03	+7.873e+03	+9.686e+03	+0.727
16.300	+2.920e+03	+6.219e+03	+1.117e+04	+0.680
16.400	+5.002e+03	+5.535e+03	+1.121e+04	+0.525
16.500	+3.777e+03	+4.561e+03	+8.994e+03	+0.547
16.600	+5.745e+03	+3.990e+03	+1.004e+04	+0.410
16.700	+4.800e+03	+4.421e+03	+8.960e+03	+0.479
16.800	+5.616e+03	+5.537e+03	+1.058e+04	+0.496
16.900	+3.805e+03	+4.848e+03	+1.037e+04	+0.560
17.000	+3.718e+03	+4.186e+03	+9.668e+03	+0.530
17.100	+4.765e+03	+4.976e+03	+8.373e+03	+0.511
17.200	+4.099e+03	+4.753e+03	+1.020e+04	+0.537
17.300	+5.403e+03	+4.729e+03	+1.157e+04	+0.467
17.400	+4.599e+03	+5.887e+03	+1.058e+04	+0.561
17.500	+5.471e+03	+4.564e+03	+9.946e+03	+0.455
17.600	+4.828e+03	+4.158e+03	+9.618e+03	+0.463
17.700	+3.743e+03	+5.200e+03	+1.001e+04	+0.581
17.800	+6.155e+03	+4.090e+03	+1.084e+04	+0.399
17.900	+5.949e+03	+4.767e+03	+1.061e+04	+0.445
18.000	+4.964e+03	+6.350e+03	+9.433e+03	+0.561
18.100	+5.234e+03	+3.837e+03	+9.453e+03	+0.423
18.200	+5.909e+03	+5.124e+03	+1.026e+04	+0.464
18.300	+5.349e+03	+5.520e+03	+9.405e+03	+0.508
18.400	+3.822e+03	+4.593e+03	+1.085e+04	+0.546
18.500	+5.121e+03	+5.517e+03	+9.221e+03	+0.519
18.600	+4.007e+03	+4.620e+03	+9.587e+03	+0.536
18.700	+3.194e+03	+5.456e+03	+9.418e+03	+0.631
18.800	+2.783e+03	+6.869e+03	+9.599e+03	+0.712
18.900	+1.744e+03	+7.506e+03	+9.426e+03	+0.811
19.000	+1.605e+03	+8.144e+03	+9.285e+03	+0.835
19.100	+2.406e+03	+7.952e+03	+1.029e+04	+0.768
19.200	+2.272e+03	+8.650e+03	+1.053e+04	+0.792
19.300	+2.743e+03	+7.695e+03	+1.038e+04	+0.737
19.400	+8.060e+02	+7.864e+03	+8.915e+03	+0.907
19.500	+3.088e+03	+9.352e+03	+9.931e+03	+0.752
19.600	+1.522e+03	+8.424e+03	+1.011e+04	+0.847
19.700	+1.118e+03	+6.816e+03	+9.079e+03	+0.859
19.800	+2.233e+03	+7.960e+03	+9.881e+03	+0.781
19.900	+2.462e+03	+8.900e+03	+1.099e+04	+0.783
20.000	+2.344e+03	+8.978e+03	+1.039e+04	+0.793
20.100	+2.800e+03	+7.180e+03	+9.982e+03	+0.719
20.200	+3.293e+03	+7.132e+03	+9.578e+03	+0.684
20.300	+2.104e+03	+8.148e+03	+8.994e+03	+0.795
20.400	+1.572e+03	+9.300e+03	+1.014e+04	+0.855
20.500	+2.493e+03	+8.772e+03	+1.021e+04	+0.779
20.600	+2.152e+03	+8.834e+03	+9.919e+03	+0.804
20.700	+2.566e+03	+8.220e+03	+9.928e+03	+0.762
20.800	+3.496e+03	+7.468e+03	+1.058e+04	+0.681
20.900	+1.715e+03	+8.495e+03	+9.520e+03	+0.832
21.000	+6.244e+03	+3.837e+03	+9.654e+03	+0.381
21.100	+6.026e+03	+1.650e+03	+9.144e+03	+0.215
21.200	+8.513e+03	+2.188e+03	+9.874e+03	+0.204
21.300	+6.174e+03	+2.892e+03	+1.125e+04	+0.319
21.400	+8.721e+03	+2.287e+03	+9.654e+03	+0.208
21.500	+7.325e+03	+2.478e+03	+1.054e+04	+0.253
21.600	+7.766e+03	+3.179e+03	+1.020e+04	+0.290
21.700	+8.122e+03	+3.042e+03	+9.811e+03	+0.272
21.800	+6.608e+03	+1.384e+03	+1.041e+04	+0.173
21.900	+8.453e+03	+2.118e+03	+1.019e+04	+0.200
22.000	+7.584e+03	+2.390e+03	+1.012e+04	+0.240
22.100	+7.946e+03	+2.971e+03	+1.070e+04	+0.272
22.200	+8.885e+03	+2.857e+03	+1.135e+04	+0.243
22.300	+6.887e+03	+3.321e+03	+1.021e+04	+0.325
22.400	+8.573e+03	+2.422e+03	+1.078e+04	+0.220
22.500	+8.364e+03	+2.341e+03	+8.976e+03	+0.219
22.600	+7.626e+03	+1.561e+03	+1.005e+04	+0.170
22.700	+8.556e+03	+2.465e+03	+9.887e+03	+0.224
22.800	+8.853e+03	+2.783e+03	+9.741e+03	+0.239
22.900	+7.106e+03	+1.033e+03	+1.046e+04	+0.127
23.000	+6.706e+03	+2.582e+03	+9.204e+03	+0.278
23.100	+6.558e+03	+2.812e+03	+1.053e+04	+0.300
23.200	+6.925e+03	+2.479e+03	+1.047e+04	+0.264
23.300	+7.695e+03	+2.887e+03	+9.589e+03	+0.273
23.400	+7.902e+03	+2.787e+03	+9.557e+03	+0.261
23.500	+7.095e+03	+1.169e+03	+1.083e+04	+0.141
23.600	+6.650e+03	+2.832e+03	+1.038e+04	+0.299
23.700	+8.266e+03	+3.128e+03	+9.638e+03	+0.275
23.800	+7.300e+03	+2.437e+03	+9.523e+03	+0.250
23.900	+7.914e+03	+3.589e+03	+9.863e+03	+0.312
24.000	+8.685e+03	+2.290e+03	+9.773e+03	+0.209
24.100	+9.081e+03	+4.614e+03	+9.834e+03	+0.337
24.200	+8.578e+03	+3.011e+03	+9.585e+03	+0.260
24.300	+7.868e+03	+4.471e+03	+1.068e+04	+0.362
24.400	+7.800e+03	+3.157e+03	+8.579e+03	+0.288
24.500	+7.209e+03	+2.435e+03	+1.096e+04	+0.252
24.600	+7.230e+03	+2.472e+03	+1.033e+04	+0.255
24.700	+8.405e+03	+2.640e+03	+9.231e+03	+0.239
24.800	+7.595e+03	+1.924e+03	+9.941e+03	+0.202
24.900	+8.137e+03	+2.209e+03	+1.096e+04	+0.214
25.000	+7.055e+03	+2.336e+03	+1.033e+04	+0.249
25.100	+6.964e+03	+2.182e+03	+1.013e+04	+0.239
25.200	+7.821e+03	+2.262e+03	+1.004e+04	+0.224
25.300	+7.690e+03	+3.918e+03	+9.425e+03	+0.338
25.400	+7.154e+03	+1.899e+03	+9.755e+03	+0.210
25.500	+7.606e+03	+2.034e+03	+9.111e+03	+0.211
25.600	+6.176e+03	+3.532e+03	+9.427e+03	+0.364
25.700	+4.323e+03	+5.084e+03	+1.045e+04	+0.540
25.800	+5.532e+03	+4.613e+03	+9.294e+03	+0.455
25.900	+6.308e+03	+1.056e+03	+9.817e+03	+0.143
26.000	+7.859e+03	+1.912e+03	+1.049e+04	+0.196
26.100	+8.308e+03	+2.990e+03	+9.392e+03	+0.265
26.200	+6.823e+03	+1.545e+03	+1.066e+04	+0.185
26.300	+6.467e+03	+4.595e+03	+1.059e+04	+0.415
26.400	+5.883e+03	+5.248e+03	+8.681e+03	+0.471
26.500	+5.676e+03	+5.376e+03	+1.022e+04	+0.486
26.600	+6.318e+03	+4.606e+03	+9.437e+03	+0.422
26.700	+1.805e+03	+8.722e+03	+1.006e+04	+0.829
26.800	+1.589e+03	+8.461e+03	+8.855e+03	+0.842
26.900	+2.576e+03	+9.094e+03	+9.515e+03	+0.779
27.000	+2.814e+03	+7.571e+03	+1.108e+04	+0.729
27.100	+1.338e+03	+7.226e+03	+1.007e+04	+0.844
27.200	+3.182e+03	+5.944e+03	+9.573e+03	+0.651
27.300	+1.509e+03	+8.187e+03	+9.517e+03	+0.844
27.400	+2.179e+03	+7.009e+03	+1.045e+04	+0.763
27.500	+2.152e+03	+7.710e+03	+1.074e+04	+0.782
27.600	+1.953e+03	+8.205e+03	+8.960e+03	+0.808
27.700	+2.312e+03	+9.092e+03	+9.951e+03	+0.797
27.800	+1.941e+03	+8.631e+03	+1.014e+04	+0.816
27.900	+3.116e+03	+7.654e+03	+1.015e+04	+0.711
28.000	+2.756e+03	+8.244e+03	+8.671e+03	+0.749
28.100	+1.796e+03	+8.003e+03	+8.911e+03	+0.817
28.200	+1.493e+03	+7.336e+03	+1.019e+04	+0.831
28.300	+3.473e+03	+8.287e+03	+9.897e+03	+0.705
28.400	+2.578e+03	+7.889e+03	+9.704e+03	+0.754
28.500	+2.286e+03	+8.802e+03	+9.198e+03	+0.794
28.600	+2.617e+03	+7.609e+03	+1.015e+04	+0.744
28.700	+1.533e+03	+7.552e+03	+1.048e+04	+0.831
28.800	+3.092e+03	+8.068e+03	+8.855e+03	+0.723
28.900	+2.539e+03	+8.702e+03	+1.103e+04	+0.774
29.000	+2.670e+03	+7.383e+03	+1.050e+04	+0.734
29.100	+2.814e+03	+8.585e+03	+9.769e+03	+0.753
29.200	+1.065e+03	+8.594e+03	+9.517e+03	+0.890
29.300	+5.632e+02	+8.487e+03	+1.035e+04	+0.938
29.400	+2.364e+03	+7.709e+03	+9.942e+03	+0.765
29.500	+1.820e+03	+9.218e+03	+1.010e+04	+0.835
29.600	+9.927e+02	+7.326e+03	+1.009e+04	+0.881
29.700	+3.095e+03	+7.951e+03	+1.017e+04	+0.720
29.800	+2.834e+03	+7.030e+03	+8.808e+03	+0.713
29.900	+1.577e+03	+8.353e+03	+1.011e+04	+0.841
30.000	+3.223e+02	+7.032e+03	+9.811e+03	+0.956
30.100	+2.034e+03	+8.543e+03	+1.069e+04	+0.808
30.200	+9.713e+02	+8.594e+03	+8.647e+03	+0.898
30.300	+2.461e+03	+8.514e+03	+1.007e+04	+0.776
30.400	+1.132e+03	+7.443e+03	+9.607e+03	+0.868
30.500	+1.337e+03	+7.178e+03	+8.977e+03	+0.843
30.600	+1.601e+03	+7.386e+03	+1.036e+04	+0.822
30.700	+2.477e+03	+7.397e+03	+9.941e+03	+0.749
30.800	+2.756e+03	+7.167e+03	+9.499e+03	+0.722
30.900	+1.365e+03	+7.340e+03	+1.001e+04	+0.843
31.000	+1.976e+03	+8.602e+03	+1.062e+04	+0.813
31.100	+2.482e+03	+8.636e+03	+9.748e+03	+0.777
31.200	+1.417e+03	+7.196e+03	+1.014e+04	+0.836
31.300	+4.003e+03	+7.505e+03	+1.005e+04	+0.652
31.400	+5.373e+03	+4.601e+03	+1.029e+04	+0.461
31.500	+4.548e+03	+5.799e+03	+9.999e+03	+0.560
31.600	+4.892e+03	+4.771e+03	+1.017e+04	+0.494
31.700	+4.626e+03	+4.375e+03	+1.086e+04	+0.486
31.800	+4.428e+03	+5.932e+03	+9.356e+03	+0.573
31.900	+5.200e+03	+6.452e+03	+9.413e+03	+0.554
32.000	+4.729e+03	+6.118e+03	+9.115e+03	+0.564
32.100	+5.345e+03	+5.655e+03	+1.081e+04	+0.514
32.200	+5.658e+03	+4.552e+03	+9.320e+03	+0.446
32.300	+4.039e+03	+5.866e+03	+9.117e+03	+0.592
32.400	+3.897e+03	+5.469e+03	+1.002e+04	+0.584
32.500	+5.710e+03	+5.632e+03	+1.070e+04	+0.497
32.600	+4.252e+03	+4.875e+03	+1.081e+04	+0.534
32.700	+5.080e+03	+5.563e+03	+9.891e+03	+0.523
32.800	+3.820e+03	+4.573e+03	+9.331e+03	+0.545
32.900	+6.091e+03	+4.170e+03	+1.085e+04	+0.406
33.000	+4.189e+03	+5.046e+03	+8.815e+03	+0.546
33.100	+4.634e+03	+4.868e+03	+9.654e+03	+0.512
33.200	+5.829e+03	+4.645e+03	+9.012e+03	+0.443
33.300	+4.230e+03	+6.910e+03	+1.050e+04	+0.620
33.400	+1.781e+03	+7.511e+03	+9.817e+03	+0.808
33.500	+3.050e+03	+6.150e+03	+9.264e+03	+0.668
33.600	+4.645e+03	+6.069e+03	+1.032e+04	+0.566
33.700	+5.109e+03	+5.536e+03	+1.004e+04	+0.520
33.800	+4.762e+03	+3.417e+03	+1.095e+04	+0.418
33.900	+4.810e+03	+4.847e+03	+1.004e+04	+0.502
34.000	+5.067e+03	+6.405e+03	+1.053e+04	+0.558
34.100	+5.668e+03	+5.530e+03	+1.154e+04	+0.494
34.200	+4.542e+03	+5.446e+03	+9.763e+03	+0.545
34.300	+4.568e+03	+4.338e+03	+9.088e+03	+0.487
34.400	+5.787e+03	+5.149e+03	+1.057e+04	+0.471
34.500	+6.206e+03	+4.518e+03	+9.483e+03	+0.421
34.600	+3.210e+03	+3.834e+03	+1.057e+04	+0.544
34.700	+4.545e+03	+4.813e+03	+1.105e+04	+0.514
34.800	+4.794e+03	+5.684e+03	+1.133e+04	+0.542
34.900	+4.675e+03	+4.549e+03	+9.556e+03	+0.493
35.000	+5.626e+03	+5.606e+03	+9.987e+03	+0.499
35.100	+5.326e+03	+4.853e+03	+1.033e+04	+0.477
35.200	+4.964e+03	+4.882e+03	+1.103e+04	+0.496
35.300	+5.903e+03	+4.419e+03	+9.560e+03	+0.428
35.400	+4.552e+03	+5.109e+03	+9.369e+03	+0.529
35.500	+5.321e+03	+5.022e+03	+1.085e+04	+0.486
35.600	+5.830e+03	+5.899e+03	+9.458e+03	+0.503
35.700	+5.213e+03	+4.713e+03	+9.902e+03	+0.475
35.800	+6.481e+03	+5.434e+03	+9.312e+03	+0.456
35.900	+5.459e+03	+4.928e+03	+9.170e+03	+0.474
36.000	+5.071e+03	+4.199e+03	+1.135e+04	+0.453
36.100	+3.592e+03	+5.182e+03	+9.922e+03	+0.591
36.200	+4.855e+03	+4.164e+03	+1.093e+04	+0.462
36.300	+6.039e+03	+4.909e+03	+9.058e+03	+0.448
36.400	+5.139e+03	+6.223e+03	+1.061e+04	+0.548
36.500	+4.848e+03	+4.975e+03	+9.179e+03	+0.506
36.600	+5.653e+03	+3.935e+03	+9.130e+03	+0.410
36.700	+4.455e+03	+4.892e+03	+9.861e+03	+0.523
36.800	+4.248e+03	+5.600e+03	+1.046e+04	+0.569
36.900	+1.832e+03	+6.938e+03	+1.027e+04	+0.791
37.000	+2.016e+03	+7.680e+03	+1.029e+04	+0.792
37.100	+1.393e+03	+7.571e+03	+1.005e+04	+0.845
37.200	+1.510e+03	+8.808e+03	+9.468e+03	+0.854
37.300	+1.038e+03	+6.171e+03	+9.575e+03	+0.856
37.400	+2.148e+03	+7.293e+03	+9.865e+03	+0.773
37.500	+2.406e+03	+6.779e+03	+1.046e+04	+0.738
37.600	+2.037e+03	+7.725e+03	+8.935e+03	+0.791
37.700	+2.144e+03	+7.254e+03	+8.898e+03	+0.772
37.800	+1.654e+03	+7.565e+03	+1.046e+04	+0.821
37.900	+1.332e+03	+7.807e+03	+9.883e+03	+0.854
38.000	+1.040e+03	+8.000e+03	+1.085e+04	+0.885
38.100	+1.188e+03	+6.960e+03	+1.075e+04	+0.854
38.200	+7.297e+02	+8.786e+03	+1.085e+04	+0.923
38.300	+3.329e+03	+9.282e+03	+1.060e+04	+0.736
38.400	+1.851e+03	+8.383e+03	+1.028e+04	+0.819
38.500	+2.030e+03	+7.486e+03	+1.108e+04	+0.787
38.600	+2.318e+03	+8.754e+03	+1.010e+04	+0.791
38.700	+9.751e+02	+8.349e+03	+8.399e+03	+0.895
38.800	+2.374e+03	+8.413e+03	+9.905e+03	+0.780
38.900	+1.521e+03	+1.050e+04	+9.295e+03	+0.873
39.000	+2.612e+03	+8.404e+03	+9.049e+03	+0.763
39.100	+1.489e+03	+8.315e+03	+8.878e+03	+0.848
39.200	+2.948e+03	+7.432e+03	+1.013e+04	+0.716
39.300	+2.626e+03	+7.127e+03	+1.010e+04	+0.731
39.400	+2.649e+03	+7.983e+03	+1.040e+04	+0.751
39.500	+1.338e+03	+7.186e+03	+1.017e+04	+0.843
39.600	+1.900e+03	+6.798e+03	+9.404e+03	+0.782
39.700	+4.785e+02	+8.074e+03	+1.108e+04	+0.944
39.800	+2.620e+03	+8.320e+03	+1.075e+04	+0.761
39.900	+1.736e+03	+8.898e+03	+9.903e+03	+0.837
40.000	+2.418e+03	+7.778e+03	+9.571e+03	+0.763
40.100	+1.951e+03	+6.873e+03	+9.968e+03	+0.779
40.200	+7.764e+02	+8.054e+03	+9.542e+03	+0.912
40.300	+2.687e+03	+7.972e+03	+9.987e+03	+0.748
40.400	+2.252e+03	+8.125e+03	+1.127e+04	+0.783
40.500	+2.604e+03	+8.223e+03	+9.372e+03	+0.759
40.600	+3.247e+03	+7.280e+03	+1.101e+04	+0.692
40.700	+1.378e+03	+9.040e+03	+9.904e+03	+0.868
40.800	+2.149e+03	+8.705e+03	+1.099e+04	+0.802
40.900	+4.397e+03	+5.410e+03	+1.020e+04	+0.552
41.000	+4.248e+03	+5.992e+03	+9.917e+03	+0.585
41.100	+4.694e+03	+5.406e+03	+9.250e+03	+0.535
41.200	+4.373e+03	+5.255e+03	+9.775e+03	+0.546
41.300	+5.444e+03	+4.895e+03	+9.613e+03	+0.473
41.400	+4.246e+03	+4.400e+03	+9.508e+03	+0.509
41.500	+6.024e+03	+5.663e+03	+1.091e+04	+0.485
41.600	+4.651e+03	+5.385e+03	+1.010e+04	+0.537
41.700	+5.656e+03	+5.450e+03	+1.121e+04	+0.491
41.800	+4.632e+03	+4.882e+03	+8.815e+03	+0.513
41.900	+5.033e+03	+3.517e+03	+1.034e+04	+0.411
42.000	+4.836e+03	+4.794e+03	+1.077e+04	+0.498
42.100	+4.605e+03	+4.648e+03	+1.050e+04	+0.502
42.200	+5.287e+03	+4.865e+03	+9.872e+03	+0.479
42.300	+5.031e+03	+4.836e+03	+1.002e+04	+0.490
42.400	+6.637e+03	+4.894e+03	+9.205e+03	+0.424
42.500	+7.518e+03	+5.380e+03	+8.427e+03	+0.417
42.600	+4.993e+03	+4.592e+03	+1.131e+04	+0.479
42.700	+5.250e+03	+4.803e+03	+9.318e+03	+0.478
42.800	+4.028e+03	+5.251e+03	+1.104e+04	+0.566
42.900	+4.492e+03	+4.831e+03	+9.861e+03	+0.518
43.000	+4.715e+03	+5.212e+03	+1.088e+04	+0.525
43.100	+5.664e+03	+5.005e+03	+9.238e+03	+0.469
43.200	+4.970e+03	+5.173e+03	+9.264e+03	+0.510
43.300	+4.300e+03	+4.515e+03	+9.669e+03	+0.512
43.400	+4.579e+03	+5.408e+03	+8.388e+03	+0.541
43.500	+5.516e+03	+6.266e+03	+1.041e+04	+0.532
43.600	+5.984e+03	+4.588e+03	+9.962e+03	+0.434
43.700	+3.372e+03	+5.152e+03	+8.459e+03	+0.604
43.800	+3.879e+03	+3.992e+03	+8.981e+03	+0.507
43.900	+5.774e+03	+4.665e+03	+1.082e+04	+0.447
44.000	+5.588e+03	+4.721e+03	+9.596e+03	+0.458
44.100	+4.264e+03	+5.422e+03	+9.343e+03	+0.560
44.200	+5.452e+03	+5.440e+03	+1.081e+04	+0.499
44.300	+3.873e+03	+4.088e+03	+9.840e+03	+0.514
44.400	+5.245e+03	+4.470e+03	+9.592e+03	+0.460
44.500	+5.021e+03	+3.615e+03	+1.038e+04	+0.419
44.600	+3.387e+03	+4.944e+03	+1.122e+04	+0.593
44.700	+5.713e+03	+3.980e+03	+9.642e+03	+0.411
44.800	+4.163e+03	+5.864e+03	+1.065e+04	+0.585
44.900	+4.447e+03	+5.713e+03	+9.582e+03	+0.562
45.000	+5.370e+03	+5.001e+03	+9.447e+03	+0.482
45.100	+6.207e+03	+5.372e+03	+9.616e+03	+0.464
45.200	+4.610e+03	+5.079e+03	+1.095e+04	+0.524
45.300	+5.381e+03	+4.720e+03	+1.120e+04	+0.467
45.400	+5.521e+03	+5.361e+03	+1.033e+04	+0.493
45.500	+5.593e+03	+3.146e+03	+1.030e+04	+0.360
45.600	+7.881e+03	+1.147e+03	+9.053e+03	+0.127
45.700	+6.781e+03	+3.962e+03	+8.480e+03	+0.369
45.800	+6.833e+03	+2.523e+03	+1.043e+04	+0.270
45.900	+8.284e+03	+3.031e+03	+9.975e+03	+0.268
46.000	+8.304e+03	+1.635e+03	+1.035e+04	+0.165
46.100	+6.647e+03	+2.216e+03	+9.641e+03	+0.250
46.200	+8.702e+03	+1.978e+03	+9.850e+03	+0.185
46.300	+6.571e+03	+1.586e+03	+8.189e+03	+0.194
46.400	+6.815e+03	+3.028e+03	+9.993e+03	+0.308
46.500	+7.037e+03	+1.281e+03	+1.034e+04	+0.154
46.600	+8.110e+03	+2.391e+03	+8.662e+03	+0.228
46.700	+7.885e+03	+1.897e+03	+9.918e+03	+0.194
46.800	+6.196e+03	+3.957e+03	+9.992e+03	+0.390
46.900	+5.202e+03	+4.636e+03	+1.021e+04	+0.471
47.000	+3.507e+03	+5.170e+03	+1.055e+04	+0.596
47.100	+6.033e+03	+4.772e+03	+1.120e+04	+0.442
47.200	+8.471e+03	+2.958e+03	+1.060e+04	+0.259
47.300	+7.576e+03	+2.361e+03	+1.032e+04	+0.238
47.400	+6.891e+03	+3.319e+03	+9.905e+03	+0.325
47.500	+8.554e+03	+3.300e+03	+8.922e+03	+0.278
47.600	+8.223e+03	+2.730e+03	+1.023e+04	+0.249
47.700	+7.212e+03	+3.129e+03	+1.067e+04	+0.303
47.800	+7.980e+03	+2.918e+03	+1.174e+04	+0.268
47.900	+7.275e+03	+2.195e+03	+1.059e+04	+0.232
48.000	+7.836e+03	+2.299e+03	+9.322e+03	+0.227
48.100	+7.822e+03	+2.252e+03	+1.026e+04	+0.224
48.200	+8.226e+03	+2.328e+03	+1.056e+04	+0.221
48.300	+8.190e+03	+2.379e+03	+1.003e+04	+0.225
48.400	+6.939e+03	+1.068e+03	+1.117e+04	+0.133
48.500	+7.474e+03	+2.550e+03	+8.552e+03	+0.254
48.600	+6.976e+03	+2.243e+03	+1.093e+04	+0.243
48.700	+6.695e+03	+2.019e+03	+1.081e+04	+0.232
48.800	+7.141e+03	+3.215e+03	+9.654e+03	+0.310
48.900	+6.494e+03	+2.446e+03	+9.877e+03	+0.274
49.000	+7.806e+03	+2.469e+03	+9.431e+03	+0.240
49.100	+7.241e+03	+2.734e+03	+9.255e+03	+0.274
49.200	+6.544e+03	+1.962e+03	+9.726e+03	+0.231
49.300	+7.992e+03	+2.531e+03	+8.964e+03	+0.241
49.400	+7.001e+03	+2.114e+03	+1.051e+04	+0.232
49.500	+8.373e+03	+1.958e+03	+9.887e+03	+0.190
49.600	+6.338e+03	+3.865e+03	+1.031e+04	+0.379
49.700	+7.502e+03	+1.399e+03	+9.235e+03	+0.157
49.800	+8.746e+03	+3.442e+03	+9.831e+03	+0.282
49.900	+6.628e+03	+3.489e+03	+9.123e+03	+0.345
50.000	+7.969e+03	+2.142e+03	+9.009e+03	+0.212
50.100	+7.275e+03	+2.367e+03	+1.044e+04	+0.246
50.200	+6.940e+03	+2.912e+03	+1.025e+04	+0.296
50.300	+7.177e+03	+2.803e+03	+9.832e+03	+0.281
50.400	+6.253e+03	+2.171e+03	+1.069e+04	+0.258
50.500	+6.325e+03	+2.325e+03	+9.723e+03	+0.269
50.600	+7.105e+03	+9.366e+02	+1.000e+04	+0.116
50.700	+7.219e+03	+1.231e+03	+1.061e+04	+0.146
50.800	+7.958e+03	+3.188e+03	+1.003e+04	+0.286
50.900	+7.690e+03	+1.776e+03	+1.095e+04	+0.188
51.000	+7.794e+03	+1.541e+03	+1.011e+04	+0.165
51.100	+7.985e+03	+2.206e+03	+1.104e+04	+0.216
51.200	+7.335e+03	+3.014e+03	+1.061e+04	+0.291
51.300	+7.535e+03	+2.235e+03	+9.571e+03	+0.229
51.400	+8.208e+03	+3.273e+03	+8.854e+03	+0.285
51.500	+7.790e+03	+3.047e+03	+9.868e+03	+0.281
51.600	+7.924e+03	+1.570e+03	+1.191e+04	+0.165
51.700	+7.283e+03	+1.945e+03	+9.787e+03	+0.211
51.800	+7.817e+03	+3.257e+03	+1.068e+04	+0.294
51.900	+8.014e+03	+2.561e+03	+9.525e+03	+0.242
52.000	+7.526e+03	+3.231e+03	+8.998e+03	+0.300
52.100	+7.446e+03	+2.663e+03	+9.657e+03	+0.263
52.200	+7.025e+03	+2.750e+03	+1.008e+04	+0.281
52.300	+7.233e+03	+2.220e+03	+1.003e+04	+0.235
52.400	+6.595e+03	+1.747e+03	+1.023e+04	+0.209
52.500	+7.972e+03	+2.981e+03	+1.103e+04	+0.272
52.600	+6.084e+03	+3.573e+03	+1.003e+04	+0.370
52.700	+4.383e+03	+4.803e+03	+9.058e+03	+0.523
52.800	+4.496e+03	+5.297e+03	+9.965e+03	+0.541
52.900	+4.684e+03	+4.046e+03	+1.091e+04	+0.463
53.000	+5.792e+03	+5.757e+03	+9.416e+03	+0.499
53.100	+4.763e+03	+3.817e+03	+1.076e+04	+0.445
53.200	+5.254e+03	+5.211e+03	+9.583e+03	+0.498
53.300	+5.301e+03	+5.262e+03	+9.777e+03	+0.498
53.400	+5.189e+03	+6.291e+03	+8.893e+03	+0.548
53.500	+4.865e+03	+6.007e+03	+1.085e+04	+0.553
53.600	+5.406e+03	+3.740e+03	+9.636e+03	+0.409
53.700	+4.914e+03	+4.453e+03	+1.127e+04	+0.475
53.800	+5.264e+03	+5.553e+03	+8.496e+03	+0.513
53.900	+5.650e+03	+4.901e+03	+9.941e+03	+0.465
54.000	+3.404e+03	+4.944e+03	+1.071e+04	+0.592
54.100	+6.214e+03	+5.165e+03	+1.030e+04	+0.454
54.200	+4.781e+03	+5.247e+03	+1.065e+04	+0.523
54.300	+5.159e+03	+4.643e+03	+1.025e+04	+0.474
54.400	+4.715e+03	+3.936e+03	+1.018e+04	+0.455
54.500	+4.431e+03	+4.773e+03	+9.501e+03	+0.519
54.600	+4.003e+03	+5.890e+03	+1.013e+04	+0.595
54.700	+3.692e+03	+5.566e+03	+1.083e+04	+0.601
54.800	+5.914e+03	+5.780e+03	+9.937e+03	+0.494
54.900	+4.306e+03	+5.053e+03	+1.107e+04	+0.540
55.000	+4.891e+03	+4.174e+03	+9.892e+03	+0.460
55.100	+4.980e+03	+5.845e+03	+1.004e+04	+0.540
55.200	+4.961e+03	+4.499e+03	+9.984e+03	+0.476
55.300	+2.797e+03	+7.194e+03	+1.056e+04	+0.720
55.400	+2.197e+03	+7.959e+03	+9.433e+03	+0.784
55.500	+2.877e+03	+7.477e+03	+1.030e+04	+0.722
55.600	+2.282e+03	+7.431e+03	+9.695e+03	+0.765
55.700	+1.518e+03	+9.013e+03	+1.049e+04	+0.856
55.800	+1.989e+03	+6.562e+03	+1.046e+04	+0.767
55.900	+1.487e+03	+8.984e+03	+9.159e+03	+0.858
56.000	+2.622e+03	+7.882e+03	+9.140e+03	+0.750
56.100	+6.166e+03	+4.489e+03	+9.202e+03	+0.421
56.200	+5.220e+03	+4.385e+03	+8.821e+03	+0.457
56.300	+5.548e+03	+5.190e+03	+1.008e+04	+0.483
56.400	+4.982e+03	+6.071e+03	+1.097e+04	+0.549
56.500	+5.621e+03	+6.698e+03	+9.655e+03	+0.544
56.600	+3.139e+03	+5.865e+03	+9.727e+03	+0.651
56.700	+5.229e+03	+4.778e+03	+1.012e+04	+0.477
56.800	+4.638e+03	+5.699e+03	+1.058e+04	+0.551
56.900	+4.889e+03	+3.671e+03	+9.088e+03	+0.429
57.000	+5.501e+03	+5.468e+03	+9.114e+03	+0.498
57.100	+5.377e+03	+5.384e+03	+1.049e+04	+0.500
57.200	+3.396e+03	+3.857e+03	+9.048e+03	+0.532
57.300	+4.672e+03	+5.119e+03	+1.064e+04	+0.523
57.400	+5.729e+03	+6.412e+03	+9.688e+03	+0.528
57.500	+5.918e+03	+5.581e+03	+1.108e+04	+0.485
57.600	+4.317e+03	+4.902e+03	+9.676e+03	+0.532
57.700	+5.081e+03	+5.927e+03	+1.014e+04	+0.538
57.800	+5.455e+03	+4.739e+03	+9.658e+03	+0.465
57.900	+5.425e+03	+5.614e+03	+1.049e+04	+0.509
58.000	+4.186e+03	+4.786e+03	+9.896e+03	+0.533
58.100	+5.301e+03	+4.813e+03	+9.959e+03	+0.476
58.200	+6.159e+03	+6.265e+03	+8.921e+03	+0.504
58.300	+5.218e+03	+4.818e+03	+9.901e+03	+0.480
58.400	+4.071e+03	+4.862e+03	+9.647e+03	+0.544
58.500	+5.096e+03	+4.233e+03	+1.044e+04	+0.454
58.600	+6.275e+03	+3.602e+03	+1.019e+04	+0.365
58.700	+7.923e+03	+3.990e+03	+1.064e+04	+0.335
58.800	+9.232e+03	+2.754e+03	+9.216e+03	+0.230
58.900	+7.149e+03	+2.209e+03	+1.109e+04	+0.236
59.000	+7.405e+03	+2.292e+03	+1.043e+04	+0.236
59.100	+7.154e+03	+2.123e+03	+1.096e+04	+0.229
59.200	+6.812e+03	+2.416e+03	+8.826e+03	+0.262
59.300	+7.383e+03	+2.627e+03	+1.002e+04	+0.262
59.400	+7.590e+03	+2.160e+03	+9.916e+03	+0.222
59.500	+7.623e+03	+3.109e+03	+9.802e+03	+0.290
59.600	+6.503e+03	+2.728e+03	+9.168e+03	+0.296
59.700	+6.360e+03	+2.501e+03	+9.801e+03	+0.282
59.800	+8.291e+03	+3.934e+03	+1.003e+04	+0.322
59.900	+6.285e+03	+2.789e+03	+9.497e+03	+0.307
60.000	+7.048e+03	+2.819e+03	+9.527e+03	+0.286
60.100	+8.575e+03	+3.110e+03	+9.969e+03	+0.266
60.200	+7.337e+03	+1.441e+03	+1.046e+04	+0.164
60.300	+4.121e+03	+4.291e+03	+9.799e+03	+0.510
60.400	+5.068e+03	+4.690e+03	+9.795e+03	+0.481
60.500	+3.037e+03	+7.436e+03	+9.979e+03	+0.710
60.600	+9.085e+02	+8.358e+03	+1.103e+04	+0.902
60.700	+2.120e+03	+9.007e+03	+1.135e+04	+0.810
60.800	+1.872e+03	+8.062e+03	+1.000e+04	+0.812
60.900	+1.682e+03	+6.823e+03	+9.534e+03	+0.802
61.000	+3.961e+03	+6.763e+03	+9.669e+03	+0.631
61.100	+4.626e+03	+4.323e+03	+8.575e+03	+0.483
61.200	+3.832e+03	+4.778e+03	+1.041e+04	+0.555
61.300	+4.359e+03	+5.833e+03	+9.389e+03	+0.572
61.400	+5.165e+03	+5.151e+03	+1.067e+04	+0.499
61.500	+5.094e+03	+4.433e+03	+1.025e+04	+0.465
61.600	+5.159e+03	+4.743e+03	+1.066e+04	+0.479
61.700	+3.646e+03	+5.386e+03	+9.623e+03	+0.596
61.800	+5.021e+03	+5.871e+03	+1.086e+04	+0.539
61.900	+4.938e+03	+4.779e+03	+9.044e+03	+0.492
62.000	+4.495e+03	+4.450e+03	+9.808e+03	+0.497
62.100	+4.550e+03	+4.863e+03	+9.917e+03	+0.517
62.200	+5.825e+03	+5.353e+03	+9.942e+03	+0.479
62.300	+5.677e+03	+4.276e+03	+1.014e+04	+0.430
62.400	+5.622e+03	+5.634e+03	+1.093e+04	+0.501
62.500	+4.492e+03	+5.358e+03	+9.126e+03	+0.544
62.600	+4.608e+03	+5.178e+03	+1.083e+04	+0.529
62.700	+7.399e+03	+4.450e+03	+1.013e+04	+0.376
62.800	+6.811e+03	+1.414e+03	+1.057e+04	+0.172
62.900	+7.578e+03	+2.837e+03	+9.993e+03	+0.272
63.000	+7.938e+03	+2.005e+03	+1.064e+04	+0.202
63.100	+7.287e+03	+2.205e+03	+1.019e+04	+0.232
63.200	+6.533e+03	+2.242e+03	+1.055e+04	+0.256
63.300	+6.157e+03	+1.941e+03	+9.799e+03	+0.240
63.400	+7.464e+03	+2.367e+03	+8.962e+03	+0.241
63.500	+7.278e+03	+1.881e+03	+1.006e+04	+0.205
63.600	+7.176e+03	+2.206e+03	+1.054e+04	+0.235
63.700	+7.497e+03	+1.534e+03	+1.076e+04	+0.170
63.800	+6.710e+03	+2.981e+03	+1.036e+04	+0.308
63.900	+8.171e+03	+3.039e+03	+1.126e+04	+0.271
64.000	+8.151e+03	+3.487e+03	+1.049e+04	+0.300
64.100	+8.250e+03	+1.413e+03	+1.050e+04	+0.146
64.200	+7.824e+03	+2.787e+03	+1.054e+04	+0.263
64.300	+7.558e+03	+2.341e+03	+1.017e+04	+0.236
64.400	+6.954e+03	+3.118e+03	+1.078e+04	+0.310
64.500	+7.010e+03	+1.767e+03	+9.943e+03	+0.201
64.600	+8.433e+03	+2.219e+03	+9.354e+03	+0.208
64.700	+7.860e+03	+3.224e+03	+9.874e+03	+0.291
64.800	+5.551e+03	+4.914e+03	+9.863e+03	+0.470
64.900	+1.759e+03	+8.445e+03	+9.128e+03	+0.828
65.000	+2.028e+03	+8.823e+03	+1.062e+04	+0.813
65.100	+1.572e+03	+8.339e+03	+9.410e+03	+0.841
65.200	+2.521e+03	+6.788e+03	+9.887e+03	+0.729
65.300	+2.130e+03	+8.123e+03	+1.067e+04	+0.792
65.400	+2.019e+03	+7.713e+03	+1.001e+04	+0.793
65.500	+1.308e+03	+7.459e+03	+1.041e+04	+0.851
65.600	+9.279e+02	+7.209e+03	+1.082e+04	+0.886
65.700	+1.614e+03	+7.853e+03	+1.010e+04	+0.829
65.800	+2.708e+03	+7.133e+03	+9.509e+03	+0.725
65.900	+3.131e+03	+8.686e+03	+1.179e+04	+0.735
66.000	+3.076e+03	+7.150e+03	+1.004e+04	+0.699
66.100	+2.567e+03	+7.081e+03	+9.873e+03	+0.734
66.200	+1.515e+03	+7.562e+03	+1.043e+04	+0.833
66.300	+1.913e+03	+9.094e+03	+1.042e+04	+0.826
66.400	+2.588e+03	+7.140e+03	+9.661e+03	+0.734
66.500	+2.566e+03	+8.965e+03	+9.823e+03	+0.777
66.600	+3.238e+03	+7.932e+03	+1.030e+04	+0.710
66.700	+1.998e+03	+7.574e+03	+9.886e+03	+0.791
66.800	+1.806e+03	+7.858e+03	+1.097e+04	+0.813
66.900	+1.871e+03	+7.977e+03	+9.284e+03	+0.810
67.000	+1.326e+03	+7.559e+03	+9.096e+03	+0.851
67.100	+1.993e+03	+9.077e+03	+9.428e+03	+0.820
67.200	+6.441e+02	+7.690e+03	+9.390e+03	+0.923
67.300	+1.334e+03	+7.692e+03	+9.154e+03	+0.852
67.400	+1.591e+03	+7.655e+03	+9.843e+03	+0.828
67.500	+1.758e+03	+7.809e+03	+1.058e+04	+0.816
67.600	+2.051e+03	+6.950e+03	+1.033e+04	+0.772
67.700	+3.582e+03	+5.159e+03	+1.024e+04	+0.590
67.800	+4.825e+03	+5.157e+03	+9.416e+03	+0.517
67.900	+1.872e+03	+7.573e+03	+9.917e+03	+0.802
68.000	+1.641e+03	+7.445e+03	+9.847e+03	+0.819
68.100	+2.393e+03	+6.796e+03	+1.016e+04	+0.740
68.200	+2.728e+03	+7.173e+03	+9.730e+03	+0.724
68.300	+1.657e+03	+8.034e+03	+1.125e+04	+0.829
68.400	+8.840e+02	+9.524e+03	+8.458e+03	+0.915
68.500	+2.919e+03	+6.807e+03	+9.108e+03	+0.700
68.600	+1.410e+03	+7.219e+03	+9.942e+03	+0.837
68.700	+1.185e+03	+8.025e+03	+9.456e+03	+0.871
68.800	+2.361e+03	+7.192e+03	+1.023e+04	+0.753
68.900	+2.558e+03	+8.670e+03	+1.079e+04	+0.772
69.000	+1.366e+03	+7.086e+03	+1.001e+04	+0.838
69.100	+2.084e+03	+7.746e+03	+9.482e+03	+0.788
69.200	+1.055e+03	+7.075e+03	+1.108e+04	+0.870
69.300	+3.035e+03	+7.560e+03	+1.013e+04	+0.714
69.400	+4.097e+03	+4.607e+03	+9.911e+03	+0.529
69.500	+3.889e+03	+5.632e+03	+9.491e+03	+0.592
69.600	+5.032e+03	+5.170e+03	+9.973e+03	+0.507
69.700	+5.862e+03	+6.021e+03	+9.926e+03	+0.507
69.800	+4.971e+03	+5.525e+03	+9.083e+03	+0.526
69.900	+5.357e+03	+5.957e+03	+9.457e+03	+0.526
70.000	+5.397e+03	+5.306e+03	+1.019e+04	+0.496
70.100	+4.181e+03	+3.977e+03	+1.086e+04	+0.488
70.200	+5.566e+03	+5.028e+03	+9.102e+03	+0.475
70.300	+4.885e+03	+4.827e+03	+1.073e+04	+0.497
70.400	+5.334e+03	+4.829e+03	+8.601e+03	+0.475
70.500	+3.771e+03	+4.615e+03	+1.125e+04	+0.550
70.600	+4.893e+03	+5.047e+03	+1.166e+04	+0.508
70.700	+4.840e+03	+6.727e+03	+8.242e+03	+0.582
70.800	+5.839e+03	+5.393e+03	+9.989e+03	+0.480
70.900	+5.121e+03	+4.808e+03	+1.031e+04	+0.484
71.000	+3.889e+03	+4.145e+03	+9.688e+03	+0.516
71.100	+4.374e+03	+5.604e+03	+9.629e+03	+0.562
71.200	+5.874e+03	+4.295e+03	+1.062e+04	+0.422
71.300	+4.377e+03	+4.068e+03	+1.011e+04	+0.482
71.400	+4.896e+03	+5.516e+03	+9.204e+03	+0.530
71.500	+5.395e+03	+5.846e+03	+1.021e+04	+0.520
71.600	+5.023e+03	+4.254e+03	+9.721e+03	+0.459
71.700	+4.405e+03	+5.225e+03	+1.059e+04	+0.543
71.800	+4.419e+03	+3.228e+03	+9.944e+03	+0.422
71.900	+5.457e+03	+5.168e+03	+1.069e+04	+0.486
72.000	+5.048e+03	+4.306e+03	+1.001e+04	+0.460
72.100	+4.743e+03	+4.430e+03	+8.953e+03	+0.483
72.200	+4.942e+03	+4.725e+03	+9.511e+03	+0.489
72.300	+5.732e+03	+4.965e+03	+1.022e+04	+0.464
72.400	+5.660e+03	+4.929e+03	+8.659e+03	+0.465
72.500	+5.141e+03	+5.742e+03	+1.054e+04	+0.528
72.600	+4.944e+03	+4.745e+03	+9.964e+03	+0.490
72.700	+4.480e+03	+4.323e+03	+1.030e+04	+0.491
72.800	+3.697e+03	+5.959e+03	+9.522e+03	+0.617
72.900	+1.777e+01	+8.177e+03	+8.280e+03	+0.998
73.000	+6.393e+03	+4.041e+03	+1.073e+04	+0.387
73.100	+2.557e+03	+6.668e+03	+1.046e+04	+0.723
73.200	+2.361e+03	+8.516e+03	+9.608e+03	+0.783
73.300	+1.930e+03	+9.354e+03	+8.741e+03	+0.829
73.400	+2.581e+03	+9.408e+03	+1.038e+04	+0.785
73.500	+2.823e+03	+7.923e+03	+1.100e+04	+0.737
73.600	+2.119e+03	+7.762e+03	+9.731e+03	+0.786
73.700	+2.060e+03	+7.003e+03	+9.110e+03	+0.773
73.800	+2.254e+03	+7.924e+03	+9.900e+03	+0.779
73.900	+7.140e+02	+8.023e+03	+1.060e+04	+0.918
74.000	+2.608e+03	+8.102e+03	+9.636e+03	+0.756
74.100	+3.673e+03	+6.824e+03	+1.099e+04	+0.650
74.200	+2.174e+03	+7.770e+03	+1.115e+04	+0.781
74.300	+3.467e+02	+7.510e+03	+9.368e+03	+0.956
74.400	+3.093e+03	+7.822e+03	+1.006e+04	+0.717
74.500	+2.546e+03	+7.663e+03	+9.663e+03	+0.751
74.600	+2.189e+03	+8.556e+03	+8.751e+03	+0.796
74.700	+3.637e+03	+6.948e+03	+1.006e+04	+0.656
74.800	+4.906e+03	+5.170e+03	+9.433e+03	+0.513
74.900	+4.785e+03	+5.945e+03	+9.725e+03	+0.554
75.000	+5.300e+03	+4.035e+03	+9.985e+03	+0.432
75.100	+4.835e+03	+5.041e+03	+9.925e+03	+0.510
75.200	+4.071e+03	+3.876e+03	+1.052e+04	+0.488
75.300	+5.420e+03	+4.654e+03	+9.655e+03	+0.462
75.400	+5.056e+03	+5.293e+03	+1.125e+04	+0.511
75.500	+4.778e+03	+5.232e+03	+9.861e+03	+0.523
75.600	+4.665e+03	+5.394e+03	+1.086e+04	+0.536
75.700	+3.199e+03	+4.944e+03	+1.025e+04	+0.607
75.800	+4.788e+03	+6.353e+03	+8.853e+03	+0.570
75.900	+4.561e+03	+3.910e+03	+9.354e+03	+0.462
76.000	+4.801e+03	+5.194e+03	+9.537e+03	+0.520
76.100	+5.727e+03	+4.793e+03	+8.865e+03	+0.456
76.200	+4.828e+03	+5.601e+03	+9.650e+03	+0.537
76.300	+6.705e+03	+5.296e+03	+8.986e+03	+0.441
76.400	+4.750e+03	+5.198e+03	+1.033e+04	+0.522
76.500	+3.826e+03	+5.223e+03	+9.360e+03	+0.577
76.600	+5.194e+03	+4.854e+03	+9.951e+03	+0.483
76.700	+7.648e+03	+2.984e+03	+1.037e+04	+0.281
76.800	+7.333e+03	+3.675e+03	+9.318e+03	+0.334
76.900	+6.255e+03	+1.739e+03	+1.135e+04	+0.218
77.000	+8.137e+03	+3.320e+03	+1.025e+04	+0.290
77.100	+7.458e+03	+2.434e+03	+9.772e+03	+0.246
77.200	+6.957e+03	+4.035e+03	+9.263e+03	+0.367
77.300	+5.085e+03	+5.168e+03	+9.518e+03	+0.504
77.400	+3.335e+03	+4.572e+03	+1.100e+04	+0.578
77.500	+5.487e+03	+4.399e+03	+9.987e+03	+0.445
77.600	+5.387e+03	+4.766e+03	+1.029e+04	+0.469
77.700	+4.289e+03	+4.852e+03	+1.029e+04	+0.531
77.800	+3.551e+03	+5.110e+03	+1.053e+04	+0.590
77.900	+4.880e+03	+4.721e+03	+9.303e+03	+0.492
78.000	+4.311e+03	+6.253e+03	+1.034e+04	+0.592
78.100	+5.400e+03	+4.745e+03	+1.016e+04	+0.468
78.200	+5.292e+03	+5.549e+03	+1.030e+04	+0.512
78.300	+5.087e+03	+4.582e+03	+9.321e+03	+0.474
78.400	+5.805e+03	+4.884e+03	+9.349e+03	+0.457
78.500	+2.754e+03	+5.919e+03	+9.804e+03	+0.682
78.600	+5.966e+03	+4.807e+03	+1.073e+04	+0.446
78.700	+4.405e+03	+3.937e+03	+1.129e+04	+0.472
78.800	+4.969e+03	+3.500e+03	+8.253e+03	+0.413
78.900	+3.775e+03	+4.315e+03	+1.002e+04	+0.533
79.000	+4.967e+03	+4.231e+03	+9.825e+03	+0.460
79.100	+5.283e+03	+5.267e+03	+9.066e+03	+0.499
79.200	+3.961e+03	+4.820e+03	+9.089e+03	+0.549
79.300	+4.698e+03	+6.441e+03	+9.951e+03	+0.578
79.400	+5.240e+03	+5.204e+03	+1.129e+04	+0.498
79.500	+5.301e+03	+6.083e+03	+8.532e+03	+0.534
79.600	+5.858e+03	+4.496e+03	+9.744e+03	+0.434
79.700	+4.406e+03	+5.514e+03	+1.061e+04	+0.556
79.800	+4.409e+03	+5.251e+03	+9.256e+03	+0.544
79.900	+5.019e+03	+6.039e+03	+1.093e+04	+0.546
80.000	+6.159e+03	+5.406e+03	+9.748e+03	+0.467
80.100	+4.518e+03	+5.865e+03	+1.001e+04	+0.565
80.200	+1.579e+03	+8.809e+03	+9.376e+03	+0.848
80.300	+1.519e+03	+7.867e+03	+8.504e+03	+0.838
80.400	+3.809e+03	+6.361e+03	+1.023e+04	+0.625
80.500	+3.715e+03	+4.719e+03	+1.064e+04	+0.560
80.600	+6.286e+03	+3.845e+03	+1.071e+04	+0.379
80.700	+4.824e+03	+6.030e+03	+1.013e+04	+0.556
80.800	+9.831e+02	+8.059e+03	+9.558e+03	+0.891
80.900	+1.910e+03	+8.268e+03	+9.235e+03	+0.812
81.000	+2.320e+03	+8.178e+03	+9.089e+03	+0.779
81.100	+2.117e+03	+7.945e+03	+1.007e+04	+0.790
81.200	+2.032e+03	+8.438e+03	+9.669e+03	+0.806
81.300	+1.954e+03	+8.572e+03	+9.714e+03	+0.814
81.400	+1.376e+03	+7.975e+03	+9.533e+03	+0.853
81.500	+6.663e+02	+7.088e+03	+8.452e+03	+0.914
81.600	+2.879e+03	+7.834e+03	+9.561e+03	+0.731
81.700	+2.436e+03	+7.832e+03	+9.542e+03	+0.763
81.800	+1.592e+03	+7.169e+03	+9.804e+03	+0.818
81.900	+2.025e+03	+6.870e+03	+1.042e+04	+0.772
82.000	+2.478e+03	+7.982e+03	+9.957e+03	+0.763
82.100	+1.881e+03	+8.593e+03	+1.040e+04	+0.820
82.200	+1.494e+03	+8.898e+03	+1.025e+04	+0.856
82.300	+2.085e+03	+7.412e+03	+9.909e+03	+0.780
82.400	+1.127e+03	+8.335e+03	+9.891e+03	+0.881
82.500	+1.982e+03	+7.328e+03	+1.090e+04	+0.787
82.600	+2.271e+03	+7.436e+03	+1.015e+04	+0.766
82.700	+3.083e+03	+7.896e+03	+9.911e+03	+0.719
82.800	+3.102e+03	+7.357e+03	+9.293e+03	+0.703
82.900	+1.553e+03	+7.086e+03	+9.979e+03	+0.820
83.000	+3.132e+03	+8.871e+03	+1.005e+04	+0.739
83.100	+2.041e+03	+8.236e+03	+1.007e+04	+0.801
83.200	+1.446e+03	+8.234e+03	+1.050e+04	+0.851
83.300	+2.822e+03	+8.176e+03	+9.262e+03	+0.743
83.400	+1.760e+03	+7.855e+03	+1.093e+04	+0.817
83.500	+2.995e+03	+8.827e+03	+1.118e+04	+0.747
83.600	+1.510e+03	+8.908e+03	+9.717e+03	+0.855
83.700	+1.890e+03	+8.955e+03	+9.811e+03	+0.826
83.800	+2.590e+03	+9.580e+03	+1.018e+04	+0.787
83.900	+1.164e+03	+7.843e+03	+9.929e+03	+0.871
84.000	+9.838e+02	+8.697e+03	+1.004e+04	+0.898
84.100	+3.027e+03	+8.056e+03	+1.050e+04	+0.727
84.200	+1.472e+03	+7.354e+03	+9.706e+03	+0.833
84.300	+2.497e+03	+6.869e+03	+1.078e+04	+0.733
84.400	+2.530e+03	+7.555e+03	+1.062e+04	+0.749
84.500	+1.711e+03	+8.875e+03	+1.021e+04	+0.838
84.600	+1.576e+03	+6.112e+03	+9.698e+03	+0.795
84.700	+2.141e+03	+8.588e+03	+9.275e+03	+0.800
84.800	+2.244e+03	+7.915e+03	+9.616e+03	+0.779
84.900	+1.483e+03	+7.802e+03	+1.156e+04	+0.840
85.000	+1.920e+03	+8.404e+03	+8.843e+03	+0.814
85.100	+1.498e+03	+8.849e+03	+9.806e+03	+0.855
85.200	+2.016e+03	+7.988e+03	+1.040e+04	+0.799
85.300	+1.867e+03	+8.763e+03	+1.034e+04	+0.824
85.400	+1.911e+03	+7.305e+03	+9.506e+03	+0.793
85.500	+2.891e+03	+8.193e+03	+9.419e+03	+0.739
85.600	+2.596e+03	+7.927e+03	+1.122e+04	+0.753
85.700	+1.038e+03	+8.544e+03	+9.050e+03	+0.892
85.800	+1.932e+03	+7.073e+03	+1.021e+04	+0.785
85.900	+1.037e+03	+8.327e+03	+8.956e+03	+0.889
86.000	+3.336e+03	+8.499e+03	+9.594e+03	+0.718
86.100	+3.037e+03	+7.495e+03	+1.020e+04	+0.712
86.200	+2.651e+03	+7.614e+03	+8.965e+03	+0.742
86.300	+2.549e+03	+8.295e+03	+9.491e+03	+0.765
86.400	+1.903e+03	+7.321e+03	+9.870e+03	+0.794
86.500	+2.735e+03	+8.889e+03	+1.014e+04	+0.765
86.600	+2.804e+03	+7.083e+03	+1.073e+04	+0.716
86.700	+2.825e+03	+7.885e+03	+9.823e+03	+0.736
86.800	+1.845e+03	+8.186e+03	+8.788e+03	+0.816
86.900	+2.882e+03	+8.570e+03	+9.921e+03	+0.748
87.000	+2.239e+03	+7.795e+03	+9.762e+03	+0.777
87.100	-4.917e+01	+7.195e+03	+8.805e+03	+1.007
87.200	+1.718e+03	+7.598e+03	+1.001e+04	+0.816
87.300	+2.481e+03	+7.635e+03	+8.956e+03	+0.755
87.400	+2.892e+03	+8.171e+03	+9.911e+03	+0.739
87.500	+2.139e+03	+8.202e+03	+8.547e+03	+0.793
87.600	+2.360e+03	+8.025e+03	+1.106e+04	+0.773
87.700	+2.468e+03	+8.669e+03	+9.458e+03	+0.778
87.800	+1.435e+03	+7.925e+03	+8.867e+03	+0.847
87.900	+2.555e+03	+7.658e+03	+9.757e+03	+0.750
88.000	+2.144e+03	+7.924e+03	+1.026e+04	+0.787
88.100	+1.529e+03	+7.783e+03	+1.034e+04	+0.836
88.200	+1.058e+03	+7.534e+03	+1.053e+04	+0.877
88.300	+2.054e+03	+7.321e+03	+1.058e+04	+0.781
88.400	+9.327e+02	+9.338e+03	+1.018e+04	+0.909
88.500	+2.848e+03	+7.905e+03	+9.382e+03	+0.735
88.600	+1.613e+03	+8.599e+03	+1.025e+04	+0.842
88.700	+1.374e+03	+7.301e+03	+1.011e+04	+0.842
88.800	+3.255e+03	+6.956e+03	+8.173e+03	+0.681
88.900	+5.369e+03	+5.014e+03	+1.035e+04	+0.483
89.000	+3.603e+03	+4.815e+03	+1.044e+04	+0.572
89.100	+4.696e+03	+5.956e+03	+1.052e+04	+0.559
89.200	+5.593e+03	+5.910e+03	+1.014e+04	+0.514
89.300	+8.542e+03	+1.839e+03	+1.047e+04	+0.177
89.400	+6.639e+03	+2.404e+03	+1.002e+04	+0.266
89.500	+7.305e+03	+1.471e+03	+1.090e+04	+0.168
89.600	+7.606e+03	+1.532e+03	+1.165e+04	+0.168
89.700	+7.572e+03	+2.785e+03	+1.053e+04	+0.269
89.800	+6.308e+03	+2.029e+03	+9.167e+03	+0.243
89.900	+7.870e+03	+2.214e+03	+9.394e+03	+0.220
90.000	+7.543e+03	+4.254e+03	+1.096e+04	+0.361
90.100	+6.806e+03	+2.441e+03	+9.998e+03	+0.264
90.200	+7.606e+03	+3.959e+03	+9.511e+03	+0.342
90.300	+7.243e+03	+2.850e+03	+9.722e+03	+0.282
90.400	+6.747e+03	+2.385e+03	+9.756e+03	+0.261
90.500	+7.959e+03	+1.691e+03	+9.965e+03	+0.175
90.600	+6.900e+03	+2.575e+03	+9.461e+03	+0.272
90.700	+8.122e+03	+2.452e+03	+1.012e+04	+0.232
90.800	+7.688e+03	+2.805e+03	+9.181e+03	+0.267
90.900	+7.846e+03	+2.919e+03	+9.342e+03	+0.271
91.000	+6.848e+03	+2.030e+03	+9.159e+03	+0.229
91.100	+7.480e+03	+2.647e+03	+9.120e+03	+0.261
91.200	+6.931e+03	+2.930e+03	+9.521e+03	+0.297
91.300	+6.935e+03	+2.799e+03	+9.056e+03	+0.288
91.400	+6.393e+03	+3.989e+03	+1.049e+04	+0.384
91.500	+6.162e+03	+4.329e+03	+1.033e+04	+0.413
91.600	+5.293e+03	+5.373e+03	+9.279e+03	+0.504
91.700	+3.958e+03	+5.694e+03	+9.565e+03	+0.590
91.800	+2.522e+03	+7.546e+03	+1.020e+04	+0.750
91.900	+1.907e+03	+8.680e+03	+1.012e+04	+0.820
92.000	+1.140e+03	+7.935e+03	+9.804e+03	+0.874
92.100	+1.257e+03	+8.174e+03	+9.356e+03	+0.867
92.200	+1.986e+03	+7.267e+03	+1.026e+04	+0.785
92.300	+6.889e+02	+8.017e+03	+9.884e+03	+0.921
92.400	+2.215e+03	+7.793e+03	+8.990e+03	+0.779
92.500	+2.612e+03	+8.569e+03	+1.032e+04	+0.766
92.600	+2.726e+03	+7.731e+03	+9.291e+03	+0.739
92.700	+1.023e+03	+7.731e+03	+9.753e+03	+0.883
92.800	+1.257e+03	+8.260e+03	+9.925e+03	+0.868
92.900	+3.028e+03	+8.597e+03	+1.078e+04	+0.740
93.000	+1.414e+03	+7.904e+03	+9.107e+03	+0.848
93.100	+2.422e+03	+8.383e+03	+9.732e+03	+0.776
93.200	+1.598e+03	+8.017e+03	+9.642e+03	+0.834
93.300	+2.058e+03	+7.450e+03	+9.329e+03	+0.784
93.400	+2.049e+03	+8.992e+03	+1.047e+04	+0.814
93.500	+2.152e+03	+6.919e+03	+1.023e+04	+0.763
93.600	+1.502e+03	+8.663e+03	+1.037e+04	+0.852
93.700	+1.078e+03	+8.418e+03	+1.053e+04	+0.886
93.800	+7.187e+02	+7.862e+03	+9.315e+03	+0.916
93.900	+2.190e+03	+8.275e+03	+9.364e+03	+0.791
94.000	+4.621e+03	+5.178e+03	+1.062e+04	+0.528
94.100	+4.394e+03	+6.339e+03	+1.105e+04	+0.591
94.200	+5.699e+03	+5.259e+03	+9.475e+03	+0.480
94.300	+3.794e+03	+6.466e+03	+1.069e+04	+0.630
94.400	+1.083e+03	+6.528e+03	+1.027e+04	+0.858
94.500	+2.007e+03	+7.186e+03	+9.559e+03	+0.782
94.600	+1.361e+03	+8.557e+03	+1.160e+04	+0.863
94.700	+9.902e+02	+8.098e+03	+9.201e+03	+0.891
94.800	+1.026e+03	+6.799e+03	+9.447e+03	+0.869
94.900	+2.311e+03	+7.764e+03	+9.759e+03	+0.771
95.000	+2.575e+03	+8.185e+03	+9.537e+03	+0.761
95.100	+1.469e+03	+6.933e+03	+1.014e+04	+0.825
95.200	+2.319e+03	+7.377e+03	+9.528e+03	+0.761
95.300	+1.311e+03	+7.891e+03	+1.106e+04	+0.857
95.400	+2.351e+03	+7.359e+03	+9.807e+03	+0.758
95.500	+2.767e+03	+7.563e+03	+9.713e+03	+0.732
95.600	+2.017e+03	+7.879e+03	+1.061e+04	+0.796
95.700	+1.200e+03	+8.389e+03	+1.046e+04	+0.875
95.800	+2.477e+03	+8.013e+03	+1.030e+04	+0.764
95.900	+2.675e+03	+7.620e+03	+1.025e+04	+0.740
96.000	+1.558e+03	+8.211e+03	+9.896e+03	+0.840
96.100	+1.381e+03	+8.316e+03	+1.044e+04	+0.858
96.200	+2.496e+03	+8.643e+03	+1.057e+04	+0.776
96.300	+2.870e+03	+8.110e+03	+1.003e+04	+0.739
96.400	+1.306e+03	+7.982e+03	+8.785e+03	+0.859
96.500	+1.644e+03	+6.872e+03	+9.906e+03	+0.807
96.600	+2.388e+03	+7.182e+03	+1.053e+04	+0.750
96.700	+2.622e+03	+8.117e+03	+9.624e+03	+0.756
96.800	+3.582e+02	+7.230e+03	+1.055e+04	+0.953
96.900	+2.118e+03	+7.879e+03	+1.083e+04	+0.788
97.000	+6.107e+03	+5.855e+03	+8.144e+03	+0.489
97.100	+4.178e+03	+5.754e+03	+8.773e+03	+0.579
97.200	+4.956e+03	+5.248e+03	+1.127e+04	+0.514
97.300	+2.384e+03	+7.144e+03	+1.097e+04	+0.750
97.400	+1.801e+03	+7.068e+03	+1.076e+04	+0.797
97.500	+3.337e+03	+8.522e+03	+1.090e+04	+0.719
97.600	+2.416e+03	+8.576e+03	+1.133e+04	+0.780
97.700	+2.101e+03	+6.767e+03	+9.947e+03	+0.763
97.800	+2.122e+03	+7.805e+03	+9.402e+03	+0.786
97.900	+3.116e+03	+6.255e+03	+9.938e+03	+0.667
98.000	+1.588e+03	+8.085e+03	+8.913e+03	+0.836
98.100	+3.108e+03	+7.914e+03	+9.142e+03	+0.718
98.200	+1.258e+03	+8.088e+03	+1.009e+04	+0.865
98.300	+2.064e+03	+7.627e+03	+9.406e+03	+0.787
98.400	+6.731e+03	+2.945e+03	+1.016e+04	+0.304
98.500	+7.891e+03	+3.622e+03	+9.338e+03	+0.315
98.600	+7.048e+03	+1.594e+03	+1.008e+04	+0.184
98.700	+8.425e+03	+2.937e+03	+9.295e+03	+0.259
98.800	+9.125e+03	+2.250e+03	+1.070e+04	+0.198
98.900	+8.723e+03	+2.404e+03	+9.799e+03	+0.216
99.000	+6.807e+03	+3.487e+03	+1.017e+04	+0.339
99.100	+7.251e+03	+2.159e+03	+9.685e+03	+0.229
99.200	+7.559e+03	+3.294e+03	+1.073e+04	+0.304
99.300	+6.736e+03	+1.194e+03	+1.043e+04	+0.151
99.400	+8.210e+03	+3.148e+03	+1.051e+04	+0.277
99.500	+7.153e+03	+2.090e+03	+9.824e+03	+0.226
99.600	+8.328e+03	+1.990e+03	+8.598e+03	+0.193
99.700	+7.687e+03	+1.860e+03	+9.640e+03	+0.195
99.800	+7.401e+03	+1.055e+03	+1.006e+04	+0.125
99.900	+6.278e+03	+2.768e+03	+9.235e+03	+0.306
100.000	+8.082e+03	+2.845e+03	+1.112e+04	+0.260
100.100	+8.554e+03	+2.967e+03	+9.598e+03	+0.258
100.200	+8.273e+03	+1.872e+03	+1.013e+04	+0.185
100.300	+7.245e+03	+1.755e+03	+8.968e+03	+0.195
100.400	+7.676e+03	+2.891e+03	+1.033e+04	+0.274
100.500	+6.921e+03	+3.096e+03	+9.576e+03	+0.309
100.600	+7.301e+03	+3.703e+03	+9.915e+03	+0.337
100.700	+6.382e+03	+1.290e+03	+9.144e+03	+0.168
100.800	+6.624e+03	+1.787e+03	+1.117e+04	+0.212
100.900	+8.177e+03	+2.564e+03	+1.036e+04	+0.239
101.000	+7.495e+03	+3.470e+03	+9.812e+03	+0.316
101.100	+8.697e+03	+3.422e+03	+1.113e+04	+0.282
101.200	+8.083e+03	+2.147e+03	+9.676e+03	+0.210
101.300	+7.463e+03	+2.242e+03	+1.022e+04	+0.231
101.400	+7.648e+03	+2.658e+03	+1.004e+04	+0.258
101.500	+7.246e+03	+2.250e+03	+1.000e+04	+0.237
101.600	+6.673e+03	+2.078e+03	+9.047e+03	+0.237
101.700	+8.992e+03	+2.128e+03	+9.873e+03	+0.191
101.800	+8.246e+03	+2.682e+03	+1.041e+04	+0.245
101.900	+7.848e+03	+2.667e+03	+1.073e+04	+0.254
102.000	+7.319e+03	+2.594e+03	+8.374e+03	+0.262
102.100	+6.810e+03	+2.396e+03	+1.027e+04	+0.260
102.200	+6.407e+03	+3.230e+03	+1.166e+04	+0.335
102.300	+6.783e+03	+3.332e+03	+7.553e+03	+0.329
102.400	+8.371e+03	+3.737e+03	+9.294e+03	+0.309
102.500	+7.158e+03	+2.545e+03	+1.047e+04	+0.262
102.600	+7.806e+03	+1.896e+03	+1.028e+04	+0.195
102.700	+6.969e+03	+1.648e+03	+1.120e+04	+0.191
102.800	+7.683e+03	+2.315e+03	+9.147e+03	+0.232
102.900	+6.241e+03	+2.778e+03	+9.684e+03	+0.308
103.000	+6.944e+03	+2.229e+03	+1.001e+04	+0.243
103.100	+7.098e+03	+2.526e+03	+1.093e+04	+0.262
103.200	+7.783e+03	+2.461e+03	+9.484e+03	+0.240
103.300	+5.236e+03	+4.358e+03	+1.019e+04	+0.454
103.400	+5.083e+03	+4.422e+03	+1.037e+04	+0.465
103.500	+8.139e+03	+1.958e+03	+1.097e+04	+0.194
103.600	+7.964e+03	+2.543e+03	+9.369e+03	+0.242
103.700	+7.780e+03	+2.455e+03	+1.018e+04	+0.240
103.800	+7.893e+03	+2.016e+03	+9.605e+03	+0.203
103.900	+7.486e+03	+2.447e+03	+1.067e+04	+0.246
104.000	+6.600e+03	+1.932e+03	+9.118e+03	+0.226
104.100	+8.108e+03	+2.930e+03	+1.075e+04	+0.265
104.200	+6.791e+03	+2.793e+03	+1.008e+04	+0.291
104.300	+7.093e+03	+2.492e+03	+1.011e+04	+0.260
104.400	+7.719e+03	+1.291e+03	+1.048e+04	+0.143
104.500	+6.168e+03	+2.516e+03	+9.000e+03	+0.290
104.600	+6.654e+03	+2.261e+03	+9.913e+03	+0.254
104.700	+7.780e+03	+9.788e+02	+1.055e+04	+0.112
104.800	+6.843e+03	+2.410e+03	+1.030e+04	+0.260
104.900	+7.217e+03	+2.038e+03	+1.118e+04	+0.220
105.000	+7.207e+03	+4.025e+03	+8.253e+03	+0.358
105.100	+4.717e+03	+5.103e+03	+1.040e+04	+0.520
105.200	+5.692e+03	+4.089e+03	+1.012e+04	+0.418
105.300	+5.696e+03	+4.618e+03	+1.010e+04	+0.448
105.400	+5.567e+03	+5.460e+03	+1.060e+04	+0.495
105.500	+4.971e+03	+5.666e+03	+9.931e+03	+0.533
105.600	+4.841e+03	+5.505e+03	+1.105e+04	+0.532
105.700	+5.772e+03	+4.096e+03	+1.004e+04	+0.415
105.800	+5.350e+03	+5.092e+03	+9.274e+03	+0.488
105.900	+5.380e+03	+6.208e+03	+1.021e+04	+0.536
106.000	+5.636e+03	+5.661e+03	+1.028e+04	+0.501
106.100	+3.722e+03	+6.069e+03	+1.009e+04	+0.620
106.200	+4.518e+03	+5.079e+03	+1.020e+04	+0.529
106.300	+4.512e+03	+4.771e+03	+9.901e+03	+0.514
106.400	+4.604e+03	+5.401e+03	+1.034e+04	+0.540
106.500	+3.504e+03	+5.701e+03	+1.051e+04	+0.619
106.600	+4.838e+03	+4.012e+03	+1.109e+04	+0.453
106.700	+5.068e+03	+5.121e+03	+9.095e+03	+0.503
106.800	+4.992e+03	+5.546e+03	+9.524e+03	+0.526
106.900	+5.191e+03	+4.591e+03	+8.846e+03	+0.469
107.000	+5.487e+03	+4.743e+03	+9.743e+03	+0.464
107.100	+5.894e+03	+6.070e+03	+9.237e+03	+0.507
107.200	+4.569e+03	+5.091e+03	+9.808e+03	+0.527
107.300	+6.733e+03	+4.787e+03	+1.033e+04	+0.416
107.400	+5.935e+03	+4.976e+03	+9.067e+03	+0.456
107.500	+4.834e+03	+5.559e+03	+1.046e+04	+0.535
107.600	+4.999e+03	+5.061e+03	+1.099e+04	+0.503
107.700	+4.783e+03	+5.847e+03	+1.023e+04	+0.550
107.800	+5.054e+03	+5.971e+03	+1.067e+04	+0.542
107.900	+5.635e+03	+3.869e+03	+1.021e+04	+0.407
108.000	+5.494e+03	+5.169e+03	+9.545e+03	+0.485
108.100	+5.927e+03	+5.761e+03	+9.822e+03	+0.493
108.200	+5.780e+03	+3.676e+03	+9.785e+03	+0.389
108.300	+5.128e+03	+5.774e+03	+1.014e+04	+0.530
108.400	+6.734e+03	+5.340e+03	+8.189e+03	+0.442
108.500	+6.328e+03	+4.587e+03	+1.104e+04	+0.420
108.600	+4.805e+03	+6.075e+03	+9.629e+03	+0.558
108.700	+5.021e+03	+4.194e+03	+1.018e+04	+0.455
108.800	+4.133e+03	+4.873e+03	+1.016e+04	+0.541
108.900	+2.545e+03	+7.201e+03	+9.224e+03	+0.739
109.000	+1.697e+03	+7.365e+03	+8.611e+03	+0.813
109.100	+2.855e+03	+7.434e+03	+8.381e+03	+0.723
109.200	+2.339e+03	+7.696e+03	+9.242e+03	+0.767
109.300	+1.435e+03	+8.168e+03	+9.841e+03	+0.851
109.400	+3.242e+03	+5.883e+03	+1.024e+04	+0.645
109.500	+5.026e+03	+6.231e+03	+1.097e+04	+0.554
109.600	+7.031e+03	+4.589e+03	+9.918e+03	+0.395
109.700	+4.783e+03	+5.436e+03	+1.034e+04	+0.532
109.800	+5.603e+03	+5.528e+03	+9.716e+03	+0.497
109.900	+4.957e+03	+4.445e+03	+9.769e+03	+0.473
110.000	+5.474e+03	+5.035e+03	+1.114e+04	+0.479
110.100	+5.699e+03	+5.517e+03	+1.015e+04	+0.492
110.200	+4.897e+03	+3.977e+03	+9.997e+03	+0.448
110.300	+4.793e+03	+5.620e+03	+9.519e+03	+0.540
110.400	+4.781e+03	+6.468e+03	+9.860e+03	+0.575
110.500	+5.158e+03	+3.979e+03	+1.000e+04	+0.436
110.600	+6.382e+03	+3.277e+03	+1.134e+04	+0.339
110.700	+7.690e+03	+2.231e+03	+1.075e+04	+0.225
110.800	+7.191e+03	+2.139e+03	+1.045e+04	+0.229
110.900	+6.878e+03	+3.163e+03	+1.112e+04	+0.315
111.000	+6.307e+03	+1.091e+03	+1.053e+04	+0.147
111.100	+7.792e+03	+2.254e+03	+1.026e+04	+0.224
111.200	+7.901e+03	+3.643e+03	+1.076e+04	+0.316
111.300	+7.795e+03	+3.234e+03	+9.268e+03	+0.293
111.400	+6.359e+03	+1.690e+03	+8.996e+03	+0.210
111.500	+7.764e+03	+2.978e+03	+1.039e+04	+0.277
111.600	+7.036e+03	+2.321e+03	+1.068e+04	+0.248
111.700	+8.035e+03	+2.273e+03	+1.061e+04	+0.221
111.800	+7.525e+03	+1.617e+03	+9.948e+03	+0.177
111.900	+7.464e+03	+2.384e+03	+8.984e+03	+0.242
112.000	+7.640e+03	+3.100e+03	+1.023e+04	+0.289
112.100	+8.036e+03	+3.143e+03	+1.099e+04	+0.281
112.200	+7.642e+03	+3.490e+03	+9.340e+03	+0.314
112.300	+7.181e+03	+1.720e+03	+1.057e+04	+0.193
112.400	+6.259e+03	+1.824e+03	+9.905e+03	+0.226
112.500	+5.256e+03	+4.108e+03	+9.690e+03	+0.439
112.600	+5.129e+03	+5.096e+03	+1.025e+04	+0.498
112.700	+4.733e+03	+6.322e+03	+1.091e+04	+0.572
112.800	+5.304e+03	+4.438e+03	+8.878e+03	+0.456
112.900	+6.041e+03	+5.396e+03	+1.014e+04	+0.472
113.000	+5.066e+03	+5.040e+03	+1.073e+04	+0.499
113.100	+3.258e+03	+4.808e+03	+1.024e+04	+0.596
113.200	+4.626e+03	+5.595e+03	+9.641e+03	+0.547
113.300	+4.694e+03	+4.929e+03	+9.580e+03	+0.512
113.400	+5.096e+03	+5.080e+03	+9.478e+03	+0.499
113.500	+5.386e+03	+4.498e+03	+9.869e+03	+0.455
113.600	+5.421e+03	+5.452e+03	+1.004e+04	+0.501
113.700	+4.571e+03	+4.794e+03	+1.042e+04	+0.512
113.800	+4.818e+03	+5.021e+03	+1.010e+04	+0.510
113.900	+4.406e+03	+4.662e+03	+9.712e+03	+0.514
114.000	+5.378e+03	+3.621e+03	+9.601e+03	+0.402
114.100	+4.853e+03	+4.850e+03	+9.149e+03	+0.500
114.200	+4.316e+03	+6.091e+03	+1.015e+04	+0.585
114.300	+4.411e+03	+3.508e+03	+8.813e+03	+0.443
114.400	+4.687e+03	+3.593e+03	+9.370e+03	+0.434
114.500	+5.056e+03	+6.057e+03	+1.071e+04	+0.545
114.600	+2.488e+03	+7.395e+03	+9.089e+03	+0.748
114.700	+2.552e+03	+6.943e+03	+1.084e+04	+0.731
114.800	+2.041e+03	+7.076e+03	+9.772e+03	+0.776
114.900	+1.011e+03	+7.605e+03	+9.326e+03	+0.883
115.000	+2.154e+03	+6.010e+03	+1.073e+04	+0.736
115.100	+2.859e+03	+8.068e+03	+9.181e+03	+0.738
115.200	+1.817e+03	+6.792e+03	+1.068e+04	+0.789
115.300	+2.397e+03	+8.672e+03	+9.176e+03	+0.783
115.400	+2.316e+03	+7.840e+03	+9.502e+03	+0.772
115.500	+2.482e+03	+8.113e+03	+1.139e+04	+0.766
115.600	+3.148e+03	+7.543e+03	+1.016e+04	+0.706
115.700	+1.950e+03	+8.645e+03	+1.046e+04	+0.816
115.800	+2.323e+03	+7.270e+03	+1.002e+04	+0.758
115.900	+1.968e+03	+6.901e+03	+9.285e+03	+0.778
116.000	+7.859e+02	+8.080e+03	+1.106e+04	+0.911
116.100	+1.405e+03	+8.608e+03	+9.745e+03	+0.860
116.200	+1.329e+03	+9.243e+03	+1.049e+04	+0.874
116.300	+2.919e+03	+7.277e+03	+9.550e+03	+0.714
116.400	+2.583e+03	+9.450e+03	+1.011e+04	+0.785
116.500	+2.898e+03	+6.941e+03	+9.718e+03	+0.705
116.600	-2.130e+01	+7.955e+03	+8.957e+03	+1.003
116.700	+1.296e+03	+7.830e+03	+1.154e+04	+0.858
116.800	+2.967e+03	+7.740e+03	+9.291e+03	+0.723
116.900	+1.823e+03	+7.167e+03	+1.088e+04	+0.797
117.000	+1.974e+03	+7.380e+03	+9.912e+03	+0.789
117.100	+2.078e+03	+6.951e+03	+9.989e+03	+0.770
117.200	+2.750e+03	+7.248e+03	+9.682e+03	+0.725
117.300	+3.928e+03	+4.472e+03	+9.945e+03	+0.532
117.400	+4.587e+03	+3.128e+03	+1.089e+04	+0.405
117.500	+3.978e+03	+5.373e+03	+1.000e+04	+0.575
117.600	+4.554e+03	+5.993e+03	+8.761e+03	+0.568
117.700	+7.955e+03	+3.165e+03	+9.654e+03	+0.285
117.800	+6.873e+03	+1.639e+03	+1.006e+04	+0.193
117.900	+8.059e+03	+2.335e+03	+1.054e+04	+0.225
118.000	+7.011e+03	+2.916e+03	+9.658e+03	+0.294
118.100	+8.635e+03	+3.530e+03	+1.029e+04	+0.290
118.200	+7.487e+03	+2.782e+03	+1.020e+04	+0.271
118.300	+6.767e+03	+2.363e+03	+1.073e+04	+0.259
118.400	+8.176e+03	+4.643e+03	+9.192e+03	+0.362
118.500	+8.324e+03	+1.196e+03	+9.999e+03	+0.126
118.600	+6.628e+03	+3.912e+03	+1.095e+04	+0.371
118.700	+7.406e+03	+2.121e+03	+1.011e+04	+0.223
118.800	+7.384e+03	+4.282e+03	+1.005e+04	+0.367
118.900	+7.979e+03	+2.553e+03	+9.933e+03	+0.242
119.000	+6.794e+03	+2.116e+03	+9.532e+03	+0.237
119.100	+7.208e+03	+2.443e+03	+1.054e+04	+0.253
119.200	+7.540e+03	+2.520e+03	+8.803e+03	+0.251
119.300	+7.376e+03	+3.186e+03	+8.940e+03	+0.302
119.400	+7.397e+03	+1.626e+03	+9.811e+03	+0.180
119.500	+7.318e+03	+1.862e+03	+9.740e+03	+0.203
119.600	+7.793e+03	+3.124e+03	+1.096e+04	+0.286
119.700	+6.924e+03	+1.775e+03	+9.320e+03	+0.204
119.800	+7.949e+03	+2.000e+03	+9.556e+03	+0.201
119.900	+6.614e+03	+1.770e+03	+1.049e+04	+0.211
120.000	+8.373e+03	+3.346e+03	+8.749e+03	+0.286
120.100	+6.587e+03	+3.437e+03	+9.838e+03	+0.343
120.200	+9.078e+03	+1.019e+03	+1.095e+04	+0.101
120.300	+7.963e+03	+1.845e+03	+1.092e+04	+0.188
120.400	+7.211e+03	+2.482e+03	+9.419e+03	+0.256
120.500	+6.220e+03	+1.987e+03	+8.694e+03	+0.242
120.600	+6.790e+03	+2.188e+03	+9.920e+03	+0.244
120.700	+8.058e+03	+3.086e+03	+9.487e+03	+0.277
120.800	+8.167e+03	+2.988e+03	+1.036e+04	+0.268
120.900	+6.409e+03	+3.901e+03	+1.026e+04	+0.378
121.000	+5.058e+03	+5.173e+03	+9.343e+03	+0.506
121.100	+4.545e+03	+4.604e+03	+1.080e+04	+0.503
121.200	+5.460e+03	+5.712e+03	+9.546e+03	+0.511
121.300	+5.483e+03	+4.538e+03	+9.360e+03	+0.453
121.400	+4.433e+03	+4.344e+03	+1.033e+04	+0.495
121.500	+5.664e+03	+5.381e+03	+9.212e+03	+0.487
121.600	+4.419e+03	+5.300e+03	+1.024e+04	+0.545
121.700	+6.118e+03	+5.117e+03	+8.079e+03	+0.455
121.800	+5.859e+03	+4.249e+03	+1.112e+04	+0.420
121.900	+5.732e+03	+3.973e+03	+9.315e+03	+0.409
122.000	+3.869e+03	+6.328e+03	+1.009e+04	+0.621
122.100	+2.578e+03	+8.342e+03	+1.060e+04	+0.764
122.200	+1.803e+03	+8.701e+03	+9.804e+03	+0.828
122.300	+2.213e+03	+8.112e+03	+9.249e+03	+0.786
122.400	+1.918e+03	+6.613e+03	+9.530e+03	+0.775
122.500	+2.186e+03	+7.706e+03	+9.296e+03	+0.779
122.600	+2.112e+03	+7.859e+03	+9.786e+03	+0.788
122.700	+1.632e+03	+8.101e+03	+1.183e+04	+0.832
122.800	+2.088e+03	+7.849e+03	+8.995e+03	+0.790
122.900	+3.713e+03	+5.939e+03	+1.055e+04	+0.615
123.000	+3.699e+03	+6.702e+03	+9.955e+03	+0.644
123.100	+4.328e+03	+5.326e+03	+1.116e+04	+0.552
123.200	+5.101e+03	+5.757e+03	+9.699e+03	+0.530
123.300	+5.585e+03	+5.518e+03	+7.999e+03	+0.497
123.400	+4.530e+03	+4.529e+03	+1.005e+04	+0.500
123.500	+4.860e+03	+5.280e+03	+1.080e+04	+0.521
123.600	+4.013e+03	+4.780e+03	+1.040e+04	+0.544
123.700	+5.779e+03	+5.438e+03	+1.047e+04	+0.485
123.800	+5.870e+03	+4.969e+03	+1.058e+04	+0.458
123.900	+4.755e+03	+5.247e+03	+9.977e+03	+0.525
124.000	+4.879e+03	+3.516e+03	+9.963e+03	+0.419
124.100	+5.609e+03	+4.418e+03	+1.026e+04	+0.441
124.200	+4.354e+03	+6.137e+03	+1.063e+04	+0.585
124.300	+4.214e+03	+4.505e+03	+9.906e+03	+0.517
124.400	+1.501e+03	+8.379e+03	+9.984e+03	+0.848
124.500	+2.454e+03	+7.800e+03	+9.280e+03	+0.761
124.600	+5.173e+02	+7.742e+03	+9.109e+03	+0.937
124.700	+1.270e+03	+7.974e+03	+1.044e+04	+0.863
124.800	+1.063e+03	+8.603e+03	+1.001e+04	+0.890
124.900	+2.134e+03	+7.537e+03	+1.032e+04	+0.779
125.000	+1.818e+03	+8.593e+03	+1.105e+04	+0.825
125.100	+8.286e+02	+8.279e+03	+1.091e+04	+0.909
125.200	+2.816e+03	+7.264e+03	+1.063e+04	+0.721
125.300	+1.188e+03	+7.791e+03	+1.035e+04	+0.868
125.400	+2.171e+03	+7.617e+03	+1.041e+04	+0.778
125.500	+1.708e+03	+8.339e+03	+9.481e+03	+0.830
125.600	+1.153e+03	+7.756e+03	+9.294e+03	+0.871
125.700	+1.838e+03	+7.258e+03	+1.065e+04	+0.798
125.800	+1.598e+03	+8.711e+03	+9.451e+03	+0.845
125.900	+1.249e+03	+8.070e+03	+9.343e+03	+0.866
126.000	+2.067e+03	+7.606e+03	+1.166e+04	+0.786
126.100	+3.235e+03	+8.047e+03	+9.685e+03	+0.713
126.200	+8.820e+02	+7.699e+03	+9.904e+03	+0.897
126.300	+1.515e+03	+7.530e+03	+1.085e+04	+0.833
126.400	+1.582e+03	+8.984e+03	+1.080e+04	+0.850
126.500	+1.934e+03	+7.445e+03	+1.094e+04	+0.794
126.600	+1.480e+03	+8.318e+03	+1.062e+04	+0.849
126.700	+1.028e+03	+8.900e+03	+1.158e+04	+0.896
126.800	+1.761e+03	+9.000e+03	+9.260e+03	+0.836
126.900	+1.079e+03	+8.421e+03	+1.044e+04	+0.886
127.000	+1.740e+03	+7.773e+03	+1.025e+04	+0.817
127.100	+1.591e+03	+7.416e+03	+9.431e+03	+0.823
127.200	+2.442e+03	+7.260e+03	+8.583e+03	+0.748
127.300	+1.951e+03	+7.673e+03	+9.262e+03	+0.797
127.400	+2.196e+03	+8.267e+03	+1.070e+04	+0.790
127.500	+3.115e+03	+8.860e+03	+9.516e+03	+0.740
