%t (s)	Idd (a.u.)	Ida (a.u.)	Iaa (a.u.)	FRET E
0.000	+8.317e+02	+7.755e+03	+1.004e+04	+0.903
0.100	+1.080e+03	+8.391e+03	+9.802e+03	+0.886
0.200	+3.342e+03	+7.001e+03	+9.692e+03	+0.677
0.300	+1.742e+03	+7.022e+03	+1.142e+04	+0.801
0.400	+5.115e+02	+8.302e+03	+9.623e+03	+0.942
0.500	+2.168e+03	+8.429e+03	+8.330e+03	+0.795
0.600	+3.143e+03	+8.800e+03	+1.013e+04	+0.737
0.700	+1.928e+03	+8.795e+03	+8.301e+03	+0.820
0.800	+2.993e+03	+6.532e+03	+1.015e+04	+0.686
0.900	+3.225e+03	+7.399e+03	+9.786e+03	+0.696
1.000	+1.131e+03	+7.584e+03	+1.028e+04	+0.870
1.100	+2.657e+03	+7.396e+03	+9.724e+03	+0.736
1.200	+3.164e+03	+7.754e+03	+1.015e+04	+0.710
1.300	+2.314e+03	+8.020e+03	+1.008e+04	+0.776
1.400	+1.645e+03	+8.154e+03	+9.674e+03	+0.832
1.500	+2.174e+03	+8.463e+03	+9.619e+03	+0.796
1.600	+3.809e+03	+8.094e+03	+1.119e+04	+0.680
1.700	+1.540e+03	+7.749e+03	+1.038e+04	+0.834
1.800	+1.590e+03	+8.221e+03	+9.266e+03	+0.838
1.900	+1.749e+03	+7.204e+03	+9.204e+03	+0.805
2.000	+1.791e+03	+8.233e+03	+1.035e+04	+0.821
2.100	+2.965e+03	+9.147e+03	+9.819e+03	+0.755
2.200	+2.650e+03	+8.067e+03	+1.029e+04	+0.753
2.300	+2.126e+03	+7.910e+03	+1.023e+04	+0.788
2.400	+1.984e+03	+9.527e+03	+9.338e+03	+0.828
2.500	+2.228e+03	+8.543e+03	+1.020e+04	+0.793
2.600	+3.208e+02	+8.446e+03	+1.086e+04	+0.963
2.700	+2.450e+03	+8.161e+03	+1.080e+04	+0.769
2.800	+1.449e+03	+8.414e+03	+9.833e+03	+0.853
2.900	+2.741e+03	+7.111e+03	+1.119e+04	+0.722
3.000	+2.590e+03	+8.578e+03	+1.133e+04	+0.768
3.100	+2.200e+03	+8.495e+03	+9.781e+03	+0.794
3.200	+2.020e+03	+6.167e+03	+9.979e+03	+0.753
3.300	+2.661e+03	+8.150e+03	+1.067e+04	+0.754
3.400	+1.417e+03	+8.274e+03	+8.200e+03	+0.854
3.500	+2.589e+03	+7.766e+03	+9.260e+03	+0.750
3.600	+2.126e+03	+8.441e+03	+1.045e+04	+0.799
3.700	+2.307e+03	+7.426e+03	+9.422e+03	+0.763
3.800	+2.217e+03	+8.190e+03	+9.538e+03	+0.787
3.900	+2.008e+03	+7.531e+03	+9.271e+03	+0.790
4.000	+2.043e+03	+8.464e+03	+1.044e+04	+0.806
4.100	+3.491e+03	+7.257e+03	+1.040e+04	+0.675
4.200	+4.921e+03	+4.819e+03	+9.770e+03	+0.495
4.300	+6.231e+03	+3.891e+03	+1.080e+04	+0.384
4.400	+5.282e+03	+4.390e+03	+1.050e+04	+0.454
4.500	+5.566e+03	+4.795e+03	+9.309e+03	+0.463
4.600	+5.254e+03	+4.685e+03	+1.039e+04	+0.471
4.700	+4.146e+03	+5.730e+03	+9.376e+03	+0.580
4.800	+5.231e+03	+5.600e+03	+1.004e+04	+0.517
4.900	+1.187e+03	+8.551e+03	+1.010e+04	+0.878
5.000	+2.449e+03	+7.553e+03	+9.225e+03	+0.755
5.100	+3.312e+03	+8.128e+03	+9.533e+03	+0.710
5.200	+1.518e+03	+8.278e+03	+9.062e+03	+0.845
5.300	+1.806e+03	+8.691e+03	+1.023e+04	+0.828
5.400	+2.455e+03	+8.044e+03	+8.869e+03	+0.766
5.500	+1.638e+03	+7.124e+03	+1.000e+04	+0.813
5.600	+1.997e+03	+7.488e+03	+1.068e+04	+0.789
5.700	+2.764e+03	+8.199e+03	+1.036e+04	+0.748
5.800	+2.463e+03	+7.993e+03	+9.882e+03	+0.764
5.900	+9.677e+02	+9.088e+03	+1.087e+04	+0.904
6.000	+1.879e+03	+8.832e+03	+9.266e+03	+0.825
6.100	+2.460e+03	+8.454e+03	+9.884e+03	+0.775
6.200	+1.435e+03	+8.138e+03	+8.299e+03	+0.850
6.300	+1.787e+03	+8.205e+03	+1.087e+04	+0.821
6.400	+1.583e+03	+7.627e+03	+1.024e+04	+0.828
6.500	+1.305e+03	+8.145e+03	+9.978e+03	+0.862
6.600	+4.363e+03	+5.920e+03	+1.012e+04	+0.576
6.700	+4.002e+03	+4.147e+03	+1.026e+04	+0.509
6.800	+4.705e+03	+5.286e+03	+1.031e+04	+0.529
6.900	+5.403e+03	+5.750e+03	+9.733e+03	+0.516
7.000	+4.526e+03	+6.527e+03	+1.034e+04	+0.591
7.100	+3.498e+03	+8.892e+03	+1.043e+04	+0.718
7.200	+2.423e+03	+7.683e+03	+1.042e+04	+0.760
7.300	+1.789e+03	+9.339e+03	+1.160e+04	+0.839
7.400	+2.754e+03	+7.979e+03	+1.039e+04	+0.743
7.500	+1.334e+03	+8.059e+03	+1.027e+04	+0.858
7.600	+2.541e+03	+7.288e+03	+9.957e+03	+0.741
7.700	+1.591e+03	+8.024e+03	+9.911e+03	+0.835
7.800	+2.321e+03	+8.358e+03	+9.785e+03	+0.783
7.900	+3.735e+03	+8.086e+03	+1.116e+04	+0.684
8.000	+1.392e+03	+7.563e+03	+1.053e+04	+0.845
8.100	+2.622e+03	+7.767e+03	+9.862e+03	+0.748
8.200	+4.373e+03	+6.410e+03	+1.092e+04	+0.594
8.300	+4.853e+03	+4.035e+03	+1.025e+04	+0.454
8.400	+2.089e+03	+7.463e+03	+1.058e+04	+0.781
8.500	+2.528e+03	+7.654e+03	+9.635e+03	+0.752
8.600	+1.745e+03	+9.104e+03	+1.007e+04	+0.839
8.700	+1.495e+03	+8.884e+03	+9.561e+03	+0.856
8.800	+2.232e+03	+7.097e+03	+1.032e+04	+0.761
8.900	+2.008e+03	+8.330e+03	+1.160e+04	+0.806
9.000	+2.426e+03	+8.453e+03	+1.037e+04	+0.777
9.100	+1.710e+03	+7.144e+03	+9.605e+03	+0.807
9.200	+1.548e+03	+7.791e+03	+1.064e+04	+0.834
9.300	+2.582e+03	+7.404e+03	+9.449e+03	+0.741
9.400	+1.328e+03	+7.576e+03	+1.189e+04	+0.851
9.500	+1.445e+03	+8.179e+03	+9.226e+03	+0.850
9.600	+1.800e+03	+8.099e+03	+1.018e+04	+0.818
9.700	+2.103e+03	+7.437e+03	+1.104e+04	+0.780
9.800	+1.512e+03	+9.028e+03	+9.657e+03	+0.857
9.900	-8.756e+00	+8.649e+03	+1.068e+04	+1.001
10.000	+2.679e+03	+8.983e+03	+9.094e+03	+0.770
10.100	+2.527e+03	+7.367e+03	+1.129e+04	+0.745
10.200	+2.938e+03	+9.212e+03	+9.882e+03	+0.758
10.300	+2.067e+03	+9.313e+03	+9.518e+03	+0.818
10.400	+2.166e+03	+6.743e+03	+1.191e+04	+0.757
10.500	+4.338e+03	+4.188e+03	+1.025e+04	+0.491
10.600	+5.487e+03	+5.642e+03	+1.114e+04	+0.507
10.700	+4.053e+03	+5.595e+03	+9.244e+03	+0.580
10.800	+5.161e+03	+5.776e+03	+9.878e+03	+0.528
10.900	+5.522e+03	+4.814e+03	+9.730e+03	+0.466
11.000	+4.632e+03	+5.869e+03	+8.972e+03	+0.559
11.100	+5.085e+03	+4.714e+03	+1.132e+04	+0.481
11.200	+6.163e+03	+4.953e+03	+9.672e+03	+0.446
11.300	+3.803e+03	+6.203e+03	+1.013e+04	+0.620
11.400	+4.714e+03	+3.963e+03	+1.007e+04	+0.457
11.500	+4.634e+03	+4.898e+03	+8.954e+03	+0.514
11.600	+3.818e+03	+5.743e+03	+9.847e+03	+0.601
11.700	+6.109e+03	+5.581e+03	+9.268e+03	+0.477
11.800	+5.027e+03	+3.819e+03	+1.090e+04	+0.432
11.900	+5.168e+03	+4.523e+03	+1.044e+04	+0.467
12.000	+4.954e+03	+4.913e+03	+1.016e+04	+0.498
12.100	+3.847e+03	+6.025e+03	+1.070e+04	+0.610
12.200	+5.241e+03	+4.433e+03	+1.035e+04	+0.458
12.300	+4.881e+03	+4.753e+03	+1.049e+04	+0.493
12.400	+5.140e+03	+5.036e+03	+9.730e+03	+0.495
12.500	+4.558e+03	+5.616e+03	+8.912e+03	+0.552
12.600	+5.359e+03	+4.348e+03	+9.009e+03	+0.448
12.700	+5.694e+03	+5.576e+03	+1.072e+04	+0.495
12.800	+5.181e+03	+6.045e+03	+9.558e+03	+0.538
12.900	+4.161e+03	+4.275e+03	+1.048e+04	+0.507
13.000	+5.901e+03	+3.349e+03	+1.140e+04	+0.362
13.100	+4.057e+03	+5.620e+03	+9.369e+03	+0.581
13.200	+5.020e+03	+5.185e+03	+1.157e+04	+0.508
13.300	+5.706e+03	+4.731e+03	+9.725e+03	+0.453
13.400	+4.567e+03	+6.057e+03	+1.093e+04	+0.570
13.500	+4.912e+03	+5.252e+03	+1.109e+04	+0.517
13.600	+3.448e+03	+4.434e+03	+8.795e+03	+0.563
13.700	+5.482e+03	+5.837e+03	+9.544e+03	+0.516
13.800	+4.873e+03	+5.176e+03	+9.547e+03	+0.515
13.900	+4.765e+03	+6.523e+03	+1.068e+04	+0.578
14.000	+4.385e+03	+4.706e+03	+8.781e+03	+0.518
14.100	+4.219e+03	+4.007e+03	+9.335e+03	+0.487
14.200	+4.997e+03	+5.249e+03	+8.829e+03	+0.512
14.300	+4.678e+03	+5.158e+03	+1.009e+04	+0.524
14.400	+5.697e+03	+5.551e+03	+8.926e+03	+0.494
14.500	+5.443e+03	+4.885e+03	+9.376e+03	+0.473
14.600	+5.041e+03	+5.516e+03	+1.021e+04	+0.523
14.700	+4.886e+03	+6.138e+03	+9.286e+03	+0.557
14.800	+4.871e+03	+4.370e+03	+9.261e+03	+0.473
14.900	+5.378e+03	+5.083e+03	+9.866e+03	+0.486
15.000	+5.197e+03	+5.817e+03	+1.056e+04	+0.528
15.100	+1.771e+03	+8.163e+03	+9.183e+03	+0.822
15.200	+1.185e+03	+1.006e+04	+1.029e+04	+0.895
15.300	+2.377e+03	+8.344e+03	+1.053e+04	+0.778
15.400	+4.194e+03	+5.075e+03	+9.262e+03	+0.548
15.500	+4.755e+03	+7.406e+03	+9.696e+03	+0.609
15.600	+5.827e+03	+5.223e+03	+9.824e+03	+0.473
15.700	+4.697e+03	+6.042e+03	+1.028e+04	+0.563
15.800	+6.386e+03	+4.307e+03	+1.015e+04	+0.403
15.900	+5.168e+03	+5.333e+03	+9.409e+03	+0.508
16.000	+4.347e+03	+4.359e+03	+1.057e+04	+0.501
16.100	+4.910e+03	+5.040e+03	+9.251e+03	+0.507
16.200	+5.615e+03	+5.497e+03	+1.099e+04	+0.495
16.300	+4.611e+03	+5.263e+03	+9.804e+03	+0.533
16.400	+6.452e+03	+3.947e+03	+1.005e+04	+0.380
16.500	+3.895e+03	+5.280e+03	+1.121e+04	+0.575
16.600	+4.335e+03	+5.662e+03	+1.115e+04	+0.566
16.700	+4.115e+03	+5.534e+03	+7.990e+03	+0.574
16.800	+5.445e+03	+5.404e+03	+9.877e+03	+0.498
16.900	+5.222e+03	+4.050e+03	+9.647e+03	+0.437
17.000	+4.783e+03	+3.913e+03	+1.052e+04	+0.450
17.100	+5.038e+03	+5.001e+03	+1.039e+04	+0.498
17.200	+5.454e+03	+5.399e+03	+1.077e+04	+0.497
17.300	+4.795e+03	+6.051e+03	+1.040e+04	+0.558
17.400	+4.201e+03	+4.563e+03	+9.948e+03	+0.521
17.500	+4.021e+03	+5.159e+03	+1.019e+04	+0.562
17.600	+5.084e+03	+5.312e+03	+9.956e+03	+0.511
17.700	+5.678e+03	+4.304e+03	+9.919e+03	+0.431
17.800	+4.975e+03	+5.799e+03	+9.404e+03	+0.538
17.900	+4.389e+03	+4.458e+03	+9.340e+03	+0.504
18.000	+4.828e+03	+5.470e+03	+9.626e+03	+0.531
18.100	+2.957e+03	+6.922e+03	+1.036e+04	+0.701
18.200	+3.164e+03	+6.577e+03	+9.170e+03	+0.675
18.300	+2.381e+03	+8.515e+03	+1.154e+04	+0.782
18.400	+2.623e+03	+6.141e+03	+1.077e+04	+0.701
18.500	+1.628e+03	+9.887e+03	+1.149e+04	+0.859
18.600	+1.532e+03	+8.617e+03	+8.591e+03	+0.849
18.700	+2.019e+03	+8.096e+03	+1.045e+04	+0.800
18.800	+1.966e+03	+8.341e+03	+1.015e+04	+0.809
18.900	+1.645e+03	+7.200e+03	+1.045e+04	+0.814
19.000	+2.293e+03	+8.533e+03	+1.014e+04	+0.788
19.100	+1.235e+03	+8.837e+03	+7.899e+03	+0.877
19.200	+2.337e+03	+8.233e+03	+1.045e+04	+0.779
19.300	+2.046e+03	+8.084e+03	+1.015e+04	+0.798
19.400	+2.689e+03	+8.702e+03	+1.027e+04	+0.764
19.500	+1.420e+03	+7.515e+03	+9.145e+03	+0.841
19.600	+3.206e+03	+8.673e+03	+1.112e+04	+0.730
19.700	+1.200e+03	+8.209e+03	+1.122e+04	+0.872
19.800	+2.040e+03	+9.472e+03	+1.018e+04	+0.823
19.900	+2.602e+03	+6.781e+03	+9.854e+03	+0.723
20.000	+5.496e+03	+4.853e+03	+9.816e+03	+0.469
20.100	+5.342e+03	+6.605e+03	+9.993e+03	+0.553
20.200	+5.340e+03	+4.178e+03	+1.079e+04	+0.439
20.300	+4.153e+03	+4.641e+03	+9.382e+03	+0.528
20.400	+5.302e+03	+4.869e+03	+1.157e+04	+0.479
20.500	+5.500e+03	+5.755e+03	+9.813e+03	+0.511
20.600	+5.076e+03	+4.866e+03	+9.541e+03	+0.489
20.700	+5.173e+03	+3.985e+03	+1.052e+04	+0.435
20.800	+4.680e+03	+4.471e+03	+9.931e+03	+0.489
20.900	+4.915e+03	+4.206e+03	+9.530e+03	+0.461
21.000	+4.088e+03	+4.360e+03	+1.047e+04	+0.516
21.100	+6.349e+03	+5.294e+03	+8.456e+03	+0.455
21.200	+5.589e+03	+4.652e+03	+1.052e+04	+0.454
21.300	+5.796e+03	+5.127e+03	+1.031e+04	+0.469
21.400	+2.845e+03	+4.360e+03	+1.048e+04	+0.605
21.500	+5.238e+03	+5.306e+03	+1.091e+04	+0.503
21.600	+4.450e+03	+4.360e+03	+1.051e+04	+0.495
21.700	+4.582e+03	+4.638e+03	+9.292e+03	+0.503
21.800	+5.254e+03	+6.107e+03	+1.080e+04	+0.538
21.900	+3.788e+03	+4.490e+03	+9.838e+03	+0.542
22.000	+5.155e+03	+4.868e+03	+1.158e+04	+0.486
22.100	+5.069e+03	+5.801e+03	+1.060e+04	+0.534
22.200	+4.521e+03	+6.463e+03	+9.763e+03	+0.588
22.300	+1.587e+03	+8.299e+03	+9.307e+03	+0.839
22.400	+3.575e+03	+6.776e+03	+8.974e+03	+0.655
22.500	+2.630e+03	+7.602e+03	+1.027e+04	+0.743
22.600	+1.917e+03	+7.300e+03	+1.064e+04	+0.792
22.700	+1.396e+03	+8.278e+03	+9.816e+03	+0.856
22.800	+1.682e+03	+8.380e+03	+1.061e+04	+0.833
22.900	+1.180e+03	+9.249e+03	+1.058e+04	+0.887
23.000	+7.721e+02	+7.057e+03	+9.697e+03	+0.901
23.100	+1.921e+03	+7.814e+03	+9.067e+03	+0.803
23.200	+1.712e+03	+7.631e+03	+1.025e+04	+0.817
23.300	+2.520e+03	+8.215e+03	+9.173e+03	+0.765
23.400	+2.218e+03	+7.575e+03	+1.048e+04	+0.774
23.500	+2.263e+03	+8.217e+03	+1.007e+04	+0.784
23.600	+2.027e+03	+7.932e+03	+8.581e+03	+0.796
23.700	+2.858e+03	+8.060e+03	+8.923e+03	+0.738
23.800	+3.375e+03	+6.989e+03	+9.269e+03	+0.674
23.900	+2.563e+03	+8.932e+03	+9.712e+03	+0.777
24.000	+2.174e+03	+7.885e+03	+1.112e+04	+0.784
24.100	+2.423e+03	+8.743e+03	+1.063e+04	+0.783
24.200	+1.239e+03	+8.438e+03	+1.141e+04	+0.872
24.300	+1.666e+03	+7.373e+03	+8.571e+03	+0.816
24.400	+1.489e+03	+7.369e+03	+1.017e+04	+0.832
24.500	+2.341e+03	+8.774e+03	+1.037e+04	+0.789
24.600	+1.291e+03	+7.980e+03	+1.128e+04	+0.861
24.700	+1.654e+03	+7.621e+03	+9.026e+03	+0.822
24.800	+2.410e+03	+7.993e+03	+9.415e+03	+0.768
24.900	+2.506e+03	+8.327e+03	+9.107e+03	+0.769
25.000	+2.052e+03	+8.224e+03	+1.010e+04	+0.800
25.100	+3.500e+03	+8.042e+03	+1.041e+04	+0.697
25.200	+3.899e+03	+4.607e+03	+1.036e+04	+0.542
25.300	+5.232e+03	+5.818e+03	+9.336e+03	+0.527
25.400	+3.946e+03	+4.702e+03	+1.023e+04	+0.544
25.500	+6.057e+03	+5.481e+03	+9.249e+03	+0.475
25.600	+5.633e+03	+5.698e+03	+9.981e+03	+0.503
25.700	+5.349e+03	+4.513e+03	+9.669e+03	+0.458
25.800	+4.709e+03	+5.910e+03	+1.143e+04	+0.557
25.900	+5.492e+03	+5.425e+03	+1.066e+04	+0.497
26.000	+4.484e+03	+4.732e+03	+1.068e+04	+0.513
26.100	+4.974e+03	+5.025e+03	+1.070e+04	+0.503
26.200	+5.358e+03	+3.999e+03	+9.098e+03	+0.427
26.300	+3.653e+03	+5.157e+03	+1.088e+04	+0.585
26.400	+4.410e+03	+4.046e+03	+1.009e+04	+0.478
26.500	+4.818e+03	+5.911e+03	+1.170e+04	+0.551
26.600	+5.359e+03	+5.354e+03	+9.767e+03	+0.500
26.700	+4.439e+03	+5.435e+03	+9.552e+03	+0.550
26.800	+4.028e+03	+5.565e+03	+1.057e+04	+0.580
26.900	+4.550e+03	+6.121e+03	+1.043e+04	+0.574
27.000	+5.088e+03	+3.585e+03	+1.073e+04	+0.413
27.100	+3.405e+03	+5.802e+03	+9.228e+03	+0.630
27.200	+1.981e+03	+6.911e+03	+9.515e+03	+0.777
27.300	+1.823e+03	+7.893e+03	+1.015e+04	+0.812
27.400	+5.982e+02	+7.516e+03	+9.680e+03	+0.926
27.500	+2.229e+03	+7.808e+03	+9.572e+03	+0.778
27.600	+3.557e+03	+8.326e+03	+9.028e+03	+0.701
27.700	+1.480e+03	+7.906e+03	+1.008e+04	+0.842
27.800	+2.809e+03	+7.376e+03	+9.317e+03	+0.724
27.900	+3.813e+03	+7.530e+03	+1.155e+04	+0.664
28.000	+1.677e+03	+8.243e+03	+8.755e+03	+0.831
28.100	+3.143e+03	+8.457e+03	+1.153e+04	+0.729
28.200	+1.048e+03	+8.030e+03	+1.018e+04	+0.885
28.300	+1.921e+03	+7.650e+03	+1.186e+04	+0.799
28.400	+5.075e+02	+8.362e+03	+1.030e+04	+0.943
28.500	+2.727e+03	+8.291e+03	+1.093e+04	+0.753
28.600	+1.773e+03	+7.924e+03	+9.896e+03	+0.817
28.700	+2.688e+03	+6.683e+03	+1.131e+04	+0.713
28.800	+1.706e+03	+8.460e+03	+1.068e+04	+0.832
28.900	+1.308e+03	+7.640e+03	+1.132e+04	+0.854
29.000	+3.197e+03	+8.099e+03	+9.559e+03	+0.717
29.100	+2.558e+03	+7.083e+03	+1.012e+04	+0.735
29.200	+1.130e+03	+7.467e+03	+1.021e+04	+0.869
29.300	+1.114e+03	+8.242e+03	+9.890e+03	+0.881
29.400	+9.663e+02	+8.769e+03	+9.594e+03	+0.901
29.500	+2.849e+03	+7.339e+03	+1.025e+04	+0.720
29.600	+1.649e+03	+7.422e+03	+1.082e+04	+0.818
29.700	+1.904e+03	+7.554e+03	+1.223e+04	+0.799
29.800	+1.738e+03	+8.930e+03	+1.133e+04	+0.837
29.900	+2.025e+03	+8.333e+03	+8.810e+03	+0.804
30.000	+2.677e+03	+6.714e+03	+1.076e+04	+0.715
30.100	+4.527e+03	+5.560e+03	+9.053e+03	+0.551
30.200	+5.330e+03	+4.363e+03	+1.037e+04	+0.450
30.300	+5.438e+03	+5.556e+03	+1.020e+04	+0.505
30.400	+6.155e+03	+3.491e+03	+1.026e+04	+0.362
30.500	+8.949e+03	+2.292e+03	+1.001e+04	+0.204
30.600	+8.547e+03	+2.268e+03	+9.014e+03	+0.210
30.700	+7.709e+03	+2.162e+03	+9.567e+03	+0.219
30.800	+7.885e+03	+2.352e+03	+1.107e+04	+0.230
30.900	+7.090e+03	+2.340e+03	+1.071e+04	+0.248
31.000	+7.140e+03	+2.859e+03	+8.893e+03	+0.286
31.100	+7.913e+03	+7.227e+02	+1.031e+04	+0.084
31.200	+7.751e+03	+2.076e+03	+1.117e+04	+0.211
31.300	+7.216e+03	+2.397e+03	+9.357e+03	+0.249
31.400	+7.920e+03	+2.154e+03	+1.110e+04	+0.214
31.500	+7.343e+03	+2.730e+03	+9.159e+03	+0.271
31.600	+8.023e+03	+2.276e+03	+1.025e+04	+0.221
31.700	+6.880e+03	+2.650e+03	+1.048e+04	+0.278
31.800	+7.075e+03	+1.479e+03	+8.827e+03	+0.173
31.900	+7.338e+03	+2.483e+03	+1.058e+04	+0.253
32.000	+7.818e+03	+4.345e+03	+1.015e+04	+0.357
32.100	+9.084e+03	+1.651e+03	+1.038e+04	+0.154
32.200	+7.865e+03	+2.230e+03	+1.161e+04	+0.221
32.300	+7.069e+03	+4.888e+03	+9.456e+03	+0.409
32.400	+7.222e+03	+2.351e+03	+9.839e+03	+0.246
32.500	+7.498e+03	+4.320e+03	+1.029e+04	+0.366
32.600	+7.853e+03	+2.129e+03	+1.124e+04	+0.213
32.700	+8.190e+03	+1.469e+03	+9.859e+03	+0.152
32.800	+7.955e+03	+1.312e+03	+1.060e+04	+0.142
32.900	+7.515e+03	+2.321e+03	+9.139e+03	+0.236
33.000	+6.185e+03	+2.779e+03	+8.955e+03	+0.310
33.100	+8.404e+03	+3.161e+03	+8.521e+03	+0.273
33.200	+8.501e+03	+2.243e+03	+1.092e+04	+0.209
33.300	+9.034e+03	+2.159e+03	+9.703e+03	+0.193
33.400	+7.836e+03	+4.249e+03	+9.806e+03	+0.352
33.500	+7.778e+03	+2.871e+03	+1.027e+04	+0.270
33.600	+6.679e+03	+1.833e+03	+1.096e+04	+0.215
33.700	+7.381e+03	+2.658e+03	+1.086e+04	+0.265
33.800	+5.616e+03	+2.766e+03	+1.092e+04	+0.330
33.900	+8.381e+03	+2.269e+03	+1.073e+04	+0.213
34.000	+6.847e+03	+2.455e+03	+1.045e+04	+0.264
34.100	+7.424e+03	+2.723e+03	+1.016e+04	+0.268
34.200	+8.134e+03	+2.250e+03	+9.772e+03	+0.217
34.300	+7.455e+03	+2.578e+03	+9.824e+03	+0.257
34.400	+7.457e+03	+2.769e+03	+1.138e+04	+0.271
34.500	+8.788e+03	+3.056e+03	+9.681e+03	+0.258
34.600	+7.829e+03	+2.008e+03	+9.017e+03	+0.204
34.700	+8.120e+03	+2.885e+03	+9.196e+03	+0.262
34.800	+7.711e+03	+3.723e+03	+9.766e+03	+0.326
34.900	+6.673e+03	+2.980e+03	+1.044e+04	+0.309
35.000	+6.823e+03	+3.042e+03	+9.640e+03	+0.308
35.100	+8.087e+03	+1.661e+03	+9.581e+03	+0.170
35.200	+8.717e+03	+1.820e+03	+1.080e+04	+0.173
35.300	+6.639e+03	+3.164e+03	+9.428e+03	+0.323
35.400	+5.453e+03	+5.646e+03	+1.145e+04	+0.509
35.500	+5.380e+03	+5.140e+03	+8.820e+03	+0.489
35.600	+4.507e+03	+5.823e+03	+1.152e+04	+0.564
35.700	+4.858e+03	+5.867e+03	+9.154e+03	+0.547
35.800	+5.430e+03	+5.341e+03	+9.971e+03	+0.496
35.900	+5.234e+03	+4.109e+03	+1.143e+04	+0.440
36.000	+4.364e+03	+5.928e+03	+9.027e+03	+0.576
36.100	+5.462e+03	+4.812e+03	+8.634e+03	+0.468
36.200	+4.629e+03	+5.507e+03	+1.012e+04	+0.543
36.300	+5.391e+03	+4.239e+03	+9.520e+03	+0.440
36.400	+6.774e+03	+4.254e+03	+1.052e+04	+0.386
36.500	+5.547e+03	+5.216e+03	+9.094e+03	+0.485
36.600	+6.035e+03	+4.493e+03	+9.340e+03	+0.427
36.700	+4.526e+03	+5.164e+03	+1.084e+04	+0.533
36.800	+4.925e+03	+4.903e+03	+9.986e+03	+0.499
36.900	+5.922e+03	+5.872e+03	+9.035e+03	+0.498
37.000	+5.089e+03	+3.581e+03	+9.485e+03	+0.413
37.100	+5.246e+03	+4.504e+03	+1.064e+04	+0.462
37.200	+4.957e+03	+4.621e+03	+9.915e+03	+0.482
37.300	+5.011e+03	+4.406e+03	+9.999e+03	+0.468
37.400	+4.457e+03	+5.303e+03	+1.188e+04	+0.543
37.500	+5.422e+03	+4.274e+03	+1.078e+04	+0.441
37.600	+5.435e+03	+4.506e+03	+9.561e+03	+0.453
37.700	+6.303e+03	+5.544e+03	+1.110e+04	+0.468
37.800	+4.619e+03	+3.921e+03	+1.027e+04	+0.459
37.900	+3.412e+03	+4.277e+03	+9.504e+03	+0.556
38.000	+5.803e+03	+4.812e+03	+9.685e+03	+0.453
38.100	+4.553e+03	+4.686e+03	+1.039e+04	+0.507
38.200	+4.955e+03	+4.893e+03	+9.375e+03	+0.497
38.300	+4.269e+03	+4.730e+03	+1.001e+04	+0.526
38.400	+6.581e+03	+5.039e+03	+9.618e+03	+0.434
38.500	+4.153e+03	+4.686e+03	+9.460e+03	+0.530
38.600	+4.865e+03	+5.324e+03	+1.018e+04	+0.522
38.700	+5.581e+03	+4.903e+03	+1.072e+04	+0.468
38.800	+5.410e+03	+5.587e+03	+1.016e+04	+0.508
38.900	+5.513e+03	+5.263e+03	+9.112e+03	+0.488
39.000	+4.786e+03	+5.967e+03	+9.090e+03	+0.555
39.100	+4.169e+03	+4.251e+03	+9.405e+03	+0.505
39.200	+4.591e+03	+5.815e+03	+8.485e+03	+0.559
39.300	+4.870e+03	+6.034e+03	+1.058e+04	+0.553
39.400	+5.023e+03	+4.999e+03	+1.014e+04	+0.499
39.500	+5.412e+03	+5.571e+03	+1.109e+04	+0.507
39.600	+6.240e+03	+3.733e+03	+1.069e+04	+0.374
39.700	+4.528e+03	+3.227e+03	+9.566e+03	+0.416
39.800	+5.088e+03	+6.065e+03	+9.190e+03	+0.544
39.900	+4.466e+03	+4.251e+03	+1.044e+04	+0.488
40.000	+4.244e+03	+5.644e+03	+1.047e+04	+0.571
40.100	+4.717e+03	+5.078e+03	+8.086e+03	+0.518
40.200	+5.163e+03	+4.543e+03	+9.461e+03	+0.468
40.300	+5.368e+03	+4.924e+03	+9.358e+03	+0.478
40.400	+5.836e+03	+6.186e+03	+1.127e+04	+0.515
40.500	+5.406e+03	+4.877e+03	+9.952e+03	+0.474
40.600	+4.143e+03	+4.904e+03	+1.096e+04	+0.542
40.700	+4.733e+03	+3.796e+03	+9.300e+03	+0.445
40.800	+5.551e+03	+5.202e+03	+9.419e+03	+0.484
40.900	+5.004e+03	+5.058e+03	+8.841e+03	+0.503
41.000	+5.373e+03	+5.122e+03	+1.010e+04	+0.488
41.100	+4.274e+03	+4.900e+03	+1.101e+04	+0.534
41.200	+5.883e+03	+3.878e+03	+1.022e+04	+0.397
41.300	+4.862e+03	+4.038e+03	+1.012e+04	+0.454
41.400	+5.703e+03	+4.425e+03	+1.030e+04	+0.437
41.500	+3.868e+03	+5.370e+03	+9.087e+03	+0.581
41.600	+5.115e+03	+5.417e+03	+1.102e+04	+0.514
41.700	+5.883e+03	+5.465e+03	+9.387e+03	+0.482
41.800	+4.430e+03	+6.333e+03	+9.722e+03	+0.588
41.900	+4.651e+03	+5.252e+03	+1.173e+04	+0.530
42.000	+4.185e+03	+5.420e+03	+9.187e+03	+0.564
42.100	+5.065e+03	+5.266e+03	+9.365e+03	+0.510
42.200	+4.837e+03	+3.878e+03	+1.062e+04	+0.445
42.300	+2.467e+03	+5.589e+03	+9.603e+03	+0.694
42.400	+2.750e+03	+7.415e+03	+1.007e+04	+0.729
42.500	+1.465e+03	+7.468e+03	+9.657e+03	+0.836
42.600	+2.665e+03	+7.005e+03	+9.928e+03	+0.724
42.700	+1.461e+03	+7.180e+03	+9.984e+03	+0.831
42.800	+2.496e+03	+6.812e+03	+9.365e+03	+0.732
42.900	+2.241e+03	+7.492e+03	+1.114e+04	+0.770
43.000	+1.125e+03	+7.870e+03	+8.215e+03	+0.875
43.100	+2.482e+03	+6.468e+03	+8.603e+03	+0.723
43.200	+2.007e+03	+8.851e+03	+1.032e+04	+0.815
43.300	+1.973e+03	+8.228e+03	+9.671e+03	+0.807
43.400	+3.543e+03	+8.826e+03	+9.015e+03	+0.714
43.500	+2.347e+03	+7.558e+03	+9.094e+03	+0.763
43.600	+3.133e+03	+6.855e+03	+1.062e+04	+0.686
43.700	+3.593e+03	+4.899e+03	+8.761e+03	+0.577
43.800	+3.854e+03	+4.160e+03	+1.042e+04	+0.519
43.900	+4.786e+03	+4.999e+03	+1.151e+04	+0.511
44.000	+4.621e+03	+3.385e+03	+1.026e+04	+0.423
44.100	+5.352e+03	+4.915e+03	+1.059e+04	+0.479
44.200	+4.789e+03	+4.727e+03	+8.942e+03	+0.497
44.300	+4.395e+03	+5.346e+03	+9.310e+03	+0.549
44.400	+4.526e+03	+4.638e+03	+9.687e+03	+0.506
44.500	+5.169e+03	+5.137e+03	+8.739e+03	+0.498
44.600	+4.704e+03	+5.286e+03	+1.089e+04	+0.529
44.700	+2.530e+03	+8.108e+03	+1.041e+04	+0.762
44.800	+2.228e+03	+8.745e+03	+1.092e+04	+0.797
44.900	+2.106e+03	+8.883e+03	+9.729e+03	+0.808
45.000	+2.487e+03	+7.309e+03	+9.913e+03	+0.746
45.100	+2.458e+03	+8.309e+03	+1.061e+04	+0.772
45.200	+8.186e+02	+8.061e+03	+1.010e+04	+0.908
45.300	+1.790e+03	+6.921e+03	+1.041e+04	+0.795
45.400	+6.845e+02	+8.387e+03	+9.354e+03	+0.925
45.500	+3.310e+03	+8.967e+03	+1.101e+04	+0.730
45.600	+1.151e+03	+8.689e+03	+1.017e+04	+0.883
45.700	+3.453e+03	+7.001e+03	+9.917e+03	+0.670
45.800	+1.083e+03	+8.083e+03	+9.232e+03	+0.882
45.900	+4.029e+03	+5.448e+03	+1.041e+04	+0.575
46.000	+5.293e+03	+5.734e+03	+9.496e+03	+0.520
46.100	+5.186e+03	+5.157e+03	+8.405e+03	+0.499
46.200	+5.682e+03	+4.679e+03	+1.120e+04	+0.452
46.300	+5.803e+03	+5.441e+03	+9.842e+03	+0.484
46.400	+5.506e+03	+5.445e+03	+1.061e+04	+0.497
46.500	+3.913e+03	+4.884e+03	+1.056e+04	+0.555
46.600	+4.797e+03	+4.419e+03	+9.390e+03	+0.479
46.700	+4.867e+03	+5.106e+03	+8.913e+03	+0.512
46.800	+2.621e+03	+6.891e+03	+1.048e+04	+0.724
46.900	+1.323e+03	+7.452e+03	+9.530e+03	+0.849
47.000	+1.386e+03	+8.017e+03	+8.774e+03	+0.853
47.100	+2.108e+03	+7.209e+03	+1.083e+04	+0.774
47.200	+2.557e+03	+8.328e+03	+1.039e+04	+0.765
47.300	+4.276e+03	+6.175e+03	+1.012e+04	+0.591
47.400	+4.855e+03	+5.069e+03	+1.147e+04	+0.511
47.500	+4.942e+03	+6.582e+03	+1.011e+04	+0.571
47.600	+4.159e+03	+4.600e+03	+1.013e+04	+0.525
47.700	+4.747e+03	+4.866e+03	+1.071e+04	+0.506
47.800	+5.270e+03	+5.194e+03	+9.143e+03	+0.496
47.900	+5.323e+03	+4.315e+03	+1.004e+04	+0.448
48.000	+4.177e+03	+4.382e+03	+9.400e+03	+0.512
48.100	+3.914e+03	+4.525e+03	+9.867e+03	+0.536
48.200	+5.193e+03	+4.593e+03	+9.022e+03	+0.469
48.300	+5.457e+03	+4.490e+03	+1.049e+04	+0.451
48.400	+5.362e+03	+4.943e+03	+1.031e+04	+0.480
48.500	+6.049e+03	+5.685e+03	+1.017e+04	+0.484
48.600	+5.699e+03	+5.635e+03	+1.012e+04	+0.497
48.700	+4.207e+03	+5.022e+03	+1.181e+04	+0.544
48.800	+4.121e+03	+3.984e+03	+1.047e+04	+0.492
48.900	+5.142e+03	+4.055e+03	+1.041e+04	+0.441
49.000	+5.648e+03	+5.355e+03	+1.092e+04	+0.487
49.100	+5.349e+03	+4.776e+03	+1.157e+04	+0.472
49.200	+3.619e+03	+6.104e+03	+1.130e+04	+0.628
49.300	+4.461e+03	+6.825e+03	+1.109e+04	+0.605
49.400	+5.716e+03	+5.479e+03	+1.080e+04	+0.489
49.500	+4.761e+03	+5.488e+03	+1.021e+04	+0.535
49.600	+4.852e+03	+4.986e+03	+9.782e+03	+0.507
49.700	+5.793e+03	+4.878e+03	+1.027e+04	+0.457
49.800	+3.558e+03	+5.220e+03	+9.564e+03	+0.595
49.900	+3.046e+03	+7.862e+03	+1.006e+04	+0.721
50.000	+2.559e+03	+8.088e+03	+1.059e+04	+0.760
50.100	+2.392e+03	+8.511e+03	+1.050e+04	+0.781
50.200	+3.355e+03	+8.058e+03	+9.063e+03	+0.706
50.300	+1.763e+03	+7.281e+03	+9.856e+03	+0.805
50.400	+2.397e+03	+6.305e+03	+1.016e+04	+0.725
50.500	+1.144e+03	+6.583e+03	+9.869e+03	+0.852
50.600	+1.759e+03	+7.083e+03	+9.372e+03	+0.801
50.700	+2.959e+03	+7.471e+03	+1.111e+04	+0.716
50.800	+2.103e+03	+8.317e+03	+9.760e+03	+0.798
50.900	+1.916e+03	+8.731e+03	+1.052e+04	+0.820
51.000	+1.863e+03	+7.506e+03	+1.049e+04	+0.801
51.100	+1.625e+03	+7.684e+03	+9.879e+03	+0.825
51.200	+8.532e+02	+7.860e+03	+9.075e+03	+0.902
51.300	+1.888e+03	+7.602e+03	+1.095e+04	+0.801
51.400	+2.067e+03	+7.770e+03	+1.053e+04	+0.790
51.500	+2.385e+03	+9.498e+03	+9.816e+03	+0.799
51.600	+2.249e+03	+7.919e+03	+1.050e+04	+0.779
51.700	+1.176e+03	+7.723e+03	+1.020e+04	+0.868
51.800	+3.039e+03	+6.564e+03	+9.679e+03	+0.684
51.900	+2.204e+03	+7.901e+03	+1.080e+04	+0.782
52.000	+2.233e+03	+8.097e+03	+1.057e+04	+0.784
52.100	+1.359e+03	+8.555e+03	+9.657e+03	+0.863
52.200	+3.312e+03	+8.293e+03	+1.084e+04	+0.715
52.300	+2.480e+03	+8.421e+03	+9.015e+03	+0.773
52.400	+2.329e+03	+8.170e+03	+9.749e+03	+0.778
52.500	+1.050e+03	+7.695e+03	+9.301e+03	+0.880
52.600	+1.254e+03	+8.370e+03	+9.056e+03	+0.870
52.700	+1.863e+03	+7.842e+03	+9.403e+03	+0.808
52.800	+1.796e+03	+8.807e+03	+1.036e+04	+0.831
52.900	+1.111e+03	+8.131e+03	+9.298e+03	+0.880
53.000	+1.994e+03	+7.702e+03	+9.867e+03	+0.794
53.100	+1.510e+03	+7.739e+03	+1.046e+04	+0.837
53.200	+2.040e+03	+9.177e+03	+9.544e+03	+0.818
53.300	+2.428e+03	+6.939e+03	+8.893e+03	+0.741
53.400	+5.925e+03	+3.206e+03	+9.962e+03	+0.351
53.500	+6.901e+03	+2.169e+03	+9.845e+03	+0.239
53.600	+6.076e+03	+2.998e+03	+8.924e+03	+0.330
53.700	+6.825e+03	+3.410e+03	+9.531e+03	+0.333
53.800	+7.934e+03	+1.685e+03	+9.717e+03	+0.175
53.900	+7.395e+03	+3.104e+03	+1.097e+04	+0.296
54.000	+7.780e+03	+2.183e+03	+9.553e+03	+0.219
54.100	+6.767e+03	+2.109e+03	+9.758e+03	+0.238
54.200	+6.324e+03	+3.361e+03	+1.024e+04	+0.347
54.300	+5.799e+03	+3.222e+03	+9.673e+03	+0.357
54.400	+7.527e+03	+1.709e+03	+1.020e+04	+0.185
54.500	+7.281e+03	+2.508e+03	+9.347e+03	+0.256
54.600	+7.512e+03	+1.245e+03	+9.793e+03	+0.142
54.700	+7.641e+03	+2.893e+03	+9.980e+03	+0.275
54.800	+7.649e+03	+1.833e+03	+9.941e+03	+0.193
54.900	+7.182e+03	+1.424e+03	+1.133e+04	+0.166
55.000	+8.144e+03	+2.169e+03	+1.025e+04	+0.210
55.100	+7.761e+03	+2.246e+03	+1.007e+04	+0.224
55.200	+7.920e+03	+2.431e+03	+1.095e+04	+0.235
55.300	+6.127e+03	+2.104e+03	+9.600e+03	+0.256
55.400	+7.818e+03	+8.607e+02	+8.806e+03	+0.099
55.500	+7.724e+03	+6.130e+02	+9.295e+03	+0.074
55.600	+6.912e+03	+1.958e+03	+9.823e+03	+0.221
55.700	+7.846e+03	+2.911e+03	+9.956e+03	+0.271
55.800	+6.669e+03	+2.720e+03	+8.934e+03	+0.290
55.900	+7.122e+03	+1.096e+03	+9.672e+03	+0.133
56.000	+7.368e+03	+2.561e+03	+9.979e+03	+0.258
56.100	+6.616e+03	+2.545e+03	+1.010e+04	+0.278
56.200	+7.645e+03	+2.626e+03	+9.406e+03	+0.256
56.300	+8.121e+03	+2.638e+03	+8.669e+03	+0.245
56.400	+9.014e+03	+1.564e+03	+1.080e+04	+0.148
56.500	+8.080e+03	+2.438e+03	+1.016e+04	+0.232
56.600	+7.739e+03	+2.791e+03	+1.044e+04	+0.265
56.700	+7.548e+03	+1.467e+03	+1.093e+04	+0.163
56.800	+7.018e+03	+1.969e+03	+8.761e+03	+0.219
56.900	+6.311e+03	+3.337e+03	+1.126e+04	+0.346
57.000	+8.590e+03	+3.578e+03	+8.794e+03	+0.294
57.100	+7.802e+03	+3.346e+03	+1.076e+04	+0.300
57.200	+7.611e+03	+3.124e+03	+9.716e+03	+0.291
57.300	+7.252e+03	+1.199e+03	+1.078e+04	+0.142
57.400	+6.853e+03	+1.404e+03	+9.591e+03	+0.170
57.500	+4.980e+03	+4.992e+03	+9.459e+03	+0.501
57.600	+5.872e+03	+4.863e+03	+1.087e+04	+0.453
57.700	+5.126e+03	+5.476e+03	+8.988e+03	+0.516
57.800	+4.122e+03	+6.061e+03	+1.043e+04	+0.595
57.900	+2.953e+03	+8.462e+03	+1.007e+04	+0.741
58.000	+2.732e+03	+7.440e+03	+9.213e+03	+0.731
58.100	+2.227e+03	+7.269e+03	+9.616e+03	+0.766
58.200	+2.011e+03	+8.276e+03	+1.019e+04	+0.804
58.300	+1.303e+03	+7.651e+03	+1.070e+04	+0.855
58.400	+2.796e+03	+8.539e+03	+8.533e+03	+0.753
58.500	+1.818e+03	+6.818e+03	+9.526e+03	+0.790
58.600	+2.137e+03	+7.933e+03	+9.686e+03	+0.788
58.700	+9.631e+02	+7.617e+03	+1.059e+04	+0.888
58.800	+1.722e+03	+8.607e+03	+9.203e+03	+0.833
58.900	+1.735e+03	+7.718e+03	+1.131e+04	+0.816
59.000	+1.678e+03	+8.494e+03	+9.882e+03	+0.835
59.100	+7.291e+02	+9.258e+03	+1.054e+04	+0.927
59.200	+3.163e+03	+5.768e+03	+1.039e+04	+0.646
59.300	+5.038e+03	+4.898e+03	+1.019e+04	+0.493
59.400	+6.578e+03	+4.767e+03	+1.054e+04	+0.420
59.500	+6.053e+03	+4.476e+03	+8.827e+03	+0.425
59.600	+5.925e+03	+4.637e+03	+9.699e+03	+0.439
59.700	+5.211e+03	+6.412e+03	+9.896e+03	+0.552
59.800	+4.640e+03	+4.366e+03	+9.443e+03	+0.485
59.900	+5.299e+03	+5.879e+03	+9.954e+03	+0.526
60.000	+6.054e+03	+3.853e+03	+1.184e+04	+0.389
60.100	+5.363e+03	+4.985e+03	+1.169e+04	+0.482
60.200	+4.062e+03	+6.703e+03	+1.011e+04	+0.623
60.300	+3.789e+03	+4.065e+03	+1.014e+04	+0.518
60.400	+4.311e+03	+4.375e+03	+9.943e+03	+0.504
60.500	+5.121e+03	+5.025e+03	+1.102e+04	+0.495
60.600	+4.471e+03	+4.153e+03	+9.482e+03	+0.482
60.700	+5.473e+03	+5.292e+03	+1.009e+04	+0.492
60.800	+5.673e+03	+5.611e+03	+1.116e+04	+0.497
60.900	+4.187e+03	+4.314e+03	+9.493e+03	+0.507
61.000	+6.310e+03	+5.186e+03	+9.739e+03	+0.451
61.100	+4.940e+03	+4.338e+03	+1.028e+04	+0.468
61.200	+1.967e+03	+7.992e+03	+8.996e+03	+0.803
61.300	+3.081e+03	+8.113e+03	+1.114e+04	+0.725
61.400	+1.801e+03	+8.177e+03	+9.938e+03	+0.819
61.500	+2.479e+03	+9.392e+03	+8.972e+03	+0.791
61.600	+1.509e+03	+7.512e+03	+9.793e+03	+0.833
61.700	+1.987e+03	+6.991e+03	+9.511e+03	+0.779
61.800	+2.305e+03	+7.752e+03	+8.921e+03	+0.771
61.900	+1.118e+03	+8.250e+03	+1.020e+04	+0.881
62.000	+3.074e+03	+7.460e+03	+9.513e+03	+0.708
62.100	+5.143e+03	+4.536e+03	+1.030e+04	+0.469
62.200	+5.187e+03	+4.817e+03	+9.685e+03	+0.482
62.300	+4.739e+03	+4.341e+03	+1.053e+04	+0.478
62.400	+4.393e+03	+5.614e+03	+1.061e+04	+0.561
62.500	+4.258e+03	+5.634e+03	+8.921e+03	+0.570
62.600	+4.735e+03	+5.082e+03	+8.896e+03	+0.518
62.700	+4.823e+03	+4.716e+03	+9.655e+03	+0.494
62.800	+6.448e+03	+4.467e+03	+9.927e+03	+0.409
62.900	+5.241e+03	+4.546e+03	+1.010e+04	+0.464
63.000	+5.121e+03	+5.150e+03	+9.440e+03	+0.501
63.100	+4.133e+03	+5.505e+03	+1.072e+04	+0.571
63.200	+5.395e+03	+5.456e+03	+9.188e+03	+0.503
63.300	+4.515e+03	+5.415e+03	+9.523e+03	+0.545
63.400	+4.009e+03	+5.377e+03	+9.220e+03	+0.573
63.500	+4.932e+03	+4.385e+03	+1.011e+04	+0.471
63.600	+6.028e+03	+4.998e+03	+9.121e+03	+0.453
63.700	+4.122e+03	+6.555e+03	+9.387e+03	+0.614
63.800	+4.358e+03	+4.527e+03	+1.047e+04	+0.510
63.900	+4.469e+03	+4.297e+03	+8.798e+03	+0.490
64.000	+4.464e+03	+4.625e+03	+1.053e+04	+0.509
64.100	+4.944e+03	+4.560e+03	+1.003e+04	+0.480
64.200	+4.551e+03	+4.703e+03	+1.008e+04	+0.508
64.300	+5.411e+03	+5.731e+03	+1.016e+04	+0.514
64.400	+4.287e+03	+4.830e+03	+1.031e+04	+0.530
64.500	+5.177e+03	+5.289e+03	+1.051e+04	+0.505
64.600	+4.760e+03	+5.695e+03	+9.158e+03	+0.545
64.700	+5.265e+03	+3.919e+03	+1.057e+04	+0.427
64.800	+5.220e+03	+4.679e+03	+1.019e+04	+0.473
64.900	+4.597e+03	+5.571e+03	+1.019e+04	+0.548
65.000	+4.422e+03	+6.107e+03	+1.018e+04	+0.580
65.100	+3.956e+03	+5.961e+03	+9.390e+03	+0.601
65.200	+4.893e+03	+5.147e+03	+9.849e+03	+0.513
65.300	+4.059e+03	+4.780e+03	+9.717e+03	+0.541
65.400	+5.083e+03	+4.559e+03	+1.010e+04	+0.473
65.500	+6.148e+03	+5.294e+03	+1.022e+04	+0.463
65.600	+4.043e+03	+4.361e+03	+9.843e+03	+0.519
65.700	+5.575e+03	+5.225e+03	+9.439e+03	+0.484
65.800	+5.864e+03	+4.768e+03	+1.016e+04	+0.448
65.900	+5.037e+03	+6.013e+03	+9.205e+03	+0.544
66.000	+5.001e+03	+4.401e+03	+1.058e+04	+0.468
66.100	+5.314e+03	+5.894e+03	+1.037e+04	+0.526
66.200	+5.171e+03	+4.516e+03	+9.598e+03	+0.466
66.300	+4.576e+03	+3.676e+03	+1.061e+04	+0.445
66.400	+5.718e+03	+6.263e+03	+9.615e+03	+0.523
66.500	+5.797e+03	+4.732e+03	+1.021e+04	+0.449
66.600	+5.027e+03	+4.183e+03	+1.005e+04	+0.454
66.700	+5.865e+03	+4.676e+03	+1.134e+04	+0.444
66.800	+4.716e+03	+5.776e+03	+9.892e+03	+0.550
66.900	+6.064e+03	+5.595e+03	+1.104e+04	+0.480
67.000	+5.509e+03	+4.096e+03	+9.505e+03	+0.426
67.100	+3.816e+03	+4.410e+03	+9.356e+03	+0.536
67.200	+4.847e+03	+5.999e+03	+1.048e+04	+0.553
67.300	+5.157e+03	+4.825e+03	+1.037e+04	+0.483
67.400	+4.823e+03	+4.253e+03	+1.049e+04	+0.469
67.500	+6.554e+03	+5.513e+03	+9.408e+03	+0.457
67.600	+5.690e+03	+4.559e+03	+1.081e+04	+0.445
67.700	+2.200e+03	+6.502e+03	+9.822e+03	+0.747
67.800	+1.382e+03	+6.734e+03	+9.089e+03	+0.830
67.900	+1.895e+03	+8.498e+03	+1.006e+04	+0.818
68.000	+2.326e+03	+7.526e+03	+8.846e+03	+0.764
68.100	+1.338e+03	+8.917e+03	+9.585e+03	+0.870
68.200	+2.297e+03	+9.176e+03	+9.786e+03	+0.800
68.300	+3.044e+03	+8.386e+03	+9.231e+03	+0.734
68.400	+2.411e+03	+7.136e+03	+8.567e+03	+0.747
68.500	+2.411e+03	+8.072e+03	+1.045e+04	+0.770
68.600	+1.676e+03	+9.297e+03	+9.791e+03	+0.847
68.700	+2.023e+03	+8.476e+03	+1.058e+04	+0.807
68.800	+2.426e+03	+8.036e+03	+1.037e+04	+0.768
68.900	+2.134e+03	+7.856e+03	+1.009e+04	+0.786
69.000	+1.692e+03	+8.683e+03	+1.075e+04	+0.837
69.100	+1.310e+03	+9.317e+03	+1.013e+04	+0.877
69.200	+1.764e+03	+7.470e+03	+1.039e+04	+0.809
69.300	+1.238e+03	+7.385e+03	+9.718e+03	+0.856
69.400	+2.125e+03	+8.465e+03	+1.023e+04	+0.799
69.500	+3.180e+03	+7.866e+03	+9.995e+03	+0.712
69.600	+2.590e+03	+8.279e+03	+1.075e+04	+0.762
69.700	+1.783e+03	+8.013e+03	+9.793e+03	+0.818
69.800	+1.628e+03	+7.820e+03	+1.025e+04	+0.828
69.900	+2.806e+03	+9.291e+03	+1.007e+04	+0.768
70.000	+3.788e+03	+5.400e+03	+1.004e+04	+0.588
70.100	+7.286e+03	+3.164e+03	+1.090e+04	+0.303
70.200	+7.249e+03	+1.796e+03	+9.899e+03	+0.199
70.300	+8.205e+03	+2.475e+03	+9.561e+03	+0.232
70.400	+8.690e+03	+2.094e+03	+9.292e+03	+0.194
70.500	+8.545e+03	+2.477e+03	+9.673e+03	+0.225
70.600	+7.479e+03	+3.241e+03	+1.053e+04	+0.302
70.700	+6.237e+03	+2.947e+03	+8.197e+03	+0.321
70.800	+7.528e+03	+2.360e+03	+1.034e+04	+0.239
70.900	+8.228e+03	+1.682e+03	+1.071e+04	+0.170
71.000	+7.214e+03	+4.053e+03	+9.878e+03	+0.360
71.100	+6.946e+03	+3.147e+03	+9.621e+03	+0.312
71.200	+7.799e+03	+7.671e+02	+1.059e+04	+0.090
71.300	+6.433e+03	+3.106e+03	+9.907e+03	+0.326
71.400	+7.945e+03	+2.504e+03	+9.833e+03	+0.240
71.500	+8.999e+03	+2.172e+03	+9.598e+03	+0.194
71.600	+7.351e+03	+3.572e+03	+9.641e+03	+0.327
71.700	+6.070e+03	+2.748e+03	+1.018e+04	+0.312
71.800	+5.797e+03	+4.599e+03	+9.739e+03	+0.442
71.900	+5.686e+03	+5.385e+03	+1.051e+04	+0.486
72.000	+5.501e+03	+4.906e+03	+1.078e+04	+0.471
72.100	+5.461e+03	+5.807e+03	+1.017e+04	+0.515
72.200	+4.015e+03	+4.515e+03	+1.022e+04	+0.529
72.300	+5.578e+03	+4.442e+03	+8.887e+03	+0.443
72.400	+4.344e+03	+4.694e+03	+1.058e+04	+0.519
72.500	+5.174e+03	+4.027e+03	+1.015e+04	+0.438
72.600	+6.244e+03	+4.890e+03	+1.013e+04	+0.439
72.700	+3.930e+03	+3.580e+03	+9.579e+03	+0.477
72.800	+4.451e+03	+5.370e+03	+1.008e+04	+0.547
72.900	+4.460e+03	+5.506e+03	+1.026e+04	+0.552
73.000	+5.346e+03	+5.057e+03	+8.669e+03	+0.486
73.100	+6.350e+03	+4.355e+03	+1.050e+04	+0.407
73.200	+5.171e+03	+4.635e+03	+9.785e+03	+0.473
73.300	+4.765e+03	+4.366e+03	+1.069e+04	+0.478
73.400	+3.627e+03	+6.475e+03	+9.715e+03	+0.641
73.500	+2.345e+03	+8.335e+03	+1.012e+04	+0.780
73.600	+2.170e+03	+8.173e+03	+1.107e+04	+0.790
73.700	+1.358e+03	+7.928e+03	+9.759e+03	+0.854
73.800	+1.000e+03	+7.935e+03	+9.116e+03	+0.888
73.900	+2.374e+03	+8.510e+03	+9.244e+03	+0.782
74.000	+3.520e+03	+7.574e+03	+1.054e+04	+0.683
74.100	+3.431e+03	+8.447e+03	+1.015e+04	+0.711
74.200	+7.735e+02	+7.854e+03	+1.034e+04	+0.910
74.300	+3.172e+03	+7.753e+03	+1.012e+04	+0.710
74.400	+1.217e+03	+8.078e+03	+1.098e+04	+0.869
74.500	+2.608e+03	+7.839e+03	+1.115e+04	+0.750
74.600	+2.272e+03	+8.091e+03	+1.107e+04	+0.781
74.700	+1.634e+03	+7.906e+03	+9.393e+03	+0.829
74.800	+2.599e+03	+7.956e+03	+9.497e+03	+0.754
74.900	+7.125e+03	+1.648e+03	+1.220e+04	+0.188
75.000	+7.670e+03	+1.343e+03	+1.175e+04	+0.149
75.100	+6.352e+03	+2.469e+03	+9.012e+03	+0.280
75.200	+9.529e+03	+2.702e+03	+1.011e+04	+0.221
75.300	+6.216e+03	+5.095e+03	+9.491e+03	+0.450
75.400	+3.914e+03	+5.164e+03	+9.303e+03	+0.569
75.500	+5.647e+03	+5.551e+03	+9.281e+03	+0.496
75.600	+3.928e+03	+5.910e+03	+9.163e+03	+0.601
75.700	+5.280e+03	+4.685e+03	+9.515e+03	+0.470
75.800	+4.651e+03	+4.842e+03	+1.082e+04	+0.510
75.900	+6.371e+03	+4.120e+03	+8.555e+03	+0.393
76.000	+5.825e+03	+6.628e+03	+9.971e+03	+0.532
76.100	+5.894e+03	+5.312e+03	+1.102e+04	+0.474
76.200	+4.399e+03	+6.052e+03	+9.384e+03	+0.579
76.300	+5.169e+03	+5.457e+03	+9.896e+03	+0.514
76.400	+5.602e+03	+4.802e+03	+1.010e+04	+0.462
76.500	+4.967e+03	+5.223e+03	+1.004e+04	+0.513
76.600	+2.821e+03	+8.154e+03	+1.101e+04	+0.743
76.700	+1.272e+03	+7.891e+03	+9.545e+03	+0.861
76.800	+3.351e+03	+6.966e+03	+9.759e+03	+0.675
76.900	+5.416e+03	+4.900e+03	+9.932e+03	+0.475
77.000	+5.593e+03	+5.020e+03	+1.080e+04	+0.473
77.100	+5.205e+03	+6.051e+03	+1.034e+04	+0.538
77.200	+2.717e+03	+7.424e+03	+1.017e+04	+0.732
77.300	+2.073e+03	+8.021e+03	+9.601e+03	+0.795
77.400	+7.738e+02	+7.760e+03	+9.424e+03	+0.909
77.500	+1.638e+03	+8.471e+03	+9.370e+03	+0.838
77.600	+2.733e+03	+8.876e+03	+9.753e+03	+0.765
77.700	+1.365e+03	+8.484e+03	+1.103e+04	+0.861
77.800	+3.634e+03	+7.448e+03	+1.034e+04	+0.672
77.900	+2.509e+03	+9.524e+03	+9.725e+03	+0.791
78.000	+1.683e+03	+6.975e+03	+1.037e+04	+0.806
78.100	+1.336e+03	+7.663e+03	+1.013e+04	+0.852
78.200	+5.573e+02	+7.822e+03	+9.968e+03	+0.933
78.300	+2.860e+03	+8.349e+03	+1.005e+04	+0.745
78.400	+1.581e+03	+7.683e+03	+1.030e+04	+0.829
78.500	+1.218e+03	+7.735e+03	+9.352e+03	+0.864
78.600	+2.733e+03	+7.748e+03	+9.819e+03	+0.739
78.700	+1.775e+03	+9.144e+03	+1.032e+04	+0.837
78.800	+1.479e+03	+8.563e+03	+9.624e+03	+0.853
78.900	+2.790e+03	+7.335e+03	+9.455e+03	+0.724
79.000	+2.719e+03	+8.101e+03	+1.165e+04	+0.749
79.100	+1.445e+03	+8.181e+03	+1.014e+04	+0.850
79.200	+2.750e+03	+8.385e+03	+1.005e+04	+0.753
79.300	+1.498e+03	+8.223e+03	+1.001e+04	+0.846
79.400	+1.727e+03	+8.341e+03	+9.138e+03	+0.828
79.500	+2.612e+03	+7.441e+03	+1.095e+04	+0.740
79.600	+2.297e+03	+8.137e+03	+1.007e+04	+0.780
79.700	+1.485e+03	+7.669e+03	+8.744e+03	+0.838
79.800	+1.432e+03	+6.845e+03	+9.632e+03	+0.827
79.900	+3.374e+03	+7.449e+03	+9.620e+03	+0.688
80.000	+1.815e+03	+7.345e+03	+9.821e+03	+0.802
80.100	+2.316e+03	+7.581e+03	+9.613e+03	+0.766
80.200	+2.233e+03	+9.169e+03	+9.652e+03	+0.804
80.300	+1.512e+03	+8.282e+03	+9.564e+03	+0.846
80.400	+3.143e+03	+8.275e+03	+1.107e+04	+0.725
80.500	+1.172e+03	+9.139e+03	+1.117e+04	+0.886
80.600	+3.723e+03	+7.869e+03	+9.261e+03	+0.679
80.700	+1.069e+03	+8.659e+03	+1.039e+04	+0.890
80.800	+2.213e+03	+7.577e+03	+9.323e+03	+0.774
80.900	+2.431e+03	+8.268e+03	+1.089e+04	+0.773
81.000	+1.657e+03	+8.309e+03	+1.031e+04	+0.834
81.100	+2.865e+03	+9.631e+03	+1.015e+04	+0.771
81.200	+1.918e+03	+8.309e+03	+9.724e+03	+0.812
81.300	+3.482e+03	+5.909e+03	+9.814e+03	+0.629
81.400	+3.675e+03	+5.196e+03	+9.505e+03	+0.586
81.500	+5.061e+03	+5.749e+03	+8.712e+03	+0.532
81.600	+5.592e+03	+3.711e+03	+9.813e+03	+0.399
81.700	+4.320e+03	+5.035e+03	+1.042e+04	+0.538
81.800	+5.493e+03	+4.732e+03	+9.961e+03	+0.463
81.900	+5.788e+03	+5.444e+03	+1.032e+04	+0.485
82.000	+5.355e+03	+4.741e+03	+9.878e+03	+0.470
82.100	+4.571e+03	+5.113e+03	+1.068e+04	+0.528
82.200	+2.077e+03	+7.543e+03	+8.562e+03	+0.784
82.300	+2.411e+03	+7.906e+03	+9.379e+03	+0.766
82.400	+3.246e+03	+7.759e+03	+9.950e+03	+0.705
82.500	+5.557e+02	+8.063e+03	+9.380e+03	+0.936
82.600	+1.609e+03	+8.459e+03	+9.829e+03	+0.840
82.700	+1.054e+03	+7.505e+03	+1.008e+04	+0.877
82.800	+2.320e+03	+7.492e+03	+1.099e+04	+0.764
82.900	+1.796e+03	+8.248e+03	+9.011e+03	+0.821
83.000	+2.646e+03	+7.199e+03	+9.405e+03	+0.731
83.100	+1.827e+03	+7.116e+03	+1.152e+04	+0.796
83.200	+3.340e+03	+7.386e+03	+9.046e+03	+0.689
83.300	+2.326e+03	+8.857e+03	+9.373e+03	+0.792
83.400	+9.447e+02	+8.147e+03	+9.275e+03	+0.896
83.500	+2.157e+03	+7.724e+03	+9.563e+03	+0.782
83.600	+5.984e+02	+8.801e+03	+1.075e+04	+0.936
83.700	-1.848e+01	+7.281e+03	+8.697e+03	+1.003
83.800	+2.554e+02	+7.602e+03	+1.048e+04	+0.968
83.900	+2.333e+03	+8.872e+03	+1.011e+04	+0.792
84.000	+1.370e+03	+7.891e+03	+1.090e+04	+0.852
84.100	+2.091e+03	+7.461e+03	+9.252e+03	+0.781
84.200	+1.638e+03	+7.193e+03	+1.064e+04	+0.814
84.300	+1.589e+03	+7.907e+03	+9.558e+03	+0.833
84.400	+1.457e+03	+7.949e+03	+1.103e+04	+0.845
84.500	+1.579e+03	+8.060e+03	+1.023e+04	+0.836
84.600	+1.009e+03	+8.236e+03	+9.423e+03	+0.891
84.700	+1.789e+03	+6.547e+03	+9.454e+03	+0.785
84.800	+2.071e+03	+7.974e+03	+9.776e+03	+0.794
84.900	+2.544e+03	+7.585e+03	+9.674e+03	+0.749
85.000	+3.099e+03	+7.705e+03	+9.639e+03	+0.713
85.100	+2.946e+03	+7.443e+03	+8.906e+03	+0.716
85.200	+2.321e+03	+8.236e+03	+9.434e+03	+0.780
85.300	+2.917e+03	+8.607e+03	+9.908e+03	+0.747
85.400	+1.346e+03	+9.225e+03	+1.096e+04	+0.873
85.500	+2.329e+03	+8.820e+03	+9.114e+03	+0.791
85.600	+1.932e+03	+7.197e+03	+1.033e+04	+0.788
85.700	+2.847e+03	+6.866e+03	+9.771e+03	+0.707
85.800	+2.815e+03	+8.861e+03	+9.985e+03	+0.759
85.900	+2.907e+02	+8.613e+03	+9.677e+03	+0.967
86.000	+1.888e+03	+7.186e+03	+9.312e+03	+0.792
86.100	+1.709e+03	+8.266e+03	+1.023e+04	+0.829
86.200	+1.856e+03	+8.166e+03	+1.096e+04	+0.815
86.300	+3.247e+03	+7.659e+03	+8.695e+03	+0.702
86.400	+2.055e+03	+7.612e+03	+1.025e+04	+0.787
86.500	+2.859e+03	+7.627e+03	+9.990e+03	+0.727
86.600	+3.134e+03	+7.311e+03	+8.896e+03	+0.700
86.700	+1.204e+03	+7.624e+03	+9.757e+03	+0.864
86.800	+2.320e+03	+8.090e+03	+1.048e+04	+0.777
86.900	+9.568e+02	+7.229e+03	+1.057e+04	+0.883
87.000	+2.422e+03	+7.701e+03	+1.065e+04	+0.761
87.100	+1.835e+03	+8.804e+03	+1.062e+04	+0.828
87.200	+6.191e+02	+7.260e+03	+9.513e+03	+0.921
87.300	+1.852e+03	+8.698e+03	+1.034e+04	+0.824
87.400	+2.733e+03	+6.712e+03	+9.902e+03	+0.711
87.500	+2.937e+03	+6.894e+03	+1.081e+04	+0.701
87.600	+3.358e+03	+7.892e+03	+9.735e+03	+0.702
87.700	+2.036e+03	+8.159e+03	+1.076e+04	+0.800
87.800	+1.212e+03	+8.157e+03	+9.006e+03	+0.871
87.900	+1.797e+03	+7.368e+03	+1.014e+04	+0.804
88.000	+1.760e+03	+8.504e+03	+1.055e+04	+0.828
88.100	+2.050e+03	+6.970e+03	+9.086e+03	+0.773
88.200	+2.207e+03	+7.367e+03	+1.063e+04	+0.769
88.300	+1.965e+03	+6.607e+03	+1.006e+04	+0.771
88.400	+2.786e+03	+7.958e+03	+1.012e+04	+0.741
88.500	+1.908e+03	+7.339e+03	+9.047e+03	+0.794
88.600	+1.965e+03	+8.344e+03	+1.039e+04	+0.809
88.700	+2.230e+03	+8.098e+03	+1.045e+04	+0.784
88.800	+1.984e+03	+9.082e+03	+9.321e+03	+0.821
88.900	+1.814e+03	+7.625e+03	+1.140e+04	+0.808
89.000	+2.563e+03	+8.116e+03	+1.067e+04	+0.760
89.100	+2.000e+03	+7.420e+03	+9.447e+03	+0.788
89.200	+3.031e+03	+7.680e+03	+1.083e+04	+0.717
89.300	+7.176e+02	+7.660e+03	+1.051e+04	+0.914
89.400	+2.479e+03	+7.690e+03	+9.760e+03	+0.756
89.500	+2.068e+03	+9.124e+03	+1.027e+04	+0.815
89.600	+2.633e+03	+8.577e+03	+9.952e+03	+0.765
89.700	+2.701e+03	+8.445e+03	+9.594e+03	+0.758
89.800	+3.357e+03	+9.202e+03	+9.136e+03	+0.733
89.900	+1.834e+03	+7.663e+03	+1.106e+04	+0.807
90.000	+1.486e+03	+7.213e+03	+1.082e+04	+0.829
90.100	+2.772e+03	+9.075e+03	+1.146e+04	+0.766
90.200	+2.172e+03	+7.939e+03	+1.015e+04	+0.785
90.300	+3.346e+03	+5.903e+03	+9.731e+03	+0.638
90.400	+5.254e+03	+5.566e+03	+1.024e+04	+0.514
90.500	+4.704e+03	+5.832e+03	+9.594e+03	+0.554
90.600	+5.140e+03	+3.800e+03	+9.334e+03	+0.425
90.700	+4.875e+03	+4.871e+03	+8.959e+03	+0.500
90.800	+2.767e+03	+7.196e+03	+9.224e+03	+0.722
90.900	+2.119e+03	+6.799e+03	+1.010e+04	+0.762
91.000	+2.402e+03	+7.714e+03	+1.065e+04	+0.763
91.100	+2.419e+03	+8.981e+03	+9.880e+03	+0.788
91.200	+2.229e+03	+7.231e+03	+1.125e+04	+0.764
91.300	+6.209e+03	+5.973e+03	+9.622e+03	+0.490
91.400	+5.883e+03	+5.519e+03	+9.817e+03	+0.484
91.500	+4.956e+03	+5.299e+03	+9.651e+03	+0.517
91.600	+3.758e+03	+4.123e+03	+9.336e+03	+0.523
91.700	+5.542e+03	+4.780e+03	+1.051e+04	+0.463
91.800	+4.999e+03	+5.247e+03	+9.959e+03	+0.512
91.900	+5.344e+03	+4.856e+03	+9.953e+03	+0.476
92.000	+3.528e+03	+5.472e+03	+1.069e+04	+0.608
92.100	+3.881e+03	+4.491e+03	+1.004e+04	+0.536
92.200	+3.985e+03	+3.634e+03	+1.037e+04	+0.477
92.300	+5.382e+03	+5.700e+03	+9.107e+03	+0.514
92.400	+4.474e+03	+5.662e+03	+1.031e+04	+0.559
92.500	+4.638e+03	+2.890e+03	+9.225e+03	+0.384
92.600	+3.986e+03	+5.023e+03	+1.026e+04	+0.558
92.700	+4.747e+03	+6.067e+03	+9.153e+03	+0.561
92.800	+9.291e+02	+7.970e+03	+8.963e+03	+0.896
92.900	+2.395e+03	+7.724e+03	+1.050e+04	+0.763
93.000	+1.384e+03	+8.160e+03	+9.438e+03	+0.855
93.100	+1.444e+03	+8.944e+03	+1.016e+04	+0.861
93.200	+2.286e+03	+8.810e+03	+1.000e+04	+0.794
93.300	+2.697e+03	+8.300e+03	+9.894e+03	+0.755
93.400	+2.535e+03	+8.184e+03	+1.064e+04	+0.763
93.500	+3.557e+03	+8.254e+03	+8.549e+03	+0.699
93.600	+1.468e+03	+7.537e+03	+1.072e+04	+0.837
93.700	+1.897e+03	+8.147e+03	+9.544e+03	+0.811
93.800	+1.168e+03	+6.680e+03	+1.028e+04	+0.851
93.900	+2.302e+03	+9.436e+03	+1.110e+04	+0.804
94.000	+3.030e+03	+7.535e+03	+1.055e+04	+0.713
94.100	+2.330e+03	+7.149e+03	+9.875e+03	+0.754
94.200	+2.388e+03	+8.606e+03	+1.022e+04	+0.783
94.300	+2.181e+03	+8.135e+03	+1.014e+04	+0.789
94.400	+1.704e+03	+7.951e+03	+9.469e+03	+0.824
94.500	+1.532e+03	+7.235e+03	+9.644e+03	+0.825
94.600	+1.296e+03	+7.812e+03	+1.027e+04	+0.858
94.700	+2.237e+03	+9.260e+03	+9.998e+03	+0.805
94.800	+7.219e+02	+7.806e+03	+9.502e+03	+0.915
94.900	+1.108e+03	+6.643e+03	+9.723e+03	+0.857
95.000	+2.192e+03	+8.313e+03	+9.109e+03	+0.791
95.100	+1.319e+03	+9.309e+03	+1.051e+04	+0.876
95.200	+2.985e+03	+7.649e+03	+1.076e+04	+0.719
95.300	+8.932e+01	+8.375e+03	+8.924e+03	+0.989
95.400	+2.401e+03	+8.852e+03	+9.447e+03	+0.787
95.500	+8.277e+02	+8.415e+03	+1.130e+04	+0.910
95.600	+1.941e+03	+6.856e+03	+1.008e+04	+0.779
95.700	+1.186e+03	+8.122e+03	+1.008e+04	+0.873
95.800	+2.320e+03	+6.294e+03	+8.791e+03	+0.731
95.900	+1.750e+03	+7.200e+03	+1.058e+04	+0.804
96.000	+2.092e+03	+8.341e+03	+8.704e+03	+0.800
96.100	+7.095e+02	+8.288e+03	+9.995e+03	+0.921
96.200	+2.618e+03	+8.101e+03	+1.046e+04	+0.756
96.300	+2.609e+03	+7.797e+03	+1.010e+04	+0.749
96.400	+2.657e+03	+9.231e+03	+1.016e+04	+0.776
96.500	+1.374e+03	+8.027e+03	+1.018e+04	+0.854
96.600	+1.965e+03	+8.994e+03	+8.291e+03	+0.821
96.700	+1.775e+03	+7.765e+03	+9.616e+03	+0.814
96.800	+1.943e+03	+8.533e+03	+9.865e+03	+0.815
96.900	+1.935e+03	+8.850e+03	+1.126e+04	+0.821
97.000	+6.250e+02	+8.438e+03	+8.772e+03	+0.931
97.100	+1.399e+03	+8.478e+03	+1.194e+04	+0.858
97.200	+2.719e+03	+8.363e+03	+1.064e+04	+0.755
97.300	+2.540e+03	+8.347e+03	+1.068e+04	+0.767
97.400	+2.466e+03	+6.905e+03	+9.952e+03	+0.737
97.500	+1.186e+03	+8.349e+03	+1.001e+04	+0.876
97.600	+3.083e+03	+7.837e+03	+9.593e+03	+0.718
97.700	+2.099e+03	+8.562e+03	+9.241e+03	+0.803
97.800	+1.496e+03	+7.442e+03	+1.056e+04	+0.833
97.900	+2.742e+03	+8.510e+03	+9.795e+03	+0.756
98.000	+2.532e+03	+7.775e+03	+9.952e+03	+0.754
98.100	+1.720e+03	+8.201e+03	+1.051e+04	+0.827
98.200	+2.339e+03	+8.781e+03	+9.219e+03	+0.790
98.300	+2.348e+03	+8.168e+03	+8.764e+03	+0.777
98.400	+1.139e+03	+7.507e+03	+1.035e+04	+0.868
98.500	+5.694e+02	+8.859e+03	+8.971e+03	+0.940
98.600	+1.599e+03	+7.091e+03	+9.196e+03	+0.816
98.700	+1.963e+03	+9.650e+03	+1.048e+04	+0.831
98.800	+1.981e+03	+8.066e+03	+1.100e+04	+0.803
98.900	+2.057e+03	+7.849e+03	+1.065e+04	+0.792
99.000	+6.047e+02	+6.584e+03	+1.122e+04	+0.916
99.100	+2.679e+03	+8.462e+03	+1.071e+04	+0.760
99.200	+1.181e+03	+8.161e+03	+1.005e+04	+0.874
99.300	+3.045e+03	+7.687e+03	+9.476e+03	+0.716
99.400	+3.013e+03	+9.149e+03	+9.478e+03	+0.752
99.500	+3.475e+03	+8.330e+03	+9.832e+03	+0.706
99.600	+2.241e+03	+7.391e+03	+8.648e+03	+0.767
99.700	+2.125e+03	+8.465e+03	+1.028e+04	+0.799
99.800	+1.855e+03	+9.195e+03	+1.121e+04	+0.832
99.900	+1.108e+03	+8.725e+03	+1.051e+04	+0.887
100.000	+4.425e+03	+4.157e+03	+9.877e+03	+0.484
100.100	+5.203e+03	+5.267e+03	+9.524e+03	+0.503
100.200	+5.417e+03	+3.921e+03	+9.784e+03	+0.420
100.300	+6.034e+03	+5.934e+03	+1.091e+04	+0.496
100.400	+4.454e+03	+6.359e+03	+1.005e+04	+0.588
100.500	+5.797e+03	+4.675e+03	+9.691e+03	+0.446
100.600	+2.510e+03	+7.779e+03	+1.104e+04	+0.756
100.700	+1.224e+03	+6.539e+03	+9.198e+03	+0.842
100.800	+4.780e+03	+5.531e+03	+9.904e+03	+0.536
100.900	+4.680e+03	+3.470e+03	+9.556e+03	+0.426
101.000	+4.462e+03	+5.770e+03	+9.894e+03	+0.564
101.100	+5.368e+03	+4.298e+03	+1.017e+04	+0.445
101.200	+5.696e+03	+4.562e+03	+1.044e+04	+0.445
101.300	+6.007e+03	+5.548e+03	+1.058e+04	+0.480
101.400	+6.176e+03	+5.102e+03	+1.098e+04	+0.452
101.500	+4.158e+03	+5.215e+03	+9.444e+03	+0.556
101.600	+4.374e+03	+5.132e+03	+1.068e+04	+0.540
101.700	+4.545e+03	+5.138e+03	+1.079e+04	+0.531
101.800	+5.321e+03	+4.803e+03	+9.589e+03	+0.474
101.900	+5.491e+03	+6.316e+03	+1.042e+04	+0.535
102.000	+5.954e+03	+5.598e+03	+9.620e+03	+0.485
102.100	+5.614e+03	+5.558e+03	+9.659e+03	+0.498
102.200	+5.455e+03	+5.797e+03	+1.051e+04	+0.515
102.300	+4.142e+03	+5.098e+03	+9.434e+03	+0.552
102.400	+4.539e+03	+5.646e+03	+1.011e+04	+0.554
102.500	+4.966e+03	+4.481e+03	+1.047e+04	+0.474
102.600	+5.104e+03	+4.390e+03	+9.350e+03	+0.462
102.700	+5.631e+03	+5.255e+03	+9.119e+03	+0.483
102.800	+4.788e+03	+4.532e+03	+1.024e+04	+0.486
102.900	+5.383e+03	+5.455e+03	+8.941e+03	+0.503
103.000	+4.409e+03	+4.911e+03	+9.870e+03	+0.527
103.100	+4.927e+03	+4.162e+03	+9.744e+03	+0.458
103.200	+6.971e+03	+3.367e+03	+1.004e+04	+0.326
103.300	+8.273e+03	+2.944e+03	+1.066e+04	+0.262
103.400	+7.619e+03	+2.571e+03	+9.245e+03	+0.252
103.500	+6.908e+03	+3.354e+03	+1.073e+04	+0.327
103.600	+8.035e+03	+2.429e+03	+8.880e+03	+0.232
103.700	+7.279e+03	+3.775e+03	+1.030e+04	+0.342
103.800	+8.289e+03	+1.819e+03	+9.350e+03	+0.180
103.900	+7.641e+03	+2.916e+03	+9.803e+03	+0.276
104.000	+7.781e+03	+3.215e+03	+1.029e+04	+0.292
104.100	+7.347e+03	+1.493e+03	+1.052e+04	+0.169
104.200	+6.714e+03	+3.025e+03	+9.668e+03	+0.311
104.300	+6.648e+03	+1.757e+03	+1.063e+04	+0.209
104.400	+7.957e+03	+2.824e+03	+9.101e+03	+0.262
104.500	+7.611e+03	+2.755e+03	+9.519e+03	+0.266
104.600	+7.900e+03	+2.097e+03	+1.017e+04	+0.210
104.700	+7.419e+03	+1.741e+03	+9.851e+03	+0.190
104.800	+7.262e+03	+2.441e+03	+1.038e+04	+0.252
104.900	+7.657e+03	+2.146e+03	+1.012e+04	+0.219
105.000	+7.500e+03	+2.960e+03	+1.081e+04	+0.283
105.100	+5.916e+03	+3.653e+03	+9.425e+03	+0.382
105.200	+4.690e+03	+4.969e+03	+9.389e+03	+0.514
105.300	+5.764e+03	+5.539e+03	+9.308e+03	+0.490
105.400	+5.616e+03	+5.689e+03	+1.152e+04	+0.503
105.500	+3.863e+03	+4.562e+03	+1.071e+04	+0.541
105.600	+4.730e+03	+4.353e+03	+9.211e+03	+0.479
105.700	+5.508e+03	+5.136e+03	+9.392e+03	+0.483
105.800	+5.567e+03	+4.580e+03	+9.548e+03	+0.451
105.900	+4.407e+03	+4.010e+03	+1.024e+04	+0.476
106.000	+4.393e+03	+6.067e+03	+1.060e+04	+0.580
106.100	+5.466e+03	+4.780e+03	+1.097e+04	+0.466
106.200	+3.113e+03	+4.908e+03	+1.123e+04	+0.612
106.300	+4.956e+03	+3.963e+03	+9.491e+03	+0.444
106.400	+4.951e+03	+5.712e+03	+1.080e+04	+0.536
106.500	+5.378e+03	+5.673e+03	+1.045e+04	+0.513
106.600	+4.398e+03	+4.278e+03	+9.662e+03	+0.493
106.700	+4.451e+03	+5.579e+03	+9.922e+03	+0.556
106.800	+5.446e+03	+4.475e+03	+1.070e+04	+0.451
106.900	+4.231e+03	+5.273e+03	+1.026e+04	+0.555
107.000	+4.663e+03	+5.789e+03	+9.703e+03	+0.554
107.100	+4.621e+03	+5.005e+03	+1.061e+04	+0.520
107.200	+3.174e+03	+6.208e+03	+8.810e+03	+0.662
107.300	+1.800e+03	+8.331e+03	+9.367e+03	+0.822
107.400	+3.465e+03	+7.459e+03	+1.034e+04	+0.683
107.500	-3.285e+01	+7.321e+03	+9.081e+03	+1.005
107.600	+1.637e+03	+7.938e+03	+1.086e+04	+0.829
107.700	+1.080e+03	+7.866e+03	+1.003e+04	+0.879
107.800	+1.414e+03	+7.713e+03	+9.565e+03	+0.845
107.900	-1.233e+02	+7.884e+03	+1.060e+04	+1.016
108.000	+2.413e+03	+7.962e+03	+1.070e+04	+0.767
108.100	+2.004e+03	+7.264e+03	+9.727e+03	+0.784
108.200	+3.105e+03	+7.365e+03	+9.742e+03	+0.703
108.300	+1.489e+03	+9.053e+03	+1.024e+04	+0.859
108.400	+1.718e+03	+7.082e+03	+9.674e+03	+0.805
108.500	+2.636e+03	+8.493e+03	+9.542e+03	+0.763
108.600	+3.612e+03	+8.466e+03	+9.488e+03	+0.701
108.700	+2.125e+03	+8.436e+03	+1.105e+04	+0.799
108.800	+1.526e+03	+7.480e+03	+9.815e+03	+0.831
108.900	+2.901e+03	+7.945e+03	+1.032e+04	+0.733
109.000	+1.134e+03	+8.006e+03	+1.029e+04	+0.876
109.100	+1.506e+03	+8.327e+03	+1.060e+04	+0.847
109.200	+1.703e+03	+8.981e+03	+1.003e+04	+0.841
109.300	+2.422e+03	+7.477e+03	+8.803e+03	+0.755
109.400	+1.892e+03	+7.753e+03	+9.839e+03	+0.804
109.500	+2.003e+03	+7.875e+03	+9.239e+03	+0.797
109.600	+2.048e+03	+8.400e+03	+1.096e+04	+0.804
109.700	+1.257e+03	+8.139e+03	+1.046e+04	+0.866
109.800	+2.119e+03	+9.804e+03	+1.050e+04	+0.822
109.900	+1.665e+03	+8.531e+03	+9.101e+03	+0.837
110.000	+1.456e+03	+8.197e+03	+1.015e+04	+0.849
110.100	+2.721e+03	+7.061e+03	+1.070e+04	+0.722
110.200	+1.272e+03	+8.866e+03	+9.873e+03	+0.875
110.300	+2.799e+03	+7.217e+03	+9.993e+03	+0.721
110.400	+6.910e+02	+8.259e+03	+1.056e+04	+0.923
110.500	+1.179e+03	+8.923e+03	+9.595e+03	+0.883
110.600	+2.615e+03	+8.402e+03	+1.149e+04	+0.763
110.700	+2.069e+03	+8.512e+03	+1.059e+04	+0.804
110.800	+8.868e+02	+8.775e+03	+9.544e+03	+0.908
110.900	+2.848e+03	+6.593e+03	+9.401e+03	+0.698
111.000	+1.285e+03	+6.777e+03	+9.453e+03	+0.841
111.100	+1.438e+03	+9.626e+03	+9.893e+03	+0.870
111.200	+3.516e+03	+7.443e+03	+1.169e+04	+0.679
111.300	+2.138e+03	+7.260e+03	+1.115e+04	+0.773
111.400	+1.594e+03	+9.274e+03	+1.030e+04	+0.853
111.500	+3.260e+03	+7.268e+03	+9.955e+03	+0.690
111.600	+1.402e+03	+7.307e+03	+1.094e+04	+0.839
111.700	+1.891e+03	+8.213e+03	+1.012e+04	+0.813
111.800	+1.917e+03	+8.402e+03	+9.627e+03	+0.814
111.900	+3.016e+03	+8.379e+03	+1.012e+04	+0.735
112.000	+1.281e+03	+7.711e+03	+1.009e+04	+0.858
112.100	+1.387e+03	+9.217e+03	+9.133e+03	+0.869
112.200	+1.938e+03	+6.754e+03	+8.830e+03	+0.777
112.300	+1.292e+03	+7.809e+03	+1.067e+04	+0.858
112.400	+9.400e+02	+7.910e+03	+1.024e+04	+0.894
112.500	+2.637e+03	+7.234e+03	+1.022e+04	+0.733
112.600	+6.921e+02	+8.532e+03	+1.098e+04	+0.925
112.700	+2.425e+03	+6.745e+03	+1.025e+04	+0.736
112.800	+8.834e+02	+8.037e+03	+9.694e+03	+0.901
112.900	+2.988e+03	+8.101e+03	+8.907e+03	+0.731
113.000	+1.319e+03	+8.405e+03	+1.019e+04	+0.864
113.100	+5.877e+02	+8.286e+03	+9.809e+03	+0.934
113.200	+2.983e+03	+7.754e+03	+1.074e+04	+0.722
113.300	+3.867e+03	+6.845e+03	+1.033e+04	+0.639
113.400	+1.424e+03	+7.576e+03	+9.715e+03	+0.842
113.500	+1.320e+03	+7.249e+03	+9.565e+03	+0.846
113.600	+1.968e+03	+9.338e+03	+9.828e+03	+0.826
113.700	+2.171e+03	+8.422e+03	+1.088e+04	+0.795
113.800	+1.718e+03	+8.152e+03	+9.922e+03	+0.826
113.900	+2.195e+03	+9.055e+03	+9.973e+03	+0.805
114.000	+2.338e+03	+8.304e+03	+9.681e+03	+0.780
114.100	+2.325e+03	+7.997e+03	+9.649e+03	+0.775
114.200	+1.567e+03	+8.211e+03	+1.121e+04	+0.840
114.300	+2.049e+03	+9.241e+03	+1.023e+04	+0.819
114.400	+2.708e+03	+8.816e+03	+1.074e+04	+0.765
114.500	+3.613e+03	+7.826e+03	+1.006e+04	+0.684
114.600	+2.697e+03	+8.239e+03	+1.042e+04	+0.753
114.700	+2.561e+03	+7.601e+03	+1.084e+04	+0.748
114.800	+2.491e+03	+7.442e+03	+1.188e+04	+0.749
