%t (s)	Idd (a.u.)	Ida (a.u.)	Iaa (a.u.)	FRET E
0.000	+1.793e+03	+7.961e+03	+1.108e+04	+0.816
0.100	+1.503e+03	+7.491e+03	+9.052e+03	+0.833
0.200	+7.538e+02	+7.150e+03	+9.600e+03	+0.905
0.300	+1.847e+03	+8.119e+03	+1.014e+04	+0.815
0.400	+2.055e+03	+7.846e+03	+1.100e+04	+0.792
0.500	+2.829e+03	+7.145e+03	+9.204e+03	+0.716
0.600	+4.282e+03	+5.606e+03	+8.830e+03	+0.567
0.700	+5.507e+03	+6.062e+03	+8.763e+03	+0.524
0.800	+4.306e+03	+4.491e+03	+1.075e+04	+0.511
0.900	+5.454e+03	+5.460e+03	+1.048e+04	+0.500
1.000	+4.723e+03	+4.883e+03	+1.033e+04	+0.508
1.100	+5.502e+03	+5.207e+03	+1.057e+04	+0.486
1.200	+4.777e+03	+4.939e+03	+1.057e+04	+0.508
1.300	+4.673e+03	+4.595e+03	+8.029e+03	+0.496
1.400	+5.429e+03	+6.044e+03	+1.062e+04	+0.527
1.500	+5.220e+03	+6.074e+03	+1.013e+04	+0.538
1.600	+5.622e+03	+6.462e+03	+1.026e+04	+0.535
1.700	+3.744e+03	+5.576e+03	+8.567e+03	+0.598
1.800	+5.348e+03	+5.705e+03	+1.065e+04	+0.516
1.900	+4.883e+03	+5.888e+03	+9.662e+03	+0.547
2.000	+5.516e+03	+4.228e+03	+9.508e+03	+0.434
2.100	+5.312e+03	+4.720e+03	+1.110e+04	+0.471
2.200	+4.932e+03	+4.918e+03	+9.850e+03	+0.499
2.300	+5.241e+03	+4.947e+03	+9.688e+03	+0.486
2.400	+4.586e+03	+6.070e+03	+1.044e+04	+0.570
2.500	+4.176e+03	+6.080e+03	+1.130e+04	+0.593
2.600	+5.170e+03	+5.315e+03	+9.920e+03	+0.507
2.700	+3.536e+03	+6.654e+03	+9.896e+03	+0.653
2.800	+2.182e+03	+8.495e+03	+1.066e+04	+0.796
2.900	+1.828e+03	+6.628e+03	+8.990e+03	+0.784
3.000	+2.575e+03	+8.435e+03	+9.555e+03	+0.766
3.100	+1.210e+03	+7.735e+03	+9.679e+03	+0.865
3.200	+1.782e+03	+8.217e+03	+1.116e+04	+0.822
3.300	+2.569e+03	+8.748e+03	+9.650e+03	+0.773
3.400	+1.453e+03	+8.131e+03	+1.011e+04	+0.848
3.500	+1.743e+03	+8.422e+03	+9.362e+03	+0.829
3.600	+1.826e+03	+7.524e+03	+8.650e+03	+0.805
3.700	+2.531e+03	+7.741e+03	+1.080e+04	+0.754
3.800	+8.962e+02	+8.543e+03	+8.442e+03	+0.905
3.900	+3.038e+03	+7.972e+03	+1.029e+04	+0.724
4.000	+2.956e+03	+7.474e+03	+1.060e+04	+0.717
4.100	+2.167e+03	+7.661e+03	+1.001e+04	+0.780
4.200	+1.505e+03	+6.927e+03	+9.232e+03	+0.822
4.300	+1.663e+03	+7.402e+03	+9.898e+03	+0.817
4.400	+2.106e+03	+7.764e+03	+1.082e+04	+0.787
4.500	+2.335e+03	+7.135e+03	+1.038e+04	+0.753
4.600	+2.412e+03	+7.567e+03	+8.203e+03	+0.758
4.700	+7.708e+02	+8.352e+03	+1.045e+04	+0.916
4.800	+4.714e+03	+5.368e+03	+9.942e+03	+0.532
4.900	+8.973e+03	+1.865e+03	+9.251e+03	+0.172
5.000	+7.664e+03	+2.923e+03	+9.695e+03	+0.276
5.100	+6.965e+03	+3.456e+03	+1.063e+04	+0.332
5.200	+7.928e+03	+3.334e+03	+1.090e+04	+0.296
5.300	+7.980e+03	+2.870e+03	+9.576e+03	+0.265
5.400	+8.433e+03	+2.067e+03	+1.090e+04	+0.197
5.500	+8.678e+03	+3.022e+03	+1.013e+04	+0.258
5.600	+8.381e+03	+1.702e+03	+1.037e+04	+0.169
5.700	+7.824e+03	+2.947e+03	+1.102e+04	+0.274
5.800	+7.628e+03	+2.236e+03	+9.478e+03	+0.227
5.900	+6.343e+03	+1.894e+03	+1.040e+04	+0.230
6.000	+6.939e+03	+2.714e+03	+9.779e+03	+0.281
6.100	+7.330e+03	+2.438e+03	+9.397e+03	+0.250
6.200	+7.211e+03	+3.929e+03	+1.067e+04	+0.353
6.300	+6.990e+03	+2.421e+03	+1.022e+04	+0.257
6.400	+7.068e+03	+1.649e+03	+9.996e+03	+0.189
6.500	+7.564e+03	+3.134e+03	+9.714e+03	+0.293
6.600	+8.223e+03	+3.316e+03	+9.816e+03	+0.287
6.700	+7.116e+03	+2.718e+03	+1.014e+04	+0.276
6.800	+7.041e+03	+2.699e+03	+9.955e+03	+0.277
6.900	+8.021e+03	+3.304e+03	+9.177e+03	+0.292
7.000	+7.194e+03	+2.185e+03	+9.758e+03	+0.233
7.100	+8.158e+03	+2.463e+03	+1.102e+04	+0.232
7.200	+7.385e+03	+3.186e+03	+1.091e+04	+0.301
7.300	+8.456e+03	+2.346e+03	+9.208e+03	+0.217
7.400	+8.003e+03	+2.162e+03	+1.013e+04	+0.213
7.500	+7.909e+03	+2.961e+03	+9.913e+03	+0.272
7.600	+6.693e+03	+2.435e+03	+1.020e+04	+0.267
7.700	+7.121e+03	+2.643e+03	+9.439e+03	+0.271
7.800	+5.715e+03	+4.396e+03	+1.065e+04	+0.435
7.900	+2.971e+03	+7.790e+03	+8.696e+03	+0.724
8.000	+2.258e+03	+6.862e+03	+9.401e+03	+0.752
8.100	+1.752e+03	+7.836e+03	+1.034e+04	+0.817
8.200	+7.981e+02	+7.832e+03	+1.140e+04	+0.908
8.300	+2.573e+03	+8.111e+03	+9.638e+03	+0.759
8.400	+1.346e+03	+8.233e+03	+9.809e+03	+0.860
8.500	+2.025e+03	+7.489e+03	+9.109e+03	+0.787
8.600	+1.632e+03	+7.587e+03	+1.055e+04	+0.823
8.700	+1.939e+03	+9.070e+03	+9.540e+03	+0.824
8.800	+1.605e+03	+6.920e+03	+1.095e+04	+0.812
8.900	+1.252e+03	+7.848e+03	+9.963e+03	+0.862
9.000	+3.130e+03	+7.318e+03	+1.019e+04	+0.700
9.100	+9.587e+02	+7.535e+03	+9.566e+03	+0.887
9.200	+1.969e+03	+7.916e+03	+9.456e+03	+0.801
9.300	+2.008e+03	+8.022e+03	+1.138e+04	+0.800
9.400	+2.770e+03	+8.390e+03	+1.023e+04	+0.752
9.500	+1.336e+03	+7.091e+03	+1.047e+04	+0.841
9.600	+1.750e+03	+8.073e+03	+8.538e+03	+0.822
9.700	+1.123e+03	+7.318e+03	+1.071e+04	+0.867
9.800	+2.769e+03	+7.546e+03	+1.051e+04	+0.732
9.900	+2.212e+03	+8.156e+03	+1.064e+04	+0.787
10.000	+1.708e+03	+8.089e+03	+9.318e+03	+0.826
10.100	+2.633e+03	+7.420e+03	+9.347e+03	+0.738
10.200	+3.878e+03	+7.655e+03	+1.005e+04	+0.664
10.300	+5.363e+03	+6.735e+03	+9.509e+03	+0.557
10.400	+4.448e+03	+3.907e+03	+1.039e+04	+0.468
10.500	+5.010e+03	+4.970e+03	+9.886e+03	+0.498
10.600	+5.003e+03	+5.326e+03	+8.752e+03	+0.516
10.700	+3.817e+03	+4.727e+03	+8.615e+03	+0.553
10.800	+5.498e+03	+4.185e+03	+9.711e+03	+0.432
10.900	+3.848e+03	+5.080e+03	+9.421e+03	+0.569
11.000	+5.979e+03	+4.553e+03	+1.008e+04	+0.432
11.100	+6.307e+03	+4.697e+03	+1.013e+04	+0.427
11.200	+6.604e+03	+4.530e+03	+1.087e+04	+0.407
11.300	+5.046e+03	+4.655e+03	+9.470e+03	+0.480
11.400	+4.267e+03	+4.535e+03	+8.676e+03	+0.515
11.500	+5.443e+03	+3.922e+03	+1.031e+04	+0.419
11.600	+5.247e+03	+4.241e+03	+9.262e+03	+0.447
11.700	+4.709e+03	+6.712e+03	+9.889e+03	+0.588
11.800	+6.039e+03	+4.529e+03	+9.876e+03	+0.429
11.900	+4.747e+03	+4.665e+03	+9.502e+03	+0.496
12.000	+4.638e+03	+4.410e+03	+1.002e+04	+0.487
12.100	+4.540e+03	+5.398e+03	+9.655e+03	+0.543
12.200	+5.890e+03	+4.911e+03	+9.014e+03	+0.455
12.300	+4.708e+03	+4.316e+03	+1.010e+04	+0.478
12.400	+4.543e+03	+4.743e+03	+9.824e+03	+0.511
12.500	+5.711e+03	+5.484e+03	+1.009e+04	+0.490
12.600	+5.983e+03	+4.939e+03	+1.048e+04	+0.452
12.700	+4.838e+03	+4.753e+03	+8.878e+03	+0.496
12.800	+5.632e+03	+5.134e+03	+1.073e+04	+0.477
12.900	+4.165e+03	+5.253e+03	+9.813e+03	+0.558
13.000	+4.781e+03	+6.373e+03	+8.518e+03	+0.571
13.100	+4.731e+03	+5.104e+03	+9.065e+03	+0.519
13.200	+6.073e+03	+5.598e+03	+8.310e+03	+0.480
13.300	+5.778e+03	+4.807e+03	+1.110e+04	+0.454
13.400	+5.460e+03	+4.554e+03	+1.014e+04	+0.455
13.500	+5.189e+03	+5.945e+03	+1.025e+04	+0.534
13.600	+5.268e+03	+5.104e+03	+1.007e+04	+0.492
13.700	+5.002e+03	+4.273e+03	+9.788e+03	+0.461
13.800	+5.820e+03	+4.715e+03	+1.010e+04	+0.448
13.900	+2.684e+03	+8.073e+03	+9.235e+03	+0.751
14.000	+1.928e+03	+7.516e+03	+1.058e+04	+0.796
14.100	+7.211e+02	+9.196e+03	+1.054e+04	+0.927
14.200	+3.141e+03	+8.554e+03	+1.030e+04	+0.731
14.300	+1.368e+03	+8.639e+03	+8.281e+03	+0.863
14.400	+3.263e+03	+8.336e+03	+9.031e+03	+0.719
14.500	+1.908e+03	+7.738e+03	+9.620e+03	+0.802
14.600	+2.953e+03	+8.395e+03	+1.068e+04	+0.740
14.700	+1.744e+03	+8.202e+03	+1.026e+04	+0.825
14.800	+2.019e+03	+7.918e+03	+9.799e+03	+0.797
14.900	+2.602e+03	+6.758e+03	+1.085e+04	+0.722
15.000	+2.075e+03	+9.046e+03	+1.128e+04	+0.813
15.100	+7.201e+02	+7.718e+03	+1.062e+04	+0.915
15.200	+1.934e+03	+8.241e+03	+1.164e+04	+0.810
15.300	+2.155e+03	+7.540e+03	+9.764e+03	+0.778
15.400	+2.973e+03	+8.232e+03	+1.140e+04	+0.735
15.500	+5.449e+03	+5.180e+03	+1.063e+04	+0.487
15.600	+5.240e+03	+5.797e+03	+9.775e+03	+0.525
15.700	+4.745e+03	+4.722e+03	+9.446e+03	+0.499
15.800	+4.972e+03	+6.130e+03	+9.863e+03	+0.552
15.900	+3.416e+03	+6.414e+03	+1.047e+04	+0.652
16.000	+2.137e+03	+6.862e+03	+9.782e+03	+0.763
16.100	+1.823e+03	+8.897e+03	+1.049e+04	+0.830
16.200	+9.698e+02	+8.589e+03	+1.005e+04	+0.899
16.300	+2.537e+03	+7.965e+03	+9.877e+03	+0.758
16.400	+1.564e+03	+7.793e+03	+1.141e+04	+0.833
16.500	+2.164e+03	+8.340e+03	+9.989e+03	+0.794
16.600	+5.280e+02	+8.301e+03	+9.865e+03	+0.940
16.700	+1.684e+03	+7.843e+03	+9.931e+03	+0.823
16.800	+2.661e+03	+8.691e+03	+9.808e+03	+0.766
16.900	+1.708e+03	+6.790e+03	+9.766e+03	+0.799
17.000	+1.327e+03	+8.398e+03	+8.726e+03	+0.864
17.100	+2.281e+03	+8.626e+03	+1.073e+04	+0.791
17.200	+2.062e+03	+9.323e+03	+8.304e+03	+0.819
17.300	+1.304e+03	+8.483e+03	+1.084e+04	+0.867
17.400	+1.214e+03	+6.875e+03	+1.088e+04	+0.850
17.500	+2.085e+03	+7.427e+03	+1.087e+04	+0.781
17.600	+2.956e+03	+7.399e+03	+9.276e+03	+0.714
17.700	+1.958e+03	+7.326e+03	+1.047e+04	+0.789
17.800	+3.133e+03	+8.834e+03	+9.832e+03	+0.738
17.900	+1.929e+03	+7.700e+03	+9.974e+03	+0.800
18.000	+2.034e+03	+8.237e+03	+9.553e+03	+0.802
18.100	+2.345e+03	+7.849e+03	+1.068e+04	+0.770
18.200	+2.332e+03	+8.169e+03	+1.022e+04	+0.778
18.300	+3.241e+03	+7.271e+03	+8.787e+03	+0.692
18.400	+1.831e+03	+1.052e+04	+1.089e+04	+0.852
18.500	+2.536e+03	+7.679e+03	+1.000e+04	+0.752
18.600	+2.590e+03	+7.740e+03	+9.623e+03	+0.749
18.700	+1.575e+03	+6.888e+03	+9.434e+03	+0.814
18.800	+2.307e+03	+8.878e+03	+1.008e+04	+0.794
18.900	+2.244e+03	+7.629e+03	+9.799e+03	+0.773
19.000	+2.299e+03	+7.657e+03	+9.538e+03	+0.769
19.100	+1.744e+03	+6.690e+03	+1.021e+04	+0.793
19.200	+1.767e+03	+8.148e+03	+1.002e+04	+0.822
19.300	+2.210e+03	+8.676e+03	+9.493e+03	+0.797
19.400	+2.102e+03	+7.488e+03	+9.809e+03	+0.781
19.500	+7.327e+01	+7.111e+03	+1.024e+04	+0.990
19.600	+1.220e+03	+9.907e+03	+8.904e+03	+0.890
19.700	+6.024e+02	+7.606e+03	+1.048e+04	+0.927
19.800	+3.516e+03	+8.412e+03	+9.615e+03	+0.705
19.900	+1.011e+03	+9.561e+03	+1.069e+04	+0.904
20.000	+2.165e+03	+7.584e+03	+1.110e+04	+0.778
20.100	+1.826e+03	+8.273e+03	+8.205e+03	+0.819
20.200	+1.892e+03	+7.864e+03	+9.487e+03	+0.806
20.300	+1.338e+03	+8.311e+03	+9.471e+03	+0.861
20.400	+2.484e+03	+8.824e+03	+1.010e+04	+0.780
20.500	+2.335e+03	+9.004e+03	+9.076e+03	+0.794
20.600	+2.096e+03	+9.231e+03	+9.187e+03	+0.815
20.700	+2.719e+03	+8.459e+03	+1.035e+04	+0.757
20.800	+9.096e+02	+7.887e+03	+9.626e+03	+0.897
20.900	+2.959e+03	+7.760e+03	+1.039e+04	+0.724
21.000	+1.468e+03	+8.413e+03	+1.060e+04	+0.851
21.100	+2.342e+03	+7.463e+03	+1.007e+04	+0.761
21.200	+3.011e+03	+9.054e+03	+9.779e+03	+0.750
21.300	+1.245e+03	+8.659e+03	+1.072e+04	+0.874
21.400	+1.206e+03	+9.473e+03	+1.062e+04	+0.887
21.500	+2.277e+03	+8.936e+03	+9.643e+03	+0.797
21.600	+1.612e+03	+7.457e+03	+8.822e+03	+0.822
21.700	+2.757e+02	+8.505e+03	+1.047e+04	+0.969
21.800	+1.559e+03	+7.204e+03	+9.386e+03	+0.822
21.900	+1.738e+03	+7.612e+03	+8.880e+03	+0.814
22.000	+1.961e+03	+8.174e+03	+1.119e+04	+0.806
22.100	+1.462e+02	+8.321e+03	+1.020e+04	+0.983
22.200	+1.822e+03	+8.402e+03	+8.981e+03	+0.822
22.300	+3.635e+03	+7.915e+03	+1.130e+04	+0.685
22.400	+2.024e+03	+7.856e+03	+1.175e+04	+0.795
22.500	+1.513e+03	+7.209e+03	+9.170e+03	+0.827
22.600	+3.247e+03	+7.905e+03	+8.456e+03	+0.709
22.700	+2.950e+03	+8.663e+03	+9.354e+03	+0.746
22.800	+1.879e+03	+7.985e+03	+1.015e+04	+0.810
22.900	+6.258e+02	+8.030e+03	+9.875e+03	+0.928
23.000	+1.772e+03	+7.853e+03	+9.037e+03	+0.816
23.100	+9.379e+02	+8.158e+03	+1.099e+04	+0.897
23.200	+1.367e+03	+7.839e+03	+8.801e+03	+0.851
23.300	+1.270e+03	+7.525e+03	+9.847e+03	+0.856
23.400	+7.460e+02	+7.732e+03	+9.227e+03	+0.912
23.500	+1.923e+03	+8.664e+03	+1.035e+04	+0.818
23.600	+2.207e+03	+8.454e+03	+1.072e+04	+0.793
23.700	+1.700e+03	+8.065e+03	+9.606e+03	+0.826
23.800	+2.173e+03	+7.400e+03	+1.049e+04	+0.773
23.900	+9.919e+02	+8.388e+03	+9.667e+03	+0.894
24.000	+2.407e+03	+8.550e+03	+1.038e+04	+0.780
24.100	+1.940e+03	+8.671e+03	+9.419e+03	+0.817
24.200	+2.700e+03	+7.566e+03	+9.456e+03	+0.737
24.300	+1.937e+03	+7.632e+03	+9.938e+03	+0.798
24.400	+4.982e+03	+6.220e+03	+9.765e+03	+0.555
24.500	+7.725e+03	+1.939e+03	+9.959e+03	+0.201
24.600	+7.981e+03	+1.497e+03	+1.129e+04	+0.158
24.700	+7.287e+03	+2.993e+03	+1.053e+04	+0.291
24.800	+7.773e+03	+1.436e+03	+1.112e+04	+0.156
24.900	+7.867e+03	+2.530e+03	+9.550e+03	+0.243
25.000	+7.996e+03	+2.398e+03	+1.043e+04	+0.231
25.100	+7.690e+03	+1.416e+03	+1.085e+04	+0.156
25.200	+8.085e+03	+2.372e+03	+1.032e+04	+0.227
25.300	+8.007e+03	+1.284e+03	+9.015e+03	+0.138
25.400	+7.367e+03	+2.172e+03	+9.172e+03	+0.228
25.500	+7.365e+03	+3.165e+03	+9.306e+03	+0.301
25.600	+5.628e+03	+4.338e+03	+9.311e+03	+0.435
25.700	+5.029e+03	+5.187e+03	+9.110e+03	+0.508
25.800	+4.192e+03	+3.817e+03	+9.074e+03	+0.477
25.900	+4.537e+03	+5.067e+03	+1.033e+04	+0.528
26.000	+5.240e+03	+4.184e+03	+9.889e+03	+0.444
26.100	+4.348e+03	+4.466e+03	+9.776e+03	+0.507
26.200	+5.142e+03	+4.254e+03	+9.470e+03	+0.453
26.300	+5.575e+03	+4.936e+03	+9.809e+03	+0.470
26.400	+5.375e+03	+6.199e+03	+8.737e+03	+0.536
26.500	+4.781e+03	+5.514e+03	+1.009e+04	+0.536
26.600	+5.780e+03	+6.812e+03	+1.043e+04	+0.541
26.700	+4.664e+03	+5.383e+03	+9.580e+03	+0.536
26.800	+3.720e+03	+5.721e+03	+1.072e+04	+0.606
26.900	+4.143e+03	+6.657e+03	+1.012e+04	+0.616
27.000	+5.715e+03	+4.990e+03	+9.847e+03	+0.466
27.100	+4.621e+03	+4.702e+03	+9.617e+03	+0.504
27.200	+4.206e+03	+4.629e+03	+1.003e+04	+0.524
27.300	+5.148e+03	+4.275e+03	+9.980e+03	+0.454
27.400	+4.565e+03	+5.059e+03	+1.037e+04	+0.526
27.500	+5.112e+03	+4.408e+03	+9.924e+03	+0.463
27.600	+4.740e+03	+4.773e+03	+9.621e+03	+0.502
27.700	+5.528e+03	+4.513e+03	+1.063e+04	+0.449
27.800	+4.735e+03	+5.134e+03	+9.680e+03	+0.520
27.900	+5.585e+03	+4.190e+03	+1.128e+04	+0.429
28.000	+3.976e+03	+4.030e+03	+9.524e+03	+0.503
28.100	+6.579e+03	+4.851e+03	+9.123e+03	+0.424
28.200	+3.818e+03	+5.294e+03	+9.365e+03	+0.581
28.300	+3.740e+03	+4.466e+03	+1.019e+04	+0.544
28.400	+4.770e+03	+5.507e+03	+9.828e+03	+0.536
28.500	+4.383e+03	+4.213e+03	+9.712e+03	+0.490
28.600	+5.280e+03	+4.518e+03	+9.836e+03	+0.461
28.700	+5.189e+03	+5.556e+03	+1.109e+04	+0.517
28.800	+5.600e+03	+5.024e+03	+1.064e+04	+0.473
28.900	+4.302e+03	+4.566e+03	+1.092e+04	+0.515
29.000	+5.416e+03	+4.464e+03	+1.035e+04	+0.452
29.100	+4.291e+03	+5.825e+03	+1.081e+04	+0.576
29.200	+5.745e+03	+5.604e+03	+9.630e+03	+0.494
29.300	+4.498e+03	+5.688e+03	+9.674e+03	+0.558
29.400	+4.756e+03	+4.442e+03	+1.029e+04	+0.483
29.500	+5.370e+03	+5.330e+03	+1.116e+04	+0.498
29.600	+4.141e+03	+5.119e+03	+9.871e+03	+0.553
29.700	+4.760e+03	+5.831e+03	+9.900e+03	+0.551
29.800	+5.144e+03	+4.102e+03	+1.033e+04	+0.444
29.900	+4.554e+03	+5.714e+03	+9.672e+03	+0.556
30.000	+5.443e+03	+4.963e+03	+1.060e+04	+0.477
30.100	+6.297e+03	+4.376e+03	+9.919e+03	+0.410
30.200	+5.689e+03	+5.061e+03	+9.892e+03	+0.471
30.300	+5.296e+03	+5.806e+03	+9.173e+03	+0.523
30.400	+3.697e+03	+5.357e+03	+1.005e+04	+0.592
30.500	+4.464e+03	+4.272e+03	+9.291e+03	+0.489
30.600	+5.662e+03	+5.870e+03	+9.818e+03	+0.509
30.700	+4.545e+03	+4.351e+03	+9.405e+03	+0.489
30.800	+5.512e+03	+4.665e+03	+8.328e+03	+0.458
30.900	+5.352e+03	+5.289e+03	+9.528e+03	+0.497
31.000	+4.781e+03	+5.934e+03	+8.488e+03	+0.554
31.100	+5.422e+03	+4.984e+03	+1.040e+04	+0.479
31.200	+3.715e+03	+3.879e+03	+9.519e+03	+0.511
31.300	+5.188e+03	+5.421e+03	+9.896e+03	+0.511
31.400	+5.308e+03	+6.353e+03	+9.925e+03	+0.545
31.500	+4.965e+03	+3.400e+03	+1.003e+04	+0.406
31.600	+5.616e+03	+4.696e+03	+1.082e+04	+0.455
31.700	+5.281e+03	+5.954e+03	+1.017e+04	+0.530
31.800	+5.265e+03	+3.394e+03	+9.708e+03	+0.392
31.900	+4.813e+03	+5.548e+03	+9.854e+03	+0.535
32.000	+9.294e+02	+8.265e+03	+9.509e+03	+0.899
32.100	+1.158e+03	+8.139e+03	+9.998e+03	+0.875
32.200	+2.851e+03	+7.140e+03	+9.441e+03	+0.715
32.300	+5.492e+03	+5.418e+03	+1.022e+04	+0.497
32.400	+4.326e+03	+5.896e+03	+1.036e+04	+0.577
32.500	+4.496e+03	+3.992e+03	+1.064e+04	+0.470
32.600	+4.233e+03	+4.348e+03	+9.821e+03	+0.507
32.700	+4.303e+03	+5.357e+03	+1.061e+04	+0.555
32.800	+4.876e+03	+5.362e+03	+1.026e+04	+0.524
32.900	+4.269e+03	+4.851e+03	+1.067e+04	+0.532
33.000	+3.481e+03	+4.639e+03	+9.821e+03	+0.571
33.100	+5.824e+03	+4.361e+03	+9.177e+03	+0.428
33.200	+5.185e+03	+4.686e+03	+1.061e+04	+0.475
33.300	+5.451e+03	+4.828e+03	+1.055e+04	+0.470
33.400	+4.844e+03	+4.666e+03	+9.588e+03	+0.491
33.500	+5.789e+03	+4.918e+03	+1.019e+04	+0.459
33.600	+4.930e+03	+5.636e+03	+9.169e+03	+0.533
33.700	+6.281e+03	+4.827e+03	+9.272e+03	+0.435
33.800	+5.049e+03	+4.892e+03	+1.015e+04	+0.492
33.900	+4.838e+03	+5.719e+03	+8.934e+03	+0.542
34.000	+4.206e+03	+5.181e+03	+1.046e+04	+0.552
34.100	+6.296e+03	+5.655e+03	+1.014e+04	+0.473
34.200	+4.314e+03	+5.703e+03	+1.066e+04	+0.569
34.300	+2.587e+03	+7.658e+03	+1.084e+04	+0.747
34.400	+1.670e+03	+8.311e+03	+1.036e+04	+0.833
34.500	+2.426e+03	+8.902e+03	+9.796e+03	+0.786
34.600	+2.679e+03	+7.106e+03	+8.776e+03	+0.726
34.700	+1.342e+03	+7.990e+03	+9.675e+03	+0.856
34.800	+3.980e+03	+8.469e+03	+9.459e+03	+0.680
34.900	+5.383e+03	+4.245e+03	+9.141e+03	+0.441
35.000	+7.429e+03	+1.786e+03	+8.850e+03	+0.194
35.100	+8.774e+03	+3.343e+03	+1.051e+04	+0.276
35.200	+7.673e+03	+3.112e+03	+9.708e+03	+0.289
35.300	+5.883e+03	+4.864e+03	+9.343e+03	+0.453
35.400	+6.805e+03	+1.675e+03	+9.547e+03	+0.198
35.500	+6.588e+03	+3.467e+03	+1.030e+04	+0.345
35.600	+7.215e+03	+3.450e+03	+9.320e+03	+0.324
35.700	+8.029e+03	+4.362e+03	+9.455e+03	+0.352
35.800	+8.489e+03	+2.229e+03	+9.446e+03	+0.208
35.900	+7.448e+03	+2.206e+03	+9.983e+03	+0.229
36.000	+6.955e+03	+2.667e+03	+1.055e+04	+0.277
36.100	+4.370e+03	+4.626e+03	+8.962e+03	+0.514
36.200	+5.395e+03	+5.725e+03	+1.022e+04	+0.515
36.300	+4.556e+03	+4.412e+03	+9.938e+03	+0.492
36.400	+5.331e+03	+4.386e+03	+1.061e+04	+0.451
36.500	+4.988e+03	+5.476e+03	+1.013e+04	+0.523
36.600	+4.735e+03	+5.125e+03	+9.087e+03	+0.520
36.700	+4.412e+03	+4.845e+03	+9.502e+03	+0.523
36.800	+4.596e+03	+4.798e+03	+9.938e+03	+0.511
36.900	+2.850e+03	+6.647e+03	+1.064e+04	+0.700
37.000	+1.775e+03	+7.606e+03	+1.060e+04	+0.811
37.100	+1.647e+03	+8.507e+03	+1.015e+04	+0.838
37.200	+2.823e+03	+8.717e+03	+1.000e+04	+0.755
37.300	+2.780e+03	+7.692e+03	+1.004e+04	+0.735
37.400	+2.540e+03	+7.468e+03	+9.202e+03	+0.746
37.500	+3.539e+03	+8.655e+03	+1.006e+04	+0.710
37.600	+2.692e+03	+8.523e+03	+1.032e+04	+0.760
37.700	+1.672e+03	+8.140e+03	+8.951e+03	+0.830
37.800	+1.272e+03	+8.079e+03	+9.973e+03	+0.864
37.900	+3.009e+03	+7.742e+03	+9.627e+03	+0.720
38.000	+1.664e+03	+8.620e+03	+8.015e+03	+0.838
38.100	+2.188e+03	+7.887e+03	+1.024e+04	+0.783
38.200	+2.833e+03	+6.804e+03	+9.627e+03	+0.706
38.300	+2.098e+03	+8.224e+03	+1.063e+04	+0.797
38.400	+1.452e+03	+7.692e+03	+9.917e+03	+0.841
38.500	+1.799e+03	+7.146e+03	+1.038e+04	+0.799
38.600	+3.846e+03	+7.979e+03	+9.543e+03	+0.675
38.700	+1.308e+03	+7.693e+03	+8.654e+03	+0.855
38.800	+2.623e+03	+6.949e+03	+1.074e+04	+0.726
38.900	+1.556e+03	+7.790e+03	+1.001e+04	+0.834
39.000	+1.528e+03	+8.240e+03	+1.036e+04	+0.844
39.100	+2.893e+03	+7.803e+03	+9.543e+03	+0.730
39.200	+1.247e+03	+8.027e+03	+9.704e+03	+0.866
39.300	+2.061e+03	+7.138e+03	+9.308e+03	+0.776
39.400	+2.063e+03	+8.511e+03	+1.025e+04	+0.805
39.500	+2.024e+03	+8.893e+03	+9.260e+03	+0.815
39.600	+1.553e+03	+8.515e+03	+9.590e+03	+0.846
39.700	+2.974e+03	+7.700e+03	+9.291e+03	+0.721
39.800	+1.771e+03	+8.675e+03	+9.337e+03	+0.830
39.900	+1.739e+03	+7.529e+03	+8.291e+03	+0.812
40.000	+8.589e+02	+8.138e+03	+9.775e+03	+0.905
40.100	+2.955e+03	+8.288e+03	+1.087e+04	+0.737
40.200	+6.668e+02	+7.754e+03	+1.061e+04	+0.921
40.300	+2.044e+03	+8.047e+03	+9.271e+03	+0.797
40.400	+1.881e+03	+8.839e+03	+1.081e+04	+0.825
40.500	+1.491e+02	+8.919e+03	+9.462e+03	+0.984
40.600	+2.414e+03	+8.050e+03	+9.218e+03	+0.769
40.700	+2.420e+03	+8.496e+03	+1.183e+04	+0.778
40.800	+2.770e+03	+7.529e+03	+9.164e+03	+0.731
40.900	+2.429e+03	+7.934e+03	+9.817e+03	+0.766
41.000	+1.579e+03	+7.801e+03	+1.025e+04	+0.832
41.100	+2.123e+03	+7.593e+03	+1.082e+04	+0.782
41.200	+1.999e+03	+8.575e+03	+9.000e+03	+0.811
41.300	+1.473e+03	+8.527e+03	+1.063e+04	+0.853
41.400	+4.246e+03	+5.106e+03	+9.099e+03	+0.546
41.500	+4.462e+03	+5.200e+03	+9.302e+03	+0.538
41.600	+4.718e+03	+4.245e+03	+9.058e+03	+0.474
41.700	+4.387e+03	+5.187e+03	+1.112e+04	+0.542
41.800	+4.742e+03	+5.698e+03	+1.039e+04	+0.546
41.900	+5.723e+03	+4.676e+03	+1.082e+04	+0.450
42.000	+4.814e+03	+5.014e+03	+1.008e+04	+0.510
42.100	+4.191e+03	+4.203e+03	+9.712e+03	+0.501
42.200	+4.382e+03	+5.762e+03	+8.867e+03	+0.568
42.300	+5.437e+03	+4.655e+03	+9.558e+03	+0.461
42.400	+5.956e+03	+5.266e+03	+8.651e+03	+0.469
42.500	+5.250e+03	+6.001e+03	+9.485e+03	+0.533
42.600	+4.713e+03	+5.779e+03	+9.646e+03	+0.551
42.700	+5.527e+03	+4.348e+03	+9.314e+03	+0.440
42.800	+6.060e+03	+6.002e+03	+9.332e+03	+0.498
42.900	+4.809e+03	+5.375e+03	+9.672e+03	+0.528
43.000	+5.044e+03	+5.760e+03	+9.408e+03	+0.533
43.100	+2.926e+03	+7.499e+03	+9.504e+03	+0.719
43.200	+2.271e+03	+8.662e+03	+1.057e+04	+0.792
43.300	+2.527e+03	+7.006e+03	+1.066e+04	+0.735
43.400	+2.379e+03	+8.005e+03	+1.038e+04	+0.771
43.500	+2.812e+03	+8.082e+03	+1.068e+04	+0.742
43.600	+9.743e+02	+7.491e+03	+1.003e+04	+0.885
43.700	+1.837e+03	+8.306e+03	+1.006e+04	+0.819
43.800	+2.433e+03	+8.422e+03	+1.039e+04	+0.776
43.900	+1.793e+03	+7.586e+03	+9.324e+03	+0.809
44.000	+1.836e+03	+7.984e+03	+1.057e+04	+0.813
44.100	+2.545e+03	+7.765e+03	+1.018e+04	+0.753
44.200	+2.547e+03	+8.737e+03	+9.044e+03	+0.774
44.300	+2.431e+03	+8.632e+03	+1.060e+04	+0.780
44.400	+1.389e+03	+8.155e+03	+1.026e+04	+0.854
44.500	+1.183e+03	+8.765e+03	+1.017e+04	+0.881
44.600	+1.729e+03	+8.317e+03	+1.143e+04	+0.828
44.700	+2.755e+03	+8.243e+03	+9.852e+03	+0.749
44.800	+3.537e+03	+8.857e+03	+1.018e+04	+0.715
44.900	+2.011e+03	+6.393e+03	+9.602e+03	+0.761
45.000	+1.723e+03	+5.863e+03	+1.030e+04	+0.773
45.100	+2.297e+03	+7.886e+03	+1.045e+04	+0.774
45.200	+5.926e+02	+7.637e+03	+9.253e+03	+0.928
45.300	+1.480e+03	+7.971e+03	+9.579e+03	+0.843
45.400	+9.126e+02	+8.709e+03	+1.079e+04	+0.905
45.500	+2.392e+03	+8.169e+03	+1.023e+04	+0.774
45.600	+1.773e+03	+7.970e+03	+9.287e+03	+0.818
45.700	+3.233e+03	+7.672e+03	+1.133e+04	+0.704
45.800	+2.339e+03	+8.634e+03	+9.584e+03	+0.787
45.900	+2.634e+03	+7.557e+03	+1.050e+04	+0.742
46.000	+1.575e+03	+8.207e+03	+8.552e+03	+0.839
46.100	+1.259e+03	+8.558e+03	+9.712e+03	+0.872
46.200	+2.653e+03	+8.668e+03	+9.228e+03	+0.766
46.300	+2.558e+03	+8.025e+03	+9.052e+03	+0.758
46.400	+1.855e+03	+1.022e+04	+1.107e+04	+0.846
46.500	+2.689e+03	+7.989e+03	+9.990e+03	+0.748
46.600	+2.462e+03	+8.718e+03	+1.002e+04	+0.780
46.700	+1.500e+03	+8.204e+03	+9.174e+03	+0.845
46.800	+2.331e+03	+8.104e+03	+1.016e+04	+0.777
46.900	+1.987e+03	+8.817e+03	+9.569e+03	+0.816
47.000	+2.533e+03	+7.760e+03	+9.207e+03	+0.754
47.100	+2.594e+03	+8.323e+03	+9.726e+03	+0.762
47.200	+2.093e+03	+7.603e+03	+1.054e+04	+0.784
47.300	+1.936e+03	+6.571e+03	+9.089e+03	+0.772
47.400	+2.082e+03	+7.815e+03	+9.501e+03	+0.790
47.500	+1.796e+03	+9.722e+03	+1.018e+04	+0.844
47.600	+2.221e+03	+7.230e+03	+9.506e+03	+0.765
47.700	+1.681e+03	+7.731e+03	+1.082e+04	+0.821
47.800	+1.355e+03	+8.762e+03	+1.007e+04	+0.866
47.900	+4.608e+02	+9.085e+03	+9.198e+03	+0.952
48.000	+1.751e+03	+8.643e+03	+1.083e+04	+0.832
48.100	+1.615e+03	+7.962e+03	+1.045e+04	+0.831
48.200	+2.110e+03	+7.518e+03	+8.573e+03	+0.781
48.300	+7.726e+03	+3.440e+03	+9.609e+03	+0.308
48.400	+8.332e+03	+2.777e+03	+9.666e+03	+0.250
48.500	+6.854e+03	+1.907e+03	+9.258e+03	+0.218
48.600	+8.577e+03	+3.087e+03	+1.005e+04	+0.265
48.700	+7.790e+03	+2.952e+03	+1.001e+04	+0.275
48.800	+7.496e+03	+1.889e+03	+1.093e+04	+0.201
48.900	+5.763e+03	+5.096e+03	+1.112e+04	+0.469
49.000	+5.111e+03	+3.740e+03	+9.908e+03	+0.422
49.100	+4.594e+03	+4.510e+03	+1.008e+04	+0.495
49.200	+6.418e+03	+4.831e+03	+9.511e+03	+0.429
49.300	+4.226e+03	+6.401e+03	+9.332e+03	+0.602
49.400	+2.594e+03	+7.263e+03	+9.526e+03	+0.737
49.500	+1.251e+03	+8.820e+03	+9.191e+03	+0.876
49.600	+2.638e+03	+7.657e+03	+9.623e+03	+0.744
49.700	+1.490e+03	+7.630e+03	+1.031e+04	+0.837
49.800	+1.553e+03	+7.819e+03	+1.053e+04	+0.834
49.900	+7.082e+03	+2.822e+03	+9.592e+03	+0.285
50.000	+6.974e+03	+1.939e+03	+1.001e+04	+0.218
50.100	+7.431e+03	+2.853e+03	+1.071e+04	+0.277
50.200	+8.595e+03	+9.026e+02	+9.397e+03	+0.095
50.300	+7.308e+03	+3.091e+03	+1.011e+04	+0.297
50.400	+4.105e+03	+5.935e+03	+9.334e+03	+0.591
50.500	+4.864e+03	+4.367e+03	+9.954e+03	+0.473
50.600	+4.720e+03	+4.617e+03	+1.093e+04	+0.494
50.700	+4.045e+03	+4.948e+03	+1.055e+04	+0.550
50.800	+5.613e+03	+5.279e+03	+9.639e+03	+0.485
50.900	+4.160e+03	+5.193e+03	+1.056e+04	+0.555
51.000	+4.711e+03	+4.210e+03	+1.008e+04	+0.472
51.100	+5.115e+03	+5.574e+03	+1.016e+04	+0.521
51.200	+3.949e+03	+5.325e+03	+9.590e+03	+0.574
51.300	+2.007e+03	+7.277e+03	+1.021e+04	+0.784
51.400	+2.527e+03	+7.832e+03	+9.960e+03	+0.756
51.500	+1.876e+03	+8.100e+03	+9.608e+03	+0.812
51.600	+2.893e+03	+7.619e+03	+8.905e+03	+0.725
51.700	+1.938e+03	+8.653e+03	+1.040e+04	+0.817
51.800	+1.018e+03	+7.754e+03	+1.096e+04	+0.884
51.900	+1.197e+03	+7.855e+03	+1.103e+04	+0.868
52.000	+1.541e+03	+8.397e+03	+9.828e+03	+0.845
52.100	+2.239e+03	+8.588e+03	+1.031e+04	+0.793
52.200	+1.579e+03	+7.225e+03	+9.002e+03	+0.821
52.300	+3.016e+03	+7.509e+03	+9.916e+03	+0.713
52.400	+1.274e+03	+7.354e+03	+9.156e+03	+0.852
52.500	+2.617e+03	+8.476e+03	+1.057e+04	+0.764
52.600	+2.842e+03	+7.845e+03	+9.721e+03	+0.734
52.700	+1.714e+03	+9.089e+03	+1.038e+04	+0.841
52.800	+7.041e+02	+7.708e+03	+8.742e+03	+0.916
52.900	+1.686e+03	+8.769e+03	+1.026e+04	+0.839
53.000	+2.172e+03	+7.832e+03	+9.851e+03	+0.783
53.100	+2.053e+03	+7.900e+03	+1.023e+04	+0.794
53.200	+1.661e+03	+7.581e+03	+9.761e+03	+0.820
53.300	+2.458e+03	+6.789e+03	+1.023e+04	+0.734
53.400	+4.270e+03	+4.714e+03	+1.053e+04	+0.525
53.500	+4.530e+03	+4.577e+03	+9.838e+03	+0.503
53.600	+5.490e+03	+4.478e+03	+9.653e+03	+0.449
53.700	+5.957e+03	+4.100e+03	+9.829e+03	+0.408
53.800	+5.272e+03	+5.135e+03	+1.013e+04	+0.493
53.900	+4.593e+03	+5.753e+03	+9.831e+03	+0.556
54.000	+5.804e+03	+5.550e+03	+1.039e+04	+0.489
54.100	+5.026e+03	+6.036e+03	+1.031e+04	+0.546
54.200	+4.904e+03	+4.774e+03	+8.947e+03	+0.493
54.300	+4.667e+03	+5.406e+03	+1.035e+04	+0.537
54.400	+4.447e+03	+4.573e+03	+9.683e+03	+0.507
54.500	+4.437e+03	+5.236e+03	+9.548e+03	+0.541
54.600	+5.428e+03	+5.074e+03	+9.136e+03	+0.483
54.700	+5.238e+03	+4.827e+03	+1.031e+04	+0.480
54.800	+5.012e+03	+5.909e+03	+8.876e+03	+0.541
54.900	+4.466e+03	+4.992e+03	+1.068e+04	+0.528
55.000	+5.671e+03	+5.068e+03	+9.877e+03	+0.472
55.100	+5.155e+03	+6.285e+03	+1.046e+04	+0.549
55.200	+3.783e+03	+4.614e+03	+9.527e+03	+0.549
55.300	+4.107e+03	+4.244e+03	+8.915e+03	+0.508
55.400	+5.315e+03	+5.200e+03	+9.854e+03	+0.495
55.500	+4.662e+03	+4.987e+03	+1.042e+04	+0.517
55.600	+4.451e+03	+5.311e+03	+9.682e+03	+0.544
55.700	+5.939e+03	+4.194e+03	+9.609e+03	+0.414
55.800	+5.270e+03	+5.764e+03	+1.038e+04	+0.522
55.900	+4.769e+03	+5.269e+03	+1.037e+04	+0.525
56.000	+5.423e+03	+4.364e+03	+8.878e+03	+0.446
56.100	+4.396e+03	+4.239e+03	+1.064e+04	+0.491
56.200	+5.731e+03	+5.356e+03	+9.932e+03	+0.483
56.300	+6.360e+03	+4.851e+03	+9.431e+03	+0.433
56.400	+4.493e+03	+5.297e+03	+8.909e+03	+0.541
56.500	+4.534e+03	+5.088e+03	+9.553e+03	+0.529
56.600	+6.121e+03	+5.440e+03	+1.007e+04	+0.471
56.700	+4.661e+03	+4.637e+03	+1.037e+04	+0.499
56.800	+5.409e+03	+4.756e+03	+9.865e+03	+0.468
56.900	+3.126e+03	+5.416e+03	+1.059e+04	+0.634
57.000	+5.313e+03	+3.614e+03	+8.615e+03	+0.405
57.100	+5.233e+03	+3.738e+03	+1.041e+04	+0.417
57.200	+3.882e+03	+5.268e+03	+1.164e+04	+0.576
57.300	+4.904e+03	+4.436e+03	+1.034e+04	+0.475
57.400	+4.899e+03	+6.304e+03	+9.753e+03	+0.563
57.500	+4.353e+03	+4.351e+03	+1.076e+04	+0.500
57.600	+3.343e+03	+3.790e+03	+1.107e+04	+0.531
57.700	+4.502e+03	+5.023e+03	+1.071e+04	+0.527
57.800	+6.393e+03	+5.114e+03	+9.995e+03	+0.444
57.900	+6.163e+03	+4.848e+03	+9.345e+03	+0.440
58.000	+5.299e+03	+4.939e+03	+1.028e+04	+0.482
58.100	+5.362e+03	+6.652e+03	+1.077e+04	+0.554
58.200	+5.019e+03	+5.357e+03	+9.781e+03	+0.516
58.300	+7.213e+03	+3.001e+03	+1.077e+04	+0.294
58.400	+6.514e+03	+1.350e+03	+9.848e+03	+0.172
58.500	+7.415e+03	+2.712e+03	+1.083e+04	+0.268
58.600	+8.207e+03	+2.442e+03	+1.081e+04	+0.229
58.700	+5.368e+03	+3.584e+03	+1.014e+04	+0.400
58.800	+7.777e+03	+2.932e+03	+1.055e+04	+0.274
58.900	+7.664e+03	+1.950e+03	+1.146e+04	+0.203
59.000	+8.284e+03	+2.925e+03	+9.425e+03	+0.261
59.100	+8.074e+03	+2.463e+03	+9.179e+03	+0.234
59.200	+8.097e+03	+2.970e+03	+9.246e+03	+0.268
59.300	+7.375e+03	+2.260e+03	+1.014e+04	+0.235
59.400	+8.289e+03	+3.209e+03	+9.308e+03	+0.279
59.500	+6.588e+03	+3.338e+03	+9.832e+03	+0.336
59.600	+7.654e+03	+3.081e+03	+9.836e+03	+0.287
59.700	+7.089e+03	+3.070e+03	+1.018e+04	+0.302
59.800	+6.771e+03	+1.774e+03	+1.018e+04	+0.208
59.900	+6.989e+03	+2.215e+03	+8.647e+03	+0.241
60.000	+6.970e+03	+2.827e+03	+1.037e+04	+0.289
60.100	+7.564e+03	+3.120e+03	+9.632e+03	+0.292
60.200	+3.752e+03	+6.809e+03	+9.480e+03	+0.645
60.300	+1.691e+03	+7.913e+03	+1.007e+04	+0.824
60.400	+2.106e+03	+8.481e+03	+1.012e+04	+0.801
60.500	+2.935e+03	+7.578e+03	+9.055e+03	+0.721
60.600	+1.361e+03	+8.136e+03	+1.073e+04	+0.857
60.700	+1.702e+03	+8.646e+03	+8.848e+03	+0.836
60.800	+2.152e+03	+7.452e+03	+9.910e+03	+0.776
60.900	+2.203e+03	+6.823e+03	+9.902e+03	+0.756
61.000	+5.295e+03	+3.827e+03	+9.455e+03	+0.420
61.100	+4.717e+03	+5.204e+03	+1.006e+04	+0.525
61.200	+4.895e+03	+5.761e+03	+1.011e+04	+0.541
61.300	+4.959e+03	+4.502e+03	+8.644e+03	+0.476
61.400	+5.700e+03	+5.705e+03	+1.080e+04	+0.500
61.500	+5.335e+03	+4.386e+03	+9.422e+03	+0.451
61.600	+5.114e+03	+4.923e+03	+9.836e+03	+0.490
61.700	+4.474e+03	+5.220e+03	+1.096e+04	+0.538
61.800	+6.613e+03	+4.550e+03	+9.090e+03	+0.408
61.900	+8.258e+03	+3.715e+03	+1.008e+04	+0.310
62.000	+8.348e+03	+1.559e+03	+9.852e+03	+0.157
62.100	+8.195e+03	+2.524e+03	+1.095e+04	+0.235
62.200	+7.465e+03	+2.592e+03	+9.706e+03	+0.258
62.300	+7.565e+03	+2.702e+03	+1.033e+04	+0.263
62.400	+7.598e+03	+2.887e+03	+8.818e+03	+0.275
62.500	+7.983e+03	+3.864e+03	+1.035e+04	+0.326
62.600	+7.209e+03	+2.524e+03	+1.033e+04	+0.259
62.700	+8.155e+03	+2.657e+03	+9.898e+03	+0.246
62.800	+7.511e+03	+2.424e+03	+1.022e+04	+0.244
62.900	+8.596e+03	+2.898e+03	+8.858e+03	+0.252
63.000	+7.608e+03	+1.541e+03	+9.690e+03	+0.168
63.100	+7.493e+03	+2.268e+03	+9.468e+03	+0.232
63.200	+6.290e+03	+3.011e+03	+1.024e+04	+0.324
63.300	+7.903e+03	+1.966e+03	+1.008e+04	+0.199
63.400	+7.573e+03	+2.535e+03	+9.990e+03	+0.251
63.500	+7.186e+03	+2.175e+03	+9.277e+03	+0.232
63.600	+7.320e+03	+1.361e+03	+1.035e+04	+0.157
63.700	+7.460e+03	+3.151e+03	+1.100e+04	+0.297
63.800	+7.595e+03	+2.936e+03	+9.781e+03	+0.279
63.900	+7.442e+03	+2.746e+03	+9.741e+03	+0.270
64.000	+7.932e+03	+2.646e+03	+1.084e+04	+0.250
64.100	+8.223e+03	+2.150e+03	+9.415e+03	+0.207
64.200	+7.974e+03	+2.129e+03	+1.082e+04	+0.211
64.300	+7.007e+03	+2.209e+03	+9.076e+03	+0.240
64.400	+7.662e+03	+2.714e+03	+1.129e+04	+0.262
64.500	+8.333e+03	+1.852e+03	+1.064e+04	+0.182
64.600	+7.575e+03	+2.886e+03	+1.006e+04	+0.276
64.700	+6.742e+03	+1.794e+03	+9.589e+03	+0.210
64.800	+6.905e+03	+1.956e+03	+9.157e+03	+0.221
64.900	+7.281e+03	+2.814e+03	+1.059e+04	+0.279
65.000	+7.931e+03	+2.513e+03	+1.071e+04	+0.241
65.100	+6.745e+03	+3.542e+03	+9.645e+03	+0.344
65.200	+1.515e+03	+8.571e+03	+1.008e+04	+0.850
65.300	+2.822e+03	+8.888e+03	+1.116e+04	+0.759
65.400	+2.291e+03	+8.919e+03	+1.049e+04	+0.796
65.500	+2.179e+03	+8.568e+03	+9.165e+03	+0.797
65.600	+7.455e+03	+2.608e+03	+1.038e+04	+0.259
65.700	+8.692e+03	+2.688e+03	+1.146e+04	+0.236
65.800	+5.904e+03	+3.614e+03	+1.049e+04	+0.380
65.900	+4.194e+03	+4.735e+03	+1.051e+04	+0.530
66.000	+4.076e+03	+5.287e+03	+1.051e+04	+0.565
66.100	+4.700e+03	+5.191e+03	+9.791e+03	+0.525
66.200	+4.424e+03	+3.926e+03	+1.017e+04	+0.470
66.300	+5.503e+03	+2.911e+03	+9.992e+03	+0.346
66.400	+6.534e+03	+2.155e+03	+9.713e+03	+0.248
66.500	+8.874e+03	+2.968e+03	+1.109e+04	+0.251
66.600	+8.586e+03	+2.803e+03	+1.054e+04	+0.246
66.700	+7.081e+03	+2.735e+03	+9.973e+03	+0.279
66.800	+7.546e+03	+2.200e+03	+1.059e+04	+0.226
66.900	+7.047e+03	+2.768e+03	+9.682e+03	+0.282
67.000	+7.953e+03	+3.063e+03	+9.562e+03	+0.278
67.100	+7.925e+03	+2.431e+03	+9.970e+03	+0.235
67.200	+7.004e+03	+5.030e+03	+1.068e+04	+0.418
67.300	+6.783e+03	+1.453e+03	+1.072e+04	+0.176
67.400	+7.775e+03	+2.155e+03	+9.878e+03	+0.217
67.500	+7.529e+03	+2.411e+03	+1.067e+04	+0.243
67.600	+7.583e+03	+3.679e+03	+1.150e+04	+0.327
67.700	+7.359e+03	+2.200e+03	+1.029e+04	+0.230
67.800	+6.716e+03	+2.816e+03	+1.025e+04	+0.295
67.900	+8.031e+03	+3.098e+03	+9.432e+03	+0.278
68.000	+7.812e+03	+2.028e+03	+9.668e+03	+0.206
68.100	+8.150e+03	+1.527e+03	+1.073e+04	+0.158
68.200	+8.047e+03	+2.357e+03	+1.096e+04	+0.227
68.300	+7.885e+03	+2.208e+03	+9.420e+03	+0.219
68.400	+6.664e+03	+3.226e+03	+8.929e+03	+0.326
68.500	+7.843e+03	+2.014e+03	+1.002e+04	+0.204
68.600	+6.804e+03	+1.971e+03	+9.768e+03	+0.225
68.700	+5.403e+03	+4.427e+03	+9.674e+03	+0.450
68.800	+4.770e+03	+5.337e+03	+1.038e+04	+0.528
68.900	+3.592e+03	+4.203e+03	+9.393e+03	+0.539
69.000	+5.033e+03	+4.492e+03	+9.064e+03	+0.472
69.100	+5.663e+03	+4.330e+03	+9.776e+03	+0.433
69.200	+5.688e+03	+5.768e+03	+1.027e+04	+0.504
69.300	+4.755e+03	+6.000e+03	+9.297e+03	+0.558
69.400	+5.821e+03	+3.459e+03	+9.193e+03	+0.373
69.500	+3.798e+03	+4.361e+03	+9.743e+03	+0.534
69.600	+4.086e+03	+4.826e+03	+9.267e+03	+0.542
69.700	+4.271e+03	+5.129e+03	+9.021e+03	+0.546
69.800	+4.462e+03	+5.554e+03	+1.099e+04	+0.555
69.900	+5.488e+03	+4.410e+03	+1.113e+04	+0.446
70.000	+4.493e+03	+5.141e+03	+9.382e+03	+0.534
70.100	+5.426e+03	+4.343e+03	+1.075e+04	+0.445
70.200	+4.482e+03	+4.843e+03	+9.704e+03	+0.519
70.300	+5.599e+03	+4.640e+03	+8.910e+03	+0.453
70.400	+3.930e+03	+3.789e+03	+8.564e+03	+0.491
70.500	+4.903e+03	+5.813e+03	+9.813e+03	+0.542
70.600	+4.276e+03	+4.269e+03	+1.022e+04	+0.500
70.700	+5.878e+03	+4.867e+03	+1.066e+04	+0.453
70.800	+4.496e+03	+5.697e+03	+1.055e+04	+0.559
70.900	+4.938e+03	+4.889e+03	+1.032e+04	+0.498
71.000	+4.906e+03	+5.011e+03	+9.560e+03	+0.505
71.100	+4.442e+03	+5.689e+03	+9.691e+03	+0.562
71.200	+4.538e+03	+4.972e+03	+9.868e+03	+0.523
71.300	+4.264e+03	+5.199e+03	+1.036e+04	+0.549
71.400	+2.221e+03	+7.454e+03	+1.127e+04	+0.770
71.500	+1.482e+03	+7.398e+03	+9.062e+03	+0.833
71.600	+2.264e+03	+7.464e+03	+1.035e+04	+0.767
71.700	+1.981e+03	+7.432e+03	+9.265e+03	+0.789
71.800	+1.509e+03	+9.114e+03	+9.842e+03	+0.858
71.900	+2.919e+03	+8.727e+03	+1.083e+04	+0.749
72.000	+1.369e+03	+7.720e+03	+1.018e+04	+0.849
72.100	+2.150e+03	+8.239e+03	+1.071e+04	+0.793
72.200	+1.593e+03	+7.651e+03	+1.162e+04	+0.828
72.300	+2.306e+03	+7.597e+03	+1.061e+04	+0.767
72.400	+1.463e+03	+9.266e+03	+1.077e+04	+0.864
72.500	+1.014e+03	+8.879e+03	+1.087e+04	+0.898
72.600	+2.507e+03	+9.165e+03	+8.685e+03	+0.785
72.700	+2.013e+03	+8.900e+03	+9.126e+03	+0.816
72.800	+2.116e+03	+8.069e+03	+1.006e+04	+0.792
72.900	+1.702e+03	+7.529e+03	+8.896e+03	+0.816
73.000	+2.518e+03	+7.057e+03	+9.879e+03	+0.737
73.100	+1.799e+03	+7.640e+03	+9.377e+03	+0.809
73.200	+1.442e+03	+9.359e+03	+9.350e+03	+0.866
73.300	+2.969e+03	+7.013e+03	+1.094e+04	+0.703
73.400	+2.124e+03	+6.816e+03	+1.085e+04	+0.762
73.500	+2.450e+03	+8.574e+03	+9.678e+03	+0.778
73.600	+2.741e+03	+7.479e+03	+1.057e+04	+0.732
73.700	+1.906e+03	+7.251e+03	+8.645e+03	+0.792
73.800	+2.202e+03	+7.988e+03	+1.059e+04	+0.784
73.900	+1.829e+03	+7.784e+03	+9.490e+03	+0.810
74.000	+2.220e+03	+8.673e+03	+9.153e+03	+0.796
74.100	+1.408e+03	+7.972e+03	+9.319e+03	+0.850
74.200	+9.666e+02	+8.785e+03	+1.120e+04	+0.901
74.300	+2.623e+03	+7.732e+03	+9.552e+03	+0.747
74.400	+1.886e+03	+8.007e+03	+1.003e+04	+0.809
74.500	+2.999e+03	+7.682e+03	+9.581e+03	+0.719
74.600	+1.975e+03	+9.482e+03	+9.131e+03	+0.828
74.700	+1.830e+03	+8.550e+03	+8.558e+03	+0.824
74.800	+3.136e+03	+8.650e+03	+1.035e+04	+0.734
74.900	+2.507e+03	+8.252e+03	+9.304e+03	+0.767
75.000	+3.524e+03	+8.316e+03	+9.458e+03	+0.702
75.100	+2.600e+03	+8.824e+03	+1.043e+04	+0.772
75.200	+1.870e+03	+7.733e+03	+1.014e+04	+0.805
75.300	+2.088e+03	+7.598e+03	+9.432e+03	+0.784
75.400	+1.651e+03	+7.427e+03	+1.049e+04	+0.818
75.500	+1.147e+03	+9.002e+03	+1.028e+04	+0.887
75.600	+2.045e+03	+7.371e+03	+1.041e+04	+0.783
75.700	+2.900e+03	+8.446e+03	+1.103e+04	+0.744
75.800	+2.510e+03	+7.936e+03	+9.970e+03	+0.760
75.900	+1.789e+03	+8.917e+03	+1.074e+04	+0.833
76.000	+1.348e+03	+7.056e+03	+1.004e+04	+0.840
76.100	+2.502e+03	+7.922e+03	+9.702e+03	+0.760
76.200	+2.248e+03	+1.030e+04	+8.985e+03	+0.821
76.300	+2.197e+03	+7.956e+03	+8.902e+03	+0.784
76.400	+2.260e+03	+8.831e+03	+1.041e+04	+0.796
76.500	+1.481e+03	+8.178e+03	+1.002e+04	+0.847
76.600	+2.605e+03	+8.424e+03	+1.046e+04	+0.764
76.700	+2.345e+03	+7.302e+03	+1.110e+04	+0.757
76.800	+2.580e+03	+7.558e+03	+9.867e+03	+0.746
76.900	+2.528e+03	+6.623e+03	+9.604e+03	+0.724
77.000	+4.958e+03	+5.708e+03	+9.130e+03	+0.535
77.100	+4.886e+03	+6.054e+03	+1.089e+04	+0.553
77.200	+4.724e+03	+6.259e+03	+1.054e+04	+0.570
77.300	+3.583e+03	+4.458e+03	+9.702e+03	+0.554
77.400	+4.644e+03	+3.992e+03	+9.608e+03	+0.462
77.500	+5.660e+03	+5.197e+03	+8.411e+03	+0.479
77.600	+5.019e+03	+5.128e+03	+9.292e+03	+0.505
77.700	+3.609e+03	+4.130e+03	+1.034e+04	+0.534
77.800	+4.667e+03	+5.019e+03	+1.101e+04	+0.518
77.900	+4.687e+03	+5.037e+03	+9.712e+03	+0.518
78.000	+5.824e+03	+4.977e+03	+9.893e+03	+0.461
78.100	+6.987e+03	+4.654e+03	+1.080e+04	+0.400
78.200	+4.703e+03	+4.422e+03	+9.981e+03	+0.485
78.300	+4.800e+03	+5.132e+03	+9.590e+03	+0.517
78.400	+6.352e+03	+5.158e+03	+1.028e+04	+0.448
78.500	+5.253e+03	+4.845e+03	+9.416e+03	+0.480
78.600	+5.209e+03	+5.962e+03	+9.245e+03	+0.534
78.700	+5.040e+03	+3.335e+03	+9.949e+03	+0.398
78.800	+5.095e+03	+5.716e+03	+9.459e+03	+0.529
78.900	+6.049e+03	+4.994e+03	+1.006e+04	+0.452
79.000	+2.503e+03	+7.616e+03	+9.689e+03	+0.753
79.100	+2.306e+03	+7.038e+03	+9.909e+03	+0.753
79.200	+1.661e+03	+8.555e+03	+1.034e+04	+0.837
79.300	+5.958e+02	+8.185e+03	+9.303e+03	+0.932
79.400	+1.986e+03	+8.580e+03	+9.943e+03	+0.812
79.500	+1.366e+03	+9.203e+03	+9.740e+03	+0.871
79.600	+2.394e+03	+8.102e+03	+1.032e+04	+0.772
79.700	+2.347e+03	+7.736e+03	+9.963e+03	+0.767
79.800	+3.369e+03	+8.840e+03	+1.017e+04	+0.724
79.900	+1.777e+03	+8.682e+03	+1.041e+04	+0.830
80.000	+1.902e+03	+7.815e+03	+1.014e+04	+0.804
80.100	+2.385e+03	+7.392e+03	+9.053e+03	+0.756
80.200	+1.138e+03	+9.067e+03	+1.053e+04	+0.888
80.300	+2.079e+03	+9.473e+03	+1.023e+04	+0.820
80.400	+9.924e+02	+8.779e+03	+9.202e+03	+0.898
80.500	+4.713e+03	+5.811e+03	+9.968e+03	+0.552
80.600	+4.103e+03	+4.390e+03	+9.552e+03	+0.517
80.700	+3.698e+03	+4.796e+03	+9.371e+03	+0.565
80.800	+4.740e+03	+4.795e+03	+9.427e+03	+0.503
80.900	+5.443e+03	+5.505e+03	+1.033e+04	+0.503
81.000	+5.829e+03	+6.425e+03	+9.904e+03	+0.524
81.100	+4.651e+03	+5.422e+03	+1.005e+04	+0.538
81.200	+4.764e+03	+4.987e+03	+9.568e+03	+0.511
81.300	+5.214e+03	+4.852e+03	+1.041e+04	+0.482
81.400	+4.301e+03	+4.628e+03	+9.744e+03	+0.518
81.500	+4.381e+03	+6.426e+03	+1.026e+04	+0.595
81.600	+5.155e+03	+5.694e+03	+9.698e+03	+0.525
81.700	+5.171e+03	+4.647e+03	+9.204e+03	+0.473
81.800	+4.072e+03	+5.122e+03	+1.021e+04	+0.557
81.900	+4.113e+03	+5.894e+03	+9.059e+03	+0.589
82.000	+5.815e+03	+4.185e+03	+9.804e+03	+0.419
82.100	+5.550e+03	+5.418e+03	+9.700e+03	+0.494
82.200	+5.178e+03	+6.157e+03	+8.422e+03	+0.543
82.300	+4.767e+03	+5.480e+03	+1.069e+04	+0.535
82.400	+4.257e+03	+5.637e+03	+8.807e+03	+0.570
82.500	+5.211e+03	+5.298e+03	+9.566e+03	+0.504
82.600	+5.375e+03	+4.631e+03	+1.018e+04	+0.463
82.700	+4.426e+03	+5.475e+03	+9.425e+03	+0.553
82.800	+5.565e+03	+5.263e+03	+1.053e+04	+0.486
82.900	+5.455e+03	+4.221e+03	+1.074e+04	+0.436
83.000	+5.497e+03	+4.699e+03	+1.007e+04	+0.461
83.100	+4.598e+03	+4.849e+03	+9.956e+03	+0.513
83.200	+5.353e+03	+4.366e+03	+9.727e+03	+0.449
83.300	+6.798e+03	+5.015e+03	+9.420e+03	+0.425
83.400	+4.342e+03	+5.448e+03	+9.760e+03	+0.556
83.500	+4.372e+03	+4.932e+03	+9.418e+03	+0.530
83.600	+5.524e+03	+4.299e+03	+8.783e+03	+0.438
83.700	+4.991e+03	+4.805e+03	+1.042e+04	+0.491
83.800	+4.636e+03	+4.554e+03	+1.022e+04	+0.496
83.900	+5.622e+03	+5.848e+03	+8.405e+03	+0.510
84.000	+3.426e+03	+7.193e+03	+1.025e+04	+0.677
84.100	+1.849e+03	+7.962e+03	+8.887e+03	+0.811
84.200	+3.303e+03	+7.996e+03	+9.422e+03	+0.708
84.300	+1.463e+03	+8.618e+03	+1.042e+04	+0.855
84.400	+1.821e+03	+6.811e+03	+9.961e+03	+0.789
84.500	+6.338e+02	+7.484e+03	+1.013e+04	+0.922
84.600	+1.384e+03	+8.373e+03	+1.063e+04	+0.858
84.700	+1.988e+03	+7.982e+03	+9.656e+03	+0.801
84.800	+2.220e+03	+7.360e+03	+9.487e+03	+0.768
84.900	+1.287e+03	+7.907e+03	+1.073e+04	+0.860
85.000	+2.404e+03	+8.158e+03	+1.076e+04	+0.772
85.100	+2.049e+03	+6.284e+03	+9.860e+03	+0.754
85.200	+2.951e+03	+7.604e+03	+9.012e+03	+0.720
85.300	+2.190e+03	+7.787e+03	+9.547e+03	+0.780
85.400	+2.894e+03	+8.939e+03	+9.979e+03	+0.755
85.500	+3.160e+03	+8.139e+03	+1.045e+04	+0.720
85.600	+2.790e+03	+8.311e+03	+1.043e+04	+0.749
85.700	+2.483e+03	+7.310e+03	+9.693e+03	+0.746
85.800	+2.170e+03	+7.838e+03	+9.298e+03	+0.783
85.900	+9.087e+02	+8.860e+03	+9.463e+03	+0.907
86.000	+2.138e+03	+7.337e+03	+8.601e+03	+0.774
86.100	+2.773e+03	+8.402e+03	+9.267e+03	+0.752
86.200	+2.092e+03	+7.897e+03	+1.036e+04	+0.791
86.300	+1.735e+03	+8.460e+03	+1.047e+04	+0.830
86.400	+1.496e+03	+8.137e+03	+9.236e+03	+0.845
86.500	+2.787e+03	+7.649e+03	+1.059e+04	+0.733
86.600	+2.370e+03	+8.295e+03	+9.777e+03	+0.778
86.700	+2.170e+03	+8.917e+03	+9.380e+03	+0.804
86.800	+2.431e+03	+8.238e+03	+1.082e+04	+0.772
86.900	+2.754e+03	+7.472e+03	+1.091e+04	+0.731
87.000	+3.666e+03	+8.270e+03	+1.128e+04	+0.693
87.100	+3.674e+03	+7.191e+03	+9.764e+03	+0.662
87.200	+4.672e+03	+5.381e+03	+1.043e+04	+0.535
87.300	+4.965e+03	+5.337e+03	+9.668e+03	+0.518
87.400	+5.939e+03	+4.930e+03	+9.972e+03	+0.454
87.500	+4.760e+03	+4.410e+03	+1.032e+04	+0.481
87.600	+5.630e+03	+4.593e+03	+9.602e+03	+0.449
87.700	+4.831e+03	+5.862e+03	+8.495e+03	+0.548
87.800	+6.465e+03	+4.251e+03	+8.791e+03	+0.397
87.900	+5.371e+03	+4.414e+03	+9.431e+03	+0.451
88.000	+4.219e+03	+4.507e+03	+8.822e+03	+0.516
88.100	+4.757e+03	+4.074e+03	+9.512e+03	+0.461
88.200	+4.876e+03	+4.504e+03	+9.525e+03	+0.480
88.300	+4.068e+03	+5.597e+03	+1.088e+04	+0.579
88.400	+4.981e+03	+4.691e+03	+1.010e+04	+0.485
88.500	+4.525e+03	+4.840e+03	+1.028e+04	+0.517
88.600	+4.438e+03	+6.062e+03	+1.111e+04	+0.577
88.700	+4.454e+03	+4.037e+03	+9.761e+03	+0.475
88.800	+4.647e+03	+5.883e+03	+9.919e+03	+0.559
88.900	+5.127e+03	+4.449e+03	+1.054e+04	+0.465
89.000	+5.434e+03	+4.276e+03	+1.027e+04	+0.440
89.100	+5.199e+03	+4.756e+03	+1.010e+04	+0.478
89.200	+5.029e+03	+4.670e+03	+9.935e+03	+0.481
89.300	+5.142e+03	+4.845e+03	+9.462e+03	+0.485
89.400	+5.132e+03	+6.165e+03	+1.093e+04	+0.546
89.500	+4.811e+03	+5.739e+03	+1.038e+04	+0.544
89.600	+4.891e+03	+4.172e+03	+9.944e+03	+0.460
89.700	+3.480e+03	+4.973e+03	+1.055e+04	+0.588
89.800	+5.215e+03	+4.496e+03	+1.033e+04	+0.463
89.900	+4.667e+03	+5.689e+03	+1.009e+04	+0.549
90.000	+5.292e+03	+5.391e+03	+1.067e+04	+0.505
90.100	+5.514e+03	+4.465e+03	+1.087e+04	+0.447
90.200	+6.389e+03	+5.825e+03	+8.813e+03	+0.477
90.300	+4.503e+03	+6.092e+03	+9.055e+03	+0.575
90.400	+5.879e+03	+3.564e+03	+1.067e+04	+0.377
90.500	+5.610e+03	+5.824e+03	+1.015e+04	+0.509
90.600	+5.615e+03	+4.366e+03	+1.090e+04	+0.437
90.700	+6.032e+03	+4.995e+03	+9.498e+03	+0.453
90.800	+4.383e+03	+5.066e+03	+9.084e+03	+0.536
90.900	+4.206e+03	+4.842e+03	+1.039e+04	+0.535
91.000	+6.173e+03	+4.571e+03	+9.611e+03	+0.425
91.100	+6.910e+03	+3.812e+03	+9.457e+03	+0.356
91.200	+5.774e+03	+5.503e+03	+1.052e+04	+0.488
91.300	+5.846e+03	+5.072e+03	+1.030e+04	+0.465
91.400	+4.620e+03	+5.704e+03	+9.561e+03	+0.552
91.500	+4.870e+03	+4.638e+03	+1.080e+04	+0.488
91.600	+6.222e+03	+5.695e+03	+9.500e+03	+0.478
91.700	+5.579e+03	+4.685e+03	+1.107e+04	+0.456
91.800	+4.925e+03	+4.813e+03	+9.888e+03	+0.494
91.900	+5.927e+03	+5.960e+03	+9.951e+03	+0.501
92.000	+4.885e+03	+5.558e+03	+9.706e+03	+0.532
92.100	+6.313e+03	+5.168e+03	+9.498e+03	+0.450
92.200	+4.941e+03	+5.364e+03	+9.764e+03	+0.520
92.300	+5.363e+03	+5.091e+03	+1.105e+04	+0.487
92.400	+4.206e+03	+4.626e+03	+9.787e+03	+0.524
92.500	+4.843e+03	+4.052e+03	+9.747e+03	+0.456
92.600	+3.224e+03	+7.536e+03	+9.103e+03	+0.700
92.700	+1.827e+03	+7.191e+03	+9.593e+03	+0.797
92.800	+2.975e+03	+7.134e+03	+1.061e+04	+0.706
92.900	+2.975e+03	+9.186e+03	+9.442e+03	+0.755
93.000	+2.918e+03	+7.183e+03	+1.110e+04	+0.711
93.100	+1.316e+03	+7.648e+03	+1.027e+04	+0.853
93.200	+1.889e+03	+7.627e+03	+1.006e+04	+0.801
93.300	+3.015e+03	+6.940e+03	+1.050e+04	+0.697
93.400	+2.482e+03	+7.990e+03	+9.616e+03	+0.763
93.500	+2.469e+03	+8.395e+03	+8.558e+03	+0.773
93.600	+1.515e+03	+7.857e+03	+9.388e+03	+0.838
93.700	+2.922e+03	+7.731e+03	+8.725e+03	+0.726
93.800	+1.695e+03	+8.232e+03	+1.050e+04	+0.829
93.900	+2.788e+03	+8.157e+03	+9.407e+03	+0.745
94.000	+1.820e+03	+8.150e+03	+9.296e+03	+0.817
94.100	+1.832e+03	+7.160e+03	+9.083e+03	+0.796
94.200	+1.662e+03	+8.485e+03	+9.427e+03	+0.836
94.300	+2.768e+03	+7.989e+03	+1.168e+04	+0.743
94.400	+2.376e+03	+7.945e+03	+9.183e+03	+0.770
94.500	+2.396e+03	+6.817e+03	+1.041e+04	+0.740
94.600	+1.980e+03	+9.094e+03	+1.056e+04	+0.821
94.700	+2.065e+03	+8.088e+03	+9.219e+03	+0.797
94.800	+2.671e+03	+8.704e+03	+9.744e+03	+0.765
94.900	+2.278e+03	+7.386e+03	+1.152e+04	+0.764
95.000	+3.379e+03	+8.192e+03	+9.327e+03	+0.708
95.100	+2.094e+03	+7.766e+03	+1.004e+04	+0.788
95.200	+3.012e+03	+8.264e+03	+9.220e+03	+0.733
95.300	+1.559e+03	+7.869e+03	+1.064e+04	+0.835
95.400	+2.609e+03	+8.304e+03	+1.046e+04	+0.761
95.500	+3.164e+03	+7.839e+03	+1.009e+04	+0.712
95.600	+6.069e+03	+4.620e+03	+9.791e+03	+0.432
95.700	+4.984e+03	+5.058e+03	+1.053e+04	+0.504
95.800	+5.355e+03	+6.369e+03	+1.097e+04	+0.543
95.900	+4.022e+03	+5.062e+03	+1.087e+04	+0.557
96.000	+5.025e+03	+5.298e+03	+1.192e+04	+0.513
96.100	+4.446e+03	+4.431e+03	+9.237e+03	+0.499
96.200	+4.835e+03	+4.996e+03	+1.066e+04	+0.508
96.300	+5.086e+03	+5.324e+03	+9.859e+03	+0.511
96.400	+4.368e+03	+4.472e+03	+9.305e+03	+0.506
96.500	+4.703e+03	+5.682e+03	+1.034e+04	+0.547
96.600	+5.203e+03	+4.393e+03	+7.863e+03	+0.458
96.700	+5.104e+03	+5.177e+03	+1.057e+04	+0.504
96.800	+5.491e+03	+5.044e+03	+8.410e+03	+0.479
96.900	+4.861e+03	+4.674e+03	+1.092e+04	+0.490
97.000	+4.020e+03	+4.802e+03	+8.681e+03	+0.544
97.100	+4.360e+03	+4.648e+03	+1.016e+04	+0.516
97.200	+4.793e+03	+5.624e+03	+9.405e+03	+0.540
97.300	+5.123e+03	+6.410e+03	+1.040e+04	+0.556
97.400	+5.132e+03	+5.592e+03	+9.513e+03	+0.521
97.500	+4.511e+03	+4.481e+03	+1.064e+04	+0.498
97.600	+4.796e+03	+5.793e+03	+1.068e+04	+0.547
97.700	+4.665e+03	+5.432e+03	+9.244e+03	+0.538
97.800	+5.589e+03	+4.632e+03	+1.003e+04	+0.453
97.900	+6.219e+03	+4.085e+03	+9.861e+03	+0.396
98.000	+4.476e+03	+5.110e+03	+9.774e+03	+0.533
98.100	+3.425e+03	+4.571e+03	+1.110e+04	+0.572
98.200	+4.934e+03	+5.715e+03	+9.897e+03	+0.537
98.300	+4.443e+03	+6.013e+03	+1.022e+04	+0.575
98.400	+2.448e+03	+8.786e+03	+1.052e+04	+0.782
98.500	+2.022e+03	+9.185e+03	+1.125e+04	+0.820
98.600	+1.733e+03	+8.372e+03	+9.437e+03	+0.828
98.700	+1.409e+03	+7.680e+03	+9.881e+03	+0.845
98.800	+3.353e+03	+7.889e+03	+9.180e+03	+0.702
98.900	+5.100e+03	+5.198e+03	+1.022e+04	+0.505
99.000	+8.795e+03	+2.357e+03	+9.574e+03	+0.211
99.100	+8.538e+03	+2.076e+03	+1.015e+04	+0.196
99.200	+7.029e+03	+2.501e+03	+9.113e+03	+0.262
99.300	+6.882e+03	+2.220e+03	+1.020e+04	+0.244
99.400	+7.387e+03	+1.866e+03	+9.849e+03	+0.202
99.500	+7.894e+03	+2.208e+03	+1.107e+04	+0.219
99.600	+9.154e+03	+3.082e+03	+9.976e+03	+0.252
99.700	+7.406e+03	+2.731e+03	+9.541e+03	+0.269
99.800	+7.981e+03	+2.952e+03	+1.130e+04	+0.270
99.900	+6.907e+03	+3.628e+03	+9.854e+03	+0.344
100.000	+6.905e+03	+3.638e+03	+9.953e+03	+0.345
100.100	+6.889e+03	+1.352e+03	+9.473e+03	+0.164
100.200	+7.905e+03	+1.476e+03	+9.590e+03	+0.157
100.300	+7.162e+03	+2.600e+03	+1.009e+04	+0.266
100.400	+8.623e+03	+2.263e+03	+8.595e+03	+0.208
100.500	+6.777e+03	+2.852e+03	+1.123e+04	+0.296
100.600	+1.435e+03	+7.025e+03	+1.077e+04	+0.830
100.700	+2.705e+03	+7.841e+03	+1.092e+04	+0.744
100.800	+1.120e+03	+7.676e+03	+1.051e+04	+0.873
100.900	+2.652e+03	+7.571e+03	+9.797e+03	+0.741
101.000	+3.172e+03	+7.967e+03	+1.150e+04	+0.715
101.100	+2.600e+03	+7.930e+03	+1.133e+04	+0.753
101.200	+1.945e+03	+8.028e+03	+9.978e+03	+0.805
101.300	+2.271e+03	+7.909e+03	+9.421e+03	+0.777
101.400	+3.159e+03	+6.297e+03	+9.394e+03	+0.666
101.500	+1.292e+03	+7.131e+03	+9.254e+03	+0.847
101.600	+1.751e+03	+7.366e+03	+9.678e+03	+0.808
101.700	+1.349e+03	+7.902e+03	+1.050e+04	+0.854
101.800	+2.252e+03	+8.233e+03	+1.047e+04	+0.785
101.900	+2.322e+03	+7.584e+03	+8.752e+03	+0.766
102.000	+2.408e+03	+8.427e+03	+9.327e+03	+0.778
102.100	+3.393e+03	+8.573e+03	+9.575e+03	+0.716
102.200	+3.247e+03	+8.960e+03	+9.465e+03	+0.734
102.300	+1.198e+03	+7.759e+03	+9.856e+03	+0.866
102.400	+2.772e+03	+6.480e+03	+9.051e+03	+0.700
102.500	+2.355e+03	+7.642e+03	+9.640e+03	+0.764
102.600	+1.831e+03	+8.230e+03	+1.064e+04	+0.818
102.700	+3.913e+03	+6.337e+03	+1.038e+04	+0.618
102.800	+3.638e+03	+4.589e+03	+1.001e+04	+0.558
102.900	+4.834e+03	+5.147e+03	+9.052e+03	+0.516
103.000	+4.673e+03	+6.498e+03	+1.096e+04	+0.582
103.100	+4.276e+03	+5.709e+03	+1.004e+04	+0.572
103.200	+4.244e+03	+4.818e+03	+1.030e+04	+0.532
103.300	+5.429e+03	+6.637e+03	+9.052e+03	+0.550
103.400	+5.863e+03	+5.825e+03	+1.045e+04	+0.498
103.500	+4.361e+03	+5.265e+03	+1.003e+04	+0.547
103.600	+5.868e+03	+5.896e+03	+9.862e+03	+0.501
103.700	+4.348e+03	+4.899e+03	+1.130e+04	+0.530
103.800	+4.178e+03	+4.381e+03	+1.110e+04	+0.512
103.900	+6.261e+03	+2.881e+03	+8.874e+03	+0.315
104.000	+8.055e+03	+2.403e+03	+9.991e+03	+0.230
104.100	+7.558e+03	+3.986e+03	+8.607e+03	+0.345
104.200	+9.016e+03	+1.831e+03	+1.071e+04	+0.169
104.300	+6.337e+03	+2.664e+03	+8.965e+03	+0.296
104.400	+7.048e+03	+1.830e+03	+9.352e+03	+0.206
104.500	+7.465e+03	+1.921e+03	+9.142e+03	+0.205
104.600	+7.321e+03	+3.614e+03	+1.013e+04	+0.330
104.700	+7.215e+03	+9.490e+02	+9.669e+03	+0.116
104.800	+7.796e+03	+2.729e+03	+8.969e+03	+0.259
104.900	+6.999e+03	+3.532e+03	+9.948e+03	+0.335
105.000	+3.813e+03	+9.231e+03	+1.046e+04	+0.708
105.100	+2.448e+03	+8.621e+03	+1.024e+04	+0.779
105.200	+3.210e+03	+7.594e+03	+9.721e+03	+0.703
105.300	+2.242e+03	+7.534e+03	+1.156e+04	+0.771
105.400	+1.525e+03	+7.847e+03	+9.705e+03	+0.837
105.500	+2.072e+03	+8.287e+03	+9.038e+03	+0.800
105.600	+8.530e+02	+8.228e+03	+1.116e+04	+0.906
105.700	+2.508e+03	+6.932e+03	+1.114e+04	+0.734
105.800	+3.935e+03	+5.945e+03	+1.120e+04	+0.602
105.900	+5.733e+03	+5.148e+03	+9.817e+03	+0.473
106.000	+4.535e+03	+4.455e+03	+1.041e+04	+0.496
106.100	+5.736e+03	+4.553e+03	+9.512e+03	+0.442
106.200	+4.973e+03	+5.627e+03	+9.464e+03	+0.531
106.300	+4.528e+03	+5.654e+03	+1.067e+04	+0.555
106.400	+4.230e+03	+4.346e+03	+1.105e+04	+0.507
106.500	+3.567e+03	+5.154e+03	+1.015e+04	+0.591
106.600	+5.795e+03	+4.453e+03	+9.886e+03	+0.435
106.700	+3.947e+03	+6.166e+03	+1.104e+04	+0.610
106.800	+4.450e+03	+4.662e+03	+1.176e+04	+0.512
106.900	+4.184e+03	+5.334e+03	+1.007e+04	+0.560
107.000	+5.447e+03	+5.307e+03	+1.028e+04	+0.493
107.100	+4.857e+03	+4.767e+03	+1.083e+04	+0.495
107.200	+4.910e+03	+5.815e+03	+9.961e+03	+0.542
107.300	+4.473e+03	+5.640e+03	+9.936e+03	+0.558
107.400	+5.733e+03	+4.130e+03	+1.044e+04	+0.419
107.500	+5.134e+03	+4.898e+03	+1.058e+04	+0.488
107.600	+5.382e+03	+4.456e+03	+9.911e+03	+0.453
107.700	+5.640e+03	+4.984e+03	+8.837e+03	+0.469
107.800	+2.462e+03	+8.622e+03	+9.429e+03	+0.778
107.900	+1.139e+03	+7.166e+03	+1.046e+04	+0.863
108.000	+1.303e+03	+7.543e+03	+1.146e+04	+0.853
108.100	+3.021e+03	+8.865e+03	+1.045e+04	+0.746
108.200	+2.078e+03	+7.985e+03	+1.014e+04	+0.793
108.300	+1.581e+03	+7.370e+03	+9.838e+03	+0.823
108.400	+1.856e+03	+8.293e+03	+1.019e+04	+0.817
108.500	+2.829e+03	+8.034e+03	+9.781e+03	+0.740
108.600	+1.800e+03	+8.729e+03	+1.019e+04	+0.829
108.700	+2.155e+03	+7.908e+03	+1.009e+04	+0.786
108.800	+1.749e+03	+7.424e+03	+1.032e+04	+0.809
108.900	+1.545e+03	+8.260e+03	+9.596e+03	+0.842
109.000	+3.353e+03	+8.631e+03	+9.655e+03	+0.720
109.100	+1.915e+03	+8.522e+03	+9.374e+03	+0.817
109.200	+2.479e+03	+7.587e+03	+9.451e+03	+0.754
109.300	+2.328e+03	+8.407e+03	+9.701e+03	+0.783
109.400	+1.417e+03	+6.815e+03	+1.127e+04	+0.828
109.500	+1.622e+03	+7.356e+03	+1.181e+04	+0.819
109.600	+1.700e+03	+8.227e+03	+1.132e+04	+0.829
109.700	+2.417e+03	+7.063e+03	+1.014e+04	+0.745
109.800	+1.840e+03	+6.787e+03	+9.582e+03	+0.787
109.900	+2.341e+03	+8.512e+03	+1.073e+04	+0.784
110.000	+2.051e+03	+8.124e+03	+1.101e+04	+0.798
110.100	+2.081e+03	+9.137e+03	+9.647e+03	+0.815
110.200	+3.184e+03	+8.042e+03	+8.890e+03	+0.716
110.300	+1.548e+03	+7.389e+03	+1.090e+04	+0.827
110.400	+2.077e+03	+8.784e+03	+9.629e+03	+0.809
110.500	+1.533e+03	+7.694e+03	+1.034e+04	+0.834
110.600	+1.172e+03	+7.308e+03	+9.980e+03	+0.862
110.700	+1.683e+03	+7.785e+03	+1.040e+04	+0.822
110.800	+2.120e+03	+8.610e+03	+9.144e+03	+0.802
110.900	+1.460e+03	+6.651e+03	+1.064e+04	+0.820
111.000	+2.919e+03	+7.209e+03	+8.966e+03	+0.712
111.100	+2.611e+03	+8.142e+03	+1.030e+04	+0.757
111.200	+2.180e+03	+8.324e+03	+1.007e+04	+0.792
111.300	+1.571e+03	+7.913e+03	+9.385e+03	+0.834
111.400	+3.172e+03	+7.178e+03	+9.571e+03	+0.694
111.500	+2.409e+03	+5.952e+03	+1.069e+04	+0.712
111.600	+1.846e+03	+7.319e+03	+1.086e+04	+0.799
111.700	+2.139e+03	+6.939e+03	+1.094e+04	+0.764
111.800	+2.713e+03	+8.027e+03	+9.184e+03	+0.747
111.900	+1.501e+03	+8.623e+03	+8.679e+03	+0.852
112.000	+1.128e+03	+7.547e+03	+9.358e+03	+0.870
112.100	+2.486e+03	+8.497e+03	+1.133e+04	+0.774
112.200	+1.599e+03	+8.307e+03	+9.982e+03	+0.839
112.300	+1.684e+03	+8.309e+03	+9.775e+03	+0.831
112.400	+2.890e+03	+8.906e+03	+1.043e+04	+0.755
112.500	+5.756e+02	+7.518e+03	+9.786e+03	+0.929
112.600	+1.770e+03	+9.141e+03	+9.909e+03	+0.838
112.700	+1.361e+03	+7.785e+03	+9.568e+03	+0.851
112.800	+2.845e+03	+8.403e+03	+1.041e+04	+0.747
112.900	+2.228e+03	+8.595e+03	+1.089e+04	+0.794
113.000	+2.268e+03	+7.451e+03	+9.529e+03	+0.767
113.100	+1.688e+03	+8.665e+03	+1.014e+04	+0.837
113.200	+1.997e+03	+7.916e+03	+1.068e+04	+0.799
113.300	+2.177e+03	+8.110e+03	+8.940e+03	+0.788
113.400	+1.043e+03	+8.379e+03	+9.396e+03	+0.889
113.500	+1.025e+03	+7.676e+03	+9.945e+03	+0.882
113.600	+2.882e+03	+7.091e+03	+9.937e+03	+0.711
113.700	+2.193e+03	+8.101e+03	+9.827e+03	+0.787
113.800	+1.863e+03	+8.603e+03	+1.138e+04	+0.822
113.900	+2.582e+03	+7.442e+03	+1.087e+04	+0.742
114.000	+8.084e+02	+7.294e+03	+9.446e+03	+0.900
114.100	+2.121e+03	+7.866e+03	+9.915e+03	+0.788
114.200	+6.953e+02	+7.958e+03	+9.987e+03	+0.920
114.300	+2.471e+03	+7.608e+03	+1.033e+04	+0.755
114.400	+2.429e+03	+9.052e+03	+1.049e+04	+0.788
114.500	+1.625e+03	+7.595e+03	+9.725e+03	+0.824
114.600	+9.138e+02	+8.024e+03	+1.036e+04	+0.898
114.700	+2.809e+03	+6.686e+03	+8.944e+03	+0.704
114.800	+1.230e+03	+8.223e+03	+1.004e+04	+0.870
114.900	+1.320e+03	+8.314e+03	+9.533e+03	+0.863
115.000	+1.873e+03	+7.591e+03	+1.128e+04	+0.802
115.100	+1.598e+03	+7.227e+03	+1.057e+04	+0.819
115.200	+2.956e+03	+7.511e+03	+9.208e+03	+0.718
115.300	+2.023e+03	+8.007e+03	+1.071e+04	+0.798
115.400	+2.859e+03	+9.466e+03	+9.571e+03	+0.768
115.500	+1.894e+03	+7.319e+03	+8.548e+03	+0.794
115.600	+1.713e+03	+8.428e+03	+1.080e+04	+0.831
115.700	+2.168e+03	+8.763e+03	+9.138e+03	+0.802
115.800	+4.908e+02	+8.600e+03	+9.353e+03	+0.946
115.900	+2.624e+03	+8.690e+03	+9.840e+03	+0.768
116.000	+1.608e+03	+6.533e+03	+1.035e+04	+0.802
116.100	+1.820e+03	+8.210e+03	+9.564e+03	+0.819
116.200	+3.471e+03	+7.049e+03	+9.873e+03	+0.670
116.300	+1.983e+03	+8.033e+03	+9.837e+03	+0.802
116.400	+1.225e+03	+7.942e+03	+9.678e+03	+0.866
116.500	+9.334e+02	+6.813e+03	+9.483e+03	+0.880
116.600	+2.305e+03	+7.495e+03	+1.046e+04	+0.765
116.700	+1.945e+03	+6.728e+03	+1.068e+04	+0.776
116.800	+2.464e+03	+8.462e+03	+9.819e+03	+0.775
116.900	+1.944e+03	+6.887e+03	+9.645e+03	+0.780
117.000	+3.154e+03	+7.892e+03	+8.971e+03	+0.714
117.100	+1.925e+03	+7.505e+03	+1.025e+04	+0.796
117.200	+1.589e+03	+7.903e+03	+1.016e+04	+0.833
117.300	+2.446e+03	+8.322e+03	+1.086e+04	+0.773
117.400	+2.753e+03	+7.692e+03	+1.062e+04	+0.736
117.500	+1.666e+03	+8.658e+03	+9.830e+03	+0.839
117.600	+4.644e+03	+5.316e+03	+9.450e+03	+0.534
117.700	+5.037e+03	+6.292e+03	+9.557e+03	+0.555
117.800	+3.990e+03	+5.282e+03	+9.655e+03	+0.570
117.900	+4.495e+03	+4.734e+03	+1.033e+04	+0.513
118.000	+5.836e+03	+5.173e+03	+1.024e+04	+0.470
118.100	+4.084e+03	+5.386e+03	+1.006e+04	+0.569
118.200	+4.767e+03	+5.716e+03	+1.031e+04	+0.545
118.300	+5.386e+03	+6.020e+03	+9.934e+03	+0.528
118.400	+5.521e+03	+6.638e+03	+9.239e+03	+0.546
118.500	+5.568e+03	+4.661e+03	+1.061e+04	+0.456
118.600	+5.151e+03	+5.550e+03	+1.133e+04	+0.519
118.700	+4.917e+03	+5.785e+03	+8.928e+03	+0.541
118.800	+5.688e+03	+5.295e+03	+9.884e+03	+0.482
118.900	+5.104e+03	+5.275e+03	+8.781e+03	+0.508
119.000	+3.458e+03	+5.481e+03	+1.110e+04	+0.613
119.100	+5.346e+03	+4.637e+03	+1.061e+04	+0.464
119.200	+4.572e+03	+4.340e+03	+9.217e+03	+0.487
119.300	+4.495e+03	+5.014e+03	+9.344e+03	+0.527
119.400	+3.932e+03	+6.042e+03	+8.970e+03	+0.606
119.500	+1.912e+03	+7.930e+03	+9.849e+03	+0.806
119.600	+2.056e+03	+7.836e+03	+1.120e+04	+0.792
119.700	+1.941e+03	+8.713e+03	+1.001e+04	+0.818
119.800	+1.933e+03	+9.337e+03	+9.432e+03	+0.828
119.900	+1.830e+03	+8.117e+03	+9.244e+03	+0.816
120.000	+2.752e+03	+6.846e+03	+9.817e+03	+0.713
120.100	+2.348e+03	+8.165e+03	+9.346e+03	+0.777
120.200	+2.401e+03	+8.429e+03	+1.035e+04	+0.778
120.300	+9.702e+02	+8.331e+03	+1.085e+04	+0.896
120.400	+1.507e+03	+8.928e+03	+9.967e+03	+0.856
120.500	+2.686e+03	+7.799e+03	+9.913e+03	+0.744
120.600	+1.304e+03	+8.458e+03	+9.654e+03	+0.866
120.700	+2.529e+03	+8.690e+03	+9.643e+03	+0.775
120.800	+1.238e+03	+7.345e+03	+1.009e+04	+0.856
120.900	+1.966e+03	+7.559e+03	+8.892e+03	+0.794
121.000	+2.670e+03	+8.833e+03	+8.674e+03	+0.768
121.100	+1.335e+03	+8.223e+03	+9.287e+03	+0.860
121.200	+2.912e+03	+8.050e+03	+9.398e+03	+0.734
121.300	+1.585e+03	+8.391e+03	+1.003e+04	+0.841
121.400	+2.715e+03	+7.011e+03	+9.889e+03	+0.721
121.500	+1.778e+03	+7.262e+03	+1.022e+04	+0.803
121.600	+1.212e+03	+8.448e+03	+9.588e+03	+0.875
121.700	+2.531e+03	+7.860e+03	+9.756e+03	+0.756
121.800	+8.620e+02	+8.434e+03	+8.964e+03	+0.907
121.900	+2.498e+03	+8.361e+03	+1.050e+04	+0.770
122.000	+3.126e+03	+6.605e+03	+1.077e+04	+0.679
122.100	+3.743e+03	+7.340e+03	+9.840e+03	+0.662
122.200	+2.441e+03	+8.072e+03	+9.520e+03	+0.768
122.300	+3.022e+03	+8.442e+03	+9.563e+03	+0.736
122.400	+1.810e+03	+7.468e+03	+1.040e+04	+0.805
122.500	+2.792e+03	+7.479e+03	+8.849e+03	+0.728
122.600	+1.996e+03	+8.375e+03	+9.741e+03	+0.808
122.700	+1.892e+03	+8.521e+03	+1.083e+04	+0.818
122.800	+1.881e+03	+9.085e+03	+9.520e+03	+0.828
122.900	+1.836e+03	+8.245e+03	+8.146e+03	+0.818
123.000	+2.200e+03	+8.891e+03	+1.002e+04	+0.802
123.100	+2.003e+03	+8.161e+03	+9.494e+03	+0.803
123.200	+3.703e+03	+6.019e+03	+1.055e+04	+0.619
123.300	+4.678e+03	+6.174e+03	+9.929e+03	+0.569
123.400	+5.018e+03	+5.111e+03	+9.379e+03	+0.505
123.500	+5.852e+03	+5.494e+03	+9.536e+03	+0.484
123.600	+5.702e+03	+6.069e+03	+1.049e+04	+0.516
123.700	+5.676e+03	+5.444e+03	+9.503e+03	+0.490
123.800	+5.688e+03	+4.793e+03	+8.751e+03	+0.457
123.900	+4.811e+03	+5.704e+03	+1.065e+04	+0.542
124.000	+5.926e+03	+5.169e+03	+9.506e+03	+0.466
124.100	+5.072e+03	+5.656e+03	+9.024e+03	+0.527
124.200	+5.995e+03	+6.109e+03	+9.514e+03	+0.505
124.300	+5.574e+03	+6.197e+03	+1.049e+04	+0.526
124.400	+3.837e+03	+5.384e+03	+1.086e+04	+0.584
124.500	+1.717e+03	+6.511e+03	+1.052e+04	+0.791
124.600	+3.583e+03	+6.357e+03	+1.018e+04	+0.640
124.700	+5.749e+03	+5.685e+03	+9.467e+03	+0.497
124.800	+5.673e+03	+6.582e+03	+1.064e+04	+0.537
124.900	+5.060e+03	+5.234e+03	+1.025e+04	+0.508
125.000	+3.674e+03	+7.358e+03	+9.698e+03	+0.667
125.100	+1.887e+03	+7.861e+03	+1.072e+04	+0.806
125.200	+2.958e+03	+8.554e+03	+1.004e+04	+0.743
125.300	+3.404e+03	+7.851e+03	+9.826e+03	+0.698
125.400	+9.858e+02	+7.643e+03	+1.016e+04	+0.886
125.500	+1.451e+03	+7.663e+03	+1.031e+04	+0.841
125.600	+2.399e+03	+9.350e+03	+9.861e+03	+0.796
125.700	+4.237e+03	+7.278e+03	+9.912e+03	+0.632
125.800	+8.341e+03	+1.383e+03	+1.053e+04	+0.142
125.900	+7.697e+03	+2.720e+03	+1.107e+04	+0.261
126.000	+7.816e+03	+1.820e+03	+9.880e+03	+0.189
126.100	+6.444e+03	+1.523e+03	+9.827e+03	+0.191
126.200	+8.611e+03	+3.008e+03	+1.065e+04	+0.259
126.300	+5.818e+03	+1.417e+03	+1.045e+04	+0.196
126.400	+7.626e+03	+1.935e+03	+1.103e+04	+0.202
126.500	+8.035e+03	+2.574e+03	+9.894e+03	+0.243
126.600	+7.232e+03	+2.890e+03	+9.175e+03	+0.285
126.700	+7.829e+03	+1.604e+03	+1.011e+04	+0.170
126.800	+7.323e+03	+2.564e+03	+9.659e+03	+0.259
126.900	+7.175e+03	+1.967e+03	+9.090e+03	+0.215
127.000	+7.645e+03	+2.647e+03	+1.076e+04	+0.257
127.100	+7.936e+03	+3.997e+03	+1.053e+04	+0.335
127.200	+7.754e+03	+3.425e+03	+1.008e+04	+0.306
127.300	+7.991e+03	+3.150e+03	+9.730e+03	+0.283
127.400	+6.271e+03	+3.675e+03	+9.662e+03	+0.370
127.500	+9.005e+03	+1.932e+03	+1.022e+04	+0.177
127.600	+7.925e+03	+2.264e+03	+1.015e+04	+0.222
127.700	+8.157e+03	+2.705e+03	+9.785e+03	+0.249
127.800	+7.433e+03	+2.633e+03	+9.469e+03	+0.262
127.900	+7.686e+03	+2.523e+03	+9.330e+03	+0.247
128.000	+7.221e+03	+2.480e+03	+9.904e+03	+0.256
128.100	+6.992e+03	+1.072e+03	+1.058e+04	+0.133
128.200	+7.212e+03	+2.333e+03	+1.071e+04	+0.244
128.300	+8.038e+03	+1.786e+03	+1.008e+04	+0.182
128.400	+7.962e+03	+2.263e+03	+9.710e+03	+0.221
128.500	+7.343e+03	+2.121e+03	+9.946e+03	+0.224
128.600	+7.310e+03	+3.160e+03	+1.023e+04	+0.302
128.700	+7.275e+03	+2.315e+03	+8.948e+03	+0.241
128.800	+8.837e+03	+8.126e+02	+9.323e+03	+0.084
128.900	+7.876e+03	+2.451e+03	+9.921e+03	+0.237
129.000	+7.438e+03	+2.107e+03	+9.047e+03	+0.221
129.100	+4.474e+03	+5.879e+03	+1.006e+04	+0.568
129.200	+1.983e+03	+7.394e+03	+1.053e+04	+0.789
129.300	+1.522e+03	+7.217e+03	+1.022e+04	+0.826
129.400	+1.889e+03	+7.884e+03	+9.545e+03	+0.807
129.500	+3.405e+03	+7.958e+03	+9.302e+03	+0.700
129.600	+3.445e+03	+8.739e+03	+1.256e+04	+0.717
129.700	+1.494e+03	+7.188e+03	+9.633e+03	+0.828
129.800	+1.717e+03	+7.299e+03	+1.120e+04	+0.810
129.900	+2.648e+03	+8.060e+03	+9.226e+03	+0.753
130.000	+2.994e+03	+6.863e+03	+9.703e+03	+0.696
130.100	+3.726e+03	+8.581e+03	+1.054e+04	+0.697
130.200	+2.269e+03	+8.423e+03	+9.582e+03	+0.788
130.300	+1.491e+03	+6.670e+03	+1.091e+04	+0.817
130.400	+1.955e+03	+8.201e+03	+1.090e+04	+0.808
130.500	+1.898e+03	+8.985e+03	+1.099e+04	+0.826
130.600	+1.854e+03	+7.569e+03	+1.062e+04	+0.803
130.700	+1.206e+03	+8.157e+03	+9.774e+03	+0.871
130.800	+1.567e+03	+8.756e+03	+1.086e+04	+0.848
130.900	+1.578e+03	+7.125e+03	+8.823e+03	+0.819
131.000	+2.990e+03	+8.055e+03	+9.351e+03	+0.729
131.100	+1.857e+03	+7.676e+03	+9.952e+03	+0.805
131.200	+5.004e+03	+4.028e+03	+1.136e+04	+0.446
131.300	+6.302e+03	+4.272e+03	+9.748e+03	+0.404
131.400	+5.939e+03	+4.651e+03	+1.009e+04	+0.439
131.500	+4.711e+03	+5.441e+03	+9.694e+03	+0.536
131.600	+4.012e+03	+4.004e+03	+1.019e+04	+0.499
131.700	+4.455e+03	+5.340e+03	+9.406e+03	+0.545
131.800	+4.735e+03	+4.855e+03	+8.885e+03	+0.506
131.900	+4.850e+03	+5.038e+03	+1.056e+04	+0.509
132.000	+4.025e+03	+5.406e+03	+1.036e+04	+0.573
132.100	+5.875e+03	+5.124e+03	+1.003e+04	+0.466
132.200	+3.006e+03	+8.476e+03	+9.873e+03	+0.738
132.300	+1.715e+03	+8.644e+03	+9.405e+03	+0.834
132.400	+2.354e+03	+8.487e+03	+1.016e+04	+0.783
132.500	+1.975e+03	+7.844e+03	+1.075e+04	+0.799
132.600	+2.235e+03	+8.399e+03	+9.974e+03	+0.790
132.700	+2.781e+03	+8.408e+03	+1.027e+04	+0.751
132.800	+2.769e+03	+7.350e+03	+1.040e+04	+0.726
132.900	+1.058e+03	+6.890e+03	+9.832e+03	+0.867
133.000	+1.784e+03	+8.144e+03	+9.394e+03	+0.820
133.100	+2.565e+03	+8.109e+03	+1.055e+04	+0.760
133.200	+1.247e+03	+7.560e+03	+1.079e+04	+0.858
133.300	+2.399e+03	+7.855e+03	+1.090e+04	+0.766
133.400	+2.002e+03	+7.569e+03	+1.062e+04	+0.791
133.500	+2.882e+03	+8.548e+03	+1.087e+04	+0.748
133.600	+2.742e+03	+8.822e+03	+1.046e+04	+0.763
133.700	+3.309e+03	+8.551e+03	+8.640e+03	+0.721
133.800	+2.255e+03	+8.725e+03	+8.557e+03	+0.795
133.900	+2.823e+03	+7.937e+03	+1.011e+04	+0.738
134.000	+4.797e+03	+6.163e+03	+1.022e+04	+0.562
134.100	+6.348e+03	+1.663e+03	+9.739e+03	+0.208
134.200	+6.052e+03	+3.931e+03	+9.541e+03	+0.394
134.300	+4.500e+03	+5.387e+03	+8.746e+03	+0.545
134.400	+5.762e+03	+5.270e+03	+1.052e+04	+0.478
134.500	+3.950e+03	+6.270e+03	+1.121e+04	+0.614
134.600	+1.929e+03	+9.224e+03	+1.031e+04	+0.827
134.700	+3.431e+03	+8.111e+03	+1.023e+04	+0.703
134.800	+1.989e+03	+8.382e+03	+9.639e+03	+0.808
134.900	+1.743e+03	+7.785e+03	+9.199e+03	+0.817
135.000	+2.548e+03	+6.861e+03	+1.100e+04	+0.729
135.100	+9.057e+02	+8.005e+03	+1.055e+04	+0.898
135.200	+1.998e+03	+8.160e+03	+1.023e+04	+0.803
135.300	+2.775e+03	+8.152e+03	+9.763e+03	+0.746
135.400	+1.913e+03	+8.207e+03	+1.077e+04	+0.811
135.500	+1.940e+03	+9.366e+03	+1.012e+04	+0.828
135.600	+1.548e+03	+8.332e+03	+1.052e+04	+0.843
135.700	+3.883e+03	+7.153e+03	+1.021e+04	+0.648
135.800	+6.034e+03	+4.688e+03	+9.968e+03	+0.437
135.900	+6.319e+03	+5.097e+03	+1.001e+04	+0.446
136.000	+3.827e+03	+4.256e+03	+1.071e+04	+0.527
136.100	+4.779e+03	+4.986e+03	+9.457e+03	+0.511
136.200	+5.392e+03	+5.383e+03	+9.977e+03	+0.500
136.300	+5.191e+03	+4.970e+03	+1.123e+04	+0.489
136.400	+5.071e+03	+5.368e+03	+9.581e+03	+0.514
136.500	+4.645e+03	+5.364e+03	+9.616e+03	+0.536
136.600	+4.968e+03	+4.974e+03	+9.554e+03	+0.500
136.700	+2.395e+03	+6.353e+03	+9.995e+03	+0.726
136.800	+1.559e+03	+8.488e+03	+1.064e+04	+0.845
136.900	+1.523e+03	+6.512e+03	+1.140e+04	+0.810
137.000	+9.639e+02	+7.180e+03	+1.043e+04	+0.882
137.100	+2.249e+03	+6.769e+03	+8.915e+03	+0.751
137.200	+4.603e+02	+8.669e+03	+1.077e+04	+0.950
137.300	+2.707e+03	+8.134e+03	+9.755e+03	+0.750
137.400	+6.400e+03	+3.423e+03	+9.982e+03	+0.348
137.500	+7.651e+03	+2.884e+03	+1.013e+04	+0.274
137.600	+8.404e+03	+3.108e+03	+1.005e+04	+0.270
137.700	+8.351e+03	+3.526e+03	+9.552e+03	+0.297
137.800	+6.746e+03	+2.514e+03	+1.045e+04	+0.272
137.900	+7.871e+03	+3.724e+03	+8.741e+03	+0.321
138.000	+6.036e+03	+2.040e+03	+1.025e+04	+0.253
138.100	+7.566e+03	+3.069e+03	+1.069e+04	+0.289
138.200	+7.905e+03	+2.663e+03	+1.103e+04	+0.252
138.300	+6.980e+03	+3.215e+03	+9.650e+03	+0.315
138.400	+6.749e+03	+2.191e+03	+1.006e+04	+0.245
138.500	+8.054e+03	+2.953e+03	+1.090e+04	+0.268
138.600	+7.261e+03	+1.592e+03	+8.796e+03	+0.180
138.700	+7.641e+03	+2.515e+03	+9.577e+03	+0.248
138.800	+6.955e+03	+2.382e+03	+1.056e+04	+0.255
138.900	+7.415e+03	+2.966e+03	+9.102e+03	+0.286
139.000	+3.863e+03	+5.156e+03	+1.008e+04	+0.572
139.100	+4.735e+03	+3.781e+03	+1.023e+04	+0.444
139.200	+5.444e+03	+5.517e+03	+9.493e+03	+0.503
139.300	+4.953e+03	+6.004e+03	+1.017e+04	+0.548
139.400	+6.961e+03	+3.038e+03	+1.132e+04	+0.304
139.500	+7.933e+03	+2.357e+03	+1.000e+04	+0.229
139.600	+8.011e+03	+1.894e+03	+1.070e+04	+0.191
139.700	+7.665e+03	+3.446e+03	+9.483e+03	+0.310
139.800	+6.892e+03	+1.664e+03	+8.901e+03	+0.195
139.900	+6.998e+03	+1.181e+03	+1.030e+04	+0.144
140.000	+7.107e+03	+2.126e+03	+1.039e+04	+0.230
140.100	+8.235e+03	+2.561e+03	+9.509e+03	+0.237
140.200	+7.498e+03	+2.761e+03	+9.141e+03	+0.269
140.300	+5.183e+03	+2.682e+03	+9.434e+03	+0.341
140.400	+7.496e+03	+3.496e+03	+1.042e+04	+0.318
140.500	+7.056e+03	+1.727e+03	+8.888e+03	+0.197
140.600	+7.104e+03	+2.560e+03	+1.025e+04	+0.265
140.700	+6.880e+03	+3.031e+03	+9.245e+03	+0.306
140.800	+8.316e+03	+2.076e+03	+9.888e+03	+0.200
140.900	+7.507e+03	+2.107e+03	+1.009e+04	+0.219
141.000	+7.438e+03	+2.835e+03	+9.240e+03	+0.276
141.100	+8.186e+03	+2.817e+03	+1.010e+04	+0.256
141.200	+6.343e+03	+2.601e+03	+1.009e+04	+0.291
141.300	+7.205e+03	+1.984e+03	+1.017e+04	+0.216
141.400	+7.980e+03	+2.026e+03	+1.029e+04	+0.202
141.500	+8.778e+03	+1.453e+03	+1.003e+04	+0.142
141.600	+7.462e+03	+3.501e+03	+1.076e+04	+0.319
141.700	+6.880e+03	+3.208e+03	+1.024e+04	+0.318
141.800	+9.326e+03	+1.866e+03	+1.120e+04	+0.167
141.900	+6.909e+03	+2.854e+03	+9.505e+03	+0.292
142.000	+6.982e+03	+2.439e+03	+9.973e+03	+0.259
142.100	+7.478e+03	+1.665e+03	+1.009e+04	+0.182
142.200	+7.654e+03	+2.278e+03	+8.687e+03	+0.229
142.300	+7.034e+03	+3.202e+03	+1.129e+04	+0.313
142.400	+7.335e+03	+3.031e+03	+1.058e+04	+0.292
142.500	+8.985e+03	+2.617e+03	+1.026e+04	+0.226
142.600	+7.703e+03	+2.598e+03	+1.000e+04	+0.252
142.700	+7.226e+03	+1.628e+03	+9.533e+03	+0.184
142.800	+6.927e+03	+2.865e+03	+1.001e+04	+0.293
142.900	+8.167e+03	+2.200e+03	+1.069e+04	+0.212
143.000	+7.556e+03	+1.777e+03	+9.394e+03	+0.190
143.100	+7.618e+03	+2.695e+03	+9.378e+03	+0.261
143.200	+7.762e+03	+2.042e+03	+1.053e+04	+0.208
143.300	+6.629e+03	+2.907e+03	+8.956e+03	+0.305
143.400	+6.932e+03	+1.122e+03	+1.040e+04	+0.139
143.500	+7.453e+03	+2.283e+03	+1.033e+04	+0.234
143.600	+6.657e+03	+2.767e+03	+9.178e+03	+0.294
143.700	+7.488e+03	+3.368e+03	+1.030e+04	+0.310
143.800	+7.475e+03	+2.553e+03	+9.931e+03	+0.255
143.900	+7.712e+03	+2.630e+03	+9.344e+03	+0.254
144.000	+7.857e+03	+2.511e+03	+9.915e+03	+0.242
144.100	+6.273e+03	+3.201e+03	+1.047e+04	+0.338
144.200	+6.548e+03	+2.004e+03	+1.051e+04	+0.234
144.300	+8.302e+03	+2.661e+03	+9.848e+03	+0.243
144.400	+7.344e+03	+2.321e+03	+8.898e+03	+0.240
144.500	+8.112e+03	+1.592e+03	+9.107e+03	+0.164
144.600	+7.074e+03	+2.954e+03	+8.996e+03	+0.295
144.700	+6.922e+03	+3.057e+03	+8.539e+03	+0.306
144.800	+6.281e+03	+3.824e+03	+1.093e+04	+0.378
144.900	+8.739e+03	+3.405e+03	+1.028e+04	+0.280
145.000	+7.618e+03	+2.396e+03	+9.253e+03	+0.239
145.100	+6.915e+03	+2.209e+03	+1.042e+04	+0.242
145.200	+6.879e+03	+1.800e+03	+9.600e+03	+0.207
145.300	+8.078e+03	+2.256e+03	+9.843e+03	+0.218
145.400	+7.499e+03	+2.588e+03	+8.667e+03	+0.257
145.500	+8.319e+03	+1.580e+03	+9.249e+03	+0.160
145.600	+8.179e+03	+3.285e+03	+1.012e+04	+0.287
145.700	+7.275e+03	+2.170e+03	+1.074e+04	+0.230
145.800	+7.555e+03	+2.039e+03	+1.074e+04	+0.213
145.900	+7.140e+03	+2.681e+03	+9.877e+03	+0.273
146.000	+6.831e+03	+2.658e+03	+8.857e+03	+0.280
146.100	+8.639e+03	+2.594e+03	+1.003e+04	+0.231
146.200	+8.369e+03	+3.017e+03	+9.790e+03	+0.265
146.300	+6.847e+03	+2.749e+03	+9.992e+03	+0.286
146.400	+4.768e+03	+5.116e+03	+1.022e+04	+0.518
146.500	+3.978e+03	+5.541e+03	+1.001e+04	+0.582
146.600	+5.139e+03	+5.047e+03	+9.231e+03	+0.496
146.700	+4.499e+03	+5.824e+03	+8.931e+03	+0.564
146.800	+4.498e+03	+4.876e+03	+9.884e+03	+0.520
146.900	+6.020e+03	+4.384e+03	+1.062e+04	+0.421
147.000	+7.000e+03	+5.648e+03	+1.004e+04	+0.447
147.100	+4.015e+03	+5.819e+03	+9.970e+03	+0.592
147.200	+4.815e+03	+5.295e+03	+9.898e+03	+0.524
147.300	+5.802e+03	+4.693e+03	+1.078e+04	+0.447
147.400	+3.974e+03	+4.560e+03	+9.543e+03	+0.534
147.500	+4.539e+03	+4.048e+03	+9.597e+03	+0.471
147.600	+4.644e+03	+4.960e+03	+9.143e+03	+0.516
147.700	+5.486e+03	+5.033e+03	+9.114e+03	+0.478
147.800	+7.299e+03	+2.367e+03	+1.015e+04	+0.245
147.900	+7.399e+03	+2.072e+03	+1.051e+04	+0.219
148.000	+8.626e+03	+1.178e+03	+1.013e+04	+0.120
148.100	+7.568e+03	+2.075e+03	+8.891e+03	+0.215
148.200	+7.256e+03	+4.444e+03	+9.043e+03	+0.380
148.300	+8.943e+03	+2.228e+03	+8.974e+03	+0.199
148.400	+7.552e+03	+2.073e+03	+1.021e+04	+0.215
148.500	+7.854e+03	+2.492e+03	+1.074e+04	+0.241
148.600	+7.262e+03	+3.885e+03	+1.041e+04	+0.348
148.700	+7.413e+03	+3.747e+03	+1.001e+04	+0.336
148.800	+7.324e+03	+3.573e+03	+9.338e+03	+0.328
148.900	+7.456e+03	+3.639e+03	+1.047e+04	+0.328
149.000	+7.617e+03	+2.038e+03	+8.960e+03	+0.211
149.100	+7.377e+03	+1.972e+03	+9.341e+03	+0.211
149.200	+7.511e+03	+2.359e+03	+1.088e+04	+0.239
149.300	+7.306e+03	+2.069e+03	+9.991e+03	+0.221
149.400	+8.153e+03	+2.038e+03	+9.486e+03	+0.200
149.500	+8.096e+03	+2.877e+03	+1.078e+04	+0.262
149.600	+6.728e+03	+2.281e+03	+1.078e+04	+0.253
149.700	+8.815e+03	+2.259e+03	+1.055e+04	+0.204
149.800	+6.470e+03	+3.029e+03	+1.030e+04	+0.319
149.900	+6.818e+03	+2.151e+03	+1.071e+04	+0.240
150.000	+7.155e+03	+2.422e+03	+9.694e+03	+0.253
150.100	+6.757e+03	+8.531e+02	+8.768e+03	+0.112
150.200	+7.065e+03	+2.512e+03	+9.062e+03	+0.262
150.300	+6.973e+03	+2.867e+03	+9.808e+03	+0.291
150.400	+8.369e+03	+3.668e+03	+9.948e+03	+0.305
150.500	+6.393e+03	+1.278e+03	+1.052e+04	+0.167
150.600	+7.570e+03	+2.114e+03	+1.019e+04	+0.218
150.700	+7.376e+03	+1.748e+03	+1.056e+04	+0.192
150.800	+7.729e+03	+2.459e+03	+8.344e+03	+0.241
150.900	+7.883e+03	+2.154e+03	+1.006e+04	+0.215
151.000	+7.815e+03	+2.416e+03	+9.795e+03	+0.236
151.100	+8.085e+03	+2.523e+03	+1.036e+04	+0.238
151.200	+7.105e+03	+3.317e+03	+1.084e+04	+0.318
151.300	+8.077e+03	+3.362e+03	+1.005e+04	+0.294
151.400	+8.934e+03	+2.397e+03	+1.029e+04	+0.212
151.500	+7.684e+03	+2.527e+03	+1.070e+04	+0.247
151.600	+7.752e+03	+1.591e+03	+9.721e+03	+0.170
151.700	+7.746e+03	+2.440e+03	+9.590e+03	+0.240
151.800	+7.340e+03	+1.961e+03	+1.012e+04	+0.211
151.900	+7.798e+03	+3.416e+03	+9.845e+03	+0.305
152.000	+8.442e+03	+2.822e+03	+9.943e+03	+0.251
152.100	+7.561e+03	+2.517e+03	+1.039e+04	+0.250
152.200	+8.050e+03	+1.976e+03	+1.028e+04	+0.197
152.300	+8.097e+03	+3.354e+03	+1.004e+04	+0.293
152.400	+7.402e+03	+3.749e+03	+1.067e+04	+0.336
152.500	+7.402e+03	+2.937e+03	+9.489e+03	+0.284
152.600	+8.667e+03	+2.019e+03	+1.023e+04	+0.189
152.700	+7.712e+03	+2.511e+03	+1.005e+04	+0.246
152.800	+7.328e+03	+2.248e+03	+9.717e+03	+0.235
152.900	+8.486e+03	+3.378e+03	+9.510e+03	+0.285
153.000	+8.128e+03	+1.955e+03	+1.064e+04	+0.194
153.100	+7.918e+03	+1.391e+03	+9.670e+03	+0.149
153.200	+7.836e+03	+2.287e+03	+1.044e+04	+0.226
153.300	+6.831e+03	+1.926e+03	+1.122e+04	+0.220
153.400	+8.097e+03	+4.142e+03	+1.051e+04	+0.338
153.500	+7.431e+03	+1.737e+03	+1.094e+04	+0.189
153.600	+7.088e+03	+3.576e+03	+8.745e+03	+0.335
153.700	+7.137e+03	+2.844e+03	+8.572e+03	+0.285
153.800	+5.537e+03	+1.667e+03	+9.184e+03	+0.231
153.900	+7.684e+03	+2.355e+03	+1.084e+04	+0.235
154.000	+9.588e+03	+1.930e+03	+9.287e+03	+0.168
154.100	+8.181e+03	+9.249e+02	+9.558e+03	+0.102
154.200	+8.144e+03	+2.767e+03	+9.227e+03	+0.254
154.300	+7.030e+03	+3.150e+03	+9.975e+03	+0.309
154.400	+6.517e+03	+2.903e+03	+1.079e+04	+0.308
154.500	+6.734e+03	+2.327e+03	+9.106e+03	+0.257
154.600	+7.673e+03	+3.720e+03	+1.061e+04	+0.327
154.700	+7.080e+03	+2.654e+03	+9.372e+03	+0.273
154.800	+8.463e+03	+2.658e+03	+1.004e+04	+0.239
154.900	+7.933e+03	+1.653e+03	+1.115e+04	+0.172
155.000	+7.792e+03	+1.971e+03	+9.108e+03	+0.202
155.100	+7.228e+03	+2.733e+03	+9.456e+03	+0.274
155.200	+7.472e+03	+3.166e+03	+1.123e+04	+0.298
155.300	+8.406e+03	+1.791e+03	+9.852e+03	+0.176
155.400	+6.675e+03	+4.148e+03	+1.014e+04	+0.383
155.500	+6.685e+03	+1.547e+03	+1.084e+04	+0.188
155.600	+6.916e+03	+2.242e+03	+9.058e+03	+0.245
155.700	+7.908e+03	+3.711e+03	+9.816e+03	+0.319
155.800	+8.424e+03	+3.262e+03	+1.044e+04	+0.279
155.900	+8.415e+03	+2.932e+03	+9.145e+03	+0.258
156.000	+7.607e+03	+4.090e+03	+9.701e+03	+0.350
156.100	+6.682e+03	+2.740e+03	+8.999e+03	+0.291
156.200	+7.845e+03	+2.776e+03	+1.027e+04	+0.261
156.300	+6.852e+03	+1.499e+03	+1.044e+04	+0.180
156.400	+6.703e+03	+2.411e+03	+1.104e+04	+0.265
156.500	+8.746e+03	+1.575e+03	+1.046e+04	+0.153
156.600	+7.516e+03	+2.795e+03	+1.087e+04	+0.271
156.700	+7.860e+03	+3.132e+03	+1.001e+04	+0.285
156.800	+8.489e+03	+1.622e+03	+9.963e+03	+0.160
156.900	+8.174e+03	+2.910e+03	+1.002e+04	+0.263
157.000	+8.617e+03	+2.534e+03	+9.967e+03	+0.227
157.100	+7.996e+03	+2.595e+03	+9.327e+03	+0.245
157.200	+7.122e+03	+3.168e+03	+1.039e+04	+0.308
157.300	+8.876e+03	+3.162e+03	+8.583e+03	+0.263
157.400	+7.519e+03	+1.895e+03	+9.173e+03	+0.201
157.500	+7.739e+03	+2.214e+03	+8.718e+03	+0.222
157.600	+7.207e+03	+3.639e+03	+1.001e+04	+0.336
157.700	+6.518e+03	+1.767e+03	+9.377e+03	+0.213
157.800	+5.956e+03	+1.393e+03	+1.102e+04	+0.189
157.900	+7.893e+03	+3.684e+03	+8.599e+03	+0.318
158.000	+8.051e+03	+2.805e+03	+9.090e+03	+0.258
158.100	+6.742e+03	+2.811e+03	+1.035e+04	+0.294
158.200	+7.605e+03	+1.570e+03	+1.050e+04	+0.171
158.300	+8.448e+03	+3.121e+03	+9.963e+03	+0.270
158.400	+8.135e+03	+2.953e+03	+9.557e+03	+0.266
158.500	+8.294e+03	+2.139e+03	+9.860e+03	+0.205
158.600	+7.502e+03	+2.618e+03	+9.986e+03	+0.259
158.700	+8.327e+03	+2.611e+03	+1.076e+04	+0.239
158.800	+6.755e+03	+1.691e+03	+9.993e+03	+0.200
158.900	+7.533e+03	+1.193e+03	+1.106e+04	+0.137
159.000	+8.474e+03	+3.327e+03	+9.911e+03	+0.282
159.100	+8.861e+03	+2.338e+03	+1.003e+04	+0.209
159.200	+6.440e+03	+3.531e+03	+1.025e+04	+0.354
159.300	+8.250e+03	+2.474e+03	+9.346e+03	+0.231
159.400	+8.010e+03	+2.814e+03	+9.859e+03	+0.260
159.500	+7.320e+03	+2.595e+03	+8.601e+03	+0.262
159.600	+7.379e+03	+1.609e+03	+9.909e+03	+0.179
159.700	+6.914e+03	+2.023e+03	+9.843e+03	+0.226
159.800	+6.451e+03	+2.111e+03	+1.026e+04	+0.247
159.900	+7.739e+03	+2.945e+03	+9.667e+03	+0.276
160.000	+6.091e+03	+3.657e+03	+9.911e+03	+0.375
160.100	+4.595e+03	+5.068e+03	+1.030e+04	+0.524
160.200	+4.724e+03	+5.642e+03	+9.882e+03	+0.544
160.300	+4.712e+03	+4.943e+03	+9.773e+03	+0.512
160.400	+5.385e+03	+4.813e+03	+1.040e+04	+0.472
160.500	+6.427e+03	+5.207e+03	+1.139e+04	+0.448
160.600	+4.712e+03	+5.072e+03	+1.099e+04	+0.518
160.700	+6.809e+03	+4.983e+03	+1.059e+04	+0.423
160.800	+5.301e+03	+4.512e+03	+9.243e+03	+0.460
160.900	+5.047e+03	+4.752e+03	+1.034e+04	+0.485
161.000	+4.796e+03	+5.201e+03	+1.083e+04	+0.520
161.100	+3.436e+03	+5.047e+03	+1.045e+04	+0.595
161.200	+5.094e+03	+4.963e+03	+1.056e+04	+0.493
161.300	+4.994e+03	+5.131e+03	+8.844e+03	+0.507
161.400	+3.963e+03	+5.059e+03	+9.766e+03	+0.561
161.500	+5.623e+03	+4.875e+03	+9.566e+03	+0.464
161.600	+6.211e+03	+5.053e+03	+8.315e+03	+0.449
161.700	+5.748e+03	+4.285e+03	+9.388e+03	+0.427
161.800	+5.495e+03	+4.814e+03	+9.598e+03	+0.467
161.900	+4.244e+03	+6.150e+03	+9.093e+03	+0.592
162.000	+9.553e+02	+8.612e+03	+1.053e+04	+0.900
162.100	+1.821e+03	+8.164e+03	+1.057e+04	+0.818
162.200	+3.938e+03	+8.823e+03	+1.042e+04	+0.691
162.300	+2.079e+03	+8.276e+03	+9.771e+03	+0.799
162.400	+1.838e+03	+8.588e+03	+1.042e+04	+0.824
162.500	+4.527e+02	+7.795e+03	+1.088e+04	+0.945
162.600	+2.430e+03	+8.484e+03	+1.056e+04	+0.777
162.700	+1.564e+03	+8.828e+03	+9.095e+03	+0.850
162.800	+1.613e+03	+8.730e+03	+9.861e+03	+0.844
162.900	+3.070e+03	+8.100e+03	+9.835e+03	+0.725
163.000	+2.308e+03	+7.990e+03	+1.079e+04	+0.776
163.100	+1.421e+03	+7.677e+03	+9.526e+03	+0.844
163.200	+2.845e+03	+8.744e+03	+1.010e+04	+0.755
163.300	+1.739e+03	+8.536e+03	+9.996e+03	+0.831
163.400	+1.604e+03	+7.255e+03	+9.868e+03	+0.819
163.500	+2.330e+03	+7.948e+03	+1.027e+04	+0.773
163.600	+2.581e+03	+8.442e+03	+9.603e+03	+0.766
163.700	+2.635e+03	+7.363e+03	+1.008e+04	+0.736
163.800	+1.613e+03	+8.322e+03	+1.121e+04	+0.838
163.900	+2.303e+03	+7.889e+03	+1.061e+04	+0.774
164.000	+3.857e+03	+5.545e+03	+9.820e+03	+0.590
164.100	+4.450e+03	+4.430e+03	+1.137e+04	+0.499
164.200	+4.979e+03	+4.799e+03	+1.005e+04	+0.491
164.300	+7.382e+03	+3.448e+03	+1.049e+04	+0.318
164.400	+5.219e+03	+4.641e+03	+9.553e+03	+0.471
164.500	+5.323e+03	+5.782e+03	+1.035e+04	+0.521
164.600	+5.890e+03	+5.877e+03	+9.757e+03	+0.499
164.700	+3.871e+03	+6.188e+03	+9.627e+03	+0.615
164.800	+5.333e+03	+5.005e+03	+1.128e+04	+0.484
164.900	+4.273e+03	+5.252e+03	+9.476e+03	+0.551
165.000	+5.303e+03	+6.793e+03	+1.019e+04	+0.562
165.100	+4.197e+03	+5.195e+03	+8.492e+03	+0.553
165.200	+4.428e+03	+4.487e+03	+1.049e+04	+0.503
165.300	+5.212e+03	+5.225e+03	+8.986e+03	+0.501
165.400	+4.840e+03	+5.550e+03	+1.028e+04	+0.534
165.500	+4.741e+03	+4.294e+03	+1.058e+04	+0.475
165.600	+6.596e+03	+3.547e+03	+1.045e+04	+0.350
165.700	+5.179e+03	+1.617e+03	+9.317e+03	+0.238
165.800	+7.283e+03	+3.159e+03	+9.160e+03	+0.303
165.900	+7.961e+03	+2.431e+03	+9.352e+03	+0.234
166.000	+7.554e+03	+2.823e+03	+8.804e+03	+0.272
166.100	+4.658e+03	+4.937e+03	+1.033e+04	+0.515
166.200	+5.317e+03	+4.540e+03	+9.355e+03	+0.461
166.300	+5.542e+03	+5.416e+03	+9.578e+03	+0.494
166.400	+4.445e+03	+4.596e+03	+9.477e+03	+0.508
166.500	+5.931e+03	+5.559e+03	+1.011e+04	+0.484
166.600	+5.147e+03	+4.902e+03	+9.649e+03	+0.488
166.700	+5.107e+03	+5.837e+03	+1.016e+04	+0.533
166.800	+4.086e+03	+4.385e+03	+1.111e+04	+0.518
166.900	+5.385e+03	+5.048e+03	+9.529e+03	+0.484
167.000	+5.009e+03	+4.423e+03	+9.855e+03	+0.469
167.100	+5.660e+03	+5.622e+03	+1.034e+04	+0.498
167.200	+4.194e+03	+5.484e+03	+9.659e+03	+0.567
167.300	+5.506e+03	+6.219e+03	+9.857e+03	+0.530
167.400	+4.983e+03	+4.019e+03	+1.176e+04	+0.446
167.500	+5.344e+03	+6.194e+03	+1.057e+04	+0.537
167.600	+5.548e+03	+6.150e+03	+9.168e+03	+0.526
167.700	+5.613e+03	+4.296e+03	+8.754e+03	+0.434
167.800	+6.217e+03	+5.208e+03	+9.901e+03	+0.456
167.900	+3.554e+03	+4.885e+03	+9.078e+03	+0.579
168.000	+5.246e+03	+4.866e+03	+1.032e+04	+0.481
168.100	+4.410e+03	+6.293e+03	+1.119e+04	+0.588
168.200	+4.488e+03	+4.734e+03	+9.942e+03	+0.513
168.300	+4.185e+03	+4.773e+03	+1.033e+04	+0.533
168.400	+4.962e+03	+3.603e+03	+8.736e+03	+0.421
168.500	+5.115e+03	+4.869e+03	+9.737e+03	+0.488
168.600	+5.416e+03	+4.272e+03	+1.015e+04	+0.441
168.700	+5.701e+03	+4.367e+03	+9.598e+03	+0.434
168.800	+4.475e+03	+4.762e+03	+9.481e+03	+0.516
168.900	+5.664e+03	+4.030e+03	+9.813e+03	+0.416
169.000	+4.400e+03	+4.061e+03	+1.035e+04	+0.480
169.100	+7.342e+03	+5.772e+03	+9.720e+03	+0.440
169.200	+5.286e+03	+4.561e+03	+8.646e+03	+0.463
169.300	+5.211e+03	+5.050e+03	+9.946e+03	+0.492
169.400	+4.323e+03	+5.777e+03	+1.006e+04	+0.572
169.500	+5.549e+03	+4.299e+03	+9.657e+03	+0.437
169.600	+5.184e+03	+6.381e+03	+9.779e+03	+0.552
169.700	+5.208e+03	+5.912e+03	+9.618e+03	+0.532
169.800	+5.487e+03	+4.084e+03	+9.671e+03	+0.427
169.900	+5.355e+03	+6.199e+03	+8.526e+03	+0.537
170.000	+4.571e+03	+4.596e+03	+9.853e+03	+0.501
170.100	+4.793e+03	+5.725e+03	+1.015e+04	+0.544
170.200	+5.065e+03	+5.294e+03	+8.424e+03	+0.511
170.300	+5.081e+03	+4.818e+03	+1.040e+04	+0.487
170.400	+3.981e+03	+5.848e+03	+9.098e+03	+0.595
170.500	+4.537e+03	+5.500e+03	+9.536e+03	+0.548
170.600	+4.908e+03	+4.656e+03	+9.400e+03	+0.487
170.700	+4.965e+03	+4.618e+03	+1.020e+04	+0.482
170.800	+5.777e+03	+4.473e+03	+1.074e+04	+0.436
170.900	+5.013e+03	+4.430e+03	+1.077e+04	+0.469
171.000	+2.661e+03	+6.436e+03	+1.032e+04	+0.707
171.100	+1.592e+03	+7.194e+03	+1.027e+04	+0.819
171.200	+3.340e+03	+8.755e+03	+1.001e+04	+0.724
171.300	+1.634e+03	+9.060e+03	+1.069e+04	+0.847
171.400	+1.639e+03	+7.028e+03	+8.838e+03	+0.811
171.500	+3.345e+03	+6.712e+03	+9.415e+03	+0.667
171.600	+2.274e+03	+7.183e+03	+1.029e+04	+0.760
171.700	+2.652e+03	+7.567e+03	+9.506e+03	+0.740
171.800	+2.784e+03	+7.885e+03	+9.294e+03	+0.739
171.900	+2.481e+03	+1.024e+04	+1.048e+04	+0.805
172.000	+1.527e+03	+9.486e+03	+1.126e+04	+0.861
172.100	+2.060e+03	+8.428e+03	+1.070e+04	+0.804
172.200	+2.704e+03	+7.348e+03	+1.049e+04	+0.731
172.300	+1.643e+03	+8.451e+03	+1.131e+04	+0.837
172.400	+3.291e+03	+8.329e+03	+1.068e+04	+0.717
172.500	+1.234e+03	+8.469e+03	+1.043e+04	+0.873
172.600	+3.410e+03	+9.891e+03	+1.080e+04	+0.744
172.700	+1.843e+03	+7.623e+03	+1.109e+04	+0.805
172.800	+1.987e+03	+8.619e+03	+9.637e+03	+0.813
172.900	+2.413e+03	+7.221e+03	+9.858e+03	+0.750
173.000	+1.617e+03	+7.967e+03	+9.536e+03	+0.831
173.100	+1.595e+03	+8.323e+03	+8.838e+03	+0.839
173.200	+2.460e+03	+7.895e+03	+1.058e+04	+0.762
173.300	+2.464e+03	+8.035e+03	+1.001e+04	+0.765
173.400	+1.580e+03	+7.252e+03	+9.688e+03	+0.821
173.500	+1.412e+03	+7.104e+03	+1.085e+04	+0.834
173.600	+2.528e+03	+8.251e+03	+9.518e+03	+0.765
173.700	+1.801e+03	+7.010e+03	+9.526e+03	+0.796
173.800	+4.482e+03	+4.893e+03	+9.763e+03	+0.522
173.900	+6.075e+03	+4.456e+03	+1.017e+04	+0.423
174.000	+6.403e+03	+3.911e+03	+9.045e+03	+0.379
174.100	+5.156e+03	+4.619e+03	+8.678e+03	+0.473
174.200	+4.754e+03	+4.966e+03	+1.006e+04	+0.511
174.300	+5.597e+03	+6.071e+03	+8.889e+03	+0.520
174.400	+4.567e+03	+4.392e+03	+1.020e+04	+0.490
174.500	+4.429e+03	+4.628e+03	+9.598e+03	+0.511
174.600	+4.774e+03	+4.116e+03	+1.056e+04	+0.463
174.700	+5.475e+03	+5.370e+03	+1.008e+04	+0.495
174.800	+5.511e+03	+4.583e+03	+9.295e+03	+0.454
174.900	+5.359e+03	+5.006e+03	+1.015e+04	+0.483
175.000	+4.940e+03	+4.875e+03	+1.075e+04	+0.497
175.100	+6.500e+03	+5.043e+03	+9.904e+03	+0.437
175.200	+5.051e+03	+4.882e+03	+1.038e+04	+0.492
175.300	+5.890e+03	+4.836e+03	+9.926e+03	+0.451
175.400	+4.121e+03	+5.052e+03	+9.362e+03	+0.551
175.500	+5.002e+03	+5.235e+03	+1.048e+04	+0.511
175.600	+5.155e+03	+3.713e+03	+9.944e+03	+0.419
175.700	+4.892e+03	+5.428e+03	+9.905e+03	+0.526
175.800	+5.497e+03	+4.644e+03	+1.026e+04	+0.458
175.900	+5.029e+03	+4.520e+03	+9.632e+03	+0.473
176.000	+4.055e+03	+6.256e+03	+1.065e+04	+0.607
176.100	+3.962e+03	+4.320e+03	+1.061e+04	+0.522
176.200	+5.824e+03	+5.676e+03	+1.004e+04	+0.494
176.300	+5.103e+03	+5.187e+03	+9.186e+03	+0.504
176.400	+2.202e+03	+8.664e+03	+9.304e+03	+0.797
176.500	+1.116e+03	+8.040e+03	+9.648e+03	+0.878
176.600	+1.688e+03	+7.500e+03	+1.004e+04	+0.816
176.700	+1.266e+03	+7.933e+03	+1.059e+04	+0.862
176.800	+2.552e+03	+7.790e+03	+1.019e+04	+0.753
176.900	+2.596e+03	+8.270e+03	+1.122e+04	+0.761
177.000	+1.960e+03	+8.072e+03	+1.007e+04	+0.805
177.100	+4.447e+03	+8.240e+03	+1.024e+04	+0.649
177.200	+1.624e+03	+7.800e+03	+8.843e+03	+0.828
177.300	+8.479e+02	+7.094e+03	+1.038e+04	+0.893
177.400	+2.422e+03	+7.826e+03	+8.419e+03	+0.764
177.500	+3.022e+03	+8.788e+03	+9.500e+03	+0.744
177.600	+1.838e+03	+8.076e+03	+8.616e+03	+0.815
177.700	+2.477e+03	+7.975e+03	+9.026e+03	+0.763
177.800	+1.495e+03	+6.630e+03	+1.046e+04	+0.816
177.900	+2.420e+03	+7.419e+03	+8.639e+03	+0.754
178.000	+2.786e+03	+8.027e+03	+9.199e+03	+0.742
178.100	+2.672e+03	+8.433e+03	+1.028e+04	+0.759
178.200	+1.510e+03	+8.089e+03	+1.001e+04	+0.843
178.300	+2.740e+03	+8.614e+03	+9.369e+03	+0.759
178.400	+4.474e+03	+8.957e+03	+1.038e+04	+0.667
178.500	+2.831e+03	+8.654e+03	+1.019e+04	+0.754
178.600	+1.959e+03	+7.664e+03	+1.057e+04	+0.796
178.700	+2.872e+03	+7.161e+03	+8.789e+03	+0.714
178.800	+4.472e+03	+3.807e+03	+9.831e+03	+0.460
178.900	+4.332e+03	+5.120e+03	+9.427e+03	+0.542
179.000	+4.776e+03	+5.882e+03	+9.149e+03	+0.552
179.100	+5.723e+03	+3.778e+03	+9.598e+03	+0.398
179.200	+5.280e+03	+4.526e+03	+9.014e+03	+0.462
179.300	+6.549e+03	+5.003e+03	+1.023e+04	+0.433
179.400	+6.065e+03	+5.986e+03	+9.741e+03	+0.497
179.500	+6.050e+03	+5.238e+03	+1.013e+04	+0.464
179.600	+4.558e+03	+4.589e+03	+1.038e+04	+0.502
179.700	+3.889e+03	+4.153e+03	+1.186e+04	+0.516
179.800	+5.561e+03	+4.369e+03	+1.019e+04	+0.440
179.900	+5.709e+03	+5.997e+03	+1.107e+04	+0.512
180.000	+5.786e+03	+4.928e+03	+9.541e+03	+0.460
180.100	+3.847e+03	+5.761e+03	+9.862e+03	+0.600
180.200	+6.140e+03	+4.812e+03	+1.031e+04	+0.439
180.300	+4.400e+03	+4.073e+03	+9.676e+03	+0.481
180.400	+5.539e+03	+6.093e+03	+1.096e+04	+0.524
180.500	+6.656e+03	+4.766e+03	+1.032e+04	+0.417
180.600	+3.583e+03	+5.502e+03	+1.048e+04	+0.606
180.700	+5.179e+03	+4.615e+03	+1.078e+04	+0.471
180.800	+2.833e+03	+4.043e+03	+9.791e+03	+0.588
180.900	+4.722e+03	+4.523e+03	+9.630e+03	+0.489
181.000	+4.983e+03	+4.943e+03	+9.964e+03	+0.498
181.100	+5.230e+03	+5.267e+03	+1.050e+04	+0.502
181.200	+3.728e+03	+7.128e+03	+9.976e+03	+0.657
181.300	+5.445e+03	+5.639e+03	+1.030e+04	+0.509
181.400	+5.040e+03	+5.173e+03	+9.701e+03	+0.507
181.500	+4.123e+03	+4.552e+03	+1.066e+04	+0.525
181.600	+3.938e+03	+6.430e+03	+1.020e+04	+0.620
181.700	+4.182e+03	+4.683e+03	+1.001e+04	+0.528
181.800	+4.947e+03	+4.933e+03	+1.022e+04	+0.499
181.900	+5.437e+03	+4.839e+03	+1.143e+04	+0.471
182.000	+5.238e+03	+5.137e+03	+1.008e+04	+0.495
182.100	+4.930e+03	+4.456e+03	+9.409e+03	+0.475
182.200	+4.750e+03	+4.411e+03	+1.077e+04	+0.481
182.300	+5.995e+03	+5.380e+03	+1.112e+04	+0.473
182.400	+4.322e+03	+4.881e+03	+1.061e+04	+0.530
182.500	+5.829e+03	+5.985e+03	+1.112e+04	+0.507
182.600	+3.271e+03	+3.999e+03	+9.902e+03	+0.550
182.700	+5.018e+03	+5.998e+03	+9.499e+03	+0.545
182.800	+4.738e+03	+4.363e+03	+1.034e+04	+0.479
182.900	+5.067e+03	+5.918e+03	+1.007e+04	+0.539
183.000	+5.499e+03	+4.881e+03	+9.727e+03	+0.470
183.100	+5.744e+03	+6.240e+03	+9.404e+03	+0.521
183.200	+4.589e+03	+4.386e+03	+9.783e+03	+0.489
183.300	+4.056e+03	+4.381e+03	+9.058e+03	+0.519
183.400	+4.782e+03	+4.181e+03	+8.892e+03	+0.466
183.500	+3.795e+03	+5.292e+03	+9.021e+03	+0.582
183.600	+4.795e+03	+3.855e+03	+9.632e+03	+0.446
183.700	+4.165e+03	+5.136e+03	+1.059e+04	+0.552
183.800	+5.293e+03	+4.027e+03	+9.919e+03	+0.432
183.900	+6.683e+03	+3.214e+03	+1.006e+04	+0.325
184.000	+7.445e+03	+3.360e+03	+9.803e+03	+0.311
184.100	+6.803e+03	+1.878e+03	+1.039e+04	+0.216
184.200	+7.910e+03	+1.726e+03	+1.009e+04	+0.179
184.300	+7.512e+03	+1.596e+03	+9.475e+03	+0.175
184.400	+8.199e+03	+2.607e+03	+9.428e+03	+0.241
184.500	+7.733e+03	+2.846e+03	+9.873e+03	+0.269
184.600	+7.072e+03	+2.519e+03	+1.050e+04	+0.263
184.700	+6.687e+03	+1.152e+03	+1.125e+04	+0.147
184.800	+6.773e+03	+1.959e+03	+1.053e+04	+0.224
184.900	+7.969e+03	+3.894e+03	+1.102e+04	+0.328
185.000	+7.759e+03	+3.836e+03	+9.417e+03	+0.331
185.100	+8.944e+03	+3.882e+03	+1.058e+04	+0.303
185.200	+7.752e+03	+3.439e+03	+9.186e+03	+0.307
185.300	+8.496e+03	+3.281e+03	+9.841e+03	+0.279
185.400	+6.891e+03	+1.762e+03	+9.400e+03	+0.204
185.500	+7.632e+03	+2.511e+03	+1.174e+04	+0.248
185.600	+7.257e+03	+1.550e+03	+1.012e+04	+0.176
185.700	+8.888e+03	+2.296e+03	+9.006e+03	+0.205
185.800	+7.328e+03	+1.756e+03	+1.047e+04	+0.193
185.900	+6.446e+03	+2.536e+03	+9.408e+03	+0.282
186.000	+7.968e+03	+4.121e+03	+9.569e+03	+0.341
186.100	+7.669e+03	+2.114e+03	+9.942e+03	+0.216
186.200	+7.168e+03	+2.165e+03	+9.962e+03	+0.232
186.300	+7.919e+03	+2.101e+03	+9.619e+03	+0.210
186.400	+7.567e+03	+3.016e+03	+9.294e+03	+0.285
186.500	+8.464e+03	+3.122e+03	+9.891e+03	+0.269
186.600	+7.278e+03	+1.703e+03	+9.924e+03	+0.190
186.700	+6.515e+03	+3.434e+03	+1.043e+04	+0.345
186.800	+6.893e+03	+2.086e+03	+9.883e+03	+0.232
186.900	+8.180e+03	+2.466e+03	+1.068e+04	+0.232
187.000	+9.407e+03	+1.526e+03	+9.377e+03	+0.140
187.100	+8.338e+03	+2.530e+03	+9.428e+03	+0.233
187.200	+6.930e+03	+8.953e+02	+1.023e+04	+0.114
187.300	+6.140e+03	+2.504e+03	+1.018e+04	+0.290
187.400	+6.091e+03	+4.858e+03	+1.052e+04	+0.444
187.500	+5.614e+03	+5.094e+03	+1.024e+04	+0.476
187.600	+5.725e+03	+5.395e+03	+9.964e+03	+0.485
187.700	+2.355e+03	+6.132e+03	+1.050e+04	+0.723
187.800	+2.517e+03	+8.900e+03	+1.041e+04	+0.780
187.900	+3.125e+03	+7.846e+03	+9.542e+03	+0.715
188.000	+2.419e+03	+8.220e+03	+9.855e+03	+0.773
188.100	+2.394e+03	+7.590e+03	+9.947e+03	+0.760
188.200	+2.157e+03	+7.928e+03	+9.759e+03	+0.786
188.300	+1.998e+03	+8.091e+03	+1.033e+04	+0.802
188.400	+3.847e+02	+7.183e+03	+9.248e+03	+0.949
188.500	+1.322e+03	+7.740e+03	+9.938e+03	+0.854
188.600	+1.757e+03	+8.265e+03	+9.305e+03	+0.825
188.700	+1.932e+03	+8.865e+03	+1.001e+04	+0.821
188.800	+1.353e+03	+8.049e+03	+1.066e+04	+0.856
188.900	+2.256e+03	+9.053e+03	+1.015e+04	+0.800
189.000	+6.052e+02	+7.866e+03	+1.103e+04	+0.929
189.100	+2.285e+03	+7.659e+03	+9.447e+03	+0.770
189.200	+1.638e+03	+7.413e+03	+8.008e+03	+0.819
189.300	+2.229e+03	+8.414e+03	+9.779e+03	+0.791
189.400	+4.016e+03	+5.955e+03	+9.966e+03	+0.597
189.500	+5.504e+03	+3.992e+03	+9.704e+03	+0.420
189.600	+5.101e+03	+5.131e+03	+9.665e+03	+0.501
189.700	+4.298e+03	+5.818e+03	+1.088e+04	+0.575
189.800	+5.076e+03	+4.798e+03	+1.115e+04	+0.486
189.900	+4.687e+03	+5.180e+03	+1.132e+04	+0.525
190.000	+4.314e+03	+4.772e+03	+1.008e+04	+0.525
190.100	+3.108e+03	+6.415e+03	+1.047e+04	+0.674
190.200	+1.093e+03	+6.805e+03	+1.066e+04	+0.862
190.300	+1.745e+03	+8.922e+03	+9.162e+03	+0.836
190.400	+1.477e+03	+8.260e+03	+1.076e+04	+0.848
190.500	+2.247e+03	+8.235e+03	+8.957e+03	+0.786
190.600	+1.680e+03	+8.792e+03	+1.102e+04	+0.840
190.700	+2.848e+03	+8.401e+03	+9.649e+03	+0.747
190.800	+1.337e+03	+8.959e+03	+1.127e+04	+0.870
190.900	+2.627e+03	+7.269e+03	+1.102e+04	+0.735
191.000	+2.592e+03	+7.859e+03	+9.264e+03	+0.752
191.100	+1.540e+03	+7.223e+03	+1.033e+04	+0.824
191.200	+4.385e+03	+6.426e+03	+1.063e+04	+0.594
191.300	+5.060e+03	+5.140e+03	+9.206e+03	+0.504
191.400	+4.534e+03	+5.682e+03	+1.096e+04	+0.556
191.500	+6.122e+03	+5.319e+03	+9.558e+03	+0.465
191.600	+5.714e+03	+5.029e+03	+9.966e+03	+0.468
191.700	+4.514e+03	+4.485e+03	+1.017e+04	+0.498
191.800	+4.612e+03	+5.599e+03	+1.051e+04	+0.548
191.900	+4.501e+03	+2.678e+03	+9.375e+03	+0.373
192.000	+4.698e+03	+4.846e+03	+1.015e+04	+0.508
192.100	+3.296e+03	+4.789e+03	+9.724e+03	+0.592
192.200	+5.665e+03	+5.005e+03	+1.058e+04	+0.469
192.300	+4.160e+03	+4.673e+03	+9.906e+03	+0.529
192.400	+3.977e+03	+5.466e+03	+1.040e+04	+0.579
192.500	+4.911e+03	+3.208e+03	+1.020e+04	+0.395
192.600	+5.798e+03	+3.721e+03	+9.700e+03	+0.391
192.700	+4.443e+03	+6.578e+03	+1.107e+04	+0.597
192.800	+5.706e+03	+4.355e+03	+1.107e+04	+0.433
192.900	+4.305e+03	+4.445e+03	+9.660e+03	+0.508
193.000	+2.921e+03	+5.169e+03	+9.006e+03	+0.639
193.100	+4.476e+03	+3.750e+03	+9.560e+03	+0.456
193.200	+4.611e+03	+5.237e+03	+1.059e+04	+0.532
193.300	+5.120e+03	+5.228e+03	+1.091e+04	+0.505
193.400	+5.220e+03	+5.139e+03	+1.063e+04	+0.496
193.500	+5.702e+03	+4.837e+03	+1.158e+04	+0.459
193.600	+4.101e+03	+4.903e+03	+9.490e+03	+0.545
193.700	+4.689e+03	+5.138e+03	+1.001e+04	+0.523
193.800	+5.977e+03	+4.375e+03	+9.314e+03	+0.423
193.900	+4.375e+03	+5.116e+03	+1.006e+04	+0.539
194.000	+5.904e+03	+4.244e+03	+1.028e+04	+0.418
194.100	+6.220e+03	+3.985e+03	+9.692e+03	+0.390
194.200	+6.943e+03	+2.741e+03	+9.880e+03	+0.283
194.300	+8.411e+03	+2.337e+03	+1.071e+04	+0.217
194.400	+7.891e+03	+1.835e+03	+9.518e+03	+0.189
194.500	+7.466e+03	+2.842e+03	+9.175e+03	+0.276
194.600	+7.263e+03	+1.096e+03	+1.112e+04	+0.131
194.700	+6.795e+03	+2.725e+03	+1.007e+04	+0.286
194.800	+8.343e+03	+1.939e+03	+9.577e+03	+0.189
194.900	+7.034e+03	+3.658e+03	+1.029e+04	+0.342
195.000	+6.104e+03	+3.230e+03	+9.792e+03	+0.346
195.100	+2.518e+03	+8.145e+03	+9.941e+03	+0.764
195.200	+2.714e+03	+9.038e+03	+9.757e+03	+0.769
195.300	+1.187e+03	+9.657e+03	+9.399e+03	+0.891
195.400	+2.308e+03	+8.566e+03	+1.051e+04	+0.788
195.500	+1.450e+03	+8.336e+03	+9.267e+03	+0.852
195.600	+2.743e+03	+7.592e+03	+1.026e+04	+0.735
195.700	+2.172e+03	+7.535e+03	+1.136e+04	+0.776
195.800	+2.684e+03	+7.974e+03	+9.316e+03	+0.748
195.900	+2.237e+03	+7.104e+03	+9.492e+03	+0.761
196.000	+2.404e+03	+8.169e+03	+1.007e+04	+0.773
196.100	+1.912e+03	+6.954e+03	+1.061e+04	+0.784
196.200	+2.172e+03	+8.670e+03	+1.027e+04	+0.800
196.300	+1.717e+03	+8.642e+03	+1.051e+04	+0.834
196.400	+6.558e+02	+8.516e+03	+9.612e+03	+0.928
196.500	+3.451e+03	+7.066e+03	+1.036e+04	+0.672
196.600	+5.546e+03	+3.671e+03	+9.631e+03	+0.398
196.700	+4.824e+03	+4.440e+03	+1.101e+04	+0.479
196.800	+4.746e+03	+5.387e+03	+9.796e+03	+0.532
196.900	+3.441e+03	+4.801e+03	+1.012e+04	+0.583
197.000	+5.406e+03	+4.936e+03	+1.003e+04	+0.477
197.100	+4.697e+03	+4.724e+03	+9.375e+03	+0.501
197.200	+4.898e+03	+5.254e+03	+1.112e+04	+0.518
197.300	+5.248e+03	+5.080e+03	+1.052e+04	+0.492
197.400	+5.178e+03	+4.583e+03	+1.095e+04	+0.469
197.500	+3.105e+03	+6.229e+03	+1.062e+04	+0.667
197.600	+2.040e+03	+8.768e+03	+9.797e+03	+0.811
197.700	+1.067e+03	+7.341e+03	+9.453e+03	+0.873
197.800	+1.435e+03	+8.204e+03	+9.620e+03	+0.851
197.900	+2.307e+03	+8.309e+03	+9.484e+03	+0.783
198.000	+3.113e+03	+7.802e+03	+1.035e+04	+0.715
198.100	+5.385e+03	+4.380e+03	+9.495e+03	+0.449
198.200	+6.701e+03	+4.857e+03	+9.796e+03	+0.420
198.300	+5.059e+03	+5.411e+03	+1.107e+04	+0.517
198.400	+5.599e+03	+4.941e+03	+1.017e+04	+0.469
198.500	+5.578e+03	+4.859e+03	+9.624e+03	+0.466
198.600	+5.530e+03	+5.153e+03	+1.060e+04	+0.482
198.700	+4.502e+03	+5.412e+03	+9.207e+03	+0.546
198.800	+4.925e+03	+4.250e+03	+8.795e+03	+0.463
198.900	+5.550e+03	+4.616e+03	+9.981e+03	+0.454
199.000	+6.118e+03	+4.911e+03	+1.018e+04	+0.445
199.100	+4.656e+03	+5.041e+03	+1.057e+04	+0.520
199.200	+5.400e+03	+5.272e+03	+8.935e+03	+0.494
199.300	+3.598e+03	+5.829e+03	+9.420e+03	+0.618
199.400	+5.380e+03	+5.265e+03	+1.129e+04	+0.495
199.500	+6.251e+03	+5.725e+03	+1.133e+04	+0.478
199.600	+4.957e+03	+4.851e+03	+9.862e+03	+0.495
199.700	+5.263e+03	+5.884e+03	+1.036e+04	+0.528
199.800	+5.222e+03	+4.778e+03	+8.934e+03	+0.478
