%t (s)	Idd (a.u.)	Ida (a.u.)	Iaa (a.u.)	FRET E
0.000	+8.442e+03	+1.824e+03	+1.102e+04	+0.178
0.100	+2.647e+03	+7.687e+03	+9.695e+03	+0.744
0.200	+2.710e+03	+7.453e+03	+9.913e+03	+0.733
0.300	+1.135e+03	+8.777e+03	+1.141e+04	+0.886
0.400	+1.820e+03	+7.700e+03	+8.733e+03	+0.809
0.500	+1.493e+03	+9.558e+03	+9.801e+03	+0.865
0.600	+1.863e+03	+9.064e+03	+1.012e+04	+0.830
0.700	+2.305e+03	+7.882e+03	+1.184e+04	+0.774
0.800	+1.304e+03	+7.377e+03	+1.070e+04	+0.850
0.900	+1.841e+03	+7.967e+03	+9.404e+03	+0.812
1.000	+3.023e+03	+7.842e+03	+8.711e+03	+0.722
1.100	+2.085e+03	+8.173e+03	+8.679e+03	+0.797
1.200	+2.209e+03	+9.015e+03	+9.966e+03	+0.803
1.300	+3.465e+03	+9.016e+03	+1.056e+04	+0.722
1.400	+1.663e+03	+8.414e+03	+9.418e+03	+0.835
1.500	+3.332e+03	+7.132e+03	+9.866e+03	+0.682
1.600	+3.283e+03	+6.318e+03	+9.950e+03	+0.658
1.700	+2.647e+03	+7.624e+03	+9.490e+03	+0.742
1.800	+7.821e+02	+7.962e+03	+1.113e+04	+0.911
1.900	+2.003e+03	+7.305e+03	+1.037e+04	+0.785
2.000	+1.486e+03	+7.061e+03	+9.902e+03	+0.826
2.100	+1.140e+03	+8.175e+03	+9.359e+03	+0.878
2.200	+2.661e+03	+8.438e+03	+1.119e+04	+0.760
2.300	+1.685e+03	+7.777e+03	+1.014e+04	+0.822
2.400	+8.497e+02	+8.063e+03	+1.075e+04	+0.905
2.500	+1.796e+03	+7.666e+03	+8.627e+03	+0.810
2.600	+2.037e+03	+7.753e+03	+9.843e+03	+0.792
2.700	+2.549e+03	+7.845e+03	+1.013e+04	+0.755
2.800	+2.218e+03	+7.938e+03	+9.102e+03	+0.782
2.900	+6.833e+02	+8.302e+03	+1.033e+04	+0.924
3.000	+2.578e+03	+7.784e+03	+8.908e+03	+0.751
3.100	+1.468e+03	+8.022e+03	+1.074e+04	+0.845
3.200	+2.502e+03	+8.350e+03	+1.016e+04	+0.769
3.300	+1.600e+03	+7.712e+03	+9.726e+03	+0.828
3.400	+2.390e+03	+8.655e+03	+1.023e+04	+0.784
3.500	+5.509e+02	+8.282e+03	+1.047e+04	+0.938
3.600	+1.323e+03	+7.164e+03	+9.697e+03	+0.844
3.700	+1.705e+03	+7.665e+03	+9.645e+03	+0.818
3.800	+3.111e+03	+7.587e+03	+1.050e+04	+0.709
3.900	+1.922e+03	+8.422e+03	+1.075e+04	+0.814
4.000	+9.311e+02	+8.459e+03	+1.036e+04	+0.901
4.100	+1.457e+03	+7.367e+03	+9.171e+03	+0.835
4.200	+2.003e+03	+8.343e+03	+1.030e+04	+0.806
4.300	+2.047e+03	+8.418e+03	+9.621e+03	+0.804
4.400	+2.150e+03	+7.818e+03	+9.105e+03	+0.784
4.500	+2.103e+03	+8.094e+03	+9.792e+03	+0.794
4.600	+2.721e+03	+7.867e+03	+1.240e+04	+0.743
4.700	+2.418e+03	+8.998e+03	+1.091e+04	+0.788
4.800	+1.948e+03	+7.185e+03	+1.012e+04	+0.787
4.900	+2.862e+03	+9.853e+03	+1.084e+04	+0.775
5.000	+1.721e+03	+7.937e+03	+1.045e+04	+0.822
5.100	+1.383e+03	+8.178e+03	+1.028e+04	+0.855
5.200	+2.063e+03	+8.161e+03	+1.013e+04	+0.798
5.300	+1.852e+03	+7.405e+03	+9.884e+03	+0.800
5.400	+2.281e+03	+8.126e+03	+1.013e+04	+0.781
5.500	+3.510e+02	+7.597e+03	+9.775e+03	+0.956
5.600	+2.265e+03	+7.809e+03	+1.065e+04	+0.775
5.700	+3.271e+03	+8.172e+03	+9.887e+03	+0.714
5.800	+2.693e+03	+7.921e+03	+9.918e+03	+0.746
5.900	+2.397e+02	+9.211e+03	+1.013e+04	+0.975
6.000	+2.711e+03	+7.771e+03	+9.200e+03	+0.741
6.100	+3.629e+03	+6.724e+03	+9.446e+03	+0.649
6.200	+6.466e+03	+3.072e+03	+9.654e+03	+0.322
6.300	+6.643e+03	+1.885e+03	+9.791e+03	+0.221
6.400	+8.174e+03	+3.432e+03	+8.168e+03	+0.296
6.500	+4.748e+03	+5.502e+03	+1.047e+04	+0.537
6.600	+4.108e+03	+3.960e+03	+8.950e+03	+0.491
6.700	+4.253e+03	+5.117e+03	+9.724e+03	+0.546
6.800	+5.440e+03	+4.930e+03	+1.030e+04	+0.475
6.900	+5.898e+03	+5.588e+03	+9.554e+03	+0.487
7.000	+5.743e+03	+5.336e+03	+1.034e+04	+0.482
7.100	+4.787e+03	+5.296e+03	+9.019e+03	+0.525
7.200	+4.580e+03	+4.825e+03	+8.351e+03	+0.513
7.300	+5.294e+03	+4.935e+03	+9.900e+03	+0.482
7.400	+5.429e+03	+3.479e+03	+9.607e+03	+0.390
7.500	+5.345e+03	+4.547e+03	+1.134e+04	+0.460
7.600	+2.477e+03	+8.604e+03	+1.100e+04	+0.777
7.700	+2.010e+03	+7.480e+03	+9.574e+03	+0.788
7.800	+1.997e+03	+7.175e+03	+9.435e+03	+0.782
7.900	+1.635e+03	+8.322e+03	+9.723e+03	+0.836
8.000	+2.228e+03	+7.003e+03	+1.057e+04	+0.759
8.100	+2.962e+03	+8.626e+03	+1.031e+04	+0.744
8.200	+2.787e+03	+8.378e+03	+9.027e+03	+0.750
8.300	+2.349e+03	+6.946e+03	+1.141e+04	+0.747
8.400	+2.033e+03	+6.679e+03	+1.054e+04	+0.767
8.500	+2.323e+03	+8.115e+03	+9.681e+03	+0.777
8.600	+3.323e+03	+7.569e+03	+9.503e+03	+0.695
8.700	+6.570e+03	+3.643e+03	+9.855e+03	+0.357
8.800	+6.760e+03	+3.349e+03	+9.983e+03	+0.331
8.900	+9.128e+03	+1.430e+03	+8.876e+03	+0.135
9.000	+4.999e+03	+4.166e+03	+9.832e+03	+0.455
9.100	+4.986e+03	+4.824e+03	+9.123e+03	+0.492
9.200	+4.928e+03	+6.182e+03	+9.796e+03	+0.556
9.300	+4.694e+03	+5.112e+03	+1.074e+04	+0.521
9.400	+5.404e+03	+4.673e+03	+1.054e+04	+0.464
9.500	+4.821e+03	+5.352e+03	+1.079e+04	+0.526
9.600	+4.404e+03	+3.833e+03	+8.490e+03	+0.465
9.700	+4.297e+03	+6.138e+03	+9.287e+03	+0.588
9.800	+5.153e+03	+5.976e+03	+1.080e+04	+0.537
9.900	+2.328e+03	+7.090e+03	+1.046e+04	+0.753
10.000	+3.417e+03	+6.883e+03	+9.828e+03	+0.668
10.100	+2.326e+02	+8.685e+03	+1.113e+04	+0.974
10.200	+2.010e+03	+8.346e+03	+9.895e+03	+0.806
10.300	+2.769e+03	+9.375e+03	+1.060e+04	+0.772
10.400	+1.251e+03	+7.231e+03	+9.951e+03	+0.853
10.500	+3.113e+03	+8.453e+03	+1.060e+04	+0.731
10.600	+1.981e+02	+8.568e+03	+9.099e+03	+0.977
10.700	+1.592e+03	+7.351e+03	+9.820e+03	+0.822
10.800	+2.376e+03	+6.539e+03	+1.008e+04	+0.733
10.900	+1.416e+03	+8.895e+03	+9.494e+03	+0.863
11.000	+1.816e+03	+7.089e+03	+1.094e+04	+0.796
11.100	+1.154e+03	+9.104e+03	+1.040e+04	+0.888
11.200	+3.917e+02	+6.980e+03	+9.489e+03	+0.947
11.300	+2.051e+03	+5.993e+03	+9.035e+03	+0.745
11.400	+2.210e+03	+7.550e+03	+1.012e+04	+0.774
11.500	+1.872e+03	+7.588e+03	+8.435e+03	+0.802
11.600	+2.400e+03	+7.222e+03	+1.092e+04	+0.751
11.700	+2.068e+03	+6.832e+03	+9.977e+03	+0.768
11.800	+2.465e+03	+7.898e+03	+9.675e+03	+0.762
11.900	+2.088e+03	+7.685e+03	+1.084e+04	+0.786
12.000	+6.595e+03	+4.985e+03	+1.160e+04	+0.430
12.100	+5.152e+03	+6.276e+03	+9.734e+03	+0.549
12.200	+3.532e+03	+5.005e+03	+9.949e+03	+0.586
12.300	+5.090e+03	+6.751e+03	+1.070e+04	+0.570
12.400	+4.335e+03	+4.448e+03	+9.513e+03	+0.506
12.500	+4.362e+03	+5.593e+03	+9.730e+03	+0.562
12.600	+5.180e+03	+4.123e+03	+9.807e+03	+0.443
12.700	+5.605e+03	+6.175e+03	+1.097e+04	+0.524
12.800	+4.621e+03	+4.656e+03	+9.118e+03	+0.502
12.900	+4.017e+03	+4.419e+03	+8.782e+03	+0.524
13.000	+3.792e+03	+5.577e+03	+9.107e+03	+0.595
13.100	+4.735e+03	+4.929e+03	+1.031e+04	+0.510
13.200	+4.764e+03	+4.759e+03	+9.377e+03	+0.500
13.300	+5.537e+03	+5.202e+03	+8.664e+03	+0.484
13.400	+5.290e+03	+5.195e+03	+9.332e+03	+0.495
13.500	+4.248e+03	+3.971e+03	+1.045e+04	+0.483
13.600	+6.091e+03	+4.830e+03	+1.070e+04	+0.442
13.700	+5.124e+03	+5.302e+03	+9.440e+03	+0.509
13.800	+5.332e+03	+5.156e+03	+9.151e+03	+0.492
13.900	+1.424e+03	+7.371e+03	+1.064e+04	+0.838
14.000	+2.154e+03	+7.758e+03	+9.504e+03	+0.783
14.100	+2.850e+03	+7.776e+03	+9.658e+03	+0.732
14.200	+4.158e+03	+5.187e+03	+1.061e+04	+0.555
14.300	+4.898e+03	+4.762e+03	+1.050e+04	+0.493
14.400	+4.901e+03	+4.574e+03	+9.842e+03	+0.483
14.500	+4.630e+03	+4.476e+03	+9.035e+03	+0.492
14.600	+4.228e+03	+5.983e+03	+9.366e+03	+0.586
14.700	+4.182e+03	+6.057e+03	+1.025e+04	+0.592
14.800	+4.727e+03	+5.203e+03	+9.548e+03	+0.524
14.900	+5.071e+03	+5.338e+03	+9.488e+03	+0.513
15.000	+4.675e+03	+5.876e+03	+9.160e+03	+0.557
15.100	+5.467e+03	+6.004e+03	+9.954e+03	+0.523
15.200	+4.359e+03	+5.817e+03	+1.056e+04	+0.572
15.300	+4.250e+03	+5.081e+03	+1.032e+04	+0.545
15.400	+4.945e+03	+3.964e+03	+1.036e+04	+0.445
15.500	+4.433e+03	+3.551e+03	+1.150e+04	+0.445
15.600	+5.070e+03	+4.497e+03	+9.220e+03	+0.470
15.700	+4.753e+03	+5.126e+03	+1.137e+04	+0.519
15.800	+4.563e+03	+4.283e+03	+1.040e+04	+0.484
15.900	+4.593e+03	+5.960e+03	+1.031e+04	+0.565
16.000	+5.621e+03	+4.721e+03	+1.078e+04	+0.456
16.100	+6.691e+03	+3.373e+03	+1.046e+04	+0.335
16.200	+4.509e+03	+5.214e+03	+1.044e+04	+0.536
16.300	+4.844e+03	+4.638e+03	+1.018e+04	+0.489
16.400	+5.344e+03	+4.282e+03	+9.911e+03	+0.445
16.500	+5.672e+03	+5.622e+03	+1.018e+04	+0.498
16.600	+4.959e+03	+3.448e+03	+9.937e+03	+0.410
16.700	+4.897e+03	+4.989e+03	+8.122e+03	+0.505
16.800	+5.432e+03	+5.364e+03	+1.013e+04	+0.497
16.900	+5.106e+03	+5.030e+03	+9.734e+03	+0.496
17.000	+5.560e+03	+5.471e+03	+1.008e+04	+0.496
17.100	+4.737e+03	+4.800e+03	+9.683e+03	+0.503
17.200	+5.297e+03	+5.823e+03	+1.065e+04	+0.524
17.300	+5.699e+03	+7.019e+03	+1.021e+04	+0.552
17.400	+6.586e+03	+4.432e+03	+9.858e+03	+0.402
17.500	+4.337e+03	+4.933e+03	+1.083e+04	+0.532
17.600	+5.618e+03	+4.863e+03	+9.562e+03	+0.464
17.700	+5.224e+03	+4.980e+03	+9.871e+03	+0.488
17.800	+6.069e+03	+4.862e+03	+1.057e+04	+0.445
17.900	+4.709e+03	+4.307e+03	+9.758e+03	+0.478
18.000	+4.262e+03	+3.312e+03	+9.572e+03	+0.437
18.100	+3.166e+03	+5.320e+03	+1.098e+04	+0.627
18.200	+5.977e+03	+5.360e+03	+1.047e+04	+0.473
18.300	+5.035e+03	+6.702e+03	+9.524e+03	+0.571
18.400	+5.426e+03	+5.710e+03	+9.454e+03	+0.513
18.500	+4.164e+03	+4.837e+03	+1.025e+04	+0.537
18.600	+4.168e+03	+4.630e+03	+9.069e+03	+0.526
18.700	+4.376e+03	+5.183e+03	+9.674e+03	+0.542
18.800	+4.252e+03	+5.521e+03	+9.271e+03	+0.565
18.900	+3.964e+03	+6.098e+03	+9.442e+03	+0.606
19.000	+4.613e+03	+4.739e+03	+9.898e+03	+0.507
19.100	+4.816e+03	+4.284e+03	+9.745e+03	+0.471
19.200	+5.851e+03	+4.878e+03	+1.017e+04	+0.455
19.300	+4.392e+03	+5.556e+03	+1.024e+04	+0.558
19.400	+4.750e+03	+3.853e+03	+1.100e+04	+0.448
19.500	+5.729e+03	+4.018e+03	+1.015e+04	+0.412
19.600	+5.363e+03	+5.241e+03	+1.052e+04	+0.494
19.700	+4.703e+03	+4.884e+03	+1.104e+04	+0.509
19.800	+4.112e+03	+5.507e+03	+1.047e+04	+0.573
19.900	+5.866e+03	+5.285e+03	+1.091e+04	+0.474
20.000	+5.304e+03	+5.373e+03	+1.025e+04	+0.503
20.100	+4.918e+03	+5.162e+03	+1.033e+04	+0.512
20.200	+5.210e+03	+5.523e+03	+1.056e+04	+0.515
20.300	+3.995e+03	+5.004e+03	+9.890e+03	+0.556
20.400	+5.372e+03	+5.219e+03	+9.487e+03	+0.493
20.500	+5.320e+03	+4.730e+03	+9.831e+03	+0.471
20.600	+5.700e+03	+5.046e+03	+8.926e+03	+0.470
20.700	+5.213e+03	+5.131e+03	+1.062e+04	+0.496
20.800	+4.788e+03	+4.337e+03	+1.076e+04	+0.475
20.900	+5.235e+03	+4.920e+03	+8.827e+03	+0.485
21.000	+5.911e+03	+5.467e+03	+9.824e+03	+0.480
21.100	+2.461e+03	+9.140e+03	+9.784e+03	+0.788
21.200	+2.284e+03	+8.263e+03	+1.000e+04	+0.783
21.300	+1.516e+03	+7.620e+03	+1.013e+04	+0.834
21.400	+9.641e+02	+7.143e+03	+9.098e+03	+0.881
21.500	+2.449e+03	+8.393e+03	+9.528e+03	+0.774
21.600	+2.826e+03	+8.679e+03	+9.821e+03	+0.754
21.700	+1.636e+03	+7.015e+03	+1.043e+04	+0.811
21.800	+1.817e+03	+9.115e+03	+1.038e+04	+0.834
21.900	+2.685e+03	+8.684e+03	+1.146e+04	+0.764
22.000	+2.890e+03	+8.115e+03	+9.579e+03	+0.737
22.100	+1.358e+03	+7.514e+03	+9.834e+03	+0.847
22.200	+1.226e+03	+7.491e+03	+9.437e+03	+0.859
22.300	+2.377e+03	+7.586e+03	+1.076e+04	+0.761
22.400	+2.471e+03	+8.240e+03	+1.037e+04	+0.769
22.500	+2.742e+03	+7.671e+03	+1.006e+04	+0.737
22.600	+8.151e+03	+2.145e+03	+1.013e+04	+0.208
22.700	+6.291e+03	+1.450e+03	+1.020e+04	+0.187
22.800	+6.054e+03	+2.066e+03	+8.769e+03	+0.254
22.900	+7.170e+03	+3.474e+03	+8.371e+03	+0.326
23.000	+7.452e+03	+2.500e+03	+1.041e+04	+0.251
23.100	+8.025e+03	+2.779e+03	+1.010e+04	+0.257
23.200	+7.144e+03	+2.899e+03	+8.886e+03	+0.289
23.300	+8.498e+03	+2.305e+03	+1.075e+04	+0.213
23.400	+7.633e+03	+1.235e+03	+1.077e+04	+0.139
23.500	+7.302e+03	+1.554e+03	+1.060e+04	+0.175
23.600	+9.080e+03	+1.017e+03	+9.179e+03	+0.101
23.700	+8.179e+03	+2.942e+03	+1.037e+04	+0.265
23.800	+7.584e+03	+2.631e+03	+1.017e+04	+0.258
23.900	+7.039e+03	+2.390e+03	+9.472e+03	+0.253
24.000	+7.870e+03	+2.082e+03	+9.825e+03	+0.209
24.100	+8.265e+03	+3.100e+03	+9.097e+03	+0.273
24.200	+7.276e+03	+2.832e+03	+9.551e+03	+0.280
24.300	+6.083e+03	+1.486e+03	+9.680e+03	+0.196
24.400	+8.183e+03	+3.535e+03	+9.133e+03	+0.302
24.500	+7.669e+03	+2.727e+03	+1.036e+04	+0.262
24.600	+7.244e+03	+2.032e+03	+1.055e+04	+0.219
24.700	+7.769e+03	+2.312e+03	+9.003e+03	+0.229
24.800	+8.160e+03	+1.632e+03	+8.524e+03	+0.167
24.900	+7.635e+03	+2.345e+03	+9.472e+03	+0.235
25.000	+8.119e+03	+3.104e+03	+9.822e+03	+0.277
25.100	+6.508e+03	+2.823e+03	+9.172e+03	+0.303
25.200	+6.624e+03	+2.302e+03	+1.038e+04	+0.258
25.300	+8.972e+03	+2.938e+03	+1.047e+04	+0.247
25.400	+8.614e+03	+2.432e+03	+9.275e+03	+0.220
25.500	+6.108e+03	+4.386e+03	+9.569e+03	+0.418
25.600	+4.841e+03	+4.075e+03	+9.354e+03	+0.457
25.700	+5.170e+03	+5.036e+03	+9.791e+03	+0.493
25.800	+5.928e+03	+4.409e+03	+9.836e+03	+0.427
25.900	+5.922e+03	+4.688e+03	+1.021e+04	+0.442
26.000	+3.944e+03	+6.090e+03	+1.017e+04	+0.607
26.100	+3.869e+03	+5.086e+03	+9.528e+03	+0.568
26.200	+5.358e+03	+4.023e+03	+1.120e+04	+0.429
26.300	+5.946e+03	+5.807e+03	+8.633e+03	+0.494
26.400	+4.769e+03	+4.682e+03	+9.582e+03	+0.495
26.500	+5.903e+03	+5.254e+03	+8.190e+03	+0.471
26.600	+5.471e+03	+2.885e+03	+9.672e+03	+0.345
26.700	+5.535e+03	+4.267e+03	+1.036e+04	+0.435
26.800	+4.846e+03	+5.284e+03	+8.976e+03	+0.522
26.900	+4.648e+03	+4.073e+03	+9.356e+03	+0.467
27.000	+5.922e+03	+4.825e+03	+1.045e+04	+0.449
27.100	+4.715e+03	+5.298e+03	+9.822e+03	+0.529
27.200	+5.140e+03	+5.687e+03	+1.096e+04	+0.525
27.300	+5.751e+03	+5.487e+03	+9.938e+03	+0.488
27.400	+4.791e+03	+5.533e+03	+9.566e+03	+0.536
27.500	+4.637e+03	+6.492e+03	+9.843e+03	+0.583
27.600	+5.091e+03	+4.543e+03	+9.675e+03	+0.472
27.700	+4.703e+03	+5.653e+03	+1.132e+04	+0.546
27.800	+5.674e+03	+4.426e+03	+1.054e+04	+0.438
27.900	+4.812e+03	+5.649e+03	+9.928e+03	+0.540
28.000	+6.100e+03	+3.498e+03	+9.378e+03	+0.364
28.100	+4.127e+03	+4.866e+03	+9.767e+03	+0.541
28.200	+4.764e+03	+5.635e+03	+1.023e+04	+0.542
28.300	+4.296e+03	+5.349e+03	+1.174e+04	+0.555
28.400	+4.054e+03	+4.545e+03	+9.489e+03	+0.529
28.500	+4.119e+03	+5.122e+03	+1.004e+04	+0.554
28.600	+4.400e+03	+4.376e+03	+1.070e+04	+0.499
28.700	+3.207e+03	+7.324e+03	+1.029e+04	+0.695
28.800	+1.044e+03	+7.814e+03	+1.027e+04	+0.882
28.900	+2.088e+03	+7.846e+03	+9.548e+03	+0.790
29.000	+2.473e+03	+8.016e+03	+1.025e+04	+0.764
29.100	+2.507e+03	+8.043e+03	+9.702e+03	+0.762
29.200	+2.272e+03	+8.154e+03	+9.868e+03	+0.782
29.300	+2.793e+03	+7.833e+03	+9.333e+03	+0.737
29.400	+2.338e+03	+7.918e+03	+1.034e+04	+0.772
29.500	+7.179e+02	+8.154e+03	+1.053e+04	+0.919
29.600	+4.562e+03	+5.842e+03	+1.003e+04	+0.561
29.700	+6.596e+03	+5.002e+03	+1.033e+04	+0.431
29.800	+3.604e+03	+5.180e+03	+1.070e+04	+0.590
29.900	+4.663e+03	+6.101e+03	+9.858e+03	+0.567
30.000	+5.473e+03	+5.754e+03	+8.648e+03	+0.513
30.100	+4.545e+03	+5.090e+03	+1.077e+04	+0.528
30.200	+4.657e+03	+5.501e+03	+9.585e+03	+0.542
30.300	+4.412e+03	+4.888e+03	+1.011e+04	+0.526
30.400	+5.589e+03	+4.987e+03	+8.929e+03	+0.472
30.500	+5.427e+03	+5.758e+03	+1.069e+04	+0.515
30.600	+4.629e+03	+3.939e+03	+9.700e+03	+0.460
30.700	+1.700e+03	+6.770e+03	+9.439e+03	+0.799
30.800	+2.756e+03	+9.575e+03	+9.333e+03	+0.776
30.900	+2.365e+03	+8.536e+03	+1.081e+04	+0.783
31.000	+3.014e+03	+7.666e+03	+1.007e+04	+0.718
31.100	+4.558e+03	+5.666e+03	+9.840e+03	+0.554
31.200	+6.070e+03	+4.683e+03	+9.239e+03	+0.435
31.300	+5.288e+03	+3.415e+03	+1.129e+04	+0.392
31.400	+4.474e+03	+5.521e+03	+9.490e+03	+0.552
31.500	+5.800e+03	+3.896e+03	+9.602e+03	+0.402
31.600	+5.276e+03	+5.015e+03	+9.341e+03	+0.487
31.700	+4.521e+03	+4.342e+03	+1.051e+04	+0.490
31.800	+5.672e+03	+3.779e+03	+9.129e+03	+0.400
31.900	+3.801e+03	+6.655e+03	+1.032e+04	+0.636
32.000	+5.613e+03	+5.708e+03	+1.043e+04	+0.504
32.100	+5.747e+03	+4.956e+03	+1.082e+04	+0.463
32.200	+5.665e+03	+4.454e+03	+8.887e+03	+0.440
32.300	+5.544e+03	+3.804e+03	+9.768e+03	+0.407
32.400	+6.381e+03	+3.461e+03	+1.061e+04	+0.352
32.500	+8.157e+03	+3.245e+03	+1.045e+04	+0.285
32.600	+7.454e+03	+8.317e+02	+9.288e+03	+0.100
32.700	+7.383e+03	+3.210e+03	+1.047e+04	+0.303
32.800	+7.526e+03	+2.881e+03	+1.076e+04	+0.277
32.900	+5.025e+03	+4.200e+03	+9.182e+03	+0.455
33.000	+4.500e+03	+3.835e+03	+9.577e+03	+0.460
33.100	+5.445e+03	+3.857e+03	+9.719e+03	+0.415
33.200	+5.253e+03	+5.831e+03	+9.826e+03	+0.526
33.300	+3.431e+03	+4.916e+03	+9.957e+03	+0.589
33.400	+4.636e+03	+4.010e+03	+1.069e+04	+0.464
33.500	+4.417e+03	+4.234e+03	+1.044e+04	+0.489
33.600	+4.936e+03	+6.450e+03	+9.861e+03	+0.566
33.700	+1.463e+03	+7.219e+03	+9.637e+03	+0.831
33.800	+1.769e+03	+8.725e+03	+9.593e+03	+0.831
33.900	+3.287e+03	+6.716e+03	+9.820e+03	+0.671
34.000	+4.042e+03	+6.244e+03	+1.149e+04	+0.607
34.100	+4.869e+03	+6.058e+03	+8.844e+03	+0.554
34.200	+3.771e+03	+4.899e+03	+8.992e+03	+0.565
34.300	+3.957e+03	+4.560e+03	+9.934e+03	+0.535
34.400	+5.437e+03	+4.491e+03	+1.043e+04	+0.452
34.500	+4.675e+03	+4.991e+03	+1.007e+04	+0.516
34.600	+4.897e+03	+4.789e+03	+1.019e+04	+0.494
34.700	+5.319e+03	+5.700e+03	+9.975e+03	+0.517
34.800	+5.563e+03	+5.044e+03	+9.865e+03	+0.476
34.900	+5.748e+03	+4.600e+03	+9.948e+03	+0.445
35.000	+5.085e+03	+5.011e+03	+1.083e+04	+0.496
35.100	+4.200e+03	+4.792e+03	+9.472e+03	+0.533
35.200	+3.691e+03	+5.209e+03	+1.048e+04	+0.585
35.300	+4.565e+03	+5.149e+03	+1.047e+04	+0.530
35.400	+5.693e+03	+5.070e+03	+1.033e+04	+0.471
35.500	+4.073e+03	+4.194e+03	+9.287e+03	+0.507
35.600	+5.148e+03	+4.742e+03	+8.909e+03	+0.479
35.700	+4.106e+03	+7.357e+03	+1.100e+04	+0.642
35.800	+2.072e+03	+8.778e+03	+1.025e+04	+0.809
35.900	+4.118e+03	+7.805e+03	+1.027e+04	+0.655
36.000	+1.668e+03	+7.723e+03	+9.366e+03	+0.822
36.100	+1.585e+03	+9.159e+03	+1.016e+04	+0.852
36.200	+1.953e+03	+7.466e+03	+1.087e+04	+0.793
36.300	+3.526e+03	+8.189e+03	+1.037e+04	+0.699
36.400	+2.876e+03	+8.339e+03	+1.047e+04	+0.744
36.500	+2.098e+03	+9.230e+03	+1.010e+04	+0.815
36.600	+2.397e+03	+7.387e+03	+1.057e+04	+0.755
36.700	+3.216e+03	+6.867e+03	+9.890e+03	+0.681
36.800	+6.738e+03	+3.129e+03	+1.084e+04	+0.317
36.900	+7.252e+03	+3.232e+03	+9.227e+03	+0.308
37.000	+8.051e+03	+1.523e+03	+9.569e+03	+0.159
37.100	+7.209e+03	+2.617e+03	+9.295e+03	+0.266
37.200	+8.330e+03	+2.135e+03	+1.053e+04	+0.204
37.300	+7.105e+03	+3.280e+03	+9.772e+03	+0.316
37.400	+6.765e+03	+2.279e+03	+9.071e+03	+0.252
37.500	+7.837e+03	+2.852e+03	+1.066e+04	+0.267
37.600	+6.944e+03	+2.755e+03	+1.084e+04	+0.284
37.700	+9.154e+03	+2.185e+03	+1.021e+04	+0.193
37.800	+7.494e+03	+2.305e+03	+1.028e+04	+0.235
37.900	+7.154e+03	+2.883e+03	+9.888e+03	+0.287
38.000	+7.453e+03	+1.798e+03	+9.496e+03	+0.194
38.100	+7.132e+03	+1.975e+03	+1.065e+04	+0.217
38.200	+7.334e+03	+1.663e+03	+1.053e+04	+0.185
38.300	+6.824e+03	+2.411e+03	+9.044e+03	+0.261
38.400	+6.564e+03	+2.385e+03	+1.083e+04	+0.267
38.500	+7.992e+03	+2.058e+03	+9.949e+03	+0.205
38.600	+6.483e+03	+3.558e+03	+9.854e+03	+0.354
38.700	+7.724e+03	+2.231e+03	+9.857e+03	+0.224
38.800	+7.566e+03	+1.439e+03	+9.873e+03	+0.160
38.900	+7.371e+03	+1.874e+03	+9.080e+03	+0.203
39.000	+8.072e+03	+3.051e+03	+9.462e+03	+0.274
39.100	+7.038e+03	+3.723e+03	+8.828e+03	+0.346
39.200	+6.582e+03	+1.280e+03	+1.112e+04	+0.163
39.300	+7.917e+03	+1.945e+03	+9.733e+03	+0.197
39.400	+6.396e+03	+1.483e+03	+1.112e+04	+0.188
39.500	+7.703e+03	+3.027e+03	+1.040e+04	+0.282
39.600	+6.733e+03	+2.178e+03	+1.007e+04	+0.244
39.700	+7.769e+03	+2.851e+03	+8.976e+03	+0.268
39.800	+7.011e+03	+2.187e+03	+8.989e+03	+0.238
39.900	+8.273e+03	+2.853e+03	+9.829e+03	+0.256
40.000	+6.902e+03	+2.203e+03	+9.504e+03	+0.242
40.100	+8.451e+03	+2.533e+03	+8.987e+03	+0.231
40.200	+7.645e+03	+2.843e+03	+8.896e+03	+0.271
40.300	+8.777e+03	+2.725e+03	+1.018e+04	+0.237
40.400	+8.754e+03	+2.658e+03	+9.784e+03	+0.233
40.500	+6.605e+03	+3.066e+03	+1.106e+04	+0.317
40.600	+8.671e+03	+1.843e+03	+8.935e+03	+0.175
40.700	+8.398e+03	+1.857e+03	+1.016e+04	+0.181
40.800	+7.705e+03	+2.647e+03	+9.808e+03	+0.256
40.900	+7.880e+03	+3.927e+03	+8.304e+03	+0.333
41.000	+6.357e+03	+1.430e+03	+9.809e+03	+0.184
41.100	+6.481e+03	+1.880e+03	+9.807e+03	+0.225
41.200	+8.774e+03	+1.698e+03	+1.019e+04	+0.162
41.300	+7.090e+03	+2.778e+03	+8.552e+03	+0.282
41.400	+7.099e+03	+3.241e+03	+8.558e+03	+0.313
41.500	+8.088e+03	+2.329e+03	+1.035e+04	+0.224
41.600	+7.331e+03	+3.751e+03	+1.035e+04	+0.338
41.700	+6.955e+03	+2.981e+03	+9.102e+03	+0.300
41.800	+7.513e+03	+2.114e+03	+9.766e+03	+0.220
41.900	+7.890e+03	+2.934e+03	+1.042e+04	+0.271
42.000	+7.003e+03	+1.684e+03	+1.007e+04	+0.194
42.100	+7.801e+03	+1.980e+03	+1.017e+04	+0.202
42.200	+7.675e+03	+3.083e+03	+1.083e+04	+0.287
42.300	+7.009e+03	+1.548e+03	+1.164e+04	+0.181
42.400	+7.477e+03	+2.823e+03	+1.005e+04	+0.274
42.500	+7.964e+03	+3.336e+03	+9.864e+03	+0.295
42.600	+7.913e+03	+2.594e+03	+9.991e+03	+0.247
42.700	+7.727e+03	+2.952e+03	+9.814e+03	+0.276
42.800	+5.835e+03	+3.982e+03	+1.047e+04	+0.406
42.900	+4.549e+03	+4.846e+03	+1.034e+04	+0.516
43.000	+4.651e+03	+4.598e+03	+9.966e+03	+0.497
43.100	+3.577e+03	+5.558e+03	+1.024e+04	+0.608
43.200	+3.988e+03	+4.682e+03	+1.026e+04	+0.540
43.300	+5.299e+03	+5.808e+03	+9.579e+03	+0.523
43.400	+5.164e+03	+4.756e+03	+1.041e+04	+0.479
43.500	+5.928e+03	+4.917e+03	+9.996e+03	+0.453
43.600	+4.654e+03	+4.726e+03	+1.078e+04	+0.504
43.700	+5.662e+03	+4.607e+03	+1.113e+04	+0.449
43.800	+5.612e+03	+4.815e+03	+1.011e+04	+0.462
43.900	+5.609e+03	+4.322e+03	+9.479e+03	+0.435
44.000	+4.471e+03	+4.098e+03	+9.361e+03	+0.478
44.100	+5.030e+03	+5.338e+03	+9.724e+03	+0.515
44.200	+4.689e+03	+4.987e+03	+1.043e+04	+0.515
44.300	+2.060e+03	+7.838e+03	+9.634e+03	+0.792
44.400	+8.910e+02	+8.246e+03	+1.060e+04	+0.902
44.500	+1.624e+03	+7.682e+03	+1.023e+04	+0.826
44.600	+1.454e+03	+7.643e+03	+9.857e+03	+0.840
44.700	+1.967e+03	+8.486e+03	+9.955e+03	+0.812
44.800	+2.292e+03	+7.138e+03	+1.066e+04	+0.757
44.900	+2.656e+03	+7.053e+03	+8.107e+03	+0.726
45.000	+1.354e+03	+6.831e+03	+1.115e+04	+0.835
45.100	+3.840e+03	+7.961e+03	+9.326e+03	+0.675
45.200	+1.065e+03	+8.285e+03	+1.035e+04	+0.886
45.300	+1.949e+03	+7.884e+03	+1.047e+04	+0.802
45.400	+1.856e+03	+6.683e+03	+1.038e+04	+0.783
45.500	+1.802e+03	+7.541e+03	+1.051e+04	+0.807
45.600	+2.446e+03	+7.074e+03	+1.059e+04	+0.743
45.700	+2.455e+03	+7.844e+03	+1.128e+04	+0.762
45.800	+2.326e+03	+7.493e+03	+1.011e+04	+0.763
45.900	+1.889e+03	+7.783e+03	+9.359e+03	+0.805
46.000	+1.775e+03	+6.382e+03	+1.089e+04	+0.782
46.100	+3.310e+03	+7.811e+03	+8.951e+03	+0.702
46.200	+1.215e+03	+8.311e+03	+9.985e+03	+0.872
46.300	+1.118e+03	+8.474e+03	+9.039e+03	+0.883
46.400	+2.487e+03	+7.397e+03	+9.189e+03	+0.748
46.500	+2.419e+03	+8.148e+03	+9.652e+03	+0.771
46.600	+7.814e+02	+8.050e+03	+1.092e+04	+0.912
46.700	+1.949e+03	+8.516e+03	+1.097e+04	+0.814
46.800	+2.269e+02	+8.870e+03	+1.056e+04	+0.975
46.900	+1.838e+03	+7.023e+03	+9.955e+03	+0.793
47.000	+1.435e+03	+8.051e+03	+1.018e+04	+0.849
47.100	+1.661e+03	+7.890e+03	+1.061e+04	+0.826
47.200	+2.041e+03	+8.337e+03	+1.050e+04	+0.803
47.300	+2.738e+03	+8.255e+03	+9.664e+03	+0.751
47.400	+2.075e+03	+7.552e+03	+9.148e+03	+0.784
47.500	+9.638e+02	+8.932e+03	+9.520e+03	+0.903
47.600	+2.724e+03	+7.398e+03	+9.510e+03	+0.731
47.700	+3.020e+03	+7.764e+03	+8.710e+03	+0.720
47.800	+1.922e+03	+7.236e+03	+1.011e+04	+0.790
47.900	+2.250e+03	+8.458e+03	+1.042e+04	+0.790
48.000	+2.835e+03	+8.500e+03	+9.589e+03	+0.750
48.100	+2.137e+03	+7.926e+03	+1.037e+04	+0.788
48.200	+1.648e+03	+8.132e+03	+1.049e+04	+0.832
48.300	+1.583e+03	+7.860e+03	+9.753e+03	+0.832
48.400	+1.975e+03	+7.518e+03	+1.016e+04	+0.792
48.500	+2.027e+03	+9.039e+03	+1.004e+04	+0.817
48.600	+2.062e+03	+7.857e+03	+1.080e+04	+0.792
48.700	+2.595e+03	+8.633e+03	+1.049e+04	+0.769
48.800	+1.755e+03	+8.045e+03	+9.784e+03	+0.821
48.900	+1.720e+03	+7.427e+03	+1.003e+04	+0.812
49.000	+2.055e+03	+8.646e+03	+1.051e+04	+0.808
49.100	+1.533e+03	+8.074e+03	+9.887e+03	+0.840
49.200	+1.525e+03	+7.639e+03	+1.054e+04	+0.834
49.300	+2.114e+03	+7.692e+03	+1.045e+04	+0.784
49.400	+2.106e+03	+6.907e+03	+1.066e+04	+0.766
49.500	+1.711e+03	+7.575e+03	+1.033e+04	+0.816
49.600	+2.268e+03	+7.941e+03	+9.953e+03	+0.778
49.700	+1.426e+03	+8.413e+03	+9.955e+03	+0.855
49.800	+3.024e+03	+7.119e+03	+1.020e+04	+0.702
49.900	+2.234e+03	+8.201e+03	+1.014e+04	+0.786
50.000	+3.029e+03	+7.019e+03	+1.082e+04	+0.699
50.100	+2.947e+03	+7.522e+03	+9.890e+03	+0.719
50.200	+1.822e+03	+8.160e+03	+9.062e+03	+0.817
50.300	+1.811e+03	+7.840e+03	+1.035e+04	+0.812
50.400	+1.669e+03	+8.225e+03	+9.815e+03	+0.831
50.500	+4.432e+02	+7.666e+03	+9.948e+03	+0.945
50.600	+4.728e+02	+7.737e+03	+1.040e+04	+0.942
50.700	+4.022e+03	+7.448e+03	+1.116e+04	+0.649
50.800	+7.422e+02	+8.276e+03	+9.854e+03	+0.918
50.900	+2.494e+03	+7.685e+03	+9.971e+03	+0.755
51.000	+2.827e+03	+7.221e+03	+1.057e+04	+0.719
51.100	+2.537e+03	+8.061e+03	+1.101e+04	+0.761
51.200	+1.483e+03	+8.474e+03	+9.788e+03	+0.851
51.300	+2.469e+02	+9.302e+03	+1.082e+04	+0.974
51.400	+1.910e+03	+8.239e+03	+8.856e+03	+0.812
51.500	+2.147e+03	+7.517e+03	+1.149e+04	+0.778
51.600	-1.447e+02	+7.796e+03	+9.186e+03	+1.019
51.700	+3.537e+03	+7.867e+03	+1.025e+04	+0.690
51.800	+2.626e+03	+8.382e+03	+9.675e+03	+0.761
51.900	+2.860e+03	+7.855e+03	+9.209e+03	+0.733
52.000	+2.876e+03	+7.696e+03	+8.685e+03	+0.728
52.100	+2.166e+03	+7.031e+03	+9.843e+03	+0.765
52.200	+2.372e+03	+8.447e+03	+9.826e+03	+0.781
52.300	+1.845e+03	+8.008e+03	+9.048e+03	+0.813
52.400	+1.772e+03	+9.460e+03	+8.999e+03	+0.842
52.500	+2.456e+03	+9.139e+03	+1.129e+04	+0.788
52.600	+1.922e+03	+8.086e+03	+1.013e+04	+0.808
52.700	+1.752e+03	+8.173e+03	+8.881e+03	+0.823
52.800	+3.251e+03	+8.796e+03	+9.965e+03	+0.730
52.900	+2.944e+03	+7.443e+03	+9.690e+03	+0.717
53.000	+2.133e+03	+6.973e+03	+9.247e+03	+0.766
53.100	+1.795e+03	+8.496e+03	+1.132e+04	+0.826
53.200	+2.167e+03	+7.793e+03	+9.069e+03	+0.782
53.300	+2.362e+03	+8.360e+03	+1.090e+04	+0.780
53.400	+1.928e+03	+8.349e+03	+9.601e+03	+0.812
53.500	+2.140e+03	+8.037e+03	+8.800e+03	+0.790
53.600	+1.444e+03	+8.761e+03	+9.496e+03	+0.858
53.700	+1.952e+03	+7.480e+03	+1.027e+04	+0.793
53.800	+1.377e+03	+7.613e+03	+1.004e+04	+0.847
53.900	+2.656e+03	+7.526e+03	+9.330e+03	+0.739
54.000	+6.552e+03	+3.311e+03	+1.052e+04	+0.336
54.100	+7.282e+03	+2.454e+03	+8.027e+03	+0.252
54.200	+7.498e+03	+2.199e+03	+1.043e+04	+0.227
54.300	+7.285e+03	+2.862e+03	+9.358e+03	+0.282
54.400	+6.973e+03	+1.972e+03	+1.117e+04	+0.220
54.500	+7.748e+03	+1.164e+03	+1.023e+04	+0.131
54.600	+6.076e+03	+2.872e+03	+9.387e+03	+0.321
54.700	+7.389e+03	+3.160e+03	+1.090e+04	+0.300
54.800	+7.540e+03	+1.646e+03	+8.837e+03	+0.179
54.900	+7.498e+03	+2.774e+03	+1.090e+04	+0.270
55.000	+8.250e+03	+2.250e+03	+1.147e+04	+0.214
55.100	+8.639e+03	+3.530e+03	+1.025e+04	+0.290
55.200	+8.675e+03	+2.306e+03	+1.057e+04	+0.210
55.300	+7.782e+03	+1.918e+03	+1.131e+04	+0.198
55.400	+7.834e+03	+3.011e+03	+9.753e+03	+0.278
55.500	+6.942e+03	+4.377e+03	+1.151e+04	+0.387
55.600	+6.406e+03	+3.449e+03	+1.090e+04	+0.350
55.700	+7.099e+03	+2.617e+03	+9.387e+03	+0.269
55.800	+7.496e+03	+3.200e+03	+9.649e+03	+0.299
55.900	+7.738e+03	+3.102e+03	+1.074e+04	+0.286
56.000	+6.563e+03	+2.759e+03	+9.691e+03	+0.296
56.100	+7.191e+03	+1.413e+03	+9.433e+03	+0.164
56.200	+6.969e+03	+2.734e+03	+9.832e+03	+0.282
56.300	+6.779e+03	+1.636e+03	+1.030e+04	+0.194
56.400	+5.295e+03	+4.776e+03	+9.444e+03	+0.474
56.500	+5.264e+03	+5.414e+03	+9.841e+03	+0.507
56.600	+5.637e+03	+5.013e+03	+1.000e+04	+0.471
56.700	+4.834e+03	+5.716e+03	+1.052e+04	+0.542
56.800	+4.007e+03	+4.128e+03	+9.524e+03	+0.507
56.900	+4.824e+03	+5.523e+03	+1.015e+04	+0.534
57.000	+4.824e+03	+5.797e+03	+9.683e+03	+0.546
57.100	+5.389e+03	+5.844e+03	+1.044e+04	+0.520
57.200	+4.650e+03	+4.458e+03	+9.804e+03	+0.489
57.300	+6.078e+03	+4.033e+03	+1.004e+04	+0.399
57.400	+5.280e+03	+4.709e+03	+1.120e+04	+0.471
57.500	+4.564e+03	+4.674e+03	+9.227e+03	+0.506
57.600	+4.460e+03	+5.397e+03	+9.637e+03	+0.548
57.700	+4.540e+03	+4.354e+03	+1.076e+04	+0.490
57.800	+4.239e+03	+5.516e+03	+1.071e+04	+0.565
57.900	+5.725e+03	+4.037e+03	+9.504e+03	+0.413
58.000	+5.400e+03	+6.077e+03	+9.446e+03	+0.529
58.100	+5.029e+03	+5.505e+03	+1.034e+04	+0.523
58.200	+4.222e+03	+5.349e+03	+9.166e+03	+0.559
58.300	+4.788e+03	+4.550e+03	+1.112e+04	+0.487
58.400	+6.076e+03	+5.804e+03	+8.535e+03	+0.489
58.500	+4.957e+03	+5.930e+03	+1.019e+04	+0.545
58.600	+4.229e+03	+4.259e+03	+9.611e+03	+0.502
58.700	+4.525e+03	+4.287e+03	+8.813e+03	+0.486
58.800	+5.499e+03	+4.833e+03	+1.088e+04	+0.468
58.900	+4.505e+03	+4.354e+03	+9.620e+03	+0.491
59.000	+4.928e+03	+4.840e+03	+9.217e+03	+0.495
59.100	+5.213e+03	+5.149e+03	+1.062e+04	+0.497
59.200	+4.560e+03	+3.993e+03	+9.193e+03	+0.467
59.300	+1.824e+03	+7.324e+03	+9.371e+03	+0.801
59.400	+2.254e+03	+7.438e+03	+9.896e+03	+0.767
59.500	+1.510e+03	+7.467e+03	+1.065e+04	+0.832
59.600	+1.231e+03	+8.937e+03	+9.678e+03	+0.879
59.700	+1.660e+03	+9.330e+03	+1.032e+04	+0.849
59.800	+3.153e+03	+7.875e+03	+1.011e+04	+0.714
59.900	+4.667e+03	+5.811e+03	+9.951e+03	+0.555
60.000	+5.014e+03	+3.878e+03	+9.764e+03	+0.436
60.100	+4.790e+03	+4.625e+03	+1.054e+04	+0.491
60.200	+4.648e+03	+4.664e+03	+1.115e+04	+0.501
60.300	+5.276e+03	+5.063e+03	+9.048e+03	+0.490
60.400	+5.535e+03	+5.085e+03	+9.939e+03	+0.479
60.500	+3.060e+03	+5.548e+03	+1.116e+04	+0.645
60.600	+5.398e+03	+5.118e+03	+1.081e+04	+0.487
60.700	+5.273e+03	+5.037e+03	+9.942e+03	+0.489
60.800	+5.956e+03	+5.322e+03	+9.730e+03	+0.472
60.900	+5.738e+03	+5.365e+03	+9.925e+03	+0.483
61.000	+5.352e+03	+5.441e+03	+9.860e+03	+0.504
61.100	+5.056e+03	+5.777e+03	+1.009e+04	+0.533
61.200	+5.707e+03	+4.979e+03	+1.054e+04	+0.466
61.300	+5.034e+03	+4.331e+03	+1.066e+04	+0.462
61.400	+6.344e+03	+4.863e+03	+9.239e+03	+0.434
61.500	+6.247e+03	+4.129e+03	+1.023e+04	+0.398
61.600	+5.015e+03	+5.574e+03	+9.366e+03	+0.526
61.700	+4.226e+03	+6.306e+03	+9.966e+03	+0.599
61.800	+3.784e+03	+5.833e+03	+1.011e+04	+0.607
61.900	+4.866e+03	+4.493e+03	+1.064e+04	+0.480
62.000	+4.918e+03	+4.559e+03	+9.784e+03	+0.481
62.100	+5.718e+03	+4.746e+03	+1.081e+04	+0.454
62.200	+5.004e+03	+5.176e+03	+1.011e+04	+0.508
62.300	+5.986e+03	+4.374e+03	+9.439e+03	+0.422
62.400	+6.642e+03	+5.167e+03	+9.980e+03	+0.438
62.500	+3.647e+03	+4.564e+03	+1.138e+04	+0.556
62.600	+5.094e+03	+4.812e+03	+1.062e+04	+0.486
62.700	+4.987e+03	+6.698e+03	+1.164e+04	+0.573
62.800	+4.262e+03	+4.798e+03	+8.530e+03	+0.530
62.900	+5.283e+03	+5.746e+03	+1.015e+04	+0.521
63.000	+4.536e+03	+4.430e+03	+1.058e+04	+0.494
63.100	+5.552e+03	+4.753e+03	+9.333e+03	+0.461
63.200	+5.728e+03	+5.276e+03	+1.111e+04	+0.479
63.300	+5.661e+03	+4.008e+03	+9.992e+03	+0.415
63.400	+4.920e+03	+5.898e+03	+8.680e+03	+0.545
63.500	+5.402e+03	+4.164e+03	+8.959e+03	+0.435
63.600	+4.901e+03	+4.703e+03	+1.022e+04	+0.490
63.700	+4.782e+03	+5.901e+03	+1.035e+04	+0.552
63.800	+5.403e+03	+4.840e+03	+9.677e+03	+0.473
63.900	+5.082e+03	+5.570e+03	+9.720e+03	+0.523
64.000	+4.192e+03	+5.826e+03	+9.448e+03	+0.582
64.100	+5.295e+03	+4.120e+03	+9.275e+03	+0.438
64.200	+3.511e+03	+4.577e+03	+9.215e+03	+0.566
64.300	+5.627e+03	+5.676e+03	+9.569e+03	+0.502
64.400	+4.738e+03	+4.530e+03	+9.657e+03	+0.489
64.500	+4.341e+03	+4.410e+03	+1.006e+04	+0.504
64.600	+3.794e+03	+5.288e+03	+1.093e+04	+0.582
64.700	+5.029e+03	+4.939e+03	+1.020e+04	+0.495
64.800	+5.983e+03	+5.187e+03	+9.630e+03	+0.464
64.900	+4.727e+03	+4.538e+03	+9.991e+03	+0.490
65.000	+4.810e+03	+4.551e+03	+9.799e+03	+0.486
65.100	+5.858e+03	+3.484e+03	+1.010e+04	+0.373
65.200	+5.201e+03	+5.002e+03	+9.668e+03	+0.490
65.300	+5.611e+03	+4.253e+03	+1.072e+04	+0.431
65.400	+4.733e+03	+5.970e+03	+1.062e+04	+0.558
65.500	+5.917e+03	+3.573e+03	+1.043e+04	+0.376
65.600	+3.483e+03	+5.776e+03	+1.028e+04	+0.624
65.700	+4.944e+03	+3.894e+03	+9.835e+03	+0.441
65.800	+4.817e+03	+4.174e+03	+1.140e+04	+0.464
65.900	+4.439e+03	+5.182e+03	+1.001e+04	+0.539
66.000	+5.110e+03	+4.375e+03	+1.008e+04	+0.461
66.100	+3.961e+03	+5.060e+03	+1.020e+04	+0.561
66.200	+4.309e+03	+5.658e+03	+8.610e+03	+0.568
66.300	+6.355e+03	+4.508e+03	+1.112e+04	+0.415
66.400	+5.253e+03	+4.874e+03	+1.020e+04	+0.481
66.500	+4.592e+03	+5.280e+03	+9.887e+03	+0.535
66.600	+4.855e+03	+6.047e+03	+1.104e+04	+0.555
66.700	+3.210e+03	+6.302e+03	+9.815e+03	+0.663
66.800	+1.062e+03	+8.239e+03	+9.971e+03	+0.886
66.900	+2.727e+03	+6.709e+03	+1.048e+04	+0.711
67.000	+2.505e+03	+7.449e+03	+1.092e+04	+0.748
67.100	+2.265e+03	+7.851e+03	+9.580e+03	+0.776
67.200	+2.496e+02	+8.659e+03	+1.019e+04	+0.972
67.300	+2.129e+03	+9.074e+03	+1.074e+04	+0.810
67.400	+2.764e+03	+7.130e+03	+9.613e+03	+0.721
67.500	+2.915e+03	+8.045e+03	+9.954e+03	+0.734
67.600	+1.408e+03	+8.955e+03	+9.145e+03	+0.864
67.700	+3.950e+03	+5.726e+03	+1.139e+04	+0.592
67.800	+4.499e+03	+3.010e+03	+1.011e+04	+0.401
67.900	+5.842e+03	+5.598e+03	+9.952e+03	+0.489
68.000	+5.478e+03	+3.839e+03	+9.401e+03	+0.412
68.100	+4.205e+03	+6.200e+03	+1.054e+04	+0.596
68.200	+2.100e+03	+7.148e+03	+1.082e+04	+0.773
68.300	+2.131e+03	+8.533e+03	+9.421e+03	+0.800
68.400	+2.464e+03	+8.186e+03	+1.001e+04	+0.769
68.500	+2.428e+03	+7.449e+03	+8.839e+03	+0.754
68.600	+1.074e+03	+8.354e+03	+1.098e+04	+0.886
68.700	+2.266e+03	+8.672e+03	+1.147e+04	+0.793
68.800	+8.110e+02	+8.337e+03	+1.009e+04	+0.911
68.900	+2.079e+03	+6.791e+03	+9.407e+03	+0.766
69.000	+1.055e+03	+8.555e+03	+9.295e+03	+0.890
69.100	+1.108e+03	+8.989e+03	+1.169e+04	+0.890
69.200	+1.894e+03	+7.825e+03	+1.038e+04	+0.805
69.300	+2.067e+03	+8.524e+03	+1.125e+04	+0.805
69.400	+6.980e+03	+3.551e+03	+1.072e+04	+0.337
69.500	+8.000e+03	+2.161e+03	+1.096e+04	+0.213
69.600	+8.137e+03	+2.334e+03	+9.891e+03	+0.223
69.700	+7.265e+03	+2.078e+03	+1.021e+04	+0.222
69.800	+7.514e+03	+2.514e+03	+9.191e+03	+0.251
69.900	+8.047e+03	+1.782e+03	+1.052e+04	+0.181
70.000	+6.822e+03	+1.823e+03	+9.441e+03	+0.211
70.100	+7.583e+03	+3.451e+03	+1.074e+04	+0.313
70.200	+7.295e+03	+2.784e+03	+9.802e+03	+0.276
70.300	+8.086e+03	+2.733e+03	+1.094e+04	+0.253
70.400	+8.450e+03	+1.476e+03	+9.220e+03	+0.149
70.500	+7.675e+03	+3.087e+03	+9.043e+03	+0.287
70.600	+7.805e+03	+3.012e+03	+1.036e+04	+0.278
70.700	+7.772e+03	+3.492e+03	+1.072e+04	+0.310
70.800	+7.515e+03	+2.240e+03	+9.689e+03	+0.230
70.900	+7.166e+03	+2.096e+03	+1.042e+04	+0.226
71.000	+5.239e+03	+3.597e+03	+9.531e+03	+0.407
71.100	+4.977e+03	+5.380e+03	+1.019e+04	+0.519
71.200	+4.965e+03	+4.481e+03	+9.163e+03	+0.474
71.300	+4.875e+03	+5.527e+03	+9.939e+03	+0.531
71.400	+5.621e+03	+6.188e+03	+9.917e+03	+0.524
71.500	+5.920e+03	+5.135e+03	+9.449e+03	+0.464
71.600	+6.070e+03	+4.836e+03	+9.699e+03	+0.443
71.700	+5.116e+03	+5.215e+03	+9.908e+03	+0.505
71.800	+4.472e+03	+4.924e+03	+1.066e+04	+0.524
71.900	+5.242e+03	+5.934e+03	+9.616e+03	+0.531
72.000	+4.670e+03	+5.116e+03	+1.054e+04	+0.523
72.100	+3.901e+03	+6.427e+03	+1.052e+04	+0.622
72.200	+5.440e+03	+4.221e+03	+9.268e+03	+0.437
72.300	+5.179e+03	+5.182e+03	+1.216e+04	+0.500
72.400	+4.781e+03	+5.839e+03	+9.593e+03	+0.550
72.500	+4.167e+03	+4.294e+03	+9.133e+03	+0.508
72.600	+3.768e+03	+5.272e+03	+9.109e+03	+0.583
72.700	+5.603e+03	+4.228e+03	+9.826e+03	+0.430
72.800	+5.472e+03	+5.000e+03	+9.471e+03	+0.477
72.900	+3.580e+03	+3.691e+03	+1.076e+04	+0.508
73.000	+4.358e+03	+4.426e+03	+9.660e+03	+0.504
73.100	+5.295e+03	+4.643e+03	+1.022e+04	+0.467
73.200	+4.921e+03	+4.637e+03	+9.426e+03	+0.485
73.300	+5.984e+03	+3.356e+03	+9.725e+03	+0.359
73.400	+5.913e+03	+5.221e+03	+9.792e+03	+0.469
73.500	+4.281e+03	+4.282e+03	+1.039e+04	+0.500
73.600	+4.767e+03	+3.906e+03	+1.060e+04	+0.450
73.700	+3.283e+03	+6.789e+03	+1.044e+04	+0.674
73.800	+3.118e+03	+7.553e+03	+1.020e+04	+0.708
73.900	+2.597e+03	+7.957e+03	+9.943e+03	+0.754
74.000	+1.857e+03	+7.897e+03	+1.058e+04	+0.810
74.100	+2.643e+03	+6.538e+03	+9.666e+03	+0.712
74.200	+2.225e+03	+8.477e+03	+9.863e+03	+0.792
74.300	+2.616e+03	+6.877e+03	+1.041e+04	+0.724
74.400	+1.798e+03	+9.070e+03	+1.086e+04	+0.835
74.500	+2.781e+03	+8.222e+03	+1.052e+04	+0.747
74.600	+2.356e+03	+7.640e+03	+1.073e+04	+0.764
74.700	+2.414e+03	+7.798e+03	+9.941e+03	+0.764
74.800	+1.628e+03	+7.928e+03	+9.802e+03	+0.830
74.900	+2.547e+03	+8.079e+03	+9.152e+03	+0.760
75.000	+1.691e+03	+8.269e+03	+1.111e+04	+0.830
75.100	+1.751e+03	+7.827e+03	+9.391e+03	+0.817
75.200	+2.922e+03	+8.426e+03	+1.157e+04	+0.743
75.300	+2.468e+03	+7.828e+03	+1.033e+04	+0.760
75.400	+2.283e+03	+8.213e+03	+9.109e+03	+0.782
75.500	+2.071e+03	+6.428e+03	+1.023e+04	+0.756
75.600	+5.534e+02	+7.241e+03	+1.042e+04	+0.929
75.700	+2.092e+03	+7.426e+03	+9.178e+03	+0.780
75.800	+5.212e+03	+4.312e+03	+9.365e+03	+0.453
75.900	+3.113e+03	+4.861e+03	+1.001e+04	+0.610
76.000	+4.798e+03	+5.670e+03	+1.017e+04	+0.542
76.100	+4.714e+03	+5.401e+03	+8.936e+03	+0.534
76.200	+5.098e+03	+5.703e+03	+9.278e+03	+0.528
76.300	+5.928e+03	+5.329e+03	+9.607e+03	+0.473
76.400	+6.142e+03	+3.924e+03	+9.957e+03	+0.390
76.500	+6.292e+03	+5.653e+03	+1.009e+04	+0.473
76.600	+6.070e+03	+4.838e+03	+8.057e+03	+0.444
76.700	+4.931e+03	+5.455e+03	+9.069e+03	+0.525
76.800	+5.078e+03	+5.314e+03	+9.347e+03	+0.511
76.900	+5.632e+03	+4.625e+03	+9.329e+03	+0.451
77.000	+5.558e+03	+4.730e+03	+1.008e+04	+0.460
77.100	+5.308e+03	+5.765e+03	+9.636e+03	+0.521
77.200	+5.341e+03	+4.900e+03	+1.056e+04	+0.478
77.300	+5.204e+03	+4.440e+03	+1.032e+04	+0.460
77.400	+5.159e+03	+4.192e+03	+9.925e+03	+0.448
77.500	+5.145e+03	+5.040e+03	+9.740e+03	+0.495
77.600	+4.376e+03	+5.903e+03	+1.032e+04	+0.574
77.700	+5.544e+03	+5.337e+03	+1.066e+04	+0.491
77.800	+5.071e+03	+4.053e+03	+1.208e+04	+0.444
77.900	+5.706e+03	+3.866e+03	+1.025e+04	+0.404
78.000	+4.800e+03	+4.688e+03	+1.130e+04	+0.494
78.100	+5.863e+03	+4.968e+03	+9.825e+03	+0.459
78.200	+4.747e+03	+5.603e+03	+1.140e+04	+0.541
78.300	+5.027e+03	+5.000e+03	+1.014e+04	+0.499
78.400	+5.874e+03	+5.608e+03	+9.206e+03	+0.488
78.500	+4.901e+03	+4.838e+03	+9.776e+03	+0.497
78.600	+4.973e+03	+5.198e+03	+1.130e+04	+0.511
78.700	+4.477e+03	+4.292e+03	+8.925e+03	+0.489
78.800	+3.569e+03	+4.707e+03	+9.215e+03	+0.569
78.900	+4.786e+03	+4.543e+03	+1.025e+04	+0.487
79.000	+5.082e+03	+6.286e+03	+1.059e+04	+0.553
79.100	+5.559e+03	+5.184e+03	+1.055e+04	+0.483
79.200	+4.139e+03	+5.844e+03	+1.015e+04	+0.585
79.300	+5.138e+03	+5.368e+03	+1.017e+04	+0.511
79.400	+3.817e+03	+4.315e+03	+1.000e+04	+0.531
79.500	+6.315e+03	+4.874e+03	+1.112e+04	+0.436
79.600	+5.805e+03	+3.808e+03	+1.014e+04	+0.396
79.700	+4.428e+03	+5.713e+03	+9.383e+03	+0.563
79.800	+5.115e+03	+4.080e+03	+9.265e+03	+0.444
79.900	+5.186e+03	+4.851e+03	+1.019e+04	+0.483
80.000	+4.881e+03	+4.234e+03	+1.021e+04	+0.465
80.100	+6.495e+03	+4.778e+03	+1.042e+04	+0.424
80.200	+5.889e+03	+3.557e+03	+1.056e+04	+0.377
80.300	+5.228e+03	+3.880e+03	+9.200e+03	+0.426
80.400	+5.817e+03	+5.355e+03	+1.029e+04	+0.479
80.500	+5.031e+03	+3.715e+03	+9.777e+03	+0.425
80.600	+4.644e+03	+4.476e+03	+8.994e+03	+0.491
80.700	+5.945e+03	+5.060e+03	+1.084e+04	+0.460
80.800	+4.708e+03	+5.327e+03	+9.197e+03	+0.531
80.900	+3.857e+03	+6.297e+03	+1.075e+04	+0.620
81.000	+5.384e+03	+5.501e+03	+1.099e+04	+0.505
81.100	+5.440e+03	+2.962e+03	+1.081e+04	+0.353
81.200	+5.425e+03	+5.925e+03	+1.044e+04	+0.522
81.300	+5.112e+03	+4.674e+03	+1.044e+04	+0.478
81.400	+5.887e+03	+4.083e+03	+1.010e+04	+0.410
81.500	+4.688e+03	+5.315e+03	+1.088e+04	+0.531
81.600	+2.628e+03	+5.498e+03	+1.001e+04	+0.677
81.700	+3.461e+03	+4.883e+03	+9.510e+03	+0.585
81.800	+5.235e+03	+3.929e+03	+8.654e+03	+0.429
81.900	+4.863e+03	+4.956e+03	+9.494e+03	+0.505
82.000	+3.840e+03	+4.801e+03	+1.007e+04	+0.556
82.100	+4.581e+03	+6.339e+03	+1.140e+04	+0.580
82.200	+3.578e+03	+5.851e+03	+9.361e+03	+0.621
82.300	+4.943e+03	+6.060e+03	+9.987e+03	+0.551
82.400	+4.917e+03	+4.959e+03	+1.100e+04	+0.502
82.500	+6.040e+03	+5.486e+03	+8.408e+03	+0.476
82.600	+3.407e+03	+4.251e+03	+1.040e+04	+0.555
82.700	+5.883e+03	+3.672e+03	+9.866e+03	+0.384
82.800	+5.138e+03	+5.441e+03	+1.067e+04	+0.514
82.900	+5.544e+03	+5.062e+03	+1.042e+04	+0.477
83.000	+6.108e+03	+5.534e+03	+1.042e+04	+0.475
83.100	+4.354e+03	+4.357e+03	+1.101e+04	+0.500
83.200	+2.947e+03	+5.318e+03	+1.011e+04	+0.643
83.300	+4.265e+03	+4.261e+03	+9.739e+03	+0.500
83.400	+1.227e+03	+7.830e+03	+9.224e+03	+0.865
83.500	+1.877e+03	+7.334e+03	+1.028e+04	+0.796
83.600	+1.615e+03	+7.495e+03	+8.782e+03	+0.823
83.700	+1.069e+03	+9.168e+03	+9.984e+03	+0.896
83.800	+1.423e+03	+9.104e+03	+9.264e+03	+0.865
83.900	+1.115e+03	+7.317e+03	+8.933e+03	+0.868
84.000	+5.048e+03	+5.412e+03	+1.052e+04	+0.517
84.100	+3.642e+03	+5.388e+03	+1.128e+04	+0.597
84.200	+4.765e+03	+5.056e+03	+1.081e+04	+0.515
84.300	+4.691e+03	+5.558e+03	+1.013e+04	+0.542
84.400	+5.318e+03	+4.714e+03	+1.035e+04	+0.470
84.500	+3.313e+03	+5.461e+03	+1.091e+04	+0.622
84.600	+5.625e+03	+5.335e+03	+1.054e+04	+0.487
84.700	+4.757e+03	+3.785e+03	+9.939e+03	+0.443
84.800	+5.192e+03	+6.079e+03	+9.194e+03	+0.539
84.900	+4.965e+03	+3.862e+03	+1.061e+04	+0.438
85.000	+2.392e+03	+7.143e+03	+9.912e+03	+0.749
85.100	+1.986e+03	+7.448e+03	+9.671e+03	+0.789
85.200	+1.548e+03	+8.333e+03	+1.001e+04	+0.843
85.300	+1.492e+03	+8.200e+03	+8.420e+03	+0.846
85.400	+2.620e+03	+9.446e+03	+9.834e+03	+0.783
85.500	+2.699e+03	+6.879e+03	+9.618e+03	+0.718
85.600	+1.283e+03	+7.910e+03	+1.038e+04	+0.860
85.700	+2.837e+03	+8.332e+03	+9.996e+03	+0.746
85.800	+2.170e+03	+8.846e+03	+1.011e+04	+0.803
85.900	+2.360e+03	+7.331e+03	+9.455e+03	+0.756
86.000	+2.495e+03	+7.858e+03	+9.903e+03	+0.759
86.100	+1.620e+03	+7.018e+03	+9.988e+03	+0.812
86.200	+1.718e+03	+7.899e+03	+1.072e+04	+0.821
86.300	+2.039e+03	+8.393e+03	+8.855e+03	+0.805
86.400	+2.189e+03	+7.192e+03	+8.896e+03	+0.767
86.500	+1.945e+03	+8.634e+03	+1.042e+04	+0.816
86.600	+2.784e+03	+7.507e+03	+1.192e+04	+0.729
86.700	+1.985e+03	+7.090e+03	+1.051e+04	+0.781
86.800	+2.695e+03	+8.035e+03	+1.109e+04	+0.749
86.900	+1.764e+03	+7.413e+03	+1.034e+04	+0.808
87.000	+3.124e+03	+7.307e+03	+9.769e+03	+0.700
87.100	+1.887e+03	+7.091e+03	+8.969e+03	+0.790
87.200	+2.275e+03	+7.346e+03	+8.704e+03	+0.764
87.300	+2.729e+03	+9.129e+03	+1.024e+04	+0.770
87.400	+1.577e+03	+8.448e+03	+1.040e+04	+0.843
87.500	+1.697e+03	+7.876e+03	+9.700e+03	+0.823
87.600	+2.434e+03	+8.144e+03	+9.897e+03	+0.770
87.700	+2.401e+03	+7.328e+03	+1.059e+04	+0.753
87.800	+1.547e+03	+7.988e+03	+8.991e+03	+0.838
87.900	+1.156e+03	+6.644e+03	+9.069e+03	+0.852
88.000	+1.949e+03	+7.884e+03	+1.028e+04	+0.802
88.100	+1.723e+03	+7.915e+03	+1.063e+04	+0.821
88.200	+9.190e+02	+8.132e+03	+9.709e+03	+0.898
88.300	+1.742e+03	+9.109e+03	+9.068e+03	+0.839
88.400	+4.672e+02	+8.909e+03	+9.634e+03	+0.950
88.500	+1.069e+03	+7.225e+03	+1.012e+04	+0.871
88.600	+2.103e+03	+7.915e+03	+9.472e+03	+0.790
88.700	+2.883e+03	+8.811e+03	+8.581e+03	+0.753
88.800	+9.920e+02	+7.570e+03	+9.476e+03	+0.884
88.900	+1.525e+03	+8.790e+03	+9.397e+03	+0.852
89.000	+1.750e+03	+8.340e+03	+1.025e+04	+0.827
89.100	+1.762e+03	+8.162e+03	+9.626e+03	+0.822
89.200	+2.333e+03	+9.466e+03	+1.081e+04	+0.802
89.300	+1.666e+03	+8.905e+03	+9.801e+03	+0.842
89.400	+2.942e+03	+7.689e+03	+1.024e+04	+0.723
89.500	+1.303e+03	+8.200e+03	+1.108e+04	+0.863
89.600	+2.718e+03	+5.915e+03	+1.026e+04	+0.685
89.700	+2.372e+03	+8.193e+03	+9.539e+03	+0.775
89.800	+1.746e+03	+7.505e+03	+1.044e+04	+0.811
89.900	+1.498e+03	+8.417e+03	+9.693e+03	+0.849
90.000	+3.212e+03	+9.365e+03	+9.136e+03	+0.745
90.100	+2.568e+03	+8.293e+03	+1.088e+04	+0.764
90.200	+2.052e+03	+8.791e+03	+1.004e+04	+0.811
90.300	+2.811e+03	+9.299e+03	+1.046e+04	+0.768
90.400	+2.317e+03	+7.966e+03	+9.747e+03	+0.775
90.500	+2.922e+03	+8.274e+03	+9.790e+03	+0.739
90.600	+5.366e+03	+4.884e+03	+1.066e+04	+0.476
90.700	+4.862e+03	+3.695e+03	+1.147e+04	+0.432
90.800	+5.817e+03	+5.765e+03	+1.100e+04	+0.498
90.900	+4.717e+03	+5.384e+03	+1.058e+04	+0.533
91.000	+5.676e+03	+5.258e+03	+9.313e+03	+0.481
91.100	+4.326e+03	+5.116e+03	+8.612e+03	+0.542
91.200	+5.288e+03	+4.045e+03	+1.051e+04	+0.433
91.300	+5.304e+03	+3.829e+03	+1.053e+04	+0.419
91.400	+4.396e+03	+5.061e+03	+1.057e+04	+0.535
91.500	+5.698e+03	+4.528e+03	+1.087e+04	+0.443
91.600	+4.917e+03	+4.981e+03	+9.687e+03	+0.503
91.700	+5.222e+03	+4.734e+03	+9.907e+03	+0.475
91.800	+5.457e+03	+4.708e+03	+9.453e+03	+0.463
91.900	+4.281e+03	+4.609e+03	+9.938e+03	+0.518
92.000	+4.478e+03	+4.218e+03	+1.041e+04	+0.485
92.100	+4.979e+03	+5.361e+03	+1.061e+04	+0.518
92.200	+5.668e+03	+5.102e+03	+9.658e+03	+0.474
92.300	+4.923e+03	+4.909e+03	+1.022e+04	+0.499
92.400	+4.552e+03	+4.271e+03	+9.440e+03	+0.484
92.500	+3.896e+03	+4.849e+03	+9.765e+03	+0.554
92.600	+4.852e+03	+5.316e+03	+9.762e+03	+0.523
92.700	+4.702e+03	+4.712e+03	+9.788e+03	+0.500
92.800	+3.761e+03	+4.945e+03	+1.055e+04	+0.568
92.900	+4.948e+03	+5.378e+03	+9.860e+03	+0.521
93.000	+4.776e+03	+5.617e+03	+1.075e+04	+0.540
93.100	+3.801e+03	+5.328e+03	+9.124e+03	+0.584
93.200	+4.970e+03	+4.071e+03	+9.337e+03	+0.450
93.300	+4.597e+03	+5.499e+03	+1.065e+04	+0.545
93.400	+5.583e+03	+4.159e+03	+9.973e+03	+0.427
93.500	+5.828e+03	+5.191e+03	+1.051e+04	+0.471
93.600	+4.752e+03	+4.804e+03	+1.028e+04	+0.503
93.700	+4.814e+03	+5.026e+03	+1.119e+04	+0.511
93.800	+3.652e+03	+4.968e+03	+1.017e+04	+0.576
93.900	+4.027e+03	+5.396e+03	+9.603e+03	+0.573
94.000	+4.724e+03	+6.295e+03	+8.336e+03	+0.571
94.100	+4.111e+03	+5.449e+03	+1.051e+04	+0.570
94.200	+6.860e+03	+5.830e+03	+1.057e+04	+0.459
94.300	+4.225e+03	+4.585e+03	+9.677e+03	+0.520
94.400	+5.033e+03	+3.857e+03	+1.005e+04	+0.434
94.500	+5.762e+03	+4.492e+03	+1.100e+04	+0.438
94.600	+4.664e+03	+5.606e+03	+9.289e+03	+0.546
94.700	+2.219e+03	+6.692e+03	+1.104e+04	+0.751
94.800	+1.820e+03	+9.057e+03	+8.916e+03	+0.833
94.900	+3.060e+03	+7.115e+03	+1.006e+04	+0.699
95.000	+2.227e+03	+8.218e+03	+9.078e+03	+0.787
95.100	+1.106e+03	+8.486e+03	+9.453e+03	+0.885
95.200	+1.792e+03	+7.429e+03	+1.017e+04	+0.806
95.300	+3.173e+03	+7.433e+03	+1.034e+04	+0.701
95.400	+7.095e+02	+9.670e+03	+9.670e+03	+0.932
95.500	+3.625e+03	+8.084e+03	+1.049e+04	+0.690
95.600	+2.479e+03	+7.842e+03	+9.686e+03	+0.760
95.700	+2.980e+03	+8.938e+03	+8.873e+03	+0.750
95.800	+1.072e+03	+8.247e+03	+9.441e+03	+0.885
95.900	+3.854e+02	+8.713e+03	+9.510e+03	+0.958
96.000	+1.129e+03	+7.779e+03	+9.387e+03	+0.873
96.100	+1.173e+03	+7.284e+03	+9.447e+03	+0.861
96.200	+1.660e+03	+7.845e+03	+1.023e+04	+0.825
96.300	+1.583e+03	+6.444e+03	+9.324e+03	+0.803
96.400	+9.081e+02	+7.678e+03	+1.145e+04	+0.894
96.500	+1.604e+03	+7.278e+03	+1.025e+04	+0.819
96.600	+2.211e+03	+8.710e+03	+9.841e+03	+0.798
96.700	+1.407e+03	+6.910e+03	+1.010e+04	+0.831
96.800	+2.866e+03	+8.455e+03	+1.052e+04	+0.747
96.900	+1.774e+03	+7.996e+03	+9.286e+03	+0.818
97.000	+2.114e+03	+7.896e+03	+9.629e+03	+0.789
97.100	+2.474e+03	+8.107e+03	+9.923e+03	+0.766
97.200	+2.694e+03	+7.660e+03	+1.151e+04	+0.740
97.300	+1.593e+03	+8.318e+03	+1.091e+04	+0.839
97.400	+1.710e+03	+8.901e+03	+1.068e+04	+0.839
97.500	+1.713e+03	+8.245e+03	+9.410e+03	+0.828
97.600	+1.790e+03	+9.182e+03	+9.264e+03	+0.837
97.700	+1.683e+03	+8.119e+03	+9.482e+03	+0.828
97.800	+1.607e+03	+7.995e+03	+9.498e+03	+0.833
97.900	+1.960e+03	+9.630e+03	+9.905e+03	+0.831
98.000	+4.343e+03	+6.448e+03	+9.711e+03	+0.598
98.100	+1.243e+03	+8.449e+03	+1.044e+04	+0.872
98.200	-1.001e+02	+9.361e+03	+1.165e+04	+1.011
98.300	+1.182e+03	+8.599e+03	+1.079e+04	+0.879
98.400	+8.206e+02	+8.774e+03	+9.407e+03	+0.914
98.500	+7.446e+02	+7.993e+03	+1.064e+04	+0.915
98.600	+2.713e+03	+7.721e+03	+9.894e+03	+0.740
98.700	+1.986e+03	+7.952e+03	+1.006e+04	+0.800
98.800	+1.778e+03	+7.993e+03	+1.081e+04	+0.818
98.900	+3.053e+03	+7.544e+03	+9.371e+03	+0.712
99.000	+7.236e+02	+8.876e+03	+1.055e+04	+0.925
99.100	+1.399e+03	+8.103e+03	+9.569e+03	+0.853
99.200	+1.241e+03	+7.963e+03	+1.037e+04	+0.865
99.300	+1.745e+03	+7.871e+03	+1.046e+04	+0.819
99.400	+2.212e+03	+8.278e+03	+8.895e+03	+0.789
99.500	+1.021e+03	+7.535e+03	+9.960e+03	+0.881
99.600	+2.201e+03	+8.932e+03	+1.063e+04	+0.802
99.700	+2.404e+03	+8.460e+03	+1.143e+04	+0.779
99.800	+2.678e+03	+8.007e+03	+9.958e+03	+0.749
99.900	+3.775e+03	+6.510e+03	+9.271e+03	+0.633
100.000	+5.155e+03	+4.576e+03	+1.052e+04	+0.470
100.100	+5.418e+03	+4.183e+03	+9.918e+03	+0.436
100.200	+5.250e+03	+5.032e+03	+1.089e+04	+0.489
100.300	+5.656e+03	+4.632e+03	+8.934e+03	+0.450
100.400	+3.920e+03	+4.064e+03	+1.008e+04	+0.509
100.500	+4.785e+03	+5.367e+03	+1.004e+04	+0.529
100.600	+4.893e+03	+3.798e+03	+8.741e+03	+0.437
100.700	+4.953e+03	+4.474e+03	+9.966e+03	+0.475
100.800	+4.206e+03	+4.902e+03	+9.705e+03	+0.538
100.900	+4.060e+03	+4.428e+03	+1.084e+04	+0.522
101.000	+6.420e+03	+5.332e+03	+9.153e+03	+0.454
101.100	+4.752e+03	+6.204e+03	+9.338e+03	+0.566
101.200	+2.946e+03	+8.012e+03	+1.083e+04	+0.731
101.300	+2.214e+03	+6.967e+03	+1.019e+04	+0.759
101.400	+5.227e+02	+8.581e+03	+1.032e+04	+0.943
101.500	+1.647e+03	+6.888e+03	+9.893e+03	+0.807
101.600	+1.791e+03	+6.745e+03	+1.002e+04	+0.790
101.700	+1.425e+03	+8.877e+03	+1.008e+04	+0.862
101.800	+3.171e+03	+8.710e+03	+1.037e+04	+0.733
101.900	+2.609e+03	+8.717e+03	+9.733e+03	+0.770
102.000	+6.430e+03	+4.511e+03	+1.029e+04	+0.412
102.100	+4.898e+03	+5.259e+03	+9.328e+03	+0.518
102.200	+4.115e+03	+4.364e+03	+1.094e+04	+0.515
102.300	+3.990e+03	+6.803e+03	+9.465e+03	+0.630
102.400	+4.888e+03	+5.466e+03	+1.004e+04	+0.528
102.500	+5.107e+03	+6.386e+03	+9.252e+03	+0.556
102.600	+5.785e+03	+5.693e+03	+1.075e+04	+0.496
102.700	+4.846e+03	+5.188e+03	+9.230e+03	+0.517
102.800	+5.328e+03	+5.087e+03	+1.006e+04	+0.488
102.900	+4.870e+03	+5.720e+03	+9.709e+03	+0.540
103.000	+2.085e+03	+7.446e+03	+9.630e+03	+0.781
103.100	+2.518e+03	+7.175e+03	+9.510e+03	+0.740
103.200	+1.063e+03	+7.314e+03	+9.786e+03	+0.873
103.300	+2.158e+03	+7.884e+03	+8.810e+03	+0.785
103.400	+2.278e+03	+7.420e+03	+1.009e+04	+0.765
103.500	+2.170e+03	+7.355e+03	+1.029e+04	+0.772
103.600	+1.920e+03	+7.572e+03	+1.067e+04	+0.798
103.700	+2.313e+03	+8.226e+03	+8.979e+03	+0.781
103.800	+2.494e+03	+6.940e+03	+1.027e+04	+0.736
103.900	+1.841e+03	+7.642e+03	+9.370e+03	+0.806
104.000	+3.438e+03	+7.264e+03	+1.006e+04	+0.679
104.100	+2.636e+03	+9.421e+03	+1.093e+04	+0.781
104.200	+2.224e+03	+7.110e+03	+9.452e+03	+0.762
104.300	+1.919e+03	+7.344e+03	+1.005e+04	+0.793
104.400	+2.064e+03	+7.656e+03	+1.083e+04	+0.788
104.500	+1.970e+03	+8.581e+03	+9.488e+03	+0.813
104.600	+2.094e+03	+8.268e+03	+1.036e+04	+0.798
104.700	+2.384e+03	+7.970e+03	+9.764e+03	+0.770
104.800	+1.880e+03	+7.339e+03	+1.101e+04	+0.796
104.900	+2.221e+03	+9.069e+03	+1.014e+04	+0.803
105.000	+3.295e+03	+7.469e+03	+1.002e+04	+0.694
105.100	+4.522e+02	+7.489e+03	+1.015e+04	+0.943
105.200	+1.935e+03	+8.075e+03	+1.045e+04	+0.807
105.300	+1.711e+03	+9.616e+03	+9.433e+03	+0.849
105.400	+2.174e+03	+8.190e+03	+1.017e+04	+0.790
105.500	+2.891e+03	+9.594e+03	+9.156e+03	+0.768
105.600	+1.616e+03	+8.714e+03	+9.341e+03	+0.844
105.700	+1.940e+03	+8.727e+03	+9.560e+03	+0.818
105.800	+2.172e+03	+8.887e+03	+9.372e+03	+0.804
105.900	+1.537e+03	+8.020e+03	+9.543e+03	+0.839
106.000	+1.364e+03	+7.715e+03	+9.536e+03	+0.850
106.100	+2.811e+03	+8.910e+03	+1.085e+04	+0.760
106.200	+2.415e+03	+8.544e+03	+9.968e+03	+0.780
106.300	+3.003e+03	+6.806e+03	+9.868e+03	+0.694
106.400	+4.663e+03	+5.021e+03	+9.449e+03	+0.518
106.500	+4.748e+03	+4.833e+03	+9.479e+03	+0.504
106.600	+4.761e+03	+5.126e+03	+1.010e+04	+0.518
106.700	+4.398e+03	+5.377e+03	+1.132e+04	+0.550
106.800	+5.458e+03	+5.043e+03	+1.030e+04	+0.480
106.900	+4.797e+03	+4.101e+03	+9.251e+03	+0.461
107.000	+5.454e+03	+5.831e+03	+9.298e+03	+0.517
107.100	+4.091e+03	+4.531e+03	+9.934e+03	+0.526
107.200	+5.929e+03	+5.224e+03	+9.883e+03	+0.468
107.300	+4.202e+03	+4.425e+03	+1.018e+04	+0.513
107.400	+3.553e+03	+3.886e+03	+1.038e+04	+0.522
107.500	+3.804e+03	+4.986e+03	+8.837e+03	+0.567
107.600	+4.573e+03	+6.166e+03	+1.027e+04	+0.574
107.700	+4.770e+03	+4.808e+03	+9.294e+03	+0.502
107.800	+4.567e+03	+4.949e+03	+1.026e+04	+0.520
107.900	+5.708e+03	+5.030e+03	+9.863e+03	+0.468
108.000	+1.302e+03	+7.791e+03	+9.141e+03	+0.857
108.100	+2.104e+03	+8.355e+03	+1.074e+04	+0.799
108.200	+2.128e+03	+8.884e+03	+1.039e+04	+0.807
108.300	+1.717e+03	+7.918e+03	+9.440e+03	+0.822
108.400	+1.374e+03	+8.112e+03	+9.643e+03	+0.855
108.500	+2.413e+03	+6.793e+03	+9.868e+03	+0.738
108.600	+2.210e+03	+9.174e+03	+1.093e+04	+0.806
108.700	+2.515e+03	+7.482e+03	+1.093e+04	+0.748
108.800	+1.435e+03	+7.718e+03	+9.426e+03	+0.843
108.900	+2.657e+03	+7.538e+03	+1.077e+04	+0.739
109.000	+1.769e+03	+8.188e+03	+1.102e+04	+0.822
109.100	+1.952e+03	+8.236e+03	+8.408e+03	+0.808
109.200	+2.592e+03	+8.213e+03	+9.882e+03	+0.760
109.300	+2.170e+03	+8.986e+03	+9.657e+03	+0.806
109.400	+1.696e+03	+7.009e+03	+9.013e+03	+0.805
109.500	+2.063e+03	+7.957e+03	+9.287e+03	+0.794
109.600	+1.969e+03	+7.151e+03	+9.633e+03	+0.784
109.700	+1.658e+03	+8.053e+03	+1.025e+04	+0.829
109.800	+1.134e+03	+7.957e+03	+1.085e+04	+0.875
109.900	+1.918e+03	+7.648e+03	+9.407e+03	+0.800
110.000	+1.127e+03	+7.597e+03	+1.035e+04	+0.871
110.100	+1.707e+03	+7.733e+03	+1.016e+04	+0.819
110.200	+2.290e+03	+8.398e+03	+1.073e+04	+0.786
110.300	+1.033e+03	+9.334e+03	+1.004e+04	+0.900
110.400	+2.048e+03	+8.093e+03	+9.801e+03	+0.798
110.500	+1.137e+03	+5.970e+03	+1.050e+04	+0.840
110.600	+1.650e+03	+9.003e+03	+1.004e+04	+0.845
110.700	+1.929e+03	+8.727e+03	+9.414e+03	+0.819
110.800	+1.311e+03	+8.113e+03	+9.652e+03	+0.861
110.900	+2.047e+03	+7.373e+03	+1.070e+04	+0.783
111.000	+5.702e+03	+3.483e+03	+9.536e+03	+0.379
111.100	+6.375e+03	+2.403e+03	+1.037e+04	+0.274
111.200	+7.936e+03	+2.304e+03	+9.449e+03	+0.225
111.300	+7.319e+03	+3.164e+03	+9.511e+03	+0.302
111.400	+8.094e+03	+2.494e+03	+9.154e+03	+0.236
111.500	+7.484e+03	+3.390e+03	+9.932e+03	+0.312
111.600	+6.826e+03	+3.271e+03	+9.685e+03	+0.324
111.700	+7.997e+03	+3.821e+03	+1.014e+04	+0.323
111.800	+8.378e+03	+3.490e+03	+1.133e+04	+0.294
111.900	+8.305e+03	+2.308e+03	+9.998e+03	+0.217
112.000	+7.768e+03	+3.019e+03	+9.825e+03	+0.280
112.100	+8.927e+03	+2.279e+03	+9.914e+03	+0.203
112.200	+8.367e+03	+2.162e+03	+8.571e+03	+0.205
112.300	+8.156e+03	+1.757e+03	+1.109e+04	+0.177
112.400	+8.125e+03	+2.642e+03	+9.842e+03	+0.245
112.500	+7.632e+03	+2.838e+03	+1.080e+04	+0.271
112.600	+7.374e+03	+1.804e+03	+1.128e+04	+0.197
112.700	+7.369e+03	+3.224e+03	+1.024e+04	+0.304
112.800	+7.619e+03	+2.227e+03	+9.613e+03	+0.226
112.900	+7.860e+03	+2.234e+03	+1.143e+04	+0.221
113.000	+7.051e+03	+2.430e+03	+9.715e+03	+0.256
113.100	+7.869e+03	+2.119e+03	+9.781e+03	+0.212
113.200	+8.599e+03	+2.511e+03	+1.048e+04	+0.226
113.300	+7.491e+03	+2.905e+03	+1.117e+04	+0.279
113.400	+6.867e+03	+2.066e+03	+9.331e+03	+0.231
113.500	+8.620e+03	+2.713e+03	+9.399e+03	+0.239
113.600	+6.947e+03	+1.718e+03	+9.880e+03	+0.198
113.700	+8.926e+03	+2.102e+03	+1.016e+04	+0.191
113.800	+8.234e+03	+2.178e+03	+1.024e+04	+0.209
113.900	+9.476e+03	+2.481e+03	+9.865e+03	+0.208
114.000	+8.436e+03	+2.854e+03	+9.731e+03	+0.253
114.100	+5.622e+03	+5.618e+03	+1.061e+04	+0.500
114.200	+5.539e+03	+3.248e+03	+9.532e+03	+0.370
114.300	+7.385e+03	+3.499e+03	+1.060e+04	+0.321
114.400	+7.210e+03	+3.672e+03	+9.481e+03	+0.337
114.500	+5.831e+03	+3.266e+03	+9.849e+03	+0.359
114.600	+7.731e+03	+4.798e+03	+1.012e+04	+0.383
114.700	+7.515e+03	+2.366e+03	+1.130e+04	+0.239
114.800	+8.222e+03	+2.409e+03	+1.075e+04	+0.227
114.900	+6.549e+03	+2.148e+03	+9.747e+03	+0.247
115.000	+7.047e+03	+3.394e+03	+9.655e+03	+0.325
115.100	+7.916e+03	+3.060e+03	+9.357e+03	+0.279
115.200	+6.709e+03	+2.545e+03	+8.398e+03	+0.275
115.300	+7.774e+03	+3.882e+03	+9.804e+03	+0.333
115.400	+6.543e+03	+1.661e+03	+9.846e+03	+0.202
115.500	+9.044e+03	+2.788e+03	+9.623e+03	+0.236
115.600	+7.669e+03	+2.598e+03	+9.559e+03	+0.253
115.700	+7.958e+03	+2.683e+03	+9.107e+03	+0.252
115.800	+9.018e+03	+1.510e+03	+1.118e+04	+0.143
115.900	+9.199e+03	+2.898e+03	+9.575e+03	+0.240
116.000	+6.859e+03	+3.014e+03	+1.024e+04	+0.305
116.100	+8.521e+03	+2.025e+03	+1.111e+04	+0.192
116.200	+7.906e+03	+2.419e+03	+9.864e+03	+0.234
116.300	+8.594e+03	+1.843e+03	+9.131e+03	+0.177
116.400	+6.912e+03	+1.298e+03	+9.294e+03	+0.158
116.500	+7.849e+03	+3.091e+03	+1.054e+04	+0.283
116.600	+7.296e+03	+1.737e+03	+9.895e+03	+0.192
116.700	+7.853e+03	+2.244e+03	+1.003e+04	+0.222
116.800	+7.933e+03	+3.389e+03	+1.172e+04	+0.299
116.900	+8.258e+03	+2.060e+03	+1.122e+04	+0.200
117.000	+7.371e+03	+3.265e+03	+9.330e+03	+0.307
117.100	+8.727e+03	+1.964e+03	+9.647e+03	+0.184
117.200	+6.161e+03	+1.422e+03	+1.032e+04	+0.187
117.300	+7.613e+03	+1.992e+03	+9.275e+03	+0.207
117.400	+7.674e+03	+2.423e+03	+9.724e+03	+0.240
117.500	+5.558e+03	+4.621e+03	+1.125e+04	+0.454
117.600	+4.796e+03	+6.262e+03	+8.356e+03	+0.566
117.700	+4.757e+03	+4.425e+03	+9.811e+03	+0.482
117.800	+5.238e+03	+4.492e+03	+9.496e+03	+0.462
117.900	+4.936e+03	+4.710e+03	+1.017e+04	+0.488
118.000	+5.081e+03	+5.082e+03	+1.019e+04	+0.500
118.100	+5.562e+03	+5.531e+03	+1.009e+04	+0.499
118.200	+4.557e+03	+5.411e+03	+1.101e+04	+0.543
118.300	+5.928e+03	+4.778e+03	+1.027e+04	+0.446
118.400	+2.258e+03	+7.974e+03	+1.006e+04	+0.779
118.500	+1.718e+03	+7.496e+03	+1.038e+04	+0.814
118.600	+2.052e+03	+8.365e+03	+1.109e+04	+0.803
118.700	+2.218e+03	+9.084e+03	+9.650e+03	+0.804
118.800	+1.603e+03	+8.257e+03	+9.526e+03	+0.837
118.900	+2.281e+03	+8.184e+03	+1.018e+04	+0.782
119.000	+2.603e+03	+7.179e+03	+9.082e+03	+0.734
119.100	+1.812e+03	+7.967e+03	+8.494e+03	+0.815
119.200	+1.497e+03	+7.697e+03	+1.119e+04	+0.837
119.300	+1.014e+03	+6.576e+03	+9.127e+03	+0.866
119.400	+2.172e+03	+9.185e+03	+9.958e+03	+0.809
119.500	+3.025e+03	+8.329e+03	+1.065e+04	+0.734
119.600	+3.008e+03	+7.071e+03	+9.898e+03	+0.702
119.700	+1.564e+03	+7.354e+03	+9.868e+03	+0.825
119.800	+1.427e+03	+7.404e+03	+9.631e+03	+0.838
119.900	+3.064e+03	+7.307e+03	+1.053e+04	+0.705
120.000	+2.033e+03	+8.305e+03	+9.695e+03	+0.803
120.100	+1.852e+03	+8.039e+03	+1.055e+04	+0.813
120.200	+2.712e+03	+7.080e+03	+8.669e+03	+0.723
120.300	+3.189e+03	+8.353e+03	+1.112e+04	+0.724
120.400	+1.410e+03	+8.457e+03	+9.870e+03	+0.857
120.500	+2.853e+03	+9.312e+03	+9.405e+03	+0.766
120.600	+3.467e+03	+7.864e+03	+9.877e+03	+0.694
120.700	+1.868e+03	+8.620e+03	+1.021e+04	+0.822
120.800	+1.586e+03	+7.831e+03	+1.037e+04	+0.832
120.900	+1.716e+03	+7.474e+03	+1.089e+04	+0.813
121.000	+1.928e+03	+8.197e+03	+9.119e+03	+0.810
121.100	+1.689e+03	+8.149e+03	+1.121e+04	+0.828
121.200	+2.623e+03	+7.797e+03	+8.617e+03	+0.748
121.300	+1.654e+03	+7.752e+03	+9.962e+03	+0.824
121.400	+1.082e+03	+8.009e+03	+1.042e+04	+0.881
121.500	+2.196e+03	+7.716e+03	+9.324e+03	+0.778
121.600	+1.248e+03	+7.210e+03	+9.851e+03	+0.852
121.700	+1.037e+03	+7.725e+03	+1.051e+04	+0.882
121.800	+2.272e+03	+5.749e+03	+1.022e+04	+0.717
121.900	+2.439e+03	+8.124e+03	+1.006e+04	+0.769
122.000	+1.781e+03	+7.362e+03	+9.965e+03	+0.805
122.100	+3.002e+03	+8.439e+03	+1.013e+04	+0.738
122.200	+1.894e+03	+7.784e+03	+1.055e+04	+0.804
122.300	+1.291e+03	+6.583e+03	+9.477e+03	+0.836
122.400	+2.323e+03	+7.962e+03	+1.053e+04	+0.774
122.500	+2.078e+03	+8.548e+03	+9.768e+03	+0.804
122.600	+2.820e+03	+8.084e+03	+9.545e+03	+0.741
122.700	+5.877e+02	+7.798e+03	+9.667e+03	+0.930
122.800	+2.119e+03	+7.166e+03	+1.015e+04	+0.772
122.900	+1.692e+03	+8.438e+03	+1.008e+04	+0.833
123.000	+1.594e+03	+6.685e+03	+1.048e+04	+0.807
123.100	+1.948e+03	+8.075e+03	+9.489e+03	+0.806
123.200	+6.206e+02	+7.945e+03	+8.951e+03	+0.928
123.300	+2.677e+03	+6.870e+03	+1.092e+04	+0.720
123.400	+2.412e+03	+7.981e+03	+9.848e+03	+0.768
123.500	+1.810e+03	+8.476e+03	+1.021e+04	+0.824
123.600	+2.709e+03	+7.234e+03	+9.671e+03	+0.728
123.700	+2.283e+03	+8.318e+03	+9.927e+03	+0.785
123.800	+1.483e+03	+8.345e+03	+1.141e+04	+0.849
123.900	+3.779e+03	+3.991e+03	+9.105e+03	+0.514
124.000	+3.699e+03	+4.834e+03	+1.090e+04	+0.567
124.100	+3.508e+03	+5.173e+03	+9.516e+03	+0.596
124.200	+4.542e+03	+4.697e+03	+9.219e+03	+0.508
124.300	+4.084e+03	+3.775e+03	+1.033e+04	+0.480
124.400	+4.429e+03	+5.789e+03	+1.064e+04	+0.567
124.500	+5.522e+03	+7.428e+03	+9.746e+03	+0.574
124.600	+4.452e+03	+4.999e+03	+1.001e+04	+0.529
124.700	+5.567e+03	+6.049e+03	+1.066e+04	+0.521
124.800	+5.596e+03	+5.109e+03	+1.062e+04	+0.477
124.900	+4.569e+03	+4.728e+03	+1.018e+04	+0.509
125.000	+6.152e+03	+5.378e+03	+1.101e+04	+0.466
125.100	+5.030e+03	+4.206e+03	+9.341e+03	+0.455
125.200	+5.275e+03	+5.423e+03	+9.959e+03	+0.507
125.300	+5.110e+03	+3.850e+03	+9.602e+03	+0.430
125.400	+6.647e+03	+6.136e+03	+1.182e+04	+0.480
125.500	+6.143e+03	+5.436e+03	+9.741e+03	+0.469
125.600	+4.231e+03	+5.308e+03	+1.061e+04	+0.556
125.700	+5.308e+03	+5.018e+03	+9.147e+03	+0.486
125.800	+5.710e+03	+6.061e+03	+9.921e+03	+0.515
125.900	+4.929e+03	+5.724e+03	+1.034e+04	+0.537
126.000	+4.501e+03	+4.554e+03	+1.166e+04	+0.503
126.100	+4.367e+03	+4.168e+03	+9.863e+03	+0.488
126.200	+4.782e+03	+5.975e+03	+1.035e+04	+0.555
126.300	+5.414e+03	+4.608e+03	+9.953e+03	+0.460
126.400	+4.166e+03	+4.954e+03	+9.973e+03	+0.543
126.500	+5.787e+03	+5.293e+03	+1.031e+04	+0.478
126.600	+4.067e+03	+4.808e+03	+1.025e+04	+0.542
126.700	+6.020e+03	+3.964e+03	+9.504e+03	+0.397
126.800	+5.210e+03	+5.267e+03	+1.032e+04	+0.503
126.900	+4.318e+03	+4.336e+03	+1.149e+04	+0.501
127.000	+3.597e+03	+6.005e+03	+1.047e+04	+0.625
127.100	+6.321e+03	+4.631e+03	+1.115e+04	+0.423
127.200	+5.514e+03	+4.570e+03	+9.666e+03	+0.453
127.300	+5.197e+03	+5.380e+03	+8.544e+03	+0.509
127.400	+4.572e+03	+6.022e+03	+1.183e+04	+0.568
127.500	+5.471e+03	+4.115e+03	+1.035e+04	+0.429
127.600	+4.985e+03	+5.876e+03	+9.575e+03	+0.541
127.700	+3.791e+03	+3.514e+03	+9.870e+03	+0.481
127.800	+5.209e+03	+5.287e+03	+1.127e+04	+0.504
127.900	+1.940e+03	+7.888e+03	+9.552e+03	+0.803
128.000	+2.245e+03	+7.261e+03	+9.852e+03	+0.764
128.100	+1.793e+03	+7.689e+03	+1.108e+04	+0.811
128.200	+1.260e+03	+7.608e+03	+1.061e+04	+0.858
128.300	+2.118e+03	+7.872e+03	+1.034e+04	+0.788
128.400	+2.875e+03	+7.277e+03	+9.227e+03	+0.717
128.500	+2.674e+03	+9.129e+03	+1.060e+04	+0.773
128.600	+2.493e+03	+7.983e+03	+9.321e+03	+0.762
128.700	+1.909e+03	+7.286e+03	+1.149e+04	+0.792
128.800	+2.946e+03	+7.612e+03	+9.947e+03	+0.721
128.900	+1.493e+03	+7.248e+03	+9.640e+03	+0.829
129.000	+1.716e+03	+6.932e+03	+9.980e+03	+0.802
129.100	+1.886e+03	+8.032e+03	+9.362e+03	+0.810
129.200	+2.430e+03	+7.183e+03	+1.150e+04	+0.747
129.300	+2.412e+03	+7.774e+03	+9.559e+03	+0.763
129.400	+3.275e+03	+7.994e+03	+1.020e+04	+0.709
129.500	+1.606e+03	+7.859e+03	+9.700e+03	+0.830
129.600	+2.005e+03	+8.517e+03	+9.560e+03	+0.809
129.700	+9.897e+02	+7.179e+03	+1.085e+04	+0.879
129.800	+1.430e+03	+7.374e+03	+9.197e+03	+0.838
129.900	+2.438e+03	+9.051e+03	+1.070e+04	+0.788
130.000	+2.213e+03	+8.605e+03	+9.082e+03	+0.795
130.100	+1.253e+03	+7.823e+03	+1.141e+04	+0.862
130.200	+2.129e+03	+8.223e+03	+9.384e+03	+0.794
130.300	+1.950e+03	+8.540e+03	+9.953e+03	+0.814
130.400	+2.500e+03	+7.597e+03	+1.025e+04	+0.752
130.500	+3.437e+03	+5.629e+03	+9.457e+03	+0.621
130.600	+1.372e+03	+8.441e+03	+9.789e+03	+0.860
130.700	+3.040e+03	+7.155e+03	+9.785e+03	+0.702
130.800	+2.071e+03	+5.945e+03	+9.497e+03	+0.742
130.900	+5.376e+03	+5.192e+03	+1.156e+04	+0.491
131.000	+4.958e+03	+7.410e+03	+1.091e+04	+0.599
131.100	+4.291e+03	+4.928e+03	+9.892e+03	+0.535
131.200	+5.799e+03	+5.988e+03	+1.008e+04	+0.508
131.300	+4.342e+03	+6.048e+03	+1.068e+04	+0.582
131.400	+4.447e+03	+4.437e+03	+1.067e+04	+0.499
131.500	+5.209e+03	+4.739e+03	+9.582e+03	+0.476
131.600	+4.871e+03	+5.694e+03	+9.922e+03	+0.539
131.700	+5.483e+03	+5.582e+03	+1.017e+04	+0.504
131.800	+4.429e+03	+4.830e+03	+1.053e+04	+0.522
131.900	+4.000e+03	+5.228e+03	+1.033e+04	+0.567
132.000	+5.043e+03	+3.328e+03	+9.327e+03	+0.398
132.100	+4.425e+03	+6.102e+03	+8.503e+03	+0.580
132.200	+5.563e+03	+5.180e+03	+1.118e+04	+0.482
132.300	+5.265e+03	+5.979e+03	+1.009e+04	+0.532
132.400	+5.616e+03	+5.116e+03	+1.046e+04	+0.477
132.500	+4.468e+03	+4.146e+03	+1.046e+04	+0.481
132.600	+2.182e+03	+7.173e+03	+1.027e+04	+0.767
132.700	+2.191e+03	+8.593e+03	+1.037e+04	+0.797
132.800	+2.563e+03	+7.873e+03	+8.956e+03	+0.754
132.900	+2.677e+03	+7.551e+03	+9.464e+03	+0.738
133.000	+3.207e+03	+7.542e+03	+9.563e+03	+0.702
133.100	+2.455e+03	+7.974e+03	+1.060e+04	+0.765
133.200	+1.177e+03	+8.227e+03	+1.023e+04	+0.875
133.300	+1.908e+03	+8.268e+03	+1.062e+04	+0.812
133.400	+1.416e+03	+7.664e+03	+1.014e+04	+0.844
133.500	+2.062e+03	+7.303e+03	+1.151e+04	+0.780
133.600	+1.275e+03	+8.317e+03	+1.015e+04	+0.867
133.700	+2.986e+03	+8.156e+03	+1.101e+04	+0.732
133.800	+7.204e+02	+8.757e+03	+1.016e+04	+0.924
133.900	+8.491e+02	+7.168e+03	+1.132e+04	+0.894
134.000	+7.904e+02	+7.319e+03	+1.065e+04	+0.903
134.100	+1.487e+03	+8.439e+03	+1.065e+04	+0.850
134.200	+2.478e+03	+8.124e+03	+9.856e+03	+0.766
134.300	+1.318e+03	+8.121e+03	+1.048e+04	+0.860
134.400	+3.674e+03	+8.353e+03	+9.279e+03	+0.695
134.500	+3.246e+03	+8.430e+03	+9.108e+03	+0.722
134.600	+1.106e+03	+7.979e+03	+9.416e+03	+0.878
134.700	+2.612e+03	+6.682e+03	+9.451e+03	+0.719
134.800	+2.877e+03	+7.936e+03	+9.755e+03	+0.734
134.900	+2.267e+03	+8.266e+03	+9.986e+03	+0.785
135.000	+2.161e+03	+8.005e+03	+1.078e+04	+0.787
135.100	+1.577e+03	+7.382e+03	+1.099e+04	+0.824
135.200	+2.529e+03	+7.649e+03	+9.167e+03	+0.752
135.300	+1.754e+03	+7.758e+03	+1.027e+04	+0.816
135.400	+3.005e+03	+7.442e+03	+1.011e+04	+0.712
135.500	+1.860e+03	+8.163e+03	+1.015e+04	+0.814
135.600	+1.282e+03	+7.496e+03	+1.165e+04	+0.854
135.700	+7.890e+02	+6.980e+03	+8.959e+03	+0.898
135.800	+2.507e+03	+7.929e+03	+8.699e+03	+0.760
135.900	+2.690e+03	+5.855e+03	+8.890e+03	+0.685
136.000	+5.817e+03	+6.182e+03	+1.016e+04	+0.515
136.100	+6.043e+03	+4.353e+03	+9.578e+03	+0.419
136.200	+4.792e+03	+4.603e+03	+1.109e+04	+0.490
136.300	+4.828e+03	+4.441e+03	+1.062e+04	+0.479
136.400	+4.477e+03	+4.023e+03	+1.072e+04	+0.473
136.500	+6.322e+03	+5.644e+03	+9.326e+03	+0.472
136.600	+5.014e+03	+5.463e+03	+9.623e+03	+0.521
136.700	+4.476e+03	+5.386e+03	+9.778e+03	+0.546
136.800	+3.901e+03	+4.964e+03	+9.940e+03	+0.560
136.900	+4.117e+03	+5.108e+03	+9.614e+03	+0.554
137.000	+5.709e+03	+6.535e+03	+9.228e+03	+0.534
137.100	+4.452e+03	+3.789e+03	+9.223e+03	+0.460
137.200	+2.970e+03	+6.031e+03	+1.035e+04	+0.670
137.300	+2.281e+03	+6.561e+03	+9.996e+03	+0.742
137.400	+1.848e+03	+7.522e+03	+1.010e+04	+0.803
137.500	+2.188e+03	+8.715e+03	+9.549e+03	+0.799
137.600	+2.441e+03	+7.170e+03	+1.035e+04	+0.746
137.700	+1.840e+03	+8.670e+03	+1.024e+04	+0.825
137.800	+1.497e+03	+8.304e+03	+1.113e+04	+0.847
137.900	+1.768e+03	+7.812e+03	+9.773e+03	+0.815
138.000	+3.045e+03	+7.471e+03	+1.019e+04	+0.710
138.100	+1.832e+03	+8.736e+03	+9.432e+03	+0.827
138.200	+1.459e+03	+8.631e+03	+1.064e+04	+0.855
138.300	+2.673e+03	+7.603e+03	+9.814e+03	+0.740
138.400	+1.833e+03	+7.827e+03	+9.966e+03	+0.810
138.500	+7.897e+03	+2.073e+03	+9.989e+03	+0.208
138.600	+5.495e+03	+4.194e+03	+9.676e+03	+0.433
138.700	+6.744e+03	+4.052e+03	+1.011e+04	+0.375
138.800	+5.057e+03	+6.452e+03	+1.121e+04	+0.561
138.900	+3.976e+03	+5.146e+03	+9.674e+03	+0.564
139.000	+3.361e+03	+6.359e+03	+1.034e+04	+0.654
139.100	+2.591e+03	+8.267e+03	+9.670e+03	+0.761
139.200	+7.164e+02	+8.065e+03	+9.872e+03	+0.918
139.300	+1.204e+03	+6.859e+03	+1.048e+04	+0.851
139.400	+2.679e+03	+9.198e+03	+9.136e+03	+0.774
139.500	+1.525e+03	+7.796e+03	+1.127e+04	+0.836
139.600	+1.776e+03	+7.625e+03	+1.008e+04	+0.811
139.700	+3.046e+02	+7.450e+03	+9.905e+03	+0.961
139.800	+1.177e+03	+8.014e+03	+9.011e+03	+0.872
139.900	+3.361e+02	+9.426e+03	+1.073e+04	+0.966
140.000	+2.783e+03	+7.585e+03	+1.072e+04	+0.732
140.100	+1.554e+03	+8.489e+03	+1.032e+04	+0.845
140.200	+1.698e+03	+1.014e+04	+1.047e+04	+0.857
140.300	+2.118e+03	+9.030e+03	+1.065e+04	+0.810
140.400	+6.628e+02	+8.381e+03	+9.182e+03	+0.927
140.500	+1.787e+03	+7.730e+03	+1.051e+04	+0.812
140.600	+2.355e+03	+7.852e+03	+9.438e+03	+0.769
140.700	+2.038e+03	+6.851e+03	+1.019e+04	+0.771
140.800	+3.119e+03	+7.347e+03	+9.878e+03	+0.702
140.900	+1.454e+03	+7.682e+03	+1.043e+04	+0.841
141.000	+1.405e+03	+8.584e+03	+1.078e+04	+0.859
141.100	+1.701e+03	+7.804e+03	+1.030e+04	+0.821
141.200	+1.190e+03	+8.111e+03	+1.088e+04	+0.872
141.300	+1.452e+03	+7.324e+03	+9.543e+03	+0.834
141.400	+2.875e+03	+7.749e+03	+1.142e+04	+0.729
141.500	+2.198e+03	+8.073e+03	+1.004e+04	+0.786
141.600	+2.656e+03	+7.086e+03	+1.016e+04	+0.727
141.700	+2.398e+03	+8.248e+03	+9.795e+03	+0.775
141.800	+9.734e+02	+7.510e+03	+9.747e+03	+0.885
141.900	+2.205e+03	+8.440e+03	+1.078e+04	+0.793
142.000	+2.164e+03	+7.857e+03	+1.006e+04	+0.784
142.100	+3.050e+03	+5.921e+03	+9.791e+03	+0.660
142.200	+6.705e+03	+4.341e+03	+1.049e+04	+0.393
142.300	+4.157e+03	+3.937e+03	+1.033e+04	+0.486
142.400	+6.111e+03	+4.207e+03	+1.021e+04	+0.408
142.500	+4.303e+03	+5.656e+03	+9.931e+03	+0.568
142.600	+4.642e+03	+5.890e+03	+8.364e+03	+0.559
142.700	+5.693e+03	+3.923e+03	+1.010e+04	+0.408
142.800	+3.712e+03	+4.864e+03	+9.969e+03	+0.567
142.900	+4.560e+03	+4.524e+03	+9.825e+03	+0.498
143.000	+3.983e+03	+4.529e+03	+1.000e+04	+0.532
143.100	+5.412e+03	+4.183e+03	+9.743e+03	+0.436
143.200	+3.992e+03	+4.182e+03	+9.410e+03	+0.512
143.300	+5.385e+03	+4.382e+03	+1.094e+04	+0.449
143.400	+5.624e+03	+3.951e+03	+1.078e+04	+0.413
143.500	+5.561e+03	+4.671e+03	+1.110e+04	+0.457
143.600	+4.025e+03	+4.894e+03	+1.031e+04	+0.549
143.700	+3.861e+03	+6.169e+03	+1.031e+04	+0.615
143.800	+5.551e+03	+5.102e+03	+9.682e+03	+0.479
143.900	+4.174e+03	+5.194e+03	+9.884e+03	+0.554
144.000	+3.798e+03	+5.063e+03	+1.031e+04	+0.571
144.100	+4.941e+03	+6.131e+03	+9.745e+03	+0.554
144.200	+5.723e+03	+6.372e+03	+9.566e+03	+0.527
144.300	+4.720e+03	+5.399e+03	+1.121e+04	+0.534
144.400	+4.387e+03	+5.745e+03	+9.604e+03	+0.567
144.500	+3.260e+03	+5.305e+03	+1.023e+04	+0.619
144.600	+4.854e+03	+6.435e+03	+1.065e+04	+0.570
144.700	+4.354e+03	+4.459e+03	+1.049e+04	+0.506
144.800	+5.354e+03	+4.626e+03	+9.105e+03	+0.464
144.900	+3.498e+03	+6.082e+03	+1.161e+04	+0.635
145.000	+5.762e+03	+4.576e+03	+1.085e+04	+0.443
145.100	+3.440e+03	+5.186e+03	+9.626e+03	+0.601
145.200	+3.418e+03	+4.552e+03	+1.087e+04	+0.571
145.300	+6.021e+03	+5.550e+03	+1.042e+04	+0.480
145.400	+5.184e+03	+5.315e+03	+1.001e+04	+0.506
145.500	+4.183e+03	+4.036e+03	+9.846e+03	+0.491
145.600	+4.402e+03	+5.010e+03	+1.010e+04	+0.532
145.700	+5.440e+03	+4.523e+03	+9.667e+03	+0.454
145.800	+4.526e+03	+6.516e+03	+9.721e+03	+0.590
145.900	+6.806e+03	+2.969e+03	+9.982e+03	+0.304
146.000	+4.220e+03	+6.028e+03	+1.072e+04	+0.588
146.100	+5.559e+03	+4.644e+03	+9.478e+03	+0.455
146.200	+5.394e+03	+5.138e+03	+8.182e+03	+0.488
146.300	+5.385e+03	+3.759e+03	+1.242e+04	+0.411
146.400	+5.772e+03	+4.998e+03	+9.151e+03	+0.464
146.500	+4.160e+03	+3.555e+03	+9.946e+03	+0.461
146.600	+4.973e+03	+5.311e+03	+1.064e+04	+0.516
146.700	+4.546e+03	+4.277e+03	+1.017e+04	+0.485
146.800	+4.549e+03	+4.500e+03	+1.066e+04	+0.497
146.900	+3.929e+03	+5.056e+03	+9.392e+03	+0.563
147.000	+4.318e+03	+5.893e+03	+1.017e+04	+0.577
147.100	+5.059e+03	+5.117e+03	+9.514e+03	+0.503
147.200	+4.379e+03	+5.068e+03	+1.038e+04	+0.536
147.300	+3.823e+03	+4.381e+03	+1.111e+04	+0.534
147.400	+4.143e+03	+6.093e+03	+1.032e+04	+0.595
147.500	+5.513e+03	+6.100e+03	+9.641e+03	+0.525
147.600	+3.990e+03	+4.316e+03	+1.058e+04	+0.520
147.700	+4.993e+03	+3.946e+03	+1.047e+04	+0.441
147.800	+4.368e+03	+4.442e+03	+9.008e+03	+0.504
147.900	+4.989e+03	+5.339e+03	+9.239e+03	+0.517
148.000	+5.090e+03	+6.133e+03	+1.042e+04	+0.546
148.100	+4.974e+03	+6.024e+03	+1.096e+04	+0.548
148.200	+5.785e+03	+6.097e+03	+1.089e+04	+0.513
148.300	+3.822e+03	+5.080e+03	+9.430e+03	+0.571
148.400	+3.999e+03	+4.093e+03	+9.118e+03	+0.506
148.500	+5.251e+03	+4.919e+03	+9.816e+03	+0.484
148.600	+4.503e+03	+4.357e+03	+9.555e+03	+0.492
148.700	+5.425e+03	+4.326e+03	+1.008e+04	+0.444
148.800	+5.254e+03	+5.388e+03	+9.306e+03	+0.506
148.900	+5.678e+03	+5.397e+03	+9.956e+03	+0.487
149.000	+3.145e+03	+5.160e+03	+9.971e+03	+0.621
149.100	+4.258e+03	+5.699e+03	+9.617e+03	+0.572
149.200	+5.666e+03	+5.236e+03	+9.711e+03	+0.480
149.300	+5.751e+03	+4.873e+03	+9.309e+03	+0.459
149.400	+4.469e+03	+4.377e+03	+1.032e+04	+0.495
149.500	+4.860e+03	+4.514e+03	+9.622e+03	+0.482
149.600	+5.370e+03	+4.833e+03	+9.578e+03	+0.474
149.700	+4.330e+03	+4.339e+03	+1.038e+04	+0.501
149.800	+5.377e+03	+5.114e+03	+9.541e+03	+0.487
149.900	+6.017e+03	+4.775e+03	+1.039e+04	+0.442
150.000	+4.772e+03	+5.789e+03	+1.010e+04	+0.548
150.100	+4.949e+03	+4.901e+03	+8.270e+03	+0.498
150.200	+6.106e+03	+5.075e+03	+1.157e+04	+0.454
150.300	+4.689e+03	+4.307e+03	+1.094e+04	+0.479
150.400	+4.321e+03	+4.409e+03	+1.005e+04	+0.505
150.500	+4.000e+03	+4.717e+03	+8.973e+03	+0.541
150.600	+4.869e+03	+5.303e+03	+9.721e+03	+0.521
150.700	+5.630e+03	+4.326e+03	+9.863e+03	+0.435
150.800	+5.267e+03	+6.281e+03	+1.001e+04	+0.544
150.900	+5.211e+03	+4.500e+03	+9.774e+03	+0.463
151.000	+4.796e+03	+6.145e+03	+1.039e+04	+0.562
151.100	+3.711e+03	+4.534e+03	+1.047e+04	+0.550
151.200	+5.088e+03	+4.909e+03	+1.048e+04	+0.491
151.300	+4.059e+03	+4.623e+03	+1.149e+04	+0.532
151.400	+4.218e+03	+5.088e+03	+8.911e+03	+0.547
151.500	+5.028e+03	+4.214e+03	+9.947e+03	+0.456
151.600	+4.070e+03	+6.321e+03	+8.994e+03	+0.608
151.700	+3.929e+03	+4.517e+03	+9.554e+03	+0.535
151.800	+4.497e+03	+5.634e+03	+9.245e+03	+0.556
151.900	+5.932e+03	+4.989e+03	+8.825e+03	+0.457
152.000	+5.112e+03	+4.915e+03	+9.979e+03	+0.490
152.100	+5.679e+03	+4.464e+03	+9.655e+03	+0.440
152.200	+5.148e+03	+5.230e+03	+1.003e+04	+0.504
152.300	+5.324e+03	+4.746e+03	+9.839e+03	+0.471
152.400	+6.644e+03	+2.484e+03	+9.446e+03	+0.272
152.500	+7.009e+03	+2.978e+03	+8.322e+03	+0.298
152.600	+6.846e+03	+2.598e+03	+1.068e+04	+0.275
152.700	+7.299e+03	+2.440e+03	+9.648e+03	+0.251
152.800	+7.714e+03	+2.026e+03	+1.003e+04	+0.208
152.900	+6.799e+03	+2.080e+03	+1.010e+04	+0.234
153.000	+7.826e+03	+3.061e+03	+9.190e+03	+0.281
153.100	+6.048e+03	+3.577e+03	+1.049e+04	+0.372
153.200	+5.786e+03	+4.410e+03	+9.458e+03	+0.433
153.300	+4.558e+03	+4.630e+03	+9.109e+03	+0.504
153.400	+3.890e+03	+5.460e+03	+9.897e+03	+0.584
153.500	+5.260e+03	+4.809e+03	+1.085e+04	+0.478
153.600	+4.570e+03	+5.507e+03	+9.598e+03	+0.546
153.700	+4.382e+03	+4.944e+03	+9.360e+03	+0.530
153.800	+5.344e+03	+4.827e+03	+8.826e+03	+0.475
153.900	+4.651e+03	+4.936e+03	+8.962e+03	+0.515
154.000	+5.122e+03	+4.808e+03	+1.070e+04	+0.484
154.100	+3.868e+03	+4.651e+03	+1.063e+04	+0.546
154.200	+5.630e+03	+4.563e+03	+8.956e+03	+0.448
154.300	+6.914e+03	+4.417e+03	+9.632e+03	+0.390
154.400	+5.761e+03	+5.592e+03	+9.781e+03	+0.493
154.500	+5.514e+03	+4.582e+03	+9.339e+03	+0.454
154.600	+4.759e+03	+4.850e+03	+9.183e+03	+0.505
154.700	+4.146e+03	+5.261e+03	+8.868e+03	+0.559
154.800	+4.003e+03	+5.970e+03	+9.569e+03	+0.599
154.900	+4.780e+03	+4.774e+03	+9.375e+03	+0.500
155.000	+5.620e+03	+4.578e+03	+1.113e+04	+0.449
155.100	+5.489e+03	+4.941e+03	+9.066e+03	+0.474
155.200	+4.775e+03	+5.158e+03	+9.658e+03	+0.519
155.300	+4.072e+03	+3.627e+03	+9.955e+03	+0.471
155.400	+5.174e+03	+3.459e+03	+9.749e+03	+0.401
155.500	+4.856e+03	+4.851e+03	+1.026e+04	+0.500
155.600	+5.030e+03	+4.783e+03	+1.083e+04	+0.487
155.700	+5.633e+03	+4.604e+03	+9.120e+03	+0.450
155.800	+5.492e+03	+5.281e+03	+1.023e+04	+0.490
155.900	+3.783e+03	+5.678e+03	+9.235e+03	+0.600
156.000	+4.912e+03	+5.503e+03	+9.029e+03	+0.528
156.100	+5.095e+03	+5.850e+03	+9.530e+03	+0.535
156.200	+1.967e+03	+7.888e+03	+9.328e+03	+0.800
156.300	+1.293e+03	+8.186e+03	+9.765e+03	+0.864
156.400	+6.534e+03	+4.279e+03	+1.001e+04	+0.396
156.500	+6.764e+03	+4.138e+03	+9.926e+03	+0.380
156.600	+6.846e+03	+9.989e+02	+9.869e+03	+0.127
156.700	+8.503e+03	+3.658e+03	+1.001e+04	+0.301
156.800	+6.410e+03	+2.943e+03	+9.098e+03	+0.315
156.900	+7.293e+03	+1.630e+03	+9.573e+03	+0.183
157.000	+3.630e+03	+7.356e+03	+1.016e+04	+0.670
157.100	+2.322e+03	+8.047e+03	+8.864e+03	+0.776
157.200	+1.366e+03	+8.331e+03	+9.939e+03	+0.859
157.300	+1.312e+03	+7.352e+03	+9.442e+03	+0.849
157.400	+2.229e+03	+8.044e+03	+1.012e+04	+0.783
157.500	+2.500e+03	+9.115e+03	+9.677e+03	+0.785
157.600	+1.343e+03	+8.631e+03	+9.531e+03	+0.865
157.700	+1.920e+03	+7.543e+03	+9.110e+03	+0.797
157.800	+1.464e+03	+8.085e+03	+9.515e+03	+0.847
157.900	+2.046e+03	+8.441e+03	+1.025e+04	+0.805
158.000	+1.540e+03	+6.550e+03	+1.084e+04	+0.810
158.100	+1.678e+03	+7.351e+03	+1.031e+04	+0.814
158.200	+1.484e+03	+8.451e+03	+1.068e+04	+0.851
158.300	+2.570e+03	+8.997e+03	+1.086e+04	+0.778
158.400	+1.744e+03	+8.114e+03	+1.034e+04	+0.823
158.500	+2.101e+03	+7.283e+03	+1.030e+04	+0.776
158.600	+3.058e+03	+8.326e+03	+9.331e+03	+0.731
158.700	+2.656e+03	+8.275e+03	+9.165e+03	+0.757
158.800	+1.196e+03	+8.136e+03	+9.478e+03	+0.872
158.900	+1.792e+03	+8.036e+03	+1.057e+04	+0.818
159.000	+2.451e+03	+7.791e+03	+9.897e+03	+0.761
159.100	+2.903e+03	+8.250e+03	+9.273e+03	+0.740
159.200	+2.320e+03	+7.294e+03	+9.693e+03	+0.759
159.300	+1.996e+03	+8.515e+03	+9.036e+03	+0.810
159.400	+1.195e+03	+7.690e+03	+9.994e+03	+0.866
159.500	+2.346e+03	+7.386e+03	+9.447e+03	+0.759
159.600	+1.882e+03	+7.555e+03	+9.412e+03	+0.801
159.700	+3.230e+03	+8.778e+03	+9.613e+03	+0.731
159.800	+2.915e+03	+7.590e+03	+9.037e+03	+0.723
159.900	+2.274e+03	+9.346e+03	+9.762e+03	+0.804
160.000	+4.732e+03	+5.117e+03	+9.012e+03	+0.520
160.100	+5.233e+03	+5.842e+03	+8.809e+03	+0.527
160.200	+5.533e+03	+5.572e+03	+1.028e+04	+0.502
160.300	+5.640e+03	+5.699e+03	+1.074e+04	+0.503
160.400	+5.355e+03	+5.186e+03	+1.017e+04	+0.492
160.500	+5.957e+03	+5.560e+03	+1.005e+04	+0.483
160.600	+5.800e+03	+5.321e+03	+1.091e+04	+0.478
160.700	+4.990e+03	+5.423e+03	+1.010e+04	+0.521
160.800	+4.462e+03	+5.232e+03	+9.684e+03	+0.540
160.900	+1.955e+03	+7.872e+03	+1.042e+04	+0.801
161.000	+2.174e+03	+7.416e+03	+1.110e+04	+0.773
161.100	+3.291e+03	+8.258e+03	+9.138e+03	+0.715
161.200	+4.084e+02	+6.146e+03	+1.028e+04	+0.938
161.300	+2.234e+03	+6.628e+03	+9.863e+03	+0.748
161.400	+1.718e+03	+7.165e+03	+1.096e+04	+0.807
161.500	+2.868e+02	+8.425e+03	+8.151e+03	+0.967
161.600	+2.682e+03	+8.191e+03	+1.074e+04	+0.753
161.700	+2.451e+03	+8.077e+03	+1.062e+04	+0.767
161.800	+3.460e+03	+5.676e+03	+1.029e+04	+0.621
161.900	+5.897e+03	+2.349e+03	+9.067e+03	+0.285
162.000	+8.132e+03	+1.665e+03	+9.780e+03	+0.170
162.100	+8.332e+03	+3.253e+03	+9.882e+03	+0.281
162.200	+7.899e+03	+1.184e+03	+1.005e+04	+0.130
162.300	+7.010e+03	+3.144e+03	+1.056e+04	+0.310
162.400	+7.635e+03	+1.798e+03	+1.067e+04	+0.191
162.500	+7.216e+03	+3.403e+03	+1.062e+04	+0.321
162.600	+7.518e+03	+2.383e+03	+1.068e+04	+0.241
162.700	+8.011e+03	+4.043e+03	+1.201e+04	+0.335
162.800	+9.563e+03	+1.438e+03	+9.993e+03	+0.131
162.900	+7.058e+03	+2.095e+03	+1.122e+04	+0.229
163.000	+7.954e+03	+2.988e+03	+1.117e+04	+0.273
163.100	+9.366e+03	+2.123e+03	+1.003e+04	+0.185
163.200	+7.461e+03	+2.403e+03	+1.102e+04	+0.244
163.300	+7.561e+03	+1.452e+03	+1.029e+04	+0.161
163.400	+8.071e+03	+1.937e+03	+9.731e+03	+0.194
163.500	+7.452e+03	+2.612e+03	+9.765e+03	+0.260
163.600	+7.714e+03	+2.616e+03	+1.002e+04	+0.253
163.700	+7.699e+03	+1.771e+03	+1.008e+04	+0.187
163.800	+7.976e+03	+2.329e+03	+9.581e+03	+0.226
163.900	+5.946e+03	+4.537e+03	+9.260e+03	+0.433
164.000	+8.308e+03	+1.970e+03	+1.029e+04	+0.192
164.100	+6.939e+03	+2.157e+03	+9.015e+03	+0.237
164.200	+7.799e+03	+1.529e+03	+1.026e+04	+0.164
164.300	+7.271e+03	+7.426e+02	+9.837e+03	+0.093
164.400	+6.697e+03	+3.562e+03	+9.700e+03	+0.347
164.500	+4.290e+03	+4.839e+03	+9.425e+03	+0.530
164.600	+5.459e+03	+3.809e+03	+8.345e+03	+0.411
164.700	+5.220e+03	+5.328e+03	+9.383e+03	+0.505
164.800	+5.945e+03	+5.877e+03	+9.878e+03	+0.497
164.900	+5.152e+03	+5.499e+03	+1.018e+04	+0.516
165.000	+4.622e+03	+6.259e+03	+1.030e+04	+0.575
165.100	+5.370e+03	+4.636e+03	+1.030e+04	+0.463
165.200	+3.702e+03	+4.887e+03	+8.765e+03	+0.569
165.300	+6.162e+03	+5.576e+03	+1.014e+04	+0.475
165.400	+4.520e+03	+5.115e+03	+1.031e+04	+0.531
165.500	+4.934e+03	+5.914e+03	+9.280e+03	+0.545
165.600	+5.778e+03	+5.356e+03	+1.122e+04	+0.481
165.700	+5.359e+03	+3.505e+03	+9.403e+03	+0.395
165.800	+7.117e+03	+2.070e+03	+9.472e+03	+0.225
165.900	+6.851e+03	+1.758e+03	+8.895e+03	+0.204
166.000	+8.058e+03	+1.857e+03	+9.718e+03	+0.187
166.100	+7.138e+03	+2.869e+03	+9.745e+03	+0.287
166.200	+6.952e+03	+2.419e+03	+1.103e+04	+0.258
166.300	+8.081e+03	+3.795e+03	+1.001e+04	+0.320
166.400	+7.087e+03	+4.096e+03	+1.052e+04	+0.366
166.500	+7.724e+03	+2.814e+03	+1.025e+04	+0.267
166.600	+7.098e+03	+3.109e+03	+8.134e+03	+0.305
166.700	+8.505e+03	+1.901e+03	+9.659e+03	+0.183
166.800	+7.112e+03	+2.767e+03	+1.040e+04	+0.280
166.900	+7.870e+03	+2.927e+03	+9.105e+03	+0.271
167.000	+7.400e+03	+1.782e+03	+1.003e+04	+0.194
167.100	+7.857e+03	+2.024e+03	+9.690e+03	+0.205
167.200	+7.796e+03	+3.384e+03	+1.027e+04	+0.303
167.300	+7.245e+03	+1.365e+03	+1.060e+04	+0.159
167.400	+6.631e+03	+2.516e+03	+1.022e+04	+0.275
167.500	+7.688e+03	+2.880e+03	+1.106e+04	+0.273
167.600	+7.122e+03	+5.635e+02	+1.023e+04	+0.073
167.700	+6.778e+03	+3.605e+03	+9.092e+03	+0.347
167.800	+5.011e+03	+5.203e+03	+9.012e+03	+0.509
167.900	+3.718e+03	+7.007e+03	+1.048e+04	+0.653
168.000	+4.425e+03	+5.526e+03	+9.936e+03	+0.555
168.100	+7.674e+03	+3.241e+03	+1.039e+04	+0.297
168.200	+6.151e+03	+2.021e+03	+9.917e+03	+0.247
168.300	+7.285e+03	+2.780e+03	+1.014e+04	+0.276
168.400	+7.635e+03	+2.947e+03	+9.576e+03	+0.278
168.500	+7.063e+03	+1.718e+03	+9.344e+03	+0.196
168.600	+7.123e+03	+3.680e+03	+1.025e+04	+0.341
168.700	+7.905e+03	+2.641e+03	+1.180e+04	+0.250
168.800	+7.616e+03	+3.375e+03	+1.039e+04	+0.307
168.900	+7.734e+03	+2.756e+03	+9.705e+03	+0.263
169.000	+7.693e+03	+2.344e+03	+9.365e+03	+0.234
169.100	+8.364e+03	+2.546e+03	+8.034e+03	+0.233
169.200	+6.247e+03	+2.963e+03	+9.276e+03	+0.322
169.300	+7.622e+03	+4.251e+03	+9.426e+03	+0.358
169.400	+8.312e+03	+2.564e+03	+1.022e+04	+0.236
169.500	+7.836e+03	+3.306e+03	+1.027e+04	+0.297
169.600	+7.505e+03	+3.471e+03	+9.459e+03	+0.316
169.700	+8.188e+03	+2.003e+03	+1.149e+04	+0.197
169.800	+8.051e+03	+2.426e+03	+9.437e+03	+0.232
169.900	+8.108e+03	+3.265e+03	+9.606e+03	+0.287
170.000	+7.730e+03	+1.209e+03	+9.930e+03	+0.135
170.100	+7.792e+03	+2.705e+03	+9.932e+03	+0.258
170.200	+7.137e+03	+2.642e+03	+9.594e+03	+0.270
170.300	+6.088e+03	+2.101e+03	+9.700e+03	+0.257
170.400	+7.751e+03	+2.305e+03	+9.914e+03	+0.229
170.500	+6.865e+03	+1.355e+03	+9.649e+03	+0.165
170.600	+7.099e+03	+2.144e+03	+1.087e+04	+0.232
170.700	+7.641e+03	+1.643e+03	+1.025e+04	+0.177
170.800	+6.738e+03	+2.562e+03	+8.239e+03	+0.276
170.900	+7.790e+03	+3.323e+03	+1.023e+04	+0.299
171.000	+4.815e+03	+6.195e+03	+1.061e+04	+0.563
171.100	+5.823e+03	+5.637e+03	+1.062e+04	+0.492
171.200	+5.365e+03	+6.420e+03	+1.038e+04	+0.545
171.300	+6.164e+03	+4.501e+03	+1.058e+04	+0.422
171.400	+5.325e+03	+6.694e+03	+9.635e+03	+0.557
171.500	+4.890e+03	+5.382e+03	+1.078e+04	+0.524
171.600	+4.999e+03	+4.356e+03	+9.558e+03	+0.466
171.700	+5.347e+03	+4.808e+03	+1.132e+04	+0.473
171.800	+5.098e+03	+4.733e+03	+9.872e+03	+0.481
171.900	+2.665e+03	+6.851e+03	+9.752e+03	+0.720
172.000	+2.857e+03	+7.766e+03	+1.052e+04	+0.731
172.100	+8.123e+03	+3.469e+03	+1.009e+04	+0.299
172.200	+7.538e+03	+2.598e+03	+1.030e+04	+0.256
172.300	+8.074e+03	+3.004e+03	+1.070e+04	+0.271
172.400	+6.034e+03	+4.837e+03	+1.134e+04	+0.445
172.500	+4.805e+03	+5.534e+03	+9.773e+03	+0.535
172.600	+5.391e+03	+4.890e+03	+9.367e+03	+0.476
172.700	+4.321e+03	+4.418e+03	+9.907e+03	+0.506
172.800	+5.060e+03	+4.871e+03	+9.537e+03	+0.490
172.900	+5.650e+03	+5.113e+03	+9.747e+03	+0.475
173.000	+4.288e+03	+4.945e+03	+1.041e+04	+0.536
173.100	+5.174e+03	+5.347e+03	+1.080e+04	+0.508
173.200	+5.381e+03	+5.736e+03	+8.823e+03	+0.516
173.300	+5.074e+03	+5.210e+03	+9.920e+03	+0.507
173.400	+4.880e+03	+4.850e+03	+1.057e+04	+0.498
173.500	+6.343e+03	+5.721e+03	+1.003e+04	+0.474
173.600	+5.484e+03	+3.561e+03	+1.065e+04	+0.394
173.700	+5.097e+03	+4.204e+03	+1.045e+04	+0.452
173.800	+5.235e+03	+4.559e+03	+1.032e+04	+0.466
173.900	+5.267e+03	+6.337e+03	+9.756e+03	+0.546
174.000	+4.257e+03	+5.275e+03	+8.623e+03	+0.553
174.100	+3.721e+03	+4.500e+03	+1.036e+04	+0.547
174.200	+5.105e+03	+5.262e+03	+1.147e+04	+0.508
174.300	+6.206e+03	+4.710e+03	+1.132e+04	+0.431
174.400	+5.690e+03	+6.238e+03	+8.954e+03	+0.523
174.500	+5.748e+03	+5.021e+03	+1.094e+04	+0.466
174.600	+5.122e+03	+5.280e+03	+1.118e+04	+0.508
174.700	+4.922e+03	+4.528e+03	+9.273e+03	+0.479
174.800	+5.211e+03	+4.739e+03	+9.809e+03	+0.476
174.900	+5.401e+03	+5.209e+03	+1.028e+04	+0.491
175.000	+4.417e+03	+3.888e+03	+8.734e+03	+0.468
175.100	+4.622e+03	+4.940e+03	+1.190e+04	+0.517
175.200	+5.306e+03	+4.899e+03	+9.346e+03	+0.480
175.300	+6.452e+03	+4.692e+03	+9.987e+03	+0.421
175.400	+4.068e+03	+5.108e+03	+9.515e+03	+0.557
175.500	+4.666e+03	+3.713e+03	+9.965e+03	+0.443
175.600	+4.344e+03	+4.906e+03	+1.097e+04	+0.530
175.700	+3.442e+03	+6.066e+03	+1.004e+04	+0.638
175.800	+4.859e+03	+5.626e+03	+1.195e+04	+0.537
175.900	+4.809e+03	+4.763e+03	+9.205e+03	+0.498
176.000	+4.203e+03	+5.169e+03	+9.597e+03	+0.552
176.100	+6.473e+03	+5.518e+03	+1.062e+04	+0.460
176.200	+5.182e+03	+5.531e+03	+9.312e+03	+0.516
176.300	+5.701e+03	+4.882e+03	+9.984e+03	+0.461
176.400	+4.532e+03	+4.451e+03	+1.060e+04	+0.495
176.500	+4.637e+03	+5.197e+03	+9.276e+03	+0.528
176.600	+5.102e+03	+5.013e+03	+1.035e+04	+0.496
176.700	+3.650e+03	+5.139e+03	+1.056e+04	+0.585
176.800	+4.727e+03	+4.686e+03	+1.068e+04	+0.498
176.900	+4.171e+03	+7.159e+03	+1.011e+04	+0.632
177.000	+1.645e+03	+8.415e+03	+8.522e+03	+0.836
177.100	+2.371e+03	+8.485e+03	+1.026e+04	+0.782
177.200	+2.226e+03	+8.209e+03	+1.006e+04	+0.787
177.300	+4.129e+03	+7.849e+03	+9.428e+03	+0.655
177.400	+6.039e+03	+3.790e+03	+1.053e+04	+0.386
177.500	+4.382e+03	+4.615e+03	+9.788e+03	+0.513
177.600	+5.083e+03	+4.799e+03	+1.090e+04	+0.486
177.700	+5.009e+03	+4.943e+03	+9.573e+03	+0.497
177.800	+4.243e+03	+4.733e+03	+9.445e+03	+0.527
177.900	+6.608e+03	+3.883e+03	+8.459e+03	+0.370
178.000	+5.351e+03	+6.477e+03	+9.997e+03	+0.548
178.100	+3.496e+03	+6.064e+03	+9.727e+03	+0.634
178.200	+2.028e+03	+8.065e+03	+9.901e+03	+0.799
178.300	+1.915e+03	+8.158e+03	+1.111e+04	+0.810
178.400	+2.776e+03	+8.252e+03	+8.558e+03	+0.748
178.500	+1.872e+03	+7.853e+03	+9.235e+03	+0.807
178.600	+7.254e+02	+8.010e+03	+9.076e+03	+0.917
178.700	+2.519e+03	+7.562e+03	+9.849e+03	+0.750
178.800	+3.611e+03	+7.625e+03	+9.448e+03	+0.679
178.900	+1.593e+03	+7.555e+03	+9.120e+03	+0.826
179.000	+1.313e+03	+7.234e+03	+1.073e+04	+0.846
179.100	+1.088e+03	+8.115e+03	+1.001e+04	+0.882
179.200	+2.098e+03	+7.528e+03	+9.652e+03	+0.782
179.300	+2.359e+03	+8.171e+03	+1.031e+04	+0.776
179.400	+1.693e+03	+7.917e+03	+9.559e+03	+0.824
179.500	+2.602e+03	+8.028e+03	+1.099e+04	+0.755
179.600	+3.199e+03	+7.830e+03	+1.037e+04	+0.710
179.700	+3.359e+03	+6.580e+03	+1.032e+04	+0.662
179.800	+2.176e+03	+7.702e+03	+1.022e+04	+0.780
179.900	+2.027e+03	+7.754e+03	+1.080e+04	+0.793
180.000	+2.818e+03	+8.916e+03	+9.911e+03	+0.760
180.100	+2.176e+03	+7.258e+03	+1.037e+04	+0.769
180.200	+2.660e+03	+8.151e+03	+1.026e+04	+0.754
180.300	+2.121e+03	+8.553e+03	+9.588e+03	+0.801
180.400	+3.203e+03	+7.807e+03	+1.025e+04	+0.709
180.500	+1.408e+03	+8.604e+03	+9.915e+03	+0.859
180.600	+1.614e+03	+6.197e+03	+1.082e+04	+0.793
180.700	+1.885e+03	+8.045e+03	+9.868e+03	+0.810
180.800	+2.142e+03	+6.885e+03	+1.007e+04	+0.763
180.900	+5.064e+03	+4.660e+03	+9.747e+03	+0.479
181.000	+4.309e+03	+5.154e+03	+9.379e+03	+0.545
181.100	+6.464e+03	+5.805e+03	+9.447e+03	+0.473
181.200	+4.643e+03	+5.660e+03	+1.047e+04	+0.549
181.300	+5.165e+03	+5.556e+03	+8.820e+03	+0.518
181.400	+5.247e+03	+4.196e+03	+1.024e+04	+0.444
181.500	+5.296e+03	+3.894e+03	+8.254e+03	+0.424
181.600	+4.659e+03	+5.047e+03	+9.616e+03	+0.520
181.700	+5.959e+03	+4.097e+03	+1.018e+04	+0.407
181.800	+5.354e+03	+7.223e+03	+1.024e+04	+0.574
181.900	+4.377e+03	+4.975e+03	+8.772e+03	+0.532
182.000	+4.782e+03	+4.083e+03	+1.077e+04	+0.461
182.100	+4.922e+03	+4.882e+03	+1.036e+04	+0.498
182.200	+4.727e+03	+4.821e+03	+9.379e+03	+0.505
182.300	+5.681e+03	+3.664e+03	+1.025e+04	+0.392
182.400	+5.617e+03	+4.366e+03	+1.028e+04	+0.437
182.500	+4.711e+03	+5.382e+03	+1.009e+04	+0.533
182.600	+5.617e+03	+4.985e+03	+9.453e+03	+0.470
182.700	+5.605e+03	+6.481e+03	+1.007e+04	+0.536
182.800	+4.211e+03	+5.782e+03	+9.361e+03	+0.579
182.900	+4.805e+03	+5.872e+03	+9.765e+03	+0.550
183.000	+3.760e+03	+4.663e+03	+1.007e+04	+0.554
183.100	+4.918e+03	+4.977e+03	+9.808e+03	+0.503
183.200	+4.745e+03	+4.126e+03	+9.740e+03	+0.465
183.300	+4.416e+03	+5.513e+03	+1.006e+04	+0.555
183.400	+3.385e+03	+5.095e+03	+9.900e+03	+0.601
183.500	+4.143e+03	+4.925e+03	+1.114e+04	+0.543
183.600	+4.716e+03	+5.370e+03	+8.679e+03	+0.532
183.700	+5.687e+03	+4.912e+03	+9.769e+03	+0.463
183.800	+4.919e+03	+4.222e+03	+1.005e+04	+0.462
183.900	+3.985e+03	+4.432e+03	+1.055e+04	+0.527
184.000	+4.571e+03	+5.622e+03	+9.724e+03	+0.552
184.100	+6.569e+03	+5.881e+03	+1.017e+04	+0.472
184.200	+4.960e+03	+5.605e+03	+1.003e+04	+0.531
184.300	+4.897e+03	+6.646e+03	+9.079e+03	+0.576
184.400	+6.492e+03	+3.438e+03	+9.154e+03	+0.346
184.500	+7.043e+03	+1.982e+03	+9.818e+03	+0.220
184.600	+8.544e+03	+1.676e+03	+9.287e+03	+0.164
184.700	+7.571e+03	+3.307e+03	+9.254e+03	+0.304
184.800	+8.283e+03	+2.108e+03	+9.466e+03	+0.203
184.900	+9.015e+03	+3.419e+03	+1.037e+04	+0.275
185.000	+6.675e+03	+2.851e+03	+1.008e+04	+0.299
185.100	+7.641e+03	+2.931e+03	+1.062e+04	+0.277
185.200	+5.454e+03	+5.217e+03	+9.450e+03	+0.489
185.300	+4.856e+03	+3.619e+03	+9.188e+03	+0.427
185.400	+4.808e+03	+5.495e+03	+9.527e+03	+0.533
185.500	+5.409e+03	+4.698e+03	+9.796e+03	+0.465
185.600	+3.774e+03	+5.182e+03	+9.959e+03	+0.579
185.700	+4.920e+03	+4.408e+03	+9.032e+03	+0.473
185.800	+5.458e+03	+4.420e+03	+1.040e+04	+0.447
185.900	+4.652e+03	+5.113e+03	+1.050e+04	+0.524
186.000	+4.070e+03	+4.971e+03	+8.833e+03	+0.550
186.100	+5.562e+03	+5.258e+03	+9.144e+03	+0.486
186.200	+4.605e+03	+4.422e+03	+8.992e+03	+0.490
186.300	+4.798e+03	+3.506e+03	+1.038e+04	+0.422
186.400	+5.046e+03	+4.801e+03	+1.015e+04	+0.488
186.500	+4.867e+03	+5.076e+03	+1.081e+04	+0.511
186.600	+5.000e+03	+5.233e+03	+9.494e+03	+0.511
186.700	+4.931e+03	+3.836e+03	+1.000e+04	+0.438
186.800	+5.102e+03	+5.940e+03	+1.048e+04	+0.538
186.900	+4.922e+03	+5.050e+03	+9.602e+03	+0.506
187.000	+4.320e+03	+4.600e+03	+1.058e+04	+0.516
187.100	+3.719e+03	+3.367e+03	+9.126e+03	+0.475
187.200	+4.842e+03	+4.472e+03	+1.108e+04	+0.480
187.300	+4.908e+03	+3.887e+03	+9.916e+03	+0.442
187.400	+5.015e+03	+4.220e+03	+1.039e+04	+0.457
187.500	+5.286e+03	+4.955e+03	+9.689e+03	+0.484
187.600	+4.861e+03	+4.728e+03	+9.969e+03	+0.493
187.700	+5.768e+03	+4.237e+03	+1.098e+04	+0.423
187.800	+4.928e+03	+5.517e+03	+9.747e+03	+0.528
187.900	+6.426e+03	+6.099e+03	+1.014e+04	+0.487
188.000	+5.077e+03	+4.262e+03	+1.050e+04	+0.456
188.100	+3.787e+03	+4.674e+03	+1.137e+04	+0.552
188.200	+6.321e+03	+3.694e+03	+1.174e+04	+0.369
188.300	+4.474e+03	+4.419e+03	+1.030e+04	+0.497
188.400	+5.688e+03	+5.865e+03	+9.452e+03	+0.508
188.500	+5.072e+03	+4.123e+03	+9.784e+03	+0.448
188.600	+3.931e+03	+4.979e+03	+1.002e+04	+0.559
188.700	+5.719e+03	+4.909e+03	+1.018e+04	+0.462
188.800	+4.653e+03	+5.096e+03	+9.767e+03	+0.523
188.900	+3.937e+03	+5.326e+03	+1.071e+04	+0.575
189.000	+5.844e+03	+4.371e+03	+1.012e+04	+0.428
189.100	+5.281e+03	+4.220e+03	+9.712e+03	+0.444
189.200	+5.168e+03	+3.623e+03	+9.658e+03	+0.412
189.300	+5.465e+03	+6.085e+03	+1.033e+04	+0.527
189.400	+4.643e+03	+5.175e+03	+9.583e+03	+0.527
189.500	+5.762e+03	+4.367e+03	+1.084e+04	+0.431
189.600	+6.003e+03	+4.854e+03	+1.030e+04	+0.447
189.700	+6.182e+03	+5.925e+03	+9.634e+03	+0.489
189.800	+5.710e+03	+5.109e+03	+9.190e+03	+0.472
189.900	+4.060e+03	+4.881e+03	+8.789e+03	+0.546
190.000	+4.861e+03	+5.694e+03	+9.825e+03	+0.539
190.100	+4.530e+03	+5.832e+03	+9.895e+03	+0.563
190.200	+6.301e+03	+6.704e+03	+9.572e+03	+0.516
190.300	+4.191e+03	+4.520e+03	+9.900e+03	+0.519
190.400	+5.206e+03	+5.136e+03	+9.196e+03	+0.497
190.500	+5.617e+03	+5.201e+03	+1.050e+04	+0.481
190.600	+5.851e+03	+3.701e+03	+8.821e+03	+0.387
190.700	+4.835e+03	+5.340e+03	+8.181e+03	+0.525
190.800	+4.463e+03	+4.433e+03	+9.765e+03	+0.498
190.900	+6.185e+03	+4.412e+03	+9.836e+03	+0.416
191.000	+4.585e+03	+4.665e+03	+8.727e+03	+0.504
191.100	+5.929e+03	+3.909e+03	+8.635e+03	+0.397
191.200	+5.640e+03	+4.987e+03	+9.744e+03	+0.469
191.300	+4.791e+03	+6.707e+03	+9.988e+03	+0.583
191.400	+4.495e+03	+5.824e+03	+1.058e+04	+0.564
191.500	+5.995e+03	+4.500e+03	+9.577e+03	+0.429
191.600	+5.979e+03	+4.098e+03	+1.023e+04	+0.407
191.700	+5.664e+03	+3.757e+03	+9.120e+03	+0.399
191.800	+5.306e+03	+4.141e+03	+1.082e+04	+0.438
191.900	+4.141e+03	+5.359e+03	+9.993e+03	+0.564
192.000	+3.909e+03	+5.825e+03	+9.641e+03	+0.598
192.100	+4.154e+03	+5.427e+03	+8.846e+03	+0.566
192.200	+4.723e+03	+4.951e+03	+1.032e+04	+0.512
192.300	+5.356e+03	+4.920e+03	+1.100e+04	+0.479
192.400	+4.659e+03	+6.201e+03	+9.913e+03	+0.571
192.500	+4.652e+03	+5.064e+03	+9.690e+03	+0.521
192.600	+4.543e+03	+5.218e+03	+9.054e+03	+0.535
192.700	+5.292e+03	+4.114e+03	+9.747e+03	+0.437
192.800	+4.648e+03	+5.508e+03	+1.077e+04	+0.542
192.900	+4.940e+03	+3.443e+03	+1.052e+04	+0.411
193.000	+5.287e+03	+3.678e+03	+9.447e+03	+0.410
193.100	+4.075e+03	+4.153e+03	+9.323e+03	+0.505
193.200	+4.407e+03	+4.740e+03	+9.119e+03	+0.518
193.300	+3.927e+03	+7.287e+03	+1.032e+04	+0.650
193.400	+3.188e+03	+8.159e+03	+9.967e+03	+0.719
193.500	+2.680e+03	+8.714e+03	+1.087e+04	+0.765
193.600	+1.524e+03	+7.918e+03	+1.034e+04	+0.839
193.700	+1.942e+03	+9.516e+03	+9.916e+03	+0.830
193.800	+1.533e+03	+7.912e+03	+9.164e+03	+0.838
193.900	+2.137e+03	+9.275e+03	+1.022e+04	+0.813
194.000	+1.530e+03	+8.803e+03	+1.014e+04	+0.852
194.100	+2.775e+03	+7.316e+03	+1.033e+04	+0.725
194.200	+1.167e+03	+8.232e+03	+9.655e+03	+0.876
194.300	+2.054e+03	+8.887e+03	+9.725e+03	+0.812
194.400	+1.780e+03	+7.450e+03	+8.417e+03	+0.807
194.500	+1.582e+03	+7.394e+03	+1.096e+04	+0.824
194.600	+2.283e+03	+7.944e+03	+1.081e+04	+0.777
194.700	+1.698e+03	+8.082e+03	+9.893e+03	+0.826
194.800	+2.143e+03	+8.556e+03	+9.803e+03	+0.800
194.900	+1.650e+03	+7.036e+03	+9.851e+03	+0.810
195.000	+3.135e+03	+7.893e+03	+9.974e+03	+0.716
195.100	+1.900e+03	+8.264e+03	+9.546e+03	+0.813
195.200	+2.513e+03	+8.685e+03	+1.020e+04	+0.776
195.300	+2.005e+03	+8.414e+03	+1.062e+04	+0.808
195.400	+2.329e+03	+7.617e+03	+9.979e+03	+0.766
195.500	+2.519e+03	+8.342e+03	+1.021e+04	+0.768
195.600	+1.227e+03	+7.343e+03	+9.991e+03	+0.857
195.700	+1.795e+03	+8.833e+03	+9.450e+03	+0.831
195.800	+1.699e+03	+7.723e+03	+1.042e+04	+0.820
195.900	+1.480e+03	+8.342e+03	+9.802e+03	+0.849
196.000	+2.192e+03	+8.123e+03	+9.964e+03	+0.788
196.100	+1.681e+03	+7.579e+03	+8.642e+03	+0.818
196.200	+2.240e+03	+6.771e+03	+1.122e+04	+0.751
196.300	+2.880e+03	+7.320e+03	+9.380e+03	+0.718
196.400	+3.235e+03	+8.085e+03	+9.828e+03	+0.714
196.500	+1.850e+03	+7.866e+03	+1.161e+04	+0.810
196.600	+2.920e+03	+8.696e+03	+9.858e+03	+0.749
196.700	+1.787e+03	+7.195e+03	+9.116e+03	+0.801
196.800	+1.884e+03	+8.728e+03	+7.959e+03	+0.822
196.900	+2.001e+03	+8.639e+03	+1.110e+04	+0.812
197.000	+2.538e+03	+6.940e+03	+1.059e+04	+0.732
197.100	+2.857e+03	+7.981e+03	+1.182e+04	+0.736
197.200	+3.488e+03	+9.841e+03	+9.666e+03	+0.738
197.300	+2.304e+03	+8.376e+03	+9.932e+03	+0.784
197.400	+2.650e+03	+7.094e+03	+1.008e+04	+0.728
197.500	+1.459e+03	+8.319e+03	+9.834e+03	+0.851
197.600	+2.448e+03	+7.633e+03	+1.026e+04	+0.757
197.700	+2.190e+03	+9.136e+03	+1.002e+04	+0.807
197.800	+1.823e+03	+8.967e+03	+1.090e+04	+0.831
197.900	+2.464e+03	+8.430e+03	+1.082e+04	+0.774
198.000	+2.098e+03	+7.807e+03	+1.055e+04	+0.788
198.100	+1.883e+03	+8.111e+03	+9.901e+03	+0.812
198.200	+2.095e+03	+8.294e+03	+9.852e+03	+0.798
198.300	+4.597e+03	+5.300e+03	+9.235e+03	+0.536
198.400	+5.093e+03	+4.835e+03	+1.171e+04	+0.487
198.500	+6.294e+03	+4.951e+03	+9.983e+03	+0.440
198.600	+3.311e+03	+5.013e+03	+9.172e+03	+0.602
198.700	+5.586e+03	+5.644e+03	+1.027e+04	+0.503
198.800	+5.006e+03	+4.467e+03	+1.069e+04	+0.472
198.900	+4.663e+03	+5.734e+03	+9.546e+03	+0.551
199.000	+5.115e+03	+4.484e+03	+1.039e+04	+0.467
199.100	+5.911e+03	+5.717e+03	+1.002e+04	+0.492
199.200	+4.200e+03	+4.938e+03	+9.995e+03	+0.540
199.300	+4.502e+03	+3.430e+03	+9.632e+03	+0.432
199.400	+3.872e+03	+6.077e+03	+1.171e+04	+0.611
199.500	+3.806e+03	+5.402e+03	+9.904e+03	+0.587
199.600	+5.295e+03	+4.167e+03	+1.118e+04	+0.440
199.700	+5.276e+03	+5.098e+03	+9.364e+03	+0.491
199.800	+4.686e+03	+5.540e+03	+1.027e+04	+0.542
