%t (s)	Idd (a.u.)	Ida (a.u.)	Iaa (a.u.)	FRET E
0.000	+2.829e+03	+7.969e+03	+1.010e+04	+0.738
0.100	+1.969e+03	+7.492e+03	+9.803e+03	+0.792
0.200	+2.481e+03	+7.531e+03	+9.814e+03	+0.752
0.300	+1.592e+03	+8.092e+03	+1.032e+04	+0.836
0.400	+1.805e+03	+8.083e+03	+9.417e+03	+0.817
0.500	+3.136e+03	+7.078e+03	+1.003e+04	+0.693
0.600	+2.397e+03	+7.245e+03	+1.060e+04	+0.751
0.700	+2.079e+03	+7.336e+03	+9.363e+03	+0.779
0.800	+2.495e+03	+7.766e+03	+1.084e+04	+0.757
0.900	+2.321e+03	+7.738e+03	+1.078e+04	+0.769
1.000	+1.902e+03	+7.357e+03	+1.067e+04	+0.795
1.100	+9.529e+02	+8.791e+03	+9.901e+03	+0.902
1.200	+2.518e+03	+8.137e+03	+9.502e+03	+0.764
1.300	+1.525e+03	+8.795e+03	+1.020e+04	+0.852
1.400	+1.779e+03	+8.733e+03	+1.059e+04	+0.831
1.500	+1.319e+03	+8.152e+03	+1.033e+04	+0.861
1.600	+1.356e+03	+8.109e+03	+1.031e+04	+0.857
1.700	+1.353e+03	+7.401e+03	+1.041e+04	+0.845
1.800	+9.480e+02	+8.050e+03	+1.013e+04	+0.895
1.900	+2.695e+03	+7.316e+03	+9.957e+03	+0.731
2.000	+2.807e+03	+7.987e+03	+1.086e+04	+0.740
2.100	+2.864e+03	+7.274e+03	+8.611e+03	+0.718
2.200	+2.421e+03	+7.108e+03	+8.981e+03	+0.746
2.300	+8.713e+02	+6.873e+03	+9.706e+03	+0.887
2.400	+2.276e+03	+7.420e+03	+9.624e+03	+0.765
2.500	+1.982e+03	+9.419e+03	+1.037e+04	+0.826
2.600	+1.278e+03	+7.179e+03	+9.883e+03	+0.849
2.700	+1.489e+03	+8.375e+03	+1.074e+04	+0.849
2.800	+2.781e+03	+7.213e+03	+1.029e+04	+0.722
2.900	+1.473e+03	+8.231e+03	+1.046e+04	+0.848
3.000	+5.770e+02	+6.562e+03	+1.087e+04	+0.919
3.100	+2.054e+03	+9.257e+03	+9.897e+03	+0.818
3.200	+2.359e+03	+6.622e+03	+1.095e+04	+0.737
3.300	+1.090e+03	+7.399e+03	+9.488e+03	+0.872
3.400	+2.803e+03	+8.591e+03	+1.162e+04	+0.754
3.500	+2.422e+03	+7.987e+03	+1.165e+04	+0.767
3.600	+2.967e+03	+7.450e+03	+9.026e+03	+0.715
3.700	+3.407e+03	+7.315e+03	+9.742e+03	+0.682
3.800	+2.262e+03	+8.467e+03	+1.092e+04	+0.789
3.900	+2.092e+03	+8.432e+03	+1.120e+04	+0.801
4.000	+2.194e+03	+8.674e+03	+1.081e+04	+0.798
4.100	+3.469e+03	+8.016e+03	+1.052e+04	+0.698
4.200	+3.336e+03	+7.538e+03	+9.100e+03	+0.693
4.300	+2.890e+03	+8.034e+03	+9.409e+03	+0.735
4.400	+2.473e+03	+7.468e+03	+9.565e+03	+0.751
4.500	+6.232e+02	+8.465e+03	+1.025e+04	+0.931
4.600	+2.116e+03	+8.040e+03	+1.116e+04	+0.792
4.700	+3.219e+03	+9.089e+03	+9.753e+03	+0.738
4.800	+1.284e+03	+8.525e+03	+8.817e+03	+0.869
4.900	+2.961e+03	+7.811e+03	+9.319e+03	+0.725
5.000	+2.002e+03	+7.207e+03	+8.628e+03	+0.783
5.100	+2.502e+03	+6.840e+03	+1.123e+04	+0.732
5.200	+1.910e+03	+8.224e+03	+1.083e+04	+0.811
5.300	+1.512e+03	+8.620e+03	+1.044e+04	+0.851
5.400	+1.689e+03	+7.362e+03	+8.957e+03	+0.813
5.500	+2.293e+03	+8.930e+03	+8.774e+03	+0.796
5.600	+2.656e+03	+7.969e+03	+9.589e+03	+0.750
5.700	+1.606e+03	+7.492e+03	+9.825e+03	+0.823
5.800	+1.320e+03	+7.419e+03	+9.978e+03	+0.849
5.900	+2.752e+03	+7.565e+03	+9.984e+03	+0.733
6.000	+1.053e+03	+7.638e+03	+8.827e+03	+0.879
6.100	+2.196e+03	+7.050e+03	+9.527e+03	+0.763
6.200	+2.383e+03	+7.979e+03	+9.775e+03	+0.770
6.300	+2.322e+03	+7.304e+03	+9.982e+03	+0.759
6.400	+2.644e+03	+8.950e+03	+1.058e+04	+0.772
6.500	+4.756e+03	+5.479e+03	+1.003e+04	+0.535
6.600	+6.168e+03	+5.390e+03	+1.011e+04	+0.466
6.700	+3.545e+03	+4.528e+03	+1.099e+04	+0.561
6.800	+4.729e+03	+4.914e+03	+1.089e+04	+0.510
6.900	+4.707e+03	+6.105e+03	+9.724e+03	+0.565
7.000	+4.254e+03	+4.169e+03	+1.023e+04	+0.495
7.100	+5.899e+03	+5.333e+03	+9.387e+03	+0.475
7.200	+5.597e+03	+5.683e+03	+9.114e+03	+0.504
7.300	+5.013e+03	+5.084e+03	+9.180e+03	+0.503
7.400	+5.641e+03	+4.705e+03	+1.071e+04	+0.455
7.500	+5.728e+03	+4.224e+03	+9.289e+03	+0.424
7.600	+5.542e+03	+4.838e+03	+1.027e+04	+0.466
7.700	+5.316e+03	+5.167e+03	+1.153e+04	+0.493
7.800	+5.214e+03	+4.529e+03	+9.980e+03	+0.465
7.900	+4.725e+03	+5.401e+03	+9.263e+03	+0.533
8.000	+3.408e+03	+5.114e+03	+9.221e+03	+0.600
8.100	+6.060e+03	+4.772e+03	+1.014e+04	+0.441
8.200	+8.827e+03	+2.399e+03	+9.930e+03	+0.214
8.300	+7.834e+03	+1.171e+03	+9.042e+03	+0.130
8.400	+7.828e+03	+1.891e+03	+9.829e+03	+0.195
8.500	+6.145e+03	+9.412e+02	+1.020e+04	+0.133
8.600	+5.819e+03	+3.105e+03	+8.996e+03	+0.348
8.700	+6.554e+03	+2.279e+03	+1.057e+04	+0.258
8.800	+7.281e+03	+1.590e+03	+9.919e+03	+0.179
8.900	+7.624e+03	+2.116e+03	+9.585e+03	+0.217
9.000	+7.965e+03	+2.399e+03	+1.032e+04	+0.231
9.100	+8.139e+03	+2.511e+03	+1.013e+04	+0.236
9.200	+8.211e+03	+3.311e+03	+9.942e+03	+0.287
9.300	+7.222e+03	+1.544e+03	+9.104e+03	+0.176
9.400	+7.256e+03	+1.483e+03	+1.051e+04	+0.170
9.500	+7.601e+03	+2.952e+03	+9.199e+03	+0.280
9.600	+5.178e+03	+5.053e+03	+1.046e+04	+0.494
9.700	+1.863e+03	+7.019e+03	+1.142e+04	+0.790
9.800	+3.164e+03	+8.404e+03	+9.788e+03	+0.727
9.900	+2.743e+03	+7.147e+03	+9.251e+03	+0.723
10.000	+2.591e+03	+8.780e+03	+1.113e+04	+0.772
10.100	+2.515e+03	+7.600e+03	+9.882e+03	+0.751
10.200	+1.606e+03	+8.528e+03	+1.128e+04	+0.841
10.300	+3.343e+03	+7.504e+03	+1.054e+04	+0.692
10.400	+6.884e+03	+3.172e+03	+1.092e+04	+0.315
10.500	+6.661e+03	+2.462e+03	+9.357e+03	+0.270
10.600	+5.564e+03	+4.032e+03	+9.759e+03	+0.420
10.700	+5.318e+03	+4.360e+03	+1.023e+04	+0.451
10.800	+5.565e+03	+5.235e+03	+1.103e+04	+0.485
10.900	+5.870e+03	+5.027e+03	+8.655e+03	+0.461
11.000	+4.645e+03	+4.129e+03	+8.693e+03	+0.471
11.100	+6.157e+03	+4.949e+03	+1.151e+04	+0.446
11.200	+4.041e+03	+5.555e+03	+1.057e+04	+0.579
11.300	+4.891e+03	+4.654e+03	+1.009e+04	+0.488
11.400	+5.944e+03	+4.972e+03	+9.835e+03	+0.455
11.500	+5.231e+03	+5.773e+03	+9.004e+03	+0.525
11.600	+5.449e+03	+3.742e+03	+1.104e+04	+0.407
11.700	+5.220e+03	+6.047e+03	+1.042e+04	+0.537
11.800	+3.670e+03	+7.371e+03	+9.274e+03	+0.668
11.900	+1.771e+03	+7.539e+03	+9.320e+03	+0.810
12.000	+2.285e+03	+7.775e+03	+9.831e+03	+0.773
12.100	+7.515e+02	+8.691e+03	+1.110e+04	+0.920
12.200	+2.224e+03	+8.347e+03	+1.069e+04	+0.790
12.300	+2.439e+03	+7.344e+03	+1.029e+04	+0.751
12.400	+2.523e+03	+7.669e+03	+1.022e+04	+0.752
12.500	+1.584e+03	+8.046e+03	+1.035e+04	+0.836
12.600	+1.982e+03	+7.501e+03	+9.562e+03	+0.791
12.700	+2.355e+03	+8.022e+03	+9.581e+03	+0.773
12.800	+2.349e+03	+7.054e+03	+1.011e+04	+0.750
12.900	+1.405e+02	+8.259e+03	+9.170e+03	+0.983
13.000	+1.497e+03	+8.154e+03	+1.012e+04	+0.845
13.100	+1.865e+03	+8.180e+03	+1.101e+04	+0.814
13.200	+1.868e+03	+9.038e+03	+1.026e+04	+0.829
13.300	+1.830e+03	+7.848e+03	+9.786e+03	+0.811
13.400	+2.478e+03	+8.761e+03	+1.025e+04	+0.780
13.500	+1.494e+03	+7.777e+03	+9.668e+03	+0.839
13.600	+2.669e+03	+7.673e+03	+1.032e+04	+0.742
13.700	+1.951e+03	+7.709e+03	+9.928e+03	+0.798
13.800	+1.672e+03	+7.861e+03	+1.076e+04	+0.825
13.900	+1.441e+03	+8.166e+03	+1.044e+04	+0.850
14.000	+1.060e+03	+7.251e+03	+1.009e+04	+0.872
14.100	+1.170e+03	+7.730e+03	+1.016e+04	+0.869
14.200	+8.797e+02	+8.532e+03	+1.101e+04	+0.907
14.300	+2.923e+03	+7.754e+03	+1.055e+04	+0.726
14.400	+2.732e+03	+8.112e+03	+1.029e+04	+0.748
14.500	+9.767e+02	+8.784e+03	+9.075e+03	+0.900
14.600	+2.836e+03	+8.349e+03	+1.060e+04	+0.746
14.700	+2.582e+03	+8.392e+03	+9.242e+03	+0.765
14.800	+7.733e+03	+1.838e+03	+9.798e+03	+0.192
14.900	+8.625e+03	+2.417e+03	+8.581e+03	+0.219
15.000	+7.993e+03	+2.027e+03	+1.030e+04	+0.202
15.100	+5.908e+03	+1.801e+03	+1.032e+04	+0.234
15.200	+7.041e+03	+2.418e+03	+8.589e+03	+0.256
15.300	+7.258e+03	+2.038e+03	+1.072e+04	+0.219
15.400	+6.822e+03	+2.981e+03	+8.614e+03	+0.304
15.500	+8.165e+03	+2.377e+03	+1.006e+04	+0.225
15.600	+7.422e+03	+1.494e+03	+9.787e+03	+0.168
15.700	+7.251e+03	+2.945e+03	+1.056e+04	+0.289
15.800	+6.828e+03	+2.198e+03	+1.044e+04	+0.244
15.900	+7.414e+03	+3.418e+03	+9.832e+03	+0.316
16.000	+9.281e+03	+2.883e+03	+1.089e+04	+0.237
16.100	+7.188e+03	+2.969e+03	+8.872e+03	+0.292
16.200	+7.175e+03	+2.981e+03	+9.800e+03	+0.294
16.300	+7.518e+03	+9.847e+02	+1.013e+04	+0.116
16.400	+7.963e+03	+3.172e+03	+1.096e+04	+0.285
16.500	+6.408e+03	+3.385e+03	+1.003e+04	+0.346
16.600	+8.094e+03	+2.525e+03	+1.145e+04	+0.238
16.700	+7.563e+03	+3.247e+03	+9.913e+03	+0.300
16.800	+6.621e+03	+2.424e+03	+9.728e+03	+0.268
16.900	+7.448e+03	+2.118e+03	+1.026e+04	+0.221
17.000	+7.257e+03	+1.018e+03	+9.745e+03	+0.123
17.100	+7.118e+03	+3.071e+03	+8.703e+03	+0.301
17.200	+8.486e+03	+2.320e+03	+1.008e+04	+0.215
17.300	+6.591e+03	+2.194e+03	+9.721e+03	+0.250
17.400	+6.741e+03	+1.899e+03	+1.057e+04	+0.220
17.500	+7.846e+03	+2.802e+03	+9.909e+03	+0.263
17.600	+6.215e+03	+3.248e+03	+9.515e+03	+0.343
17.700	+5.314e+03	+5.422e+03	+1.032e+04	+0.505
17.800	+2.440e+03	+6.276e+03	+9.259e+03	+0.720
17.900	+2.685e+03	+9.205e+03	+1.013e+04	+0.774
18.000	+2.549e+03	+8.525e+03	+8.907e+03	+0.770
18.100	+1.129e+03	+8.553e+03	+8.950e+03	+0.883
18.200	+2.150e+03	+8.701e+03	+1.042e+04	+0.802
18.300	+2.671e+03	+8.402e+03	+1.076e+04	+0.759
18.400	+1.924e+03	+8.097e+03	+1.089e+04	+0.808
18.500	+1.641e+03	+8.085e+03	+1.070e+04	+0.831
18.600	+2.039e+03	+8.940e+03	+9.536e+03	+0.814
18.700	+1.650e+03	+8.826e+03	+9.253e+03	+0.843
18.800	+1.800e+03	+7.000e+03	+9.374e+03	+0.795
18.900	+3.147e+03	+7.777e+03	+1.031e+04	+0.712
19.000	+4.085e+03	+5.781e+03	+9.979e+03	+0.586
19.100	+6.765e+03	+3.731e+03	+8.918e+03	+0.355
19.200	+7.889e+03	+2.766e+03	+1.099e+04	+0.260
19.300	+7.950e+03	+3.185e+03	+1.079e+04	+0.286
19.400	+8.176e+03	+3.278e+03	+9.351e+03	+0.286
19.500	+7.574e+03	+1.987e+03	+1.061e+04	+0.208
19.600	+7.292e+03	+2.369e+03	+1.019e+04	+0.245
19.700	+3.953e+03	+5.302e+03	+9.901e+03	+0.573
19.800	+2.826e+03	+7.849e+03	+9.462e+03	+0.735
19.900	+2.648e+03	+7.397e+03	+1.024e+04	+0.736
20.000	+1.907e+03	+8.543e+03	+1.076e+04	+0.818
20.100	+1.509e+03	+8.587e+03	+1.010e+04	+0.851
20.200	+1.823e+03	+8.066e+03	+1.036e+04	+0.816
20.300	-2.890e+01	+7.705e+03	+9.830e+03	+1.004
20.400	+2.343e+03	+7.257e+03	+9.972e+03	+0.756
20.500	+2.925e+03	+8.159e+03	+1.002e+04	+0.736
20.600	+1.747e+03	+8.165e+03	+9.376e+03	+0.824
20.700	+1.355e+03	+9.286e+03	+8.597e+03	+0.873
20.800	+1.273e+03	+8.130e+03	+9.918e+03	+0.865
20.900	+3.595e+03	+4.928e+03	+1.003e+04	+0.578
21.000	+5.310e+03	+4.280e+03	+9.622e+03	+0.446
21.100	+6.789e+03	+4.707e+03	+1.074e+04	+0.409
21.200	+5.129e+03	+4.200e+03	+1.024e+04	+0.450
21.300	+5.671e+03	+4.823e+03	+1.027e+04	+0.460
21.400	+4.883e+03	+5.596e+03	+1.059e+04	+0.534
21.500	+5.372e+03	+4.423e+03	+9.331e+03	+0.452
21.600	+5.928e+03	+4.246e+03	+9.595e+03	+0.417
21.700	+5.371e+03	+4.479e+03	+1.007e+04	+0.455
21.800	+5.305e+03	+4.655e+03	+9.105e+03	+0.467
21.900	+4.168e+03	+5.223e+03	+1.052e+04	+0.556
22.000	+4.827e+03	+5.709e+03	+9.538e+03	+0.542
22.100	+5.471e+03	+5.119e+03	+9.297e+03	+0.483
22.200	+4.616e+03	+6.162e+03	+9.886e+03	+0.572
22.300	+5.000e+03	+4.759e+03	+9.493e+03	+0.488
22.400	+5.679e+03	+5.366e+03	+1.074e+04	+0.486
22.500	+6.048e+03	+5.536e+03	+1.094e+04	+0.478
22.600	+4.186e+03	+4.349e+03	+9.632e+03	+0.510
22.700	+4.938e+03	+5.460e+03	+9.611e+03	+0.525
22.800	+6.152e+03	+6.437e+03	+1.042e+04	+0.511
22.900	+5.108e+03	+4.708e+03	+1.000e+04	+0.480
23.000	+7.121e+03	+6.527e+03	+9.064e+03	+0.478
23.100	+3.980e+03	+5.121e+03	+9.425e+03	+0.563
23.200	+5.100e+03	+4.113e+03	+1.035e+04	+0.446
23.300	+4.264e+03	+5.432e+03	+1.022e+04	+0.560
23.400	+3.755e+03	+3.988e+03	+9.805e+03	+0.515
23.500	+4.386e+03	+4.767e+03	+9.971e+03	+0.521
23.600	+4.691e+03	+4.906e+03	+1.032e+04	+0.511
23.700	+4.856e+03	+2.974e+03	+9.547e+03	+0.380
23.800	+4.308e+03	+4.684e+03	+1.047e+04	+0.521
23.900	+4.717e+03	+4.217e+03	+8.603e+03	+0.472
24.000	+5.205e+03	+5.502e+03	+9.385e+03	+0.514
24.100	+4.426e+03	+5.047e+03	+1.085e+04	+0.533
24.200	+5.057e+03	+4.710e+03	+1.019e+04	+0.482
24.300	+5.623e+03	+5.298e+03	+1.075e+04	+0.485
24.400	+5.575e+03	+4.549e+03	+1.097e+04	+0.449
24.500	+4.311e+03	+7.064e+03	+9.047e+03	+0.621
24.600	+6.359e+03	+5.140e+03	+1.016e+04	+0.447
24.700	+4.705e+03	+4.946e+03	+8.976e+03	+0.512
24.800	+4.735e+03	+5.526e+03	+8.442e+03	+0.539
24.900	+2.916e+03	+4.648e+03	+1.055e+04	+0.614
25.000	+4.676e+03	+5.503e+03	+9.694e+03	+0.541
25.100	+4.443e+03	+5.917e+03	+1.156e+04	+0.571
25.200	+5.122e+03	+4.180e+03	+9.528e+03	+0.449
25.300	+4.368e+03	+6.006e+03	+1.011e+04	+0.579
25.400	+1.703e+03	+7.728e+03	+9.825e+03	+0.819
25.500	+4.563e+03	+5.446e+03	+1.011e+04	+0.544
25.600	+7.386e+03	+2.692e+03	+1.039e+04	+0.267
25.700	+8.432e+03	+2.686e+03	+1.045e+04	+0.242
25.800	+6.785e+03	+3.300e+03	+8.955e+03	+0.327
25.900	+7.151e+03	+2.307e+03	+9.597e+03	+0.244
26.000	+7.347e+03	+2.605e+03	+1.003e+04	+0.262
26.100	+7.598e+03	+2.526e+03	+1.109e+04	+0.249
26.200	+7.420e+03	+2.881e+03	+1.075e+04	+0.280
26.300	+7.093e+03	+1.778e+03	+1.012e+04	+0.200
26.400	+7.966e+03	+2.248e+03	+1.022e+04	+0.220
26.500	+7.499e+03	+2.276e+03	+8.586e+03	+0.233
26.600	+7.158e+03	+8.588e+02	+9.813e+03	+0.107
26.700	+7.436e+03	+2.439e+03	+1.006e+04	+0.247
26.800	+8.114e+03	+3.377e+03	+1.021e+04	+0.294
26.900	+7.231e+03	+3.879e+03	+9.983e+03	+0.349
27.000	+6.800e+03	+1.607e+03	+1.181e+04	+0.191
27.100	+6.679e+03	+2.739e+03	+9.752e+03	+0.291
27.200	+7.267e+03	+2.511e+03	+9.025e+03	+0.257
27.300	+7.552e+03	+2.886e+03	+9.440e+03	+0.276
27.400	+7.918e+03	+2.718e+03	+9.849e+03	+0.256
27.500	+8.328e+03	+2.313e+03	+9.984e+03	+0.217
27.600	+6.883e+03	+2.096e+03	+1.078e+04	+0.233
27.700	+1.864e+03	+7.427e+03	+1.074e+04	+0.799
27.800	+2.089e+03	+8.511e+03	+8.532e+03	+0.803
27.900	+1.133e+03	+7.989e+03	+1.101e+04	+0.876
28.000	+8.633e+02	+7.590e+03	+8.817e+03	+0.898
28.100	+1.761e+03	+9.121e+03	+1.006e+04	+0.838
28.200	+1.343e+03	+8.923e+03	+8.344e+03	+0.869
28.300	+1.604e+03	+7.791e+03	+9.629e+03	+0.829
28.400	+2.191e+03	+7.539e+03	+1.032e+04	+0.775
28.500	+1.728e+03	+7.500e+03	+9.431e+03	+0.813
28.600	+2.779e+03	+8.157e+03	+8.610e+03	+0.746
28.700	+1.593e+03	+7.181e+03	+9.638e+03	+0.818
28.800	+1.526e+03	+7.207e+03	+1.042e+04	+0.825
28.900	+2.273e+03	+7.549e+03	+9.845e+03	+0.769
29.000	+2.753e+03	+8.550e+03	+1.057e+04	+0.756
29.100	+2.034e+03	+7.804e+03	+8.562e+03	+0.793
29.200	+1.615e+03	+8.209e+03	+1.072e+04	+0.836
29.300	+8.360e+02	+6.806e+03	+9.854e+03	+0.891
29.400	+1.963e+03	+7.790e+03	+1.124e+04	+0.799
29.500	+2.240e+03	+8.114e+03	+1.056e+04	+0.784
29.600	+4.595e+03	+4.998e+03	+1.098e+04	+0.521
29.700	+5.221e+03	+4.372e+03	+9.893e+03	+0.456
29.800	+4.003e+03	+4.414e+03	+9.490e+03	+0.524
29.900	+4.884e+03	+4.993e+03	+1.132e+04	+0.506
30.000	+5.839e+03	+5.509e+03	+9.521e+03	+0.485
30.100	+4.622e+03	+6.120e+03	+1.019e+04	+0.570
30.200	+5.732e+03	+4.793e+03	+8.212e+03	+0.455
30.300	+5.629e+03	+5.802e+03	+1.176e+04	+0.508
30.400	+5.120e+03	+4.275e+03	+9.740e+03	+0.455
30.500	+5.651e+03	+4.902e+03	+9.045e+03	+0.464
30.600	+3.745e+03	+5.427e+03	+9.569e+03	+0.592
30.700	+5.217e+03	+5.192e+03	+9.722e+03	+0.499
30.800	+5.359e+03	+4.735e+03	+1.095e+04	+0.469
30.900	+5.603e+03	+5.597e+03	+9.752e+03	+0.500
31.000	+5.345e+03	+4.917e+03	+9.918e+03	+0.479
31.100	+5.669e+03	+4.202e+03	+9.231e+03	+0.426
31.200	+5.458e+03	+4.731e+03	+9.174e+03	+0.464
31.300	+3.294e+03	+4.861e+03	+1.081e+04	+0.596
31.400	+3.550e+03	+4.361e+03	+9.929e+03	+0.551
31.500	+4.800e+03	+5.651e+03	+1.142e+04	+0.541
31.600	+5.677e+03	+5.286e+03	+9.203e+03	+0.482
31.700	+5.879e+03	+5.230e+03	+1.004e+04	+0.471
31.800	+4.384e+03	+5.605e+03	+9.427e+03	+0.561
31.900	+4.951e+03	+5.131e+03	+1.028e+04	+0.509
32.000	+6.260e+03	+4.339e+03	+9.058e+03	+0.409
32.100	+4.918e+03	+4.128e+03	+9.229e+03	+0.456
32.200	+5.627e+03	+5.867e+03	+1.094e+04	+0.510
32.300	+4.250e+03	+4.627e+03	+1.022e+04	+0.521
32.400	+5.014e+03	+5.430e+03	+9.149e+03	+0.520
32.500	+3.141e+03	+5.371e+03	+1.037e+04	+0.631
32.600	+5.001e+03	+4.864e+03	+9.792e+03	+0.493
32.700	+5.039e+03	+5.314e+03	+9.771e+03	+0.513
32.800	+4.746e+03	+5.500e+03	+8.314e+03	+0.537
32.900	+6.096e+03	+4.819e+03	+9.778e+03	+0.442
33.000	+5.626e+03	+3.077e+03	+1.044e+04	+0.354
33.100	+6.187e+03	+3.406e+03	+9.517e+03	+0.355
33.200	+6.273e+03	+2.077e+03	+1.024e+04	+0.249
33.300	+6.845e+03	+2.699e+03	+8.758e+03	+0.283
33.400	+7.266e+03	+2.006e+03	+1.012e+04	+0.216
33.500	+6.607e+03	+2.193e+03	+1.029e+04	+0.249
33.600	+7.557e+03	+2.117e+03	+9.661e+03	+0.219
33.700	+8.493e+03	+2.486e+03	+1.029e+04	+0.226
33.800	+8.071e+03	+2.492e+03	+8.587e+03	+0.236
33.900	+6.913e+03	+1.910e+03	+9.415e+03	+0.216
34.000	+7.697e+03	+3.584e+03	+9.528e+03	+0.318
34.100	+6.944e+03	+2.554e+03	+1.015e+04	+0.269
34.200	+6.601e+03	+1.579e+03	+8.942e+03	+0.193
34.300	+7.058e+03	+2.024e+03	+9.998e+03	+0.223
34.400	+7.784e+03	+2.638e+03	+1.001e+04	+0.253
34.500	+8.659e+03	+2.776e+03	+9.848e+03	+0.243
34.600	+7.646e+03	+3.004e+03	+1.035e+04	+0.282
34.700	+7.935e+03	+2.550e+03	+1.146e+04	+0.243
34.800	+7.412e+03	+1.758e+03	+1.149e+04	+0.192
34.900	+6.972e+03	+1.080e+03	+1.008e+04	+0.134
35.000	+7.797e+03	+2.827e+03	+8.999e+03	+0.266
35.100	+7.184e+03	+3.284e+03	+1.132e+04	+0.314
35.200	+7.825e+03	+2.184e+03	+9.629e+03	+0.218
35.300	+7.978e+03	+2.826e+03	+9.895e+03	+0.262
35.400	+8.450e+03	+2.449e+03	+1.065e+04	+0.225
35.500	+7.723e+03	+3.024e+03	+1.114e+04	+0.281
35.600	+6.838e+03	+6.421e+02	+8.623e+03	+0.086
35.700	+7.679e+03	+9.417e+02	+9.963e+03	+0.109
35.800	+6.944e+03	+1.773e+03	+1.123e+04	+0.203
35.900	+8.279e+03	+1.577e+03	+1.028e+04	+0.160
36.000	+7.631e+03	+3.694e+03	+9.148e+03	+0.326
36.100	+7.490e+03	+1.994e+03	+1.148e+04	+0.210
36.200	+6.664e+03	+2.851e+03	+1.002e+04	+0.300
36.300	+7.195e+03	+1.502e+03	+9.496e+03	+0.173
36.400	+8.093e+03	+3.945e+03	+1.160e+04	+0.328
36.500	+8.587e+03	+1.845e+03	+9.948e+03	+0.177
36.600	+7.666e+03	+2.514e+03	+9.294e+03	+0.247
36.700	+8.068e+03	+3.031e+03	+9.091e+03	+0.273
36.800	+8.499e+03	+2.307e+03	+1.005e+04	+0.213
36.900	+5.952e+03	+2.092e+03	+1.125e+04	+0.260
37.000	+7.803e+03	+1.825e+03	+1.060e+04	+0.190
37.100	+7.325e+03	+2.647e+03	+1.048e+04	+0.265
37.200	+7.843e+03	+3.497e+03	+9.390e+03	+0.308
37.300	+7.546e+03	+2.849e+03	+1.054e+04	+0.274
37.400	+7.990e+03	+1.902e+03	+1.017e+04	+0.192
37.500	+6.476e+03	+2.602e+03	+1.063e+04	+0.287
37.600	+8.439e+03	+2.461e+03	+1.024e+04	+0.226
37.700	+8.703e+03	+3.100e+03	+9.378e+03	+0.263
37.800	+8.118e+03	+2.508e+03	+9.808e+03	+0.236
37.900	+7.443e+03	+3.916e+03	+9.664e+03	+0.345
38.000	+6.432e+03	+1.051e+03	+1.069e+04	+0.140
38.100	+7.804e+03	+3.874e+03	+9.174e+03	+0.332
38.200	+7.038e+03	+3.330e+03	+1.091e+04	+0.321
38.300	+6.097e+03	+3.511e+03	+1.006e+04	+0.365
38.400	+2.085e+03	+8.701e+03	+1.026e+04	+0.807
38.500	+2.178e+03	+8.137e+03	+1.118e+04	+0.789
38.600	+2.492e+03	+8.459e+03	+8.589e+03	+0.772
38.700	+1.907e+03	+8.292e+03	+9.329e+03	+0.813
38.800	+2.451e+03	+7.935e+03	+1.027e+04	+0.764
38.900	+1.414e+03	+8.258e+03	+9.344e+03	+0.854
39.000	+1.707e+03	+8.600e+03	+9.924e+03	+0.834
39.100	+2.390e+03	+6.724e+03	+1.112e+04	+0.738
39.200	+9.000e+02	+6.724e+03	+9.901e+03	+0.882
39.300	+2.503e+03	+7.752e+03	+8.965e+03	+0.756
39.400	+1.581e+03	+1.014e+04	+1.022e+04	+0.865
39.500	+1.202e+03	+6.381e+03	+9.711e+03	+0.842
39.600	+1.993e+03	+7.765e+03	+1.087e+04	+0.796
39.700	+1.509e+03	+7.749e+03	+1.052e+04	+0.837
39.800	+1.157e+03	+8.155e+03	+1.001e+04	+0.876
39.900	+2.158e+03	+6.959e+03	+9.974e+03	+0.763
40.000	+6.041e+03	+5.269e+03	+9.855e+03	+0.466
40.100	+3.675e+03	+4.591e+03	+1.037e+04	+0.555
40.200	+4.973e+03	+4.725e+03	+1.088e+04	+0.487
40.300	+5.727e+03	+4.959e+03	+8.951e+03	+0.464
40.400	+4.587e+03	+4.395e+03	+1.093e+04	+0.489
40.500	+4.260e+03	+3.703e+03	+1.029e+04	+0.465
40.600	+3.395e+03	+5.031e+03	+1.000e+04	+0.597
40.700	+3.337e+03	+6.672e+03	+9.370e+03	+0.667
40.800	+4.236e+03	+3.649e+03	+9.738e+03	+0.463
40.900	+4.798e+03	+4.500e+03	+1.081e+04	+0.484
41.000	+4.971e+03	+5.250e+03	+1.040e+04	+0.514
41.100	+6.000e+03	+5.007e+03	+9.914e+03	+0.455
41.200	+5.410e+03	+4.147e+03	+8.999e+03	+0.434
41.300	+3.627e+03	+5.287e+03	+8.534e+03	+0.593
41.400	+4.952e+03	+4.756e+03	+1.122e+04	+0.490
41.500	+4.609e+03	+4.532e+03	+9.781e+03	+0.496
41.600	+5.905e+03	+4.791e+03	+9.928e+03	+0.448
41.700	+4.507e+03	+4.441e+03	+1.022e+04	+0.496
41.800	+5.127e+03	+5.607e+03	+1.131e+04	+0.522
41.900	+4.108e+03	+5.508e+03	+1.026e+04	+0.573
42.000	+5.677e+03	+3.906e+03	+1.001e+04	+0.408
42.100	+5.199e+03	+5.721e+03	+1.073e+04	+0.524
42.200	+5.459e+03	+5.294e+03	+1.020e+04	+0.492
42.300	+5.162e+03	+6.089e+03	+1.134e+04	+0.541
42.400	+4.904e+03	+5.012e+03	+9.528e+03	+0.505
42.500	+5.866e+03	+4.821e+03	+1.123e+04	+0.451
42.600	+5.704e+03	+4.940e+03	+9.970e+03	+0.464
42.700	+5.859e+03	+4.924e+03	+9.188e+03	+0.457
42.800	+6.023e+03	+4.546e+03	+9.421e+03	+0.430
42.900	+5.331e+03	+5.180e+03	+1.063e+04	+0.493
43.000	+4.673e+03	+6.008e+03	+1.012e+04	+0.562
43.100	+4.758e+03	+4.320e+03	+9.673e+03	+0.476
43.200	+3.901e+03	+5.000e+03	+9.980e+03	+0.562
43.300	+2.649e+03	+7.059e+03	+9.675e+03	+0.727
43.400	+1.543e+03	+9.577e+03	+1.104e+04	+0.861
43.500	+1.830e+03	+7.778e+03	+1.007e+04	+0.810
43.600	+1.320e+03	+7.963e+03	+1.039e+04	+0.858
43.700	+2.093e+03	+8.002e+03	+1.017e+04	+0.793
43.800	+1.948e+03	+8.125e+03	+1.055e+04	+0.807
43.900	+1.937e+03	+8.091e+03	+1.067e+04	+0.807
44.000	+6.328e+03	+1.467e+03	+9.948e+03	+0.188
44.100	+8.507e+03	+2.513e+03	+1.033e+04	+0.228
44.200	+7.052e+03	+2.361e+03	+9.946e+03	+0.251
44.300	+8.592e+03	+2.824e+03	+1.012e+04	+0.247
44.400	+7.125e+03	+2.198e+03	+1.061e+04	+0.236
44.500	+8.304e+03	+3.455e+03	+9.262e+03	+0.294
44.600	+7.032e+03	+1.823e+03	+1.010e+04	+0.206
44.700	+7.591e+03	+2.693e+03	+1.028e+04	+0.262
44.800	+8.907e+03	+2.299e+03	+9.510e+03	+0.205
44.900	+8.552e+03	+3.841e+03	+8.993e+03	+0.310
45.000	+7.273e+03	+1.922e+03	+8.620e+03	+0.209
45.100	+7.272e+03	+2.116e+03	+9.510e+03	+0.225
45.200	+7.277e+03	+1.519e+03	+1.050e+04	+0.173
45.300	+7.349e+03	+2.577e+03	+9.413e+03	+0.260
45.400	+7.261e+03	+2.660e+03	+1.052e+04	+0.268
45.500	+7.572e+03	+3.244e+03	+9.737e+03	+0.300
45.600	+8.149e+03	+1.686e+03	+9.273e+03	+0.171
45.700	+6.037e+03	+4.145e+03	+1.004e+04	+0.407
45.800	+5.232e+03	+5.568e+03	+1.019e+04	+0.516
45.900	+4.686e+03	+6.412e+03	+1.074e+04	+0.578
46.000	+6.520e+03	+4.012e+03	+1.060e+04	+0.381
46.100	+3.877e+03	+6.588e+03	+1.090e+04	+0.630
46.200	+4.950e+03	+4.617e+03	+1.095e+04	+0.483
46.300	+4.532e+03	+4.836e+03	+1.015e+04	+0.516
46.400	+4.073e+03	+5.265e+03	+9.172e+03	+0.564
46.500	+5.379e+03	+4.806e+03	+9.910e+03	+0.472
46.600	+4.571e+03	+4.193e+03	+1.075e+04	+0.478
46.700	+4.981e+03	+4.416e+03	+1.034e+04	+0.470
46.800	+4.795e+03	+5.225e+03	+9.726e+03	+0.521
46.900	+5.555e+03	+5.249e+03	+1.001e+04	+0.486
47.000	+4.545e+03	+5.043e+03	+9.364e+03	+0.526
47.100	+4.000e+03	+5.047e+03	+1.030e+04	+0.558
47.200	+5.398e+03	+6.198e+03	+9.721e+03	+0.535
47.300	+5.892e+03	+4.568e+03	+1.015e+04	+0.437
47.400	+6.553e+03	+5.790e+03	+9.886e+03	+0.469
47.500	+5.072e+03	+5.687e+03	+1.102e+04	+0.529
47.600	+4.095e+03	+5.638e+03	+1.071e+04	+0.579
47.700	+4.947e+03	+5.196e+03	+1.007e+04	+0.512
47.800	+4.791e+03	+4.479e+03	+1.034e+04	+0.483
47.900	+5.483e+03	+5.550e+03	+8.858e+03	+0.503
48.000	+4.322e+03	+5.179e+03	+1.022e+04	+0.545
48.100	+4.511e+03	+5.314e+03	+9.484e+03	+0.541
48.200	+5.582e+03	+5.264e+03	+1.008e+04	+0.485
48.300	+5.864e+03	+6.249e+03	+1.159e+04	+0.516
48.400	+5.119e+03	+5.707e+03	+1.066e+04	+0.527
48.500	+5.261e+03	+4.781e+03	+9.737e+03	+0.476
48.600	+4.473e+03	+5.313e+03	+9.575e+03	+0.543
48.700	+4.247e+03	+4.473e+03	+9.966e+03	+0.513
48.800	+4.833e+03	+5.006e+03	+1.050e+04	+0.509
48.900	+3.918e+03	+5.751e+03	+1.095e+04	+0.595
49.000	+3.949e+03	+5.580e+03	+9.809e+03	+0.586
49.100	+1.705e+03	+8.582e+03	+9.946e+03	+0.834
49.200	+2.039e+03	+7.910e+03	+1.095e+04	+0.795
49.300	+1.539e+03	+8.978e+03	+9.093e+03	+0.854
49.400	+2.082e+03	+9.336e+03	+1.066e+04	+0.818
49.500	+1.785e+03	+8.111e+03	+9.497e+03	+0.820
49.600	+1.807e+03	+9.073e+03	+9.598e+03	+0.834
49.700	+9.103e+01	+6.879e+03	+9.327e+03	+0.987
49.800	+2.427e+03	+8.757e+03	+8.695e+03	+0.783
49.900	+1.484e+03	+8.688e+03	+9.618e+03	+0.854
50.000	+1.713e+03	+7.467e+03	+1.087e+04	+0.813
50.100	+1.560e+03	+6.883e+03	+1.040e+04	+0.815
50.200	+1.319e+03	+7.596e+03	+1.040e+04	+0.852
50.300	+1.196e+03	+8.841e+03	+1.013e+04	+0.881
50.400	+2.767e+03	+8.681e+03	+9.213e+03	+0.758
50.500	+2.314e+03	+7.879e+03	+8.670e+03	+0.773
50.600	+2.483e+03	+7.793e+03	+1.008e+04	+0.758
50.700	+1.140e+03	+8.922e+03	+1.027e+04	+0.887
50.800	+1.751e+03	+9.636e+03	+9.830e+03	+0.846
50.900	+2.169e+03	+8.344e+03	+1.030e+04	+0.794
51.000	+1.889e+03	+6.872e+03	+1.033e+04	+0.784
51.100	+2.563e+03	+8.013e+03	+9.163e+03	+0.758
51.200	+6.099e+02	+7.972e+03	+9.923e+03	+0.929
51.300	+3.401e+03	+9.719e+03	+9.364e+03	+0.741
51.400	+1.258e+03	+8.637e+03	+1.088e+04	+0.873
51.500	+1.153e+03	+7.549e+03	+1.074e+04	+0.867
51.600	+3.386e+03	+8.602e+03	+9.538e+03	+0.718
51.700	+2.444e+03	+8.412e+03	+1.021e+04	+0.775
51.800	+2.503e+03	+8.495e+03	+9.152e+03	+0.772
51.900	+9.474e+02	+8.802e+03	+1.083e+04	+0.903
52.000	+2.414e+03	+7.788e+03	+8.661e+03	+0.763
52.100	+1.323e+03	+6.915e+03	+9.253e+03	+0.839
52.200	+2.951e+03	+7.619e+03	+9.433e+03	+0.721
52.300	+1.599e+03	+1.040e+04	+1.068e+04	+0.867
52.400	+1.943e+03	+8.202e+03	+9.917e+03	+0.808
52.500	+1.132e+03	+7.603e+03	+1.087e+04	+0.870
52.600	+1.618e+03	+7.621e+03	+1.009e+04	+0.825
52.700	+1.737e+03	+8.647e+03	+1.062e+04	+0.833
52.800	+1.956e+03	+7.704e+03	+1.074e+04	+0.797
52.900	+2.740e+03	+7.656e+03	+9.479e+03	+0.736
53.000	+1.247e+03	+8.290e+03	+1.021e+04	+0.869
53.100	+2.609e+03	+8.119e+03	+9.805e+03	+0.757
53.200	+3.442e+03	+7.364e+03	+1.093e+04	+0.681
53.300	+2.178e+03	+8.276e+03	+1.056e+04	+0.792
53.400	+1.449e+03	+8.630e+03	+8.469e+03	+0.856
53.500	+1.747e+03	+8.180e+03	+1.029e+04	+0.824
53.600	+1.982e+03	+8.512e+03	+1.039e+04	+0.811
53.700	+2.536e+03	+7.835e+03	+9.229e+03	+0.755
53.800	+2.968e+03	+7.070e+03	+8.965e+03	+0.704
53.900	+3.563e+03	+7.835e+03	+1.124e+04	+0.687
54.000	+9.146e+02	+8.301e+03	+1.083e+04	+0.901
54.100	+2.081e+03	+7.773e+03	+1.065e+04	+0.789
54.200	+1.975e+03	+8.513e+03	+1.035e+04	+0.812
54.300	+1.300e+03	+9.177e+03	+1.044e+04	+0.876
54.400	+1.960e+03	+8.353e+03	+1.099e+04	+0.810
54.500	+5.094e+03	+3.891e+03	+9.802e+03	+0.433
54.600	+5.309e+03	+5.014e+03	+1.048e+04	+0.486
54.700	+4.471e+03	+4.983e+03	+1.059e+04	+0.527
54.800	+2.933e+03	+7.107e+03	+9.935e+03	+0.708
54.900	+1.194e+03	+7.597e+03	+1.075e+04	+0.864
55.000	+1.095e+03	+6.777e+03	+1.060e+04	+0.861
55.100	+2.733e+03	+7.713e+03	+1.061e+04	+0.738
55.200	+2.193e+03	+7.986e+03	+1.031e+04	+0.785
55.300	+2.611e+03	+7.204e+03	+9.994e+03	+0.734
55.400	+1.891e+03	+8.836e+03	+1.051e+04	+0.824
55.500	+1.706e+03	+7.568e+03	+1.101e+04	+0.816
55.600	+2.081e+03	+9.343e+03	+1.049e+04	+0.818
55.700	+2.155e+03	+6.218e+03	+9.841e+03	+0.743
55.800	+1.627e+03	+7.471e+03	+9.028e+03	+0.821
55.900	+2.003e+03	+8.645e+03	+1.007e+04	+0.812
56.000	+4.059e+03	+5.310e+03	+9.531e+03	+0.567
56.100	+8.435e+03	+3.963e+03	+9.756e+03	+0.320
56.200	+7.297e+03	+3.298e+03	+8.990e+03	+0.311
56.300	+7.462e+03	+1.248e+03	+9.576e+03	+0.143
56.400	+6.945e+03	+2.556e+03	+1.011e+04	+0.269
56.500	+7.045e+03	+2.927e+03	+9.937e+03	+0.293
56.600	+8.067e+03	+2.967e+03	+1.048e+04	+0.269
56.700	+7.299e+03	+3.022e+03	+8.485e+03	+0.293
56.800	+7.936e+03	+2.314e+03	+1.021e+04	+0.226
56.900	+5.323e+03	+5.232e+03	+1.013e+04	+0.496
57.000	+3.002e+03	+8.084e+03	+1.056e+04	+0.729
57.100	+5.220e+03	+5.343e+03	+8.996e+03	+0.506
57.200	+4.028e+03	+5.870e+03	+1.041e+04	+0.593
57.300	+5.017e+03	+5.790e+03	+8.758e+03	+0.536
57.400	+4.591e+03	+4.267e+03	+1.022e+04	+0.482
57.500	+6.160e+03	+6.144e+03	+9.725e+03	+0.499
57.600	+5.339e+03	+5.148e+03	+1.080e+04	+0.491
57.700	+5.986e+03	+5.560e+03	+9.611e+03	+0.482
57.800	+5.355e+03	+5.772e+03	+1.011e+04	+0.519
57.900	+4.135e+03	+4.454e+03	+9.944e+03	+0.519
58.000	+5.059e+03	+5.036e+03	+1.091e+04	+0.499
58.100	+4.392e+03	+3.981e+03	+1.034e+04	+0.475
58.200	+6.137e+03	+4.582e+03	+1.006e+04	+0.427
58.300	+4.539e+03	+4.416e+03	+9.516e+03	+0.493
58.400	+4.771e+03	+5.122e+03	+1.043e+04	+0.518
58.500	+5.856e+03	+4.604e+03	+9.675e+03	+0.440
58.600	+5.463e+03	+5.162e+03	+1.012e+04	+0.486
58.700	+4.367e+03	+5.521e+03	+9.858e+03	+0.558
58.800	+5.398e+03	+5.676e+03	+9.958e+03	+0.513
58.900	+4.426e+03	+5.923e+03	+9.281e+03	+0.572
59.000	+3.656e+03	+4.139e+03	+9.344e+03	+0.531
59.100	+3.368e+03	+3.802e+03	+9.173e+03	+0.530
59.200	+6.201e+03	+5.391e+03	+8.076e+03	+0.465
59.300	+5.360e+03	+5.878e+03	+1.093e+04	+0.523
59.400	+5.895e+03	+4.715e+03	+1.001e+04	+0.444
59.500	+4.041e+03	+4.306e+03	+1.048e+04	+0.516
59.600	+4.701e+03	+5.378e+03	+1.161e+04	+0.534
59.700	+5.015e+03	+4.531e+03	+1.001e+04	+0.475
59.800	+4.909e+03	+5.196e+03	+1.005e+04	+0.514
59.900	+5.554e+03	+4.588e+03	+1.030e+04	+0.452
60.000	+4.174e+03	+4.395e+03	+8.062e+03	+0.513
60.100	+8.866e+03	+2.022e+03	+1.081e+04	+0.186
60.200	+7.421e+03	+1.181e+03	+9.969e+03	+0.137
60.300	+6.914e+03	+2.649e+03	+1.066e+04	+0.277
60.400	+8.966e+03	+1.166e+03	+1.108e+04	+0.115
60.500	+6.579e+03	+2.077e+03	+1.149e+04	+0.240
60.600	+7.986e+03	+2.628e+03	+1.082e+04	+0.248
60.700	+8.697e+03	+3.088e+03	+9.331e+03	+0.262
60.800	+7.700e+03	+2.195e+03	+9.744e+03	+0.222
60.900	+7.997e+03	+2.094e+03	+9.555e+03	+0.208
61.000	+7.352e+03	+1.929e+03	+8.961e+03	+0.208
61.100	+7.313e+03	+3.620e+03	+1.073e+04	+0.331
61.200	+8.286e+03	+3.430e+03	+9.202e+03	+0.293
61.300	+8.095e+03	+2.126e+03	+9.808e+03	+0.208
61.400	+8.063e+03	+2.613e+03	+9.888e+03	+0.245
61.500	+8.556e+03	+2.482e+03	+1.044e+04	+0.225
61.600	+7.744e+03	+3.526e+03	+9.406e+03	+0.313
61.700	+5.554e+03	+5.444e+03	+9.684e+03	+0.495
61.800	+5.264e+03	+5.139e+03	+9.453e+03	+0.494
61.900	+5.750e+03	+4.788e+03	+1.133e+04	+0.454
62.000	+5.500e+03	+3.773e+03	+1.095e+04	+0.407
62.100	+5.157e+03	+5.375e+03	+1.093e+04	+0.510
62.200	+5.054e+03	+5.406e+03	+1.048e+04	+0.517
62.300	+6.933e+03	+4.855e+03	+9.852e+03	+0.412
62.400	+4.498e+03	+4.947e+03	+1.083e+04	+0.524
62.500	+3.475e+03	+5.098e+03	+1.114e+04	+0.595
62.600	+4.128e+03	+5.815e+03	+1.064e+04	+0.585
62.700	+4.758e+03	+4.088e+03	+1.002e+04	+0.462
62.800	+4.342e+03	+4.606e+03	+9.936e+03	+0.515
62.900	+4.059e+03	+4.869e+03	+9.863e+03	+0.545
63.000	+5.174e+03	+5.004e+03	+9.730e+03	+0.492
63.100	+5.824e+03	+5.248e+03	+9.889e+03	+0.474
63.200	+5.320e+03	+5.259e+03	+1.060e+04	+0.497
63.300	+2.963e+03	+7.666e+03	+9.296e+03	+0.721
63.400	+9.631e+02	+7.105e+03	+9.421e+03	+0.881
63.500	+1.478e+03	+8.068e+03	+1.060e+04	+0.845
63.600	+2.525e+03	+8.578e+03	+9.623e+03	+0.773
63.700	+2.402e+03	+6.508e+03	+1.088e+04	+0.730
63.800	+5.067e+03	+4.368e+03	+9.760e+03	+0.463
63.900	+5.074e+03	+4.215e+03	+1.084e+04	+0.454
64.000	+4.291e+03	+5.500e+03	+1.033e+04	+0.562
64.100	+4.637e+03	+4.480e+03	+9.163e+03	+0.491
64.200	+4.133e+03	+5.839e+03	+1.008e+04	+0.586
64.300	+5.333e+03	+4.860e+03	+1.016e+04	+0.477
64.400	+4.090e+03	+6.006e+03	+8.475e+03	+0.595
64.500	+5.451e+03	+5.296e+03	+9.671e+03	+0.493
64.600	+3.881e+03	+4.800e+03	+1.000e+04	+0.553
64.700	+5.359e+03	+4.432e+03	+9.560e+03	+0.453
64.800	+5.882e+03	+5.743e+03	+1.026e+04	+0.494
64.900	+5.595e+03	+5.512e+03	+9.650e+03	+0.496
65.000	+4.939e+03	+4.054e+03	+9.654e+03	+0.451
65.100	+4.863e+03	+3.955e+03	+8.734e+03	+0.449
65.200	+5.466e+03	+5.554e+03	+1.139e+04	+0.504
65.300	+4.376e+03	+5.232e+03	+1.111e+04	+0.545
65.400	+5.334e+03	+4.494e+03	+1.035e+04	+0.457
65.500	+4.692e+03	+5.931e+03	+9.802e+03	+0.558
65.600	+2.647e+03	+6.725e+03	+9.312e+03	+0.718
65.700	+1.540e+03	+7.949e+03	+8.968e+03	+0.838
65.800	+2.267e+03	+8.131e+03	+9.737e+03	+0.782
65.900	+3.084e+03	+7.891e+03	+9.776e+03	+0.719
66.000	+1.559e+03	+8.784e+03	+1.033e+04	+0.849
66.100	+2.036e+03	+7.211e+03	+1.021e+04	+0.780
66.200	+2.416e+03	+8.123e+03	+1.002e+04	+0.771
66.300	-1.217e+02	+6.744e+03	+9.882e+03	+1.018
66.400	+2.949e+03	+8.067e+03	+9.370e+03	+0.732
66.500	+5.412e+03	+6.156e+03	+1.048e+04	+0.532
66.600	+6.502e+03	+4.581e+03	+9.682e+03	+0.413
66.700	+5.142e+03	+4.028e+03	+1.073e+04	+0.439
66.800	+5.634e+03	+4.683e+03	+1.018e+04	+0.454
66.900	+3.917e+03	+5.217e+03	+9.743e+03	+0.571
67.000	+5.345e+03	+5.037e+03	+9.967e+03	+0.485
67.100	+4.740e+03	+4.756e+03	+9.299e+03	+0.501
67.200	+4.227e+03	+5.960e+03	+1.028e+04	+0.585
67.300	+4.163e+03	+6.088e+03	+9.805e+03	+0.594
67.400	+2.095e+03	+8.032e+03	+1.002e+04	+0.793
67.500	+2.457e+03	+7.004e+03	+8.543e+03	+0.740
67.600	+4.954e+03	+5.574e+03	+9.802e+03	+0.529
67.700	+4.928e+03	+4.442e+03	+1.042e+04	+0.474
67.800	+4.194e+03	+5.103e+03	+9.284e+03	+0.549
67.900	+4.122e+03	+6.257e+03	+1.014e+04	+0.603
68.000	+5.411e+03	+4.338e+03	+9.405e+03	+0.445
68.100	+2.734e+03	+5.941e+03	+1.024e+04	+0.685
68.200	+8.343e+02	+8.462e+03	+9.392e+03	+0.910
68.300	+3.915e+03	+7.582e+03	+1.050e+04	+0.659
68.400	+6.412e+02	+8.558e+03	+1.114e+04	+0.930
68.500	+1.699e+03	+7.621e+03	+1.008e+04	+0.818
68.600	+1.950e+03	+8.637e+03	+1.055e+04	+0.816
68.700	+7.240e+02	+8.376e+03	+9.585e+03	+0.920
68.800	+5.577e+02	+6.997e+03	+1.126e+04	+0.926
68.900	+1.222e+03	+9.222e+03	+1.011e+04	+0.883
69.000	+2.470e+03	+7.788e+03	+1.004e+04	+0.759
69.100	+2.218e+03	+7.563e+03	+7.638e+03	+0.773
69.200	+2.672e+03	+7.796e+03	+8.775e+03	+0.745
69.300	+1.847e+03	+7.082e+03	+9.687e+03	+0.793
69.400	+1.383e+03	+7.953e+03	+9.264e+03	+0.852
69.500	+2.566e+03	+8.887e+03	+1.020e+04	+0.776
69.600	+1.461e+03	+8.048e+03	+9.270e+03	+0.846
69.700	+2.377e+03	+8.445e+03	+1.070e+04	+0.780
69.800	+2.171e+03	+8.535e+03	+9.278e+03	+0.797
69.900	+1.110e+03	+8.324e+03	+9.556e+03	+0.882
70.000	+1.421e+03	+7.755e+03	+1.085e+04	+0.845
70.100	+3.029e+03	+8.715e+03	+9.326e+03	+0.742
70.200	+2.800e+03	+7.337e+03	+9.053e+03	+0.724
70.300	+1.644e+03	+8.972e+03	+8.997e+03	+0.845
70.400	+1.374e+03	+8.072e+03	+9.391e+03	+0.855
70.500	+9.544e+02	+7.801e+03	+9.884e+03	+0.891
70.600	+1.259e+03	+9.640e+03	+1.009e+04	+0.884
70.700	+3.331e+03	+9.183e+03	+9.745e+03	+0.734
70.800	+4.552e+03	+4.448e+03	+1.031e+04	+0.494
70.900	+4.822e+03	+4.342e+03	+9.152e+03	+0.474
71.000	+4.903e+03	+5.533e+03	+9.686e+03	+0.530
71.100	+2.196e+03	+6.960e+03	+9.060e+03	+0.760
71.200	+1.735e+03	+7.289e+03	+1.014e+04	+0.808
71.300	+9.831e+02	+7.607e+03	+1.043e+04	+0.886
71.400	+2.146e+03	+8.046e+03	+1.019e+04	+0.789
71.500	+2.686e+03	+7.260e+03	+9.632e+03	+0.730
71.600	+1.231e+03	+8.535e+03	+1.051e+04	+0.874
71.700	+2.577e+03	+6.724e+03	+9.199e+03	+0.723
71.800	+5.545e+02	+8.329e+03	+9.118e+03	+0.938
71.900	+2.361e+03	+7.746e+03	+1.079e+04	+0.766
72.000	+2.355e+03	+7.789e+03	+9.690e+03	+0.768
72.100	+1.856e+03	+7.022e+03	+9.782e+03	+0.791
72.200	+1.688e+03	+8.821e+03	+9.373e+03	+0.839
72.300	+8.878e+02	+7.441e+03	+1.016e+04	+0.893
72.400	+2.335e+03	+8.291e+03	+9.850e+03	+0.780
72.500	+6.659e+02	+7.033e+03	+9.168e+03	+0.914
72.600	+2.795e+03	+8.045e+03	+1.047e+04	+0.742
72.700	+2.109e+03	+8.219e+03	+9.587e+03	+0.796
72.800	+2.308e+03	+6.878e+03	+1.075e+04	+0.749
72.900	+2.085e+03	+7.448e+03	+1.055e+04	+0.781
73.000	+4.251e+03	+6.263e+03	+9.113e+03	+0.596
73.100	+5.078e+03	+5.349e+03	+1.135e+04	+0.513
73.200	+5.392e+03	+4.401e+03	+9.607e+03	+0.449
73.300	+4.790e+03	+6.567e+03	+1.013e+04	+0.578
73.400	+5.024e+03	+4.235e+03	+9.951e+03	+0.457
73.500	+4.693e+03	+4.651e+03	+9.634e+03	+0.498
73.600	+5.225e+03	+5.108e+03	+1.083e+04	+0.494
73.700	+5.198e+03	+4.301e+03	+8.119e+03	+0.453
73.800	+4.636e+03	+5.843e+03	+8.964e+03	+0.558
73.900	+5.954e+03	+4.264e+03	+9.597e+03	+0.417
74.000	+4.348e+03	+4.445e+03	+8.919e+03	+0.506
74.100	+4.680e+03	+4.235e+03	+9.917e+03	+0.475
74.200	+4.477e+03	+4.904e+03	+9.795e+03	+0.523
74.300	+5.401e+03	+4.911e+03	+9.183e+03	+0.476
74.400	+6.009e+03	+5.713e+03	+9.606e+03	+0.487
74.500	+3.993e+03	+3.872e+03	+8.835e+03	+0.492
74.600	+6.486e+03	+4.910e+03	+8.960e+03	+0.431
74.700	+5.099e+03	+4.989e+03	+8.592e+03	+0.495
74.800	+4.322e+03	+6.062e+03	+9.809e+03	+0.584
74.900	+2.403e+03	+7.979e+03	+9.946e+03	+0.769
75.000	+2.799e+03	+8.296e+03	+9.563e+03	+0.748
75.100	+1.163e+03	+7.860e+03	+1.063e+04	+0.871
75.200	+2.797e+03	+7.428e+03	+9.636e+03	+0.726
75.300	+2.809e+03	+7.747e+03	+1.067e+04	+0.734
75.400	+1.764e+03	+8.744e+03	+1.052e+04	+0.832
75.500	+7.480e+02	+8.463e+03	+1.070e+04	+0.919
75.600	+2.353e+03	+7.495e+03	+9.304e+03	+0.761
75.700	+4.016e+03	+5.650e+03	+9.975e+03	+0.585
75.800	+7.231e+03	+2.431e+03	+1.044e+04	+0.252
75.900	+8.081e+03	+1.827e+03	+1.072e+04	+0.184
76.000	+6.783e+03	+4.204e+03	+1.005e+04	+0.383
76.100	+8.490e+03	+2.517e+03	+9.094e+03	+0.229
76.200	+9.026e+03	+2.583e+03	+9.344e+03	+0.223
76.300	+7.626e+03	+2.114e+03	+8.374e+03	+0.217
76.400	+6.944e+03	+3.274e+03	+1.016e+04	+0.320
76.500	+7.709e+03	+2.269e+03	+9.294e+03	+0.227
76.600	+6.892e+03	+2.803e+03	+9.094e+03	+0.289
76.700	+7.788e+03	+2.963e+03	+1.059e+04	+0.276
76.800	+7.492e+03	+2.629e+03	+1.035e+04	+0.260
76.900	+5.664e+03	+2.906e+03	+1.023e+04	+0.339
77.000	+6.850e+03	+2.409e+03	+1.017e+04	+0.260
77.100	+9.118e+03	+1.499e+03	+1.024e+04	+0.141
77.200	+7.829e+03	+2.701e+03	+9.797e+03	+0.257
77.300	+7.272e+03	+1.560e+03	+1.065e+04	+0.177
77.400	+7.333e+03	+2.297e+03	+1.060e+04	+0.239
77.500	+7.263e+03	+1.933e+03	+9.448e+03	+0.210
77.600	+7.576e+03	+1.682e+03	+1.038e+04	+0.182
77.700	+6.237e+03	+3.168e+03	+9.506e+03	+0.337
77.800	+7.414e+03	+3.880e+03	+9.796e+03	+0.344
77.900	+6.965e+03	+2.879e+03	+1.016e+04	+0.292
78.000	+7.137e+03	+2.873e+03	+1.027e+04	+0.287
78.100	+7.490e+03	+2.007e+03	+1.024e+04	+0.211
78.200	+9.624e+03	+3.106e+03	+1.040e+04	+0.244
78.300	+6.765e+03	+2.362e+03	+1.047e+04	+0.259
78.400	+7.003e+03	+1.873e+03	+1.072e+04	+0.211
78.500	+7.976e+03	+4.779e+03	+9.351e+03	+0.375
78.600	+6.688e+03	+2.726e+03	+1.074e+04	+0.290
78.700	+7.386e+03	+1.728e+03	+1.064e+04	+0.190
78.800	+9.201e+03	+3.689e+03	+1.105e+04	+0.286
78.900	+7.756e+03	+2.963e+03	+9.908e+03	+0.276
79.000	+7.474e+03	+1.496e+03	+1.070e+04	+0.167
79.100	+7.411e+03	+3.272e+03	+1.104e+04	+0.306
79.200	+7.562e+03	+2.905e+03	+8.826e+03	+0.278
79.300	+7.382e+03	+3.051e+03	+1.055e+04	+0.292
79.400	+7.718e+03	+3.731e+03	+9.064e+03	+0.326
79.500	+7.454e+03	+2.441e+03	+9.909e+03	+0.247
79.600	+8.100e+03	+2.158e+03	+8.822e+03	+0.210
79.700	+7.479e+03	+1.789e+03	+1.002e+04	+0.193
79.800	+8.626e+03	+3.575e+03	+1.116e+04	+0.293
79.900	+7.619e+03	+1.592e+03	+1.110e+04	+0.173
80.000	+6.880e+03	+1.951e+03	+9.390e+03	+0.221
80.100	+7.930e+03	+1.575e+03	+1.045e+04	+0.166
80.200	+8.836e+03	+2.596e+03	+9.745e+03	+0.227
80.300	+3.744e+03	+5.641e+03	+9.563e+03	+0.601
80.400	+1.947e+03	+7.281e+03	+1.073e+04	+0.789
80.500	+9.817e+02	+7.322e+03	+1.033e+04	+0.882
80.600	+2.184e+03	+7.408e+03	+1.079e+04	+0.772
80.700	+2.408e+03	+6.879e+03	+1.065e+04	+0.741
80.800	+1.087e+03	+7.645e+03	+8.923e+03	+0.876
80.900	+2.471e+03	+8.318e+03	+9.752e+03	+0.771
81.000	+3.150e+03	+9.333e+03	+9.922e+03	+0.748
81.100	+1.464e+03	+7.895e+03	+1.014e+04	+0.844
81.200	+3.512e+03	+6.202e+03	+1.166e+04	+0.638
81.300	+4.252e+03	+5.779e+03	+1.086e+04	+0.576
81.400	+5.290e+03	+4.060e+03	+8.756e+03	+0.434
81.500	+4.324e+03	+4.414e+03	+1.006e+04	+0.505
81.600	+4.957e+03	+5.337e+03	+9.961e+03	+0.518
81.700	+4.846e+03	+5.339e+03	+9.898e+03	+0.524
81.800	+4.697e+03	+4.397e+03	+9.740e+03	+0.483
81.900	+4.503e+03	+5.921e+03	+1.083e+04	+0.568
82.000	+5.563e+03	+5.795e+03	+9.168e+03	+0.510
82.100	+3.669e+03	+5.007e+03	+1.014e+04	+0.577
82.200	+5.016e+03	+4.326e+03	+1.064e+04	+0.463
82.300	+4.855e+03	+5.996e+03	+9.396e+03	+0.553
82.400	+4.880e+03	+6.259e+03	+9.701e+03	+0.562
82.500	+4.595e+03	+5.352e+03	+1.030e+04	+0.538
82.600	+5.059e+03	+5.923e+03	+1.069e+04	+0.539
82.700	+5.356e+03	+5.360e+03	+9.848e+03	+0.500
82.800	+5.401e+03	+4.054e+03	+9.877e+03	+0.429
82.900	+7.691e+03	+1.522e+03	+1.036e+04	+0.165
83.000	+7.784e+03	+2.684e+03	+1.019e+04	+0.256
83.100	+8.570e+03	+2.142e+03	+9.982e+03	+0.200
83.200	+8.190e+03	+2.061e+03	+9.559e+03	+0.201
83.300	+5.051e+03	+5.234e+03	+1.016e+04	+0.509
83.400	+5.116e+03	+4.615e+03	+9.940e+03	+0.474
83.500	+4.442e+03	+4.034e+03	+9.239e+03	+0.476
83.600	+3.952e+03	+5.901e+03	+9.128e+03	+0.599
83.700	+4.997e+03	+4.886e+03	+1.104e+04	+0.494
83.800	+4.299e+03	+4.658e+03	+9.501e+03	+0.520
83.900	+4.297e+03	+4.303e+03	+1.103e+04	+0.500
84.000	+5.151e+03	+4.965e+03	+1.039e+04	+0.491
84.100	+5.731e+03	+6.271e+03	+8.526e+03	+0.523
84.200	+5.102e+03	+5.217e+03	+1.037e+04	+0.506
84.300	+4.822e+03	+4.576e+03	+1.068e+04	+0.487
84.400	+5.092e+03	+5.526e+03	+1.002e+04	+0.520
84.500	+5.214e+03	+4.871e+03	+9.610e+03	+0.483
84.600	+4.148e+03	+5.835e+03	+9.757e+03	+0.584
84.700	+4.780e+03	+5.961e+03	+1.004e+04	+0.555
84.800	+4.764e+03	+4.865e+03	+9.761e+03	+0.505
84.900	+4.191e+03	+5.935e+03	+9.846e+03	+0.586
85.000	+5.042e+03	+6.022e+03	+1.183e+04	+0.544
85.100	+5.057e+03	+4.252e+03	+9.950e+03	+0.457
85.200	+3.912e+03	+5.903e+03	+1.101e+04	+0.601
85.300	+4.420e+03	+4.865e+03	+1.009e+04	+0.524
85.400	+5.834e+03	+6.144e+03	+8.935e+03	+0.513
85.500	+5.041e+03	+5.458e+03	+8.977e+03	+0.520
85.600	+5.398e+03	+5.384e+03	+1.010e+04	+0.499
85.700	+4.973e+03	+5.366e+03	+1.038e+04	+0.519
85.800	+4.294e+03	+4.689e+03	+1.110e+04	+0.522
85.900	+5.193e+03	+4.575e+03	+1.090e+04	+0.468
86.000	+5.013e+03	+4.843e+03	+1.014e+04	+0.491
86.100	+4.352e+03	+5.054e+03	+1.157e+04	+0.537
86.200	+4.558e+03	+6.574e+03	+9.979e+03	+0.591
86.300	+4.657e+03	+5.723e+03	+1.103e+04	+0.551
86.400	+4.406e+03	+6.284e+03	+9.170e+03	+0.588
86.500	+5.894e+03	+4.670e+03	+1.040e+04	+0.442
86.600	+5.710e+03	+5.855e+03	+1.080e+04	+0.506
86.700	+4.859e+03	+3.813e+03	+1.052e+04	+0.440
86.800	+2.833e+03	+4.485e+03	+1.115e+04	+0.613
86.900	+5.361e+03	+4.974e+03	+9.827e+03	+0.481
87.000	+4.596e+03	+5.859e+03	+9.687e+03	+0.560
87.100	+5.197e+03	+4.028e+03	+1.045e+04	+0.437
87.200	+4.480e+03	+5.335e+03	+1.022e+04	+0.544
87.300	+3.823e+03	+4.489e+03	+9.116e+03	+0.540
87.400	+5.713e+03	+4.387e+03	+1.002e+04	+0.434
87.500	+4.603e+03	+5.026e+03	+1.068e+04	+0.522
87.600	+5.815e+03	+5.095e+03	+1.106e+04	+0.467
87.700	+3.854e+03	+4.839e+03	+9.723e+03	+0.557
87.800	+5.186e+03	+4.462e+03	+9.889e+03	+0.462
87.900	+4.734e+03	+3.958e+03	+8.752e+03	+0.455
88.000	+5.494e+03	+5.072e+03	+1.038e+04	+0.480
88.100	+5.046e+03	+4.264e+03	+1.024e+04	+0.458
88.200	+5.795e+03	+6.453e+03	+1.042e+04	+0.527
88.300	+4.030e+03	+4.873e+03	+9.750e+03	+0.547
88.400	+3.353e+03	+4.726e+03	+1.055e+04	+0.585
88.500	+5.502e+03	+5.652e+03	+1.038e+04	+0.507
88.600	+4.687e+03	+6.361e+03	+1.069e+04	+0.576
88.700	+4.186e+03	+5.324e+03	+1.002e+04	+0.560
88.800	+5.375e+03	+4.978e+03	+9.950e+03	+0.481
88.900	+2.504e+03	+8.013e+03	+9.700e+03	+0.762
89.000	+3.491e+03	+7.907e+03	+9.275e+03	+0.694
89.100	+2.244e+03	+8.328e+03	+9.097e+03	+0.788
89.200	+6.643e+02	+7.467e+03	+9.798e+03	+0.918
89.300	+1.493e+03	+8.951e+03	+8.870e+03	+0.857
89.400	+1.750e+03	+7.404e+03	+1.091e+04	+0.809
89.500	+2.082e+03	+7.314e+03	+9.173e+03	+0.778
89.600	+2.122e+03	+7.557e+03	+9.377e+03	+0.781
89.700	+1.196e+02	+7.951e+03	+9.760e+03	+0.985
89.800	+2.216e+03	+8.717e+03	+1.072e+04	+0.797
89.900	+1.772e+03	+8.017e+03	+9.376e+03	+0.819
90.000	+2.805e+03	+8.205e+03	+1.013e+04	+0.745
90.100	+1.479e+03	+7.418e+03	+9.839e+03	+0.834
90.200	+1.827e+03	+9.112e+03	+8.806e+03	+0.833
90.300	+3.055e+03	+6.875e+03	+9.772e+03	+0.692
90.400	+1.312e+03	+6.192e+03	+9.646e+03	+0.825
90.500	+1.839e+03	+8.507e+03	+9.939e+03	+0.822
90.600	+2.480e+03	+7.418e+03	+1.050e+04	+0.749
90.700	+2.694e+03	+8.055e+03	+9.739e+03	+0.749
90.800	+1.195e+03	+7.648e+03	+1.091e+04	+0.865
90.900	+2.512e+03	+8.527e+03	+9.586e+03	+0.772
91.000	+2.365e+03	+8.072e+03	+1.078e+04	+0.773
91.100	+1.571e+03	+7.544e+03	+9.322e+03	+0.828
91.200	+1.883e+03	+9.138e+03	+1.150e+04	+0.829
91.300	+3.123e+03	+7.847e+03	+9.860e+03	+0.715
91.400	+2.351e+03	+7.439e+03	+1.045e+04	+0.760
91.500	+2.633e+03	+8.225e+03	+1.186e+04	+0.758
91.600	+2.633e+03	+7.706e+03	+9.273e+03	+0.745
91.700	+2.928e+03	+7.945e+03	+1.019e+04	+0.731
91.800	+2.236e+03	+6.502e+03	+9.483e+03	+0.744
91.900	+1.671e+03	+9.112e+03	+1.027e+04	+0.845
92.000	+1.360e+03	+9.147e+03	+1.110e+04	+0.871
92.100	+1.252e+03	+7.898e+03	+8.777e+03	+0.863
92.200	+1.216e+03	+8.523e+03	+9.514e+03	+0.875
92.300	+2.730e+03	+8.622e+03	+1.098e+04	+0.759
92.400	+1.936e+03	+8.573e+03	+1.005e+04	+0.816
92.500	+2.119e+03	+8.786e+03	+1.095e+04	+0.806
92.600	+2.011e+03	+6.785e+03	+9.699e+03	+0.771
92.700	+3.358e+03	+8.399e+03	+9.289e+03	+0.714
92.800	+1.681e+03	+7.496e+03	+1.151e+04	+0.817
92.900	+2.701e+03	+6.531e+03	+1.012e+04	+0.707
93.000	+1.531e+03	+7.588e+03	+1.027e+04	+0.832
93.100	+6.162e+03	+4.445e+03	+1.011e+04	+0.419
93.200	+7.922e+03	+3.271e+03	+1.120e+04	+0.292
93.300	+7.849e+03	+2.121e+03	+1.090e+04	+0.213
93.400	+6.663e+03	+1.909e+03	+1.003e+04	+0.223
93.500	+8.635e+03	+3.110e+03	+9.823e+03	+0.265
93.600	+7.847e+03	+1.401e+03	+1.041e+04	+0.152
93.700	+6.162e+03	+1.905e+03	+1.006e+04	+0.236
93.800	+7.983e+03	+1.917e+03	+9.382e+03	+0.194
93.900	+6.877e+03	+2.794e+03	+1.003e+04	+0.289
94.000	+7.135e+03	+2.444e+03	+9.656e+03	+0.255
94.100	+7.842e+03	+3.018e+03	+9.571e+03	+0.278
94.200	+7.376e+03	+2.101e+03	+1.079e+04	+0.222
94.300	+8.210e+03	+2.002e+03	+9.097e+03	+0.196
94.400	+7.494e+03	+3.052e+03	+9.803e+03	+0.289
94.500	+7.958e+03	+2.001e+03	+9.858e+03	+0.201
94.600	+7.939e+03	+3.600e+03	+9.739e+03	+0.312
94.700	+7.650e+03	+4.733e+03	+9.487e+03	+0.382
94.800	+7.144e+03	+2.627e+03	+9.442e+03	+0.269
94.900	+7.919e+03	+2.718e+03	+1.045e+04	+0.256
95.000	+6.557e+03	+3.320e+03	+1.056e+04	+0.336
95.100	+6.727e+03	+2.813e+03	+1.048e+04	+0.295
95.200	+6.753e+03	+3.813e+03	+1.053e+04	+0.361
95.300	+6.884e+03	+1.527e+03	+1.004e+04	+0.182
95.400	+7.611e+03	+2.470e+03	+9.577e+03	+0.245
95.500	+8.774e+03	+2.983e+03	+1.008e+04	+0.254
95.600	+8.555e+03	+1.419e+03	+9.800e+03	+0.142
95.700	+6.937e+03	+1.281e+03	+1.013e+04	+0.156
95.800	+8.165e+03	+3.360e+03	+9.725e+03	+0.292
95.900	+8.953e+03	+3.242e+03	+9.754e+03	+0.266
96.000	+8.890e+03	+1.950e+03	+9.746e+03	+0.180
96.100	+8.970e+03	+2.662e+03	+1.058e+04	+0.229
96.200	+8.588e+03	+2.112e+03	+1.019e+04	+0.197
96.300	+7.319e+03	+3.744e+03	+9.759e+03	+0.338
96.400	+8.957e+03	+2.325e+03	+1.081e+04	+0.206
96.500	+8.151e+03	+1.758e+03	+9.102e+03	+0.177
96.600	+7.174e+03	+2.718e+03	+9.676e+03	+0.275
96.700	+7.702e+03	+2.426e+03	+1.077e+04	+0.240
96.800	+6.824e+03	+4.217e+03	+9.234e+03	+0.382
96.900	+7.135e+03	+2.832e+03	+1.078e+04	+0.284
97.000	+6.317e+03	+2.544e+03	+1.102e+04	+0.287
97.100	+7.938e+03	+2.338e+03	+1.066e+04	+0.228
97.200	+7.192e+03	+3.255e+03	+1.025e+04	+0.312
97.300	+7.109e+03	+1.909e+03	+8.572e+03	+0.212
97.400	+7.482e+03	+2.880e+03	+1.034e+04	+0.278
97.500	+6.785e+03	+2.846e+03	+9.203e+03	+0.296
97.600	+7.942e+03	+1.966e+03	+1.125e+04	+0.198
97.700	+8.405e+03	+2.589e+03	+9.972e+03	+0.235
97.800	+6.913e+03	+3.909e+03	+1.056e+04	+0.361
97.900	+7.535e+03	+2.114e+03	+9.844e+03	+0.219
98.000	+7.392e+03	+2.288e+03	+1.030e+04	+0.236
98.100	+7.513e+03	+1.016e+03	+1.184e+04	+0.119
98.200	+6.990e+03	+1.594e+03	+9.431e+03	+0.186
98.300	+6.705e+03	+3.097e+03	+9.710e+03	+0.316
98.400	+5.691e+03	+3.700e+03	+9.985e+03	+0.394
98.500	+6.044e+03	+3.529e+03	+1.012e+04	+0.369
98.600	+3.960e+03	+5.273e+03	+1.031e+04	+0.571
98.700	+5.942e+03	+3.963e+03	+1.062e+04	+0.400
98.800	+5.006e+03	+4.740e+03	+1.018e+04	+0.486
98.900	+3.019e+03	+6.331e+03	+1.044e+04	+0.677
99.000	+4.339e+03	+5.492e+03	+9.723e+03	+0.559
99.100	+4.601e+03	+5.110e+03	+9.643e+03	+0.526
99.200	+4.396e+03	+6.608e+03	+1.064e+04	+0.601
99.300	+5.158e+03	+4.277e+03	+1.060e+04	+0.453
99.400	+5.018e+03	+4.690e+03	+9.396e+03	+0.483
99.500	+5.025e+03	+5.894e+03	+9.357e+03	+0.540
99.600	+4.901e+03	+4.195e+03	+9.423e+03	+0.461
99.700	+4.481e+03	+5.364e+03	+8.995e+03	+0.545
99.800	+4.904e+03	+4.623e+03	+8.409e+03	+0.485
99.900	+3.813e+03	+6.070e+03	+9.752e+03	+0.614
100.000	+4.753e+03	+4.273e+03	+1.003e+04	+0.473
100.100	+4.368e+03	+4.584e+03	+8.961e+03	+0.512
100.200	+5.032e+03	+3.912e+03	+9.039e+03	+0.437
100.300	+4.718e+03	+4.566e+03	+9.168e+03	+0.492
100.400	+4.975e+03	+5.017e+03	+1.111e+04	+0.502
100.500	+4.215e+03	+4.870e+03	+9.222e+03	+0.536
100.600	+4.119e+03	+4.841e+03	+1.123e+04	+0.540
100.700	+4.699e+03	+4.977e+03	+9.289e+03	+0.514
100.800	+4.915e+03	+4.783e+03	+8.882e+03	+0.493
100.900	+4.738e+03	+5.282e+03	+9.412e+03	+0.527
101.000	+5.831e+03	+5.685e+03	+9.288e+03	+0.494
101.100	+4.933e+03	+4.209e+03	+9.262e+03	+0.460
101.200	+5.958e+03	+5.291e+03	+9.963e+03	+0.470
101.300	+4.436e+03	+6.071e+03	+1.164e+04	+0.578
101.400	+4.387e+03	+5.688e+03	+1.007e+04	+0.565
101.500	+6.084e+03	+4.771e+03	+9.028e+03	+0.439
101.600	+3.643e+03	+7.433e+03	+9.175e+03	+0.671
101.700	+2.043e+03	+8.504e+03	+1.021e+04	+0.806
101.800	+2.351e+03	+6.835e+03	+9.873e+03	+0.744
101.900	+5.391e+03	+4.253e+03	+1.089e+04	+0.441
102.000	+6.081e+03	+4.641e+03	+9.070e+03	+0.433
102.100	+6.126e+03	+6.551e+03	+1.097e+04	+0.517
102.200	+3.785e+03	+6.753e+03	+1.024e+04	+0.641
102.300	+2.134e+03	+8.632e+03	+9.940e+03	+0.802
102.400	+1.319e+03	+8.704e+03	+8.862e+03	+0.868
102.500	+3.190e+03	+8.551e+03	+9.189e+03	+0.728
102.600	+2.073e+03	+8.187e+03	+1.017e+04	+0.798
102.700	+2.256e+03	+8.532e+03	+1.103e+04	+0.791
102.800	+3.922e+03	+8.008e+03	+1.049e+04	+0.671
102.900	+2.176e+03	+8.382e+03	+9.809e+03	+0.794
103.000	+1.888e+03	+8.336e+03	+9.170e+03	+0.815
103.100	+2.749e+03	+7.281e+03	+9.724e+03	+0.726
103.200	+3.201e+03	+8.032e+03	+9.326e+03	+0.715
103.300	+5.363e+03	+4.822e+03	+9.769e+03	+0.473
103.400	+5.601e+03	+6.632e+03	+9.473e+03	+0.542
103.500	+4.789e+03	+4.568e+03	+1.040e+04	+0.488
103.600	+5.203e+03	+5.009e+03	+1.104e+04	+0.490
103.700	+4.301e+03	+5.407e+03	+1.031e+04	+0.557
103.800	+3.972e+03	+6.066e+03	+1.080e+04	+0.604
103.900	+4.959e+03	+5.698e+03	+9.920e+03	+0.535
104.000	+4.969e+03	+5.487e+03	+9.015e+03	+0.525
104.100	+7.793e+03	+2.146e+03	+9.983e+03	+0.216
104.200	+6.825e+03	+2.516e+03	+1.111e+04	+0.269
104.300	+6.712e+03	+3.549e+03	+1.033e+04	+0.346
104.400	+8.054e+03	+3.366e+03	+9.870e+03	+0.295
104.500	+8.243e+03	+1.878e+03	+1.040e+04	+0.186
104.600	+7.178e+03	+2.001e+03	+9.465e+03	+0.218
104.700	+7.468e+03	+1.814e+03	+1.147e+04	+0.195
104.800	+8.054e+03	+8.053e+02	+9.260e+03	+0.091
104.900	+8.015e+03	+3.895e+03	+8.985e+03	+0.327
105.000	+7.309e+03	+1.169e+03	+9.158e+03	+0.138
105.100	+6.571e+03	+3.672e+03	+1.046e+04	+0.358
105.200	+4.083e+03	+5.385e+03	+1.104e+04	+0.569
105.300	+4.814e+03	+5.049e+03	+9.590e+03	+0.512
105.400	+6.153e+03	+4.502e+03	+9.664e+03	+0.423
105.500	+4.068e+03	+4.299e+03	+1.035e+04	+0.514
105.600	+5.682e+03	+5.200e+03	+9.735e+03	+0.478
105.700	+5.328e+03	+5.034e+03	+9.927e+03	+0.486
105.800	+4.030e+03	+5.180e+03	+9.897e+03	+0.562
105.900	+2.121e+03	+7.825e+03	+1.004e+04	+0.787
106.000	+1.588e+03	+7.360e+03	+8.870e+03	+0.823
106.100	+9.933e+02	+7.871e+03	+1.039e+04	+0.888
106.200	+1.382e+03	+8.916e+03	+9.604e+03	+0.866
106.300	+2.834e+03	+8.915e+03	+1.118e+04	+0.759
106.400	+3.005e+03	+7.042e+03	+9.458e+03	+0.701
106.500	+1.245e+03	+8.646e+03	+1.035e+04	+0.874
106.600	+1.654e+03	+9.757e+03	+1.091e+04	+0.855
106.700	+2.008e+03	+7.130e+03	+1.048e+04	+0.780
106.800	+1.988e+03	+9.178e+03	+9.762e+03	+0.822
106.900	+4.146e+02	+7.899e+03	+1.066e+04	+0.950
107.000	+1.884e+03	+7.719e+03	+9.944e+03	+0.804
107.100	+2.170e+03	+7.115e+03	+9.737e+03	+0.766
107.200	+3.085e+03	+7.815e+03	+1.010e+04	+0.717
107.300	+2.624e+03	+8.819e+03	+1.005e+04	+0.771
107.400	+7.945e+03	+2.948e+03	+9.911e+03	+0.271
107.500	+7.866e+03	+2.155e+03	+1.092e+04	+0.215
107.600	+8.545e+03	+1.153e+03	+1.128e+04	+0.119
107.700	+7.658e+03	+3.541e+03	+1.042e+04	+0.316
107.800	+8.063e+03	+2.793e+03	+8.540e+03	+0.257
107.900	+7.295e+03	+3.308e+03	+9.888e+03	+0.312
108.000	+6.478e+03	+5.628e+03	+9.919e+03	+0.465
108.100	+4.240e+03	+5.116e+03	+9.794e+03	+0.547
108.200	+5.002e+03	+4.518e+03	+1.086e+04	+0.475
108.300	+4.223e+03	+4.291e+03	+1.122e+04	+0.504
108.400	+4.421e+03	+5.580e+03	+9.843e+03	+0.558
108.500	+4.863e+03	+5.075e+03	+8.800e+03	+0.511
108.600	+4.782e+03	+4.921e+03	+9.674e+03	+0.507
108.700	+3.952e+03	+5.222e+03	+9.893e+03	+0.569
108.800	+4.300e+03	+3.818e+03	+1.012e+04	+0.470
108.900	+3.695e+03	+3.964e+03	+9.660e+03	+0.518
109.000	+4.022e+03	+3.556e+03	+1.033e+04	+0.469
109.100	+3.038e+03	+4.491e+03	+8.929e+03	+0.596
109.200	+5.260e+03	+5.080e+03	+9.705e+03	+0.491
109.300	+5.401e+03	+4.484e+03	+1.123e+04	+0.454
109.400	+4.936e+03	+5.077e+03	+1.086e+04	+0.507
109.500	+5.098e+03	+5.303e+03	+1.007e+04	+0.510
109.600	+4.369e+03	+5.573e+03	+1.043e+04	+0.561
109.700	+4.933e+03	+5.745e+03	+1.010e+04	+0.538
109.800	+4.261e+03	+5.913e+03	+1.070e+04	+0.581
109.900	+4.524e+03	+4.000e+03	+9.231e+03	+0.469
110.000	+6.069e+03	+4.748e+03	+9.956e+03	+0.439
110.100	+5.065e+03	+4.401e+03	+1.043e+04	+0.465
110.200	+5.578e+03	+4.877e+03	+1.064e+04	+0.466
110.300	+5.460e+03	+3.977e+03	+1.022e+04	+0.421
110.400	+5.208e+03	+4.991e+03	+9.125e+03	+0.489
110.500	+4.686e+03	+4.749e+03	+1.091e+04	+0.503
110.600	+4.922e+03	+4.321e+03	+1.010e+04	+0.467
110.700	+4.910e+03	+4.017e+03	+1.032e+04	+0.450
110.800	+5.958e+03	+5.157e+03	+9.905e+03	+0.464
110.900	+5.547e+03	+4.732e+03	+9.040e+03	+0.460
111.000	+5.730e+03	+6.634e+03	+1.028e+04	+0.537
111.100	+4.291e+03	+6.365e+03	+9.914e+03	+0.597
111.200	+5.627e+03	+4.565e+03	+9.360e+03	+0.448
111.300	+5.505e+03	+5.596e+03	+1.017e+04	+0.504
111.400	+5.343e+03	+5.235e+03	+9.407e+03	+0.495
111.500	+3.756e+03	+5.023e+03	+8.652e+03	+0.572
111.600	+6.490e+03	+5.538e+03	+9.870e+03	+0.460
111.700	+4.805e+03	+5.356e+03	+1.034e+04	+0.527
111.800	+5.150e+03	+5.203e+03	+1.063e+04	+0.503
111.900	+5.193e+03	+6.331e+03	+1.067e+04	+0.549
112.000	+5.635e+03	+5.195e+03	+1.020e+04	+0.480
112.100	+5.966e+03	+4.648e+03	+1.034e+04	+0.438
112.200	+4.097e+03	+5.241e+03	+9.047e+03	+0.561
112.300	+4.069e+03	+6.980e+03	+1.129e+04	+0.632
112.400	+5.770e+03	+5.589e+03	+9.791e+03	+0.492
112.500	+3.670e+03	+5.347e+03	+9.306e+03	+0.593
112.600	+3.892e+03	+4.804e+03	+9.459e+03	+0.552
112.700	+5.360e+03	+5.924e+03	+9.526e+03	+0.525
112.800	+4.731e+03	+5.617e+03	+1.048e+04	+0.543
112.900	+5.082e+03	+5.094e+03	+9.880e+03	+0.501
113.000	+5.332e+03	+3.882e+03	+1.037e+04	+0.421
113.100	+6.035e+03	+5.289e+03	+1.027e+04	+0.467
113.200	+4.699e+03	+4.788e+03	+1.031e+04	+0.505
113.300	+5.201e+03	+5.452e+03	+1.037e+04	+0.512
113.400	+4.521e+03	+5.335e+03	+1.055e+04	+0.541
113.500	+5.918e+03	+5.094e+03	+1.047e+04	+0.463
113.600	+4.525e+03	+5.403e+03	+9.957e+03	+0.544
113.700	+4.423e+03	+4.466e+03	+9.320e+03	+0.502
113.800	+5.656e+03	+4.052e+03	+9.616e+03	+0.417
113.900	+5.224e+03	+4.938e+03	+9.837e+03	+0.486
114.000	+4.561e+03	+4.734e+03	+9.868e+03	+0.509
114.100	+4.835e+03	+4.553e+03	+1.018e+04	+0.485
114.200	+4.791e+03	+4.606e+03	+1.041e+04	+0.490
114.300	+4.089e+03	+4.240e+03	+9.471e+03	+0.509
114.400	+4.770e+03	+4.495e+03	+9.569e+03	+0.485
114.500	+5.412e+03	+4.618e+03	+1.053e+04	+0.460
114.600	+4.170e+03	+3.987e+03	+9.768e+03	+0.489
114.700	+3.892e+03	+5.187e+03	+1.107e+04	+0.571
114.800	+5.134e+03	+5.347e+03	+9.707e+03	+0.510
114.900	+4.007e+03	+5.296e+03	+1.045e+04	+0.569
115.000	+5.598e+03	+6.143e+03	+9.265e+03	+0.523
115.100	+3.741e+03	+2.816e+03	+9.443e+03	+0.429
115.200	+5.519e+03	+4.427e+03	+1.036e+04	+0.445
115.300	+2.226e+03	+7.354e+03	+9.572e+03	+0.768
115.400	+1.644e+03	+9.200e+03	+1.089e+04	+0.848
115.500	+2.097e+03	+7.342e+03	+8.652e+03	+0.778
115.600	+1.194e+03	+8.117e+03	+9.871e+03	+0.872
115.700	+3.315e+03	+8.435e+03	+1.058e+04	+0.718
115.800	+2.347e+03	+6.851e+03	+9.358e+03	+0.745
115.900	+2.490e+03	+7.499e+03	+9.490e+03	+0.751
116.000	+1.289e+03	+7.999e+03	+9.071e+03	+0.861
116.100	+1.740e+03	+7.493e+03	+1.126e+04	+0.812
116.200	+4.987e+02	+9.033e+03	+9.197e+03	+0.948
116.300	+4.733e+02	+6.777e+03	+1.049e+04	+0.935
116.400	+1.060e+03	+7.729e+03	+1.005e+04	+0.879
116.500	+2.373e+03	+8.868e+03	+9.646e+03	+0.789
116.600	+2.291e+03	+7.221e+03	+9.590e+03	+0.759
116.700	+2.001e+03	+6.604e+03	+7.909e+03	+0.767
116.800	+1.849e+03	+8.435e+03	+9.019e+03	+0.820
116.900	+2.336e+03	+7.717e+03	+1.062e+04	+0.768
117.000	+1.357e+03	+8.110e+03	+9.772e+03	+0.857
117.100	+1.577e+03	+7.335e+03	+1.110e+04	+0.823
117.200	+1.460e+03	+8.125e+03	+8.759e+03	+0.848
117.300	+2.655e+03	+7.766e+03	+1.048e+04	+0.745
117.400	+1.611e+03	+7.985e+03	+9.604e+03	+0.832
117.500	+1.567e+03	+8.251e+03	+1.054e+04	+0.840
117.600	+1.749e+03	+8.056e+03	+9.651e+03	+0.822
117.700	+1.994e+03	+8.145e+03	+9.096e+03	+0.803
117.800	+1.967e+03	+6.848e+03	+9.164e+03	+0.777
117.900	+2.197e+03	+7.225e+03	+9.466e+03	+0.767
118.000	+1.685e+03	+8.453e+03	+1.087e+04	+0.834
118.100	+2.833e+03	+6.367e+03	+9.751e+03	+0.692
118.200	+1.317e+03	+7.635e+03	+1.049e+04	+0.853
118.300	+2.445e+03	+7.689e+03	+8.691e+03	+0.759
118.400	+1.286e+03	+7.932e+03	+1.026e+04	+0.861
118.500	+2.209e+03	+8.575e+03	+1.111e+04	+0.795
118.600	+2.720e+03	+8.150e+03	+1.119e+04	+0.750
118.700	+5.296e+03	+4.561e+03	+1.081e+04	+0.463
118.800	+4.402e+03	+4.980e+03	+9.414e+03	+0.531
118.900	+3.937e+03	+4.794e+03	+1.011e+04	+0.549
119.000	+4.939e+03	+5.222e+03	+9.528e+03	+0.514
119.100	+4.313e+03	+5.344e+03	+9.272e+03	+0.553
119.200	+3.028e+03	+5.407e+03	+9.824e+03	+0.641
119.300	+4.533e+03	+5.272e+03	+1.121e+04	+0.538
119.400	+5.028e+03	+3.877e+03	+9.370e+03	+0.435
119.500	+4.434e+03	+4.663e+03	+1.024e+04	+0.513
119.600	+6.103e+03	+4.493e+03	+9.948e+03	+0.424
119.700	+5.630e+03	+5.130e+03	+1.074e+04	+0.477
119.800	+5.218e+03	+4.197e+03	+1.035e+04	+0.446
119.900	+5.165e+03	+4.429e+03	+1.022e+04	+0.462
120.000	+5.383e+03	+5.325e+03	+1.092e+04	+0.497
120.100	+4.392e+03	+5.063e+03	+1.150e+04	+0.535
120.200	+4.965e+03	+4.426e+03	+9.916e+03	+0.471
120.300	+6.292e+03	+6.599e+03	+1.102e+04	+0.512
120.400	+4.504e+03	+5.287e+03	+1.001e+04	+0.540
120.500	+4.401e+03	+5.290e+03	+9.506e+03	+0.546
120.600	+4.427e+03	+5.243e+03	+9.754e+03	+0.542
120.700	+4.789e+03	+4.012e+03	+9.231e+03	+0.456
120.800	+5.523e+03	+5.408e+03	+1.025e+04	+0.495
120.900	+6.197e+03	+4.403e+03	+1.033e+04	+0.415
121.000	+5.130e+03	+6.178e+03	+9.287e+03	+0.546
121.100	+4.319e+03	+5.230e+03	+1.092e+04	+0.548
121.200	+4.840e+03	+4.326e+03	+1.021e+04	+0.472
121.300	+5.524e+03	+4.779e+03	+1.018e+04	+0.464
121.400	+6.327e+03	+5.475e+03	+1.066e+04	+0.464
121.500	+5.862e+03	+5.515e+03	+1.028e+04	+0.485
121.600	+4.213e+03	+4.063e+03	+1.035e+04	+0.491
121.700	+4.336e+03	+4.827e+03	+1.058e+04	+0.527
121.800	+4.591e+03	+5.196e+03	+9.277e+03	+0.531
121.900	+4.240e+03	+5.801e+03	+9.373e+03	+0.578
122.000	+5.300e+03	+3.783e+03	+8.356e+03	+0.417
122.100	+4.201e+03	+4.667e+03	+9.760e+03	+0.526
122.200	+1.836e+03	+7.037e+03	+8.643e+03	+0.793
122.300	+2.452e+03	+8.342e+03	+9.805e+03	+0.773
122.400	+2.337e+03	+7.295e+03	+1.014e+04	+0.757
122.500	+1.742e+03	+8.152e+03	+1.040e+04	+0.824
122.600	+3.500e+03	+7.842e+03	+1.037e+04	+0.691
122.700	+1.841e+03	+8.617e+03	+9.927e+03	+0.824
122.800	+1.837e+03	+9.266e+03	+1.044e+04	+0.835
122.900	+2.743e+03	+7.807e+03	+1.018e+04	+0.740
123.000	+3.354e+03	+7.604e+03	+1.012e+04	+0.694
123.100	+3.356e+03	+7.999e+03	+1.029e+04	+0.704
123.200	+2.527e+03	+7.884e+03	+1.026e+04	+0.757
123.300	+1.901e+03	+6.788e+03	+9.849e+03	+0.781
123.400	+1.529e+03	+7.401e+03	+8.239e+03	+0.829
123.500	+1.484e+03	+8.220e+03	+1.019e+04	+0.847
123.600	+2.109e+03	+8.723e+03	+1.018e+04	+0.805
123.700	+3.168e+03	+9.352e+03	+8.213e+03	+0.747
123.800	+1.331e+03	+8.440e+03	+1.043e+04	+0.864
123.900	+1.910e+03	+8.352e+03	+8.945e+03	+0.814
124.000	+1.537e+03	+8.641e+03	+9.819e+03	+0.849
124.100	+2.826e+03	+7.685e+03	+9.354e+03	+0.731
124.200	+1.844e+03	+8.347e+03	+1.111e+04	+0.819
124.300	+2.871e+03	+7.673e+03	+8.689e+03	+0.728
124.400	+1.956e+03	+7.716e+03	+1.033e+04	+0.798
124.500	+2.105e+03	+8.572e+03	+1.068e+04	+0.803
124.600	+2.111e+03	+7.289e+03	+1.054e+04	+0.775
124.700	+8.715e+02	+8.035e+03	+1.070e+04	+0.902
124.800	+3.044e+03	+7.959e+03	+8.705e+03	+0.723
124.900	+2.201e+03	+8.300e+03	+9.945e+03	+0.790
125.000	+1.533e+03	+7.061e+03	+9.156e+03	+0.822
125.100	+1.622e+03	+6.150e+03	+9.705e+03	+0.791
125.200	+3.580e+03	+9.221e+03	+1.057e+04	+0.720
125.300	+6.834e+03	+3.151e+03	+1.051e+04	+0.316
125.400	+7.101e+03	+2.158e+03	+8.912e+03	+0.233
125.500	+7.819e+03	+2.995e+03	+9.429e+03	+0.277
125.600	+6.530e+03	+2.737e+03	+1.051e+04	+0.295
125.700	+7.194e+03	+1.995e+03	+1.023e+04	+0.217
125.800	+7.157e+03	+3.612e+03	+1.051e+04	+0.335
125.900	+6.734e+03	+4.343e+03	+1.021e+04	+0.392
126.000	+7.733e+03	+2.661e+03	+1.102e+04	+0.256
126.100	+7.712e+03	+2.893e+03	+1.041e+04	+0.273
126.200	+6.599e+03	+2.758e+03	+1.080e+04	+0.295
126.300	+7.265e+03	+2.961e+03	+9.332e+03	+0.290
126.400	+8.689e+03	+2.509e+03	+1.113e+04	+0.224
126.500	+7.954e+03	+2.582e+03	+1.088e+04	+0.245
126.600	+7.770e+03	+2.666e+03	+9.474e+03	+0.255
126.700	+7.415e+03	+3.642e+03	+1.149e+04	+0.329
126.800	+7.299e+03	+2.683e+03	+9.399e+03	+0.269
126.900	+8.816e+03	+2.411e+03	+1.053e+04	+0.215
127.000	+7.530e+03	+1.915e+03	+1.045e+04	+0.203
127.100	+8.712e+03	+2.761e+03	+1.003e+04	+0.241
127.200	+8.367e+03	+1.749e+03	+9.668e+03	+0.173
127.300	+8.407e+03	+1.703e+03	+9.762e+03	+0.168
127.400	+7.676e+03	+3.335e+03	+1.054e+04	+0.303
127.500	+8.797e+03	+3.251e+03	+8.553e+03	+0.270
127.600	+7.883e+03	+2.897e+03	+9.277e+03	+0.269
127.700	+6.265e+03	+2.421e+03	+1.076e+04	+0.279
127.800	+7.517e+03	+2.042e+03	+9.372e+03	+0.214
127.900	+6.180e+03	+2.804e+03	+1.113e+04	+0.312
128.000	+7.440e+03	+2.392e+03	+1.050e+04	+0.243
128.100	+6.529e+03	+2.734e+03	+9.982e+03	+0.295
128.200	+7.061e+03	+4.109e+03	+1.028e+04	+0.368
128.300	+6.523e+03	+2.010e+03	+9.607e+03	+0.236
128.400	+2.798e+03	+6.453e+03	+9.920e+03	+0.698
128.500	+3.371e+03	+5.515e+03	+1.008e+04	+0.621
128.600	+8.347e+03	+1.964e+03	+9.676e+03	+0.190
128.700	+6.693e+03	+2.846e+03	+1.023e+04	+0.298
128.800	+7.632e+03	+1.951e+03	+1.175e+04	+0.204
128.900	+8.507e+03	+3.133e+03	+1.014e+04	+0.269
129.000	+7.035e+03	+2.067e+03	+1.033e+04	+0.227
129.100	+8.104e+03	+2.368e+03	+1.113e+04	+0.226
129.200	+9.016e+03	+1.569e+03	+1.095e+04	+0.148
129.300	+6.784e+03	+2.751e+03	+1.062e+04	+0.289
129.400	+6.594e+03	+2.903e+03	+1.031e+04	+0.306
129.500	+6.902e+03	+2.484e+03	+1.089e+04	+0.265
129.600	+7.430e+03	+1.836e+03	+9.652e+03	+0.198
129.700	+6.748e+03	+4.071e+03	+1.069e+04	+0.376
129.800	+8.985e+03	+2.155e+03	+9.921e+03	+0.193
129.900	+6.979e+03	+1.302e+03	+1.073e+04	+0.157
130.000	+8.353e+03	+3.570e+03	+9.166e+03	+0.299
130.100	+7.580e+03	+2.066e+03	+9.084e+03	+0.214
130.200	+7.794e+03	+1.641e+03	+9.749e+03	+0.174
130.300	+6.845e+03	+2.915e+03	+9.824e+03	+0.299
130.400	+7.013e+03	+2.214e+03	+1.053e+04	+0.240
130.500	+6.785e+03	+2.941e+03	+1.041e+04	+0.302
130.600	+7.889e+03	+3.040e+03	+1.044e+04	+0.278
130.700	+7.179e+03	+1.893e+03	+9.705e+03	+0.209
130.800	+7.391e+03	+1.782e+03	+1.041e+04	+0.194
130.900	+7.748e+03	+3.366e+03	+1.087e+04	+0.303
131.000	+6.293e+03	+3.289e+03	+1.028e+04	+0.343
131.100	+7.600e+03	+3.128e+03	+1.011e+04	+0.292
131.200	+7.233e+03	+2.958e+03	+9.902e+03	+0.290
