%t (s)	Idd (a.u.)	Ida (a.u.)	Iaa (a.u.)	FRET E
0.000	+1.970e+03	+7.811e+03	+9.666e+03	+0.799
0.100	+1.534e+03	+5.753e+03	+9.539e+03	+0.789
0.200	+2.586e+03	+7.266e+03	+1.057e+04	+0.738
0.300	+2.357e+03	+7.459e+03	+9.875e+03	+0.760
0.400	+1.494e+03	+8.368e+03	+9.774e+03	+0.849
0.500	+8.651e+02	+8.761e+03	+1.009e+04	+0.910
0.600	+9.266e+02	+8.788e+03	+9.674e+03	+0.905
0.700	+1.511e+03	+8.331e+03	+9.613e+03	+0.846
0.800	+1.741e+03	+8.289e+03	+1.006e+04	+0.826
0.900	+2.356e+03	+7.152e+03	+9.872e+03	+0.752
1.000	+2.088e+03	+9.154e+03	+1.125e+04	+0.814
1.100	+2.611e+03	+8.237e+03	+1.006e+04	+0.759
1.200	+1.378e+03	+8.930e+03	+8.846e+03	+0.866
1.300	+2.119e+03	+8.614e+03	+9.743e+03	+0.803
1.400	+2.345e+03	+8.431e+03	+9.831e+03	+0.782
1.500	+1.432e+03	+8.233e+03	+9.450e+03	+0.852
1.600	+2.270e+03	+7.518e+03	+1.098e+04	+0.768
1.700	+1.130e+03	+9.487e+03	+1.071e+04	+0.894
1.800	+2.285e+03	+7.908e+03	+1.046e+04	+0.776
1.900	+1.295e+03	+8.972e+03	+9.980e+03	+0.874
2.000	+2.324e+03	+7.512e+03	+1.019e+04	+0.764
2.100	+3.719e+03	+8.117e+03	+1.091e+04	+0.686
2.200	+2.316e+03	+7.442e+03	+7.700e+03	+0.763
2.300	+1.179e+03	+8.329e+03	+9.314e+03	+0.876
2.400	+3.291e+03	+9.045e+03	+9.560e+03	+0.733
2.500	+1.686e+03	+7.621e+03	+9.845e+03	+0.819
2.600	+2.043e+03	+8.545e+03	+1.047e+04	+0.807
2.700	+1.371e+03	+8.447e+03	+1.034e+04	+0.860
2.800	+3.033e+03	+7.023e+03	+9.966e+03	+0.698
2.900	+1.432e+03	+7.794e+03	+9.172e+03	+0.845
3.000	+2.262e+03	+8.324e+03	+9.396e+03	+0.786
3.100	+2.524e+03	+7.008e+03	+1.040e+04	+0.735
3.200	+2.036e+03	+8.522e+03	+1.136e+04	+0.807
3.300	+5.190e+02	+7.938e+03	+9.345e+03	+0.939
3.400	+2.030e+03	+8.020e+03	+1.027e+04	+0.798
3.500	+2.543e+03	+8.061e+03	+9.643e+03	+0.760
3.600	+2.508e+03	+8.465e+03	+1.016e+04	+0.771
3.700	+3.146e+03	+7.164e+03	+9.354e+03	+0.695
3.800	+2.645e+03	+7.298e+03	+8.623e+03	+0.734
3.900	+1.073e+03	+7.271e+03	+9.581e+03	+0.871
4.000	+1.527e+03	+6.888e+03	+1.031e+04	+0.819
4.100	+3.368e+03	+8.211e+03	+9.876e+03	+0.709
4.200	+2.270e+03	+8.475e+03	+1.054e+04	+0.789
4.300	+3.552e+03	+7.775e+03	+9.408e+03	+0.686
4.400	+1.218e+03	+8.009e+03	+9.879e+03	+0.868
4.500	+1.561e+03	+8.732e+03	+1.133e+04	+0.848
4.600	+1.425e+03	+7.842e+03	+8.978e+03	+0.846
4.700	+2.982e+03	+8.425e+03	+8.656e+03	+0.739
4.800	+2.220e+03	+7.721e+03	+9.845e+03	+0.777
4.900	+9.557e+02	+7.676e+03	+9.349e+03	+0.889
5.000	+1.342e+03	+7.961e+03	+1.033e+04	+0.856
5.100	+1.782e+03	+7.412e+03	+1.068e+04	+0.806
5.200	+2.269e+03	+7.048e+03	+1.042e+04	+0.756
5.300	+1.538e+03	+8.474e+03	+1.061e+04	+0.846
5.400	+2.115e+03	+9.374e+03	+9.387e+03	+0.816
5.500	+2.845e+03	+8.670e+03	+1.132e+04	+0.753
5.600	+1.960e+03	+8.810e+03	+1.099e+04	+0.818
5.700	+2.848e+03	+7.009e+03	+1.045e+04	+0.711
5.800	+6.538e+03	+2.848e+03	+9.482e+03	+0.303
5.900	+7.352e+03	+1.759e+03	+1.146e+04	+0.193
6.000	+8.312e+03	+1.180e+03	+1.042e+04	+0.124
6.100	+6.274e+03	+3.181e+03	+9.319e+03	+0.336
6.200	+4.818e+03	+6.288e+03	+1.019e+04	+0.566
6.300	+4.228e+03	+5.070e+03	+1.020e+04	+0.545
6.400	+4.243e+03	+4.361e+03	+9.899e+03	+0.507
6.500	+5.106e+03	+5.768e+03	+1.046e+04	+0.530
6.600	+4.961e+03	+4.445e+03	+1.093e+04	+0.473
6.700	+5.332e+03	+5.009e+03	+1.169e+04	+0.484
6.800	+3.758e+03	+5.115e+03	+1.027e+04	+0.577
6.900	+5.586e+03	+6.358e+03	+1.075e+04	+0.532
7.000	+6.243e+03	+4.592e+03	+1.127e+04	+0.424
7.100	+4.888e+03	+6.152e+03	+9.647e+03	+0.557
7.200	+5.220e+03	+4.774e+03	+1.042e+04	+0.478
7.300	+5.267e+03	+3.684e+03	+9.841e+03	+0.412
7.400	+5.303e+03	+4.660e+03	+9.550e+03	+0.468
7.500	+4.966e+03	+5.641e+03	+9.846e+03	+0.532
7.600	+4.514e+03	+3.878e+03	+9.757e+03	+0.462
7.700	+4.524e+03	+5.398e+03	+9.420e+03	+0.544
7.800	+4.838e+03	+6.525e+03	+1.019e+04	+0.574
7.900	+4.124e+03	+4.431e+03	+1.013e+04	+0.518
8.000	+4.844e+03	+4.110e+03	+9.472e+03	+0.459
8.100	+3.955e+03	+5.479e+03	+9.866e+03	+0.581
8.200	+4.753e+03	+6.296e+03	+9.153e+03	+0.570
8.300	+5.374e+03	+5.349e+03	+1.194e+04	+0.499
8.400	+5.497e+03	+4.739e+03	+9.869e+03	+0.463
8.500	+5.574e+03	+4.924e+03	+1.051e+04	+0.469
8.600	+5.038e+03	+4.469e+03	+9.774e+03	+0.470
8.700	+4.229e+03	+6.133e+03	+1.084e+04	+0.592
8.800	+4.969e+03	+4.792e+03	+9.540e+03	+0.491
8.900	+4.709e+03	+4.794e+03	+9.411e+03	+0.504
9.000	+3.991e+03	+4.994e+03	+1.036e+04	+0.556
9.100	+3.934e+03	+4.597e+03	+9.238e+03	+0.539
9.200	+5.182e+03	+4.758e+03	+1.018e+04	+0.479
9.300	+4.587e+03	+4.951e+03	+9.118e+03	+0.519
9.400	+4.571e+03	+4.404e+03	+8.823e+03	+0.491
9.500	+5.247e+03	+4.632e+03	+9.210e+03	+0.469
9.600	+4.184e+03	+5.140e+03	+1.041e+04	+0.551
9.700	+4.659e+03	+6.370e+03	+9.453e+03	+0.578
9.800	+4.388e+03	+4.049e+03	+1.035e+04	+0.480
9.900	+5.618e+03	+4.607e+03	+9.076e+03	+0.451
10.000	+4.999e+03	+5.478e+03	+1.050e+04	+0.523
10.100	+5.497e+03	+4.528e+03	+9.831e+03	+0.452
10.200	+4.504e+03	+4.512e+03	+1.022e+04	+0.500
10.300	+4.574e+03	+5.519e+03	+9.583e+03	+0.547
10.400	+5.295e+03	+4.370e+03	+1.075e+04	+0.452
10.500	+5.806e+03	+4.942e+03	+8.921e+03	+0.460
10.600	+4.898e+03	+4.048e+03	+9.713e+03	+0.453
10.700	+5.272e+03	+5.267e+03	+9.484e+03	+0.500
10.800	+3.924e+03	+5.413e+03	+1.073e+04	+0.580
10.900	+5.026e+03	+5.736e+03	+1.092e+04	+0.533
11.000	+4.830e+03	+5.083e+03	+9.882e+03	+0.513
11.100	+5.416e+03	+4.016e+03	+9.920e+03	+0.426
11.200	+5.093e+03	+3.939e+03	+8.984e+03	+0.436
11.300	+6.017e+03	+4.925e+03	+1.066e+04	+0.450
11.400	+4.273e+03	+6.040e+03	+9.856e+03	+0.586
11.500	+2.352e+03	+7.088e+03	+1.050e+04	+0.751
11.600	+3.345e+02	+7.634e+03	+1.094e+04	+0.958
11.700	+5.636e+02	+8.208e+03	+9.405e+03	+0.936
11.800	+2.274e+03	+8.875e+03	+1.046e+04	+0.796
11.900	+3.521e+03	+9.426e+03	+9.540e+03	+0.728
12.000	+2.997e+03	+6.927e+03	+1.139e+04	+0.698
12.100	+1.850e+03	+7.688e+03	+1.001e+04	+0.806
12.200	+3.161e+03	+7.916e+03	+1.014e+04	+0.715
12.300	+2.654e+03	+9.010e+03	+9.802e+03	+0.772
12.400	+3.117e+03	+7.399e+03	+1.078e+04	+0.704
12.500	+2.105e+03	+8.904e+03	+1.034e+04	+0.809
12.600	+1.255e+03	+7.784e+03	+9.351e+03	+0.861
12.700	+1.457e+03	+8.007e+03	+8.890e+03	+0.846
12.800	+1.878e+03	+7.216e+03	+9.942e+03	+0.793
12.900	+1.250e+03	+7.823e+03	+8.924e+03	+0.862
13.000	+3.057e+03	+5.731e+03	+1.108e+04	+0.652
13.100	+5.186e+03	+5.828e+03	+9.999e+03	+0.529
13.200	+6.504e+03	+3.434e+03	+8.240e+03	+0.346
13.300	+4.629e+03	+5.498e+03	+9.470e+03	+0.543
13.400	+4.599e+03	+4.060e+03	+9.117e+03	+0.469
13.500	+6.196e+03	+5.745e+03	+1.067e+04	+0.481
13.600	+5.446e+03	+4.962e+03	+9.816e+03	+0.477
13.700	+5.062e+03	+4.636e+03	+9.291e+03	+0.478
13.800	+4.207e+03	+5.015e+03	+9.923e+03	+0.544
13.900	+5.534e+03	+5.152e+03	+1.084e+04	+0.482
14.000	+4.039e+03	+4.765e+03	+1.005e+04	+0.541
14.100	+4.855e+03	+5.651e+03	+1.020e+04	+0.538
14.200	+4.808e+03	+4.434e+03	+8.915e+03	+0.480
14.300	+3.616e+03	+6.909e+03	+1.067e+04	+0.656
14.400	+2.698e+03	+8.406e+03	+9.293e+03	+0.757
14.500	+1.340e+03	+8.199e+03	+9.023e+03	+0.859
14.600	+1.786e+03	+9.158e+03	+9.281e+03	+0.837
14.700	+1.043e+03	+7.806e+03	+1.090e+04	+0.882
14.800	+1.160e+03	+6.825e+03	+8.917e+03	+0.855
14.900	+2.221e+03	+7.333e+03	+1.093e+04	+0.768
15.000	+2.862e+03	+7.948e+03	+1.100e+04	+0.735
15.100	+1.555e+03	+6.859e+03	+1.016e+04	+0.815
15.200	+1.221e+03	+8.138e+03	+9.738e+03	+0.870
15.300	+2.977e+03	+7.476e+03	+1.087e+04	+0.715
15.400	+1.338e+03	+7.978e+03	+9.639e+03	+0.856
15.500	+2.622e+03	+7.164e+03	+9.130e+03	+0.732
15.600	+4.609e+03	+5.033e+03	+9.886e+03	+0.522
15.700	+5.109e+03	+5.482e+03	+1.093e+04	+0.518
15.800	+5.585e+03	+4.154e+03	+1.003e+04	+0.427
15.900	+4.581e+03	+5.316e+03	+8.593e+03	+0.537
16.000	+4.417e+03	+4.863e+03	+8.716e+03	+0.524
16.100	+4.983e+03	+5.393e+03	+1.090e+04	+0.520
16.200	+4.087e+03	+5.802e+03	+1.074e+04	+0.587
16.300	+4.743e+03	+4.639e+03	+8.755e+03	+0.494
16.400	+6.309e+03	+4.958e+03	+8.760e+03	+0.440
16.500	+4.751e+03	+6.553e+03	+9.539e+03	+0.580
16.600	+5.481e+03	+5.299e+03	+9.540e+03	+0.492
16.700	+5.239e+03	+4.482e+03	+9.803e+03	+0.461
16.800	+5.128e+03	+5.840e+03	+1.118e+04	+0.532
16.900	+5.853e+03	+5.244e+03	+1.064e+04	+0.473
17.000	+5.847e+03	+4.353e+03	+9.026e+03	+0.427
17.100	+3.003e+03	+6.032e+03	+9.609e+03	+0.668
17.200	+2.506e+03	+7.210e+03	+1.184e+04	+0.742
17.300	+1.806e+03	+7.255e+03	+1.089e+04	+0.801
17.400	+1.652e+03	+9.540e+03	+1.050e+04	+0.852
17.500	+2.101e+03	+7.859e+03	+1.046e+04	+0.789
17.600	+9.114e+02	+7.747e+03	+1.047e+04	+0.895
17.700	+1.080e+03	+8.682e+03	+9.985e+03	+0.889
17.800	+1.604e+03	+7.042e+03	+1.050e+04	+0.814
17.900	+1.432e+03	+7.588e+03	+9.616e+03	+0.841
18.000	+1.642e+03	+7.308e+03	+9.635e+03	+0.817
18.100	+2.092e+03	+7.199e+03	+8.986e+03	+0.775
18.200	+2.609e+03	+7.792e+03	+9.233e+03	+0.749
18.300	+1.476e+03	+7.108e+03	+1.020e+04	+0.828
18.400	+2.151e+03	+8.278e+03	+1.000e+04	+0.794
18.500	+2.120e+03	+9.001e+03	+9.842e+03	+0.809
18.600	+2.442e+03	+7.577e+03	+1.044e+04	+0.756
18.700	+1.423e+03	+7.414e+03	+1.069e+04	+0.839
18.800	+1.511e+03	+7.667e+03	+1.031e+04	+0.835
18.900	+2.451e+03	+7.584e+03	+1.016e+04	+0.756
19.000	+1.255e+03	+7.768e+03	+1.036e+04	+0.861
19.100	+2.345e+03	+7.333e+03	+9.679e+03	+0.758
19.200	+3.045e+03	+7.172e+03	+1.044e+04	+0.702
19.300	+5.724e+03	+4.920e+03	+9.507e+03	+0.462
19.400	+4.901e+03	+4.301e+03	+9.886e+03	+0.467
19.500	+4.552e+03	+5.555e+03	+1.033e+04	+0.550
19.600	+3.821e+03	+4.790e+03	+1.073e+04	+0.556
19.700	+5.542e+03	+4.193e+03	+9.733e+03	+0.431
19.800	+4.735e+03	+6.029e+03	+9.511e+03	+0.560
19.900	+6.193e+03	+4.151e+03	+9.857e+03	+0.401
20.000	+4.491e+03	+4.952e+03	+1.043e+04	+0.524
20.100	+5.707e+03	+4.273e+03	+9.377e+03	+0.428
20.200	+6.067e+03	+5.638e+03	+8.909e+03	+0.482
20.300	+2.850e+03	+6.026e+03	+1.061e+04	+0.679
20.400	+2.610e+03	+8.136e+03	+1.013e+04	+0.757
20.500	+3.521e+02	+7.234e+03	+9.823e+03	+0.954
20.600	+2.029e+03	+8.009e+03	+1.146e+04	+0.798
20.700	+2.675e+03	+6.540e+03	+9.974e+03	+0.710
20.800	+2.750e+03	+8.155e+03	+1.080e+04	+0.748
20.900	+2.348e+03	+7.522e+03	+1.048e+04	+0.762
21.000	+1.648e+03	+8.036e+03	+9.267e+03	+0.830
21.100	+2.589e+03	+9.139e+03	+1.052e+04	+0.779
21.200	+1.791e+03	+8.854e+03	+1.017e+04	+0.832
21.300	+4.053e+03	+7.088e+03	+9.225e+03	+0.636
21.400	+4.601e+03	+5.338e+03	+1.167e+04	+0.537
21.500	+4.856e+03	+5.883e+03	+9.653e+03	+0.548
21.600	+4.892e+03	+5.974e+03	+1.036e+04	+0.550
21.700	+5.851e+03	+4.695e+03	+9.941e+03	+0.445
21.800	+4.466e+03	+5.161e+03	+1.081e+04	+0.536
21.900	+4.020e+03	+5.320e+03	+1.042e+04	+0.570
22.000	+5.655e+03	+6.009e+03	+1.024e+04	+0.515
22.100	+5.906e+03	+5.810e+03	+1.013e+04	+0.496
22.200	+5.180e+03	+5.088e+03	+9.866e+03	+0.496
22.300	+4.677e+03	+4.724e+03	+1.004e+04	+0.503
22.400	+5.010e+03	+4.520e+03	+9.899e+03	+0.474
22.500	+4.590e+03	+5.140e+03	+1.117e+04	+0.528
22.600	+4.077e+03	+5.619e+03	+9.458e+03	+0.579
22.700	+5.454e+03	+5.179e+03	+8.893e+03	+0.487
22.800	+4.455e+03	+5.628e+03	+1.112e+04	+0.558
22.900	+4.280e+03	+4.858e+03	+1.030e+04	+0.532
23.000	+4.472e+03	+5.320e+03	+1.140e+04	+0.543
23.100	+4.901e+03	+5.123e+03	+9.302e+03	+0.511
23.200	+6.313e+03	+6.131e+03	+1.043e+04	+0.493
23.300	+4.992e+03	+4.041e+03	+1.033e+04	+0.447
23.400	+6.093e+03	+4.234e+03	+9.720e+03	+0.410
23.500	+4.835e+03	+5.891e+03	+1.068e+04	+0.549
23.600	+4.619e+03	+5.393e+03	+1.122e+04	+0.539
23.700	+4.999e+03	+5.115e+03	+9.117e+03	+0.506
23.800	+4.866e+03	+5.169e+03	+9.926e+03	+0.515
23.900	+5.195e+03	+5.408e+03	+9.145e+03	+0.510
24.000	+5.242e+03	+5.430e+03	+1.083e+04	+0.509
24.100	+4.603e+03	+4.822e+03	+1.085e+04	+0.512
24.200	+4.269e+03	+4.718e+03	+1.030e+04	+0.525
24.300	+4.050e+03	+4.573e+03	+9.794e+03	+0.530
24.400	+5.373e+03	+3.926e+03	+1.001e+04	+0.422
24.500	+4.910e+03	+4.844e+03	+9.999e+03	+0.497
24.600	+6.735e+03	+4.722e+03	+9.607e+03	+0.412
24.700	+4.202e+03	+4.936e+03	+1.092e+04	+0.540
24.800	+5.657e+03	+5.476e+03	+1.104e+04	+0.492
24.900	+5.630e+03	+5.354e+03	+9.814e+03	+0.487
25.000	+5.366e+03	+3.714e+03	+1.032e+04	+0.409
25.100	+4.987e+03	+5.176e+03	+1.046e+04	+0.509
25.200	+4.477e+03	+4.874e+03	+1.049e+04	+0.521
25.300	+4.365e+03	+4.892e+03	+1.015e+04	+0.528
25.400	+4.031e+03	+5.336e+03	+9.276e+03	+0.570
25.500	+4.975e+03	+4.686e+03	+1.055e+04	+0.485
25.600	+5.391e+03	+5.543e+03	+1.049e+04	+0.507
25.700	+4.545e+03	+5.087e+03	+1.030e+04	+0.528
25.800	+6.019e+03	+4.025e+03	+1.003e+04	+0.401
25.900	+5.769e+03	+5.960e+03	+1.010e+04	+0.508
26.000	+5.581e+03	+4.945e+03	+9.979e+03	+0.470
26.100	+5.732e+03	+5.639e+03	+9.800e+03	+0.496
26.200	+5.271e+03	+4.904e+03	+1.034e+04	+0.482
26.300	+3.141e+03	+5.548e+03	+1.097e+04	+0.638
26.400	+4.582e+03	+5.522e+03	+1.035e+04	+0.546
26.500	+4.997e+03	+3.675e+03	+8.752e+03	+0.424
26.600	+5.966e+03	+5.008e+03	+1.033e+04	+0.456
26.700	+5.484e+03	+5.247e+03	+1.075e+04	+0.489
26.800	+5.074e+03	+5.251e+03	+1.059e+04	+0.509
26.900	+4.911e+03	+5.059e+03	+1.021e+04	+0.507
27.000	+4.957e+03	+5.464e+03	+1.034e+04	+0.524
27.100	+3.921e+03	+4.402e+03	+1.077e+04	+0.529
27.200	+5.448e+03	+4.995e+03	+9.967e+03	+0.478
27.300	+5.997e+03	+5.647e+03	+9.823e+03	+0.485
27.400	+6.637e+03	+6.091e+03	+1.022e+04	+0.479
27.500	+5.811e+03	+3.619e+03	+9.144e+03	+0.384
27.600	+4.301e+03	+5.572e+03	+9.828e+03	+0.564
27.700	+3.244e+03	+7.220e+03	+1.106e+04	+0.690
27.800	+2.257e+03	+8.214e+03	+1.025e+04	+0.784
27.900	+1.611e+03	+7.996e+03	+9.830e+03	+0.832
28.000	+2.754e+03	+9.289e+03	+1.047e+04	+0.771
28.100	+8.477e+02	+7.986e+03	+1.066e+04	+0.904
28.200	+2.094e+03	+8.203e+03	+1.036e+04	+0.797
28.300	+2.769e+03	+9.436e+03	+9.096e+03	+0.773
28.400	+2.551e+03	+7.994e+03	+1.051e+04	+0.758
28.500	+1.716e+03	+9.333e+03	+1.084e+04	+0.845
28.600	+2.607e+03	+8.818e+03	+1.030e+04	+0.772
28.700	+4.551e+02	+7.975e+03	+9.504e+03	+0.946
28.800	+2.115e+03	+8.241e+03	+1.080e+04	+0.796
28.900	+1.603e+03	+8.313e+03	+1.029e+04	+0.838
29.000	+1.927e+03	+8.493e+03	+1.004e+04	+0.815
29.100	+2.444e+03	+7.185e+03	+9.353e+03	+0.746
29.200	+1.837e+03	+7.610e+03	+9.032e+03	+0.806
29.300	+1.871e+03	+8.665e+03	+9.647e+03	+0.822
29.400	+5.548e+02	+8.359e+03	+1.051e+04	+0.938
29.500	+2.388e+03	+9.026e+03	+9.403e+03	+0.791
29.600	+2.161e+03	+7.039e+03	+1.047e+04	+0.765
29.700	+2.295e+03	+8.357e+03	+9.874e+03	+0.785
29.800	+8.805e+02	+9.114e+03	+1.093e+04	+0.912
29.900	+2.628e+03	+7.273e+03	+1.007e+04	+0.735
30.000	+7.525e+02	+8.231e+03	+9.998e+03	+0.916
30.100	+2.179e+03	+7.887e+03	+9.676e+03	+0.784
30.200	+1.708e+03	+8.522e+03	+1.054e+04	+0.833
30.300	+2.561e+02	+8.056e+03	+9.403e+03	+0.969
30.400	+2.167e+03	+8.020e+03	+1.108e+04	+0.787
30.500	+3.838e+03	+6.982e+03	+8.950e+03	+0.645
30.600	+2.319e+03	+7.454e+03	+1.113e+04	+0.763
30.700	+2.104e+03	+7.198e+03	+9.870e+03	+0.774
30.800	+2.206e+03	+8.314e+03	+1.088e+04	+0.790
30.900	+2.241e+03	+7.466e+03	+9.502e+03	+0.769
31.000	+1.728e+03	+7.851e+03	+9.483e+03	+0.820
31.100	+1.477e+03	+8.676e+03	+1.114e+04	+0.854
31.200	+2.779e+03	+7.518e+03	+1.007e+04	+0.730
31.300	+1.934e+03	+7.868e+03	+9.073e+03	+0.803
31.400	+1.133e+03	+7.230e+03	+9.649e+03	+0.865
31.500	+2.132e+03	+7.711e+03	+1.005e+04	+0.783
31.600	+1.605e+03	+8.059e+03	+1.020e+04	+0.834
31.700	+1.615e+03	+7.358e+03	+9.777e+03	+0.820
31.800	+1.736e+03	+7.940e+03	+9.532e+03	+0.821
31.900	+1.879e+03	+7.446e+03	+9.429e+03	+0.798
32.000	+5.432e+03	+6.050e+03	+1.057e+04	+0.527
32.100	+4.171e+03	+4.458e+03	+9.806e+03	+0.517
32.200	+4.196e+03	+5.188e+03	+9.359e+03	+0.553
32.300	+4.712e+03	+4.625e+03	+1.017e+04	+0.495
32.400	+4.732e+03	+4.751e+03	+9.169e+03	+0.501
32.500	+5.372e+03	+6.046e+03	+1.013e+04	+0.530
32.600	+5.279e+03	+5.269e+03	+9.361e+03	+0.500
32.700	+5.432e+03	+4.483e+03	+1.011e+04	+0.452
32.800	+4.506e+03	+5.156e+03	+9.709e+03	+0.534
32.900	+1.634e+03	+8.107e+03	+1.007e+04	+0.832
33.000	+8.105e+02	+7.347e+03	+1.041e+04	+0.901
33.100	+1.068e+03	+7.867e+03	+9.851e+03	+0.880
33.200	+2.227e+03	+8.311e+03	+1.007e+04	+0.789
33.300	+2.753e+03	+7.081e+03	+8.690e+03	+0.720
33.400	+2.266e+03	+8.662e+03	+1.126e+04	+0.793
33.500	+1.141e+03	+7.948e+03	+1.136e+04	+0.875
33.600	+1.521e+03	+7.608e+03	+1.049e+04	+0.833
33.700	+1.898e+03	+7.153e+03	+1.092e+04	+0.790
33.800	+2.616e+03	+7.236e+03	+1.020e+04	+0.735
33.900	+1.935e+03	+7.179e+03	+1.051e+04	+0.788
34.000	+2.823e+03	+8.331e+03	+1.048e+04	+0.747
34.100	+3.177e+03	+8.748e+03	+9.502e+03	+0.734
34.200	+2.881e+03	+8.446e+03	+1.001e+04	+0.746
34.300	+6.493e+03	+3.058e+03	+9.722e+03	+0.320
34.400	+8.206e+03	+1.847e+03	+1.030e+04	+0.184
34.500	+6.429e+03	+2.950e+03	+1.011e+04	+0.315
34.600	+8.188e+03	+1.916e+03	+8.487e+03	+0.190
34.700	+9.329e+03	+2.181e+03	+1.003e+04	+0.189
34.800	+6.878e+03	+9.665e+02	+1.006e+04	+0.123
34.900	+6.746e+03	+2.173e+03	+1.036e+04	+0.244
35.000	+8.008e+03	+1.675e+03	+1.141e+04	+0.173
35.100	+7.136e+03	+2.129e+03	+9.436e+03	+0.230
35.200	+6.641e+03	+2.137e+03	+9.776e+03	+0.243
35.300	+7.044e+03	+3.442e+03	+1.058e+04	+0.328
35.400	+8.264e+03	+2.289e+03	+1.022e+04	+0.217
35.500	+6.741e+03	+2.839e+03	+1.026e+04	+0.296
35.600	+7.188e+03	+3.443e+03	+9.744e+03	+0.324
35.700	+8.497e+03	+2.447e+03	+1.116e+04	+0.224
35.800	+8.074e+03	+2.064e+03	+9.945e+03	+0.204
35.900	+7.863e+03	+1.957e+03	+9.628e+03	+0.199
36.000	+6.449e+03	+2.866e+03	+1.021e+04	+0.308
36.100	+8.115e+03	+2.476e+03	+9.296e+03	+0.234
36.200	+6.180e+03	+2.134e+03	+9.942e+03	+0.257
36.300	+6.650e+03	+2.473e+03	+9.395e+03	+0.271
36.400	+6.584e+03	+2.834e+03	+8.849e+03	+0.301
36.500	+7.623e+03	+2.664e+03	+1.018e+04	+0.259
36.600	+7.850e+03	+2.502e+03	+9.475e+03	+0.242
36.700	+4.379e+03	+5.954e+03	+1.044e+04	+0.576
36.800	+1.749e+03	+8.702e+03	+1.054e+04	+0.833
36.900	+1.342e+03	+7.524e+03	+9.076e+03	+0.849
37.000	+1.411e+03	+7.162e+03	+1.001e+04	+0.835
37.100	+1.438e+03	+7.735e+03	+1.038e+04	+0.843
37.200	+2.144e+03	+8.892e+03	+1.049e+04	+0.806
37.300	+1.570e+03	+7.823e+03	+9.906e+03	+0.833
37.400	+9.345e+02	+7.920e+03	+9.245e+03	+0.894
37.500	+1.950e+03	+8.581e+03	+8.921e+03	+0.815
37.600	+1.279e+03	+7.886e+03	+9.586e+03	+0.860
37.700	+2.747e+03	+8.132e+03	+1.000e+04	+0.747
37.800	+2.110e+03	+8.648e+03	+8.946e+03	+0.804
37.900	-2.163e+02	+7.337e+03	+1.076e+04	+1.030
38.000	+8.782e+02	+7.998e+03	+1.020e+04	+0.901
38.100	+1.440e+03	+9.132e+03	+9.661e+03	+0.864
38.200	+8.283e+02	+6.651e+03	+9.944e+03	+0.889
38.300	+2.091e+03	+7.711e+03	+1.018e+04	+0.787
38.400	+2.183e+03	+8.414e+03	+1.128e+04	+0.794
38.500	+1.772e+03	+7.795e+03	+1.010e+04	+0.815
38.600	+1.416e+03	+8.750e+03	+1.149e+04	+0.861
38.700	+1.749e+03	+7.531e+03	+1.019e+04	+0.812
38.800	+4.210e+03	+8.186e+03	+1.021e+04	+0.660
38.900	+1.614e+03	+8.135e+03	+1.026e+04	+0.834
39.000	+1.357e+03	+8.620e+03	+9.245e+03	+0.864
39.100	+1.420e+03	+9.034e+03	+1.119e+04	+0.864
39.200	+2.971e+03	+8.325e+03	+8.888e+03	+0.737
39.300	+1.935e+03	+7.254e+03	+9.787e+03	+0.789
39.400	+1.480e+03	+6.988e+03	+8.807e+03	+0.825
39.500	+1.873e+03	+8.598e+03	+9.658e+03	+0.821
39.600	+1.832e+03	+7.630e+03	+9.313e+03	+0.806
39.700	+3.228e+03	+8.438e+03	+9.621e+03	+0.723
39.800	+3.736e+03	+4.742e+03	+1.048e+04	+0.559
39.900	+4.516e+03	+5.198e+03	+1.195e+04	+0.535
40.000	+5.372e+03	+4.524e+03	+9.653e+03	+0.457
40.100	+5.973e+03	+4.686e+03	+1.053e+04	+0.440
40.200	+3.834e+03	+4.752e+03	+9.579e+03	+0.553
40.300	+2.965e+03	+7.072e+03	+9.873e+03	+0.705
40.400	+2.501e+03	+7.351e+03	+1.038e+04	+0.746
40.500	+2.769e+03	+7.797e+03	+1.082e+04	+0.738
40.600	+2.362e+03	+8.458e+03	+1.047e+04	+0.782
40.700	+2.636e+03	+7.682e+03	+9.786e+03	+0.745
40.800	+1.330e+03	+9.462e+03	+8.807e+03	+0.877
40.900	+2.775e+03	+8.196e+03	+9.990e+03	+0.747
41.000	+1.273e+03	+9.985e+03	+1.025e+04	+0.887
41.100	+1.299e+03	+8.856e+03	+1.025e+04	+0.872
41.200	+2.376e+03	+7.651e+03	+9.973e+03	+0.763
41.300	+2.045e+03	+7.262e+03	+1.083e+04	+0.780
41.400	+2.153e+03	+7.854e+03	+9.542e+03	+0.785
41.500	+1.558e+03	+9.545e+03	+9.782e+03	+0.860
41.600	+3.098e+02	+7.048e+03	+9.094e+03	+0.958
41.700	+1.722e+03	+8.003e+03	+9.990e+03	+0.823
41.800	+1.380e+03	+7.131e+03	+9.597e+03	+0.838
41.900	+1.704e+03	+7.647e+03	+1.005e+04	+0.818
42.000	+2.142e+03	+8.668e+03	+9.211e+03	+0.802
42.100	+2.841e+03	+7.971e+03	+9.497e+03	+0.737
42.200	+3.486e+03	+7.192e+03	+9.653e+03	+0.674
42.300	+4.929e+03	+4.871e+03	+9.327e+03	+0.497
42.400	+5.184e+03	+4.911e+03	+1.016e+04	+0.487
42.500	+4.927e+03	+5.907e+03	+1.147e+04	+0.545
42.600	+6.298e+03	+5.090e+03	+9.541e+03	+0.447
42.700	+5.620e+03	+6.004e+03	+9.840e+03	+0.517
42.800	+5.172e+03	+4.996e+03	+1.088e+04	+0.491
42.900	+4.948e+03	+4.598e+03	+9.898e+03	+0.482
43.000	+5.599e+03	+5.197e+03	+1.017e+04	+0.481
43.100	+6.090e+03	+5.257e+03	+1.053e+04	+0.463
43.200	+5.248e+03	+5.571e+03	+1.022e+04	+0.515
43.300	+6.042e+03	+4.778e+03	+1.126e+04	+0.442
43.400	+4.884e+03	+5.252e+03	+1.059e+04	+0.518
43.500	+4.915e+03	+3.904e+03	+1.072e+04	+0.443
43.600	+4.888e+03	+4.128e+03	+1.091e+04	+0.458
43.700	+4.708e+03	+6.451e+03	+1.021e+04	+0.578
43.800	+4.794e+03	+5.177e+03	+9.921e+03	+0.519
43.900	+4.703e+03	+4.937e+03	+1.088e+04	+0.512
44.000	+4.738e+03	+5.229e+03	+9.925e+03	+0.525
44.100	+6.128e+03	+5.507e+03	+9.887e+03	+0.473
44.200	+6.973e+03	+4.929e+03	+1.180e+04	+0.414
44.300	+6.136e+03	+6.175e+03	+8.861e+03	+0.502
44.400	+4.090e+03	+5.317e+03	+1.107e+04	+0.565
44.500	+5.611e+03	+5.595e+03	+9.604e+03	+0.499
44.600	+5.618e+03	+5.004e+03	+1.055e+04	+0.471
44.700	+5.462e+03	+4.894e+03	+1.028e+04	+0.473
44.800	+4.663e+03	+5.442e+03	+1.038e+04	+0.539
44.900	+4.677e+03	+4.899e+03	+1.031e+04	+0.512
45.000	+4.739e+03	+4.913e+03	+9.401e+03	+0.509
45.100	+3.701e+03	+6.724e+03	+9.619e+03	+0.645
45.200	+2.396e+03	+7.488e+03	+8.258e+03	+0.758
45.300	+2.198e+03	+7.222e+03	+9.540e+03	+0.767
45.400	+1.739e+03	+7.628e+03	+1.039e+04	+0.814
45.500	+1.674e+01	+8.937e+03	+9.649e+03	+0.998
45.600	+2.585e+03	+8.480e+03	+9.493e+03	+0.766
45.700	+1.500e+03	+8.834e+03	+1.027e+04	+0.855
45.800	+2.860e+03	+7.420e+03	+1.037e+04	+0.722
45.900	+1.565e+03	+6.744e+03	+9.207e+03	+0.812
46.000	+1.397e+03	+8.594e+03	+1.006e+04	+0.860
46.100	+1.773e+03	+7.020e+03	+9.899e+03	+0.798
46.200	+1.824e+03	+8.683e+03	+1.087e+04	+0.826
46.300	+1.845e+03	+7.129e+03	+9.339e+03	+0.794
46.400	+2.341e+03	+8.052e+03	+1.049e+04	+0.775
46.500	+8.839e+02	+7.685e+03	+1.047e+04	+0.897
46.600	+1.903e+03	+8.250e+03	+8.981e+03	+0.813
46.700	+2.213e+03	+7.862e+03	+8.791e+03	+0.780
46.800	+1.645e+03	+8.706e+03	+9.354e+03	+0.841
46.900	+1.645e+03	+7.212e+03	+9.853e+03	+0.814
47.000	+8.415e+02	+7.583e+03	+1.046e+04	+0.900
47.100	+1.620e+03	+9.422e+03	+9.739e+03	+0.853
47.200	+1.300e+03	+7.856e+03	+1.093e+04	+0.858
47.300	+2.420e+03	+8.211e+03	+9.604e+03	+0.772
47.400	+2.262e+03	+9.463e+03	+9.822e+03	+0.807
47.500	+2.748e+03	+8.075e+03	+8.989e+03	+0.746
47.600	+4.771e+03	+5.921e+03	+1.015e+04	+0.554
47.700	+5.362e+03	+3.957e+03	+9.486e+03	+0.425
47.800	+5.410e+03	+5.457e+03	+9.826e+03	+0.502
47.900	+3.751e+03	+5.101e+03	+1.043e+04	+0.576
48.000	+4.406e+03	+4.059e+03	+9.611e+03	+0.480
48.100	+4.798e+03	+5.813e+03	+1.104e+04	+0.548
48.200	+2.042e+03	+8.200e+03	+9.813e+03	+0.801
48.300	+1.770e+03	+8.143e+03	+9.007e+03	+0.821
48.400	+2.088e+03	+7.432e+03	+1.011e+04	+0.781
48.500	+2.008e+03	+7.820e+03	+9.474e+03	+0.796
48.600	+1.795e+03	+8.960e+03	+1.044e+04	+0.833
48.700	+2.177e+03	+7.471e+03	+1.064e+04	+0.774
48.800	+3.636e+03	+6.710e+03	+9.867e+03	+0.649
48.900	+4.530e+03	+5.229e+03	+1.075e+04	+0.536
49.000	+4.292e+03	+5.858e+03	+1.020e+04	+0.577
49.100	+4.809e+03	+4.436e+03	+9.688e+03	+0.480
49.200	+5.904e+03	+5.352e+03	+9.285e+03	+0.475
49.300	+4.407e+03	+5.403e+03	+1.133e+04	+0.551
49.400	+5.232e+03	+5.030e+03	+9.901e+03	+0.490
49.500	+4.661e+03	+6.388e+03	+1.055e+04	+0.578
49.600	+3.523e+03	+5.567e+03	+8.935e+03	+0.612
49.700	+5.228e+03	+5.218e+03	+9.167e+03	+0.500
49.800	+4.813e+03	+4.059e+03	+1.001e+04	+0.458
49.900	+5.756e+03	+3.286e+03	+9.482e+03	+0.363
50.000	+3.990e+03	+4.781e+03	+1.000e+04	+0.545
50.100	+4.355e+03	+6.321e+03	+1.041e+04	+0.592
50.200	+3.934e+03	+5.527e+03	+1.072e+04	+0.584
50.300	+4.861e+03	+5.459e+03	+9.310e+03	+0.529
50.400	+4.711e+03	+5.592e+03	+1.056e+04	+0.543
50.500	+5.322e+03	+4.416e+03	+1.052e+04	+0.453
50.600	+5.824e+03	+4.961e+03	+9.954e+03	+0.460
50.700	+3.234e+03	+4.577e+03	+1.043e+04	+0.586
50.800	+5.078e+03	+4.763e+03	+9.805e+03	+0.484
50.900	+4.106e+03	+5.327e+03	+1.147e+04	+0.565
51.000	+3.906e+03	+4.721e+03	+9.033e+03	+0.547
51.100	+3.987e+03	+4.734e+03	+9.688e+03	+0.543
51.200	+5.386e+03	+5.702e+03	+9.709e+03	+0.514
51.300	+5.120e+03	+4.823e+03	+1.124e+04	+0.485
51.400	+4.975e+03	+5.784e+03	+1.070e+04	+0.538
51.500	+5.068e+03	+4.479e+03	+9.629e+03	+0.469
51.600	+3.972e+03	+5.051e+03	+1.017e+04	+0.560
51.700	+4.422e+03	+5.621e+03	+9.930e+03	+0.560
51.800	+6.509e+03	+4.269e+03	+9.773e+03	+0.396
51.900	+5.317e+03	+3.897e+03	+1.091e+04	+0.423
52.000	+5.632e+03	+4.908e+03	+9.822e+03	+0.466
52.100	+4.804e+03	+5.053e+03	+1.051e+04	+0.513
52.200	+5.757e+03	+5.495e+03	+9.592e+03	+0.488
52.300	+5.553e+03	+4.524e+03	+9.969e+03	+0.449
52.400	+5.321e+03	+4.340e+03	+9.373e+03	+0.449
52.500	+4.255e+03	+6.389e+03	+9.893e+03	+0.600
52.600	+4.922e+03	+5.590e+03	+9.457e+03	+0.532
52.700	+4.702e+03	+4.787e+03	+1.025e+04	+0.504
52.800	+5.508e+03	+6.309e+03	+9.177e+03	+0.534
52.900	+4.710e+03	+4.483e+03	+1.017e+04	+0.488
53.000	+5.578e+03	+5.603e+03	+8.731e+03	+0.501
53.100	+4.142e+03	+5.714e+03	+1.110e+04	+0.580
53.200	+3.693e+03	+5.561e+03	+9.706e+03	+0.601
53.300	+4.224e+03	+4.459e+03	+1.078e+04	+0.514
53.400	+4.063e+03	+5.112e+03	+1.114e+04	+0.557
53.500	+4.349e+03	+4.964e+03	+1.021e+04	+0.533
53.600	+4.716e+03	+5.097e+03	+9.750e+03	+0.519
53.700	+5.253e+03	+3.479e+03	+9.520e+03	+0.398
53.800	+5.819e+03	+5.480e+03	+1.005e+04	+0.485
53.900	+6.633e+03	+5.918e+03	+9.434e+03	+0.472
54.000	+5.323e+03	+5.513e+03	+8.903e+03	+0.509
54.100	+5.064e+03	+5.892e+03	+1.038e+04	+0.538
54.200	+1.336e+03	+6.662e+03	+1.022e+04	+0.833
54.300	+5.267e+02	+8.046e+03	+9.757e+03	+0.939
54.400	+2.164e+03	+7.020e+03	+9.935e+03	+0.764
54.500	+2.346e+03	+8.342e+03	+1.083e+04	+0.780
54.600	+1.018e+03	+8.990e+03	+1.077e+04	+0.898
54.700	+2.499e+03	+7.597e+03	+9.114e+03	+0.752
54.800	+1.035e+03	+7.578e+03	+1.013e+04	+0.880
54.900	+2.146e+03	+8.859e+03	+8.849e+03	+0.805
55.000	+1.961e+03	+8.901e+03	+1.009e+04	+0.819
55.100	+2.298e+03	+7.903e+03	+9.408e+03	+0.775
55.200	+2.291e+03	+7.537e+03	+1.029e+04	+0.767
55.300	+4.094e+03	+5.877e+03	+9.075e+03	+0.589
55.400	+5.294e+03	+4.193e+03	+1.011e+04	+0.442
55.500	+4.711e+03	+4.333e+03	+1.000e+04	+0.479
55.600	+4.163e+03	+5.288e+03	+9.430e+03	+0.560
55.700	+4.324e+03	+5.149e+03	+9.539e+03	+0.544
55.800	+3.112e+03	+8.028e+03	+9.298e+03	+0.721
55.900	+4.675e+03	+5.028e+03	+9.327e+03	+0.518
56.000	+4.636e+03	+5.596e+03	+1.056e+04	+0.547
56.100	+5.029e+03	+5.503e+03	+1.117e+04	+0.523
56.200	+5.564e+03	+4.854e+03	+1.016e+04	+0.466
56.300	+5.475e+03	+4.765e+03	+1.140e+04	+0.465
56.400	+3.829e+03	+6.075e+03	+1.001e+04	+0.613
56.500	+5.461e+03	+5.958e+03	+9.430e+03	+0.522
56.600	+5.459e+03	+4.633e+03	+8.812e+03	+0.459
56.700	+5.951e+03	+3.859e+03	+1.096e+04	+0.393
56.800	+4.980e+03	+5.757e+03	+8.622e+03	+0.536
56.900	+4.205e+03	+4.679e+03	+9.744e+03	+0.527
57.000	+2.142e+03	+9.171e+03	+9.649e+03	+0.811
57.100	+1.332e+03	+8.517e+03	+9.775e+03	+0.865
57.200	+1.506e+03	+7.657e+03	+1.019e+04	+0.836
57.300	+1.153e+03	+7.955e+03	+1.127e+04	+0.873
57.400	+1.499e+03	+8.152e+03	+1.039e+04	+0.845
57.500	+1.783e+03	+8.237e+03	+9.284e+03	+0.822
57.600	+4.351e+03	+5.916e+03	+9.138e+03	+0.576
57.700	+5.605e+03	+4.604e+03	+1.124e+04	+0.451
57.800	+3.419e+03	+4.948e+03	+8.784e+03	+0.591
57.900	+5.415e+03	+5.086e+03	+8.895e+03	+0.484
58.000	+5.827e+03	+4.926e+03	+9.698e+03	+0.458
58.100	+4.891e+03	+6.068e+03	+1.084e+04	+0.554
58.200	+4.249e+03	+5.442e+03	+9.227e+03	+0.562
58.300	+4.923e+03	+3.951e+03	+1.031e+04	+0.445
58.400	+5.570e+03	+3.562e+03	+9.158e+03	+0.390
58.500	+4.122e+03	+5.097e+03	+8.883e+03	+0.553
58.600	+4.683e+03	+6.001e+03	+1.109e+04	+0.562
58.700	+2.088e+03	+8.234e+03	+1.083e+04	+0.798
58.800	+1.685e+03	+9.554e+03	+1.141e+04	+0.850
58.900	+2.284e+03	+7.623e+03	+1.016e+04	+0.769
59.000	+1.628e+03	+7.833e+03	+1.008e+04	+0.828
59.100	+3.049e+03	+8.722e+03	+1.024e+04	+0.741
59.200	+2.108e+03	+7.490e+03	+9.284e+03	+0.780
59.300	+1.673e+03	+8.300e+03	+9.281e+03	+0.832
59.400	+2.118e+03	+7.842e+03	+8.778e+03	+0.787
59.500	+1.689e+03	+7.841e+03	+1.062e+04	+0.823
59.600	+1.373e+03	+8.235e+03	+9.424e+03	+0.857
59.700	+2.503e+03	+8.506e+03	+9.947e+03	+0.773
59.800	+2.632e+03	+8.028e+03	+1.030e+04	+0.753
59.900	+1.821e+03	+7.699e+03	+9.580e+03	+0.809
60.000	+1.167e+03	+7.990e+03	+1.036e+04	+0.873
60.100	+2.749e+03	+8.589e+03	+9.852e+03	+0.758
60.200	+2.059e+03	+7.529e+03	+9.689e+03	+0.785
60.300	+2.099e+03	+7.167e+03	+1.085e+04	+0.773
60.400	+1.903e+03	+6.471e+03	+1.011e+04	+0.773
60.500	+1.241e+03	+8.793e+03	+9.596e+03	+0.876
60.600	+2.498e+03	+8.703e+03	+9.711e+03	+0.777
60.700	+6.840e+02	+7.018e+03	+9.406e+03	+0.911
60.800	+2.218e+03	+8.269e+03	+9.503e+03	+0.788
60.900	+2.267e+03	+7.597e+03	+1.037e+04	+0.770
61.000	+2.435e+03	+7.979e+03	+9.294e+03	+0.766
61.100	+1.421e+03	+8.779e+03	+9.753e+03	+0.861
61.200	+2.766e+03	+8.336e+03	+1.072e+04	+0.751
61.300	+2.219e+03	+8.361e+03	+9.651e+03	+0.790
61.400	+2.632e+03	+7.030e+03	+9.581e+03	+0.728
61.500	+1.153e+03	+7.685e+03	+1.068e+04	+0.870
61.600	+7.968e+02	+8.892e+03	+8.945e+03	+0.918
61.700	+3.801e+02	+8.940e+03	+9.902e+03	+0.959
61.800	+2.278e+03	+7.241e+03	+1.088e+04	+0.761
61.900	+1.471e+03	+6.949e+03	+8.562e+03	+0.825
62.000	+2.035e+03	+7.088e+03	+9.443e+03	+0.777
62.100	+1.418e+03	+7.616e+03	+1.038e+04	+0.843
62.200	+1.398e+03	+8.440e+03	+1.045e+04	+0.858
62.300	+1.005e+03	+8.542e+03	+1.056e+04	+0.895
62.400	+1.592e+03	+9.217e+03	+9.247e+03	+0.853
62.500	+2.819e+03	+8.124e+03	+9.085e+03	+0.742
62.600	+1.960e+03	+7.588e+03	+1.016e+04	+0.795
62.700	+1.523e+03	+7.380e+03	+1.009e+04	+0.829
62.800	+2.535e+03	+8.608e+03	+1.115e+04	+0.773
62.900	+1.982e+03	+7.232e+03	+9.954e+03	+0.785
63.000	+1.706e+03	+8.116e+03	+1.045e+04	+0.826
63.100	+1.534e+03	+7.269e+03	+1.046e+04	+0.826
63.200	+1.969e+02	+6.787e+03	+9.436e+03	+0.972
63.300	+6.237e+03	+2.451e+03	+9.935e+03	+0.282
63.400	+8.015e+03	+3.925e+03	+1.054e+04	+0.329
63.500	+7.348e+03	+4.109e+03	+1.070e+04	+0.359
63.600	+7.487e+03	+2.487e+03	+8.845e+03	+0.249
63.700	+7.622e+03	+2.938e+03	+9.965e+03	+0.278
63.800	+7.901e+03	+2.799e+03	+1.063e+04	+0.262
63.900	+7.819e+03	+2.516e+03	+9.579e+03	+0.243
64.000	+7.502e+03	+2.086e+03	+9.933e+03	+0.218
64.100	+8.701e+03	+2.202e+03	+9.617e+03	+0.202
64.200	+7.369e+03	+2.394e+03	+1.053e+04	+0.245
64.300	+7.104e+03	+2.056e+03	+9.993e+03	+0.224
64.400	+7.352e+03	+1.856e+03	+1.065e+04	+0.202
64.500	+8.617e+03	+2.812e+03	+9.167e+03	+0.246
64.600	+7.986e+03	+2.156e+03	+1.114e+04	+0.213
64.700	+7.292e+03	+2.309e+03	+1.062e+04	+0.241
64.800	+7.793e+03	+1.119e+03	+1.046e+04	+0.126
64.900	+6.157e+03	+2.748e+03	+8.400e+03	+0.309
65.000	+6.512e+03	+2.377e+03	+8.758e+03	+0.267
65.100	+7.150e+03	+3.790e+03	+1.050e+04	+0.346
65.200	+7.371e+03	+3.690e+03	+1.041e+04	+0.334
65.300	+7.262e+03	+2.860e+03	+9.451e+03	+0.283
65.400	+8.606e+03	+1.698e+03	+9.183e+03	+0.165
65.500	+6.872e+03	+2.010e+03	+1.081e+04	+0.226
65.600	+6.797e+03	+3.137e+03	+9.974e+03	+0.316
65.700	+7.723e+03	+2.831e+03	+1.070e+04	+0.268
65.800	+8.244e+03	+1.859e+03	+9.894e+03	+0.184
65.900	+7.945e+03	+3.586e+03	+1.019e+04	+0.311
66.000	+5.722e+03	+6.177e+03	+1.041e+04	+0.519
66.100	+4.691e+03	+4.697e+03	+9.845e+03	+0.500
66.200	+5.139e+03	+5.868e+03	+1.009e+04	+0.533
66.300	+4.526e+03	+5.239e+03	+9.254e+03	+0.537
66.400	+4.018e+03	+5.275e+03	+9.219e+03	+0.568
66.500	+1.655e+03	+7.576e+03	+1.052e+04	+0.821
66.600	+3.056e+03	+8.624e+03	+1.098e+04	+0.738
66.700	+1.272e+03	+7.572e+03	+9.273e+03	+0.856
66.800	+1.699e+03	+8.495e+03	+9.661e+03	+0.833
66.900	+9.872e+02	+9.380e+03	+1.002e+04	+0.905
67.000	+8.266e+02	+8.893e+03	+1.237e+04	+0.915
67.100	+1.874e+03	+7.671e+03	+9.975e+03	+0.804
67.200	+2.625e+03	+7.348e+03	+1.081e+04	+0.737
67.300	+2.790e+03	+7.464e+03	+9.319e+03	+0.728
67.400	+3.010e+03	+7.778e+03	+9.190e+03	+0.721
67.500	+4.659e+03	+4.950e+03	+1.006e+04	+0.515
67.600	+5.967e+03	+4.913e+03	+1.023e+04	+0.452
67.700	+4.793e+03	+5.271e+03	+9.244e+03	+0.524
67.800	+3.777e+03	+3.995e+03	+1.005e+04	+0.514
67.900	+4.916e+03	+4.877e+03	+9.861e+03	+0.498
68.000	+4.073e+03	+5.577e+03	+1.025e+04	+0.578
68.100	+5.165e+03	+5.416e+03	+8.500e+03	+0.512
68.200	+4.312e+03	+4.754e+03	+9.307e+03	+0.524
68.300	+5.514e+03	+5.883e+03	+1.145e+04	+0.516
68.400	+4.022e+03	+5.781e+03	+1.020e+04	+0.590
68.500	+4.578e+03	+4.257e+03	+1.118e+04	+0.482
68.600	+4.600e+03	+3.862e+03	+1.017e+04	+0.456
68.700	+6.166e+03	+6.080e+03	+1.011e+04	+0.496
68.800	+5.289e+03	+4.892e+03	+9.476e+03	+0.480
68.900	+5.195e+03	+5.431e+03	+9.518e+03	+0.511
69.000	+3.904e+03	+5.563e+03	+1.086e+04	+0.588
69.100	+4.864e+03	+5.862e+03	+9.891e+03	+0.547
69.200	+5.549e+03	+4.941e+03	+9.558e+03	+0.471
69.300	+4.670e+03	+4.284e+03	+8.530e+03	+0.478
69.400	+5.014e+03	+5.190e+03	+1.143e+04	+0.509
69.500	+5.780e+03	+5.049e+03	+9.967e+03	+0.466
69.600	+4.155e+03	+6.339e+03	+9.441e+03	+0.604
69.700	+4.611e+03	+5.211e+03	+8.419e+03	+0.531
69.800	+5.213e+03	+5.025e+03	+1.037e+04	+0.491
69.900	+3.797e+03	+5.255e+03	+1.022e+04	+0.581
70.000	+4.856e+03	+4.990e+03	+8.279e+03	+0.507
70.100	+4.190e+03	+5.719e+03	+1.041e+04	+0.577
70.200	+5.675e+03	+4.802e+03	+1.049e+04	+0.458
70.300	+4.924e+03	+5.322e+03	+9.495e+03	+0.519
70.400	+3.367e+03	+3.678e+03	+9.210e+03	+0.522
70.500	+5.611e+03	+5.009e+03	+1.024e+04	+0.472
70.600	+4.144e+03	+3.747e+03	+1.007e+04	+0.475
70.700	+6.085e+03	+4.412e+03	+1.080e+04	+0.420
70.800	+4.983e+03	+4.885e+03	+9.415e+03	+0.495
70.900	+4.831e+03	+5.383e+03	+1.001e+04	+0.527
71.000	+4.282e+03	+4.366e+03	+1.010e+04	+0.505
71.100	+5.020e+03	+4.757e+03	+9.223e+03	+0.487
71.200	+5.170e+03	+4.920e+03	+9.127e+03	+0.488
71.300	+5.220e+03	+5.258e+03	+9.975e+03	+0.502
71.400	+6.114e+03	+4.376e+03	+1.019e+04	+0.417
71.500	+4.864e+03	+3.915e+03	+1.061e+04	+0.446
71.600	+4.726e+03	+3.880e+03	+1.015e+04	+0.451
71.700	+6.357e+03	+6.031e+03	+1.079e+04	+0.487
71.800	+4.837e+03	+4.815e+03	+9.123e+03	+0.499
71.900	+3.842e+03	+3.976e+03	+1.010e+04	+0.509
72.000	+4.245e+03	+4.395e+03	+1.003e+04	+0.509
72.100	+5.736e+03	+4.815e+03	+9.577e+03	+0.456
72.200	+5.335e+03	+4.927e+03	+1.016e+04	+0.480
72.300	+5.417e+03	+5.559e+03	+9.998e+03	+0.506
72.400	+3.880e+03	+5.116e+03	+9.618e+03	+0.569
72.500	+5.352e+03	+6.281e+03	+1.042e+04	+0.540
72.600	+5.464e+03	+4.683e+03	+9.236e+03	+0.462
72.700	+5.480e+03	+5.841e+03	+9.789e+03	+0.516
72.800	+6.279e+03	+5.649e+03	+9.231e+03	+0.474
72.900	+4.926e+03	+6.350e+03	+9.703e+03	+0.563
73.000	+3.771e+03	+5.794e+03	+1.113e+04	+0.606
73.100	+4.669e+03	+4.456e+03	+9.428e+03	+0.488
73.200	+2.969e+03	+7.405e+03	+1.036e+04	+0.714
73.300	+2.085e+03	+6.995e+03	+9.483e+03	+0.770
73.400	+3.217e+03	+8.351e+03	+9.768e+03	+0.722
73.500	+8.306e+02	+8.690e+03	+9.626e+03	+0.913
73.600	+1.922e+03	+7.846e+03	+9.820e+03	+0.803
73.700	+2.437e+03	+6.308e+03	+1.066e+04	+0.721
73.800	+1.971e+03	+8.427e+03	+1.070e+04	+0.810
73.900	+1.237e+03	+8.762e+03	+1.096e+04	+0.876
74.000	+2.756e+03	+7.647e+03	+1.005e+04	+0.735
74.100	+2.530e+03	+8.434e+03	+9.551e+03	+0.769
74.200	+2.279e+03	+8.325e+03	+1.036e+04	+0.785
74.300	+1.170e+03	+7.099e+03	+9.183e+03	+0.859
74.400	+2.140e+03	+8.213e+03	+1.029e+04	+0.793
74.500	+2.075e+03	+7.507e+03	+1.064e+04	+0.783
74.600	+1.300e+03	+7.942e+03	+8.863e+03	+0.859
74.700	+2.071e+03	+8.088e+03	+9.262e+03	+0.796
74.800	+7.939e+02	+7.996e+03	+8.572e+03	+0.910
74.900	+2.942e+03	+9.388e+03	+1.028e+04	+0.761
75.000	+2.063e+03	+8.321e+03	+9.810e+03	+0.801
75.100	+1.367e+03	+8.473e+03	+9.388e+03	+0.861
75.200	+3.064e+03	+7.526e+03	+9.736e+03	+0.711
75.300	+1.335e+03	+7.236e+03	+9.898e+03	+0.844
75.400	+2.605e+03	+8.145e+03	+1.045e+04	+0.758
75.500	+2.400e+03	+8.762e+03	+9.619e+03	+0.785
75.600	+1.805e+03	+8.047e+03	+9.964e+03	+0.817
75.700	+1.467e+03	+8.413e+03	+9.881e+03	+0.851
75.800	+2.403e+03	+8.327e+03	+9.764e+03	+0.776
75.900	+1.838e+03	+7.032e+03	+1.046e+04	+0.793
76.000	+2.317e+03	+6.810e+03	+9.804e+03	+0.746
76.100	+2.565e+03	+7.416e+03	+9.515e+03	+0.743
76.200	+3.015e+03	+7.822e+03	+1.035e+04	+0.722
76.300	+2.674e+03	+6.271e+03	+1.034e+04	+0.701
76.400	+1.796e+03	+8.258e+03	+1.163e+04	+0.821
76.500	+1.375e+03	+6.741e+03	+9.928e+03	+0.831
76.600	+1.227e+03	+8.302e+03	+1.051e+04	+0.871
76.700	+1.744e+03	+7.616e+03	+8.713e+03	+0.814
76.800	+1.575e+03	+7.342e+03	+9.480e+03	+0.823
76.900	+2.018e+03	+8.881e+03	+9.655e+03	+0.815
77.000	+7.214e+02	+8.218e+03	+1.114e+04	+0.919
77.100	+2.497e+03	+7.870e+03	+1.031e+04	+0.759
77.200	+1.090e+03	+7.613e+03	+9.800e+03	+0.875
77.300	+1.809e+03	+8.520e+03	+1.049e+04	+0.825
77.400	+1.580e+03	+8.160e+03	+9.353e+03	+0.838
77.500	+1.472e+03	+7.237e+03	+9.436e+03	+0.831
77.600	+2.373e+03	+6.669e+03	+9.882e+03	+0.738
77.700	+1.743e+02	+9.158e+03	+1.051e+04	+0.981
77.800	+1.137e+03	+7.442e+03	+9.488e+03	+0.867
77.900	+1.825e+03	+8.615e+03	+9.722e+03	+0.825
78.000	+2.688e+03	+7.583e+03	+9.633e+03	+0.738
78.100	+5.826e+03	+4.395e+03	+1.030e+04	+0.430
78.200	+7.617e+03	+1.786e+03	+9.897e+03	+0.190
78.300	+8.047e+03	+3.079e+03	+9.226e+03	+0.277
78.400	+7.826e+03	+2.976e+03	+1.103e+04	+0.276
78.500	+7.850e+03	+2.512e+03	+1.133e+04	+0.242
78.600	+7.339e+03	+1.916e+03	+1.003e+04	+0.207
78.700	+6.931e+03	+2.597e+03	+9.458e+03	+0.273
78.800	+7.315e+03	+1.635e+03	+9.713e+03	+0.183
78.900	+7.434e+03	+1.480e+03	+8.390e+03	+0.166
79.000	+6.913e+03	+2.055e+03	+1.024e+04	+0.229
79.100	+6.144e+03	+2.591e+03	+8.733e+03	+0.297
79.200	+7.078e+03	+3.470e+03	+1.061e+04	+0.329
79.300	+7.130e+03	+1.121e+03	+1.014e+04	+0.136
79.400	+9.164e+03	+2.614e+03	+9.250e+03	+0.222
79.500	+8.121e+03	+2.948e+03	+9.316e+03	+0.266
79.600	+6.689e+03	+2.199e+03	+8.949e+03	+0.247
79.700	+7.987e+03	+1.848e+03	+9.805e+03	+0.188
79.800	+7.822e+03	+2.144e+03	+1.036e+04	+0.215
79.900	+7.637e+03	+2.949e+03	+8.621e+03	+0.279
80.000	+8.189e+03	+2.103e+03	+9.300e+03	+0.204
80.100	+6.807e+03	+2.742e+03	+9.511e+03	+0.287
80.200	+8.399e+03	+3.313e+03	+1.029e+04	+0.283
80.300	+6.595e+03	+2.723e+03	+9.376e+03	+0.292
80.400	+7.901e+03	+2.847e+03	+1.034e+04	+0.265
80.500	+6.424e+03	+3.532e+03	+1.156e+04	+0.355
80.600	+8.022e+03	+4.335e+03	+9.929e+03	+0.351
80.700	+7.972e+03	+1.676e+03	+1.018e+04	+0.174
80.800	+6.775e+03	+2.240e+03	+9.439e+03	+0.248
80.900	+6.828e+03	+2.889e+03	+9.180e+03	+0.297
81.000	+7.660e+03	+2.791e+03	+1.062e+04	+0.267
81.100	+7.986e+03	+2.182e+03	+8.857e+03	+0.215
81.200	+8.135e+03	+2.530e+03	+9.690e+03	+0.237
81.300	+7.190e+03	+3.184e+03	+9.687e+03	+0.307
81.400	+7.303e+03	+2.230e+03	+9.908e+03	+0.234
81.500	+7.627e+03	+1.909e+03	+9.693e+03	+0.200
81.600	+7.390e+03	+2.190e+03	+9.707e+03	+0.229
81.700	+7.092e+03	+2.204e+03	+9.778e+03	+0.237
81.800	+6.611e+03	+2.640e+03	+1.048e+04	+0.285
81.900	+8.537e+03	+3.480e+03	+1.023e+04	+0.290
82.000	+7.560e+03	+3.462e+03	+1.048e+04	+0.314
82.100	+7.932e+03	+2.156e+03	+9.049e+03	+0.214
82.200	+6.880e+03	+1.798e+03	+1.030e+04	+0.207
82.300	+7.319e+03	+2.347e+03	+9.978e+03	+0.243
82.400	+7.595e+03	+3.305e+03	+9.803e+03	+0.303
82.500	+7.079e+03	+1.763e+03	+9.646e+03	+0.199
82.600	+7.170e+03	+4.248e+03	+1.011e+04	+0.372
82.700	+5.976e+03	+4.538e+03	+9.539e+03	+0.432
82.800	+4.142e+03	+5.579e+03	+1.016e+04	+0.574
82.900	+5.907e+03	+4.701e+03	+9.611e+03	+0.443
83.000	+5.128e+03	+5.672e+03	+9.827e+03	+0.525
83.100	+5.234e+03	+4.616e+03	+1.038e+04	+0.469
83.200	+5.175e+03	+5.406e+03	+9.014e+03	+0.511
83.300	+2.718e+03	+7.496e+03	+1.065e+04	+0.734
83.400	+1.552e+03	+8.129e+03	+9.985e+03	+0.840
83.500	+3.148e+03	+7.813e+03	+1.166e+04	+0.713
83.600	+1.258e+03	+9.150e+03	+1.006e+04	+0.879
83.700	+2.322e+03	+7.789e+03	+1.100e+04	+0.770
83.800	+1.346e+03	+7.659e+03	+9.998e+03	+0.851
83.900	+1.547e+03	+8.312e+03	+1.025e+04	+0.843
84.000	+1.907e+03	+7.360e+03	+8.943e+03	+0.794
84.100	+8.187e+02	+7.640e+03	+1.003e+04	+0.903
84.200	+2.945e+03	+7.359e+03	+1.014e+04	+0.714
84.300	+1.082e+03	+7.590e+03	+9.660e+03	+0.875
84.400	+4.280e+03	+4.681e+03	+9.909e+03	+0.522
84.500	+6.621e+03	+2.557e+03	+9.536e+03	+0.279
84.600	+6.386e+03	+1.635e+03	+1.086e+04	+0.204
84.700	+5.867e+03	+2.549e+03	+1.022e+04	+0.303
84.800	+7.776e+03	+1.895e+03	+1.088e+04	+0.196
84.900	+6.649e+03	+2.781e+03	+9.700e+03	+0.295
85.000	+6.301e+03	+2.070e+03	+1.146e+04	+0.247
85.100	+7.104e+03	+1.871e+03	+1.083e+04	+0.209
85.200	+8.030e+03	+1.775e+03	+1.077e+04	+0.181
85.300	+6.902e+03	+2.632e+03	+1.014e+04	+0.276
85.400	+7.404e+03	+2.406e+03	+9.425e+03	+0.245
85.500	+6.906e+03	+1.474e+03	+1.051e+04	+0.176
85.600	+6.981e+03	+2.877e+03	+1.037e+04	+0.292
85.700	+8.382e+03	+2.406e+03	+9.490e+03	+0.223
85.800	+6.764e+03	+1.703e+03	+9.399e+03	+0.201
85.900	+8.602e+03	+1.107e+03	+1.247e+04	+0.114
86.000	+7.819e+03	+2.356e+03	+1.017e+04	+0.232
86.100	+6.212e+03	+1.371e+03	+1.015e+04	+0.181
86.200	+6.221e+03	+2.525e+03	+8.327e+03	+0.289
86.300	+6.358e+03	+2.042e+03	+8.696e+03	+0.243
86.400	+6.860e+03	+3.755e+03	+1.039e+04	+0.354
86.500	+7.650e+03	+1.941e+03	+1.122e+04	+0.202
86.600	+8.309e+03	+3.404e+03	+1.065e+04	+0.291
86.700	+8.220e+03	+2.979e+03	+1.142e+04	+0.266
86.800	+7.407e+03	+1.963e+03	+9.880e+03	+0.210
86.900	+7.901e+03	+2.359e+03	+1.017e+04	+0.230
87.000	+6.384e+03	+2.234e+03	+9.786e+03	+0.259
87.100	+6.184e+03	+2.182e+03	+1.091e+04	+0.261
87.200	+7.417e+03	+2.758e+03	+9.882e+03	+0.271
87.300	+7.080e+03	+3.408e+03	+8.087e+03	+0.325
87.400	+7.402e+03	+2.512e+03	+1.037e+04	+0.253
87.500	+7.631e+03	+3.711e+03	+1.039e+04	+0.327
87.600	+8.340e+03	+1.268e+03	+1.135e+04	+0.132
87.700	+6.838e+03	+3.097e+03	+1.003e+04	+0.312
87.800	+8.027e+03	+6.071e+02	+9.093e+03	+0.070
87.900	+7.345e+03	+3.490e+03	+1.040e+04	+0.322
88.000	+9.400e+03	+2.387e+03	+1.040e+04	+0.202
88.100	+7.889e+03	+2.955e+03	+1.083e+04	+0.272
88.200	+8.639e+03	+3.427e+03	+1.004e+04	+0.284
88.300	+6.114e+03	+2.711e+03	+9.407e+03	+0.307
88.400	+7.779e+03	+1.816e+03	+9.687e+03	+0.189
88.500	+7.799e+03	+3.849e+03	+1.092e+04	+0.330
88.600	+7.840e+03	+2.925e+03	+1.070e+04	+0.272
88.700	+7.936e+03	+2.885e+03	+1.019e+04	+0.267
88.800	+6.964e+03	+1.180e+03	+1.010e+04	+0.145
88.900	+7.908e+03	+2.531e+03	+1.019e+04	+0.242
89.000	+8.362e+03	+2.704e+03	+1.156e+04	+0.244
89.100	+8.455e+03	+2.977e+03	+8.801e+03	+0.260
89.200	+8.014e+03	+1.788e+03	+9.471e+03	+0.182
89.300	+7.468e+03	+1.700e+03	+9.061e+03	+0.185
89.400	+7.092e+03	+2.806e+03	+9.681e+03	+0.283
89.500	+8.045e+03	+1.794e+03	+9.969e+03	+0.182
89.600	+7.856e+03	+3.132e+03	+1.126e+04	+0.285
89.700	+6.268e+03	+2.441e+03	+1.070e+04	+0.280
89.800	+7.155e+03	+1.632e+03	+1.098e+04	+0.186
89.900	+7.120e+03	+3.527e+03	+1.085e+04	+0.331
90.000	+7.495e+03	+1.510e+03	+8.934e+03	+0.168
90.100	+6.608e+03	+2.073e+03	+9.445e+03	+0.239
90.200	+7.539e+03	+3.106e+03	+9.676e+03	+0.292
90.300	+8.109e+03	+3.005e+03	+1.039e+04	+0.270
90.400	+6.067e+03	+2.367e+03	+1.116e+04	+0.281
90.500	+6.469e+03	+2.479e+03	+9.884e+03	+0.277
90.600	+8.660e+03	+1.415e+03	+1.006e+04	+0.140
90.700	+7.242e+03	+1.545e+03	+9.728e+03	+0.176
90.800	+8.048e+03	+2.771e+03	+9.316e+03	+0.256
90.900	+8.160e+03	+1.917e+03	+1.023e+04	+0.190
91.000	+7.164e+03	+1.914e+03	+1.077e+04	+0.211
91.100	+8.253e+03	+1.565e+03	+9.976e+03	+0.159
91.200	+5.853e+03	+1.915e+03	+1.073e+04	+0.247
91.300	+6.858e+03	+2.161e+03	+1.061e+04	+0.240
91.400	+7.793e+03	+2.651e+03	+9.957e+03	+0.254
91.500	+8.645e+03	+2.002e+03	+1.099e+04	+0.188
91.600	+8.350e+03	+2.992e+03	+9.695e+03	+0.264
91.700	+6.713e+03	+3.344e+03	+1.016e+04	+0.333
91.800	+4.371e+03	+4.700e+03	+9.983e+03	+0.518
91.900	+4.463e+03	+4.855e+03	+9.357e+03	+0.521
92.000	+5.068e+03	+3.257e+03	+1.024e+04	+0.391
92.100	+5.270e+03	+6.156e+03	+1.093e+04	+0.539
92.200	+5.342e+03	+4.513e+03	+1.007e+04	+0.458
92.300	+6.777e+03	+3.565e+03	+1.147e+04	+0.345
92.400	+5.239e+03	+3.699e+03	+1.001e+04	+0.414
92.500	+3.831e+03	+4.334e+03	+9.559e+03	+0.531
92.600	+5.492e+03	+5.419e+03	+9.799e+03	+0.497
92.700	+3.691e+03	+5.499e+03	+1.111e+04	+0.598
92.800	+5.936e+03	+5.239e+03	+9.787e+03	+0.469
92.900	+5.872e+03	+4.412e+03	+9.929e+03	+0.429
93.000	+4.817e+03	+4.649e+03	+9.250e+03	+0.491
93.100	+6.729e+03	+2.587e+03	+9.658e+03	+0.278
93.200	+6.580e+03	+1.704e+03	+1.026e+04	+0.206
93.300	+7.463e+03	+2.060e+03	+1.070e+04	+0.216
93.400	+7.148e+03	+1.363e+03	+9.895e+03	+0.160
93.500	+6.517e+03	+4.322e+03	+9.239e+03	+0.399
93.600	+7.447e+03	+2.402e+03	+9.149e+03	+0.244
93.700	+7.337e+03	+2.759e+03	+1.173e+04	+0.273
93.800	+8.567e+03	+2.982e+03	+9.776e+03	+0.258
93.900	+7.982e+03	+2.314e+03	+8.010e+03	+0.225
94.000	+7.369e+03	+2.591e+03	+8.963e+03	+0.260
94.100	+6.976e+03	+1.564e+03	+1.037e+04	+0.183
94.200	+7.070e+03	+1.495e+03	+9.543e+03	+0.174
94.300	+7.446e+03	+2.420e+03	+9.654e+03	+0.245
94.400	+7.246e+03	+2.656e+03	+9.583e+03	+0.268
94.500	+6.851e+03	+2.491e+03	+1.086e+04	+0.267
94.600	+7.577e+03	+2.850e+03	+1.088e+04	+0.273
94.700	+7.708e+03	+3.170e+03	+1.005e+04	+0.291
94.800	+6.875e+03	+2.396e+03	+1.044e+04	+0.258
94.900	+6.901e+03	+3.646e+03	+1.023e+04	+0.346
95.000	+7.729e+03	+1.923e+03	+9.038e+03	+0.199
95.100	+7.072e+03	+1.560e+03	+1.033e+04	+0.181
95.200	+9.419e+03	+3.715e+03	+1.144e+04	+0.283
95.300	+7.500e+03	+1.970e+03	+1.001e+04	+0.208
95.400	+5.120e+03	+5.932e+03	+1.025e+04	+0.537
95.500	+4.922e+03	+5.163e+03	+9.390e+03	+0.512
95.600	+4.234e+03	+4.515e+03	+1.121e+04	+0.516
95.700	+5.629e+03	+3.888e+03	+1.098e+04	+0.409
95.800	+4.449e+03	+4.263e+03	+1.129e+04	+0.489
95.900	+4.152e+03	+5.263e+03	+1.122e+04	+0.559
96.000	+5.487e+03	+3.666e+03	+1.052e+04	+0.401
96.100	+3.434e+03	+6.654e+03	+8.997e+03	+0.660
96.200	+2.251e+03	+8.183e+03	+1.002e+04	+0.784
96.300	+2.486e+03	+8.175e+03	+9.705e+03	+0.767
96.400	+3.189e+03	+8.740e+03	+9.969e+03	+0.733
96.500	+1.890e+03	+8.301e+03	+1.115e+04	+0.815
96.600	+1.477e+03	+8.211e+03	+9.750e+03	+0.848
96.700	+1.587e+03	+7.527e+03	+9.520e+03	+0.826
96.800	+1.580e+03	+8.655e+03	+1.024e+04	+0.846
96.900	+3.034e+03	+8.666e+03	+1.030e+04	+0.741
97.000	+1.928e+03	+7.215e+03	+9.044e+03	+0.789
97.100	+1.693e+03	+8.247e+03	+9.975e+03	+0.830
97.200	+4.675e+03	+6.535e+03	+1.043e+04	+0.583
97.300	+5.752e+03	+5.308e+03	+1.001e+04	+0.480
97.400	+6.455e+03	+3.937e+03	+8.855e+03	+0.379
97.500	+5.278e+03	+5.757e+03	+1.039e+04	+0.522
97.600	+2.515e+03	+6.718e+03	+1.039e+04	+0.728
97.700	+2.271e+03	+8.004e+03	+1.057e+04	+0.779
97.800	+1.957e+03	+8.002e+03	+8.798e+03	+0.803
97.900	+1.610e+03	+8.689e+03	+1.066e+04	+0.844
98.000	+2.248e+03	+7.569e+03	+8.867e+03	+0.771
98.100	+1.405e+03	+8.461e+03	+9.474e+03	+0.858
98.200	+1.684e+03	+5.548e+03	+1.022e+04	+0.767
98.300	+2.055e+03	+8.353e+03	+1.011e+04	+0.803
98.400	+1.278e+03	+8.414e+03	+1.028e+04	+0.868
98.500	+1.403e+03	+8.356e+03	+1.117e+04	+0.856
98.600	+1.892e+03	+9.192e+03	+8.473e+03	+0.829
98.700	+2.191e+03	+9.257e+03	+1.005e+04	+0.809
98.800	+1.587e+03	+6.859e+03	+9.980e+03	+0.812
98.900	+4.797e+03	+5.260e+03	+1.079e+04	+0.523
99.000	+3.050e+03	+6.637e+03	+9.791e+03	+0.685
99.100	+2.707e+03	+7.815e+03	+1.080e+04	+0.743
99.200	+2.253e+03	+7.828e+03	+1.025e+04	+0.777
99.300	+1.632e+03	+8.086e+03	+9.863e+03	+0.832
99.400	+2.321e+03	+6.759e+03	+1.106e+04	+0.744
99.500	+2.258e+03	+8.839e+03	+8.349e+03	+0.797
99.600	+1.560e+03	+7.331e+03	+1.124e+04	+0.825
99.700	+2.806e+03	+7.846e+03	+1.002e+04	+0.737
99.800	+2.296e+03	+8.127e+03	+1.025e+04	+0.780
99.900	+2.109e+03	+9.362e+03	+1.069e+04	+0.816
100.000	+1.801e+03	+6.736e+03	+1.046e+04	+0.789
100.100	+2.172e+03	+7.916e+03	+9.629e+03	+0.785
100.200	+1.330e+03	+7.597e+03	+1.031e+04	+0.851
100.300	+2.261e+03	+8.223e+03	+8.840e+03	+0.784
100.400	+3.047e+03	+7.666e+03	+9.923e+03	+0.716
100.500	+2.078e+03	+7.936e+03	+1.032e+04	+0.793
100.600	+1.950e+03	+8.313e+03	+9.474e+03	+0.810
100.700	+1.400e+03	+6.701e+03	+9.648e+03	+0.827
100.800	+9.879e+02	+7.652e+03	+9.076e+03	+0.886
100.900	+2.669e+03	+8.943e+03	+1.037e+04	+0.770
101.000	+1.105e+03	+9.889e+03	+9.776e+03	+0.899
101.100	+3.051e+03	+7.933e+03	+9.477e+03	+0.722
101.200	+1.638e+03	+8.946e+03	+9.611e+03	+0.845
101.300	+2.137e+03	+7.856e+03	+1.076e+04	+0.786
101.400	+2.908e+03	+7.790e+03	+9.931e+03	+0.728
101.500	+1.595e+03	+8.409e+03	+8.870e+03	+0.841
101.600	+1.802e+03	+7.593e+03	+9.497e+03	+0.808
101.700	+1.681e+03	+8.219e+03	+9.908e+03	+0.830
101.800	+2.865e+03	+7.142e+03	+9.812e+03	+0.714
101.900	+1.533e+03	+8.719e+03	+1.135e+04	+0.850
102.000	+3.289e+03	+7.972e+03	+1.024e+04	+0.708
102.100	+2.232e+03	+8.579e+03	+9.605e+03	+0.794
102.200	+1.846e+03	+8.879e+03	+1.005e+04	+0.828
102.300	+2.543e+03	+8.912e+03	+1.030e+04	+0.778
102.400	+1.475e+03	+9.450e+03	+9.755e+03	+0.865
102.500	+1.718e+03	+6.562e+03	+9.835e+03	+0.792
102.600	+2.819e+03	+8.962e+03	+9.500e+03	+0.761
102.700	+1.353e+03	+7.057e+03	+9.757e+03	+0.839
102.800	+2.550e+03	+7.910e+03	+9.920e+03	+0.756
102.900	+7.061e+03	+2.264e+03	+1.077e+04	+0.243
103.000	+8.061e+03	+2.669e+03	+1.055e+04	+0.249
103.100	+6.936e+03	+2.052e+03	+8.907e+03	+0.228
103.200	+7.869e+03	+3.922e+03	+1.080e+04	+0.333
103.300	+7.699e+03	+1.891e+03	+1.069e+04	+0.197
103.400	+8.385e+03	+2.337e+03	+1.122e+04	+0.218
103.500	+7.776e+03	+2.593e+03	+1.029e+04	+0.250
103.600	+7.827e+03	+2.701e+03	+9.280e+03	+0.257
103.700	+8.174e+03	+2.694e+03	+1.114e+04	+0.248
103.800	+8.140e+03	+3.023e+03	+1.099e+04	+0.271
103.900	+7.010e+03	+1.800e+03	+1.067e+04	+0.204
104.000	+6.955e+03	+3.533e+03	+8.796e+03	+0.337
104.100	+7.001e+03	+2.525e+03	+9.147e+03	+0.265
104.200	+8.295e+03	+3.860e+03	+1.042e+04	+0.318
104.300	+6.665e+03	+2.462e+03	+1.040e+04	+0.270
104.400	+7.855e+03	+2.452e+03	+1.032e+04	+0.238
104.500	+7.652e+03	+3.259e+03	+1.036e+04	+0.299
104.600	+8.718e+03	+2.540e+03	+9.665e+03	+0.226
104.700	+7.080e+03	+1.462e+03	+1.105e+04	+0.171
104.800	+7.146e+03	+2.746e+03	+1.076e+04	+0.278
104.900	+6.693e+03	+2.435e+03	+9.183e+03	+0.267
105.000	+6.798e+03	+2.221e+03	+1.062e+04	+0.246
105.100	+6.181e+03	+4.205e+03	+1.055e+04	+0.405
105.200	+4.745e+03	+5.406e+03	+9.293e+03	+0.533
105.300	+4.493e+03	+4.762e+03	+1.002e+04	+0.515
105.400	+4.930e+03	+5.620e+03	+1.057e+04	+0.533
105.500	+5.548e+03	+4.305e+03	+8.759e+03	+0.437
105.600	+5.999e+03	+4.002e+03	+1.032e+04	+0.400
105.700	+4.767e+03	+6.141e+03	+9.876e+03	+0.563
105.800	+4.842e+03	+5.123e+03	+1.042e+04	+0.514
105.900	+5.824e+03	+5.581e+03	+9.445e+03	+0.489
106.000	+5.960e+03	+4.280e+03	+1.031e+04	+0.418
106.100	+4.369e+03	+4.554e+03	+1.000e+04	+0.510
106.200	+5.183e+03	+7.038e+03	+9.276e+03	+0.576
106.300	+5.607e+03	+4.835e+03	+9.594e+03	+0.463
106.400	+5.636e+03	+5.827e+03	+9.699e+03	+0.508
106.500	+5.338e+03	+3.853e+03	+1.007e+04	+0.419
106.600	+4.532e+03	+4.757e+03	+9.792e+03	+0.512
106.700	+5.181e+03	+5.551e+03	+8.429e+03	+0.517
106.800	+5.906e+03	+4.279e+03	+1.003e+04	+0.420
106.900	+5.724e+03	+6.829e+03	+1.030e+04	+0.544
107.000	+5.710e+03	+3.395e+03	+1.032e+04	+0.373
107.100	+3.924e+03	+5.146e+03	+9.775e+03	+0.567
107.200	+4.180e+03	+3.908e+03	+9.557e+03	+0.483
107.300	+5.846e+03	+4.307e+03	+1.021e+04	+0.424
107.400	+5.208e+03	+5.404e+03	+9.939e+03	+0.509
107.500	+4.707e+03	+4.989e+03	+1.106e+04	+0.514
107.600	+5.652e+03	+4.427e+03	+1.012e+04	+0.439
107.700	+7.401e+03	+1.711e+03	+1.019e+04	+0.188
107.800	+7.806e+03	+2.369e+03	+1.129e+04	+0.233
107.900	+6.634e+03	+3.053e+03	+1.008e+04	+0.315
108.000	+6.544e+03	+2.558e+03	+1.047e+04	+0.281
108.100	+6.842e+03	+9.719e+02	+9.234e+03	+0.124
108.200	+8.254e+03	+1.962e+03	+9.913e+03	+0.192
108.300	+6.719e+03	+2.483e+03	+1.054e+04	+0.270
108.400	+8.786e+03	+3.897e+03	+9.846e+03	+0.307
108.500	+7.262e+03	+2.715e+03	+9.769e+03	+0.272
108.600	+5.147e+03	+4.887e+03	+9.597e+03	+0.487
108.700	+5.215e+03	+5.972e+03	+1.003e+04	+0.534
108.800	+5.419e+03	+5.111e+03	+1.069e+04	+0.485
108.900	+3.512e+03	+5.031e+03	+9.322e+03	+0.589
109.000	+3.652e+03	+4.560e+03	+9.620e+03	+0.555
109.100	+5.445e+03	+5.872e+03	+9.932e+03	+0.519
109.200	+6.502e+03	+4.866e+03	+1.011e+04	+0.428
109.300	+4.823e+03	+5.593e+03	+9.061e+03	+0.537
109.400	+6.019e+03	+6.635e+03	+8.983e+03	+0.524
109.500	+3.208e+03	+7.876e+03	+9.313e+03	+0.711
109.600	+2.844e+03	+6.746e+03	+1.004e+04	+0.703
109.700	+2.735e+03	+8.161e+03	+1.020e+04	+0.749
109.800	+9.144e+02	+7.575e+03	+9.542e+03	+0.892
109.900	+2.435e+03	+8.203e+03	+1.063e+04	+0.771
110.000	+2.335e+03	+8.043e+03	+9.853e+03	+0.775
110.100	+1.654e+03	+8.341e+03	+9.574e+03	+0.835
110.200	+1.221e+03	+7.830e+03	+1.001e+04	+0.865
110.300	+7.276e+01	+6.906e+03	+9.735e+03	+0.990
110.400	+3.030e+03	+7.295e+03	+1.106e+04	+0.707
110.500	+2.227e+03	+8.158e+03	+1.036e+04	+0.786
110.600	+4.930e+02	+8.047e+03	+9.732e+03	+0.942
110.700	+2.608e+03	+8.341e+03	+1.150e+04	+0.762
110.800	+1.303e+03	+7.416e+03	+1.054e+04	+0.851
110.900	+3.018e+03	+7.199e+03	+9.523e+03	+0.705
111.000	+1.366e+02	+8.235e+03	+9.642e+03	+0.984
111.100	+1.797e+03	+8.593e+03	+1.000e+04	+0.827
111.200	+1.987e+03	+8.401e+03	+1.017e+04	+0.809
111.300	+3.540e+03	+8.818e+03	+1.124e+04	+0.714
111.400	+4.496e+03	+6.979e+03	+9.252e+03	+0.608
111.500	+5.020e+03	+5.492e+03	+9.086e+03	+0.522
111.600	+4.848e+03	+5.573e+03	+1.033e+04	+0.535
111.700	+5.357e+03	+5.575e+03	+1.034e+04	+0.510
111.800	+5.458e+03	+3.693e+03	+1.011e+04	+0.404
111.900	+4.779e+03	+5.698e+03	+1.089e+04	+0.544
112.000	+4.600e+03	+3.524e+03	+1.053e+04	+0.434
112.100	+4.272e+03	+3.950e+03	+9.174e+03	+0.480
112.200	+5.773e+03	+5.650e+03	+8.081e+03	+0.495
112.300	+4.480e+03	+4.785e+03	+1.016e+04	+0.516
112.400	+5.977e+03	+5.031e+03	+9.582e+03	+0.457
112.500	+4.302e+03	+3.933e+03	+9.474e+03	+0.478
112.600	+4.989e+03	+4.112e+03	+1.029e+04	+0.452
112.700	+5.088e+03	+5.033e+03	+1.116e+04	+0.497
112.800	+4.737e+03	+5.674e+03	+1.088e+04	+0.545
112.900	+4.600e+03	+5.019e+03	+9.711e+03	+0.522
113.000	+5.434e+03	+4.346e+03	+1.136e+04	+0.444
113.100	+4.150e+03	+3.487e+03	+9.704e+03	+0.457
113.200	+5.433e+03	+5.021e+03	+1.149e+04	+0.480
113.300	+4.630e+03	+4.032e+03	+9.713e+03	+0.466
113.400	+5.564e+03	+4.629e+03	+8.978e+03	+0.454
113.500	+5.274e+03	+4.816e+03	+9.506e+03	+0.477
113.600	+5.124e+03	+4.926e+03	+1.000e+04	+0.490
113.700	+4.269e+03	+5.428e+03	+1.060e+04	+0.560
113.800	+4.328e+03	+4.651e+03	+1.030e+04	+0.518
113.900	+5.801e+03	+4.741e+03	+9.518e+03	+0.450
114.000	+4.910e+03	+5.068e+03	+8.921e+03	+0.508
114.100	+4.924e+03	+5.910e+03	+1.006e+04	+0.545
114.200	+5.205e+03	+4.908e+03	+1.028e+04	+0.485
114.300	+6.339e+03	+4.415e+03	+1.001e+04	+0.411
114.400	+6.504e+03	+5.792e+03	+1.025e+04	+0.471
114.500	+5.383e+03	+4.693e+03	+1.059e+04	+0.466
114.600	+4.784e+03	+4.475e+03	+1.004e+04	+0.483
114.700	+5.085e+03	+3.307e+03	+1.013e+04	+0.394
114.800	+5.125e+03	+6.073e+03	+9.205e+03	+0.542
114.900	+9.225e+03	+2.518e+03	+1.023e+04	+0.214
115.000	+7.991e+03	+1.968e+03	+1.088e+04	+0.198
115.100	+6.791e+03	+1.226e+03	+9.573e+03	+0.153
115.200	+8.189e+03	+1.859e+03	+8.859e+03	+0.185
115.300	+7.091e+03	+2.542e+03	+9.398e+03	+0.264
115.400	+7.650e+03	+3.238e+03	+1.009e+04	+0.297
115.500	+6.957e+03	+2.711e+03	+1.067e+04	+0.280
115.600	+7.176e+03	+3.093e+03	+1.150e+04	+0.301
115.700	+7.983e+03	+2.187e+03	+1.126e+04	+0.215
115.800	+8.413e+03	+2.831e+03	+1.144e+04	+0.252
115.900	+6.987e+03	+3.081e+03	+9.129e+03	+0.306
116.000	+7.892e+03	+2.034e+03	+9.473e+03	+0.205
116.100	+7.615e+03	+2.090e+03	+9.040e+03	+0.215
116.200	+7.553e+03	+3.076e+03	+1.070e+04	+0.289
116.300	+8.920e+03	+1.790e+03	+9.047e+03	+0.167
116.400	+7.745e+03	+1.867e+03	+1.013e+04	+0.194
116.500	+7.319e+03	+2.425e+03	+9.307e+03	+0.249
116.600	+7.308e+03	+3.113e+03	+1.045e+04	+0.299
116.700	+7.224e+03	+2.999e+03	+1.090e+04	+0.293
116.800	+6.886e+03	+2.129e+03	+1.021e+04	+0.236
116.900	+9.361e+03	+3.001e+03	+1.000e+04	+0.243
117.000	+7.512e+03	+2.321e+03	+1.017e+04	+0.236
117.100	+6.843e+03	+2.598e+03	+9.588e+03	+0.275
117.200	+6.943e+03	+3.283e+03	+9.092e+03	+0.321
117.300	+8.076e+03	+3.242e+03	+9.455e+03	+0.286
117.400	+6.565e+03	+2.269e+03	+1.052e+04	+0.257
117.500	+7.611e+03	+2.273e+03	+1.041e+04	+0.230
117.600	+8.229e+03	+3.106e+03	+1.024e+04	+0.274
117.700	+7.043e+03	+3.104e+03	+9.262e+03	+0.306
117.800	+6.376e+03	+2.209e+03	+9.618e+03	+0.257
117.900	+8.637e+03	+3.388e+03	+1.047e+04	+0.282
118.000	+7.983e+03	+1.534e+03	+9.041e+03	+0.161
118.100	+5.865e+03	+2.653e+03	+1.036e+04	+0.311
118.200	+7.060e+03	+2.935e+03	+1.018e+04	+0.294
118.300	+7.749e+03	+2.844e+03	+1.032e+04	+0.268
118.400	+7.021e+03	+2.867e+03	+9.013e+03	+0.290
118.500	+6.053e+03	+3.589e+03	+9.150e+03	+0.372
118.600	+4.510e+03	+5.424e+03	+9.569e+03	+0.546
118.700	+4.849e+03	+5.409e+03	+9.951e+03	+0.527
118.800	+5.773e+03	+5.144e+03	+1.154e+04	+0.471
118.900	+3.682e+03	+5.679e+03	+9.359e+03	+0.607
119.000	+5.529e+03	+5.871e+03	+9.655e+03	+0.515
119.100	+5.200e+03	+5.577e+03	+8.528e+03	+0.517
119.200	+4.497e+03	+4.591e+03	+1.003e+04	+0.505
119.300	+4.886e+03	+6.244e+03	+1.070e+04	+0.561
119.400	+4.903e+03	+4.021e+03	+9.713e+03	+0.451
119.500	+4.262e+03	+5.398e+03	+8.884e+03	+0.559
119.600	+5.700e+03	+3.943e+03	+9.809e+03	+0.409
119.700	+4.845e+03	+4.582e+03	+1.032e+04	+0.486
119.800	+4.330e+03	+4.989e+03	+1.104e+04	+0.535
119.900	+4.833e+03	+4.281e+03	+9.900e+03	+0.470
120.000	+5.343e+03	+6.687e+03	+9.693e+03	+0.556
120.100	+4.747e+03	+5.795e+03	+8.945e+03	+0.550
120.200	+5.854e+03	+4.491e+03	+9.661e+03	+0.434
120.300	+6.057e+03	+4.342e+03	+1.018e+04	+0.418
120.400	+6.043e+03	+5.903e+03	+8.997e+03	+0.494
120.500	+5.350e+03	+4.654e+03	+1.013e+04	+0.465
120.600	+6.102e+03	+5.306e+03	+8.959e+03	+0.465
120.700	+4.968e+03	+4.676e+03	+9.490e+03	+0.485
120.800	+4.323e+03	+4.963e+03	+8.937e+03	+0.534
120.900	+3.959e+03	+5.527e+03	+9.643e+03	+0.583
121.000	+3.834e+03	+5.533e+03	+9.219e+03	+0.591
121.100	+5.887e+03	+4.983e+03	+9.354e+03	+0.458
121.200	+2.250e+03	+6.251e+03	+1.070e+04	+0.735
121.300	+1.704e+03	+8.111e+03	+1.051e+04	+0.826
121.400	+2.518e+03	+8.226e+03	+9.947e+03	+0.766
121.500	+2.639e+03	+8.437e+03	+9.835e+03	+0.762
121.600	+1.222e+03	+7.726e+03	+1.053e+04	+0.863
121.700	+7.199e+03	+2.297e+03	+8.827e+03	+0.242
121.800	+6.582e+03	+2.763e+03	+9.948e+03	+0.296
121.900	+6.782e+03	+1.738e+03	+1.060e+04	+0.204
122.000	+7.080e+03	+3.759e+03	+9.887e+03	+0.347
122.100	+7.225e+03	+3.303e+03	+1.000e+04	+0.314
122.200	+6.513e+03	+3.299e+03	+1.076e+04	+0.336
122.300	+7.128e+03	+2.444e+03	+8.670e+03	+0.255
122.400	+7.437e+03	+2.700e+03	+9.877e+03	+0.266
122.500	+8.402e+03	+2.733e+03	+9.566e+03	+0.245
122.600	+6.040e+03	+1.173e+03	+8.705e+03	+0.163
122.700	+9.055e+03	+2.088e+03	+1.033e+04	+0.187
122.800	+6.853e+03	+2.566e+03	+9.235e+03	+0.272
122.900	+7.970e+03	+3.229e+03	+9.874e+03	+0.288
123.000	+6.932e+03	+2.344e+03	+9.141e+03	+0.253
123.100	+6.969e+03	+1.918e+03	+9.923e+03	+0.216
123.200	+7.404e+03	+2.084e+03	+1.067e+04	+0.220
123.300	+6.495e+03	+2.702e+03	+1.133e+04	+0.294
123.400	+8.310e+03	+2.527e+03	+9.059e+03	+0.233
123.500	+7.267e+03	+2.850e+03	+1.083e+04	+0.282
123.600	+6.940e+03	+2.282e+03	+9.803e+03	+0.247
123.700	+8.389e+03	+2.423e+03	+9.959e+03	+0.224
123.800	+8.572e+03	+2.329e+03	+1.074e+04	+0.214
123.900	+8.220e+03	+1.874e+03	+9.876e+03	+0.186
124.000	+8.345e+03	+2.461e+03	+8.832e+03	+0.228
124.100	+8.090e+03	+3.667e+03	+9.631e+03	+0.312
124.200	+8.557e+03	+1.976e+03	+9.593e+03	+0.188
124.300	+7.922e+03	+2.395e+03	+1.069e+04	+0.232
124.400	+8.282e+03	+3.005e+03	+9.590e+03	+0.266
124.500	+6.958e+03	+2.285e+03	+9.095e+03	+0.247
124.600	+6.574e+03	+3.223e+03	+8.910e+03	+0.329
124.700	+7.950e+03	+2.240e+03	+1.070e+04	+0.220
124.800	+8.681e+03	+3.098e+03	+1.007e+04	+0.263
124.900	+7.342e+03	+2.239e+03	+1.009e+04	+0.234
125.000	+6.286e+03	+1.733e+03	+1.091e+04	+0.216
125.100	+7.891e+03	+3.503e+03	+1.092e+04	+0.307
125.200	+6.797e+03	+2.648e+03	+1.069e+04	+0.280
125.300	+7.945e+03	+2.490e+03	+1.061e+04	+0.239
125.400	+7.821e+03	+2.515e+03	+1.005e+04	+0.243
125.500	+7.742e+03	+2.792e+03	+1.071e+04	+0.265
125.600	+8.210e+03	+2.582e+03	+9.694e+03	+0.239
125.700	+7.841e+03	+1.931e+03	+1.036e+04	+0.198
125.800	+7.550e+03	+3.560e+03	+9.351e+03	+0.320
125.900	+7.969e+03	+2.978e+03	+9.893e+03	+0.272
126.000	+6.373e+03	+3.117e+03	+1.054e+04	+0.328
126.100	+7.515e+03	+2.510e+03	+9.637e+03	+0.250
126.200	+7.448e+03	+3.316e+03	+1.123e+04	+0.308
126.300	+7.373e+03	+2.180e+03	+1.112e+04	+0.228
126.400	+7.597e+03	+2.274e+03	+8.902e+03	+0.230
126.500	+7.386e+03	+3.799e+03	+1.030e+04	+0.340
126.600	+7.506e+03	+2.758e+03	+1.074e+04	+0.269
126.700	+7.432e+03	+2.411e+03	+1.006e+04	+0.245
126.800	+7.929e+03	+2.316e+03	+1.005e+04	+0.226
126.900	+6.752e+03	+3.824e+03	+1.070e+04	+0.362
127.000	+7.488e+03	+2.419e+03	+9.121e+03	+0.244
127.100	+7.560e+03	+1.015e+03	+9.424e+03	+0.118
127.200	+8.380e+03	+3.361e+03	+9.428e+03	+0.286
127.300	+7.286e+03	+2.423e+03	+9.481e+03	+0.250
127.400	+8.085e+03	+1.967e+03	+1.004e+04	+0.196
127.500	+8.136e+03	+3.067e+03	+9.961e+03	+0.274
127.600	+6.576e+03	+2.929e+03	+9.435e+03	+0.308
127.700	+7.922e+03	+1.875e+03	+9.793e+03	+0.191
127.800	+6.623e+03	+2.664e+03	+1.104e+04	+0.287
127.900	+6.440e+03	+2.320e+03	+9.195e+03	+0.265
128.000	+9.473e+03	+2.200e+03	+9.509e+03	+0.188
128.100	+6.476e+03	+3.473e+03	+9.705e+03	+0.349
128.200	+7.446e+03	+2.919e+03	+1.176e+04	+0.282
128.300	+6.342e+03	+2.079e+03	+1.132e+04	+0.247
128.400	+6.675e+03	+2.977e+03	+9.543e+03	+0.308
128.500	+7.104e+03	+2.942e+03	+9.156e+03	+0.293
128.600	+7.687e+03	+3.298e+03	+1.059e+04	+0.300
128.700	+6.834e+03	+2.417e+03	+8.692e+03	+0.261
128.800	+5.424e+03	+3.976e+03	+1.007e+04	+0.423
128.900	+4.264e+03	+4.877e+03	+1.124e+04	+0.534
129.000	+4.940e+03	+3.747e+03	+1.029e+04	+0.431
129.100	+4.647e+03	+4.864e+03	+9.824e+03	+0.511
129.200	+4.279e+03	+5.939e+03	+9.134e+03	+0.581
129.300	+7.045e+03	+5.918e+03	+1.135e+04	+0.456
129.400	+7.786e+03	+3.209e+03	+1.046e+04	+0.292
129.500	+7.332e+03	+3.209e+03	+8.967e+03	+0.304
129.600	+7.580e+03	+3.349e+03	+9.693e+03	+0.306
129.700	+6.797e+03	+2.050e+03	+1.075e+04	+0.232
129.800	+8.020e+03	+2.017e+03	+1.113e+04	+0.201
129.900	+7.826e+03	+2.126e+03	+1.027e+04	+0.214
130.000	+8.151e+03	+1.993e+03	+1.040e+04	+0.196
130.100	+7.417e+03	+3.180e+03	+1.014e+04	+0.300
130.200	+7.284e+03	+4.366e+03	+1.053e+04	+0.375
130.300	+7.331e+03	+4.369e+03	+9.432e+03	+0.373
130.400	+7.064e+03	+3.471e+03	+9.466e+03	+0.329
130.500	+7.416e+03	+2.311e+03	+1.012e+04	+0.238
130.600	+7.449e+03	+2.039e+03	+9.612e+03	+0.215
130.700	+7.924e+03	+1.498e+03	+1.061e+04	+0.159
130.800	+8.327e+03	+1.603e+03	+1.056e+04	+0.161
130.900	+5.971e+03	+2.092e+03	+1.011e+04	+0.259
131.000	+7.243e+03	+8.508e+02	+9.972e+03	+0.105
131.100	+5.810e+03	+2.398e+03	+1.053e+04	+0.292
131.200	+7.607e+03	+2.228e+03	+9.868e+03	+0.227
131.300	+7.825e+03	+2.326e+03	+9.743e+03	+0.229
131.400	+9.800e+03	+2.886e+03	+9.229e+03	+0.227
131.500	+7.709e+03	+2.551e+03	+1.073e+04	+0.249
131.600	+6.583e+03	+2.294e+03	+1.005e+04	+0.258
131.700	+7.100e+03	+2.677e+03	+9.215e+03	+0.274
131.800	+8.423e+03	+1.813e+03	+9.973e+03	+0.177
131.900	+7.953e+03	+1.938e+03	+1.027e+04	+0.196
132.000	+7.532e+03	+3.365e+03	+9.644e+03	+0.309
132.100	+5.514e+03	+2.461e+03	+1.043e+04	+0.309
132.200	+7.174e+03	+2.725e+03	+9.220e+03	+0.275
132.300	+8.152e+03	+2.636e+03	+1.034e+04	+0.244
132.400	+5.941e+03	+2.830e+03	+1.116e+04	+0.323
132.500	+7.035e+03	+1.871e+03	+9.016e+03	+0.210
132.600	+8.277e+03	+1.483e+03	+1.060e+04	+0.152
132.700	+7.019e+03	+1.807e+03	+9.862e+03	+0.205
132.800	+7.936e+03	+1.860e+03	+1.027e+04	+0.190
132.900	+7.702e+03	+2.414e+03	+9.042e+03	+0.239
133.000	+7.733e+03	+2.607e+03	+1.001e+04	+0.252
133.100	+7.043e+03	+1.625e+03	+9.961e+03	+0.187
133.200	+7.014e+03	+1.572e+03	+1.085e+04	+0.183
133.300	+6.221e+03	+3.696e+03	+9.371e+03	+0.373
133.400	+1.977e+03	+7.457e+03	+9.950e+03	+0.790
133.500	+1.785e+03	+8.337e+03	+9.858e+03	+0.824
133.600	+2.128e+03	+7.443e+03	+1.063e+04	+0.778
133.700	+2.372e+03	+7.900e+03	+1.043e+04	+0.769
133.800	+2.336e+03	+7.391e+03	+1.044e+04	+0.760
133.900	+1.926e+03	+8.226e+03	+1.050e+04	+0.810
134.000	+1.071e+03	+8.256e+03	+1.016e+04	+0.885
134.100	+9.964e+02	+6.828e+03	+1.036e+04	+0.873
134.200	+2.774e+03	+7.242e+03	+1.078e+04	+0.723
134.300	+9.395e+02	+7.496e+03	+1.043e+04	+0.889
134.400	+2.276e+03	+8.218e+03	+1.080e+04	+0.783
134.500	+2.679e+03	+8.927e+03	+1.015e+04	+0.769
134.600	+3.125e+03	+8.788e+03	+9.738e+03	+0.738
134.700	+2.860e+03	+7.369e+03	+9.880e+03	+0.720
134.800	+1.736e+03	+7.914e+03	+1.115e+04	+0.820
134.900	+2.425e+03	+8.749e+03	+9.850e+03	+0.783
135.000	+2.392e+03	+7.722e+03	+1.026e+04	+0.763
135.100	+2.203e+03	+8.165e+03	+9.170e+03	+0.787
135.200	+3.291e+03	+6.695e+03	+9.827e+03	+0.670
135.300	+8.957e+02	+7.257e+03	+1.098e+04	+0.890
135.400	+1.708e+03	+8.046e+03	+9.941e+03	+0.825
135.500	+2.369e+03	+8.422e+03	+9.675e+03	+0.780
135.600	+2.309e+03	+7.735e+03	+9.772e+03	+0.770
135.700	+2.479e+03	+8.646e+03	+9.604e+03	+0.777
135.800	+2.244e+03	+8.240e+03	+1.001e+04	+0.786
135.900	+2.098e+03	+8.037e+03	+1.027e+04	+0.793
136.000	+1.369e+03	+7.598e+03	+1.001e+04	+0.847
136.100	+1.877e+03	+7.524e+03	+1.020e+04	+0.800
136.200	+1.430e+03	+8.610e+03	+9.875e+03	+0.858
136.300	+1.431e+03	+6.930e+03	+9.631e+03	+0.829
136.400	+8.529e+02	+9.494e+03	+1.060e+04	+0.918
136.500	+1.982e+03	+6.272e+03	+9.889e+03	+0.760
136.600	+1.072e+03	+9.331e+03	+1.017e+04	+0.897
136.700	+2.677e+03	+8.575e+03	+1.037e+04	+0.762
136.800	+2.540e+03	+9.067e+03	+9.954e+03	+0.781
136.900	+1.074e+03	+8.742e+03	+8.576e+03	+0.891
137.000	+2.492e+03	+8.154e+03	+9.757e+03	+0.766
137.100	+2.329e+03	+8.666e+03	+9.428e+03	+0.788
137.200	+2.368e+03	+7.769e+03	+1.020e+04	+0.766
137.300	+9.658e+02	+6.779e+03	+9.765e+03	+0.875
137.400	+2.281e+03	+9.028e+03	+9.844e+03	+0.798
137.500	+1.460e+03	+8.531e+03	+9.714e+03	+0.854
137.600	+1.834e+03	+8.346e+03	+1.018e+04	+0.820
137.700	+2.308e+03	+9.571e+03	+1.083e+04	+0.806
137.800	+2.363e+03	+8.476e+03	+1.086e+04	+0.782
137.900	+2.062e+03	+8.591e+03	+9.983e+03	+0.806
138.000	+2.213e+03	+8.748e+03	+1.069e+04	+0.798
138.100	+1.735e+03	+7.423e+03	+1.071e+04	+0.811
138.200	+2.360e+03	+8.817e+03	+9.727e+03	+0.789
138.300	+4.199e+03	+5.446e+03	+9.932e+03	+0.565
138.400	+4.541e+03	+4.361e+03	+8.545e+03	+0.490
138.500	+5.730e+03	+4.796e+03	+9.499e+03	+0.456
138.600	+5.299e+03	+3.991e+03	+9.809e+03	+0.430
138.700	+4.084e+03	+5.445e+03	+9.857e+03	+0.571
138.800	+5.580e+03	+4.054e+03	+9.357e+03	+0.421
138.900	+5.736e+03	+6.400e+03	+9.897e+03	+0.527
139.000	+3.248e+03	+5.523e+03	+9.783e+03	+0.630
139.100	+5.915e+03	+4.643e+03	+9.814e+03	+0.440
139.200	+5.139e+03	+5.509e+03	+1.011e+04	+0.517
139.300	+3.570e+03	+4.449e+03	+1.023e+04	+0.555
139.400	+3.923e+03	+7.620e+03	+1.052e+04	+0.660
139.500	+5.041e+03	+4.541e+03	+1.041e+04	+0.474
139.600	+5.013e+03	+6.168e+03	+1.120e+04	+0.552
139.700	+4.409e+03	+5.432e+03	+1.132e+04	+0.552
139.800	+5.246e+03	+5.829e+03	+1.020e+04	+0.526
139.900	+4.711e+03	+5.772e+03	+9.997e+03	+0.551
140.000	+5.250e+03	+5.840e+03	+1.121e+04	+0.527
140.100	+5.381e+03	+4.789e+03	+9.820e+03	+0.471
140.200	+4.830e+03	+3.365e+03	+1.050e+04	+0.411
140.300	+4.329e+03	+4.698e+03	+9.291e+03	+0.520
140.400	+5.191e+03	+5.167e+03	+9.019e+03	+0.499
140.500	+5.601e+03	+5.256e+03	+1.055e+04	+0.484
140.600	+4.367e+03	+5.313e+03	+9.895e+03	+0.549
140.700	+5.460e+03	+5.491e+03	+1.102e+04	+0.501
140.800	+5.228e+03	+5.751e+03	+1.076e+04	+0.524
140.900	+5.515e+03	+3.922e+03	+9.453e+03	+0.416
141.000	+5.419e+03	+4.965e+03	+9.261e+03	+0.478
141.100	+4.628e+03	+5.858e+03	+9.363e+03	+0.559
141.200	+4.464e+03	+5.530e+03	+1.019e+04	+0.553
141.300	+6.081e+03	+5.885e+03	+1.043e+04	+0.492
141.400	+4.385e+03	+4.370e+03	+9.794e+03	+0.499
141.500	+5.321e+03	+4.739e+03	+1.060e+04	+0.471
141.600	+4.394e+03	+5.808e+03	+8.667e+03	+0.569
141.700	+4.969e+03	+5.409e+03	+1.030e+04	+0.521
141.800	+5.279e+03	+5.443e+03	+1.011e+04	+0.508
141.900	+4.530e+03	+4.061e+03	+1.172e+04	+0.473
142.000	+5.492e+03	+5.381e+03	+1.146e+04	+0.495
142.100	+4.618e+03	+4.844e+03	+8.987e+03	+0.512
142.200	+3.835e+03	+4.521e+03	+1.027e+04	+0.541
142.300	+5.329e+03	+6.117e+03	+1.084e+04	+0.534
142.400	+4.775e+03	+5.165e+03	+9.740e+03	+0.520
142.500	+5.274e+03	+4.763e+03	+9.706e+03	+0.475
142.600	+5.147e+03	+4.721e+03	+1.068e+04	+0.478
142.700	+4.745e+03	+4.018e+03	+8.559e+03	+0.459
142.800	+2.043e+03	+8.695e+03	+9.523e+03	+0.810
142.900	+1.748e+03	+7.188e+03	+8.604e+03	+0.804
143.000	+2.504e+03	+8.528e+03	+1.054e+04	+0.773
143.100	+1.459e+03	+6.152e+03	+1.081e+04	+0.808
143.200	+1.079e+03	+7.113e+03	+9.160e+03	+0.868
143.300	+1.789e+03	+7.566e+03	+1.002e+04	+0.809
143.400	+2.580e+03	+7.413e+03	+9.717e+03	+0.742
143.500	+1.355e+03	+8.033e+03	+9.363e+03	+0.856
143.600	+2.268e+03	+8.454e+03	+1.058e+04	+0.788
143.700	+7.269e+02	+8.070e+03	+1.080e+04	+0.917
143.800	+1.518e+03	+8.549e+03	+1.177e+04	+0.849
143.900	+3.249e+03	+8.605e+03	+1.025e+04	+0.726
144.000	+2.223e+03	+9.418e+03	+9.638e+03	+0.809
144.100	+2.262e+03	+8.529e+03	+8.723e+03	+0.790
144.200	+2.619e+03	+8.398e+03	+1.022e+04	+0.762
144.300	+2.516e+03	+8.109e+03	+9.565e+03	+0.763
144.400	+1.598e+03	+8.040e+03	+9.223e+03	+0.834
144.500	+8.705e+02	+7.531e+03	+9.708e+03	+0.896
144.600	+1.399e+03	+8.967e+03	+1.019e+04	+0.865
144.700	+1.704e+03	+5.570e+03	+9.262e+03	+0.766
144.800	+2.038e+03	+8.649e+03	+1.002e+04	+0.809
144.900	+1.937e+03	+7.854e+03	+9.654e+03	+0.802
145.000	+3.373e+03	+7.473e+03	+9.569e+03	+0.689
145.100	+1.675e+03	+7.130e+03	+1.012e+04	+0.810
145.200	+8.258e+02	+6.890e+03	+8.996e+03	+0.893
145.300	+9.394e+02	+8.982e+03	+1.114e+04	+0.905
145.400	+2.044e+03	+7.143e+03	+8.636e+03	+0.777
145.500	+2.023e+03	+7.859e+03	+8.781e+03	+0.795
145.600	+1.725e+03	+7.504e+03	+1.021e+04	+0.813
145.700	+5.570e+02	+7.227e+03	+9.735e+03	+0.928
145.800	+1.746e+03	+7.096e+03	+9.142e+03	+0.803
145.900	+2.267e+03	+7.232e+03	+9.900e+03	+0.761
146.000	+2.844e+03	+7.201e+03	+1.031e+04	+0.717
146.100	+3.488e+03	+9.394e+03	+1.014e+04	+0.729
146.200	+2.691e+03	+6.942e+03	+8.853e+03	+0.721
146.300	+1.370e+03	+7.641e+03	+1.018e+04	+0.848
146.400	+3.917e+03	+7.998e+03	+9.527e+03	+0.671
146.500	+1.212e+03	+7.744e+03	+1.035e+04	+0.865
146.600	+7.697e+02	+7.215e+03	+9.621e+03	+0.904
146.700	+1.807e+03	+7.440e+03	+8.553e+03	+0.805
146.800	+8.814e+02	+8.158e+03	+8.909e+03	+0.902
146.900	+2.448e+03	+8.986e+03	+9.703e+03	+0.786
147.000	+4.326e+03	+5.185e+03	+1.057e+04	+0.545
147.100	+5.874e+03	+5.942e+03	+1.007e+04	+0.503
147.200	+1.791e+03	+7.465e+03	+9.875e+03	+0.807
147.300	+2.560e+03	+9.036e+03	+1.009e+04	+0.779
147.400	+3.668e+03	+6.094e+03	+9.469e+03	+0.624
147.500	+5.226e+03	+5.330e+03	+8.981e+03	+0.505
147.600	+4.915e+03	+4.876e+03	+9.749e+03	+0.498
147.700	+6.963e+03	+2.642e+03	+1.094e+04	+0.275
147.800	+5.743e+03	+2.107e+03	+9.925e+03	+0.268
147.900	+7.602e+03	+1.820e+03	+9.443e+03	+0.193
148.000	+6.775e+03	+1.108e+03	+9.065e+03	+0.141
148.100	+6.949e+03	+1.610e+03	+9.758e+03	+0.188
148.200	+7.676e+03	+2.394e+03	+1.014e+04	+0.238
148.300	+7.922e+03	+2.337e+03	+9.721e+03	+0.228
148.400	+7.380e+03	+2.720e+03	+9.669e+03	+0.269
148.500	+7.447e+03	+3.282e+03	+1.001e+04	+0.306
148.600	+7.217e+03	+2.752e+03	+9.449e+03	+0.276
148.700	+7.444e+03	+3.302e+03	+9.375e+03	+0.307
148.800	+7.178e+03	+2.618e+03	+1.029e+04	+0.267
148.900	+7.032e+03	+3.621e+03	+9.276e+03	+0.340
149.000	+7.818e+03	+2.957e+03	+1.081e+04	+0.274
149.100	+6.984e+03	+2.909e+03	+9.778e+03	+0.294
149.200	+7.143e+03	+3.283e+03	+9.294e+03	+0.315
149.300	+8.585e+03	+2.247e+03	+1.062e+04	+0.207
149.400	+6.384e+03	+1.778e+03	+9.639e+03	+0.218
149.500	+7.750e+03	+2.506e+03	+9.761e+03	+0.244
149.600	+7.673e+03	+1.835e+03	+1.041e+04	+0.193
149.700	+7.322e+03	+3.142e+03	+8.820e+03	+0.300
149.800	+7.755e+03	+2.309e+03	+9.561e+03	+0.229
149.900	+8.262e+03	+2.289e+03	+9.400e+03	+0.217
150.000	+6.931e+03	+2.362e+03	+9.039e+03	+0.254
150.100	+6.705e+03	+2.415e+03	+1.030e+04	+0.265
150.200	+9.231e+03	+2.514e+03	+9.830e+03	+0.214
150.300	+7.362e+03	+3.799e+03	+1.044e+04	+0.340
150.400	+6.051e+03	+6.377e+03	+1.011e+04	+0.513
150.500	+4.769e+03	+4.782e+03	+9.853e+03	+0.501
150.600	+5.697e+03	+4.726e+03	+9.607e+03	+0.453
150.700	+4.355e+03	+4.590e+03	+1.014e+04	+0.513
150.800	+4.253e+03	+4.925e+03	+9.297e+03	+0.537
150.900	+5.824e+03	+5.740e+03	+1.028e+04	+0.496
151.000	+5.046e+03	+6.276e+03	+1.034e+04	+0.554
151.100	+4.713e+03	+4.577e+03	+9.633e+03	+0.493
151.200	+5.749e+03	+5.209e+03	+1.033e+04	+0.475
151.300	+3.822e+03	+5.596e+03	+9.155e+03	+0.594
151.400	+5.389e+03	+4.554e+03	+1.093e+04	+0.458
151.500	+2.154e+03	+8.138e+03	+9.571e+03	+0.791
151.600	+1.735e+03	+8.488e+03	+1.028e+04	+0.830
151.700	+1.185e+03	+9.218e+03	+9.956e+03	+0.886
151.800	+2.756e+03	+6.988e+03	+1.066e+04	+0.717
151.900	+2.564e+03	+6.720e+03	+9.515e+03	+0.724
152.000	+2.414e+03	+8.369e+03	+1.095e+04	+0.776
152.100	+1.927e+03	+8.705e+03	+9.243e+03	+0.819
152.200	+1.009e+03	+7.556e+03	+9.791e+03	+0.882
152.300	+2.581e+03	+8.797e+03	+1.101e+04	+0.773
152.400	+2.609e+03	+8.472e+03	+1.045e+04	+0.765
152.500	+2.313e+03	+8.988e+03	+9.662e+03	+0.795
152.600	+1.054e+03	+8.430e+03	+9.373e+03	+0.889
152.700	+5.229e+02	+6.995e+03	+9.683e+03	+0.930
152.800	+1.819e+03	+8.611e+03	+1.106e+04	+0.826
152.900	+6.078e+02	+7.496e+03	+9.401e+03	+0.925
153.000	+1.110e+03	+7.012e+03	+1.089e+04	+0.863
153.100	+2.737e+03	+7.842e+03	+8.895e+03	+0.741
153.200	+1.724e+03	+8.560e+03	+1.054e+04	+0.832
153.300	+2.551e+03	+7.670e+03	+9.880e+03	+0.750
153.400	+1.701e+03	+7.210e+03	+1.031e+04	+0.809
153.500	+1.973e+03	+8.246e+03	+1.079e+04	+0.807
153.600	+2.600e+03	+6.784e+03	+9.389e+03	+0.723
153.700	+1.787e+03	+7.916e+03	+9.042e+03	+0.816
153.800	+8.091e+02	+9.741e+03	+1.028e+04	+0.923
153.900	+1.815e+03	+8.654e+03	+9.384e+03	+0.827
154.000	+1.763e+03	+7.111e+03	+9.809e+03	+0.801
154.100	+2.212e+03	+8.874e+03	+9.649e+03	+0.800
154.200	+7.620e+02	+7.871e+03	+1.017e+04	+0.912
154.300	+1.440e+03	+7.775e+03	+1.004e+04	+0.844
154.400	+2.465e+03	+9.502e+03	+1.008e+04	+0.794
154.500	+2.756e+03	+8.984e+03	+1.078e+04	+0.765
154.600	+1.900e+03	+7.247e+03	+9.897e+03	+0.792
154.700	+3.226e+03	+8.663e+03	+1.011e+04	+0.729
154.800	+2.303e+03	+7.129e+03	+1.083e+04	+0.756
154.900	+1.876e+03	+7.431e+03	+1.036e+04	+0.798
155.000	+1.220e+03	+8.190e+03	+8.530e+03	+0.870
155.100	+5.139e+03	+5.705e+03	+9.975e+03	+0.526
155.200	+5.757e+03	+5.910e+03	+8.533e+03	+0.507
155.300	+4.218e+03	+4.694e+03	+8.599e+03	+0.527
155.400	+4.103e+03	+5.023e+03	+1.103e+04	+0.550
155.500	+3.892e+03	+4.595e+03	+9.519e+03	+0.541
155.600	+7.797e+03	+3.012e+03	+9.698e+03	+0.279
155.700	+7.496e+03	+2.796e+03	+1.017e+04	+0.272
155.800	+7.092e+03	+3.064e+03	+1.093e+04	+0.302
155.900	+8.028e+03	+2.688e+03	+1.022e+04	+0.251
156.000	+7.243e+03	+2.828e+03	+9.552e+03	+0.281
156.100	+8.324e+03	+2.969e+03	+1.135e+04	+0.263
156.200	+7.013e+03	+2.224e+03	+1.030e+04	+0.241
156.300	+5.884e+03	+2.956e+03	+1.046e+04	+0.334
156.400	+7.722e+03	+2.649e+03	+1.118e+04	+0.255
156.500	+8.063e+03	+2.599e+03	+1.044e+04	+0.244
156.600	+7.292e+03	+2.678e+03	+9.176e+03	+0.269
156.700	+7.901e+03	+2.017e+03	+1.028e+04	+0.203
156.800	+8.655e+03	+2.239e+03	+1.017e+04	+0.206
156.900	+7.472e+03	+1.639e+03	+9.370e+03	+0.180
157.000	+7.516e+03	+8.833e+02	+9.750e+03	+0.105
157.100	+5.253e+03	+4.041e+03	+1.002e+04	+0.435
157.200	+3.072e+03	+7.442e+03	+9.753e+03	+0.708
157.300	+2.093e+03	+7.924e+03	+1.105e+04	+0.791
157.400	+2.367e+03	+8.102e+03	+1.065e+04	+0.774
157.500	+4.313e+02	+7.003e+03	+1.027e+04	+0.942
157.600	+3.583e+03	+8.156e+03	+1.139e+04	+0.695
157.700	+1.848e+03	+6.276e+03	+1.017e+04	+0.772
157.800	+2.499e+03	+7.398e+03	+9.930e+03	+0.747
157.900	+2.834e+03	+8.630e+03	+1.039e+04	+0.753
158.000	+1.038e+03	+8.943e+03	+1.108e+04	+0.896
158.100	+2.456e+03	+8.418e+03	+1.075e+04	+0.774
158.200	+2.585e+03	+8.758e+03	+9.929e+03	+0.772
158.300	+2.208e+03	+8.327e+03	+9.857e+03	+0.790
158.400	+2.025e+03	+7.726e+03	+9.476e+03	+0.792
158.500	+1.484e+03	+6.380e+03	+1.096e+04	+0.811
158.600	+2.408e+03	+7.617e+03	+1.012e+04	+0.760
158.700	+1.005e+03	+6.738e+03	+9.852e+03	+0.870
158.800	+2.235e+03	+7.772e+03	+9.497e+03	+0.777
158.900	+3.040e+03	+9.260e+03	+9.053e+03	+0.753
159.000	+2.194e+03	+9.250e+03	+9.688e+03	+0.808
159.100	+3.773e+03	+6.057e+03	+9.868e+03	+0.616
159.200	+7.185e+03	+2.930e+03	+1.052e+04	+0.290
159.300	+7.508e+03	+2.595e+03	+1.012e+04	+0.257
159.400	+6.589e+03	+4.053e+03	+9.848e+03	+0.381
159.500	+4.870e+03	+4.412e+03	+1.113e+04	+0.475
159.600	+4.821e+03	+4.033e+03	+1.043e+04	+0.455
159.700	+4.434e+03	+5.130e+03	+9.287e+03	+0.536
159.800	+5.230e+03	+3.510e+03	+9.850e+03	+0.402
159.900	+4.914e+03	+5.479e+03	+9.580e+03	+0.527
160.000	+6.032e+03	+6.349e+03	+1.015e+04	+0.513
160.100	+3.150e+03	+3.484e+03	+9.908e+03	+0.525
160.200	+4.892e+03	+5.111e+03	+1.077e+04	+0.511
160.300	+5.007e+03	+4.378e+03	+1.027e+04	+0.467
160.400	+4.283e+03	+5.147e+03	+1.062e+04	+0.546
160.500	+3.830e+03	+6.134e+03	+1.016e+04	+0.616
160.600	+4.578e+03	+4.618e+03	+9.943e+03	+0.502
160.700	+6.024e+03	+4.643e+03	+1.083e+04	+0.435
160.800	+4.944e+03	+5.551e+03	+9.825e+03	+0.529
160.900	+3.750e+03	+5.200e+03	+9.992e+03	+0.581
161.000	+5.426e+03	+6.446e+03	+1.105e+04	+0.543
161.100	+7.901e+03	+4.796e+03	+9.465e+03	+0.378
161.200	+5.271e+03	+5.580e+03	+1.018e+04	+0.514
161.300	+3.659e+03	+3.796e+03	+1.028e+04	+0.509
161.400	+4.660e+03	+3.721e+03	+1.019e+04	+0.444
161.500	+5.208e+03	+6.173e+03	+9.859e+03	+0.542
161.600	+6.696e+03	+4.722e+03	+1.133e+04	+0.414
161.700	+5.872e+03	+6.018e+03	+9.052e+03	+0.506
161.800	+5.823e+03	+3.802e+03	+9.712e+03	+0.395
161.900	+5.416e+03	+4.818e+03	+1.141e+04	+0.471
162.000	+4.745e+03	+5.978e+03	+9.224e+03	+0.557
162.100	+5.208e+03	+5.019e+03	+9.938e+03	+0.491
162.200	+5.972e+03	+5.280e+03	+1.006e+04	+0.469
162.300	+5.141e+03	+5.698e+03	+1.016e+04	+0.526
162.400	+6.221e+03	+5.561e+03	+7.702e+03	+0.472
162.500	+4.180e+03	+4.050e+03	+9.915e+03	+0.492
162.600	+5.133e+03	+4.485e+03	+9.577e+03	+0.466
162.700	+4.405e+03	+4.322e+03	+8.905e+03	+0.495
162.800	+5.369e+03	+4.220e+03	+1.060e+04	+0.440
162.900	+4.689e+03	+4.762e+03	+9.587e+03	+0.504
163.000	+4.557e+03	+5.318e+03	+9.493e+03	+0.539
163.100	+4.734e+03	+4.564e+03	+9.068e+03	+0.491
163.200	+4.566e+03	+6.424e+03	+1.172e+04	+0.585
163.300	+5.208e+03	+4.462e+03	+1.118e+04	+0.461
163.400	+5.086e+03	+5.962e+03	+1.002e+04	+0.540
163.500	+5.341e+03	+6.103e+03	+9.532e+03	+0.533
163.600	+5.406e+03	+5.514e+03	+9.611e+03	+0.505
163.700	+4.264e+03	+5.933e+03	+1.040e+04	+0.582
163.800	+1.967e+03	+8.013e+03	+8.625e+03	+0.803
163.900	+2.349e+03	+8.482e+03	+1.212e+04	+0.783
164.000	+3.177e+03	+8.447e+03	+1.070e+04	+0.727
164.100	+2.662e+03	+9.045e+03	+8.949e+03	+0.773
164.200	+4.187e+03	+5.432e+03	+9.524e+03	+0.565
164.300	+4.242e+03	+5.353e+03	+1.032e+04	+0.558
164.400	+5.048e+03	+4.459e+03	+1.007e+04	+0.469
164.500	+5.214e+03	+3.716e+03	+9.855e+03	+0.416
164.600	+3.745e+03	+5.232e+03	+1.052e+04	+0.583
164.700	+4.744e+03	+5.909e+03	+1.081e+04	+0.555
164.800	+2.243e+03	+7.388e+03	+1.030e+04	+0.767
164.900	+2.163e+03	+8.983e+03	+1.146e+04	+0.806
165.000	+8.814e+02	+7.504e+03	+1.006e+04	+0.895
165.100	+1.785e+03	+7.150e+03	+9.737e+03	+0.800
165.200	+1.843e+03	+8.068e+03	+9.726e+03	+0.814
165.300	+2.171e+03	+9.370e+03	+1.027e+04	+0.812
165.400	+2.187e+03	+7.549e+03	+9.958e+03	+0.775
165.500	+1.993e+03	+8.522e+03	+8.775e+03	+0.810
165.600	+6.431e+02	+7.564e+03	+9.451e+03	+0.922
165.700	+1.946e+03	+7.383e+03	+9.741e+03	+0.791
165.800	+1.224e+03	+8.096e+03	+1.025e+04	+0.869
165.900	+1.196e+03	+7.571e+03	+9.829e+03	+0.864
166.000	+2.140e+03	+8.659e+03	+1.106e+04	+0.802
166.100	+9.115e+02	+7.667e+03	+1.082e+04	+0.894
166.200	+4.886e+02	+8.667e+03	+7.662e+03	+0.947
166.300	+2.647e+02	+7.939e+03	+1.017e+04	+0.968
166.400	+1.075e+03	+6.760e+03	+1.039e+04	+0.863
166.500	+1.887e+03	+8.812e+03	+1.057e+04	+0.824
166.600	+2.522e+03	+7.681e+03	+1.017e+04	+0.753
166.700	+6.305e+03	+3.733e+03	+9.868e+03	+0.372
166.800	+7.845e+03	+3.768e+03	+1.039e+04	+0.324
166.900	+7.077e+03	+3.001e+03	+9.180e+03	+0.298
167.000	+7.815e+03	+2.664e+03	+9.211e+03	+0.254
167.100	+7.086e+03	+2.148e+03	+9.892e+03	+0.233
167.200	+7.705e+03	+1.806e+03	+8.803e+03	+0.190
167.300	+6.796e+03	+2.262e+03	+9.781e+03	+0.250
167.400	+7.322e+03	+3.823e+03	+1.016e+04	+0.343
167.500	+6.958e+03	+2.816e+03	+9.609e+03	+0.288
167.600	+6.768e+03	+1.618e+03	+9.876e+03	+0.193
167.700	+7.536e+03	+2.319e+03	+9.469e+03	+0.235
167.800	+8.301e+03	+3.457e+03	+9.407e+03	+0.294
167.900	+7.644e+03	+3.436e+03	+1.081e+04	+0.310
168.000	+7.863e+03	+2.030e+03	+1.039e+04	+0.205
168.100	+7.862e+03	+1.964e+03	+1.061e+04	+0.200
168.200	+8.203e+03	+1.868e+03	+1.015e+04	+0.186
168.300	+7.754e+03	+1.749e+03	+9.952e+03	+0.184
168.400	+8.596e+03	+2.382e+03	+1.177e+04	+0.217
168.500	+7.593e+03	+2.050e+03	+9.228e+03	+0.213
168.600	+5.057e+03	+4.316e+03	+1.025e+04	+0.460
168.700	+4.590e+03	+4.685e+03	+1.029e+04	+0.505
168.800	+5.292e+03	+4.765e+03	+8.731e+03	+0.474
168.900	+5.089e+03	+4.506e+03	+8.746e+03	+0.470
169.000	+5.218e+03	+4.549e+03	+9.993e+03	+0.466
169.100	+4.812e+03	+3.899e+03	+1.025e+04	+0.448
169.200	+3.781e+03	+6.142e+03	+1.009e+04	+0.619
169.300	+2.833e+03	+8.131e+03	+1.053e+04	+0.742
169.400	+9.652e+02	+7.496e+03	+1.124e+04	+0.886
169.500	+2.442e+03	+8.216e+03	+1.061e+04	+0.771
169.600	+9.407e+02	+6.196e+03	+1.026e+04	+0.868
169.700	+3.976e+03	+6.692e+03	+9.444e+03	+0.627
169.800	+4.876e+03	+4.151e+03	+9.699e+03	+0.460
169.900	+4.935e+03	+4.299e+03	+1.020e+04	+0.466
170.000	+6.029e+03	+4.504e+03	+9.391e+03	+0.428
170.100	+5.068e+03	+3.443e+03	+1.045e+04	+0.405
170.200	+5.752e+03	+4.828e+03	+9.460e+03	+0.456
170.300	+5.229e+03	+6.099e+03	+1.104e+04	+0.538
170.400	+5.140e+03	+6.158e+03	+8.988e+03	+0.545
170.500	+4.262e+03	+5.066e+03	+9.471e+03	+0.543
170.600	+4.971e+03	+5.860e+03	+1.035e+04	+0.541
170.700	+5.714e+03	+5.474e+03	+9.878e+03	+0.489
170.800	+4.650e+03	+4.401e+03	+1.043e+04	+0.486
170.900	+3.893e+03	+5.842e+03	+9.880e+03	+0.600
171.000	+5.235e+03	+4.388e+03	+1.142e+04	+0.456
171.100	+5.376e+03	+4.993e+03	+9.212e+03	+0.482
171.200	+5.618e+03	+5.942e+03	+1.001e+04	+0.514
171.300	+5.309e+03	+4.992e+03	+8.272e+03	+0.485
171.400	+5.922e+03	+4.327e+03	+1.016e+04	+0.422
171.500	+4.904e+03	+5.806e+03	+1.023e+04	+0.542
171.600	+2.681e+03	+6.061e+03	+1.016e+04	+0.693
171.700	+2.636e+03	+7.836e+03	+1.005e+04	+0.748
171.800	+3.191e+03	+7.224e+03	+8.526e+03	+0.694
171.900	+2.739e+03	+7.917e+03	+9.501e+03	+0.743
172.000	+1.277e+03	+8.542e+03	+1.126e+04	+0.870
172.100	+2.228e+03	+8.862e+03	+1.020e+04	+0.799
172.200	+1.880e+02	+7.739e+03	+1.015e+04	+0.976
172.300	+9.700e+02	+7.463e+03	+9.206e+03	+0.885
172.400	+3.437e+03	+8.557e+03	+1.080e+04	+0.713
172.500	+1.812e+03	+7.400e+03	+1.037e+04	+0.803
172.600	+1.824e+03	+8.477e+03	+8.933e+03	+0.823
172.700	+1.875e+03	+8.859e+03	+8.973e+03	+0.825
172.800	+2.666e+03	+7.123e+03	+9.831e+03	+0.728
172.900	+2.285e+03	+8.074e+03	+9.479e+03	+0.779
173.000	+1.978e+03	+8.248e+03	+1.021e+04	+0.807
173.100	+2.981e+03	+7.363e+03	+9.345e+03	+0.712
173.200	+1.371e+03	+7.394e+03	+9.487e+03	+0.844
173.300	+3.172e+03	+7.313e+03	+9.471e+03	+0.697
173.400	+4.955e+03	+6.147e+03	+9.603e+03	+0.554
173.500	+5.924e+03	+5.675e+03	+1.057e+04	+0.489
173.600	+5.644e+03	+3.403e+03	+9.997e+03	+0.376
173.700	+5.209e+03	+5.749e+03	+1.013e+04	+0.525
173.800	+3.635e+03	+4.862e+03	+1.055e+04	+0.572
173.900	+5.264e+03	+5.143e+03	+8.333e+03	+0.494
174.000	+4.843e+03	+6.295e+03	+9.504e+03	+0.565
174.100	+2.537e+03	+6.555e+03	+1.118e+04	+0.721
174.200	+1.930e+03	+7.481e+03	+9.414e+03	+0.795
174.300	+1.881e+03	+7.040e+03	+9.577e+03	+0.789
174.400	+2.063e+03	+8.180e+03	+1.017e+04	+0.799
174.500	+2.951e+03	+8.278e+03	+1.022e+04	+0.737
174.600	+2.571e+03	+8.072e+03	+1.076e+04	+0.758
174.700	+1.404e+03	+6.917e+03	+9.483e+03	+0.831
174.800	+2.667e+03	+8.302e+03	+1.068e+04	+0.757
174.900	+1.220e+03	+6.967e+03	+1.077e+04	+0.851
175.000	+1.699e+03	+9.753e+03	+1.114e+04	+0.852
175.100	+1.737e+03	+9.662e+03	+1.001e+04	+0.848
175.200	+1.058e+03	+8.607e+03	+1.085e+04	+0.890
175.300	+1.693e+03	+8.609e+03	+9.415e+03	+0.836
175.400	+2.306e+03	+8.232e+03	+1.066e+04	+0.781
175.500	+2.265e+03	+7.053e+03	+1.044e+04	+0.757
175.600	+1.964e+03	+8.647e+03	+9.573e+03	+0.815
175.700	+3.061e+03	+6.666e+03	+9.934e+03	+0.685
175.800	+2.556e+03	+7.141e+03	+9.718e+03	+0.736
175.900	+1.049e+03	+8.405e+03	+1.008e+04	+0.889
176.000	+1.185e+03	+7.513e+03	+1.032e+04	+0.864
176.100	+1.698e+03	+7.650e+03	+9.809e+03	+0.818
176.200	+1.732e+03	+6.819e+03	+9.690e+03	+0.798
176.300	+3.807e+03	+7.778e+03	+1.043e+04	+0.671
176.400	+3.142e+03	+7.628e+03	+1.094e+04	+0.708
176.500	+1.960e+03	+8.920e+03	+1.003e+04	+0.820
176.600	+2.329e+03	+8.139e+03	+1.079e+04	+0.778
176.700	+2.376e+03	+8.490e+03	+1.004e+04	+0.781
176.800	+2.521e+03	+7.762e+03	+9.159e+03	+0.755
176.900	+3.768e+03	+8.889e+03	+9.519e+03	+0.702
177.000	+2.018e+03	+8.134e+03	+1.042e+04	+0.801
177.100	+2.031e+03	+7.803e+03	+1.041e+04	+0.793
177.200	+9.463e+02	+7.096e+03	+9.608e+03	+0.882
177.300	+2.420e+03	+7.333e+03	+8.287e+03	+0.752
177.400	+2.779e+03	+7.138e+03	+1.082e+04	+0.720
177.500	+2.209e+03	+7.755e+03	+1.112e+04	+0.778
177.600	+2.320e+03	+8.476e+03	+9.801e+03	+0.785
177.700	+2.517e+03	+7.732e+03	+9.046e+03	+0.754
177.800	+2.059e+03	+7.716e+03	+9.671e+03	+0.789
177.900	+1.460e+03	+8.543e+03	+9.885e+03	+0.854
178.000	+1.197e+03	+7.334e+03	+9.332e+03	+0.860
178.100	+2.335e+03	+6.217e+03	+9.408e+03	+0.727
178.200	+1.747e+03	+7.984e+03	+8.889e+03	+0.820
178.300	+2.390e+03	+8.748e+03	+9.556e+03	+0.785
178.400	+3.665e+03	+7.889e+03	+9.914e+03	+0.683
178.500	+4.403e+02	+8.645e+03	+9.998e+03	+0.952
178.600	+1.748e+03	+8.563e+03	+8.537e+03	+0.830
178.700	+1.502e+03	+7.074e+03	+1.058e+04	+0.825
178.800	+1.296e+03	+8.019e+03	+9.314e+03	+0.861
178.900	+8.641e+02	+6.893e+03	+9.413e+03	+0.889
179.000	+1.414e+03	+7.868e+03	+1.068e+04	+0.848
179.100	+2.664e+03	+6.200e+03	+1.058e+04	+0.699
179.200	+1.890e+03	+7.916e+03	+1.073e+04	+0.807
179.300	+2.296e+03	+7.386e+03	+9.203e+03	+0.763
179.400	+2.046e+03	+8.854e+03	+9.403e+03	+0.812
179.500	+3.040e+03	+6.953e+03	+1.049e+04	+0.696
179.600	+2.690e+03	+7.855e+03	+9.679e+03	+0.745
179.700	+2.634e+03	+8.799e+03	+1.020e+04	+0.770
179.800	+1.984e+03	+7.301e+03	+1.106e+04	+0.786
179.900	+2.131e+03	+7.291e+03	+1.054e+04	+0.774
180.000	+2.682e+03	+7.921e+03	+8.766e+03	+0.747
180.100	+2.298e+03	+8.959e+03	+9.778e+03	+0.796
180.200	+1.835e+03	+7.593e+03	+1.083e+04	+0.805
180.300	+1.542e+03	+8.294e+03	+9.691e+03	+0.843
180.400	+5.741e+03	+4.496e+03	+9.664e+03	+0.439
180.500	+6.819e+03	+3.033e+03	+1.072e+04	+0.308
180.600	+6.477e+03	+2.611e+03	+1.021e+04	+0.287
180.700	+8.371e+03	+2.316e+03	+1.024e+04	+0.217
180.800	+7.904e+03	+1.405e+03	+9.826e+03	+0.151
180.900	+6.773e+03	+1.807e+03	+1.057e+04	+0.211
181.000	+7.655e+03	+2.651e+03	+9.626e+03	+0.257
181.100	+8.407e+03	+2.736e+03	+9.849e+03	+0.246
181.200	+6.987e+03	+2.974e+03	+9.031e+03	+0.299
181.300	+8.177e+03	+3.261e+03	+8.724e+03	+0.285
181.400	+6.990e+03	+3.552e+03	+9.504e+03	+0.337
181.500	+8.572e+03	+3.670e+03	+9.992e+03	+0.300
181.600	+7.401e+03	+2.072e+03	+9.917e+03	+0.219
181.700	+8.868e+03	+2.385e+03	+9.598e+03	+0.212
181.800	+6.770e+03	+1.530e+03	+8.872e+03	+0.184
181.900	+6.921e+03	+2.873e+03	+9.924e+03	+0.293
182.000	+7.202e+03	+1.260e+03	+1.116e+04	+0.149
182.100	+7.348e+03	+1.343e+03	+1.047e+04	+0.155
182.200	+6.934e+03	+2.557e+03	+9.335e+03	+0.269
182.300	+7.731e+03	+2.113e+03	+1.052e+04	+0.215
182.400	+8.351e+03	+2.995e+03	+1.051e+04	+0.264
182.500	+8.238e+03	+1.723e+03	+9.280e+03	+0.173
182.600	+6.728e+03	+3.853e+03	+1.093e+04	+0.364
182.700	+6.600e+03	+2.565e+03	+8.789e+03	+0.280
182.800	+7.085e+03	+4.068e+03	+1.088e+04	+0.365
182.900	+3.765e+03	+4.119e+03	+9.973e+03	+0.522
183.000	+4.575e+03	+5.305e+03	+9.576e+03	+0.537
183.100	+3.786e+03	+5.229e+03	+9.981e+03	+0.580
183.200	+4.841e+03	+5.000e+03	+1.071e+04	+0.508
183.300	+6.045e+03	+5.551e+03	+1.006e+04	+0.479
183.400	+5.175e+03	+4.971e+03	+1.011e+04	+0.490
183.500	+7.484e+03	+2.340e+03	+1.082e+04	+0.238
183.600	+7.847e+03	+2.492e+03	+9.565e+03	+0.241
183.700	+7.576e+03	+1.980e+03	+9.260e+03	+0.207
183.800	+7.141e+03	+1.085e+03	+9.812e+03	+0.132
183.900	+7.152e+03	+2.213e+03	+1.092e+04	+0.236
184.000	+8.673e+03	+2.895e+03	+1.065e+04	+0.250
184.100	+6.598e+03	+3.675e+03	+1.048e+04	+0.358
184.200	+7.920e+03	+2.793e+03	+8.757e+03	+0.261
184.300	+6.555e+03	+1.528e+03	+1.032e+04	+0.189
184.400	+7.140e+03	+3.919e+03	+1.071e+04	+0.354
184.500	+6.287e+03	+1.076e+03	+1.131e+04	+0.146
184.600	+7.355e+03	+7.286e+02	+9.052e+03	+0.090
184.700	+6.797e+03	+2.926e+03	+8.088e+03	+0.301
184.800	+8.091e+03	+3.240e+03	+9.532e+03	+0.286
184.900	+7.331e+03	+3.594e+03	+1.031e+04	+0.329
185.000	+6.714e+03	+2.929e+03	+1.038e+04	+0.304
185.100	+7.996e+03	+3.340e+03	+1.144e+04	+0.295
185.200	+8.187e+03	+3.170e+03	+1.087e+04	+0.279
185.300	+6.708e+03	+2.665e+03	+1.028e+04	+0.284
185.400	+8.914e+03	+3.150e+03	+9.466e+03	+0.261
185.500	+7.680e+03	+5.512e+02	+8.328e+03	+0.067
185.600	+7.288e+03	+2.885e+03	+9.493e+03	+0.284
185.700	+8.019e+03	+2.595e+03	+1.126e+04	+0.244
185.800	+6.341e+03	+2.474e+03	+9.982e+03	+0.281
185.900	+7.165e+03	+2.455e+03	+8.945e+03	+0.255
186.000	+7.841e+03	+2.236e+03	+9.866e+03	+0.222
186.100	+9.041e+03	+2.030e+03	+9.189e+03	+0.183
186.200	+7.177e+03	+3.448e+03	+1.027e+04	+0.325
186.300	+8.555e+03	+3.717e+03	+9.843e+03	+0.303
186.400	+8.847e+03	+2.890e+03	+9.789e+03	+0.246
186.500	+7.525e+03	+3.192e+03	+9.402e+03	+0.298
186.600	+7.795e+03	+3.348e+03	+1.119e+04	+0.300
186.700	+7.773e+03	+3.509e+03	+1.117e+04	+0.311
186.800	+7.473e+03	+2.582e+03	+9.427e+03	+0.257
186.900	+6.747e+03	+1.721e+03	+1.095e+04	+0.203
187.000	+8.064e+03	+3.415e+03	+1.083e+04	+0.297
187.100	+6.708e+03	+3.413e+03	+1.105e+04	+0.337
187.200	+8.312e+03	+2.432e+03	+8.899e+03	+0.226
187.300	+6.714e+03	+4.498e+03	+1.077e+04	+0.401
187.400	+7.425e+03	+2.591e+03	+1.048e+04	+0.259
187.500	+8.053e+03	+2.102e+03	+1.002e+04	+0.207
187.600	+9.803e+03	+2.072e+03	+9.523e+03	+0.175
187.700	+7.626e+03	+3.278e+03	+9.784e+03	+0.301
187.800	+8.366e+03	+2.278e+03	+1.011e+04	+0.214
187.900	+6.982e+03	+2.303e+03	+1.058e+04	+0.248
188.000	+9.263e+03	+2.223e+03	+1.088e+04	+0.194
188.100	+6.290e+03	+2.667e+03	+1.006e+04	+0.298
188.200	+7.849e+03	+9.348e+02	+9.718e+03	+0.106
188.300	+7.173e+03	+3.205e+03	+9.227e+03	+0.309
188.400	+4.236e+03	+5.579e+03	+1.071e+04	+0.568
188.500	+2.466e+03	+8.374e+03	+1.047e+04	+0.773
188.600	+2.296e+03	+8.514e+03	+1.043e+04	+0.788
188.700	+3.655e+03	+6.607e+03	+1.015e+04	+0.644
188.800	+4.676e+03	+5.827e+03	+1.045e+04	+0.555
188.900	+5.595e+03	+6.273e+03	+1.071e+04	+0.529
189.000	+5.165e+03	+6.237e+03	+9.560e+03	+0.547
189.100	+4.833e+03	+4.126e+03	+1.072e+04	+0.461
189.200	+5.913e+03	+4.204e+03	+1.127e+04	+0.416
189.300	+5.032e+03	+5.193e+03	+1.017e+04	+0.508
189.400	+5.680e+03	+5.342e+03	+1.027e+04	+0.485
189.500	+4.589e+03	+3.715e+03	+8.951e+03	+0.447
189.600	+5.663e+03	+4.943e+03	+1.019e+04	+0.466
189.700	+4.656e+03	+5.064e+03	+1.022e+04	+0.521
189.800	+5.457e+03	+4.866e+03	+1.013e+04	+0.471
189.900	+5.247e+03	+4.472e+03	+1.034e+04	+0.460
190.000	+5.282e+03	+4.727e+03	+1.047e+04	+0.472
190.100	+4.474e+03	+3.854e+03	+9.614e+03	+0.463
190.200	+4.166e+03	+5.400e+03	+9.499e+03	+0.564
190.300	+5.514e+03	+5.100e+03	+8.132e+03	+0.480
190.400	+4.655e+03	+4.469e+03	+1.028e+04	+0.490
190.500	+5.814e+03	+6.357e+03	+1.021e+04	+0.522
190.600	+4.299e+03	+4.820e+03	+1.005e+04	+0.529
190.700	+5.393e+03	+3.462e+03	+1.093e+04	+0.391
190.800	+6.258e+03	+4.727e+03	+1.032e+04	+0.430
190.900	+4.391e+03	+5.901e+03	+9.928e+03	+0.573
191.000	+6.222e+03	+4.705e+03	+1.022e+04	+0.431
191.100	+4.369e+03	+5.583e+03	+1.002e+04	+0.561
191.200	+4.010e+03	+5.164e+03	+1.028e+04	+0.563
191.300	+4.636e+03	+4.755e+03	+9.696e+03	+0.506
191.400	+5.644e+03	+4.741e+03	+1.066e+04	+0.457
191.500	+6.188e+03	+5.460e+03	+9.517e+03	+0.469
191.600	+3.809e+03	+5.787e+03	+1.097e+04	+0.603
191.700	+4.250e+03	+4.793e+03	+1.008e+04	+0.530
191.800	+4.984e+03	+5.049e+03	+8.618e+03	+0.503
191.900	+4.706e+03	+3.322e+03	+1.015e+04	+0.414
192.000	+3.929e+03	+4.776e+03	+1.045e+04	+0.549
192.100	+5.718e+03	+5.757e+03	+9.753e+03	+0.502
192.200	+3.610e+03	+4.342e+03	+9.014e+03	+0.546
192.300	+5.809e+03	+6.078e+03	+9.557e+03	+0.511
192.400	+5.307e+03	+3.855e+03	+1.102e+04	+0.421
192.500	+4.644e+03	+4.314e+03	+9.756e+03	+0.482
192.600	+4.099e+03	+4.675e+03	+1.013e+04	+0.533
192.700	+5.299e+03	+6.118e+03	+9.738e+03	+0.536
192.800	+4.425e+03	+4.868e+03	+1.080e+04	+0.524
192.900	+5.398e+03	+4.396e+03	+9.791e+03	+0.449
193.000	+7.453e+03	+2.811e+03	+9.426e+03	+0.274
193.100	+7.531e+03	+2.124e+03	+9.920e+03	+0.220
193.200	+7.340e+03	+2.506e+03	+9.653e+03	+0.255
193.300	+6.830e+03	+2.354e+03	+9.373e+03	+0.256
193.400	+8.267e+03	+1.474e+03	+9.946e+03	+0.151
193.500	+7.961e+03	+9.964e+02	+9.827e+03	+0.111
193.600	+8.548e+03	+3.715e+03	+9.747e+03	+0.303
193.700	+7.282e+03	+2.433e+03	+9.296e+03	+0.250
193.800	+8.715e+03	+2.668e+03	+1.106e+04	+0.234
193.900	+7.248e+03	+3.498e+03	+9.829e+03	+0.326
194.000	+6.870e+03	+1.771e+03	+1.119e+04	+0.205
194.100	+7.439e+03	+3.567e+03	+1.024e+04	+0.324
194.200	+4.780e+03	+5.014e+03	+9.700e+03	+0.512
194.300	+5.250e+03	+5.564e+03	+9.731e+03	+0.515
194.400	+4.609e+03	+5.911e+03	+9.127e+03	+0.562
194.500	+4.625e+03	+3.886e+03	+1.079e+04	+0.457
194.600	+4.664e+03	+4.034e+03	+1.012e+04	+0.464
194.700	+4.665e+03	+3.582e+03	+9.891e+03	+0.434
194.800	+6.050e+03	+4.714e+03	+9.297e+03	+0.438
194.900	+3.692e+03	+5.365e+03	+1.032e+04	+0.592
195.000	+4.417e+03	+4.947e+03	+1.033e+04	+0.528
195.100	+5.902e+03	+4.210e+03	+9.432e+03	+0.416
195.200	+5.581e+03	+3.465e+03	+9.863e+03	+0.383
195.300	+4.020e+03	+4.790e+03	+1.165e+04	+0.544
195.400	+5.804e+03	+5.104e+03	+9.938e+03	+0.468
195.500	+4.309e+03	+4.997e+03	+1.071e+04	+0.537
195.600	+4.737e+03	+4.403e+03	+9.533e+03	+0.482
195.700	+5.291e+03	+4.800e+03	+1.082e+04	+0.476
195.800	+5.693e+03	+5.006e+03	+9.345e+03	+0.468
195.900	+4.956e+03	+5.671e+03	+1.028e+04	+0.534
196.000	+4.284e+03	+4.181e+03	+1.108e+04	+0.494
196.100	+4.717e+03	+5.662e+03	+1.029e+04	+0.545
196.200	+3.963e+03	+4.540e+03	+1.101e+04	+0.534
196.300	+4.313e+03	+5.067e+03	+9.267e+03	+0.540
196.400	+5.570e+03	+5.441e+03	+9.275e+03	+0.494
196.500	+4.319e+03	+3.303e+03	+9.376e+03	+0.433
196.600	+5.432e+03	+5.989e+03	+1.080e+04	+0.524
196.700	+5.421e+03	+5.936e+03	+9.942e+03	+0.523
196.800	+4.553e+03	+4.427e+03	+9.576e+03	+0.493
196.900	+4.252e+03	+4.832e+03	+1.114e+04	+0.532
197.000	+5.110e+03	+5.230e+03	+8.973e+03	+0.506
197.100	+6.731e+03	+5.875e+03	+1.045e+04	+0.466
197.200	+5.704e+03	+4.885e+03	+9.799e+03	+0.461
197.300	+4.231e+03	+4.400e+03	+8.296e+03	+0.510
197.400	+5.209e+03	+4.065e+03	+9.787e+03	+0.438
197.500	+4.663e+03	+5.642e+03	+9.576e+03	+0.548
197.600	+2.022e+03	+6.892e+03	+1.009e+04	+0.773
197.700	+1.858e+03	+8.798e+03	+1.022e+04	+0.826
197.800	+1.679e+03	+8.177e+03	+1.090e+04	+0.830
197.900	+1.538e+03	+8.312e+03	+1.085e+04	+0.844
198.000	+9.929e+02	+7.950e+03	+1.071e+04	+0.889
198.100	+2.344e+03	+9.016e+03	+1.063e+04	+0.794
198.200	+5.390e+02	+8.010e+03	+1.014e+04	+0.937
198.300	+2.930e+03	+5.636e+03	+1.039e+04	+0.658
198.400	+7.567e+03	+1.792e+03	+1.089e+04	+0.191
198.500	+7.413e+03	+3.569e+03	+1.082e+04	+0.325
198.600	+7.147e+03	+2.399e+03	+9.790e+03	+0.251
198.700	+7.042e+03	+2.900e+03	+9.800e+03	+0.292
198.800	+7.177e+03	+3.448e+03	+1.036e+04	+0.324
198.900	+7.574e+03	+2.326e+03	+9.695e+03	+0.235
199.000	+7.402e+03	+2.680e+03	+1.084e+04	+0.266
199.100	+6.891e+03	+3.052e+03	+1.056e+04	+0.307
199.200	+6.564e+03	+2.870e+03	+9.847e+03	+0.304
199.300	+8.022e+03	+2.930e+03	+1.025e+04	+0.268
199.400	+6.987e+03	+2.025e+03	+9.650e+03	+0.225
199.500	+8.367e+03	+2.546e+03	+9.394e+03	+0.233
199.600	+7.136e+03	+3.167e+03	+1.101e+04	+0.307
199.700	+6.423e+03	+2.152e+03	+1.162e+04	+0.251
199.800	+7.680e+03	+1.724e+03	+9.946e+03	+0.183
