%t (s)	Idd (a.u.)	Ida (a.u.)	Iaa (a.u.)	FRET E
0.000	+2.120e+03	+7.956e+03	+9.651e+03	+0.790
0.100	+1.696e+03	+7.761e+03	+9.194e+03	+0.821
0.200	+2.167e+03	+7.686e+03	+1.023e+04	+0.780
0.300	+1.842e+03	+6.965e+03	+1.012e+04	+0.791
0.400	+5.547e+02	+8.903e+03	+1.118e+04	+0.941
0.500	+5.929e+02	+7.524e+03	+1.004e+04	+0.927
0.600	+1.589e+03	+7.259e+03	+1.073e+04	+0.820
0.700	+2.463e+03	+8.942e+03	+1.146e+04	+0.784
0.800	+8.547e+02	+7.032e+03	+1.095e+04	+0.892
0.900	+2.016e+03	+9.265e+03	+1.113e+04	+0.821
1.000	+1.819e+03	+7.808e+03	+9.861e+03	+0.811
1.100	+2.059e+03	+7.955e+03	+9.851e+03	+0.794
1.200	+2.350e+03	+6.804e+03	+9.917e+03	+0.743
1.300	+2.203e+03	+6.545e+03	+9.829e+03	+0.748
1.400	+1.546e+03	+7.178e+03	+1.081e+04	+0.823
1.500	+2.397e+03	+8.908e+03	+9.932e+03	+0.788
1.600	+1.140e+03	+8.586e+03	+1.110e+04	+0.883
1.700	+2.313e+03	+7.771e+03	+9.469e+03	+0.771
1.800	+1.284e+03	+7.135e+03	+9.836e+03	+0.848
1.900	+2.321e+03	+7.656e+03	+9.604e+03	+0.767
2.000	+2.163e+03	+8.599e+03	+9.048e+03	+0.799
2.100	+3.850e+03	+6.404e+03	+1.002e+04	+0.625
2.200	+4.487e+03	+5.181e+03	+9.562e+03	+0.536
2.300	+5.106e+03	+5.787e+03	+1.050e+04	+0.531
2.400	+4.511e+03	+4.754e+03	+1.059e+04	+0.513
2.500	+4.945e+03	+5.871e+03	+9.823e+03	+0.543
2.600	+4.915e+03	+5.042e+03	+1.079e+04	+0.506
2.700	+4.085e+03	+5.515e+03	+9.881e+03	+0.574
2.800	+6.533e+03	+6.186e+03	+1.044e+04	+0.486
2.900	+4.751e+03	+5.408e+03	+9.783e+03	+0.532
3.000	+4.347e+03	+3.873e+03	+9.574e+03	+0.471
3.100	+4.724e+03	+4.582e+03	+9.949e+03	+0.492
3.200	+5.646e+03	+5.374e+03	+9.134e+03	+0.488
3.300	+5.976e+03	+4.459e+03	+1.077e+04	+0.427
3.400	+3.461e+03	+4.709e+03	+8.788e+03	+0.576
3.500	+3.946e+03	+6.299e+03	+9.790e+03	+0.615
3.600	+2.896e+03	+7.316e+03	+9.100e+03	+0.716
3.700	+1.721e+03	+7.904e+03	+9.595e+03	+0.821
3.800	+1.374e+03	+7.964e+03	+9.295e+03	+0.853
3.900	+1.942e+03	+8.106e+03	+8.869e+03	+0.807
4.000	+2.014e+03	+8.066e+03	+1.090e+04	+0.800
4.100	+1.111e+03	+7.284e+03	+9.306e+03	+0.868
4.200	+2.362e+03	+8.213e+03	+9.684e+03	+0.777
4.300	+2.887e+03	+8.073e+03	+9.857e+03	+0.737
4.400	+2.775e+03	+8.718e+03	+9.573e+03	+0.759
4.500	+1.670e+03	+7.514e+03	+9.382e+03	+0.818
4.600	+2.002e+03	+8.302e+03	+1.019e+04	+0.806
4.700	+2.011e+03	+8.288e+03	+1.013e+04	+0.805
4.800	+9.146e+02	+8.013e+03	+9.416e+03	+0.898
4.900	+1.684e+03	+7.361e+03	+8.969e+03	+0.814
5.000	+1.621e+03	+9.044e+03	+1.025e+04	+0.848
5.100	+1.744e+03	+7.152e+03	+9.955e+03	+0.804
5.200	+4.031e+03	+6.771e+03	+1.062e+04	+0.627
5.300	+4.961e+03	+4.205e+03	+1.000e+04	+0.459
5.400	+4.680e+03	+5.458e+03	+1.099e+04	+0.538
5.500	+4.703e+03	+4.901e+03	+9.753e+03	+0.510
5.600	+4.531e+03	+5.510e+03	+8.988e+03	+0.549
5.700	+4.019e+03	+5.465e+03	+9.151e+03	+0.576
5.800	+4.743e+03	+5.669e+03	+1.083e+04	+0.544
5.900	+4.816e+03	+4.183e+03	+1.014e+04	+0.465
6.000	+5.121e+03	+4.735e+03	+9.085e+03	+0.480
6.100	+5.418e+03	+6.552e+03	+1.085e+04	+0.547
6.200	+5.282e+03	+4.956e+03	+1.020e+04	+0.484
6.300	+4.593e+03	+6.713e+03	+9.211e+03	+0.594
6.400	+4.785e+03	+4.380e+03	+9.010e+03	+0.478
6.500	+4.754e+03	+4.629e+03	+8.661e+03	+0.493
6.600	+3.904e+03	+6.487e+03	+9.900e+03	+0.624
6.700	+2.183e+03	+7.858e+03	+9.574e+03	+0.783
6.800	+2.320e+03	+6.907e+03	+9.573e+03	+0.749
6.900	+5.995e+03	+5.036e+03	+9.527e+03	+0.457
7.000	+3.704e+03	+4.517e+03	+9.256e+03	+0.549
7.100	+5.950e+03	+5.050e+03	+1.109e+04	+0.459
7.200	+5.542e+03	+5.498e+03	+9.549e+03	+0.498
7.300	+3.779e+03	+7.213e+03	+1.001e+04	+0.656
7.400	+3.171e+03	+8.368e+03	+9.127e+03	+0.725
7.500	+2.450e+03	+9.230e+03	+1.182e+04	+0.790
7.600	+1.997e+03	+7.558e+03	+9.342e+03	+0.791
7.700	+2.411e+03	+9.260e+03	+1.033e+04	+0.793
7.800	+4.788e+03	+5.579e+03	+7.717e+03	+0.538
7.900	+4.740e+03	+3.390e+03	+1.165e+04	+0.417
8.000	+5.637e+03	+5.517e+03	+1.106e+04	+0.495
8.100	+4.896e+03	+4.391e+03	+8.913e+03	+0.473
8.200	+5.342e+03	+5.524e+03	+9.646e+03	+0.508
8.300	+4.653e+03	+4.020e+03	+1.047e+04	+0.464
8.400	+5.375e+03	+5.297e+03	+1.043e+04	+0.496
8.500	+5.368e+03	+4.649e+03	+1.067e+04	+0.464
8.600	+4.658e+03	+5.078e+03	+1.055e+04	+0.522
8.700	+4.885e+03	+4.937e+03	+1.029e+04	+0.503
8.800	+3.863e+03	+5.102e+03	+1.064e+04	+0.569
8.900	+4.275e+03	+4.125e+03	+9.473e+03	+0.491
9.000	+4.238e+03	+4.785e+03	+1.127e+04	+0.530
9.100	+4.335e+03	+4.206e+03	+9.523e+03	+0.492
9.200	+3.699e+03	+5.897e+03	+9.906e+03	+0.615
9.300	+5.173e+03	+6.290e+03	+8.157e+03	+0.549
9.400	+4.931e+03	+3.899e+03	+9.482e+03	+0.442
9.500	+4.217e+03	+5.542e+03	+9.475e+03	+0.568
9.600	+4.851e+03	+4.053e+03	+9.090e+03	+0.455
9.700	+3.478e+03	+4.677e+03	+9.924e+03	+0.574
9.800	+4.196e+03	+5.236e+03	+1.043e+04	+0.555
9.900	+5.250e+03	+4.698e+03	+1.089e+04	+0.472
10.000	+5.645e+03	+5.982e+03	+1.012e+04	+0.515
10.100	+4.960e+03	+4.667e+03	+1.020e+04	+0.485
10.200	+4.541e+03	+5.801e+03	+1.053e+04	+0.561
10.300	+5.332e+03	+6.235e+03	+9.953e+03	+0.539
10.400	+4.832e+03	+4.459e+03	+9.077e+03	+0.480
10.500	+4.894e+03	+5.888e+03	+1.057e+04	+0.546
10.600	+4.762e+03	+4.276e+03	+8.966e+03	+0.473
10.700	+4.721e+03	+5.975e+03	+1.051e+04	+0.559
10.800	+4.312e+03	+5.308e+03	+1.011e+04	+0.552
10.900	+5.161e+03	+2.766e+03	+8.262e+03	+0.349
11.000	+5.770e+03	+5.817e+03	+1.076e+04	+0.502
11.100	+5.739e+03	+4.771e+03	+9.766e+03	+0.454
11.200	+4.907e+03	+4.605e+03	+9.421e+03	+0.484
11.300	+6.001e+03	+4.781e+03	+9.035e+03	+0.443
11.400	+5.903e+03	+5.386e+03	+1.027e+04	+0.477
11.500	+4.956e+03	+4.724e+03	+9.177e+03	+0.488
11.600	+5.669e+03	+5.150e+03	+1.115e+04	+0.476
11.700	+4.617e+03	+4.975e+03	+1.019e+04	+0.519
11.800	+5.287e+03	+4.900e+03	+9.445e+03	+0.481
11.900	+4.960e+03	+4.978e+03	+9.391e+03	+0.501
12.000	+5.450e+03	+4.361e+03	+1.069e+04	+0.444
12.100	+4.594e+03	+5.624e+03	+9.450e+03	+0.550
12.200	+5.478e+03	+5.355e+03	+9.265e+03	+0.494
12.300	+5.922e+03	+5.624e+03	+1.017e+04	+0.487
12.400	+4.771e+03	+4.738e+03	+9.618e+03	+0.498
12.500	+4.306e+03	+4.435e+03	+1.113e+04	+0.507
12.600	+6.494e+03	+4.380e+03	+1.129e+04	+0.403
12.700	+5.127e+03	+4.915e+03	+9.637e+03	+0.489
12.800	+5.351e+03	+5.262e+03	+9.515e+03	+0.496
12.900	+4.155e+03	+5.112e+03	+1.091e+04	+0.552
13.000	+5.117e+03	+4.554e+03	+9.422e+03	+0.471
13.100	+4.468e+03	+5.337e+03	+9.372e+03	+0.544
13.200	+5.625e+03	+5.116e+03	+1.042e+04	+0.476
13.300	+3.435e+03	+4.191e+03	+1.161e+04	+0.550
13.400	+5.607e+03	+5.597e+03	+1.054e+04	+0.500
13.500	+6.815e+03	+5.832e+03	+9.299e+03	+0.461
13.600	+4.961e+03	+5.601e+03	+8.344e+03	+0.530
13.700	+5.860e+03	+4.811e+03	+9.269e+03	+0.451
13.800	+4.964e+03	+5.352e+03	+1.058e+04	+0.519
13.900	+4.476e+03	+5.106e+03	+1.094e+04	+0.533
14.000	+5.070e+03	+4.859e+03	+9.665e+03	+0.489
14.100	+5.938e+03	+5.275e+03	+1.030e+04	+0.470
14.200	+4.612e+03	+5.946e+03	+9.586e+03	+0.563
14.300	+5.199e+03	+3.724e+03	+1.047e+04	+0.417
14.400	+4.662e+03	+5.590e+03	+8.948e+03	+0.545
14.500	+4.252e+03	+6.497e+03	+9.937e+03	+0.604
14.600	+6.671e+03	+4.103e+03	+1.086e+04	+0.381
14.700	+5.845e+03	+4.841e+03	+1.033e+04	+0.453
14.800	+4.117e+03	+5.085e+03	+9.365e+03	+0.553
14.900	+5.827e+03	+5.284e+03	+1.055e+04	+0.476
15.000	+4.315e+03	+4.600e+03	+9.631e+03	+0.516
15.100	+4.984e+03	+4.846e+03	+1.116e+04	+0.493
15.200	+2.777e+03	+8.308e+03	+9.588e+03	+0.749
15.300	+1.334e+03	+7.750e+03	+9.613e+03	+0.853
15.400	+2.203e+03	+7.981e+03	+7.892e+03	+0.784
15.500	+1.716e+03	+9.450e+03	+1.025e+04	+0.846
15.600	+1.490e+03	+7.874e+03	+1.071e+04	+0.841
15.700	+2.216e+03	+8.328e+03	+1.019e+04	+0.790
15.800	+1.786e+03	+8.231e+03	+1.016e+04	+0.822
15.900	+1.998e+03	+8.038e+03	+1.060e+04	+0.801
16.000	+4.955e+03	+6.380e+03	+1.058e+04	+0.563
16.100	+4.373e+03	+5.497e+03	+9.130e+03	+0.557
16.200	+4.844e+03	+3.945e+03	+1.054e+04	+0.449
16.300	+5.440e+03	+4.161e+03	+9.190e+03	+0.433
16.400	+4.938e+03	+5.909e+03	+8.930e+03	+0.545
16.500	+4.861e+03	+5.145e+03	+1.025e+04	+0.514
16.600	+5.835e+03	+4.465e+03	+1.106e+04	+0.433
16.700	+4.953e+03	+4.511e+03	+9.040e+03	+0.477
16.800	+4.580e+03	+5.623e+03	+8.241e+03	+0.551
16.900	+1.595e+03	+9.094e+03	+1.069e+04	+0.851
17.000	+2.203e+03	+7.783e+03	+9.442e+03	+0.779
17.100	+3.422e+03	+6.315e+03	+9.622e+03	+0.649
17.200	+6.072e+03	+4.426e+03	+9.789e+03	+0.422
17.300	+5.565e+03	+4.796e+03	+9.920e+03	+0.463
17.400	+6.226e+03	+5.183e+03	+9.356e+03	+0.454
17.500	+3.743e+03	+4.570e+03	+9.623e+03	+0.550
17.600	+5.174e+03	+4.358e+03	+1.048e+04	+0.457
17.700	+5.378e+03	+5.679e+03	+1.029e+04	+0.514
17.800	+4.817e+03	+4.366e+03	+1.094e+04	+0.475
17.900	+4.262e+03	+5.051e+03	+9.718e+03	+0.542
18.000	+3.771e+03	+7.950e+03	+1.075e+04	+0.678
18.100	+2.681e+03	+8.926e+03	+9.114e+03	+0.769
18.200	+2.770e+03	+8.878e+03	+9.083e+03	+0.762
18.300	+2.759e+03	+8.665e+03	+1.001e+04	+0.758
18.400	+3.664e+03	+7.441e+03	+9.568e+03	+0.670
18.500	+2.852e+03	+8.107e+03	+9.527e+03	+0.740
18.600	+2.515e+03	+8.081e+03	+9.400e+03	+0.763
18.700	+2.154e+03	+8.085e+03	+9.878e+03	+0.790
18.800	+2.376e+03	+6.748e+03	+9.984e+03	+0.740
18.900	+1.933e+03	+7.602e+03	+1.030e+04	+0.797
19.000	+2.777e+03	+7.523e+03	+9.814e+03	+0.730
19.100	+1.821e+03	+8.392e+03	+1.028e+04	+0.822
19.200	+1.811e+03	+7.369e+03	+1.066e+04	+0.803
19.300	+2.159e+03	+8.589e+03	+9.101e+03	+0.799
19.400	+1.775e+03	+8.131e+03	+9.851e+03	+0.821
19.500	+2.585e+03	+7.251e+03	+8.871e+03	+0.737
19.600	+2.612e+03	+7.114e+03	+9.438e+03	+0.731
19.700	+6.608e+03	+2.196e+03	+1.074e+04	+0.249
19.800	+7.854e+03	+3.219e+03	+1.042e+04	+0.291
19.900	+8.472e+03	+3.661e+03	+8.825e+03	+0.302
20.000	+7.550e+03	+1.849e+03	+1.082e+04	+0.197
20.100	+7.802e+03	+2.400e+03	+1.062e+04	+0.235
20.200	+6.942e+03	+1.838e+03	+1.049e+04	+0.209
20.300	+8.028e+03	+2.670e+03	+1.017e+04	+0.250
20.400	+8.064e+03	+2.008e+03	+1.026e+04	+0.199
20.500	+9.134e+03	+2.994e+03	+9.495e+03	+0.247
20.600	+8.334e+03	+2.787e+03	+1.017e+04	+0.251
20.700	+7.781e+03	+3.972e+03	+9.808e+03	+0.338
20.800	+7.614e+03	+2.710e+03	+8.682e+03	+0.263
20.900	+7.708e+03	+2.478e+03	+9.655e+03	+0.243
21.000	+5.861e+03	+4.114e+03	+1.022e+04	+0.412
21.100	+4.599e+03	+4.629e+03	+9.632e+03	+0.502
21.200	+4.065e+03	+5.449e+03	+1.071e+04	+0.573
21.300	+4.682e+03	+5.864e+03	+1.107e+04	+0.556
21.400	+5.341e+03	+5.189e+03	+9.537e+03	+0.493
21.500	+2.499e+03	+7.751e+03	+1.044e+04	+0.756
21.600	+1.602e+03	+7.161e+03	+9.631e+03	+0.817
21.700	+1.901e+03	+7.892e+03	+1.065e+04	+0.806
21.800	+3.152e+03	+7.225e+03	+9.991e+03	+0.696
21.900	+5.796e+03	+5.612e+03	+1.014e+04	+0.492
22.000	+3.929e+03	+4.178e+03	+1.014e+04	+0.515
22.100	+4.282e+03	+6.631e+03	+8.948e+03	+0.608
22.200	+5.269e+03	+4.961e+03	+1.022e+04	+0.485
22.300	+4.992e+03	+5.266e+03	+9.772e+03	+0.513
22.400	+5.164e+03	+4.406e+03	+8.741e+03	+0.460
22.500	+4.867e+03	+5.244e+03	+9.759e+03	+0.519
22.600	+6.507e+03	+6.451e+03	+1.016e+04	+0.498
22.700	+4.489e+03	+4.710e+03	+9.395e+03	+0.512
22.800	+5.235e+03	+3.754e+03	+1.056e+04	+0.418
22.900	+4.235e+03	+4.177e+03	+1.088e+04	+0.497
23.000	+5.015e+03	+3.951e+03	+9.623e+03	+0.441
23.100	+4.889e+03	+4.696e+03	+9.557e+03	+0.490
23.200	+3.990e+03	+5.170e+03	+7.726e+03	+0.564
23.300	+4.911e+03	+4.636e+03	+9.363e+03	+0.486
23.400	+4.317e+03	+5.494e+03	+1.018e+04	+0.560
23.500	+5.683e+03	+6.005e+03	+1.118e+04	+0.514
23.600	+4.657e+03	+4.819e+03	+9.413e+03	+0.509
23.700	+3.360e+03	+4.880e+03	+1.002e+04	+0.592
23.800	+6.012e+03	+6.060e+03	+8.841e+03	+0.502
23.900	+6.180e+03	+4.777e+03	+1.053e+04	+0.436
24.000	+5.087e+03	+5.525e+03	+1.078e+04	+0.521
24.100	+4.427e+03	+4.959e+03	+9.324e+03	+0.528
24.200	+5.068e+03	+5.297e+03	+9.795e+03	+0.511
24.300	+5.244e+03	+4.579e+03	+1.014e+04	+0.466
24.400	+5.298e+03	+4.292e+03	+8.899e+03	+0.448
24.500	+5.273e+03	+5.731e+03	+9.704e+03	+0.521
24.600	+4.462e+03	+5.192e+03	+9.392e+03	+0.538
24.700	+5.136e+03	+6.333e+03	+9.416e+03	+0.552
24.800	+4.055e+03	+6.348e+03	+1.001e+04	+0.610
24.900	+1.562e+03	+7.693e+03	+1.033e+04	+0.831
25.000	+1.911e+03	+7.712e+03	+9.091e+03	+0.801
25.100	+2.842e+03	+8.495e+03	+9.327e+03	+0.749
25.200	+6.723e+02	+8.432e+03	+1.054e+04	+0.926
25.300	+2.278e+03	+8.548e+03	+1.073e+04	+0.790
25.400	+1.904e+03	+8.990e+03	+9.111e+03	+0.825
25.500	+2.711e+03	+8.795e+03	+1.054e+04	+0.764
25.600	+1.720e+03	+8.579e+03	+9.149e+03	+0.833
25.700	+2.112e+03	+9.769e+03	+9.932e+03	+0.822
25.800	+1.702e+03	+7.524e+03	+9.261e+03	+0.816
25.900	+3.248e+03	+6.480e+03	+9.990e+03	+0.666
26.000	+1.535e+03	+9.260e+03	+9.557e+03	+0.858
26.100	+1.358e+03	+7.178e+03	+1.093e+04	+0.841
26.200	+1.539e+03	+8.391e+03	+9.059e+03	+0.845
26.300	+2.003e+03	+7.605e+03	+8.121e+03	+0.791
26.400	+1.581e+03	+8.721e+03	+8.415e+03	+0.847
26.500	+3.129e+03	+8.348e+03	+9.535e+03	+0.727
26.600	+2.214e+03	+8.093e+03	+1.005e+04	+0.785
26.700	+1.881e+03	+7.534e+03	+1.095e+04	+0.800
26.800	+2.820e+03	+8.376e+03	+9.559e+03	+0.748
26.900	+3.322e+03	+7.648e+03	+1.048e+04	+0.697
27.000	+5.937e+02	+9.284e+03	+8.595e+03	+0.940
27.100	+2.230e+03	+8.100e+03	+9.841e+03	+0.784
27.200	+2.308e+03	+9.192e+03	+1.049e+04	+0.799
27.300	+2.229e+03	+8.432e+03	+9.709e+03	+0.791
27.400	+1.926e+03	+8.041e+03	+1.078e+04	+0.807
27.500	+9.590e+02	+8.042e+03	+8.922e+03	+0.893
27.600	+2.019e+03	+7.490e+03	+9.696e+03	+0.788
27.700	+2.345e+03	+8.886e+03	+9.222e+03	+0.791
27.800	+1.273e+03	+6.686e+03	+9.460e+03	+0.840
27.900	+2.669e+03	+8.447e+03	+9.681e+03	+0.760
28.000	+1.934e+03	+8.285e+03	+9.982e+03	+0.811
28.100	+7.215e+02	+7.244e+03	+9.827e+03	+0.909
28.200	+2.821e+03	+8.914e+03	+9.851e+03	+0.760
28.300	+1.378e+03	+7.821e+03	+1.038e+04	+0.850
28.400	+2.387e+03	+7.408e+03	+1.025e+04	+0.756
28.500	+1.929e+03	+8.477e+03	+9.561e+03	+0.815
28.600	+2.223e+03	+7.598e+03	+9.772e+03	+0.774
28.700	+2.502e+03	+8.394e+03	+1.043e+04	+0.770
28.800	+3.191e+03	+7.424e+03	+9.735e+03	+0.699
28.900	+2.234e+03	+6.782e+03	+9.919e+03	+0.752
29.000	+3.138e+03	+7.465e+03	+1.122e+04	+0.704
29.100	+1.297e+03	+7.916e+03	+9.657e+03	+0.859
29.200	+5.249e+02	+9.078e+03	+9.273e+03	+0.945
29.300	+1.678e+03	+9.057e+03	+9.950e+03	+0.844
29.400	+2.548e+03	+8.247e+03	+9.516e+03	+0.764
29.500	+4.172e+03	+6.164e+03	+9.854e+03	+0.596
29.600	+5.038e+03	+4.903e+03	+1.072e+04	+0.493
29.700	+4.969e+03	+5.711e+03	+1.004e+04	+0.535
29.800	+6.222e+03	+4.773e+03	+9.323e+03	+0.434
29.900	+5.101e+03	+3.486e+03	+9.577e+03	+0.406
30.000	+4.735e+03	+4.591e+03	+1.010e+04	+0.492
30.100	+4.172e+03	+4.923e+03	+9.651e+03	+0.541
30.200	+4.018e+03	+4.502e+03	+1.072e+04	+0.528
30.300	+3.734e+03	+4.743e+03	+9.292e+03	+0.559
30.400	+6.331e+03	+4.371e+03	+1.024e+04	+0.408
30.500	+3.325e+03	+5.505e+03	+1.054e+04	+0.623
30.600	+7.926e+03	+5.265e+03	+9.476e+03	+0.399
30.700	+5.121e+03	+4.063e+03	+9.368e+03	+0.442
30.800	+4.754e+03	+4.676e+03	+1.027e+04	+0.496
30.900	+7.223e+03	+3.031e+03	+1.018e+04	+0.296
31.000	+8.822e+03	+3.084e+03	+1.004e+04	+0.259
31.100	+7.377e+03	+1.580e+03	+9.401e+03	+0.176
31.200	+8.051e+03	+2.228e+03	+1.080e+04	+0.217
31.300	+7.452e+03	+2.161e+03	+9.274e+03	+0.225
31.400	+6.962e+03	+2.158e+03	+9.763e+03	+0.237
31.500	+6.371e+03	+3.057e+03	+9.740e+03	+0.324
31.600	+8.021e+03	+3.575e+03	+1.049e+04	+0.308
31.700	+8.454e+03	+2.773e+03	+8.814e+03	+0.247
31.800	+7.664e+03	+2.398e+03	+9.928e+03	+0.238
31.900	+7.137e+03	+3.605e+03	+9.746e+03	+0.336
32.000	+8.542e+03	+2.461e+03	+9.879e+03	+0.224
32.100	+8.649e+03	+3.022e+03	+9.050e+03	+0.259
32.200	+7.203e+03	+2.714e+03	+1.039e+04	+0.274
32.300	+9.088e+03	+1.483e+03	+8.885e+03	+0.140
32.400	+7.734e+03	+3.280e+03	+1.102e+04	+0.298
32.500	+9.038e+03	+2.576e+03	+1.051e+04	+0.222
32.600	+8.583e+03	+1.784e+03	+9.518e+03	+0.172
32.700	+7.112e+03	+1.477e+03	+1.018e+04	+0.172
32.800	+7.990e+03	+4.337e+03	+1.211e+04	+0.352
32.900	+8.265e+03	+3.264e+03	+1.005e+04	+0.283
33.000	+7.369e+03	+2.068e+03	+9.202e+03	+0.219
33.100	+7.925e+03	+3.081e+03	+9.473e+03	+0.280
33.200	+7.614e+03	+3.441e+03	+1.058e+04	+0.311
33.300	+6.531e+03	+2.021e+03	+9.023e+03	+0.236
33.400	+8.768e+03	+1.892e+03	+8.893e+03	+0.177
33.500	+7.264e+03	+2.015e+03	+9.542e+03	+0.217
33.600	+7.769e+03	+9.308e+02	+9.494e+03	+0.107
33.700	+5.861e+03	+2.885e+03	+1.005e+04	+0.330
33.800	+3.963e+03	+3.969e+03	+1.036e+04	+0.500
33.900	+5.383e+03	+4.926e+03	+8.580e+03	+0.478
34.000	+4.471e+03	+5.622e+03	+1.073e+04	+0.557
34.100	+5.365e+03	+5.103e+03	+1.115e+04	+0.487
34.200	+4.435e+03	+5.575e+03	+1.017e+04	+0.557
34.300	+6.375e+03	+5.431e+03	+1.028e+04	+0.460
34.400	+5.344e+03	+4.240e+03	+8.825e+03	+0.442
34.500	+4.882e+03	+3.735e+03	+1.072e+04	+0.433
34.600	+5.297e+03	+4.453e+03	+9.404e+03	+0.457
34.700	+5.737e+03	+4.010e+03	+9.548e+03	+0.411
34.800	+4.695e+03	+5.293e+03	+9.102e+03	+0.530
34.900	+5.703e+03	+5.037e+03	+9.540e+03	+0.469
35.000	+3.520e+03	+6.278e+03	+9.461e+03	+0.641
35.100	+2.489e+03	+8.936e+03	+1.083e+04	+0.782
35.200	+9.309e+02	+8.851e+03	+1.072e+04	+0.905
35.300	+2.872e+03	+7.755e+03	+9.872e+03	+0.730
35.400	+3.181e+03	+7.186e+03	+1.005e+04	+0.693
35.500	+2.547e+03	+7.680e+03	+9.969e+03	+0.751
35.600	+1.846e+03	+7.303e+03	+9.322e+03	+0.798
35.700	+1.793e+03	+7.538e+03	+1.015e+04	+0.808
35.800	+1.760e+03	+7.277e+03	+9.446e+03	+0.805
35.900	+2.091e+03	+7.886e+03	+1.079e+04	+0.790
36.000	+2.156e+03	+7.699e+03	+1.071e+04	+0.781
36.100	+2.953e+03	+6.635e+03	+1.044e+04	+0.692
36.200	+1.236e+03	+8.755e+03	+1.053e+04	+0.876
36.300	+2.939e+03	+9.607e+03	+1.083e+04	+0.766
36.400	+3.356e+02	+8.046e+03	+9.147e+03	+0.960
36.500	+3.620e+03	+7.311e+03	+1.060e+04	+0.669
36.600	+1.521e+03	+7.635e+03	+1.095e+04	+0.834
36.700	+2.564e+03	+8.379e+03	+1.098e+04	+0.766
36.800	+6.806e+02	+8.117e+03	+1.058e+04	+0.923
36.900	+2.034e+03	+6.941e+03	+1.059e+04	+0.773
37.000	+1.198e+03	+8.533e+03	+1.176e+04	+0.877
37.100	+1.130e+03	+7.145e+03	+8.383e+03	+0.863
37.200	+2.389e+03	+7.945e+03	+1.028e+04	+0.769
37.300	+2.239e+03	+7.353e+03	+1.011e+04	+0.767
37.400	+2.086e+03	+7.439e+03	+9.142e+03	+0.781
37.500	+1.884e+03	+8.571e+03	+1.042e+04	+0.820
37.600	+1.898e+03	+6.735e+03	+8.260e+03	+0.780
37.700	+2.743e+03	+9.211e+03	+9.600e+03	+0.771
37.800	+2.052e+03	+7.783e+03	+8.608e+03	+0.791
37.900	+1.472e+03	+7.688e+03	+1.008e+04	+0.839
38.000	+2.522e+03	+8.704e+03	+8.700e+03	+0.775
38.100	+1.399e+03	+8.131e+03	+1.026e+04	+0.853
38.200	+2.272e+03	+7.131e+03	+8.849e+03	+0.758
38.300	+2.475e+03	+7.361e+03	+9.568e+03	+0.748
38.400	+2.051e+03	+7.875e+03	+1.025e+04	+0.793
38.500	+6.869e+02	+7.812e+03	+9.958e+03	+0.919
38.600	+4.576e+03	+5.808e+03	+9.390e+03	+0.559
38.700	+4.367e+03	+5.175e+03	+1.124e+04	+0.542
38.800	+1.484e+03	+9.285e+03	+1.002e+04	+0.862
38.900	+2.515e+03	+8.142e+03	+9.513e+03	+0.764
39.000	+4.589e+03	+5.475e+03	+9.165e+03	+0.544
39.100	+4.512e+03	+5.297e+03	+1.056e+04	+0.540
39.200	+5.321e+03	+5.915e+03	+9.649e+03	+0.526
39.300	+5.064e+03	+5.520e+03	+9.833e+03	+0.522
39.400	+4.968e+03	+4.652e+03	+9.541e+03	+0.484
39.500	+5.434e+03	+5.792e+03	+1.074e+04	+0.516
39.600	+5.244e+03	+5.478e+03	+9.517e+03	+0.511
39.700	+4.962e+03	+5.174e+03	+9.711e+03	+0.510
39.800	+6.257e+03	+5.010e+03	+1.055e+04	+0.445
39.900	+4.820e+03	+4.738e+03	+1.056e+04	+0.496
40.000	+5.395e+03	+5.765e+03	+1.003e+04	+0.517
40.100	+5.798e+03	+4.068e+03	+9.601e+03	+0.412
40.200	+4.287e+03	+4.845e+03	+1.016e+04	+0.531
40.300	+5.051e+03	+4.318e+03	+1.075e+04	+0.461
40.400	+1.869e+03	+6.476e+03	+9.803e+03	+0.776
40.500	+1.927e+03	+8.830e+03	+1.075e+04	+0.821
40.600	+3.666e+03	+8.699e+03	+9.785e+03	+0.704
40.700	+1.976e+03	+8.909e+03	+9.919e+03	+0.818
40.800	+1.647e+03	+7.061e+03	+9.683e+03	+0.811
40.900	+2.389e+03	+8.450e+03	+1.023e+04	+0.780
41.000	+2.357e+03	+7.255e+03	+9.532e+03	+0.755
41.100	+2.339e+03	+8.388e+03	+9.242e+03	+0.782
41.200	+2.880e+03	+6.796e+03	+9.604e+03	+0.702
41.300	+2.279e+03	+8.978e+03	+1.028e+04	+0.798
41.400	+2.580e+03	+6.760e+03	+9.493e+03	+0.724
41.500	+4.806e+03	+4.531e+03	+1.030e+04	+0.485
41.600	+3.328e+03	+4.991e+03	+1.056e+04	+0.600
41.700	+5.947e+03	+5.772e+03	+1.050e+04	+0.493
41.800	+4.474e+03	+4.053e+03	+9.331e+03	+0.475
41.900	+4.609e+03	+5.071e+03	+1.041e+04	+0.524
42.000	+3.740e+03	+3.358e+03	+1.068e+04	+0.473
42.100	+4.190e+03	+4.467e+03	+1.041e+04	+0.516
42.200	+6.193e+03	+4.492e+03	+8.846e+03	+0.420
42.300	+6.032e+03	+4.499e+03	+9.948e+03	+0.427
42.400	+6.100e+03	+4.463e+03	+1.021e+04	+0.422
42.500	+5.171e+03	+5.699e+03	+1.075e+04	+0.524
42.600	+3.131e+03	+4.400e+03	+8.089e+03	+0.584
42.700	+5.676e+03	+5.271e+03	+9.867e+03	+0.481
42.800	+5.436e+03	+4.330e+03	+1.076e+04	+0.443
42.900	+3.743e+03	+6.511e+03	+1.052e+04	+0.635
43.000	+5.186e+03	+4.282e+03	+9.895e+03	+0.452
43.100	+4.768e+03	+4.318e+03	+1.011e+04	+0.475
43.200	+6.084e+03	+5.026e+03	+1.035e+04	+0.452
43.300	+5.922e+03	+4.261e+03	+1.062e+04	+0.418
43.400	+3.510e+03	+7.342e+03	+1.047e+04	+0.677
43.500	+4.589e+03	+5.535e+03	+1.169e+04	+0.547
43.600	+4.248e+03	+4.477e+03	+9.676e+03	+0.513
43.700	+5.538e+03	+5.395e+03	+9.508e+03	+0.493
43.800	+4.948e+03	+4.232e+03	+1.005e+04	+0.461
43.900	+5.494e+03	+6.487e+03	+9.793e+03	+0.541
44.000	+6.104e+03	+4.607e+03	+1.053e+04	+0.430
44.100	+5.323e+03	+5.021e+03	+9.725e+03	+0.485
44.200	+4.576e+03	+6.839e+03	+8.884e+03	+0.599
44.300	+5.800e+03	+4.347e+03	+1.134e+04	+0.428
44.400	+4.483e+03	+5.276e+03	+9.230e+03	+0.541
44.500	+4.168e+03	+5.133e+03	+1.025e+04	+0.552
44.600	+4.132e+03	+4.781e+03	+1.046e+04	+0.536
44.700	+5.072e+03	+6.559e+03	+1.009e+04	+0.564
44.800	+5.837e+03	+4.795e+03	+9.589e+03	+0.451
44.900	+4.535e+03	+5.060e+03	+9.684e+03	+0.527
45.000	+3.756e+03	+5.756e+03	+9.503e+03	+0.605
45.100	+4.261e+03	+5.044e+03	+1.111e+04	+0.542
45.200	+4.530e+03	+6.709e+03	+9.339e+03	+0.597
45.300	+4.058e+03	+5.188e+03	+8.860e+03	+0.561
45.400	+3.671e+03	+5.175e+03	+1.029e+04	+0.585
45.500	+4.046e+03	+4.550e+03	+1.100e+04	+0.529
45.600	+4.257e+03	+5.569e+03	+1.094e+04	+0.567
45.700	+5.279e+03	+3.790e+03	+8.679e+03	+0.418
45.800	+4.908e+03	+5.318e+03	+1.059e+04	+0.520
45.900	+5.172e+03	+4.476e+03	+1.053e+04	+0.464
46.000	+5.352e+03	+5.045e+03	+9.708e+03	+0.485
46.100	+6.188e+03	+5.133e+03	+1.018e+04	+0.453
46.200	+5.260e+03	+4.844e+03	+9.451e+03	+0.479
46.300	+6.313e+03	+4.902e+03	+1.135e+04	+0.437
46.400	+5.397e+03	+5.004e+03	+9.318e+03	+0.481
46.500	+3.929e+03	+3.987e+03	+9.308e+03	+0.504
46.600	+4.615e+03	+5.607e+03	+9.384e+03	+0.549
46.700	+4.450e+03	+4.820e+03	+9.408e+03	+0.520
46.800	+3.166e+03	+5.754e+03	+1.033e+04	+0.645
46.900	+5.955e+03	+5.450e+03	+1.011e+04	+0.478
47.000	+6.023e+03	+4.602e+03	+1.059e+04	+0.433
47.100	+4.913e+03	+4.887e+03	+1.014e+04	+0.499
47.200	+5.821e+03	+5.368e+03	+1.042e+04	+0.480
47.300	+5.505e+03	+4.791e+03	+1.031e+04	+0.465
47.400	+6.112e+03	+5.102e+03	+9.126e+03	+0.455
47.500	+4.671e+03	+4.545e+03	+1.063e+04	+0.493
47.600	+4.667e+03	+5.547e+03	+9.499e+03	+0.543
47.700	+4.606e+03	+4.549e+03	+8.827e+03	+0.497
47.800	+4.755e+03	+5.237e+03	+9.693e+03	+0.524
47.900	+5.335e+03	+3.965e+03	+1.152e+04	+0.426
48.000	+4.769e+03	+4.461e+03	+1.097e+04	+0.483
48.100	+6.062e+03	+5.631e+03	+1.003e+04	+0.482
48.200	+5.144e+03	+6.531e+03	+9.842e+03	+0.559
48.300	+4.968e+03	+5.745e+03	+1.024e+04	+0.536
48.400	+5.108e+03	+4.699e+03	+9.694e+03	+0.479
48.500	+4.279e+03	+5.939e+03	+1.004e+04	+0.581
48.600	+5.140e+03	+5.503e+03	+9.369e+03	+0.517
48.700	+4.610e+03	+4.567e+03	+1.163e+04	+0.498
48.800	+6.487e+03	+5.687e+03	+1.020e+04	+0.467
48.900	+5.724e+03	+4.463e+03	+9.525e+03	+0.438
49.000	+5.133e+03	+4.508e+03	+9.796e+03	+0.468
49.100	+7.334e+03	+4.555e+03	+9.452e+03	+0.383
49.200	+5.916e+03	+1.799e+03	+9.328e+03	+0.233
49.300	+7.114e+03	+2.337e+03	+1.096e+04	+0.247
49.400	+4.961e+03	+5.655e+03	+1.050e+04	+0.533
49.500	+4.772e+03	+4.314e+03	+1.012e+04	+0.475
49.600	+5.295e+03	+5.545e+03	+1.047e+04	+0.512
49.700	+5.322e+03	+4.377e+03	+1.005e+04	+0.451
49.800	+5.300e+03	+4.946e+03	+1.071e+04	+0.483
49.900	+6.261e+03	+5.369e+03	+1.075e+04	+0.462
50.000	+5.503e+03	+4.142e+03	+9.059e+03	+0.429
50.100	+5.579e+03	+6.123e+03	+1.080e+04	+0.523
50.200	+3.845e+03	+5.137e+03	+8.390e+03	+0.572
50.300	+4.650e+03	+5.065e+03	+1.027e+04	+0.521
50.400	+5.842e+03	+5.442e+03	+9.938e+03	+0.482
50.500	+6.246e+03	+5.030e+03	+9.626e+03	+0.446
50.600	+4.835e+03	+4.939e+03	+1.013e+04	+0.505
50.700	+4.335e+03	+5.981e+03	+1.051e+04	+0.580
50.800	+5.351e+03	+5.087e+03	+1.004e+04	+0.487
50.900	+4.672e+03	+3.430e+03	+1.065e+04	+0.423
51.000	+6.127e+03	+4.462e+03	+1.004e+04	+0.421
51.100	+5.709e+03	+6.068e+03	+9.412e+03	+0.515
51.200	+4.498e+03	+5.825e+03	+1.053e+04	+0.564
51.300	+5.151e+03	+4.902e+03	+8.812e+03	+0.488
51.400	+3.812e+03	+4.736e+03	+1.001e+04	+0.554
51.500	+5.936e+03	+5.125e+03	+9.561e+03	+0.463
51.600	+4.599e+03	+3.960e+03	+9.222e+03	+0.463
51.700	+4.495e+03	+4.780e+03	+9.190e+03	+0.515
51.800	+4.855e+03	+4.601e+03	+1.014e+04	+0.487
51.900	+5.216e+03	+5.060e+03	+9.923e+03	+0.492
52.000	+4.900e+03	+4.137e+03	+1.103e+04	+0.458
52.100	+5.814e+03	+5.113e+03	+9.738e+03	+0.468
52.200	+5.660e+03	+5.351e+03	+1.012e+04	+0.486
52.300	+3.872e+03	+5.333e+03	+1.077e+04	+0.579
52.400	+3.738e+03	+6.709e+03	+9.784e+03	+0.642
52.500	+6.006e+02	+8.276e+03	+9.902e+03	+0.932
52.600	+1.666e+03	+8.180e+03	+9.309e+03	+0.831
52.700	+2.668e+03	+7.237e+03	+9.064e+03	+0.731
52.800	+3.119e+03	+8.816e+03	+9.891e+03	+0.739
52.900	+2.426e+03	+7.630e+03	+1.021e+04	+0.759
53.000	+1.170e+03	+8.537e+03	+9.413e+03	+0.880
53.100	+1.247e+03	+7.681e+03	+1.048e+04	+0.860
53.200	+2.325e+03	+7.830e+03	+9.429e+03	+0.771
53.300	+2.012e+03	+9.724e+03	+9.641e+03	+0.829
53.400	+1.421e+03	+7.963e+03	+1.108e+04	+0.849
53.500	+1.315e+03	+8.449e+03	+1.129e+04	+0.865
53.600	+3.398e+03	+8.525e+03	+9.102e+03	+0.715
53.700	+1.727e+03	+8.133e+03	+1.044e+04	+0.825
53.800	+2.403e+03	+8.068e+03	+8.979e+03	+0.771
53.900	+1.942e+03	+9.180e+03	+1.034e+04	+0.825
54.000	+1.590e+03	+8.405e+03	+1.021e+04	+0.841
54.100	+2.598e+03	+8.044e+03	+9.872e+03	+0.756
54.200	+1.166e+03	+8.743e+03	+1.022e+04	+0.882
54.300	+2.838e+03	+8.025e+03	+9.667e+03	+0.739
54.400	+2.261e+03	+8.063e+03	+9.996e+03	+0.781
54.500	+1.741e+03	+8.377e+03	+1.020e+04	+0.828
54.600	+1.108e+03	+6.714e+03	+1.071e+04	+0.858
54.700	+2.322e+03	+6.506e+03	+9.889e+03	+0.737
54.800	+1.618e+03	+7.588e+03	+1.000e+04	+0.824
54.900	+2.581e+03	+7.615e+03	+9.729e+03	+0.747
55.000	+1.076e+03	+9.078e+03	+1.064e+04	+0.894
55.100	+9.780e+02	+8.060e+03	+9.382e+03	+0.892
55.200	+3.202e+03	+8.011e+03	+9.061e+03	+0.714
55.300	+1.957e+03	+8.800e+03	+9.735e+03	+0.818
55.400	+1.185e+03	+8.669e+03	+1.012e+04	+0.880
55.500	+6.394e+02	+7.344e+03	+9.739e+03	+0.920
55.600	+1.505e+03	+7.952e+03	+1.001e+04	+0.841
55.700	+8.291e+02	+8.367e+03	+1.017e+04	+0.910
55.800	+3.349e+03	+7.533e+03	+9.534e+03	+0.692
55.900	+1.845e+03	+7.329e+03	+1.000e+04	+0.799
56.000	+2.845e+03	+9.078e+03	+1.153e+04	+0.761
56.100	+1.374e+03	+8.779e+03	+9.314e+03	+0.865
56.200	+1.552e+03	+7.147e+03	+1.012e+04	+0.822
56.300	+3.414e+03	+8.049e+03	+9.939e+03	+0.702
56.400	+1.331e+03	+7.944e+03	+1.040e+04	+0.857
56.500	+1.938e+03	+7.226e+03	+1.020e+04	+0.788
56.600	+2.055e+03	+7.721e+03	+9.536e+03	+0.790
56.700	+3.047e+03	+8.036e+03	+8.907e+03	+0.725
56.800	+2.731e+03	+7.046e+03	+9.962e+03	+0.721
56.900	+3.168e+03	+7.863e+03	+9.407e+03	+0.713
57.000	+3.018e+03	+6.122e+03	+1.030e+04	+0.670
57.100	+1.610e+03	+7.740e+03	+1.027e+04	+0.828
57.200	+3.358e+03	+7.154e+03	+9.763e+03	+0.681
57.300	+1.877e+03	+7.666e+03	+9.577e+03	+0.803
57.400	+1.112e+03	+8.159e+03	+1.037e+04	+0.880
57.500	+7.740e+02	+7.795e+03	+9.759e+03	+0.910
57.600	+1.060e+03	+9.068e+03	+9.532e+03	+0.895
57.700	+1.499e+03	+6.449e+03	+9.285e+03	+0.811
57.800	+1.837e+03	+7.385e+03	+9.151e+03	+0.801
57.900	+2.007e+03	+8.707e+03	+1.007e+04	+0.813
58.000	+1.283e+03	+7.884e+03	+9.285e+03	+0.860
58.100	+1.669e+03	+7.707e+03	+8.889e+03	+0.822
58.200	+9.759e+02	+8.478e+03	+9.251e+03	+0.897
58.300	+1.953e+03	+7.963e+03	+1.011e+04	+0.803
58.400	+5.537e+02	+7.496e+03	+9.063e+03	+0.931
58.500	+2.455e+03	+7.269e+03	+1.065e+04	+0.748
58.600	+1.895e+03	+7.612e+03	+1.043e+04	+0.801
58.700	+1.414e+03	+8.321e+03	+9.388e+03	+0.855
58.800	+2.369e+03	+7.628e+03	+9.675e+03	+0.763
58.900	+1.672e+03	+7.361e+03	+1.008e+04	+0.815
59.000	+1.606e+03	+6.456e+03	+9.032e+03	+0.801
59.100	+1.833e+03	+8.750e+03	+9.598e+03	+0.827
59.200	+1.888e+03	+8.111e+03	+9.832e+03	+0.811
59.300	+1.306e+03	+8.177e+03	+1.041e+04	+0.862
59.400	+3.379e+03	+5.678e+03	+9.558e+03	+0.627
59.500	+5.267e+03	+4.973e+03	+1.044e+04	+0.486
59.600	+5.770e+03	+4.057e+03	+9.756e+03	+0.413
59.700	+5.366e+03	+5.220e+03	+1.067e+04	+0.493
59.800	+5.075e+03	+4.317e+03	+9.140e+03	+0.460
59.900	+5.882e+03	+5.582e+03	+9.929e+03	+0.487
60.000	+4.018e+03	+6.439e+03	+1.029e+04	+0.616
60.100	+2.038e+03	+8.268e+03	+9.645e+03	+0.802
60.200	+1.993e+03	+7.077e+03	+1.168e+04	+0.780
60.300	+2.813e+03	+6.841e+03	+9.241e+03	+0.709
60.400	+4.386e+03	+4.519e+03	+9.027e+03	+0.507
60.500	+5.467e+03	+4.356e+03	+1.048e+04	+0.443
60.600	+4.184e+03	+5.650e+03	+1.062e+04	+0.574
60.700	+5.013e+03	+5.196e+03	+1.088e+04	+0.509
60.800	+4.663e+03	+3.530e+03	+1.022e+04	+0.431
60.900	+4.165e+03	+4.007e+03	+1.107e+04	+0.490
61.000	+5.817e+03	+5.532e+03	+1.004e+04	+0.487
61.100	+4.778e+03	+5.784e+03	+1.014e+04	+0.548
61.200	+5.240e+03	+6.031e+03	+8.522e+03	+0.535
61.300	+5.498e+03	+5.445e+03	+1.055e+04	+0.498
61.400	+5.128e+03	+5.566e+03	+9.716e+03	+0.520
61.500	+5.376e+03	+5.539e+03	+8.876e+03	+0.508
61.600	+4.876e+03	+4.507e+03	+1.110e+04	+0.480
61.700	+5.286e+03	+5.176e+03	+9.734e+03	+0.495
61.800	+3.861e+03	+4.419e+03	+9.973e+03	+0.534
61.900	+5.346e+03	+3.510e+03	+9.489e+03	+0.396
62.000	+4.143e+03	+4.840e+03	+1.044e+04	+0.539
62.100	+4.579e+03	+4.417e+03	+1.004e+04	+0.491
62.200	+4.274e+03	+4.545e+03	+1.095e+04	+0.515
62.300	+5.191e+03	+4.310e+03	+1.041e+04	+0.454
62.400	+2.658e+03	+7.663e+03	+9.828e+03	+0.742
62.500	+1.952e+03	+8.412e+03	+9.443e+03	+0.812
62.600	+8.271e+02	+8.161e+03	+1.077e+04	+0.908
62.700	+3.429e+03	+7.417e+03	+1.019e+04	+0.684
62.800	+4.940e+03	+4.876e+03	+1.044e+04	+0.497
62.900	+4.750e+03	+5.288e+03	+9.462e+03	+0.527
63.000	+6.056e+03	+5.291e+03	+9.104e+03	+0.466
63.100	+4.065e+03	+5.015e+03	+8.989e+03	+0.552
63.200	+5.847e+03	+4.974e+03	+1.011e+04	+0.460
63.300	+4.094e+03	+3.793e+03	+9.665e+03	+0.481
63.400	+4.485e+03	+5.592e+03	+1.169e+04	+0.555
63.500	+4.225e+03	+5.583e+03	+8.550e+03	+0.569
63.600	+6.044e+03	+5.160e+03	+1.107e+04	+0.461
63.700	+3.731e+03	+4.645e+03	+1.061e+04	+0.555
63.800	+3.702e+03	+4.587e+03	+8.895e+03	+0.553
63.900	+5.564e+03	+4.545e+03	+9.133e+03	+0.450
64.000	+4.692e+03	+5.053e+03	+9.666e+03	+0.519
64.100	+6.033e+03	+5.533e+03	+9.218e+03	+0.478
64.200	+4.762e+03	+6.356e+03	+1.044e+04	+0.572
64.300	+4.635e+03	+3.302e+03	+1.027e+04	+0.416
64.400	+4.853e+03	+5.707e+03	+9.128e+03	+0.540
64.500	+3.982e+03	+4.518e+03	+1.074e+04	+0.532
64.600	+5.774e+03	+5.266e+03	+9.502e+03	+0.477
64.700	+5.543e+03	+4.868e+03	+1.067e+04	+0.468
64.800	+6.265e+03	+4.620e+03	+1.029e+04	+0.424
64.900	+4.285e+03	+4.530e+03	+9.801e+03	+0.514
65.000	+4.928e+03	+4.756e+03	+9.380e+03	+0.491
65.100	+4.403e+03	+5.171e+03	+1.070e+04	+0.540
65.200	+4.620e+03	+5.439e+03	+9.760e+03	+0.541
65.300	+5.189e+03	+4.885e+03	+8.990e+03	+0.485
65.400	+5.692e+03	+4.670e+03	+1.034e+04	+0.451
65.500	+4.372e+03	+5.203e+03	+8.634e+03	+0.543
65.600	+5.059e+03	+4.672e+03	+9.914e+03	+0.480
65.700	+5.002e+03	+4.475e+03	+9.235e+03	+0.472
65.800	+4.594e+03	+4.119e+03	+9.869e+03	+0.473
65.900	+5.164e+03	+4.415e+03	+1.059e+04	+0.461
66.000	+5.498e+03	+5.503e+03	+9.143e+03	+0.500
66.100	+4.529e+03	+4.913e+03	+1.020e+04	+0.520
66.200	+4.422e+03	+5.492e+03	+1.023e+04	+0.554
66.300	+3.816e+03	+5.435e+03	+9.353e+03	+0.587
66.400	+4.737e+03	+5.186e+03	+1.070e+04	+0.523
66.500	+5.779e+03	+3.462e+03	+9.523e+03	+0.375
66.600	+5.019e+03	+5.750e+03	+1.016e+04	+0.534
66.700	+3.888e+03	+4.923e+03	+1.025e+04	+0.559
66.800	+5.378e+03	+5.672e+03	+8.678e+03	+0.513
66.900	+5.846e+03	+4.972e+03	+9.668e+03	+0.460
67.000	+5.745e+03	+5.205e+03	+8.838e+03	+0.475
67.100	+3.813e+03	+5.084e+03	+1.112e+04	+0.571
67.200	+9.536e+02	+7.368e+03	+1.028e+04	+0.885
67.300	+2.510e+03	+7.418e+03	+1.120e+04	+0.747
67.400	+2.434e+03	+7.350e+03	+9.754e+03	+0.751
67.500	+1.638e+03	+7.754e+03	+9.871e+03	+0.826
67.600	+2.532e+03	+8.968e+03	+9.905e+03	+0.780
67.700	+1.288e+03	+7.554e+03	+8.735e+03	+0.854
67.800	+8.285e+02	+8.330e+03	+9.200e+03	+0.910
67.900	+2.844e+03	+8.024e+03	+9.469e+03	+0.738
68.000	+1.804e+03	+6.538e+03	+1.036e+04	+0.784
68.100	+1.359e+03	+8.080e+03	+8.843e+03	+0.856
68.200	+2.246e+03	+7.255e+03	+1.020e+04	+0.764
68.300	+1.687e+03	+7.296e+03	+1.012e+04	+0.812
68.400	+1.506e+03	+7.664e+03	+1.000e+04	+0.836
68.500	+1.669e+03	+7.431e+03	+9.719e+03	+0.817
68.600	+1.842e+03	+7.853e+03	+1.134e+04	+0.810
68.700	+1.555e+03	+6.861e+03	+1.103e+04	+0.815
68.800	+1.833e+03	+7.723e+03	+1.026e+04	+0.808
68.900	+7.431e+02	+7.695e+03	+9.888e+03	+0.912
69.000	+1.906e+03	+8.837e+03	+1.018e+04	+0.823
69.100	+9.818e+02	+7.852e+03	+9.161e+03	+0.889
69.200	+1.826e+03	+7.661e+03	+1.056e+04	+0.808
69.300	+2.458e+03	+8.929e+03	+8.584e+03	+0.784
69.400	+2.143e+03	+8.032e+03	+1.155e+04	+0.789
69.500	+1.902e+03	+8.349e+03	+1.045e+04	+0.814
69.600	+2.027e+03	+7.302e+03	+9.792e+03	+0.783
69.700	+1.930e+03	+7.984e+03	+1.004e+04	+0.805
69.800	+2.450e+03	+8.982e+03	+9.813e+03	+0.786
69.900	+2.134e+03	+7.224e+03	+9.994e+03	+0.772
70.000	+2.540e+03	+8.844e+03	+9.891e+03	+0.777
70.100	+1.129e+03	+8.388e+03	+9.725e+03	+0.881
70.200	+1.495e+03	+8.538e+03	+9.607e+03	+0.851
70.300	+2.066e+03	+8.701e+03	+8.868e+03	+0.808
70.400	+2.064e+03	+7.394e+03	+9.386e+03	+0.782
70.500	+1.037e+03	+8.526e+03	+1.073e+04	+0.892
70.600	+1.956e+03	+8.537e+03	+1.058e+04	+0.814
70.700	+3.245e+03	+7.573e+03	+1.015e+04	+0.700
70.800	+1.335e+03	+7.535e+03	+1.007e+04	+0.850
70.900	+1.174e+03	+8.112e+03	+9.599e+03	+0.874
71.000	+1.999e+03	+8.629e+03	+9.099e+03	+0.812
71.100	+1.821e+03	+6.648e+03	+9.213e+03	+0.785
71.200	+1.908e+03	+8.849e+03	+1.085e+04	+0.823
71.300	+3.001e+03	+9.118e+03	+1.104e+04	+0.752
71.400	+2.462e+03	+9.138e+03	+1.084e+04	+0.788
71.500	+1.488e+03	+9.082e+03	+9.814e+03	+0.859
71.600	+2.421e+03	+8.705e+03	+1.155e+04	+0.782
71.700	+2.394e+03	+8.384e+03	+9.629e+03	+0.778
71.800	+2.085e+03	+7.550e+03	+1.050e+04	+0.784
71.900	+1.958e+03	+7.452e+03	+1.152e+04	+0.792
72.000	+2.820e+03	+8.424e+03	+9.474e+03	+0.749
72.100	+5.970e+03	+4.897e+03	+9.335e+03	+0.451
72.200	+7.137e+03	+1.497e+03	+1.026e+04	+0.173
72.300	+7.558e+03	+1.884e+03	+1.042e+04	+0.200
72.400	+8.007e+03	+1.723e+03	+1.025e+04	+0.177
72.500	+7.439e+03	+1.440e+03	+1.100e+04	+0.162
72.600	+8.109e+03	+2.160e+03	+9.856e+03	+0.210
72.700	+8.263e+03	+2.889e+03	+9.040e+03	+0.259
72.800	+8.730e+03	+2.172e+03	+9.230e+03	+0.199
72.900	+7.370e+03	+2.249e+03	+1.004e+04	+0.234
73.000	+3.239e+03	+4.653e+03	+8.834e+03	+0.590
73.100	+4.205e+03	+4.002e+03	+8.703e+03	+0.488
73.200	+4.657e+03	+5.907e+03	+9.690e+03	+0.559
73.300	+5.094e+03	+4.958e+03	+8.753e+03	+0.493
73.400	+4.267e+03	+5.428e+03	+1.057e+04	+0.560
73.500	+5.546e+03	+5.331e+03	+9.584e+03	+0.490
73.600	+4.970e+03	+5.413e+03	+8.250e+03	+0.521
73.700	+4.822e+03	+4.967e+03	+9.814e+03	+0.507
73.800	+4.310e+03	+4.541e+03	+9.796e+03	+0.513
73.900	+6.586e+03	+4.990e+03	+9.462e+03	+0.431
74.000	+5.272e+03	+6.255e+03	+9.396e+03	+0.543
74.100	+4.889e+03	+5.016e+03	+1.055e+04	+0.506
74.200	+4.665e+03	+3.352e+03	+9.881e+03	+0.418
74.300	+5.228e+03	+6.025e+03	+9.332e+03	+0.535
74.400	+5.604e+03	+4.723e+03	+9.875e+03	+0.457
74.500	+3.886e+03	+4.416e+03	+1.040e+04	+0.532
74.600	+5.508e+03	+4.488e+03	+1.080e+04	+0.449
74.700	+4.809e+03	+5.102e+03	+9.603e+03	+0.515
74.800	+5.469e+03	+5.038e+03	+1.141e+04	+0.479
74.900	+4.457e+03	+4.920e+03	+1.060e+04	+0.525
75.000	+4.669e+03	+4.281e+03	+1.005e+04	+0.478
75.100	+5.865e+03	+6.210e+03	+9.912e+03	+0.514
75.200	+4.566e+03	+4.284e+03	+8.931e+03	+0.484
75.300	+4.550e+03	+5.882e+03	+1.004e+04	+0.564
75.400	+4.618e+03	+4.749e+03	+9.806e+03	+0.507
75.500	+3.525e+03	+5.106e+03	+1.093e+04	+0.592
75.600	+7.463e+03	+3.723e+03	+9.673e+03	+0.333
75.700	+8.018e+03	+3.205e+03	+9.107e+03	+0.286
75.800	+7.075e+03	+2.121e+03	+8.781e+03	+0.231
75.900	+6.539e+03	+2.828e+03	+1.075e+04	+0.302
76.000	+7.977e+03	+3.153e+03	+9.749e+03	+0.283
76.100	+7.978e+03	+2.563e+03	+1.074e+04	+0.243
76.200	+7.707e+03	+1.717e+03	+1.022e+04	+0.182
76.300	+7.438e+03	+8.422e+02	+8.328e+03	+0.102
76.400	+8.445e+03	+2.705e+03	+9.591e+03	+0.243
76.500	+8.044e+03	+1.540e+03	+1.022e+04	+0.161
76.600	+7.685e+03	+2.225e+03	+1.125e+04	+0.225
76.700	+6.884e+03	+2.529e+03	+9.478e+03	+0.269
76.800	+8.982e+03	+2.357e+03	+9.981e+03	+0.208
76.900	+8.102e+03	+2.434e+03	+8.664e+03	+0.231
77.000	+5.883e+03	+5.427e+03	+9.122e+03	+0.480
77.100	+3.517e+02	+8.542e+03	+1.088e+04	+0.960
77.200	+2.397e+03	+6.819e+03	+8.919e+03	+0.740
77.300	+3.511e+03	+8.902e+03	+1.032e+04	+0.717
77.400	+2.676e+03	+8.027e+03	+1.151e+04	+0.750
77.500	+1.885e+03	+7.822e+03	+9.702e+03	+0.806
77.600	+1.714e+03	+7.000e+03	+1.009e+04	+0.803
77.700	+2.294e+03	+5.557e+03	+1.042e+04	+0.708
77.800	+5.175e+03	+4.449e+03	+9.828e+03	+0.462
77.900	+4.770e+03	+5.193e+03	+9.415e+03	+0.521
78.000	+5.262e+03	+4.632e+03	+1.026e+04	+0.468
78.100	+6.184e+03	+4.568e+03	+9.918e+03	+0.425
78.200	+3.963e+03	+4.735e+03	+9.990e+03	+0.544
78.300	+4.724e+03	+5.152e+03	+1.146e+04	+0.522
78.400	+3.934e+03	+5.194e+03	+9.020e+03	+0.569
78.500	+6.088e+03	+5.600e+03	+1.007e+04	+0.479
78.600	+4.519e+03	+5.585e+03	+1.067e+04	+0.553
78.700	+5.948e+03	+4.803e+03	+1.022e+04	+0.447
78.800	+5.375e+03	+4.606e+03	+9.651e+03	+0.461
78.900	+5.678e+03	+4.158e+03	+9.596e+03	+0.423
79.000	+4.368e+03	+5.605e+03	+9.932e+03	+0.562
79.100	+4.959e+03	+5.642e+03	+1.048e+04	+0.532
79.200	+4.234e+03	+5.284e+03	+9.910e+03	+0.555
79.300	+6.088e+03	+3.811e+03	+1.039e+04	+0.385
79.400	+4.869e+03	+5.119e+03	+1.102e+04	+0.513
79.500	+4.563e+03	+4.500e+03	+1.045e+04	+0.496
79.600	+5.805e+03	+5.873e+03	+8.947e+03	+0.503
79.700	+5.580e+03	+5.311e+03	+1.137e+04	+0.488
79.800	+4.871e+03	+4.369e+03	+9.028e+03	+0.473
79.900	+5.769e+03	+4.333e+03	+1.059e+04	+0.429
80.000	+4.409e+03	+5.688e+03	+9.760e+03	+0.563
80.100	+5.430e+03	+5.783e+03	+1.081e+04	+0.516
80.200	+4.923e+03	+5.854e+03	+9.540e+03	+0.543
80.300	+4.757e+03	+5.229e+03	+9.625e+03	+0.524
80.400	+4.743e+03	+5.812e+03	+9.385e+03	+0.551
80.500	+2.749e+03	+9.327e+03	+9.540e+03	+0.772
80.600	+1.528e+03	+7.540e+03	+8.697e+03	+0.831
80.700	+2.333e+03	+8.313e+03	+9.930e+03	+0.781
80.800	+2.324e+03	+8.516e+03	+1.044e+04	+0.786
80.900	+9.924e+02	+8.636e+03	+1.038e+04	+0.897
81.000	+2.793e+03	+8.763e+03	+9.390e+03	+0.758
81.100	+2.730e+03	+8.820e+03	+9.875e+03	+0.764
81.200	+1.409e+03	+8.555e+03	+1.118e+04	+0.859
81.300	+5.579e+02	+7.362e+03	+9.594e+03	+0.930
81.400	+1.923e+03	+7.985e+03	+1.084e+04	+0.806
81.500	+1.497e+03	+8.357e+03	+1.028e+04	+0.848
81.600	+2.165e+03	+7.331e+03	+9.738e+03	+0.772
81.700	+1.714e+03	+8.528e+03	+1.021e+04	+0.833
81.800	+2.008e+03	+7.175e+03	+1.012e+04	+0.781
81.900	+1.753e+03	+8.292e+03	+1.000e+04	+0.825
82.000	+1.878e+03	+8.124e+03	+9.428e+03	+0.812
82.100	+8.155e+02	+8.210e+03	+9.092e+03	+0.910
82.200	+3.023e+03	+7.642e+03	+9.837e+03	+0.717
82.300	+4.467e+03	+5.646e+03	+1.083e+04	+0.558
82.400	+3.276e+03	+4.870e+03	+8.711e+03	+0.598
82.500	+5.916e+03	+5.476e+03	+9.811e+03	+0.481
82.600	+6.250e+03	+3.381e+03	+9.867e+03	+0.351
82.700	+5.746e+03	+4.182e+03	+9.002e+03	+0.421
82.800	+4.008e+03	+4.202e+03	+1.167e+04	+0.512
82.900	+6.094e+03	+5.681e+03	+9.908e+03	+0.482
83.000	+4.264e+03	+4.809e+03	+1.102e+04	+0.530
83.100	+4.099e+03	+4.389e+03	+9.322e+03	+0.517
83.200	+4.107e+03	+3.336e+03	+9.581e+03	+0.448
83.300	+5.201e+03	+5.247e+03	+9.946e+03	+0.502
83.400	+4.436e+03	+5.579e+03	+9.593e+03	+0.557
83.500	+4.180e+03	+3.829e+03	+9.963e+03	+0.478
83.600	+4.117e+03	+4.860e+03	+1.022e+04	+0.541
83.700	+4.800e+03	+5.333e+03	+1.002e+04	+0.526
83.800	+4.147e+03	+7.549e+03	+1.042e+04	+0.645
83.900	+1.316e+03	+8.583e+03	+1.086e+04	+0.867
84.000	+1.832e+03	+8.269e+03	+9.680e+03	+0.819
84.100	+6.660e+02	+7.360e+03	+1.073e+04	+0.917
84.200	+2.428e+03	+6.929e+03	+1.075e+04	+0.741
84.300	+2.646e+03	+8.197e+03	+9.995e+03	+0.756
84.400	+2.511e+03	+7.586e+03	+9.135e+03	+0.751
84.500	+1.443e+03	+7.748e+03	+9.671e+03	+0.843
84.600	+1.829e+03	+7.247e+03	+9.935e+03	+0.799
84.700	+1.969e+03	+8.241e+03	+9.999e+03	+0.807
84.800	+1.729e+03	+7.825e+03	+1.012e+04	+0.819
84.900	+1.745e+03	+8.242e+03	+1.009e+04	+0.825
85.000	+3.777e+03	+6.468e+03	+9.950e+03	+0.631
85.100	+5.127e+03	+4.961e+03	+1.075e+04	+0.492
85.200	+5.305e+03	+4.784e+03	+1.004e+04	+0.474
85.300	+4.496e+03	+5.601e+03	+9.792e+03	+0.555
85.400	+4.733e+03	+5.081e+03	+1.050e+04	+0.518
85.500	+5.218e+03	+3.777e+03	+1.016e+04	+0.420
85.600	+5.858e+03	+4.997e+03	+9.628e+03	+0.460
85.700	+4.890e+03	+4.263e+03	+9.886e+03	+0.466
85.800	+4.409e+03	+4.099e+03	+1.029e+04	+0.482
85.900	+3.920e+03	+5.943e+03	+1.016e+04	+0.603
86.000	+2.662e+03	+9.024e+03	+9.653e+03	+0.772
86.100	+2.044e+03	+8.091e+03	+1.080e+04	+0.798
86.200	+1.308e+03	+8.640e+03	+9.302e+03	+0.869
86.300	+5.042e+03	+4.576e+03	+9.397e+03	+0.476
86.400	+4.230e+03	+5.593e+03	+8.950e+03	+0.569
86.500	+3.147e+03	+8.670e+03	+1.054e+04	+0.734
86.600	+1.730e+03	+7.974e+03	+8.264e+03	+0.822
86.700	+1.901e+03	+8.238e+03	+9.664e+03	+0.813
86.800	+1.966e+03	+8.467e+03	+1.081e+04	+0.812
86.900	+1.666e+03	+8.548e+03	+1.007e+04	+0.837
87.000	+1.721e+03	+8.750e+03	+9.135e+03	+0.836
87.100	+2.768e+03	+7.645e+03	+1.043e+04	+0.734
87.200	+1.079e+03	+7.313e+03	+1.097e+04	+0.871
87.300	+1.645e+03	+8.704e+03	+1.028e+04	+0.841
87.400	+1.218e+03	+8.168e+03	+9.318e+03	+0.870
87.500	+1.952e+03	+9.049e+03	+1.146e+04	+0.823
87.600	+2.939e+03	+9.346e+03	+9.381e+03	+0.761
87.700	+1.472e+03	+8.747e+03	+1.018e+04	+0.856
87.800	+1.998e+03	+6.373e+03	+1.021e+04	+0.761
87.900	+2.551e+03	+7.523e+03	+9.967e+03	+0.747
88.000	+1.206e+03	+7.046e+03	+9.473e+03	+0.854
88.100	+2.463e+03	+7.573e+03	+1.027e+04	+0.755
88.200	+1.800e+03	+8.045e+03	+9.364e+03	+0.817
88.300	+3.229e+03	+6.423e+03	+1.046e+04	+0.665
88.400	+2.736e+03	+8.846e+03	+9.725e+03	+0.764
88.500	+2.213e+03	+7.938e+03	+1.059e+04	+0.782
88.600	+1.511e+03	+8.987e+03	+1.042e+04	+0.856
88.700	+2.416e+03	+8.227e+03	+1.130e+04	+0.773
88.800	+3.149e+03	+6.575e+03	+9.757e+03	+0.676
88.900	+2.504e+03	+7.197e+03	+1.098e+04	+0.742
89.000	+2.734e+03	+7.444e+03	+8.359e+03	+0.731
89.100	+1.991e+03	+8.739e+03	+1.055e+04	+0.814
89.200	+2.234e+03	+8.974e+03	+1.040e+04	+0.801
89.300	+1.828e+03	+7.761e+03	+1.063e+04	+0.809
89.400	+2.439e+03	+6.727e+03	+9.833e+03	+0.734
89.500	+1.368e+03	+7.724e+03	+1.075e+04	+0.850
89.600	+1.785e+03	+9.158e+03	+9.957e+03	+0.837
89.700	+1.593e+03	+5.661e+03	+9.741e+03	+0.780
89.800	+1.817e+03	+7.129e+03	+9.913e+03	+0.797
89.900	+1.085e+03	+7.736e+03	+9.938e+03	+0.877
90.000	+1.872e+03	+7.203e+03	+9.866e+03	+0.794
90.100	+3.558e+03	+7.011e+03	+1.040e+04	+0.663
90.200	+4.787e+02	+8.050e+03	+8.248e+03	+0.944
90.300	+2.702e+03	+8.217e+03	+1.031e+04	+0.753
90.400	+2.764e+03	+6.996e+03	+9.958e+03	+0.717
90.500	+1.293e+03	+9.182e+03	+9.829e+03	+0.877
90.600	+1.621e+03	+7.341e+03	+9.703e+03	+0.819
90.700	+2.065e+03	+8.101e+03	+1.067e+04	+0.797
90.800	+2.558e+03	+8.201e+03	+9.784e+03	+0.762
90.900	+1.985e+03	+7.810e+03	+9.633e+03	+0.797
91.000	+1.563e+03	+7.670e+03	+9.838e+03	+0.831
91.100	+1.489e+03	+9.456e+03	+9.771e+03	+0.864
91.200	+1.560e+03	+8.011e+03	+9.661e+03	+0.837
91.300	+2.604e+03	+6.987e+03	+1.235e+04	+0.728
91.400	+2.111e+03	+7.929e+03	+9.946e+03	+0.790
91.500	+1.673e+03	+7.980e+03	+1.107e+04	+0.827
91.600	+9.202e+02	+8.328e+03	+9.676e+03	+0.901
91.700	+1.196e+03	+7.323e+03	+9.259e+03	+0.860
91.800	+1.949e+03	+6.934e+03	+1.062e+04	+0.781
91.900	+2.597e+03	+7.354e+03	+9.954e+03	+0.739
92.000	+9.291e+02	+9.499e+03	+1.083e+04	+0.911
92.100	+2.250e+03	+7.640e+03	+1.082e+04	+0.772
92.200	+2.487e+03	+8.485e+03	+1.055e+04	+0.773
92.300	+6.739e+02	+9.756e+03	+9.408e+03	+0.935
92.400	+2.681e+03	+7.896e+03	+1.046e+04	+0.747
92.500	+2.936e+03	+7.913e+03	+1.014e+04	+0.729
92.600	+1.477e+03	+7.685e+03	+9.626e+03	+0.839
92.700	+5.604e+02	+8.151e+03	+9.973e+03	+0.936
92.800	+2.211e+03	+6.704e+03	+8.547e+03	+0.752
92.900	+1.761e+03	+8.572e+03	+9.877e+03	+0.830
93.000	+2.327e+03	+8.856e+03	+9.643e+03	+0.792
93.100	+1.294e+03	+8.280e+03	+9.866e+03	+0.865
93.200	+5.088e+02	+7.779e+03	+9.908e+03	+0.939
93.300	+2.629e+03	+7.663e+03	+1.139e+04	+0.745
93.400	+1.878e+03	+8.282e+03	+9.610e+03	+0.815
93.500	+2.253e+03	+7.528e+03	+9.613e+03	+0.770
93.600	+3.659e+03	+8.621e+03	+1.004e+04	+0.702
93.700	+2.490e+03	+7.434e+03	+9.825e+03	+0.749
93.800	+1.490e+03	+7.565e+03	+1.044e+04	+0.835
93.900	+1.669e+03	+7.493e+03	+9.124e+03	+0.818
94.000	+2.056e+03	+7.762e+03	+1.045e+04	+0.791
94.100	+2.377e+03	+7.393e+03	+1.058e+04	+0.757
94.200	+3.312e+03	+8.623e+03	+9.021e+03	+0.723
94.300	+1.258e+03	+8.024e+03	+9.132e+03	+0.865
94.400	+8.222e+02	+8.308e+03	+1.114e+04	+0.910
94.500	+2.711e+03	+7.222e+03	+1.076e+04	+0.727
94.600	+1.566e+03	+7.974e+03	+1.042e+04	+0.836
94.700	+3.614e+03	+7.967e+03	+1.091e+04	+0.688
94.800	+1.770e+03	+7.212e+03	+1.116e+04	+0.803
94.900	+2.138e+03	+8.806e+03	+9.175e+03	+0.805
95.000	+1.451e+03	+7.534e+03	+1.024e+04	+0.839
95.100	+2.951e+03	+7.251e+03	+1.076e+04	+0.711
95.200	+2.227e+03	+8.837e+03	+1.009e+04	+0.799
95.300	+4.934e+02	+8.658e+03	+1.089e+04	+0.946
95.400	+1.682e+03	+7.111e+03	+1.026e+04	+0.809
95.500	+2.078e+03	+7.412e+03	+1.123e+04	+0.781
95.600	+2.313e+03	+7.548e+03	+8.869e+03	+0.765
95.700	+1.894e+03	+7.936e+03	+1.104e+04	+0.807
95.800	+1.884e+03	+8.555e+03	+9.239e+03	+0.820
95.900	+2.320e+03	+8.588e+03	+1.042e+04	+0.787
96.000	+2.393e+03	+8.322e+03	+9.337e+03	+0.777
96.100	+2.071e+03	+8.123e+03	+9.780e+03	+0.797
96.200	+2.858e+03	+8.611e+03	+9.893e+03	+0.751
96.300	+3.132e+03	+8.408e+03	+1.039e+04	+0.729
96.400	+2.076e+03	+7.613e+03	+9.516e+03	+0.786
96.500	+2.497e+03	+8.253e+03	+1.052e+04	+0.768
96.600	+1.785e+03	+8.978e+03	+1.025e+04	+0.834
96.700	+1.132e+03	+8.685e+03	+1.022e+04	+0.885
96.800	+7.219e+03	+2.042e+03	+1.054e+04	+0.220
96.900	+6.807e+03	+2.312e+03	+9.622e+03	+0.254
97.000	+6.635e+03	+2.618e+03	+1.017e+04	+0.283
97.100	+7.429e+03	+3.694e+03	+9.885e+03	+0.332
97.200	+7.225e+03	+2.136e+03	+9.804e+03	+0.228
97.300	+6.255e+03	+3.568e+03	+1.039e+04	+0.363
97.400	+7.046e+03	+3.153e+03	+1.031e+04	+0.309
97.500	+7.935e+03	+1.750e+03	+9.599e+03	+0.181
97.600	+8.228e+03	+2.703e+03	+9.523e+03	+0.247
97.700	+7.600e+03	+2.053e+03	+1.097e+04	+0.213
97.800	+7.984e+03	+1.553e+03	+9.940e+03	+0.163
97.900	+8.694e+03	+2.688e+03	+1.013e+04	+0.236
98.000	+7.719e+03	+1.236e+03	+9.836e+03	+0.138
98.100	+7.072e+03	+2.393e+03	+1.076e+04	+0.253
98.200	+6.493e+03	+3.450e+03	+9.343e+03	+0.347
98.300	+7.749e+03	+2.409e+03	+9.090e+03	+0.237
98.400	+6.941e+03	+2.037e+03	+1.016e+04	+0.227
98.500	+6.960e+03	+2.407e+03	+1.103e+04	+0.257
98.600	+9.418e+03	+8.337e+02	+9.330e+03	+0.081
98.700	+7.689e+03	+2.835e+03	+9.919e+03	+0.269
98.800	+8.299e+03	+1.485e+03	+1.073e+04	+0.152
98.900	+7.514e+03	+1.449e+03	+9.792e+03	+0.162
99.000	+7.524e+03	+1.817e+03	+1.055e+04	+0.194
99.100	+8.965e+03	+2.609e+03	+9.686e+03	+0.225
99.200	+7.567e+03	+2.753e+03	+1.023e+04	+0.267
99.300	+6.745e+03	+3.226e+03	+9.063e+03	+0.324
99.400	+4.629e+03	+5.366e+03	+1.150e+04	+0.537
99.500	+4.872e+03	+3.733e+03	+9.453e+03	+0.434
99.600	+5.792e+03	+4.212e+03	+8.920e+03	+0.421
99.700	+4.185e+03	+6.033e+03	+1.013e+04	+0.590
99.800	+3.770e+03	+5.413e+03	+9.827e+03	+0.589
99.900	+3.707e+03	+4.807e+03	+9.217e+03	+0.565
100.000	+3.758e+03	+5.857e+03	+1.033e+04	+0.609
100.100	+4.658e+03	+4.812e+03	+9.904e+03	+0.508
100.200	+4.756e+03	+5.129e+03	+1.039e+04	+0.519
100.300	+4.520e+03	+5.359e+03	+9.335e+03	+0.543
100.400	+5.794e+03	+5.037e+03	+9.960e+03	+0.465
100.500	+4.715e+03	+5.770e+03	+8.880e+03	+0.550
100.600	+4.302e+03	+6.152e+03	+1.045e+04	+0.588
100.700	+4.447e+03	+4.521e+03	+9.407e+03	+0.504
100.800	+6.408e+03	+4.997e+03	+9.644e+03	+0.438
100.900	+5.263e+03	+5.380e+03	+1.017e+04	+0.506
101.000	+5.073e+03	+5.049e+03	+9.553e+03	+0.499
101.100	+5.403e+03	+5.230e+03	+9.716e+03	+0.492
101.200	+4.394e+03	+6.650e+03	+9.576e+03	+0.602
101.300	+5.723e+03	+4.578e+03	+8.889e+03	+0.444
101.400	+4.739e+03	+5.760e+03	+1.021e+04	+0.549
101.500	+4.920e+03	+3.785e+03	+9.327e+03	+0.435
101.600	+5.021e+03	+4.977e+03	+9.798e+03	+0.498
101.700	+4.911e+03	+5.999e+03	+9.927e+03	+0.550
101.800	+5.742e+03	+5.205e+03	+9.777e+03	+0.475
101.900	+5.796e+03	+3.704e+03	+1.076e+04	+0.390
102.000	+5.322e+03	+4.173e+03	+1.109e+04	+0.440
102.100	+5.048e+03	+4.560e+03	+9.738e+03	+0.475
102.200	+6.062e+03	+4.531e+03	+9.829e+03	+0.428
102.300	+4.651e+03	+5.521e+03	+9.972e+03	+0.543
102.400	+4.755e+03	+4.729e+03	+1.097e+04	+0.499
102.500	+4.460e+03	+5.695e+03	+8.856e+03	+0.561
102.600	+4.657e+03	+4.759e+03	+1.142e+04	+0.505
102.700	+5.466e+03	+6.059e+03	+1.016e+04	+0.526
102.800	+4.402e+03	+4.750e+03	+1.055e+04	+0.519
102.900	+5.091e+03	+5.781e+03	+9.627e+03	+0.532
103.000	+4.783e+03	+6.344e+03	+8.935e+03	+0.570
103.100	+3.845e+03	+5.205e+03	+1.018e+04	+0.575
103.200	+4.346e+03	+4.244e+03	+1.055e+04	+0.494
103.300	+5.684e+03	+5.748e+03	+9.896e+03	+0.503
103.400	+3.894e+03	+4.928e+03	+8.923e+03	+0.559
103.500	+4.500e+03	+4.054e+03	+1.071e+04	+0.474
103.600	+5.367e+03	+5.824e+03	+1.050e+04	+0.520
103.700	+5.945e+03	+5.775e+03	+1.044e+04	+0.493
103.800	+4.941e+03	+5.754e+03	+9.570e+03	+0.538
103.900	+5.452e+03	+5.255e+03	+1.008e+04	+0.491
104.000	+6.045e+03	+4.708e+03	+1.116e+04	+0.438
104.100	+5.254e+03	+5.421e+03	+1.084e+04	+0.508
104.200	+5.180e+03	+4.486e+03	+1.019e+04	+0.464
104.300	+4.677e+03	+4.855e+03	+9.435e+03	+0.509
104.400	+4.718e+03	+5.945e+03	+1.163e+04	+0.558
104.500	+5.337e+03	+4.808e+03	+9.175e+03	+0.474
104.600	+3.960e+03	+4.672e+03	+1.007e+04	+0.541
104.700	+5.489e+03	+5.722e+03	+9.474e+03	+0.510
104.800	+4.379e+03	+5.374e+03	+1.081e+04	+0.551
104.900	+4.462e+03	+5.253e+03	+1.027e+04	+0.541
105.000	+5.607e+03	+5.917e+03	+8.957e+03	+0.513
105.100	+4.836e+03	+5.061e+03	+9.498e+03	+0.511
105.200	+4.568e+03	+5.107e+03	+1.049e+04	+0.528
105.300	+5.478e+03	+5.376e+03	+1.078e+04	+0.495
105.400	+5.635e+03	+4.892e+03	+1.072e+04	+0.465
105.500	+5.016e+03	+4.917e+03	+8.385e+03	+0.495
105.600	+4.904e+03	+4.633e+03	+1.078e+04	+0.486
105.700	+3.965e+03	+6.424e+03	+1.073e+04	+0.618
105.800	+5.420e+03	+4.831e+03	+9.534e+03	+0.471
105.900	+4.908e+03	+5.222e+03	+9.929e+03	+0.516
106.000	+4.416e+03	+5.736e+03	+1.131e+04	+0.565
106.100	+4.856e+03	+4.658e+03	+9.784e+03	+0.490
106.200	+4.898e+03	+4.871e+03	+9.951e+03	+0.499
106.300	+5.848e+03	+5.009e+03	+1.057e+04	+0.461
106.400	+4.544e+03	+5.788e+03	+8.835e+03	+0.560
106.500	+5.163e+03	+5.178e+03	+1.146e+04	+0.501
106.600	+4.483e+03	+5.748e+03	+9.386e+03	+0.562
106.700	+4.582e+03	+5.046e+03	+1.073e+04	+0.524
106.800	+5.957e+03	+5.204e+03	+1.041e+04	+0.466
106.900	+5.151e+03	+4.928e+03	+1.009e+04	+0.489
107.000	+4.608e+03	+5.741e+03	+1.076e+04	+0.555
107.100	+6.485e+03	+5.365e+03	+1.030e+04	+0.453
107.200	+5.142e+03	+5.343e+03	+1.153e+04	+0.510
107.300	+5.155e+03	+4.812e+03	+9.472e+03	+0.483
107.400	+4.810e+03	+5.869e+03	+1.044e+04	+0.550
107.500	+4.945e+03	+4.937e+03	+1.039e+04	+0.500
107.600	+4.953e+03	+5.813e+03	+1.009e+04	+0.540
107.700	+4.972e+03	+5.528e+03	+1.014e+04	+0.526
107.800	+4.345e+03	+4.085e+03	+9.853e+03	+0.485
107.900	+4.637e+03	+6.506e+03	+9.270e+03	+0.584
108.000	+1.471e+03	+8.426e+03	+8.990e+03	+0.851
108.100	+1.959e+03	+6.763e+03	+9.548e+03	+0.775
108.200	+2.827e+03	+7.731e+03	+9.750e+03	+0.732
108.300	+2.013e+03	+7.750e+03	+1.036e+04	+0.794
108.400	+1.202e+03	+7.649e+03	+1.024e+04	+0.864
108.500	+2.140e+03	+9.409e+03	+9.489e+03	+0.815
108.600	+2.014e+03	+7.768e+03	+8.605e+03	+0.794
108.700	+8.665e+02	+9.703e+03	+1.050e+04	+0.918
108.800	+1.387e+03	+8.046e+03	+9.683e+03	+0.853
108.900	+2.743e+03	+8.419e+03	+8.972e+03	+0.754
109.000	+2.398e+03	+8.133e+03	+1.009e+04	+0.772
109.100	+2.141e+03	+7.874e+03	+9.630e+03	+0.786
109.200	+3.213e+03	+8.295e+03	+1.088e+04	+0.721
109.300	+3.075e+03	+7.887e+03	+1.005e+04	+0.720
109.400	+2.330e+03	+8.672e+03	+1.024e+04	+0.788
109.500	+2.172e+03	+7.848e+03	+9.537e+03	+0.783
109.600	+9.725e+02	+9.010e+03	+9.235e+03	+0.903
109.700	+4.849e+02	+8.378e+03	+8.930e+03	+0.945
109.800	+1.932e+03	+6.691e+03	+1.039e+04	+0.776
109.900	+2.889e+03	+8.218e+03	+1.094e+04	+0.740
110.000	+1.120e+03	+7.974e+03	+9.461e+03	+0.877
110.100	+1.785e+03	+8.332e+03	+9.907e+03	+0.824
110.200	+1.181e+03	+8.301e+03	+9.003e+03	+0.875
110.300	+1.004e+03	+7.815e+03	+9.323e+03	+0.886
110.400	+1.635e+03	+7.889e+03	+1.069e+04	+0.828
110.500	+1.501e+03	+7.460e+03	+9.601e+03	+0.832
110.600	+2.389e+03	+8.341e+03	+9.832e+03	+0.777
110.700	+1.596e+03	+8.430e+03	+9.596e+03	+0.841
110.800	+2.647e+03	+7.322e+03	+1.017e+04	+0.734
110.900	+2.807e+03	+7.317e+03	+1.053e+04	+0.723
111.000	+1.832e+03	+8.037e+03	+9.408e+03	+0.814
111.100	+1.869e+03	+7.521e+03	+9.340e+03	+0.801
111.200	+2.999e+03	+7.962e+03	+9.408e+03	+0.726
111.300	+1.336e+03	+7.759e+03	+1.068e+04	+0.853
111.400	+2.455e+03	+8.237e+03	+9.900e+03	+0.770
111.500	+3.295e+03	+7.520e+03	+9.340e+03	+0.695
111.600	+3.097e+03	+8.284e+03	+8.975e+03	+0.728
111.700	+1.154e+03	+8.685e+03	+9.016e+03	+0.883
111.800	+1.493e+03	+8.229e+03	+9.544e+03	+0.846
111.900	+3.350e+03	+8.853e+03	+8.841e+03	+0.725
112.000	+2.611e+03	+8.464e+03	+9.176e+03	+0.764
112.100	+2.420e+03	+8.159e+03	+9.812e+03	+0.771
112.200	+3.031e+03	+7.916e+03	+9.561e+03	+0.723
112.300	+1.634e+03	+7.962e+03	+1.049e+04	+0.830
112.400	+1.739e+03	+8.664e+03	+1.046e+04	+0.833
112.500	+1.884e+03	+7.584e+03	+9.796e+03	+0.801
112.600	+2.728e+03	+7.521e+03	+1.002e+04	+0.734
112.700	+1.115e+03	+8.391e+03	+1.053e+04	+0.883
112.800	+2.046e+03	+8.111e+03	+9.816e+03	+0.799
112.900	+1.972e+03	+7.168e+03	+1.248e+04	+0.784
113.000	+2.705e+03	+7.532e+03	+1.053e+04	+0.736
113.100	+1.264e+03	+6.840e+03	+1.035e+04	+0.844
113.200	+2.488e+03	+7.887e+03	+9.775e+03	+0.760
113.300	+1.877e+03	+7.620e+03	+8.690e+03	+0.802
113.400	+9.816e+02	+7.605e+03	+9.325e+03	+0.886
113.500	+1.745e+03	+6.951e+03	+1.041e+04	+0.799
113.600	+1.991e+03	+7.150e+03	+1.037e+04	+0.782
113.700	+1.442e+03	+8.593e+03	+8.863e+03	+0.856
113.800	+2.503e+03	+8.950e+03	+9.998e+03	+0.781
113.900	+2.104e+03	+8.766e+03	+8.356e+03	+0.806
114.000	+1.184e+03	+7.288e+03	+1.031e+04	+0.860
114.100	+2.152e+03	+8.194e+03	+1.093e+04	+0.792
114.200	+2.451e+03	+8.417e+03	+9.578e+03	+0.774
114.300	+2.305e+03	+7.970e+03	+1.028e+04	+0.776
114.400	+4.407e+02	+8.388e+03	+1.035e+04	+0.950
114.500	+2.755e+03	+6.928e+03	+8.889e+03	+0.715
114.600	+1.612e+03	+8.251e+03	+1.056e+04	+0.837
114.700	+1.372e+03	+7.731e+03	+1.058e+04	+0.849
114.800	+8.809e+02	+8.725e+03	+8.976e+03	+0.908
114.900	+1.475e+03	+8.239e+03	+1.019e+04	+0.848
115.000	+8.650e+02	+7.930e+03	+9.747e+03	+0.902
115.100	+2.682e+03	+7.265e+03	+9.985e+03	+0.730
115.200	+2.348e+03	+8.460e+03	+9.214e+03	+0.783
115.300	+1.871e+03	+7.987e+03	+9.876e+03	+0.810
115.400	+2.226e+03	+7.441e+03	+9.321e+03	+0.770
115.500	+2.001e+03	+8.247e+03	+1.114e+04	+0.805
115.600	+1.951e+03	+7.106e+03	+9.239e+03	+0.785
115.700	+2.474e+03	+8.539e+03	+8.876e+03	+0.775
115.800	+1.829e+03	+8.574e+03	+9.342e+03	+0.824
115.900	+1.505e+03	+6.682e+03	+1.090e+04	+0.816
116.000	+1.268e+03	+8.567e+03	+1.030e+04	+0.871
116.100	+2.379e+03	+7.791e+03	+9.547e+03	+0.766
116.200	+3.163e+03	+6.881e+03	+9.504e+03	+0.685
116.300	+1.763e+03	+8.227e+03	+9.242e+03	+0.823
116.400	+2.742e+03	+8.608e+03	+1.038e+04	+0.758
116.500	+1.887e+03	+7.202e+03	+1.084e+04	+0.792
116.600	+1.217e+03	+8.253e+03	+9.874e+03	+0.872
116.700	+1.866e+03	+7.460e+03	+1.021e+04	+0.800
116.800	+1.343e+03	+6.420e+03	+1.085e+04	+0.827
116.900	+1.318e+03	+8.606e+03	+9.689e+03	+0.867
117.000	+1.808e+03	+8.348e+03	+1.023e+04	+0.822
117.100	+1.809e+03	+9.069e+03	+1.021e+04	+0.834
117.200	+3.433e+02	+7.283e+03	+1.130e+04	+0.955
117.300	+1.703e+03	+7.576e+03	+1.037e+04	+0.817
117.400	+1.819e+03	+8.075e+03	+9.089e+03	+0.816
117.500	+1.719e+03	+7.138e+03	+1.116e+04	+0.806
117.600	+4.434e+02	+8.232e+03	+8.679e+03	+0.949
117.700	+2.214e+03	+8.300e+03	+9.217e+03	+0.789
117.800	+2.529e+03	+8.097e+03	+8.944e+03	+0.762
117.900	+2.024e+03	+8.257e+03	+1.003e+04	+0.803
118.000	+1.749e+03	+6.875e+03	+1.142e+04	+0.797
118.100	+3.899e+03	+5.807e+03	+1.009e+04	+0.598
118.200	+3.828e+03	+6.149e+03	+1.101e+04	+0.616
118.300	+5.179e+03	+4.615e+03	+9.612e+03	+0.471
118.400	+5.285e+03	+6.236e+03	+1.027e+04	+0.541
118.500	+5.889e+03	+4.322e+03	+9.644e+03	+0.423
118.600	+4.514e+03	+4.126e+03	+9.782e+03	+0.478
118.700	+5.199e+03	+5.422e+03	+9.944e+03	+0.511
118.800	+5.229e+03	+5.332e+03	+9.861e+03	+0.505
118.900	+5.195e+03	+6.074e+03	+1.045e+04	+0.539
119.000	+4.565e+03	+5.056e+03	+9.535e+03	+0.526
119.100	+4.783e+03	+5.191e+03	+9.978e+03	+0.520
119.200	+5.361e+03	+4.579e+03	+1.109e+04	+0.461
119.300	+4.897e+03	+5.340e+03	+1.010e+04	+0.522
119.400	+4.686e+03	+4.754e+03	+1.025e+04	+0.504
119.500	+5.608e+03	+5.564e+03	+1.007e+04	+0.498
119.600	+3.888e+03	+5.304e+03	+1.087e+04	+0.577
119.700	+6.142e+03	+4.981e+03	+1.035e+04	+0.448
119.800	+7.762e+03	+3.053e+03	+9.434e+03	+0.282
119.900	+5.899e+03	+2.508e+03	+9.120e+03	+0.298
120.000	+7.801e+03	+3.334e+03	+1.027e+04	+0.299
120.100	+6.902e+03	+2.459e+03	+1.093e+04	+0.263
120.200	+6.933e+03	+2.017e+03	+1.069e+04	+0.225
120.300	+7.009e+03	+2.434e+03	+9.758e+03	+0.258
120.400	+6.933e+03	+2.726e+03	+1.036e+04	+0.282
120.500	+8.488e+03	+2.830e+03	+1.011e+04	+0.250
120.600	+8.716e+03	+3.248e+03	+1.096e+04	+0.271
120.700	+8.180e+03	+3.028e+03	+1.103e+04	+0.270
120.800	+7.880e+03	+2.683e+03	+9.783e+03	+0.254
120.900	+7.556e+03	+3.481e+03	+9.688e+03	+0.315
121.000	+7.111e+03	+1.783e+03	+1.003e+04	+0.200
121.100	+7.803e+03	+1.945e+03	+9.562e+03	+0.200
121.200	+7.425e+03	+2.946e+03	+1.086e+04	+0.284
121.300	+6.995e+03	+2.639e+03	+9.927e+03	+0.274
121.400	+8.164e+03	+3.107e+03	+1.047e+04	+0.276
121.500	+7.195e+03	+3.427e+03	+9.234e+03	+0.323
121.600	+6.690e+03	+2.218e+03	+8.128e+03	+0.249
121.700	+7.355e+03	+2.574e+03	+1.014e+04	+0.259
121.800	+7.925e+03	+3.969e+03	+1.035e+04	+0.334
121.900	+7.567e+03	+1.910e+03	+1.050e+04	+0.202
122.000	+6.100e+03	+3.161e+03	+1.083e+04	+0.341
122.100	+8.627e+03	+2.110e+03	+1.004e+04	+0.196
122.200	+6.478e+03	+2.913e+03	+1.017e+04	+0.310
122.300	+6.902e+03	+3.359e+03	+8.852e+03	+0.327
122.400	+8.562e+03	+2.659e+03	+8.303e+03	+0.237
122.500	+7.404e+03	+1.850e+03	+9.302e+03	+0.200
122.600	+8.590e+03	+2.789e+03	+9.956e+03	+0.245
122.700	+7.449e+03	+2.904e+03	+9.670e+03	+0.280
122.800	+7.411e+03	+3.331e+03	+1.020e+04	+0.310
122.900	+6.849e+03	+1.739e+03	+9.553e+03	+0.202
123.000	+7.116e+03	+3.553e+03	+9.073e+03	+0.333
123.100	+8.638e+03	+2.894e+03	+9.213e+03	+0.251
123.200	+6.525e+03	+2.522e+03	+8.811e+03	+0.279
123.300	+8.860e+03	+2.521e+03	+1.047e+04	+0.222
123.400	+7.334e+03	+1.270e+03	+1.000e+04	+0.148
123.500	+7.396e+03	+4.098e+02	+1.060e+04	+0.052
123.600	+7.605e+03	+1.904e+03	+1.066e+04	+0.200
123.700	+6.925e+03	+1.293e+03	+1.043e+04	+0.157
123.800	+5.729e+03	+3.355e+03	+1.083e+04	+0.369
123.900	+6.907e+03	+2.298e+03	+9.794e+03	+0.250
124.000	+6.748e+03	+2.796e+03	+9.433e+03	+0.293
124.100	+5.191e+03	+5.375e+03	+1.086e+04	+0.509
124.200	+4.682e+03	+6.687e+03	+9.658e+03	+0.588
124.300	+5.340e+03	+4.110e+03	+1.043e+04	+0.435
124.400	+5.959e+03	+3.366e+03	+9.761e+03	+0.361
124.500	+4.139e+03	+4.197e+03	+1.044e+04	+0.503
124.600	+5.264e+03	+4.748e+03	+1.034e+04	+0.474
124.700	+3.686e+03	+5.367e+03	+1.035e+04	+0.593
124.800	+2.141e+03	+8.332e+03	+8.375e+03	+0.796
124.900	+1.968e+03	+7.174e+03	+1.055e+04	+0.785
125.000	+2.761e+03	+7.081e+03	+9.545e+03	+0.719
125.100	+2.528e+03	+7.471e+03	+1.043e+04	+0.747
125.200	+3.017e+03	+7.132e+03	+1.157e+04	+0.703
125.300	+2.263e+03	+7.242e+03	+1.046e+04	+0.762
125.400	+1.487e+03	+9.132e+03	+1.084e+04	+0.860
125.500	+2.984e+03	+8.869e+03	+9.935e+03	+0.748
125.600	+2.450e+03	+6.774e+03	+9.863e+03	+0.734
125.700	+3.120e+03	+7.958e+03	+1.060e+04	+0.718
125.800	+1.536e+03	+9.176e+03	+1.002e+04	+0.857
125.900	+2.101e+03	+6.066e+03	+1.098e+04	+0.743
126.000	+4.036e+03	+8.116e+03	+9.804e+03	+0.668
126.100	+8.685e+02	+7.684e+03	+1.066e+04	+0.898
126.200	+1.169e+03	+8.386e+03	+1.109e+04	+0.878
126.300	+2.907e+03	+9.262e+03	+1.093e+04	+0.761
126.400	+2.581e+03	+6.847e+03	+1.044e+04	+0.726
126.500	+7.169e+02	+8.634e+03	+1.081e+04	+0.923
126.600	+2.032e+03	+8.610e+03	+9.982e+03	+0.809
126.700	+1.839e+03	+9.114e+03	+9.407e+03	+0.832
126.800	+2.615e+03	+7.018e+03	+1.003e+04	+0.729
126.900	+1.522e+03	+8.682e+03	+9.455e+03	+0.851
127.000	+2.314e+03	+7.629e+03	+9.686e+03	+0.767
127.100	+2.314e+03	+7.968e+03	+9.566e+03	+0.775
127.200	+1.982e+03	+7.800e+03	+1.021e+04	+0.797
127.300	+1.580e+03	+8.539e+03	+1.010e+04	+0.844
127.400	+2.064e+03	+7.657e+03	+9.222e+03	+0.788
127.500	+1.725e+03	+7.394e+03	+9.516e+03	+0.811
127.600	+1.467e+03	+7.978e+03	+8.720e+03	+0.845
127.700	+2.961e+03	+7.126e+03	+9.004e+03	+0.706
127.800	+8.079e+03	+2.401e+03	+9.562e+03	+0.229
127.900	+7.675e+03	+2.227e+03	+1.067e+04	+0.225
128.000	+7.522e+03	+2.815e+03	+9.586e+03	+0.272
128.100	+7.364e+03	+2.485e+03	+1.081e+04	+0.252
128.200	+7.369e+03	+2.006e+03	+1.095e+04	+0.214
128.300	+7.217e+03	+2.074e+03	+9.943e+03	+0.223
128.400	+6.546e+03	+3.243e+03	+1.128e+04	+0.331
128.500	+7.990e+03	+3.433e+03	+9.667e+03	+0.301
128.600	+8.225e+03	+2.744e+03	+1.102e+04	+0.250
128.700	+7.089e+03	+2.116e+03	+9.921e+03	+0.230
128.800	+6.683e+03	+2.217e+03	+1.074e+04	+0.249
128.900	+7.026e+03	+2.375e+03	+1.078e+04	+0.253
129.000	+7.880e+03	+2.732e+03	+9.985e+03	+0.257
129.100	+7.934e+03	+2.607e+03	+8.556e+03	+0.247
129.200	+7.412e+03	+1.990e+03	+9.503e+03	+0.212
129.300	+3.850e+03	+5.296e+03	+1.109e+04	+0.579
129.400	+5.556e+03	+4.986e+03	+9.990e+03	+0.473
129.500	+6.559e+03	+6.047e+03	+1.056e+04	+0.480
129.600	+5.233e+03	+5.978e+03	+1.029e+04	+0.533
129.700	+4.812e+03	+4.832e+03	+9.700e+03	+0.501
129.800	+2.064e+03	+7.850e+03	+1.071e+04	+0.792
129.900	+6.582e+03	+2.214e+03	+1.076e+04	+0.252
130.000	+7.017e+03	+1.937e+03	+1.061e+04	+0.216
130.100	+7.099e+03	+3.342e+03	+1.038e+04	+0.320
130.200	+7.165e+03	+2.160e+03	+1.004e+04	+0.232
130.300	+5.706e+03	+3.078e+03	+1.029e+04	+0.350
130.400	+8.357e+03	+2.862e+03	+8.731e+03	+0.255
130.500	+7.916e+03	+2.594e+03	+1.001e+04	+0.247
130.600	+7.407e+03	+2.676e+03	+9.824e+03	+0.265
130.700	+7.667e+03	+2.248e+03	+9.844e+03	+0.227
130.800	+8.476e+03	+9.067e+02	+1.084e+04	+0.097
130.900	+8.113e+03	+2.779e+03	+1.100e+04	+0.255
131.000	+7.610e+03	+1.571e+03	+9.886e+03	+0.171
131.100	+7.290e+03	+2.409e+03	+9.974e+03	+0.248
131.200	+7.571e+03	+2.098e+03	+9.834e+03	+0.217
131.300	+6.765e+03	+9.049e+02	+1.038e+04	+0.118
131.400	+5.402e+03	+3.224e+03	+9.959e+03	+0.374
131.500	+5.967e+03	+3.271e+03	+1.092e+04	+0.354
131.600	+5.363e+03	+5.707e+03	+8.938e+03	+0.516
131.700	+5.642e+03	+4.724e+03	+8.555e+03	+0.456
131.800	+5.665e+03	+5.466e+03	+1.024e+04	+0.491
131.900	+3.958e+03	+3.813e+03	+1.047e+04	+0.491
132.000	+5.600e+03	+4.250e+03	+9.358e+03	+0.431
132.100	+4.945e+03	+4.568e+03	+1.006e+04	+0.480
132.200	+6.264e+03	+5.489e+03	+1.082e+04	+0.467
132.300	+5.212e+03	+4.391e+03	+1.092e+04	+0.457
132.400	+3.980e+03	+6.560e+03	+9.422e+03	+0.622
132.500	+2.400e+03	+6.782e+03	+1.030e+04	+0.739
132.600	+4.440e+03	+6.341e+03	+9.626e+03	+0.588
132.700	+4.689e+03	+4.855e+03	+8.595e+03	+0.509
132.800	+5.265e+03	+5.024e+03	+1.056e+04	+0.488
132.900	+5.007e+03	+5.770e+03	+1.032e+04	+0.535
133.000	+4.529e+03	+6.094e+03	+9.528e+03	+0.574
133.100	+5.298e+03	+5.365e+03	+1.010e+04	+0.503
133.200	+6.719e+03	+4.667e+03	+9.762e+03	+0.410
133.300	+5.572e+03	+5.464e+03	+1.043e+04	+0.495
133.400	+4.500e+03	+3.348e+03	+1.052e+04	+0.427
133.500	+5.389e+03	+4.752e+03	+1.083e+04	+0.469
133.600	+4.670e+03	+4.908e+03	+9.513e+03	+0.512
133.700	+5.057e+03	+4.594e+03	+1.071e+04	+0.476
133.800	+3.667e+03	+4.943e+03	+1.024e+04	+0.574
133.900	+4.791e+03	+3.962e+03	+9.304e+03	+0.453
134.000	+6.322e+03	+4.877e+03	+1.073e+04	+0.435
134.100	+4.504e+03	+4.910e+03	+9.146e+03	+0.522
134.200	+3.955e+03	+4.060e+03	+9.892e+03	+0.507
134.300	+5.902e+03	+4.616e+03	+1.004e+04	+0.439
134.400	+4.600e+03	+5.300e+03	+1.081e+04	+0.535
134.500	+5.568e+03	+5.560e+03	+1.059e+04	+0.500
134.600	+5.362e+03	+7.126e+03	+1.022e+04	+0.571
134.700	+3.850e+03	+5.571e+03	+1.129e+04	+0.591
134.800	+4.913e+03	+4.721e+03	+1.011e+04	+0.490
134.900	+5.092e+03	+4.683e+03	+9.520e+03	+0.479
135.000	+4.843e+03	+5.444e+03	+9.765e+03	+0.529
135.100	+5.171e+03	+6.159e+03	+9.857e+03	+0.544
135.200	+4.616e+03	+4.984e+03	+1.048e+04	+0.519
135.300	+4.868e+03	+5.274e+03	+9.321e+03	+0.520
135.400	+5.771e+03	+4.556e+03	+9.707e+03	+0.441
135.500	+7.054e+03	+4.739e+03	+1.113e+04	+0.402
135.600	+6.973e+03	+4.963e+03	+9.984e+03	+0.416
135.700	+5.583e+03	+4.074e+03	+9.221e+03	+0.422
135.800	+4.539e+03	+4.842e+03	+9.924e+03	+0.516
135.900	+3.401e+03	+6.912e+03	+9.665e+03	+0.670
136.000	+2.051e+03	+7.854e+03	+9.690e+03	+0.793
136.100	+3.338e+03	+7.463e+03	+1.105e+04	+0.691
136.200	+1.327e+03	+6.768e+03	+1.058e+04	+0.836
136.300	+2.698e+03	+6.664e+03	+1.044e+04	+0.712
136.400	+3.363e+03	+8.775e+03	+9.867e+03	+0.723
136.500	+2.310e+03	+8.662e+03	+1.052e+04	+0.789
136.600	+1.717e+03	+8.923e+03	+1.018e+04	+0.839
136.700	+2.181e+03	+7.952e+03	+9.237e+03	+0.785
136.800	+2.284e+03	+8.201e+03	+9.402e+03	+0.782
136.900	+9.070e+02	+7.793e+03	+1.096e+04	+0.896
137.000	+2.587e+03	+7.277e+03	+8.532e+03	+0.738
137.100	+1.493e+03	+8.917e+03	+9.003e+03	+0.857
137.200	+4.905e+02	+7.765e+03	+1.031e+04	+0.941
137.300	+2.498e+03	+7.307e+03	+1.073e+04	+0.745
137.400	+7.862e+02	+8.341e+03	+1.038e+04	+0.914
137.500	+2.176e+03	+9.307e+03	+9.424e+03	+0.811
137.600	+1.130e+03	+7.572e+03	+9.895e+03	+0.870
137.700	+2.211e+03	+7.664e+03	+1.049e+04	+0.776
137.800	+1.444e+03	+8.257e+03	+9.266e+03	+0.851
137.900	+1.741e+03	+7.635e+03	+1.072e+04	+0.814
138.000	+9.944e+02	+7.549e+03	+9.730e+03	+0.884
138.100	+3.025e+03	+8.526e+03	+9.429e+03	+0.738
138.200	+2.271e+03	+8.892e+03	+1.092e+04	+0.797
138.300	+2.537e+03	+8.558e+03	+9.804e+03	+0.771
138.400	+1.737e+03	+8.724e+03	+1.076e+04	+0.834
138.500	+1.716e+03	+8.428e+03	+1.020e+04	+0.831
138.600	+2.822e+03	+7.899e+03	+9.723e+03	+0.737
138.700	+1.766e+03	+8.224e+03	+8.947e+03	+0.823
138.800	+2.550e+03	+8.262e+03	+8.862e+03	+0.764
138.900	+2.046e+03	+7.542e+03	+1.026e+04	+0.787
139.000	+1.691e+03	+8.783e+03	+1.065e+04	+0.839
139.100	+2.628e+03	+8.376e+03	+9.881e+03	+0.761
139.200	+1.572e+03	+8.075e+03	+9.672e+03	+0.837
139.300	+2.722e+03	+7.892e+03	+1.010e+04	+0.744
139.400	+2.317e+03	+8.811e+03	+9.394e+03	+0.792
139.500	+1.778e+03	+8.326e+03	+9.783e+03	+0.824
139.600	+2.097e+03	+9.639e+03	+9.531e+03	+0.821
139.700	+1.589e+03	+8.338e+03	+8.792e+03	+0.840
139.800	+2.759e+03	+8.617e+03	+9.990e+03	+0.757
139.900	+2.887e+03	+7.679e+03	+1.005e+04	+0.727
140.000	+2.039e+03	+7.389e+03	+1.085e+04	+0.784
140.100	+4.762e+03	+4.996e+03	+9.272e+03	+0.512
140.200	+3.925e+03	+4.578e+03	+1.056e+04	+0.538
140.300	+5.390e+03	+4.288e+03	+9.010e+03	+0.443
140.400	+5.355e+03	+4.931e+03	+9.481e+03	+0.479
140.500	+5.053e+03	+5.743e+03	+1.018e+04	+0.532
140.600	+5.081e+03	+5.327e+03	+9.804e+03	+0.512
140.700	+4.548e+03	+5.250e+03	+9.012e+03	+0.536
140.800	+5.708e+03	+3.475e+03	+9.311e+03	+0.378
140.900	+5.047e+03	+3.585e+03	+1.108e+04	+0.415
141.000	+4.761e+03	+5.745e+03	+9.972e+03	+0.547
141.100	+6.399e+03	+5.415e+03	+9.863e+03	+0.458
141.200	+4.688e+03	+4.733e+03	+1.033e+04	+0.502
141.300	+5.257e+03	+4.881e+03	+1.195e+04	+0.481
141.400	+4.568e+03	+4.145e+03	+1.039e+04	+0.476
141.500	+5.351e+03	+4.160e+03	+9.933e+03	+0.437
141.600	+3.648e+03	+4.827e+03	+1.058e+04	+0.570
141.700	+5.989e+03	+4.925e+03	+1.001e+04	+0.451
141.800	+6.082e+03	+5.807e+03	+1.073e+04	+0.488
141.900	+5.877e+03	+5.266e+03	+9.325e+03	+0.473
142.000	+4.592e+03	+5.246e+03	+9.837e+03	+0.533
142.100	+5.338e+03	+4.836e+03	+1.100e+04	+0.475
142.200	+4.951e+03	+4.279e+03	+1.036e+04	+0.464
142.300	+3.594e+03	+5.906e+03	+9.301e+03	+0.622
142.400	+4.208e+03	+5.252e+03	+1.002e+04	+0.555
142.500	+5.465e+03	+3.574e+03	+9.866e+03	+0.395
142.600	+4.015e+03	+4.773e+03	+8.933e+03	+0.543
142.700	+5.204e+03	+5.116e+03	+1.005e+04	+0.496
142.800	+4.738e+03	+4.240e+03	+9.603e+03	+0.472
142.900	+5.391e+03	+5.275e+03	+8.786e+03	+0.495
143.000	+4.831e+03	+4.977e+03	+1.002e+04	+0.507
143.100	+5.402e+03	+5.123e+03	+1.056e+04	+0.487
143.200	+5.156e+03	+4.666e+03	+1.083e+04	+0.475
143.300	+6.265e+03	+5.469e+03	+1.030e+04	+0.466
143.400	+4.543e+03	+4.804e+03	+1.107e+04	+0.514
143.500	+3.651e+03	+4.111e+03	+9.514e+03	+0.530
143.600	+5.903e+03	+5.929e+03	+9.501e+03	+0.501
143.700	+4.747e+03	+6.082e+03	+9.359e+03	+0.562
143.800	+5.099e+03	+5.533e+03	+9.438e+03	+0.520
143.900	+2.468e+03	+7.548e+03	+1.101e+04	+0.754
144.000	+3.202e+03	+5.983e+03	+9.862e+03	+0.651
144.100	+5.407e+03	+5.691e+03	+8.511e+03	+0.513
144.200	+6.012e+03	+4.145e+03	+1.073e+04	+0.408
144.300	+6.145e+03	+3.463e+03	+1.019e+04	+0.360
144.400	+7.442e+03	+2.687e+03	+9.741e+03	+0.265
144.500	+6.891e+03	+2.410e+03	+9.959e+03	+0.259
144.600	+7.705e+03	+1.456e+03	+8.795e+03	+0.159
144.700	+7.001e+03	+2.682e+03	+9.613e+03	+0.277
144.800	+5.716e+03	+3.358e+03	+1.050e+04	+0.370
144.900	+7.388e+03	+2.721e+03	+9.772e+03	+0.269
145.000	+6.982e+03	+3.508e+03	+9.442e+03	+0.334
145.100	+8.209e+03	+1.389e+03	+9.852e+03	+0.145
145.200	+7.927e+03	+2.253e+03	+9.928e+03	+0.221
145.300	+7.930e+03	+2.420e+03	+9.210e+03	+0.234
145.400	+8.423e+03	+2.581e+03	+1.016e+04	+0.235
145.500	+7.081e+03	+2.973e+03	+9.017e+03	+0.296
145.600	+8.680e+03	+1.021e+03	+9.813e+03	+0.105
145.700	+4.712e+03	+3.743e+03	+8.799e+03	+0.443
145.800	+4.727e+03	+5.730e+03	+1.026e+04	+0.548
