%t (s)	Idd (a.u.)	Ida (a.u.)	Iaa (a.u.)	FRET E
0.000	+2.249e+03	+8.732e+03	+9.256e+03	+0.795
0.100	+1.569e+03	+7.668e+03	+9.727e+03	+0.830
0.200	+9.687e+02	+7.362e+03	+9.397e+03	+0.884
0.300	+6.154e+02	+9.772e+03	+9.928e+03	+0.941
0.400	+1.979e+03	+8.091e+03	+1.041e+04	+0.803
0.500	+1.175e+03	+6.673e+03	+1.025e+04	+0.850
0.600	+1.709e+03	+8.444e+03	+8.886e+03	+0.832
0.700	+2.198e+03	+7.463e+03	+9.807e+03	+0.772
0.800	+2.527e+03	+8.151e+03	+9.367e+03	+0.763
0.900	+3.251e+02	+8.132e+03	+1.141e+04	+0.962
1.000	+2.631e+03	+8.138e+03	+1.000e+04	+0.756
1.100	+2.103e+03	+8.388e+03	+9.852e+03	+0.800
1.200	+2.423e+03	+8.453e+03	+1.016e+04	+0.777
1.300	+2.066e+03	+7.440e+03	+1.059e+04	+0.783
1.400	+1.335e+03	+8.428e+03	+1.024e+04	+0.863
1.500	+1.615e+03	+7.512e+03	+9.738e+03	+0.823
1.600	+2.406e+03	+8.344e+03	+1.054e+04	+0.776
1.700	+1.549e+03	+7.464e+03	+1.006e+04	+0.828
1.800	+2.323e+03	+8.736e+03	+9.763e+03	+0.790
1.900	+2.165e+03	+7.414e+03	+1.037e+04	+0.774
2.000	+1.401e+03	+8.398e+03	+9.753e+03	+0.857
2.100	+2.756e+03	+8.445e+03	+1.026e+04	+0.754
2.200	+2.509e+03	+7.151e+03	+9.778e+03	+0.740
2.300	+2.284e+03	+8.118e+03	+9.438e+03	+0.780
2.400	+1.305e+03	+8.582e+03	+9.992e+03	+0.868
2.500	+2.074e+03	+8.049e+03	+1.099e+04	+0.795
2.600	+1.782e+03	+8.339e+03	+9.166e+03	+0.824
2.700	+1.651e+03	+8.928e+03	+1.040e+04	+0.844
2.800	+1.891e+03	+8.147e+03	+8.370e+03	+0.812
2.900	+1.596e+03	+6.696e+03	+1.029e+04	+0.808
3.000	+2.297e+03	+7.736e+03	+1.013e+04	+0.771
3.100	+1.830e+03	+8.315e+03	+1.121e+04	+0.820
3.200	+3.529e+03	+8.239e+03	+1.061e+04	+0.700
3.300	+3.413e+03	+7.287e+03	+1.056e+04	+0.681
3.400	+1.652e+03	+8.642e+03	+1.063e+04	+0.840
3.500	+2.684e+03	+8.346e+03	+9.892e+03	+0.757
3.600	+2.480e+03	+8.166e+03	+1.109e+04	+0.767
3.700	+1.404e+03	+9.004e+03	+9.547e+03	+0.865
3.800	+2.965e+03	+8.498e+03	+9.907e+03	+0.741
3.900	+1.484e+03	+7.694e+03	+1.011e+04	+0.838
4.000	+3.010e+03	+7.757e+03	+9.985e+03	+0.720
4.100	+2.100e+03	+8.148e+03	+1.020e+04	+0.795
4.200	+2.410e+03	+8.788e+03	+9.746e+03	+0.785
4.300	+1.638e+03	+7.447e+03	+9.735e+03	+0.820
4.400	+2.094e+03	+7.544e+03	+9.511e+03	+0.783
4.500	+3.185e+03	+8.626e+03	+1.047e+04	+0.730
4.600	+1.899e+03	+8.559e+03	+9.542e+03	+0.818
4.700	+1.985e+03	+7.549e+03	+9.528e+03	+0.792
4.800	+1.974e+03	+8.385e+03	+1.039e+04	+0.809
4.900	+1.677e+03	+7.874e+03	+1.049e+04	+0.824
5.000	+3.283e+03	+7.633e+03	+1.001e+04	+0.699
5.100	+1.883e+03	+7.356e+03	+9.329e+03	+0.796
5.200	+3.687e+03	+7.757e+03	+8.959e+03	+0.678
5.300	+2.084e+03	+7.914e+03	+9.136e+03	+0.792
5.400	+1.541e+03	+6.284e+03	+1.055e+04	+0.803
5.500	+2.179e+03	+6.622e+03	+1.022e+04	+0.752
5.600	+2.377e+03	+6.050e+03	+9.185e+03	+0.718
5.700	+1.899e+03	+7.722e+03	+9.710e+03	+0.803
5.800	+4.857e+03	+6.628e+03	+9.678e+03	+0.577
5.900	+5.560e+03	+4.720e+03	+1.103e+04	+0.459
6.000	+5.975e+03	+5.577e+03	+9.996e+03	+0.483
6.100	+4.131e+03	+5.200e+03	+9.722e+03	+0.557
6.200	+5.105e+03	+4.656e+03	+1.084e+04	+0.477
6.300	+5.340e+03	+5.160e+03	+9.892e+03	+0.491
6.400	+4.658e+03	+4.397e+03	+9.646e+03	+0.486
6.500	+3.796e+03	+7.077e+03	+1.014e+04	+0.651
6.600	+5.043e+03	+4.917e+03	+9.611e+03	+0.494
6.700	+5.399e+03	+5.270e+03	+9.533e+03	+0.494
6.800	+5.150e+03	+6.072e+03	+1.036e+04	+0.541
6.900	+4.420e+03	+3.865e+03	+9.789e+03	+0.466
7.000	+4.510e+03	+3.997e+03	+1.019e+04	+0.470
7.100	+5.308e+03	+4.765e+03	+1.001e+04	+0.473
7.200	+5.997e+03	+5.024e+03	+9.499e+03	+0.456
7.300	+4.400e+03	+4.569e+03	+1.030e+04	+0.509
7.400	+4.748e+03	+5.055e+03	+1.063e+04	+0.516
7.500	+5.009e+03	+4.104e+03	+1.005e+04	+0.450
7.600	+6.423e+03	+5.896e+03	+9.229e+03	+0.479
7.700	+4.453e+03	+5.213e+03	+9.196e+03	+0.539
7.800	+4.083e+03	+4.684e+03	+8.949e+03	+0.534
7.900	+6.307e+03	+4.844e+03	+1.069e+04	+0.434
8.000	+4.925e+03	+4.951e+03	+9.773e+03	+0.501
8.100	+4.815e+03	+4.706e+03	+9.595e+03	+0.494
8.200	+4.036e+03	+4.396e+03	+1.130e+04	+0.521
8.300	+4.851e+03	+4.721e+03	+9.466e+03	+0.493
8.400	+4.957e+03	+4.525e+03	+9.455e+03	+0.477
8.500	+4.669e+03	+4.673e+03	+9.383e+03	+0.500
8.600	+3.927e+03	+5.623e+03	+1.120e+04	+0.589
8.700	+1.268e+03	+8.623e+03	+9.849e+03	+0.872
8.800	+2.514e+03	+7.932e+03	+1.033e+04	+0.759
8.900	+2.656e+03	+7.847e+03	+1.002e+04	+0.747
9.000	+2.786e+03	+8.773e+03	+1.004e+04	+0.759
9.100	+2.166e+03	+9.347e+03	+1.027e+04	+0.812
9.200	+2.666e+03	+8.537e+03	+1.080e+04	+0.762
9.300	+2.333e+03	+7.445e+03	+9.891e+03	+0.761
9.400	+2.288e+03	+6.796e+03	+9.124e+03	+0.748
9.500	+1.981e+03	+7.939e+03	+9.639e+03	+0.800
9.600	+2.442e+03	+8.013e+03	+1.008e+04	+0.766
9.700	+2.192e+03	+8.130e+03	+8.592e+03	+0.788
9.800	+3.210e+03	+7.353e+03	+9.133e+03	+0.696
9.900	+3.891e+03	+7.448e+03	+1.005e+04	+0.657
10.000	+4.348e+02	+8.537e+03	+8.512e+03	+0.952
10.100	+1.949e+03	+6.841e+03	+9.808e+03	+0.778
10.200	+5.553e+03	+1.796e+03	+9.436e+03	+0.244
10.300	+7.710e+03	+4.659e+03	+1.063e+04	+0.377
10.400	+7.746e+03	+2.551e+03	+9.201e+03	+0.248
10.500	+7.598e+03	+3.996e+03	+9.801e+03	+0.345
10.600	+8.521e+03	+3.054e+03	+1.061e+04	+0.264
10.700	+5.360e+03	+4.923e+03	+1.053e+04	+0.479
10.800	+5.092e+03	+4.137e+03	+1.009e+04	+0.448
10.900	+5.426e+03	+6.314e+03	+1.008e+04	+0.538
11.000	+4.934e+03	+5.248e+03	+1.020e+04	+0.515
11.100	+6.035e+03	+4.814e+03	+1.085e+04	+0.444
11.200	+5.322e+03	+5.882e+03	+9.961e+03	+0.525
11.300	+6.127e+03	+3.790e+03	+9.999e+03	+0.382
11.400	+4.777e+03	+6.366e+03	+9.449e+03	+0.571
11.500	+3.438e+03	+5.218e+03	+9.673e+03	+0.603
11.600	+5.328e+03	+4.755e+03	+8.898e+03	+0.472
11.700	+5.126e+03	+4.588e+03	+9.605e+03	+0.472
11.800	+5.836e+03	+3.709e+03	+9.422e+03	+0.389
11.900	+4.924e+03	+5.210e+03	+9.974e+03	+0.514
12.000	+5.920e+03	+4.959e+03	+1.056e+04	+0.456
12.100	+4.840e+03	+4.448e+03	+9.470e+03	+0.479
12.200	+4.238e+03	+4.956e+03	+1.047e+04	+0.539
12.300	+4.923e+03	+5.402e+03	+9.877e+03	+0.523
12.400	+5.419e+03	+5.518e+03	+1.017e+04	+0.505
12.500	+5.448e+03	+4.534e+03	+1.017e+04	+0.454
12.600	+4.536e+03	+4.094e+03	+1.091e+04	+0.474
12.700	+4.859e+03	+4.535e+03	+9.865e+03	+0.483
12.800	+4.870e+03	+5.018e+03	+1.013e+04	+0.507
12.900	+6.839e+03	+4.010e+03	+1.164e+04	+0.370
13.000	+3.548e+03	+4.159e+03	+1.091e+04	+0.540
13.100	+4.696e+03	+5.095e+03	+1.019e+04	+0.520
13.200	+3.595e+03	+6.029e+03	+1.043e+04	+0.626
13.300	+4.878e+03	+4.537e+03	+9.037e+03	+0.482
13.400	+5.541e+03	+3.951e+03	+9.997e+03	+0.416
13.500	+5.481e+03	+5.293e+03	+9.642e+03	+0.491
13.600	+4.827e+03	+4.733e+03	+1.004e+04	+0.495
13.700	+5.659e+03	+5.598e+03	+1.076e+04	+0.497
13.800	+4.993e+03	+4.919e+03	+9.934e+03	+0.496
13.900	+5.076e+03	+5.683e+03	+1.034e+04	+0.528
14.000	+4.861e+03	+4.567e+03	+9.001e+03	+0.484
14.100	+4.853e+03	+5.894e+03	+9.961e+03	+0.548
14.200	+4.976e+03	+4.887e+03	+9.925e+03	+0.495
14.300	+5.759e+03	+3.712e+03	+9.627e+03	+0.392
14.400	+5.404e+03	+5.421e+03	+9.319e+03	+0.501
14.500	+6.188e+03	+5.863e+03	+1.001e+04	+0.486
14.600	+6.409e+03	+4.481e+03	+1.080e+04	+0.411
14.700	+6.406e+03	+2.245e+03	+9.929e+03	+0.260
14.800	+6.221e+03	+4.310e+03	+1.050e+04	+0.409
14.900	+2.387e+03	+8.008e+03	+9.805e+03	+0.770
15.000	+3.068e+03	+6.856e+03	+1.010e+04	+0.691
15.100	+4.493e+03	+6.099e+03	+1.090e+04	+0.576
15.200	+6.684e+03	+4.724e+03	+1.120e+04	+0.414
15.300	+6.048e+03	+5.221e+03	+9.423e+03	+0.463
15.400	+4.969e+03	+5.394e+03	+1.102e+04	+0.520
15.500	+4.159e+03	+5.410e+03	+8.870e+03	+0.565
15.600	+4.249e+03	+5.173e+03	+9.200e+03	+0.549
15.700	+5.452e+03	+5.827e+03	+1.011e+04	+0.517
15.800	+6.011e+03	+4.590e+03	+8.947e+03	+0.433
15.900	+3.969e+03	+3.564e+03	+1.019e+04	+0.473
16.000	+5.569e+03	+5.251e+03	+9.218e+03	+0.485
16.100	+3.800e+03	+4.471e+03	+1.039e+04	+0.541
16.200	+3.441e+03	+5.913e+03	+1.022e+04	+0.632
16.300	+1.010e+03	+8.693e+03	+9.407e+03	+0.896
16.400	+2.725e+03	+8.007e+03	+1.079e+04	+0.746
16.500	+2.160e+03	+8.425e+03	+7.835e+03	+0.796
16.600	+8.049e+02	+6.320e+03	+9.292e+03	+0.887
16.700	+1.061e+03	+9.343e+03	+1.057e+04	+0.898
16.800	+3.118e+03	+8.128e+03	+1.018e+04	+0.723
16.900	+5.491e+03	+4.065e+03	+1.092e+04	+0.425
17.000	+3.635e+03	+5.383e+03	+9.472e+03	+0.597
17.100	+3.189e+03	+3.745e+03	+1.064e+04	+0.540
17.200	+6.119e+03	+4.177e+03	+9.974e+03	+0.406
17.300	+6.177e+03	+6.554e+03	+1.057e+04	+0.515
17.400	+4.656e+03	+3.815e+03	+9.644e+03	+0.450
17.500	+5.349e+03	+4.881e+03	+1.053e+04	+0.477
17.600	+5.761e+03	+4.517e+03	+1.074e+04	+0.439
17.700	+6.010e+03	+4.566e+03	+1.061e+04	+0.432
17.800	+5.257e+03	+5.033e+03	+9.123e+03	+0.489
17.900	+5.269e+03	+4.954e+03	+1.075e+04	+0.485
18.000	+5.229e+03	+4.086e+03	+9.901e+03	+0.439
18.100	+3.275e+03	+5.581e+03	+9.779e+03	+0.630
18.200	+4.970e+03	+4.990e+03	+1.080e+04	+0.501
18.300	+5.189e+03	+5.192e+03	+1.037e+04	+0.500
18.400	+4.092e+03	+4.774e+03	+9.625e+03	+0.538
18.500	+6.484e+03	+3.372e+03	+9.772e+03	+0.342
18.600	+4.316e+03	+5.131e+03	+1.005e+04	+0.543
18.700	+4.697e+03	+5.894e+03	+1.003e+04	+0.557
18.800	+5.547e+03	+4.604e+03	+1.074e+04	+0.454
18.900	+6.044e+03	+3.311e+03	+1.054e+04	+0.354
19.000	+4.774e+03	+4.551e+03	+1.166e+04	+0.488
19.100	+5.637e+03	+5.011e+03	+9.000e+03	+0.471
19.200	+5.325e+03	+4.803e+03	+1.072e+04	+0.474
19.300	+4.997e+03	+4.574e+03	+1.032e+04	+0.478
19.400	+5.775e+03	+6.575e+03	+9.608e+03	+0.532
19.500	+5.288e+03	+5.569e+03	+1.049e+04	+0.513
19.600	+5.847e+03	+5.479e+03	+9.472e+03	+0.484
19.700	+4.029e+03	+4.894e+03	+1.028e+04	+0.548
19.800	+5.227e+03	+4.320e+03	+9.103e+03	+0.453
19.900	+5.551e+03	+4.981e+03	+9.927e+03	+0.473
20.000	+4.747e+03	+4.349e+03	+9.894e+03	+0.478
20.100	+3.894e+03	+5.542e+03	+9.816e+03	+0.587
20.200	+4.661e+03	+4.833e+03	+9.038e+03	+0.509
20.300	+2.086e+03	+6.895e+03	+1.008e+04	+0.768
20.400	+2.418e+03	+7.949e+03	+9.467e+03	+0.767
20.500	+1.435e+03	+8.047e+03	+1.001e+04	+0.849
20.600	+1.575e+03	+7.709e+03	+8.983e+03	+0.830
20.700	+2.403e+03	+8.486e+03	+9.081e+03	+0.779
20.800	+2.064e+03	+8.553e+03	+8.575e+03	+0.806
20.900	+8.869e+02	+7.371e+03	+1.041e+04	+0.893
21.000	+4.283e+03	+4.560e+03	+9.482e+03	+0.516
21.100	+6.831e+03	+3.585e+03	+1.026e+04	+0.344
21.200	+6.028e+03	+3.359e+03	+9.497e+03	+0.358
21.300	+8.090e+03	+2.489e+03	+9.919e+03	+0.235
21.400	+7.629e+03	+1.931e+03	+1.045e+04	+0.202
21.500	+7.448e+03	+3.844e+03	+9.451e+03	+0.340
21.600	+6.656e+03	+1.007e+03	+1.049e+04	+0.131
21.700	+7.543e+03	+1.870e+03	+8.999e+03	+0.199
21.800	+7.245e+03	+3.122e+03	+9.990e+03	+0.301
21.900	+5.529e+03	+2.507e+03	+9.785e+03	+0.312
22.000	+7.290e+03	+3.965e+03	+1.131e+04	+0.352
22.100	+7.078e+03	+4.186e+03	+9.425e+03	+0.372
22.200	+5.771e+03	+4.158e+03	+8.803e+03	+0.419
22.300	+5.705e+03	+3.455e+03	+1.138e+04	+0.377
22.400	+3.861e+03	+5.012e+03	+1.054e+04	+0.565
22.500	+5.805e+03	+4.719e+03	+9.554e+03	+0.448
22.600	+4.863e+03	+4.836e+03	+9.408e+03	+0.499
22.700	+5.652e+03	+5.029e+03	+1.094e+04	+0.471
22.800	+4.630e+03	+4.782e+03	+1.049e+04	+0.508
22.900	+3.913e+03	+5.181e+03	+9.791e+03	+0.570
23.000	+5.547e+03	+5.458e+03	+9.334e+03	+0.496
23.100	+4.034e+03	+4.865e+03	+9.084e+03	+0.547
23.200	+4.124e+03	+5.495e+03	+1.086e+04	+0.571
23.300	+4.305e+03	+4.559e+03	+1.062e+04	+0.514
23.400	+5.484e+03	+3.717e+03	+9.906e+03	+0.404
23.500	+4.910e+03	+4.618e+03	+9.112e+03	+0.485
23.600	+4.789e+03	+4.996e+03	+1.039e+04	+0.511
23.700	+4.930e+03	+5.891e+03	+1.107e+04	+0.544
23.800	+4.798e+03	+4.876e+03	+1.009e+04	+0.504
23.900	+3.914e+03	+4.616e+03	+1.077e+04	+0.541
24.000	+4.275e+03	+5.621e+03	+1.078e+04	+0.568
24.100	+5.379e+03	+5.657e+03	+1.085e+04	+0.513
24.200	+4.619e+03	+5.478e+03	+1.047e+04	+0.543
24.300	+7.163e+03	+2.359e+03	+1.023e+04	+0.248
24.400	+7.780e+03	+2.143e+03	+9.712e+03	+0.216
24.500	+7.071e+03	+3.224e+03	+8.963e+03	+0.313
24.600	+8.123e+03	+3.196e+03	+9.736e+03	+0.282
24.700	+6.997e+03	+2.927e+03	+9.011e+03	+0.295
24.800	+7.468e+03	+2.223e+03	+1.027e+04	+0.229
24.900	+7.398e+03	+2.912e+03	+9.645e+03	+0.282
25.000	+6.900e+03	+2.004e+03	+1.026e+04	+0.225
25.100	+6.853e+03	+3.445e+03	+9.197e+03	+0.335
25.200	+5.261e+03	+1.007e+03	+1.121e+04	+0.161
25.300	+7.655e+03	+3.502e+03	+1.039e+04	+0.314
25.400	+9.055e+03	+3.171e+03	+1.085e+04	+0.259
25.500	+7.389e+03	+1.940e+03	+1.010e+04	+0.208
25.600	+6.464e+03	+2.428e+03	+1.058e+04	+0.273
25.700	+7.828e+03	+4.214e+03	+9.454e+03	+0.350
25.800	+6.612e+03	+3.721e+03	+8.683e+03	+0.360
25.900	+7.295e+03	+2.508e+03	+1.035e+04	+0.256
26.000	+8.430e+03	+1.680e+03	+9.381e+03	+0.166
26.100	+7.308e+03	+2.950e+03	+9.727e+03	+0.288
26.200	+7.369e+03	+2.935e+03	+1.102e+04	+0.285
26.300	+9.365e+03	+3.934e+03	+1.051e+04	+0.296
26.400	+6.558e+03	+2.344e+03	+8.646e+03	+0.263
26.500	+7.023e+03	+2.815e+03	+1.169e+04	+0.286
26.600	+6.404e+03	+2.069e+03	+1.037e+04	+0.244
26.700	+9.647e+03	+1.901e+03	+1.050e+04	+0.165
26.800	+6.591e+03	+2.217e+03	+1.061e+04	+0.252
26.900	+7.779e+03	+3.216e+03	+9.105e+03	+0.293
27.000	+7.810e+03	+3.163e+03	+9.777e+03	+0.288
27.100	+6.647e+03	+2.289e+03	+1.036e+04	+0.256
27.200	+7.485e+03	+2.287e+03	+1.020e+04	+0.234
27.300	+7.972e+03	+2.794e+03	+1.032e+04	+0.260
27.400	+7.662e+03	+2.034e+03	+9.350e+03	+0.210
27.500	+7.838e+03	+2.211e+03	+9.786e+03	+0.220
27.600	+6.835e+03	+3.256e+03	+1.009e+04	+0.323
27.700	+7.346e+03	+1.513e+03	+9.982e+03	+0.171
27.800	+8.892e+03	+3.028e+03	+9.900e+03	+0.254
27.900	+7.414e+03	+2.158e+03	+1.054e+04	+0.225
28.000	+6.330e+03	+1.036e+03	+1.047e+04	+0.141
28.100	+7.619e+03	+1.901e+03	+8.187e+03	+0.200
28.200	+6.216e+03	+2.540e+03	+8.843e+03	+0.290
28.300	+8.428e+03	+2.082e+03	+1.023e+04	+0.198
28.400	+7.400e+03	+2.549e+03	+1.195e+04	+0.256
28.500	+7.638e+03	+3.396e+03	+9.502e+03	+0.308
28.600	+8.554e+03	+3.157e+03	+1.014e+04	+0.270
28.700	+7.989e+03	+2.608e+03	+9.716e+03	+0.246
28.800	+7.112e+03	+2.801e+03	+9.744e+03	+0.283
28.900	+7.469e+03	+3.632e+03	+1.145e+04	+0.327
29.000	+8.503e+03	+2.696e+03	+1.144e+04	+0.241
29.100	+7.922e+03	+3.719e+03	+1.055e+04	+0.319
29.200	+6.753e+03	+2.649e+03	+9.625e+03	+0.282
29.300	+7.456e+03	+1.629e+03	+9.254e+03	+0.179
29.400	+7.401e+03	+2.883e+03	+8.933e+03	+0.280
29.500	+8.682e+03	+3.441e+03	+1.037e+04	+0.284
29.600	+7.099e+03	+3.075e+03	+9.127e+03	+0.302
29.700	+7.461e+03	+1.907e+03	+1.072e+04	+0.204
29.800	+7.417e+03	+2.824e+03	+1.052e+04	+0.276
29.900	+8.249e+03	+9.568e+02	+9.495e+03	+0.104
30.000	+7.665e+03	+1.766e+03	+9.597e+03	+0.187
30.100	+7.570e+03	+1.915e+03	+1.087e+04	+0.202
30.200	+7.511e+03	+2.112e+03	+1.036e+04	+0.219
30.300	+8.706e+03	+3.027e+03	+1.041e+04	+0.258
30.400	+7.253e+03	+2.888e+03	+9.829e+03	+0.285
30.500	+6.687e+03	+2.660e+03	+9.882e+03	+0.285
30.600	+7.711e+03	+2.273e+03	+8.986e+03	+0.228
30.700	+6.966e+03	+3.288e+03	+9.399e+03	+0.321
30.800	+8.278e+03	+2.631e+03	+9.771e+03	+0.241
30.900	+7.505e+03	+3.066e+03	+9.398e+03	+0.290
31.000	+8.763e+03	+3.029e+03	+1.046e+04	+0.257
31.100	+8.007e+03	+2.316e+03	+9.551e+03	+0.224
31.200	+7.303e+03	+3.494e+03	+1.083e+04	+0.324
31.300	+5.912e+03	+2.409e+03	+1.023e+04	+0.289
31.400	+8.720e+03	+2.139e+03	+9.671e+03	+0.197
31.500	+8.227e+03	+2.427e+03	+9.055e+03	+0.228
31.600	+6.879e+03	+2.097e+03	+9.168e+03	+0.234
31.700	+8.345e+03	+2.012e+03	+1.000e+04	+0.194
31.800	+7.734e+03	+2.791e+03	+9.675e+03	+0.265
31.900	+6.217e+03	+9.297e+02	+1.040e+04	+0.130
32.000	+7.832e+03	+1.635e+03	+8.778e+03	+0.173
32.100	+7.721e+03	+2.932e+03	+1.062e+04	+0.275
32.200	+6.241e+03	+1.382e+03	+9.357e+03	+0.181
32.300	+8.309e+03	+2.531e+03	+1.014e+04	+0.233
32.400	+7.885e+03	+2.570e+03	+9.486e+03	+0.246
32.500	+7.128e+03	+2.114e+03	+9.243e+03	+0.229
32.600	+4.868e+03	+5.252e+03	+8.629e+03	+0.519
32.700	+5.169e+03	+4.700e+03	+9.711e+03	+0.476
32.800	+5.252e+03	+4.825e+03	+9.697e+03	+0.479
32.900	+5.473e+03	+4.273e+03	+9.565e+03	+0.438
33.000	+4.914e+03	+4.651e+03	+8.687e+03	+0.486
33.100	+5.083e+03	+6.008e+03	+1.072e+04	+0.542
33.200	+5.959e+03	+5.267e+03	+1.106e+04	+0.469
33.300	+3.851e+03	+5.340e+03	+9.866e+03	+0.581
33.400	+4.256e+03	+5.159e+03	+9.981e+03	+0.548
33.500	+4.768e+03	+5.978e+03	+1.057e+04	+0.556
33.600	+5.045e+03	+5.249e+03	+9.954e+03	+0.510
33.700	+3.773e+03	+5.729e+03	+9.963e+03	+0.603
33.800	+4.973e+03	+4.769e+03	+9.931e+03	+0.490
33.900	+4.634e+03	+4.996e+03	+1.057e+04	+0.519
34.000	+3.428e+03	+8.351e+03	+9.766e+03	+0.709
34.100	+2.811e+03	+8.117e+03	+9.278e+03	+0.743
34.200	+1.446e+03	+8.687e+03	+8.097e+03	+0.857
34.300	+1.809e+03	+8.343e+03	+1.092e+04	+0.822
34.400	+3.803e+03	+5.090e+03	+9.751e+03	+0.572
34.500	+5.126e+03	+5.153e+03	+9.884e+03	+0.501
34.600	+4.814e+03	+3.640e+03	+9.814e+03	+0.431
34.700	+5.247e+03	+5.689e+03	+9.599e+03	+0.520
34.800	+4.661e+03	+5.742e+03	+1.061e+04	+0.552
34.900	+5.414e+03	+5.821e+03	+9.645e+03	+0.518
35.000	+5.004e+03	+4.347e+03	+9.321e+03	+0.465
35.100	+5.564e+03	+5.080e+03	+9.682e+03	+0.477
35.200	+4.427e+03	+5.696e+03	+9.531e+03	+0.563
35.300	+5.054e+03	+4.922e+03	+1.053e+04	+0.493
35.400	+5.099e+03	+5.518e+03	+1.028e+04	+0.520
35.500	+3.887e+03	+5.159e+03	+9.730e+03	+0.570
35.600	+4.386e+03	+5.590e+03	+9.865e+03	+0.560
35.700	+6.088e+03	+4.534e+03	+1.025e+04	+0.427
35.800	+5.231e+03	+5.645e+03	+9.002e+03	+0.519
35.900	+5.711e+03	+4.704e+03	+9.896e+03	+0.452
36.000	+3.840e+03	+5.248e+03	+9.200e+03	+0.578
36.100	+5.063e+03	+4.753e+03	+9.087e+03	+0.484
36.200	+5.600e+03	+5.676e+03	+9.315e+03	+0.503
36.300	+5.990e+03	+4.725e+03	+1.043e+04	+0.441
36.400	+5.281e+03	+5.538e+03	+9.704e+03	+0.512
36.500	+3.942e+03	+4.406e+03	+1.161e+04	+0.528
36.600	+4.569e+03	+5.229e+03	+1.123e+04	+0.534
36.700	+5.202e+03	+5.398e+03	+8.187e+03	+0.509
36.800	+4.983e+03	+5.730e+03	+1.019e+04	+0.535
36.900	+4.841e+03	+5.882e+03	+1.010e+04	+0.549
37.000	+4.173e+03	+5.752e+03	+9.733e+03	+0.580
37.100	+2.134e+03	+7.959e+03	+1.014e+04	+0.789
37.200	+2.365e+03	+8.952e+03	+1.075e+04	+0.791
37.300	+3.059e+03	+6.898e+03	+1.024e+04	+0.693
37.400	+2.236e+03	+9.111e+03	+1.008e+04	+0.803
37.500	+1.618e+03	+8.600e+03	+9.910e+03	+0.842
37.600	+3.111e+03	+8.383e+03	+8.872e+03	+0.729
37.700	+2.761e+03	+8.527e+03	+9.312e+03	+0.755
37.800	+1.976e+03	+9.014e+03	+1.052e+04	+0.820
37.900	+2.156e+03	+9.154e+03	+1.036e+04	+0.809
38.000	+1.811e+03	+7.161e+03	+1.049e+04	+0.798
38.100	+1.246e+03	+7.170e+03	+1.008e+04	+0.852
38.200	+1.372e+03	+6.972e+03	+9.748e+03	+0.836
38.300	+2.563e+03	+8.219e+03	+1.035e+04	+0.762
38.400	+5.329e+03	+4.350e+03	+1.069e+04	+0.449
38.500	+5.698e+03	+4.885e+03	+1.000e+04	+0.462
38.600	+5.318e+03	+3.846e+03	+9.918e+03	+0.420
38.700	+4.032e+03	+5.477e+03	+1.049e+04	+0.576
38.800	+4.643e+03	+4.711e+03	+9.526e+03	+0.504
38.900	+4.886e+03	+4.456e+03	+1.099e+04	+0.477
39.000	+4.027e+03	+4.093e+03	+1.167e+04	+0.504
39.100	+5.494e+03	+4.933e+03	+9.878e+03	+0.473
39.200	+5.820e+03	+5.944e+03	+9.709e+03	+0.505
39.300	+4.280e+03	+5.773e+03	+9.844e+03	+0.574
39.400	+4.099e+03	+4.679e+03	+8.161e+03	+0.533
39.500	+5.515e+03	+4.268e+03	+8.735e+03	+0.436
39.600	+5.445e+03	+4.970e+03	+9.875e+03	+0.477
39.700	+5.369e+03	+5.061e+03	+9.704e+03	+0.485
39.800	+4.939e+03	+4.391e+03	+1.093e+04	+0.471
39.900	+4.959e+03	+5.485e+03	+1.113e+04	+0.525
40.000	+5.460e+03	+4.934e+03	+1.105e+04	+0.475
40.100	+5.122e+03	+4.707e+03	+1.048e+04	+0.479
40.200	+4.791e+03	+5.912e+03	+1.022e+04	+0.552
40.300	+4.856e+03	+4.771e+03	+9.960e+03	+0.496
40.400	+4.779e+03	+5.641e+03	+9.432e+03	+0.541
40.500	+6.783e+03	+6.152e+03	+1.033e+04	+0.476
40.600	+4.824e+03	+4.442e+03	+9.652e+03	+0.479
40.700	+4.754e+03	+5.298e+03	+8.922e+03	+0.527
40.800	+4.723e+03	+5.924e+03	+9.693e+03	+0.556
40.900	+5.055e+03	+5.638e+03	+9.919e+03	+0.527
41.000	+5.492e+03	+5.151e+03	+9.751e+03	+0.484
41.100	+4.410e+03	+4.938e+03	+1.035e+04	+0.528
41.200	+3.675e+03	+5.326e+03	+1.101e+04	+0.592
41.300	+5.511e+03	+5.675e+03	+9.182e+03	+0.507
41.400	+5.800e+03	+4.816e+03	+9.457e+03	+0.454
41.500	+4.540e+03	+6.195e+03	+1.021e+04	+0.577
41.600	+5.816e+03	+4.181e+03	+1.009e+04	+0.418
41.700	+5.383e+03	+5.415e+03	+9.559e+03	+0.501
41.800	+5.446e+03	+5.545e+03	+1.014e+04	+0.504
41.900	+5.891e+03	+5.795e+03	+8.792e+03	+0.496
42.000	+4.680e+03	+5.681e+03	+1.062e+04	+0.548
42.100	+4.847e+03	+5.596e+03	+9.981e+03	+0.536
42.200	+4.582e+03	+5.258e+03	+9.935e+03	+0.534
42.300	+5.023e+03	+5.513e+03	+1.013e+04	+0.523
42.400	+5.066e+03	+5.324e+03	+1.070e+04	+0.512
42.500	+5.172e+03	+4.971e+03	+9.708e+03	+0.490
42.600	+4.203e+03	+5.482e+03	+1.063e+04	+0.566
42.700	+5.683e+03	+5.525e+03	+1.010e+04	+0.493
42.800	+5.032e+03	+5.279e+03	+1.104e+04	+0.512
42.900	+2.812e+03	+7.553e+03	+9.800e+03	+0.729
43.000	+1.746e+03	+8.421e+03	+9.399e+03	+0.828
43.100	+2.479e+03	+7.105e+03	+1.077e+04	+0.741
43.200	+2.581e+03	+8.162e+03	+1.069e+04	+0.760
43.300	+1.268e+03	+7.686e+03	+9.700e+03	+0.858
43.400	+2.680e+03	+8.749e+03	+9.795e+03	+0.766
43.500	+2.052e+03	+7.783e+03	+8.527e+03	+0.791
43.600	+2.557e+03	+8.855e+03	+9.147e+03	+0.776
43.700	+4.656e+03	+5.048e+03	+9.851e+03	+0.520
43.800	+5.110e+03	+4.349e+03	+9.811e+03	+0.460
43.900	+5.158e+03	+5.198e+03	+1.085e+04	+0.502
44.000	+4.527e+03	+5.901e+03	+9.858e+03	+0.566
44.100	+5.028e+03	+5.075e+03	+9.573e+03	+0.502
44.200	+3.831e+03	+4.954e+03	+1.219e+04	+0.564
44.300	+4.198e+03	+5.356e+03	+9.215e+03	+0.561
44.400	+4.488e+03	+4.649e+03	+1.070e+04	+0.509
44.500	+4.706e+03	+4.452e+03	+9.662e+03	+0.486
44.600	+4.621e+03	+4.401e+03	+1.051e+04	+0.488
44.700	+4.713e+03	+6.209e+03	+9.915e+03	+0.568
44.800	+4.759e+03	+3.362e+03	+1.015e+04	+0.414
44.900	+4.942e+03	+4.018e+03	+9.491e+03	+0.448
45.000	+3.620e+03	+4.614e+03	+1.041e+04	+0.560
45.100	+5.177e+03	+5.154e+03	+1.060e+04	+0.499
45.200	+4.923e+03	+4.271e+03	+9.374e+03	+0.465
45.300	+5.148e+03	+5.085e+03	+9.349e+03	+0.497
45.400	+5.515e+03	+5.879e+03	+9.281e+03	+0.516
45.500	+4.558e+03	+5.964e+03	+8.783e+03	+0.567
45.600	+6.053e+03	+4.734e+03	+9.536e+03	+0.439
45.700	+4.817e+03	+4.403e+03	+9.763e+03	+0.478
45.800	+4.527e+03	+6.934e+03	+9.801e+03	+0.605
45.900	+2.399e+03	+7.663e+03	+1.030e+04	+0.762
46.000	+2.080e+03	+8.575e+03	+9.445e+03	+0.805
46.100	+2.113e+03	+8.059e+03	+1.013e+04	+0.792
46.200	+2.535e+03	+7.707e+03	+9.685e+03	+0.752
46.300	+1.786e+03	+9.689e+03	+8.254e+03	+0.844
46.400	+2.416e+03	+7.082e+03	+9.203e+03	+0.746
46.500	+2.598e+03	+7.854e+03	+9.894e+03	+0.751
46.600	+2.063e+03	+7.811e+03	+1.050e+04	+0.791
46.700	+1.322e+03	+8.577e+03	+8.273e+03	+0.866
46.800	+1.639e+03	+8.600e+03	+1.040e+04	+0.840
46.900	+1.459e+03	+7.384e+03	+9.245e+03	+0.835
47.000	+2.547e+03	+8.473e+03	+8.936e+03	+0.769
47.100	+1.672e+03	+8.244e+03	+1.064e+04	+0.831
47.200	+1.830e+03	+8.324e+03	+9.809e+03	+0.820
47.300	+5.489e+02	+8.205e+03	+1.095e+04	+0.937
47.400	+1.881e+03	+6.972e+03	+9.523e+03	+0.787
47.500	+2.569e+03	+8.143e+03	+9.662e+03	+0.760
47.600	+2.667e+03	+8.863e+03	+9.525e+03	+0.769
47.700	+2.623e+03	+7.291e+03	+9.752e+03	+0.735
47.800	+1.811e+03	+7.159e+03	+9.452e+03	+0.798
47.900	+1.885e+03	+7.496e+03	+1.078e+04	+0.799
48.000	+2.021e+03	+9.037e+03	+1.063e+04	+0.817
48.100	+8.441e+02	+8.527e+03	+9.894e+03	+0.910
48.200	+1.852e+03	+8.874e+03	+8.999e+03	+0.827
48.300	+5.576e+02	+7.578e+03	+9.860e+03	+0.931
48.400	+1.489e+03	+7.614e+03	+1.044e+04	+0.836
48.500	+2.718e+03	+7.324e+03	+9.447e+03	+0.729
48.600	+1.590e+03	+6.765e+03	+1.075e+04	+0.810
48.700	+1.188e+03	+8.207e+03	+1.051e+04	+0.874
48.800	+2.271e+03	+9.968e+03	+1.102e+04	+0.814
48.900	+3.003e+03	+7.608e+03	+9.817e+03	+0.717
49.000	+2.524e+03	+9.273e+03	+1.005e+04	+0.786
49.100	+2.513e+03	+9.121e+03	+9.484e+03	+0.784
49.200	+3.091e+03	+5.875e+03	+1.008e+04	+0.655
49.300	+2.639e+03	+7.458e+03	+1.174e+04	+0.739
49.400	+1.940e+03	+6.607e+03	+9.381e+03	+0.773
49.500	+2.080e+03	+8.110e+03	+1.005e+04	+0.796
49.600	+2.591e+03	+7.773e+03	+9.992e+03	+0.750
49.700	+2.008e+03	+7.845e+03	+9.509e+03	+0.796
49.800	+1.854e+03	+7.290e+03	+9.911e+03	+0.797
49.900	+1.669e+03	+8.265e+03	+1.005e+04	+0.832
50.000	+2.686e+03	+6.922e+03	+9.916e+03	+0.720
50.100	+1.723e+03	+9.070e+03	+9.340e+03	+0.840
50.200	+3.101e+03	+8.868e+03	+9.653e+03	+0.741
50.300	+1.760e+03	+6.846e+03	+1.049e+04	+0.795
50.400	+2.848e+03	+7.812e+03	+1.094e+04	+0.733
50.500	+2.520e+03	+8.571e+03	+9.333e+03	+0.773
50.600	+1.703e+03	+8.725e+03	+9.425e+03	+0.837
50.700	+1.695e+03	+8.189e+03	+9.281e+03	+0.828
50.800	+2.703e+03	+9.070e+03	+1.079e+04	+0.770
50.900	+2.668e+03	+8.195e+03	+1.025e+04	+0.754
51.000	+6.797e+02	+7.811e+03	+1.025e+04	+0.920
51.100	+6.033e+03	+4.560e+03	+9.023e+03	+0.430
51.200	+5.664e+03	+3.310e+03	+9.542e+03	+0.369
51.300	+5.779e+03	+4.626e+03	+9.574e+03	+0.445
51.400	+5.877e+03	+4.562e+03	+1.058e+04	+0.437
51.500	+4.758e+03	+3.739e+03	+1.046e+04	+0.440
51.600	+4.405e+03	+4.756e+03	+9.046e+03	+0.519
51.700	+3.924e+03	+5.581e+03	+1.007e+04	+0.587
51.800	+5.401e+03	+4.095e+03	+1.013e+04	+0.431
51.900	+6.114e+03	+5.566e+03	+9.896e+03	+0.477
52.000	+6.419e+03	+6.049e+03	+9.314e+03	+0.485
52.100	+5.496e+03	+3.599e+03	+9.620e+03	+0.396
52.200	+5.113e+03	+4.980e+03	+1.049e+04	+0.493
52.300	+5.354e+03	+4.344e+03	+9.390e+03	+0.448
52.400	+4.759e+03	+4.998e+03	+8.403e+03	+0.512
52.500	+5.125e+03	+5.101e+03	+9.656e+03	+0.499
52.600	+5.911e+03	+4.491e+03	+9.657e+03	+0.432
52.700	+4.445e+03	+5.642e+03	+1.034e+04	+0.559
52.800	+5.200e+03	+3.869e+03	+1.102e+04	+0.427
52.900	+5.410e+03	+5.127e+03	+1.036e+04	+0.487
53.000	+5.680e+03	+4.381e+03	+1.065e+04	+0.435
53.100	+4.068e+03	+5.520e+03	+8.981e+03	+0.576
53.200	+5.448e+03	+5.245e+03	+9.360e+03	+0.491
53.300	+6.799e+03	+5.266e+03	+1.023e+04	+0.436
53.400	+5.468e+03	+5.295e+03	+9.403e+03	+0.492
53.500	+4.750e+03	+3.912e+03	+9.531e+03	+0.452
53.600	+4.577e+03	+4.629e+03	+9.532e+03	+0.503
53.700	+4.899e+03	+5.606e+03	+1.046e+04	+0.534
53.800	+5.040e+03	+5.056e+03	+9.529e+03	+0.501
53.900	+5.343e+03	+4.497e+03	+8.736e+03	+0.457
54.000	+5.601e+03	+5.109e+03	+9.462e+03	+0.477
54.100	+5.465e+03	+5.996e+03	+9.906e+03	+0.523
54.200	+6.059e+03	+5.620e+03	+9.719e+03	+0.481
54.300	+5.087e+03	+4.444e+03	+1.058e+04	+0.466
54.400	+4.730e+03	+3.773e+03	+9.443e+03	+0.444
54.500	+4.417e+03	+4.493e+03	+1.036e+04	+0.504
54.600	+4.596e+03	+4.712e+03	+8.837e+03	+0.506
54.700	+5.362e+03	+5.083e+03	+1.068e+04	+0.487
54.800	+4.697e+03	+4.160e+03	+9.772e+03	+0.470
54.900	+5.688e+03	+4.827e+03	+8.883e+03	+0.459
55.000	+4.689e+03	+5.517e+03	+9.000e+03	+0.541
55.100	+1.656e+03	+7.446e+03	+9.170e+03	+0.818
55.200	+2.457e+03	+7.806e+03	+1.026e+04	+0.761
55.300	+2.505e+03	+7.361e+03	+1.087e+04	+0.746
55.400	+1.574e+03	+7.842e+03	+1.024e+04	+0.833
55.500	+1.550e+03	+7.556e+03	+1.019e+04	+0.830
55.600	+1.352e+03	+8.255e+03	+9.721e+03	+0.859
55.700	+1.592e+03	+7.368e+03	+1.069e+04	+0.822
55.800	+3.228e+03	+8.267e+03	+1.054e+04	+0.719
55.900	+1.491e+03	+8.497e+03	+1.148e+04	+0.851
56.000	+3.367e+03	+8.251e+03	+1.061e+04	+0.710
56.100	+2.492e+03	+7.396e+03	+1.035e+04	+0.748
56.200	+4.823e+03	+5.724e+03	+1.045e+04	+0.543
56.300	+7.750e+03	+1.676e+03	+9.690e+03	+0.178
56.400	+7.372e+03	+1.807e+03	+9.512e+03	+0.197
56.500	+7.789e+03	+2.227e+03	+1.002e+04	+0.222
56.600	+6.695e+03	+1.929e+03	+1.055e+04	+0.224
56.700	+7.448e+03	+2.926e+03	+9.981e+03	+0.282
56.800	+8.117e+03	+2.328e+03	+1.055e+04	+0.223
56.900	+9.548e+03	+2.804e+03	+1.013e+04	+0.227
57.000	+6.801e+03	+3.082e+03	+8.485e+03	+0.312
57.100	+6.013e+03	+2.079e+03	+1.066e+04	+0.257
57.200	+4.870e+03	+4.588e+03	+1.078e+04	+0.485
57.300	+4.239e+03	+6.025e+03	+9.985e+03	+0.587
57.400	+2.599e+03	+8.895e+03	+9.187e+03	+0.774
57.500	+1.858e+03	+7.641e+03	+9.824e+03	+0.804
57.600	+1.811e+03	+7.805e+03	+9.917e+03	+0.812
57.700	+1.990e+03	+8.711e+03	+9.531e+03	+0.814
57.800	+1.491e+03	+8.509e+03	+1.082e+04	+0.851
57.900	+1.646e+03	+7.760e+03	+1.077e+04	+0.825
58.000	+2.155e+03	+7.218e+03	+9.699e+03	+0.770
58.100	+2.530e+03	+7.716e+03	+9.880e+03	+0.753
58.200	+1.646e+03	+8.231e+03	+8.864e+03	+0.833
58.300	+4.774e+03	+3.923e+03	+9.868e+03	+0.451
58.400	+7.243e+03	+3.006e+03	+8.412e+03	+0.293
58.500	+7.645e+03	+2.648e+03	+1.045e+04	+0.257
58.600	+7.394e+03	+2.444e+03	+1.001e+04	+0.248
58.700	+8.731e+03	+9.788e+02	+9.070e+03	+0.101
58.800	+4.893e+03	+5.752e+03	+9.512e+03	+0.540
58.900	+2.075e+03	+8.468e+03	+1.023e+04	+0.803
59.000	+1.648e+03	+8.635e+03	+1.005e+04	+0.840
59.100	+3.406e+03	+6.347e+03	+1.058e+04	+0.651
59.200	+6.944e+03	+3.595e+03	+1.041e+04	+0.341
59.300	+5.824e+03	+3.314e+03	+9.298e+03	+0.363
59.400	+7.441e+03	+1.958e+03	+8.412e+03	+0.208
59.500	+7.895e+03	+1.778e+03	+9.447e+03	+0.184
59.600	+7.483e+03	+3.174e+03	+9.969e+03	+0.298
59.700	+7.389e+03	+2.788e+03	+1.011e+04	+0.274
59.800	+8.102e+03	+2.537e+03	+1.017e+04	+0.238
59.900	+6.788e+03	+1.150e+03	+9.479e+03	+0.145
60.000	+7.460e+03	+2.761e+03	+9.127e+03	+0.270
60.100	+7.463e+03	+3.553e+03	+1.009e+04	+0.323
60.200	+5.736e+03	+4.481e+03	+9.850e+03	+0.439
60.300	+5.358e+03	+5.084e+03	+9.810e+03	+0.487
60.400	+3.962e+03	+7.173e+03	+1.017e+04	+0.644
60.500	+2.486e+03	+7.821e+03	+1.055e+04	+0.759
60.600	+1.834e+03	+8.085e+03	+1.020e+04	+0.815
60.700	+1.933e+03	+7.642e+03	+1.096e+04	+0.798
60.800	+1.867e+03	+7.785e+03	+9.449e+03	+0.807
60.900	+1.816e+03	+8.314e+03	+1.052e+04	+0.821
61.000	+2.371e+03	+8.450e+03	+1.070e+04	+0.781
61.100	+7.257e+03	+2.954e+03	+9.995e+03	+0.289
61.200	+6.723e+03	+2.004e+03	+9.918e+03	+0.230
61.300	+7.667e+03	+1.878e+03	+9.579e+03	+0.197
61.400	+7.608e+03	+2.483e+03	+9.895e+03	+0.246
61.500	+7.764e+03	+2.384e+03	+9.752e+03	+0.235
61.600	+8.244e+03	+2.876e+03	+1.077e+04	+0.259
61.700	+7.196e+03	+2.535e+03	+8.802e+03	+0.261
61.800	+6.125e+03	+3.083e+03	+1.020e+04	+0.335
61.900	+7.384e+03	+2.930e+03	+1.015e+04	+0.284
62.000	+7.136e+03	+2.511e+03	+1.084e+04	+0.260
62.100	+8.414e+03	+1.625e+03	+1.095e+04	+0.162
62.200	+7.875e+03	+2.438e+03	+1.156e+04	+0.236
62.300	+9.287e+03	+2.249e+03	+1.070e+04	+0.195
62.400	+6.126e+03	+1.937e+03	+9.785e+03	+0.240
62.500	+7.981e+03	+2.263e+03	+1.043e+04	+0.221
62.600	+7.746e+03	+1.652e+03	+1.061e+04	+0.176
62.700	+7.398e+03	+1.982e+03	+9.725e+03	+0.211
62.800	+6.510e+03	+3.675e+03	+9.654e+03	+0.361
62.900	+7.815e+03	+2.702e+03	+7.916e+03	+0.257
63.000	+6.449e+03	+3.928e+03	+9.670e+03	+0.379
63.100	+5.235e+03	+4.832e+03	+9.967e+03	+0.480
63.200	+5.384e+03	+4.044e+03	+9.159e+03	+0.429
63.300	+5.420e+03	+4.068e+03	+9.877e+03	+0.429
63.400	+4.982e+03	+5.940e+03	+9.782e+03	+0.544
63.500	+6.004e+03	+4.929e+03	+9.962e+03	+0.451
63.600	+5.562e+03	+4.982e+03	+9.540e+03	+0.472
63.700	+5.151e+03	+5.006e+03	+1.011e+04	+0.493
63.800	+4.383e+03	+5.693e+03	+8.884e+03	+0.565
63.900	+1.701e+03	+7.978e+03	+1.077e+04	+0.824
64.000	+9.546e+02	+8.248e+03	+1.140e+04	+0.896
64.100	+2.785e+03	+7.777e+03	+9.397e+03	+0.736
64.200	+2.255e+03	+7.525e+03	+8.823e+03	+0.769
64.300	+8.850e+02	+8.064e+03	+1.004e+04	+0.901
64.400	+2.901e+03	+7.202e+03	+1.028e+04	+0.713
64.500	+1.783e+03	+6.672e+03	+1.020e+04	+0.789
64.600	+2.582e+03	+7.721e+03	+1.035e+04	+0.749
64.700	+6.115e+02	+8.114e+03	+1.025e+04	+0.930
64.800	+1.909e+03	+7.471e+03	+9.839e+03	+0.796
64.900	+1.829e+03	+6.718e+03	+1.062e+04	+0.786
65.000	+1.805e+03	+9.641e+03	+8.957e+03	+0.842
65.100	+2.212e+03	+8.756e+03	+9.738e+03	+0.798
65.200	+3.085e+03	+8.199e+03	+9.885e+03	+0.727
65.300	+2.445e+03	+8.966e+03	+9.791e+03	+0.786
65.400	+1.250e+03	+8.275e+03	+9.654e+03	+0.869
65.500	+4.476e+03	+5.595e+03	+1.023e+04	+0.556
65.600	+6.067e+03	+4.539e+03	+1.044e+04	+0.428
65.700	+2.155e+03	+7.402e+03	+9.983e+03	+0.775
65.800	+1.406e+03	+9.476e+03	+9.957e+03	+0.871
65.900	+2.044e+03	+8.872e+03	+1.005e+04	+0.813
66.000	+9.656e+02	+8.063e+03	+9.241e+03	+0.893
66.100	+1.919e+03	+7.211e+03	+1.083e+04	+0.790
66.200	+3.135e+03	+9.571e+03	+1.039e+04	+0.753
66.300	+2.287e+03	+6.991e+03	+1.021e+04	+0.753
66.400	+4.373e+03	+6.072e+03	+9.475e+03	+0.581
66.500	+5.004e+03	+4.685e+03	+1.023e+04	+0.484
66.600	+3.224e+03	+6.661e+03	+9.535e+03	+0.674
66.700	+2.681e+03	+8.742e+03	+1.119e+04	+0.765
66.800	+1.664e+03	+7.773e+03	+8.772e+03	+0.824
66.900	+1.169e+03	+8.991e+03	+1.054e+04	+0.885
67.000	+2.425e+03	+8.069e+03	+1.044e+04	+0.769
67.100	+2.004e+03	+7.773e+03	+1.058e+04	+0.795
67.200	+2.224e+03	+7.544e+03	+1.028e+04	+0.772
67.300	+9.792e+02	+7.873e+03	+8.952e+03	+0.889
67.400	+2.462e+03	+6.196e+03	+9.396e+03	+0.716
67.500	+1.797e+03	+8.067e+03	+1.004e+04	+0.818
67.600	+2.707e+03	+7.312e+03	+9.670e+03	+0.730
67.700	+5.680e+02	+7.197e+03	+7.875e+03	+0.927
67.800	+1.920e+03	+7.435e+03	+1.014e+04	+0.795
67.900	+2.033e+03	+7.335e+03	+8.588e+03	+0.783
68.000	+1.669e+03	+8.213e+03	+9.675e+03	+0.831
68.100	+7.078e+02	+8.738e+03	+1.160e+04	+0.925
68.200	+1.784e+03	+8.885e+03	+1.097e+04	+0.833
68.300	+3.179e+03	+7.795e+03	+1.065e+04	+0.710
68.400	+2.340e+03	+7.795e+03	+9.475e+03	+0.769
68.500	+2.514e+03	+7.448e+03	+9.865e+03	+0.748
68.600	+3.093e+03	+8.751e+03	+9.594e+03	+0.739
68.700	+2.154e+03	+8.937e+03	+9.323e+03	+0.806
68.800	+2.708e+03	+8.135e+03	+9.566e+03	+0.750
68.900	+2.030e+03	+7.786e+03	+9.925e+03	+0.793
69.000	+2.142e+03	+8.682e+03	+9.149e+03	+0.802
69.100	+2.216e+03	+7.739e+03	+9.259e+03	+0.777
69.200	+1.871e+03	+9.017e+03	+1.036e+04	+0.828
69.300	+2.574e+03	+5.994e+03	+9.551e+03	+0.700
69.400	+2.358e+03	+8.535e+03	+1.001e+04	+0.784
69.500	+3.160e+03	+8.583e+03	+1.035e+04	+0.731
69.600	+1.203e+03	+7.453e+03	+1.017e+04	+0.861
69.700	+1.952e+03	+8.612e+03	+1.033e+04	+0.815
69.800	+2.070e+03	+6.635e+03	+1.033e+04	+0.762
69.900	+3.126e+03	+8.938e+03	+9.731e+03	+0.741
70.000	+2.595e+03	+9.570e+03	+1.041e+04	+0.787
70.100	+2.600e+03	+8.343e+03	+9.186e+03	+0.762
70.200	+2.363e+03	+7.381e+03	+1.062e+04	+0.757
70.300	+3.019e+03	+8.908e+03	+9.220e+03	+0.747
70.400	+2.009e+03	+8.052e+03	+9.902e+03	+0.800
70.500	+2.679e+03	+6.952e+03	+1.043e+04	+0.722
70.600	+1.915e+03	+8.311e+03	+1.144e+04	+0.813
70.700	+1.346e+03	+8.385e+03	+9.980e+03	+0.862
70.800	+2.047e+03	+7.326e+03	+9.344e+03	+0.782
70.900	+2.222e+03	+7.763e+03	+1.014e+04	+0.777
71.000	+6.449e+03	+3.591e+03	+1.123e+04	+0.358
71.100	+8.589e+03	+3.508e+03	+8.540e+03	+0.290
71.200	+7.258e+03	+1.617e+03	+9.217e+03	+0.182
71.300	+7.260e+03	+3.102e+03	+9.722e+03	+0.299
71.400	+8.313e+03	+1.943e+03	+9.723e+03	+0.189
71.500	+7.469e+03	+2.181e+03	+1.022e+04	+0.226
71.600	+7.489e+03	+2.765e+03	+9.625e+03	+0.270
71.700	+8.222e+03	+3.226e+03	+9.239e+03	+0.282
71.800	+7.264e+03	+2.654e+03	+1.060e+04	+0.268
71.900	+7.283e+03	+2.502e+03	+1.030e+04	+0.256
72.000	+7.985e+03	+2.097e+03	+1.072e+04	+0.208
72.100	+7.317e+03	+4.254e+03	+9.668e+03	+0.368
72.200	+6.539e+03	+3.476e+03	+9.818e+03	+0.347
72.300	+8.219e+03	+2.155e+03	+1.016e+04	+0.208
72.400	+8.358e+03	+2.692e+03	+1.074e+04	+0.244
72.500	+6.691e+03	+2.316e+03	+1.003e+04	+0.257
72.600	+7.041e+03	+1.021e+03	+1.070e+04	+0.127
72.700	+6.946e+03	+3.928e+03	+9.732e+03	+0.361
72.800	+7.197e+03	+2.068e+03	+1.203e+04	+0.223
72.900	+7.296e+03	+3.447e+03	+1.081e+04	+0.321
73.000	+6.926e+03	+1.926e+03	+9.583e+03	+0.218
73.100	+7.063e+03	+3.380e+03	+1.044e+04	+0.324
73.200	+8.777e+03	+2.474e+03	+1.006e+04	+0.220
73.300	+7.365e+03	+2.080e+03	+1.023e+04	+0.220
73.400	+8.101e+03	+2.421e+03	+9.950e+03	+0.230
73.500	+8.990e+03	+2.348e+03	+9.094e+03	+0.207
73.600	+8.035e+03	+3.298e+03	+1.026e+04	+0.291
73.700	+7.822e+03	+3.637e+02	+8.779e+03	+0.044
73.800	+6.937e+03	+3.251e+03	+1.044e+04	+0.319
73.900	+8.516e+03	+2.077e+03	+9.552e+03	+0.196
74.000	+6.585e+03	+1.239e+03	+1.168e+04	+0.158
74.100	+7.615e+03	+3.490e+03	+1.065e+04	+0.314
74.200	+7.033e+03	+3.780e+03	+9.769e+03	+0.350
74.300	+7.316e+03	+1.646e+03	+1.002e+04	+0.184
74.400	+7.955e+03	+2.268e+03	+9.368e+03	+0.222
74.500	+8.097e+03	+1.333e+03	+8.818e+03	+0.141
74.600	+7.001e+03	+2.286e+03	+1.002e+04	+0.246
74.700	+8.243e+03	+1.642e+03	+9.211e+03	+0.166
74.800	+8.003e+03	+2.379e+03	+9.349e+03	+0.229
74.900	+7.692e+03	+2.695e+03	+9.475e+03	+0.259
75.000	+7.030e+03	+2.108e+03	+9.711e+03	+0.231
75.100	+8.143e+03	+2.685e+03	+1.102e+04	+0.248
75.200	+7.196e+03	+3.093e+03	+1.012e+04	+0.301
75.300	+7.831e+03	+2.969e+03	+9.840e+03	+0.275
75.400	+6.940e+03	+2.874e+03	+1.057e+04	+0.293
75.500	+6.735e+03	+3.266e+03	+1.061e+04	+0.327
75.600	+7.840e+03	+1.826e+03	+1.038e+04	+0.189
75.700	+6.467e+03	+3.853e+03	+1.015e+04	+0.373
75.800	+2.967e+03	+7.380e+03	+1.005e+04	+0.713
75.900	+1.780e+03	+8.433e+03	+9.653e+03	+0.826
76.000	+1.159e+03	+7.743e+03	+1.079e+04	+0.870
76.100	+2.951e+03	+7.436e+03	+9.504e+03	+0.716
76.200	+2.401e+03	+6.967e+03	+1.271e+04	+0.744
76.300	+1.123e+03	+7.645e+03	+9.716e+03	+0.872
76.400	+1.701e+03	+8.520e+03	+1.024e+04	+0.834
76.500	+1.722e+03	+8.435e+03	+1.062e+04	+0.830
76.600	+2.705e+03	+8.947e+03	+9.404e+03	+0.768
76.700	+3.214e+03	+8.457e+03	+1.028e+04	+0.725
76.800	+2.572e+03	+8.640e+03	+9.576e+03	+0.771
76.900	+1.970e+03	+8.331e+03	+9.853e+03	+0.809
77.000	+2.278e+03	+8.114e+03	+9.055e+03	+0.781
77.100	+4.591e+03	+6.737e+03	+9.815e+03	+0.595
77.200	+4.204e+03	+4.699e+03	+9.789e+03	+0.528
77.300	+5.187e+03	+5.128e+03	+1.066e+04	+0.497
77.400	+4.525e+03	+5.474e+03	+9.485e+03	+0.547
77.500	+3.257e+03	+5.741e+03	+9.212e+03	+0.638
77.600	+4.025e+03	+5.627e+03	+9.612e+03	+0.583
77.700	+5.584e+03	+4.527e+03	+1.018e+04	+0.448
77.800	+6.436e+03	+4.164e+03	+9.311e+03	+0.393
77.900	+8.334e+03	+2.031e+03	+1.006e+04	+0.196
78.000	+7.425e+03	+1.720e+03	+9.114e+03	+0.188
78.100	+7.855e+03	+3.044e+03	+1.033e+04	+0.279
78.200	+6.776e+03	+2.198e+03	+9.558e+03	+0.245
78.300	+7.487e+03	+2.898e+03	+9.964e+03	+0.279
78.400	+8.139e+03	+2.847e+03	+9.587e+03	+0.259
78.500	+6.878e+03	+2.598e+03	+1.009e+04	+0.274
78.600	+8.335e+03	+2.570e+03	+1.048e+04	+0.236
78.700	+8.145e+03	+1.947e+03	+1.133e+04	+0.193
78.800	+8.521e+03	+4.012e+03	+9.221e+03	+0.320
78.900	+7.434e+03	+1.536e+03	+1.115e+04	+0.171
79.000	+7.577e+03	+2.262e+03	+9.649e+03	+0.230
79.100	+7.246e+03	+3.661e+03	+1.144e+04	+0.336
79.200	+6.665e+03	+2.749e+03	+1.016e+04	+0.292
79.300	+7.889e+03	+2.943e+03	+1.034e+04	+0.272
79.400	+7.111e+03	+2.874e+03	+1.051e+04	+0.288
79.500	+4.986e+03	+4.169e+03	+9.544e+03	+0.455
79.600	+5.846e+03	+5.611e+03	+9.896e+03	+0.490
79.700	+4.975e+03	+4.717e+03	+9.486e+03	+0.487
79.800	+5.974e+03	+3.857e+03	+8.993e+03	+0.392
79.900	+6.192e+03	+3.743e+03	+8.881e+03	+0.377
80.000	+5.968e+03	+4.348e+03	+1.052e+04	+0.421
80.100	+4.425e+03	+4.395e+03	+9.727e+03	+0.498
80.200	+4.173e+03	+4.708e+03	+9.277e+03	+0.530
80.300	+4.925e+03	+4.470e+03	+9.437e+03	+0.476
80.400	+4.082e+03	+6.828e+03	+1.009e+04	+0.626
80.500	+1.206e+03	+7.258e+03	+9.860e+03	+0.857
80.600	+1.759e+03	+8.608e+03	+9.531e+03	+0.830
80.700	+1.027e+03	+7.547e+03	+9.240e+03	+0.880
80.800	+2.104e+03	+7.921e+03	+9.869e+03	+0.790
80.900	+2.437e+03	+7.593e+03	+1.022e+04	+0.757
81.000	+6.359e+03	+4.854e+03	+1.014e+04	+0.433
81.100	+7.485e+03	+1.233e+03	+1.105e+04	+0.141
81.200	+8.134e+03	+3.458e+03	+1.051e+04	+0.298
81.300	+8.066e+03	+2.857e+03	+1.109e+04	+0.262
81.400	+5.999e+03	+5.421e+03	+1.079e+04	+0.475
81.500	+5.183e+03	+4.664e+03	+9.559e+03	+0.474
81.600	+4.136e+03	+6.682e+03	+9.777e+03	+0.618
81.700	+1.517e+03	+8.411e+03	+9.737e+03	+0.847
81.800	+3.178e+03	+9.080e+03	+9.884e+03	+0.741
81.900	+3.564e+03	+4.312e+03	+1.006e+04	+0.547
82.000	+4.821e+03	+5.039e+03	+1.049e+04	+0.511
82.100	+4.913e+03	+5.393e+03	+9.625e+03	+0.523
82.200	+5.445e+03	+4.468e+03	+1.104e+04	+0.451
82.300	+4.925e+03	+6.514e+03	+1.099e+04	+0.569
82.400	+4.169e+03	+4.813e+03	+9.629e+03	+0.536
82.500	+4.460e+03	+6.297e+03	+9.721e+03	+0.585
82.600	+6.926e+03	+3.870e+03	+1.055e+04	+0.358
82.700	+4.733e+03	+4.259e+03	+1.056e+04	+0.474
82.800	+5.829e+03	+6.283e+03	+8.852e+03	+0.519
82.900	+3.722e+03	+4.692e+03	+9.686e+03	+0.558
83.000	+5.364e+03	+5.320e+03	+1.073e+04	+0.498
83.100	+4.782e+03	+4.123e+03	+9.232e+03	+0.463
83.200	+5.277e+03	+4.918e+03	+1.030e+04	+0.482
83.300	+5.520e+03	+3.498e+03	+9.442e+03	+0.388
83.400	+6.771e+03	+2.430e+03	+1.152e+04	+0.264
83.500	+7.901e+03	+3.680e+03	+9.197e+03	+0.318
83.600	+7.149e+03	+1.339e+03	+1.002e+04	+0.158
83.700	+8.552e+03	+2.594e+03	+1.063e+04	+0.233
83.800	+7.808e+03	+2.526e+03	+1.073e+04	+0.244
83.900	+7.350e+03	+1.610e+03	+1.013e+04	+0.180
84.000	+9.041e+03	+2.560e+03	+1.019e+04	+0.221
84.100	+8.087e+03	+3.468e+03	+1.056e+04	+0.300
84.200	+7.247e+03	+1.888e+03	+1.053e+04	+0.207
84.300	+4.516e+03	+4.309e+03	+8.858e+03	+0.488
84.400	+4.773e+03	+6.135e+03	+1.087e+04	+0.562
84.500	+4.856e+03	+4.795e+03	+9.876e+03	+0.497
84.600	+6.092e+03	+4.442e+03	+9.963e+03	+0.422
84.700	+4.928e+03	+4.455e+03	+1.043e+04	+0.475
84.800	+3.798e+03	+4.786e+03	+1.053e+04	+0.558
84.900	+4.424e+03	+3.997e+03	+1.072e+04	+0.475
85.000	+3.689e+03	+5.095e+03	+9.486e+03	+0.580
85.100	+4.588e+03	+5.462e+03	+9.243e+03	+0.544
85.200	+5.566e+03	+4.977e+03	+1.003e+04	+0.472
85.300	+1.873e+03	+7.437e+03	+9.492e+03	+0.799
85.400	+1.182e+03	+8.730e+03	+8.947e+03	+0.881
85.500	+1.319e+03	+7.175e+03	+1.038e+04	+0.845
85.600	+7.603e+03	+2.798e+03	+9.463e+03	+0.269
85.700	+6.961e+03	+1.919e+03	+9.204e+03	+0.216
85.800	+7.759e+03	+2.394e+03	+9.378e+03	+0.236
85.900	+7.549e+03	+1.986e+03	+1.062e+04	+0.208
86.000	+8.071e+03	+2.338e+03	+9.685e+03	+0.225
86.100	+7.004e+03	+1.718e+03	+9.430e+03	+0.197
86.200	+6.409e+03	+2.985e+03	+9.988e+03	+0.318
86.300	+7.924e+03	+2.713e+03	+1.024e+04	+0.255
86.400	+7.031e+03	+3.739e+03	+9.916e+03	+0.347
86.500	+7.532e+03	+2.118e+03	+9.875e+03	+0.220
86.600	+7.499e+03	+4.023e+03	+1.108e+04	+0.349
86.700	+6.633e+03	+1.270e+03	+9.680e+03	+0.161
86.800	+7.445e+03	+2.540e+03	+1.041e+04	+0.254
86.900	+7.187e+03	+1.442e+03	+9.266e+03	+0.167
87.000	+5.239e+03	+2.951e+03	+9.024e+03	+0.360
87.100	+7.998e+03	+3.405e+03	+9.766e+03	+0.299
87.200	+7.329e+03	+2.987e+03	+1.044e+04	+0.290
87.300	+8.237e+03	+1.782e+03	+1.088e+04	+0.178
87.400	+7.605e+03	+3.678e+03	+1.012e+04	+0.326
87.500	+7.600e+03	+1.647e+03	+1.119e+04	+0.178
87.600	+5.288e+03	+2.658e+03	+9.847e+03	+0.335
87.700	+6.011e+03	+2.808e+03	+8.791e+03	+0.318
87.800	+7.620e+03	+3.280e+03	+9.292e+03	+0.301
87.900	+7.927e+03	+1.553e+03	+9.957e+03	+0.164
88.000	+8.151e+03	+1.999e+03	+1.043e+04	+0.197
88.100	+6.350e+03	+2.234e+03	+1.005e+04	+0.260
88.200	+7.855e+03	+1.761e+03	+9.166e+03	+0.183
88.300	+8.202e+03	+3.145e+03	+1.012e+04	+0.277
88.400	+7.517e+03	+1.918e+03	+9.377e+03	+0.203
88.500	+7.549e+03	+1.570e+03	+9.931e+03	+0.172
88.600	+7.331e+03	+2.068e+03	+8.978e+03	+0.220
88.700	+7.625e+03	+2.203e+03	+1.001e+04	+0.224
88.800	+6.605e+03	+3.196e+03	+9.612e+03	+0.326
88.900	+6.517e+03	+3.391e+03	+9.611e+03	+0.342
89.000	+7.648e+03	+3.140e+03	+8.559e+03	+0.291
89.100	+8.157e+03	+3.853e+03	+1.106e+04	+0.321
89.200	+8.632e+03	+1.846e+03	+1.007e+04	+0.176
89.300	+6.780e+03	+1.810e+03	+8.849e+03	+0.211
89.400	+7.367e+03	+2.900e+03	+9.823e+03	+0.283
89.500	+7.809e+03	+2.839e+03	+9.949e+03	+0.267
89.600	+7.289e+03	+2.966e+03	+9.708e+03	+0.289
89.700	+6.928e+03	+2.730e+03	+9.579e+03	+0.283
89.800	+7.467e+03	+2.065e+03	+9.727e+03	+0.217
89.900	+8.906e+03	+2.559e+03	+9.664e+03	+0.223
90.000	+6.366e+03	+2.049e+03	+9.666e+03	+0.244
90.100	+8.427e+03	+2.503e+03	+1.003e+04	+0.229
90.200	+6.937e+03	+3.006e+03	+9.482e+03	+0.302
90.300	+7.199e+03	+2.472e+03	+9.789e+03	+0.256
90.400	+7.393e+03	+1.481e+03	+1.039e+04	+0.167
90.500	+8.251e+03	+2.399e+03	+9.079e+03	+0.225
90.600	+8.667e+03	+1.251e+03	+8.641e+03	+0.126
90.700	+7.598e+03	+3.255e+03	+9.913e+03	+0.300
90.800	+6.595e+03	+2.768e+03	+1.017e+04	+0.296
90.900	+7.357e+03	+2.577e+03	+9.768e+03	+0.259
91.000	+7.143e+03	+2.449e+03	+8.668e+03	+0.255
91.100	+5.047e+03	+5.253e+03	+1.086e+04	+0.510
91.200	+5.019e+03	+3.754e+03	+1.112e+04	+0.428
91.300	+5.338e+03	+5.509e+03	+9.600e+03	+0.508
91.400	+5.202e+03	+4.459e+03	+8.578e+03	+0.462
91.500	+4.155e+03	+4.913e+03	+1.004e+04	+0.542
91.600	+4.592e+03	+4.696e+03	+9.686e+03	+0.506
91.700	+4.449e+03	+4.598e+03	+1.159e+04	+0.508
91.800	+4.795e+03	+5.584e+03	+1.025e+04	+0.538
91.900	+4.917e+03	+5.633e+03	+9.291e+03	+0.534
92.000	+4.519e+03	+5.389e+03	+9.565e+03	+0.544
92.100	+5.676e+03	+5.066e+03	+1.032e+04	+0.472
92.200	+5.788e+03	+3.920e+03	+8.915e+03	+0.404
92.300	+4.864e+03	+4.593e+03	+9.690e+03	+0.486
92.400	+3.949e+03	+5.720e+03	+9.714e+03	+0.592
92.500	+4.367e+03	+4.924e+03	+9.869e+03	+0.530
92.600	+5.160e+03	+4.243e+03	+8.570e+03	+0.451
92.700	+4.470e+03	+4.906e+03	+1.074e+04	+0.523
92.800	+4.962e+03	+4.164e+03	+8.959e+03	+0.456
92.900	+5.460e+03	+4.945e+03	+1.010e+04	+0.475
93.000	+4.178e+03	+4.744e+03	+9.918e+03	+0.532
93.100	+4.176e+03	+6.209e+03	+1.057e+04	+0.598
93.200	+5.300e+03	+5.220e+03	+1.023e+04	+0.496
93.300	+3.117e+03	+4.866e+03	+9.916e+03	+0.610
93.400	+6.619e+03	+5.536e+03	+9.739e+03	+0.455
93.500	+5.050e+03	+6.165e+03	+1.045e+04	+0.550
93.600	+6.009e+03	+5.192e+03	+1.108e+04	+0.463
93.700	+4.376e+03	+4.811e+03	+9.330e+03	+0.524
93.800	+4.336e+03	+2.919e+03	+9.717e+03	+0.402
93.900	+5.059e+03	+5.058e+03	+1.072e+04	+0.500
94.000	+4.692e+03	+5.078e+03	+1.058e+04	+0.520
94.100	+6.181e+03	+5.068e+03	+8.455e+03	+0.451
94.200	+5.054e+03	+5.099e+03	+9.009e+03	+0.502
94.300	+5.452e+03	+4.269e+03	+1.032e+04	+0.439
94.400	+4.379e+03	+5.662e+03	+1.042e+04	+0.564
94.500	+4.677e+03	+4.249e+03	+1.042e+04	+0.476
94.600	+4.582e+03	+5.972e+03	+1.139e+04	+0.566
94.700	+6.021e+03	+4.842e+03	+1.001e+04	+0.446
94.800	+5.238e+03	+4.925e+03	+9.951e+03	+0.485
94.900	+4.514e+03	+4.248e+03	+9.597e+03	+0.485
95.000	+4.926e+03	+5.337e+03	+1.026e+04	+0.520
95.100	+4.193e+03	+5.205e+03	+9.818e+03	+0.554
95.200	+5.788e+03	+6.004e+03	+1.052e+04	+0.509
95.300	+4.422e+03	+5.564e+03	+1.099e+04	+0.557
95.400	+5.994e+03	+3.465e+03	+9.853e+03	+0.366
95.500	+4.587e+03	+5.333e+03	+1.083e+04	+0.538
95.600	+4.642e+03	+4.627e+03	+1.008e+04	+0.499
95.700	+5.353e+03	+3.442e+03	+9.772e+03	+0.391
95.800	+5.566e+03	+5.466e+03	+9.303e+03	+0.495
95.900	+2.269e+03	+7.184e+03	+1.011e+04	+0.760
96.000	+1.223e+03	+7.057e+03	+9.299e+03	+0.852
96.100	+1.362e+03	+6.772e+03	+9.197e+03	+0.833
96.200	+1.933e+03	+8.020e+03	+1.118e+04	+0.806
96.300	+1.909e+03	+8.582e+03	+1.059e+04	+0.818
96.400	+1.592e+03	+6.506e+03	+1.096e+04	+0.803
96.500	+1.485e+03	+6.992e+03	+9.210e+03	+0.825
96.600	+2.777e+03	+8.025e+03	+1.110e+04	+0.743
96.700	+2.252e+03	+8.995e+03	+9.970e+03	+0.800
96.800	+2.573e+03	+9.436e+03	+9.379e+03	+0.786
96.900	+1.413e+03	+8.197e+03	+1.071e+04	+0.853
97.000	+2.500e+03	+7.793e+03	+1.014e+04	+0.757
97.100	+4.077e+03	+6.796e+03	+1.015e+04	+0.625
97.200	+5.215e+03	+5.618e+03	+1.075e+04	+0.519
97.300	+4.188e+03	+4.451e+03	+1.037e+04	+0.515
97.400	+4.660e+03	+4.258e+03	+1.038e+04	+0.477
97.500	+6.220e+03	+5.435e+03	+8.396e+03	+0.466
97.600	+3.864e+03	+5.031e+03	+9.615e+03	+0.566
97.700	+4.833e+03	+4.986e+03	+9.588e+03	+0.508
97.800	+5.429e+03	+4.602e+03	+9.461e+03	+0.459
97.900	+6.112e+03	+4.888e+03	+9.452e+03	+0.444
98.000	+3.794e+03	+4.461e+03	+9.729e+03	+0.540
98.100	+5.109e+03	+5.790e+03	+9.886e+03	+0.531
98.200	+4.730e+03	+4.370e+03	+1.067e+04	+0.480
98.300	+4.137e+03	+4.773e+03	+9.917e+03	+0.536
98.400	+4.208e+03	+6.332e+03	+1.060e+04	+0.601
98.500	+6.693e+03	+5.055e+03	+9.746e+03	+0.430
98.600	+4.752e+03	+5.423e+03	+1.173e+04	+0.533
98.700	+1.685e+03	+8.738e+03	+1.021e+04	+0.838
98.800	+2.989e+03	+8.252e+03	+9.062e+03	+0.734
98.900	+1.519e+03	+7.738e+03	+8.775e+03	+0.836
99.000	+3.245e+03	+8.467e+03	+1.036e+04	+0.723
99.100	+2.086e+03	+7.672e+03	+1.033e+04	+0.786
99.200	+8.275e+02	+8.007e+03	+9.444e+03	+0.906
99.300	+1.355e+03	+7.144e+03	+9.314e+03	+0.841
99.400	+2.083e+03	+8.375e+03	+9.652e+03	+0.801
99.500	+2.984e+03	+8.206e+03	+1.007e+04	+0.733
99.600	+1.348e+03	+8.901e+03	+1.011e+04	+0.868
99.700	+2.738e+03	+7.522e+03	+1.033e+04	+0.733
99.800	+1.576e+03	+7.164e+03	+1.000e+04	+0.820
99.900	+2.439e+03	+6.953e+03	+1.031e+04	+0.740
100.000	+3.138e+03	+8.393e+03	+9.237e+03	+0.728
100.100	+2.067e+03	+6.614e+03	+1.155e+04	+0.762
100.200	+1.965e+03	+7.106e+03	+8.725e+03	+0.783
100.300	+2.979e+03	+8.023e+03	+9.300e+03	+0.729
100.400	+1.500e+03	+6.385e+03	+9.879e+03	+0.810
100.500	+4.366e+03	+6.204e+03	+1.030e+04	+0.587
100.600	+7.037e+03	+3.429e+03	+1.158e+04	+0.328
100.700	+7.706e+03	+1.989e+03	+9.666e+03	+0.205
100.800	+8.163e+03	+2.338e+03	+9.184e+03	+0.223
100.900	+7.509e+03	+3.089e+03	+1.066e+04	+0.291
101.000	+7.725e+03	+2.831e+03	+1.042e+04	+0.268
101.100	+8.061e+03	+1.998e+03	+9.316e+03	+0.199
101.200	+6.523e+03	+3.098e+03	+1.128e+04	+0.322
101.300	+6.922e+03	+2.908e+03	+1.017e+04	+0.296
101.400	+7.352e+03	+3.757e+03	+9.592e+03	+0.338
101.500	+6.872e+03	+2.575e+03	+9.859e+03	+0.273
101.600	+6.944e+03	+2.320e+03	+9.962e+03	+0.250
101.700	+6.386e+03	+4.723e+03	+9.922e+03	+0.425
101.800	+7.502e+03	+2.237e+03	+1.077e+04	+0.230
101.900	+4.319e+03	+5.828e+03	+1.032e+04	+0.574
102.000	+5.245e+03	+5.062e+03	+1.121e+04	+0.491
102.100	+5.592e+03	+5.193e+03	+1.020e+04	+0.481
102.200	+4.921e+03	+6.437e+03	+1.065e+04	+0.567
102.300	+4.697e+03	+4.900e+03	+1.021e+04	+0.511
102.400	+5.177e+03	+5.642e+03	+1.075e+04	+0.521
102.500	+4.783e+03	+5.489e+03	+9.476e+03	+0.534
102.600	+4.642e+03	+5.646e+03	+1.015e+04	+0.549
102.700	+5.730e+03	+4.150e+03	+1.021e+04	+0.420
102.800	+5.229e+03	+4.814e+03	+1.079e+04	+0.479
102.900	+4.086e+03	+4.336e+03	+1.055e+04	+0.515
103.000	+4.669e+03	+5.280e+03	+9.207e+03	+0.531
103.100	+4.624e+03	+6.772e+03	+1.029e+04	+0.594
103.200	+5.639e+03	+6.333e+03	+9.679e+03	+0.529
103.300	+5.366e+03	+5.851e+03	+9.481e+03	+0.522
103.400	+5.500e+03	+4.283e+03	+1.114e+04	+0.438
103.500	+5.607e+03	+4.393e+03	+9.486e+03	+0.439
103.600	+5.690e+03	+4.018e+03	+9.060e+03	+0.414
103.700	+5.190e+03	+5.433e+03	+9.645e+03	+0.511
103.800	+4.270e+03	+6.254e+03	+1.167e+04	+0.594
103.900	+5.101e+03	+5.140e+03	+1.014e+04	+0.502
104.000	+4.984e+03	+4.913e+03	+1.018e+04	+0.496
104.100	+4.864e+03	+5.104e+03	+1.012e+04	+0.512
104.200	+4.771e+03	+5.119e+03	+1.016e+04	+0.518
104.300	+5.640e+03	+5.449e+03	+1.050e+04	+0.491
104.400	+4.786e+03	+5.620e+03	+1.062e+04	+0.540
104.500	+3.636e+03	+5.066e+03	+1.132e+04	+0.582
104.600	+5.267e+03	+6.292e+03	+9.435e+03	+0.544
104.700	+3.657e+03	+6.107e+03	+9.861e+03	+0.625
104.800	+3.801e+03	+4.992e+03	+9.752e+03	+0.568
104.900	+5.182e+03	+4.868e+03	+9.837e+03	+0.484
105.000	+5.070e+03	+4.296e+03	+1.079e+04	+0.459
105.100	+5.573e+03	+4.074e+03	+9.223e+03	+0.422
105.200	+4.875e+03	+5.762e+03	+1.024e+04	+0.542
105.300	+5.059e+03	+4.417e+03	+1.050e+04	+0.466
105.400	+3.411e+03	+4.154e+03	+1.059e+04	+0.549
105.500	+5.023e+03	+4.456e+03	+9.214e+03	+0.470
105.600	+5.278e+03	+5.306e+03	+9.983e+03	+0.501
105.700	+6.227e+03	+5.590e+03	+1.001e+04	+0.473
105.800	+3.460e+03	+6.255e+03	+1.019e+04	+0.644
105.900	+2.125e+03	+7.514e+03	+9.893e+03	+0.780
106.000	+1.521e+03	+6.193e+03	+9.968e+03	+0.803
106.100	+2.488e+03	+8.097e+03	+1.003e+04	+0.765
106.200	+2.450e+03	+8.509e+03	+9.674e+03	+0.776
106.300	+1.794e+03	+7.871e+03	+9.964e+03	+0.814
106.400	+1.030e+03	+8.336e+03	+9.513e+03	+0.890
106.500	+1.100e+03	+7.916e+03	+1.030e+04	+0.878
106.600	+2.785e+03	+8.447e+03	+1.010e+04	+0.752
106.700	+1.942e+03	+8.820e+03	+1.045e+04	+0.820
106.800	+2.292e+03	+8.460e+03	+1.056e+04	+0.787
106.900	+4.034e+03	+4.793e+03	+9.556e+03	+0.543
107.000	+5.752e+03	+5.560e+03	+1.077e+04	+0.492
107.100	+5.237e+03	+5.384e+03	+8.943e+03	+0.507
107.200	+5.044e+03	+4.350e+03	+1.039e+04	+0.463
107.300	+4.589e+03	+3.681e+03	+9.962e+03	+0.445
107.400	+3.198e+03	+4.258e+03	+1.025e+04	+0.571
107.500	+5.305e+03	+4.494e+03	+1.041e+04	+0.459
107.600	+5.846e+03	+5.545e+03	+8.102e+03	+0.487
107.700	+4.459e+03	+4.725e+03	+1.031e+04	+0.515
107.800	+3.624e+03	+4.699e+03	+1.020e+04	+0.565
107.900	+5.146e+03	+4.554e+03	+9.461e+03	+0.469
108.000	+6.278e+03	+4.106e+03	+1.033e+04	+0.395
108.100	+4.478e+03	+4.066e+03	+9.623e+03	+0.476
108.200	+5.560e+03	+6.474e+03	+1.050e+04	+0.538
108.300	+4.601e+03	+4.537e+03	+9.219e+03	+0.496
108.400	+5.903e+03	+4.694e+03	+1.071e+04	+0.443
108.500	+5.513e+03	+5.960e+03	+1.029e+04	+0.519
108.600	+5.296e+03	+4.185e+03	+1.080e+04	+0.441
108.700	+4.538e+03	+5.073e+03	+1.116e+04	+0.528
108.800	+5.544e+03	+5.234e+03	+1.078e+04	+0.486
108.900	+5.001e+03	+5.579e+03	+9.141e+03	+0.527
109.000	+3.641e+03	+4.988e+03	+1.011e+04	+0.578
109.100	+5.071e+03	+4.669e+03	+1.054e+04	+0.479
109.200	+5.328e+03	+5.333e+03	+9.294e+03	+0.500
109.300	+5.609e+03	+5.193e+03	+1.142e+04	+0.481
109.400	+4.804e+03	+6.463e+03	+9.866e+03	+0.574
109.500	+3.457e+03	+4.607e+03	+9.934e+03	+0.571
109.600	+5.665e+03	+5.005e+03	+9.643e+03	+0.469
109.700	+3.876e+03	+5.740e+03	+9.862e+03	+0.597
109.800	+7.265e+03	+5.709e+03	+1.089e+04	+0.440
109.900	+4.866e+03	+4.367e+03	+9.134e+03	+0.473
110.000	+4.183e+03	+4.487e+03	+1.115e+04	+0.518
110.100	+6.219e+03	+5.640e+03	+9.661e+03	+0.476
110.200	+3.819e+03	+4.689e+03	+9.291e+03	+0.551
110.300	+5.319e+03	+5.566e+03	+1.011e+04	+0.511
110.400	+5.201e+03	+6.026e+03	+1.082e+04	+0.537
110.500	+4.846e+03	+4.664e+03	+8.913e+03	+0.490
110.600	+4.495e+03	+4.824e+03	+9.374e+03	+0.518
110.700	+5.890e+03	+5.481e+03	+1.060e+04	+0.482
110.800	+5.402e+03	+4.252e+03	+1.046e+04	+0.440
110.900	+4.548e+03	+5.932e+03	+1.014e+04	+0.566
111.000	+5.484e+03	+3.785e+03	+9.773e+03	+0.408
111.100	+6.260e+03	+4.678e+03	+1.185e+04	+0.428
111.200	+4.664e+03	+5.405e+03	+9.954e+03	+0.537
111.300	+5.419e+03	+5.538e+03	+1.088e+04	+0.505
111.400	+4.820e+03	+4.656e+03	+1.012e+04	+0.491
111.500	+6.051e+03	+4.462e+03	+9.435e+03	+0.424
111.600	+5.120e+03	+4.940e+03	+1.033e+04	+0.491
111.700	+3.120e+03	+3.808e+03	+9.052e+03	+0.550
111.800	+5.232e+03	+4.806e+03	+8.942e+03	+0.479
111.900	+4.020e+03	+5.469e+03	+9.926e+03	+0.576
112.000	+5.885e+03	+3.487e+03	+1.023e+04	+0.372
112.100	+4.920e+03	+6.018e+03	+1.099e+04	+0.550
112.200	+6.578e+03	+4.803e+03	+1.023e+04	+0.422
112.300	+4.109e+03	+5.110e+03	+9.137e+03	+0.554
112.400	+5.031e+03	+4.615e+03	+1.032e+04	+0.478
112.500	+4.830e+03	+5.248e+03	+1.074e+04	+0.521
112.600	+5.234e+03	+5.043e+03	+8.705e+03	+0.491
112.700	+6.117e+03	+5.512e+03	+9.503e+03	+0.474
112.800	+4.212e+03	+5.191e+03	+9.552e+03	+0.552
112.900	+5.345e+03	+5.426e+03	+8.223e+03	+0.504
113.000	+5.548e+03	+5.305e+03	+9.843e+03	+0.489
113.100	+4.521e+03	+6.222e+03	+1.145e+04	+0.579
113.200	+4.244e+03	+4.591e+03	+1.107e+04	+0.520
113.300	+4.749e+03	+6.081e+03	+9.657e+03	+0.561
113.400	+5.024e+03	+4.554e+03	+1.107e+04	+0.475
113.500	+4.959e+03	+4.546e+03	+1.019e+04	+0.478
113.600	+4.662e+03	+5.344e+03	+1.035e+04	+0.534
113.700	+4.220e+03	+6.234e+03	+1.032e+04	+0.596
113.800	+1.437e+03	+8.410e+03	+1.018e+04	+0.854
113.900	+2.153e+03	+8.126e+03	+1.190e+04	+0.791
114.000	+1.801e+03	+7.837e+03	+1.021e+04	+0.813
114.100	+2.405e+03	+9.548e+03	+9.921e+03	+0.799
114.200	+3.645e+03	+8.412e+03	+1.020e+04	+0.698
114.300	+1.730e+03	+7.288e+03	+9.077e+03	+0.808
114.400	+8.550e+02	+9.504e+03	+9.351e+03	+0.917
114.500	+2.213e+03	+9.061e+03	+9.428e+03	+0.804
114.600	+2.763e+03	+8.807e+03	+9.997e+03	+0.761
114.700	+2.290e+03	+8.673e+03	+1.045e+04	+0.791
114.800	+2.563e+03	+7.229e+03	+9.158e+03	+0.738
114.900	+2.690e+03	+7.291e+03	+9.756e+03	+0.730
115.000	+2.108e+03	+8.041e+03	+9.253e+03	+0.792
115.100	+2.328e+03	+9.450e+03	+9.997e+03	+0.802
115.200	+2.567e+03	+7.118e+03	+1.066e+04	+0.735
115.300	+2.268e+03	+7.434e+03	+9.779e+03	+0.766
115.400	+2.603e+03	+8.312e+03	+1.014e+04	+0.762
115.500	+2.720e+03	+7.678e+03	+1.015e+04	+0.738
115.600	+1.668e+03	+9.219e+03	+9.670e+03	+0.847
115.700	+6.713e+02	+7.703e+03	+1.057e+04	+0.920
115.800	+3.966e+03	+9.731e+03	+1.085e+04	+0.710
115.900	+4.952e+03	+5.725e+03	+9.904e+03	+0.536
116.000	+5.842e+03	+5.762e+03	+1.044e+04	+0.497
116.100	+4.980e+03	+6.110e+03	+9.717e+03	+0.551
116.200	+4.390e+03	+4.563e+03	+1.010e+04	+0.510
116.300	+5.127e+03	+4.341e+03	+1.105e+04	+0.458
116.400	+5.438e+03	+5.202e+03	+1.025e+04	+0.489
116.500	+5.982e+03	+5.060e+03	+1.022e+04	+0.458
116.600	+4.124e+03	+5.054e+03	+1.019e+04	+0.551
116.700	+5.744e+03	+4.678e+03	+1.012e+04	+0.449
116.800	+4.510e+03	+5.462e+03	+9.122e+03	+0.548
116.900	+5.921e+03	+6.087e+03	+9.945e+03	+0.507
117.000	+5.497e+03	+4.133e+03	+9.480e+03	+0.429
117.100	+3.084e+03	+6.409e+03	+1.018e+04	+0.675
117.200	+1.878e+03	+8.485e+03	+1.044e+04	+0.819
117.300	+3.009e+03	+7.383e+03	+9.076e+03	+0.710
117.400	+2.378e+03	+8.098e+03	+9.362e+03	+0.773
117.500	+2.552e+03	+8.113e+03	+8.871e+03	+0.761
117.600	+2.326e+03	+8.705e+03	+1.084e+04	+0.789
117.700	+2.570e+03	+8.859e+03	+1.014e+04	+0.775
117.800	+1.891e+03	+6.976e+03	+9.521e+03	+0.787
117.900	+1.239e+03	+8.343e+03	+1.055e+04	+0.871
118.000	+3.188e+03	+8.637e+03	+1.055e+04	+0.730
118.100	+1.045e+03	+7.381e+03	+9.686e+03	+0.876
118.200	+1.343e+03	+8.613e+03	+9.369e+03	+0.865
118.300	+2.179e+03	+7.080e+03	+1.034e+04	+0.765
118.400	+2.178e+03	+8.481e+03	+1.078e+04	+0.796
118.500	+1.301e+03	+8.440e+03	+8.500e+03	+0.866
118.600	+2.329e+03	+8.657e+03	+1.011e+04	+0.788
118.700	+2.151e+03	+6.964e+03	+1.069e+04	+0.764
118.800	+2.187e+03	+9.350e+03	+9.213e+03	+0.810
118.900	+6.399e+02	+7.383e+03	+1.127e+04	+0.920
119.000	+3.113e+03	+7.640e+03	+9.608e+03	+0.711
119.100	+1.120e+03	+8.124e+03	+9.936e+03	+0.879
119.200	+5.527e+02	+9.612e+03	+1.040e+04	+0.946
119.300	+2.843e+03	+7.833e+03	+1.035e+04	+0.734
119.400	+1.183e+03	+9.100e+03	+9.658e+03	+0.885
119.500	+3.756e+03	+6.513e+03	+9.676e+03	+0.634
119.600	+1.861e+03	+8.604e+03	+9.838e+03	+0.822
119.700	+1.080e+03	+8.412e+03	+9.639e+03	+0.886
119.800	+8.927e+02	+7.676e+03	+1.046e+04	+0.896
119.900	+1.173e+03	+7.246e+03	+9.755e+03	+0.861
120.000	+2.248e+03	+6.672e+03	+1.005e+04	+0.748
120.100	+9.842e+02	+7.385e+03	+1.035e+04	+0.882
120.200	+1.130e+03	+8.378e+03	+1.009e+04	+0.881
120.300	+3.161e+03	+8.159e+03	+8.799e+03	+0.721
120.400	+3.098e+03	+9.192e+03	+9.916e+03	+0.748
120.500	+2.667e+03	+7.542e+03	+1.162e+04	+0.739
120.600	+9.523e+02	+8.567e+03	+9.567e+03	+0.900
120.700	+9.899e+02	+7.511e+03	+9.960e+03	+0.884
120.800	+1.594e+03	+7.408e+03	+1.046e+04	+0.823
120.900	+3.044e+03	+7.431e+03	+9.298e+03	+0.709
121.000	+9.306e+02	+6.203e+03	+8.581e+03	+0.870
121.100	+2.783e+03	+8.788e+03	+1.020e+04	+0.760
121.200	+2.292e+03	+7.928e+03	+1.029e+04	+0.776
121.300	+2.404e+03	+8.835e+03	+9.402e+03	+0.786
121.400	+2.330e+03	+8.051e+03	+1.058e+04	+0.776
121.500	+2.733e+03	+8.770e+03	+9.598e+03	+0.762
121.600	+3.399e+03	+7.212e+03	+1.048e+04	+0.680
121.700	+1.545e+03	+7.818e+03	+9.164e+03	+0.835
121.800	+2.188e+03	+7.793e+03	+9.287e+03	+0.781
121.900	+3.751e+03	+8.319e+03	+1.053e+04	+0.689
122.000	+2.462e+03	+7.072e+03	+1.005e+04	+0.742
122.100	+3.525e+03	+8.757e+03	+9.860e+03	+0.713
122.200	+1.842e+03	+7.615e+03	+9.970e+03	+0.805
122.300	+2.167e+03	+8.092e+03	+1.009e+04	+0.789
122.400	+1.948e+03	+7.103e+03	+1.013e+04	+0.785
122.500	+2.686e+03	+7.167e+03	+1.030e+04	+0.727
122.600	+1.828e+03	+8.490e+03	+9.232e+03	+0.823
122.700	+3.384e+03	+7.276e+03	+1.125e+04	+0.683
122.800	+2.172e+03	+8.199e+03	+8.683e+03	+0.791
122.900	+2.569e+03	+8.449e+03	+9.574e+03	+0.767
123.000	+2.913e+03	+6.684e+03	+8.672e+03	+0.696
123.100	+3.485e+03	+9.727e+03	+9.493e+03	+0.736
123.200	+1.827e+03	+8.070e+03	+9.831e+03	+0.815
123.300	+1.956e+03	+7.526e+03	+9.666e+03	+0.794
123.400	+2.141e+03	+7.290e+03	+8.524e+03	+0.773
123.500	+2.535e+03	+8.667e+03	+1.013e+04	+0.774
123.600	+9.237e+02	+8.024e+03	+9.832e+03	+0.897
123.700	+2.142e+03	+6.958e+03	+1.054e+04	+0.765
123.800	+1.303e+03	+8.876e+03	+9.239e+03	+0.872
123.900	+2.570e+03	+7.291e+03	+9.738e+03	+0.739
124.000	+2.516e+03	+7.733e+03	+9.916e+03	+0.755
124.100	+1.295e+03	+8.648e+03	+9.077e+03	+0.870
124.200	+6.161e+02	+7.598e+03	+9.906e+03	+0.925
124.300	+1.935e+03	+8.385e+03	+1.036e+04	+0.812
124.400	+1.275e+03	+7.115e+03	+9.978e+03	+0.848
124.500	+2.702e+03	+7.669e+03	+8.616e+03	+0.739
124.600	+2.645e+03	+8.009e+03	+1.049e+04	+0.752
124.700	+2.230e+03	+6.614e+03	+9.966e+03	+0.748
124.800	+1.433e+03	+7.933e+03	+8.282e+03	+0.847
124.900	+1.490e+03	+8.548e+03	+9.111e+03	+0.852
125.000	+3.412e+03	+8.954e+03	+9.330e+03	+0.724
125.100	+1.481e+03	+8.966e+03	+9.105e+03	+0.858
125.200	+5.152e+03	+5.796e+03	+7.740e+03	+0.529
125.300	+6.989e+03	+4.559e+03	+8.646e+03	+0.395
125.400	+4.884e+03	+5.294e+03	+9.582e+03	+0.520
125.500	+5.764e+03	+5.992e+03	+1.030e+04	+0.510
125.600	+3.193e+03	+5.725e+03	+9.667e+03	+0.642
125.700	+2.367e+03	+8.567e+03	+9.776e+03	+0.784
125.800	+2.195e+03	+8.409e+03	+9.099e+03	+0.793
125.900	+1.420e+03	+7.423e+03	+9.791e+03	+0.839
126.000	+2.202e+03	+9.212e+03	+1.011e+04	+0.807
126.100	+1.992e+03	+7.897e+03	+9.107e+03	+0.799
126.200	+1.934e+03	+8.621e+03	+1.043e+04	+0.817
126.300	+1.103e+03	+8.270e+03	+9.757e+03	+0.882
126.400	+1.439e+03	+7.174e+03	+1.064e+04	+0.833
126.500	+2.189e+03	+7.858e+03	+1.040e+04	+0.782
126.600	+2.353e+03	+8.395e+03	+1.119e+04	+0.781
126.700	+2.309e+03	+7.871e+03	+9.877e+03	+0.773
126.800	+1.268e+03	+7.840e+03	+1.041e+04	+0.861
126.900	+4.016e+03	+7.236e+03	+9.347e+03	+0.643
127.000	+3.627e+03	+6.234e+03	+9.772e+03	+0.632
127.100	+2.534e+03	+7.950e+03	+9.849e+03	+0.758
127.200	+1.596e+03	+7.496e+03	+1.043e+04	+0.824
127.300	+1.836e+03	+8.544e+03	+9.537e+03	+0.823
127.400	+1.731e+03	+8.375e+03	+9.958e+03	+0.829
127.500	+3.164e+03	+9.060e+03	+9.075e+03	+0.741
127.600	+6.364e+03	+4.047e+03	+9.768e+03	+0.389
127.700	+7.616e+03	+3.398e+03	+1.022e+04	+0.308
127.800	+7.492e+03	+1.606e+03	+1.025e+04	+0.176
127.900	+6.608e+03	+1.791e+03	+9.560e+03	+0.213
128.000	+8.559e+03	+2.953e+03	+9.444e+03	+0.257
128.100	+8.534e+03	+2.053e+03	+1.006e+04	+0.194
128.200	+7.293e+03	+2.819e+03	+9.753e+03	+0.279
128.300	+6.661e+03	+2.639e+03	+8.295e+03	+0.284
128.400	+7.628e+03	+3.211e+03	+9.951e+03	+0.296
128.500	+8.870e+03	+1.758e+03	+9.841e+03	+0.165
128.600	+7.075e+03	+3.048e+03	+1.016e+04	+0.301
128.700	+8.892e+03	+2.547e+03	+1.148e+04	+0.223
128.800	+6.587e+03	+1.010e+03	+1.031e+04	+0.133
128.900	+7.223e+03	+3.426e+03	+1.016e+04	+0.322
129.000	+7.955e+03	+2.670e+03	+1.143e+04	+0.251
129.100	+7.765e+03	+2.525e+03	+1.013e+04	+0.245
129.200	+7.353e+03	+2.211e+03	+1.027e+04	+0.231
129.300	+7.395e+03	+2.135e+03	+1.045e+04	+0.224
129.400	+8.254e+03	+1.666e+03	+1.022e+04	+0.168
129.500	+7.275e+03	+1.420e+03	+9.948e+03	+0.163
129.600	+6.776e+03	+3.677e+03	+1.009e+04	+0.352
129.700	+5.324e+03	+4.544e+03	+1.009e+04	+0.461
129.800	+5.123e+03	+5.364e+03	+9.895e+03	+0.511
129.900	+6.897e+03	+4.553e+03	+9.973e+03	+0.398
130.000	+5.107e+03	+4.186e+03	+9.954e+03	+0.450
130.100	+4.627e+03	+4.912e+03	+1.188e+04	+0.515
130.200	+5.144e+03	+5.157e+03	+9.140e+03	+0.501
130.300	+5.136e+03	+4.589e+03	+8.584e+03	+0.472
130.400	+5.139e+03	+4.739e+03	+1.064e+04	+0.480
130.500	+5.589e+03	+5.142e+03	+1.008e+04	+0.479
130.600	+4.783e+03	+5.167e+03	+1.086e+04	+0.519
130.700	+5.166e+03	+4.761e+03	+1.026e+04	+0.480
130.800	+4.440e+03	+4.350e+03	+8.677e+03	+0.495
130.900	+4.079e+03	+4.999e+03	+9.705e+03	+0.551
131.000	+4.937e+03	+5.011e+03	+1.054e+04	+0.504
131.100	+5.318e+03	+4.704e+03	+9.078e+03	+0.469
131.200	+8.744e+03	+2.140e+03	+9.589e+03	+0.197
131.300	+6.780e+03	+2.764e+03	+9.018e+03	+0.290
131.400	+6.872e+03	+1.680e+03	+1.130e+04	+0.196
131.500	+7.758e+03	+2.169e+03	+9.199e+03	+0.218
131.600	+6.934e+03	+1.898e+03	+1.112e+04	+0.215
131.700	+7.639e+03	+2.549e+03	+1.040e+04	+0.250
131.800	+7.085e+03	+1.922e+03	+9.264e+03	+0.213
131.900	+7.106e+03	+1.952e+03	+9.008e+03	+0.215
132.000	+8.183e+03	+3.052e+03	+9.668e+03	+0.272
132.100	+8.953e+03	+1.562e+03	+1.044e+04	+0.149
132.200	+8.167e+03	+2.742e+03	+9.665e+03	+0.251
132.300	+8.383e+03	+2.110e+03	+1.080e+04	+0.201
132.400	+7.635e+03	+3.174e+03	+1.050e+04	+0.294
132.500	+8.070e+03	+2.785e+03	+8.699e+03	+0.257
132.600	+7.491e+03	+2.924e+03	+9.160e+03	+0.281
132.700	+7.570e+03	+3.897e+03	+9.662e+03	+0.340
132.800	+6.964e+03	+4.174e+03	+1.085e+04	+0.375
132.900	+7.265e+03	+3.486e+03	+8.973e+03	+0.324
133.000	+3.973e+03	+4.505e+03	+1.004e+04	+0.531
133.100	+3.812e+03	+4.557e+03	+9.822e+03	+0.545
133.200	+4.562e+03	+5.367e+03	+1.089e+04	+0.541
133.300	+4.730e+03	+4.656e+03	+9.451e+03	+0.496
133.400	+4.707e+03	+5.851e+03	+9.494e+03	+0.554
133.500	+5.400e+03	+6.610e+03	+9.556e+03	+0.550
133.600	+5.269e+03	+5.063e+03	+9.781e+03	+0.490
133.700	+4.529e+03	+4.676e+03	+1.118e+04	+0.508
133.800	+5.806e+03	+5.025e+03	+9.295e+03	+0.464
133.900	+4.145e+03	+3.848e+03	+1.022e+04	+0.481
134.000	+6.336e+03	+4.189e+03	+1.107e+04	+0.398
134.100	+5.287e+03	+4.232e+03	+9.003e+03	+0.445
134.200	+5.008e+03	+4.789e+03	+8.993e+03	+0.489
134.300	+4.710e+03	+6.060e+03	+1.170e+04	+0.563
134.400	+4.966e+03	+4.983e+03	+9.663e+03	+0.501
134.500	+4.525e+03	+4.902e+03	+9.670e+03	+0.520
134.600	+3.988e+03	+3.483e+03	+9.371e+03	+0.466
134.700	+5.173e+03	+4.551e+03	+9.691e+03	+0.468
134.800	+5.011e+03	+4.603e+03	+9.561e+03	+0.479
134.900	+3.830e+03	+5.422e+03	+1.075e+04	+0.586
135.000	+4.789e+03	+5.537e+03	+1.061e+04	+0.536
135.100	+5.062e+03	+4.804e+03	+1.065e+04	+0.487
135.200	+4.285e+03	+4.814e+03	+1.033e+04	+0.529
135.300	+5.699e+03	+5.600e+03	+9.655e+03	+0.496
135.400	+5.570e+03	+5.193e+03	+9.959e+03	+0.482
135.500	+4.791e+03	+5.157e+03	+9.666e+03	+0.518
135.600	+5.592e+03	+5.015e+03	+9.175e+03	+0.473
135.700	+4.865e+03	+6.163e+03	+1.138e+04	+0.559
135.800	+5.445e+03	+5.894e+03	+9.585e+03	+0.520
135.900	+3.596e+03	+5.133e+03	+9.671e+03	+0.588
136.000	+5.320e+03	+4.358e+03	+9.178e+03	+0.450
136.100	+6.135e+03	+5.184e+03	+9.333e+03	+0.458
136.200	+4.567e+03	+6.622e+03	+1.044e+04	+0.592
136.300	+1.790e+03	+7.487e+03	+8.774e+03	+0.807
136.400	+8.261e+02	+8.270e+03	+9.789e+03	+0.909
136.500	+2.327e+03	+7.791e+03	+1.013e+04	+0.770
136.600	+3.291e+03	+7.943e+03	+1.099e+04	+0.707
136.700	+1.311e+03	+7.734e+03	+9.975e+03	+0.855
136.800	+1.777e+03	+7.118e+03	+1.066e+04	+0.800
136.900	+2.983e+03	+7.434e+03	+9.582e+03	+0.714
137.000	+1.956e+03	+8.531e+03	+8.876e+03	+0.813
137.100	+8.771e+02	+8.683e+03	+8.515e+03	+0.908
137.200	+2.060e+03	+7.680e+03	+1.167e+04	+0.788
137.300	+2.694e+03	+8.022e+03	+1.041e+04	+0.749
137.400	+2.146e+03	+8.025e+03	+9.027e+03	+0.789
137.500	+1.207e+03	+8.167e+03	+9.753e+03	+0.871
137.600	+1.719e+03	+7.147e+03	+1.057e+04	+0.806
137.700	+2.522e+03	+8.349e+03	+9.740e+03	+0.768
137.800	+3.455e+03	+5.452e+03	+9.626e+03	+0.612
137.900	+5.174e+03	+5.212e+03	+1.004e+04	+0.502
138.000	+5.926e+03	+5.552e+03	+1.056e+04	+0.484
138.100	+5.210e+03	+4.018e+03	+9.758e+03	+0.435
138.200	+5.320e+03	+4.780e+03	+1.059e+04	+0.473
138.300	+5.063e+03	+3.944e+03	+1.117e+04	+0.438
138.400	+4.552e+03	+4.987e+03	+1.083e+04	+0.523
138.500	+5.023e+03	+5.644e+03	+1.045e+04	+0.529
138.600	+4.693e+03	+4.459e+03	+9.199e+03	+0.487
138.700	+6.224e+03	+4.541e+03	+9.860e+03	+0.422
138.800	+4.462e+03	+5.071e+03	+1.076e+04	+0.532
138.900	+5.526e+03	+5.632e+03	+9.788e+03	+0.505
139.000	+3.660e+03	+4.719e+03	+9.848e+03	+0.563
139.100	+4.685e+03	+5.114e+03	+1.079e+04	+0.522
139.200	+5.072e+03	+4.356e+03	+1.099e+04	+0.462
139.300	+4.923e+03	+5.842e+03	+1.071e+04	+0.543
139.400	+6.308e+03	+4.572e+03	+1.034e+04	+0.420
139.500	+5.906e+03	+5.494e+03	+1.058e+04	+0.482
139.600	+4.201e+03	+5.449e+03	+9.300e+03	+0.565
139.700	+5.726e+03	+4.902e+03	+9.636e+03	+0.461
139.800	+4.732e+03	+4.835e+03	+1.032e+04	+0.505
139.900	+5.204e+03	+5.485e+03	+1.026e+04	+0.513
140.000	+1.970e+03	+7.408e+03	+9.491e+03	+0.790
140.100	+2.722e+03	+7.252e+03	+9.400e+03	+0.727
140.200	+1.619e+03	+8.390e+03	+9.209e+03	+0.838
140.300	+1.876e+03	+8.489e+03	+9.785e+03	+0.819
140.400	+1.257e+03	+8.332e+03	+1.053e+04	+0.869
140.500	+4.389e+02	+6.894e+03	+7.860e+03	+0.940
140.600	+7.894e+02	+7.913e+03	+9.191e+03	+0.909
140.700	+2.788e+03	+9.344e+03	+9.636e+03	+0.770
140.800	+1.929e+03	+7.273e+03	+9.890e+03	+0.790
140.900	+2.890e+03	+8.851e+03	+9.097e+03	+0.754
141.000	+2.163e+03	+7.874e+03	+1.053e+04	+0.785
141.100	+2.655e+03	+5.888e+03	+1.056e+04	+0.689
141.200	+4.569e+03	+5.084e+03	+1.038e+04	+0.527
141.300	+6.399e+03	+4.514e+03	+1.022e+04	+0.414
141.400	+5.357e+03	+5.195e+03	+1.010e+04	+0.492
141.500	+4.817e+03	+5.158e+03	+1.041e+04	+0.517
141.600	+4.888e+03	+4.892e+03	+9.809e+03	+0.500
141.700	+6.160e+03	+4.277e+03	+1.124e+04	+0.410
141.800	+4.581e+03	+4.845e+03	+9.197e+03	+0.514
141.900	+5.455e+03	+3.922e+03	+9.698e+03	+0.418
142.000	+2.029e+03	+8.942e+03	+1.004e+04	+0.815
142.100	+2.237e+03	+8.599e+03	+9.900e+03	+0.794
142.200	+1.535e+03	+7.718e+03	+8.597e+03	+0.834
142.300	+1.897e+03	+8.770e+03	+8.098e+03	+0.822
142.400	+1.911e+03	+8.583e+03	+9.777e+03	+0.818
142.500	+3.188e+03	+7.950e+03	+9.999e+03	+0.714
142.600	+4.098e+03	+5.465e+03	+1.026e+04	+0.571
142.700	+5.476e+03	+4.207e+03	+1.054e+04	+0.434
142.800	+4.801e+03	+4.853e+03	+9.982e+03	+0.503
142.900	+4.302e+03	+4.424e+03	+1.086e+04	+0.507
143.000	+4.826e+03	+5.486e+03	+1.133e+04	+0.532
143.100	+5.584e+03	+4.733e+03	+9.966e+03	+0.459
143.200	+1.725e+03	+7.903e+03	+9.214e+03	+0.821
143.300	+1.579e+03	+7.887e+03	+1.042e+04	+0.833
143.400	+2.965e+03	+7.377e+03	+9.542e+03	+0.713
143.500	+3.451e+03	+8.874e+03	+1.052e+04	+0.720
143.600	+1.756e+03	+7.596e+03	+1.081e+04	+0.812
143.700	+1.856e+03	+7.319e+03	+1.057e+04	+0.798
143.800	+3.244e+03	+8.362e+03	+9.815e+03	+0.720
143.900	+2.435e+03	+8.806e+03	+8.703e+03	+0.783
144.000	+2.424e+03	+7.485e+03	+9.960e+03	+0.755
144.100	+2.499e+03	+8.050e+03	+9.471e+03	+0.763
144.200	+2.495e+03	+8.525e+03	+9.737e+03	+0.774
144.300	+1.538e+03	+8.055e+03	+9.720e+03	+0.840
144.400	+3.292e+03	+8.847e+03	+1.088e+04	+0.729
144.500	+2.604e+03	+7.394e+03	+9.587e+03	+0.740
144.600	+1.335e+03	+7.474e+03	+9.244e+03	+0.848
144.700	+2.043e+03	+9.619e+03	+9.687e+03	+0.825
144.800	+1.224e+03	+8.655e+03	+9.818e+03	+0.876
144.900	+3.187e+03	+7.758e+03	+9.375e+03	+0.709
145.000	+8.616e+02	+7.825e+03	+8.619e+03	+0.901
145.100	+1.107e+03	+9.111e+03	+9.852e+03	+0.892
145.200	+2.250e+03	+8.516e+03	+9.189e+03	+0.791
145.300	+2.506e+02	+6.621e+03	+9.029e+03	+0.964
145.400	+1.025e+03	+7.368e+03	+1.075e+04	+0.878
145.500	+3.162e+03	+7.184e+03	+9.623e+03	+0.694
145.600	+1.119e+03	+8.986e+03	+9.723e+03	+0.889
145.700	+8.373e+02	+7.924e+03	+8.866e+03	+0.904
145.800	+1.951e+03	+8.437e+03	+9.547e+03	+0.812
145.900	+1.982e+03	+7.452e+03	+9.972e+03	+0.790
146.000	+2.284e+03	+8.040e+03	+1.065e+04	+0.779
146.100	+4.403e+03	+4.118e+03	+9.829e+03	+0.483
146.200	+1.801e+03	+7.391e+03	+1.039e+04	+0.804
146.300	+3.754e+03	+8.448e+03	+9.834e+03	+0.692
146.400	+9.633e+02	+7.909e+03	+1.055e+04	+0.891
146.500	+2.365e+03	+8.082e+03	+9.681e+03	+0.774
146.600	+1.838e+03	+7.951e+03	+1.041e+04	+0.812
146.700	+4.603e+03	+5.615e+03	+1.029e+04	+0.550
146.800	+7.906e+03	+2.985e+03	+9.314e+03	+0.274
146.900	+8.997e+03	+3.892e+03	+9.470e+03	+0.302
147.000	+7.147e+03	+1.625e+03	+1.110e+04	+0.185
147.100	+6.756e+03	+2.584e+03	+1.032e+04	+0.277
147.200	+5.872e+03	+2.867e+03	+9.908e+03	+0.328
147.300	+7.400e+03	+3.696e+03	+9.998e+03	+0.333
147.400	+7.969e+03	+3.192e+03	+9.979e+03	+0.286
147.500	+7.179e+03	+3.410e+03	+9.382e+03	+0.322
147.600	+6.592e+03	+3.162e+03	+1.048e+04	+0.324
147.700	+6.907e+03	+3.039e+03	+1.035e+04	+0.306
147.800	+7.484e+03	+1.558e+03	+8.271e+03	+0.172
147.900	+8.297e+03	+2.876e+03	+1.017e+04	+0.257
148.000	+7.434e+03	+1.948e+03	+9.402e+03	+0.208
148.100	+7.115e+03	+1.902e+03	+9.361e+03	+0.211
148.200	+7.413e+03	+1.639e+03	+1.098e+04	+0.181
148.300	+7.124e+03	+3.567e+03	+1.008e+04	+0.334
148.400	+4.898e+03	+5.211e+03	+9.358e+03	+0.515
148.500	+6.399e+03	+4.818e+03	+1.042e+04	+0.430
148.600	+3.946e+03	+5.663e+03	+1.082e+04	+0.589
148.700	+3.901e+03	+4.626e+03	+9.622e+03	+0.542
148.800	+5.096e+03	+4.426e+03	+9.672e+03	+0.465
148.900	+4.826e+03	+5.669e+03	+1.022e+04	+0.540
149.000	+5.031e+03	+5.964e+03	+1.173e+04	+0.542
149.100	+6.314e+03	+4.783e+03	+1.021e+04	+0.431
149.200	+6.107e+03	+5.532e+03	+1.059e+04	+0.475
149.300	+5.095e+03	+4.625e+03	+1.108e+04	+0.476
149.400	+3.918e+03	+4.001e+03	+1.176e+04	+0.505
149.500	+4.628e+03	+5.543e+03	+9.239e+03	+0.545
149.600	+4.072e+03	+5.617e+03	+8.386e+03	+0.580
149.700	+5.826e+03	+4.304e+03	+1.042e+04	+0.425
149.800	+6.076e+03	+4.697e+03	+9.747e+03	+0.436
149.900	+5.622e+03	+5.905e+03	+9.184e+03	+0.512
150.000	+4.813e+03	+4.920e+03	+1.012e+04	+0.505
150.100	+4.149e+03	+4.682e+03	+1.134e+04	+0.530
150.200	+5.567e+03	+6.027e+03	+1.077e+04	+0.520
150.300	+5.277e+03	+5.835e+03	+1.140e+04	+0.525
150.400	+5.573e+03	+4.655e+03	+9.277e+03	+0.455
150.500	+4.970e+03	+5.480e+03	+9.750e+03	+0.524
150.600	+5.254e+03	+4.647e+03	+1.016e+04	+0.469
150.700	+6.056e+03	+4.959e+03	+1.116e+04	+0.450
150.800	+4.460e+03	+4.387e+03	+9.144e+03	+0.496
150.900	+4.032e+03	+4.800e+03	+1.027e+04	+0.544
151.000	+4.898e+03	+5.281e+03	+9.935e+03	+0.519
151.100	+4.580e+03	+5.679e+03	+1.138e+04	+0.554
151.200	+5.713e+03	+5.148e+03	+9.779e+03	+0.474
151.300	+5.378e+03	+4.260e+03	+9.299e+03	+0.442
151.400	+5.100e+03	+3.651e+03	+1.015e+04	+0.417
151.500	+4.967e+03	+5.225e+03	+9.921e+03	+0.513
151.600	+3.832e+03	+4.835e+03	+9.763e+03	+0.558
151.700	+5.234e+03	+5.538e+03	+1.045e+04	+0.514
151.800	+3.732e+03	+5.527e+03	+9.998e+03	+0.597
151.900	+4.112e+03	+4.654e+03	+1.047e+04	+0.531
152.000	+4.701e+03	+4.285e+03	+8.785e+03	+0.477
152.100	+5.349e+03	+5.738e+03	+1.037e+04	+0.518
152.200	+4.065e+03	+4.601e+03	+9.083e+03	+0.531
152.300	+5.997e+03	+5.393e+03	+1.012e+04	+0.473
152.400	+5.904e+03	+6.398e+03	+1.068e+04	+0.520
152.500	+4.357e+03	+3.993e+03	+1.093e+04	+0.478
152.600	+4.042e+03	+3.466e+03	+1.064e+04	+0.462
152.700	+5.876e+03	+4.443e+03	+1.017e+04	+0.431
152.800	+3.643e+03	+5.129e+03	+9.092e+03	+0.585
152.900	+4.478e+03	+4.858e+03	+9.291e+03	+0.520
153.000	+5.147e+03	+5.436e+03	+8.453e+03	+0.514
153.100	+4.331e+03	+5.122e+03	+1.016e+04	+0.542
153.200	+5.129e+03	+3.874e+03	+1.050e+04	+0.430
153.300	+4.965e+03	+4.740e+03	+1.010e+04	+0.488
153.400	+5.183e+03	+5.665e+03	+9.102e+03	+0.522
153.500	+5.853e+03	+5.134e+03	+8.704e+03	+0.467
153.600	+4.112e+03	+4.632e+03	+9.316e+03	+0.530
153.700	+4.565e+03	+4.612e+03	+1.016e+04	+0.503
153.800	+5.864e+03	+4.155e+03	+1.007e+04	+0.415
153.900	+4.929e+03	+3.755e+03	+9.746e+03	+0.432
154.000	+5.115e+03	+4.708e+03	+9.594e+03	+0.479
154.100	+5.967e+03	+5.860e+03	+9.180e+03	+0.495
154.200	+4.554e+03	+5.984e+03	+1.026e+04	+0.568
154.300	+6.539e+03	+4.857e+03	+9.937e+03	+0.426
154.400	+4.561e+03	+4.775e+03	+8.390e+03	+0.511
154.500	+4.881e+03	+4.544e+03	+1.086e+04	+0.482
154.600	+4.689e+03	+6.261e+03	+8.677e+03	+0.572
154.700	+5.482e+03	+3.514e+03	+9.932e+03	+0.391
154.800	+5.424e+03	+6.566e+03	+9.712e+03	+0.548
154.900	+6.292e+03	+4.348e+03	+9.817e+03	+0.409
155.000	+4.212e+03	+6.331e+03	+1.046e+04	+0.600
155.100	+4.654e+03	+5.880e+03	+9.072e+03	+0.558
155.200	+2.926e+03	+6.841e+03	+1.047e+04	+0.700
155.300	+3.747e+03	+7.260e+03	+9.401e+03	+0.660
155.400	+6.489e+03	+2.223e+03	+1.018e+04	+0.255
155.500	+6.601e+03	+1.265e+03	+9.288e+03	+0.161
155.600	+6.643e+03	+3.224e+03	+9.619e+03	+0.327
155.700	+5.881e+03	+3.941e+03	+1.031e+04	+0.401
155.800	+6.864e+03	+2.328e+03	+8.857e+03	+0.253
155.900	+9.451e+03	+3.760e+03	+9.126e+03	+0.285
156.000	+7.981e+03	+3.793e+03	+1.138e+04	+0.322
156.100	+6.942e+03	+2.602e+03	+9.896e+03	+0.273
156.200	+6.963e+03	+1.760e+03	+9.418e+03	+0.202
156.300	+7.051e+03	+1.361e+03	+1.008e+04	+0.162
