%t (s)	Idd (a.u.)	Ida (a.u.)	Iaa (a.u.)	FRET E
0.000	+4.605e+03	+5.348e+03	+9.924e+03	+0.537
0.100	+4.410e+03	+5.076e+03	+1.057e+04	+0.535
0.200	+5.161e+03	+4.987e+03	+9.270e+03	+0.491
0.300	+5.534e+03	+5.299e+03	+8.755e+03	+0.489
0.400	+5.031e+03	+5.486e+03	+9.965e+03	+0.522
0.500	+2.678e+03	+7.110e+03	+9.895e+03	+0.726
0.600	+3.606e+03	+7.663e+03	+1.033e+04	+0.680
0.700	+8.391e+02	+8.192e+03	+1.065e+04	+0.907
0.800	+2.796e+03	+8.959e+03	+9.227e+03	+0.762
0.900	+1.966e+03	+8.948e+03	+1.118e+04	+0.820
1.000	+4.036e+03	+5.369e+03	+1.011e+04	+0.571
1.100	+6.348e+03	+4.969e+03	+1.101e+04	+0.439
1.200	+4.945e+03	+5.003e+03	+1.024e+04	+0.503
1.300	+4.910e+03	+4.014e+03	+1.093e+04	+0.450
1.400	+4.487e+03	+4.248e+03	+9.512e+03	+0.486
1.500	+5.131e+03	+5.284e+03	+1.135e+04	+0.507
1.600	+4.021e+03	+4.381e+03	+1.119e+04	+0.521
1.700	+5.071e+03	+6.685e+03	+1.076e+04	+0.569
1.800	+5.343e+03	+5.454e+03	+9.364e+03	+0.505
1.900	+3.583e+03	+5.585e+03	+9.731e+03	+0.609
2.000	+4.038e+03	+4.461e+03	+1.052e+04	+0.525
2.100	+4.111e+03	+5.528e+03	+9.577e+03	+0.574
2.200	+4.503e+03	+5.415e+03	+9.251e+03	+0.546
2.300	+5.232e+03	+4.035e+03	+9.605e+03	+0.435
2.400	+5.007e+03	+4.864e+03	+9.943e+03	+0.493
2.500	+4.840e+03	+4.247e+03	+9.978e+03	+0.467
2.600	+5.324e+03	+5.157e+03	+1.063e+04	+0.492
2.700	+5.243e+03	+5.621e+03	+8.932e+03	+0.517
2.800	+4.564e+03	+5.759e+03	+9.764e+03	+0.558
2.900	+1.516e+03	+7.880e+03	+1.031e+04	+0.839
3.000	+1.533e+03	+8.439e+03	+1.044e+04	+0.846
3.100	+5.434e+03	+4.860e+03	+1.001e+04	+0.472
3.200	+4.976e+03	+5.488e+03	+1.056e+04	+0.524
3.300	+4.713e+03	+4.556e+03	+9.273e+03	+0.492
3.400	+4.573e+03	+5.608e+03	+1.108e+04	+0.551
3.500	+5.079e+03	+5.240e+03	+1.132e+04	+0.508
3.600	+5.669e+03	+4.713e+03	+1.006e+04	+0.454
3.700	+5.008e+03	+4.657e+03	+1.056e+04	+0.482
3.800	+5.130e+03	+5.846e+03	+9.890e+03	+0.533
3.900	+5.759e+03	+3.989e+03	+9.208e+03	+0.409
4.000	+4.622e+03	+4.757e+03	+9.644e+03	+0.507
4.100	+5.112e+03	+4.847e+03	+8.935e+03	+0.487
4.200	+3.532e+03	+5.891e+03	+1.083e+04	+0.625
4.300	+4.597e+03	+6.434e+03	+9.857e+03	+0.583
4.400	+5.064e+03	+5.250e+03	+1.046e+04	+0.509
4.500	+4.877e+03	+5.947e+03	+1.071e+04	+0.549
4.600	+4.699e+03	+6.079e+03	+7.716e+03	+0.564
4.700	+4.557e+03	+4.929e+03	+9.552e+03	+0.520
4.800	+3.692e+03	+7.066e+03	+1.046e+04	+0.657
4.900	+8.376e+03	+2.971e+03	+1.001e+04	+0.262
5.000	+8.164e+03	+2.899e+03	+1.008e+04	+0.262
5.100	+7.075e+03	+3.798e+03	+9.887e+03	+0.349
5.200	+7.043e+03	+2.988e+03	+9.457e+03	+0.298
5.300	+7.155e+03	+4.126e+03	+9.881e+03	+0.366
5.400	+8.427e+03	+2.212e+03	+9.744e+03	+0.208
5.500	+8.170e+03	+2.034e+03	+1.086e+04	+0.199
5.600	+7.443e+03	+2.666e+03	+1.030e+04	+0.264
5.700	+8.070e+03	+2.972e+03	+9.312e+03	+0.269
5.800	+6.955e+03	+1.998e+03	+1.056e+04	+0.223
5.900	+7.877e+03	+1.920e+03	+1.009e+04	+0.196
6.000	+7.349e+03	+2.214e+03	+1.076e+04	+0.232
6.100	+4.106e+03	+4.681e+03	+9.701e+03	+0.533
6.200	+2.827e+03	+9.232e+03	+9.785e+03	+0.766
6.300	+1.363e+03	+9.038e+03	+1.040e+04	+0.869
6.400	+1.200e+03	+7.800e+03	+9.323e+03	+0.867
6.500	+3.010e+03	+8.715e+03	+9.692e+03	+0.743
6.600	+1.484e+03	+6.580e+03	+9.416e+03	+0.816
6.700	+2.517e+03	+7.698e+03	+1.131e+04	+0.754
6.800	+2.109e+03	+8.657e+03	+9.535e+03	+0.804
6.900	+1.803e+03	+7.844e+03	+1.082e+04	+0.813
7.000	+2.721e+03	+8.265e+03	+9.905e+03	+0.752
7.100	+4.808e+03	+4.871e+03	+1.069e+04	+0.503
7.200	+7.625e+03	+1.825e+03	+8.681e+03	+0.193
7.300	+6.750e+03	+2.285e+03	+1.006e+04	+0.253
7.400	+7.754e+03	+2.744e+03	+1.135e+04	+0.261
7.500	+8.165e+03	+2.507e+03	+9.774e+03	+0.235
7.600	+7.078e+03	+2.550e+03	+8.622e+03	+0.265
7.700	+7.123e+03	+1.517e+03	+8.748e+03	+0.176
7.800	+6.514e+03	+3.162e+03	+1.015e+04	+0.327
7.900	+7.011e+03	+1.739e+03	+1.032e+04	+0.199
8.000	+8.066e+03	+2.601e+03	+1.069e+04	+0.244
8.100	+8.596e+03	+3.965e+03	+9.083e+03	+0.316
8.200	+6.190e+03	+2.411e+03	+9.372e+03	+0.280
8.300	+7.546e+03	+2.839e+03	+9.626e+03	+0.273
8.400	+7.689e+03	+2.178e+03	+1.065e+04	+0.221
8.500	+7.309e+03	+1.989e+03	+1.039e+04	+0.214
8.600	+7.796e+03	+1.938e+03	+1.029e+04	+0.199
8.700	+3.581e+03	+6.616e+03	+9.481e+03	+0.649
8.800	+2.980e+03	+8.102e+03	+8.888e+03	+0.731
8.900	+1.559e+03	+7.966e+03	+1.123e+04	+0.836
9.000	+3.225e+03	+8.714e+03	+9.788e+03	+0.730
9.100	+1.467e+03	+7.918e+03	+1.036e+04	+0.844
9.200	+1.716e+03	+8.039e+03	+1.121e+04	+0.824
9.300	+1.989e+03	+7.483e+03	+1.067e+04	+0.790
9.400	+1.367e+03	+6.788e+03	+1.061e+04	+0.832
9.500	+8.267e+02	+8.381e+03	+1.100e+04	+0.910
9.600	+2.323e+03	+9.142e+03	+1.011e+04	+0.797
9.700	+3.812e+03	+9.189e+03	+1.011e+04	+0.707
9.800	+1.807e+03	+8.756e+03	+1.001e+04	+0.829
9.900	+2.223e+03	+7.492e+03	+1.041e+04	+0.771
10.000	+2.266e+03	+7.976e+03	+9.489e+03	+0.779
10.100	+2.495e+03	+8.580e+03	+9.629e+03	+0.775
10.200	+1.694e+03	+8.391e+03	+9.451e+03	+0.832
10.300	+2.228e+03	+7.639e+03	+1.061e+04	+0.774
10.400	+1.886e+03	+7.843e+03	+9.462e+03	+0.806
10.500	+2.150e+03	+9.079e+03	+1.054e+04	+0.809
10.600	+1.833e+03	+7.304e+03	+9.665e+03	+0.799
10.700	+1.997e+03	+9.076e+03	+1.092e+04	+0.820
10.800	+2.670e+03	+7.264e+03	+1.121e+04	+0.731
10.900	+2.415e+03	+9.403e+03	+1.120e+04	+0.796
11.000	+2.433e+03	+6.567e+03	+9.275e+03	+0.730
11.100	+1.879e+03	+7.913e+03	+9.440e+03	+0.808
11.200	+1.464e+03	+8.852e+03	+1.033e+04	+0.858
11.300	+5.610e+02	+7.241e+03	+1.060e+04	+0.928
11.400	+3.455e+03	+7.252e+03	+9.525e+03	+0.677
11.500	+3.278e+03	+7.227e+03	+1.001e+04	+0.688
11.600	+1.352e+03	+8.730e+03	+1.053e+04	+0.866
11.700	+9.894e+02	+7.265e+03	+9.158e+03	+0.880
11.800	+9.928e+02	+8.672e+03	+1.005e+04	+0.897
11.900	+2.203e+03	+7.854e+03	+9.612e+03	+0.781
12.000	+9.699e+02	+7.983e+03	+9.773e+03	+0.892
12.100	+1.793e+03	+7.919e+03	+9.602e+03	+0.815
12.200	+1.963e+03	+9.000e+03	+1.047e+04	+0.821
12.300	+1.465e+03	+7.495e+03	+9.445e+03	+0.836
12.400	+1.845e+03	+7.489e+03	+1.053e+04	+0.802
12.500	+1.443e+03	+6.506e+03	+9.522e+03	+0.818
12.600	+1.188e+03	+8.501e+03	+9.103e+03	+0.877
12.700	+2.566e+03	+8.134e+03	+1.050e+04	+0.760
12.800	+2.644e+03	+8.403e+03	+1.066e+04	+0.761
12.900	+3.463e+03	+7.866e+03	+1.021e+04	+0.694
13.000	+3.995e+03	+8.109e+03	+1.024e+04	+0.670
13.100	+1.574e+03	+8.133e+03	+1.073e+04	+0.838
13.200	+2.049e+03	+7.307e+03	+1.013e+04	+0.781
13.300	+1.368e+03	+8.057e+03	+1.102e+04	+0.855
13.400	+1.072e+03	+7.423e+03	+1.138e+04	+0.874
13.500	+2.389e+03	+7.596e+03	+1.005e+04	+0.761
13.600	+1.384e+03	+8.826e+03	+1.011e+04	+0.864
13.700	+1.273e+03	+8.203e+03	+9.886e+03	+0.866
13.800	+2.432e+03	+7.441e+03	+1.156e+04	+0.754
13.900	+1.480e+03	+9.793e+03	+9.898e+03	+0.869
14.000	+2.444e+03	+7.409e+03	+1.003e+04	+0.752
14.100	+3.408e+03	+8.389e+03	+8.685e+03	+0.711
14.200	+4.686e+03	+4.573e+03	+9.631e+03	+0.494
14.300	+7.809e+03	+3.157e+03	+1.035e+04	+0.288
14.400	+7.052e+03	+2.224e+03	+1.081e+04	+0.240
14.500	+7.089e+03	+3.236e+03	+9.535e+03	+0.313
14.600	+7.888e+03	+2.067e+03	+1.055e+04	+0.208
14.700	+7.937e+03	+1.374e+03	+9.599e+03	+0.148
14.800	+7.819e+03	+2.121e+03	+9.658e+03	+0.213
14.900	+5.904e+03	+1.309e+03	+1.006e+04	+0.182
15.000	+6.630e+03	+1.860e+03	+1.097e+04	+0.219
15.100	+8.664e+03	+3.553e+03	+1.007e+04	+0.291
15.200	+7.821e+03	+3.881e+03	+9.762e+03	+0.332
15.300	+7.253e+03	+3.109e+03	+9.963e+03	+0.300
15.400	+7.476e+03	+2.066e+03	+1.039e+04	+0.217
15.500	+7.282e+03	+3.457e+03	+9.652e+03	+0.322
15.600	+7.999e+03	+1.850e+03	+1.113e+04	+0.188
15.700	+8.054e+03	+2.038e+03	+1.001e+04	+0.202
15.800	+8.721e+03	+2.502e+03	+9.601e+03	+0.223
15.900	+8.324e+03	+2.439e+03	+8.235e+03	+0.227
16.000	+6.596e+03	+3.542e+03	+1.051e+04	+0.349
16.100	+6.690e+03	+2.190e+03	+1.096e+04	+0.247
16.200	+7.301e+03	+2.411e+03	+9.724e+03	+0.248
16.300	+8.489e+03	+2.299e+03	+1.021e+04	+0.213
16.400	+8.143e+03	+2.519e+03	+1.024e+04	+0.236
16.500	+6.538e+03	+3.201e+03	+8.177e+03	+0.329
16.600	+7.239e+03	+1.841e+03	+1.024e+04	+0.203
16.700	+6.972e+03	+2.788e+03	+8.954e+03	+0.286
16.800	+8.021e+03	+1.542e+03	+1.039e+04	+0.161
16.900	+9.015e+03	+1.433e+03	+1.173e+04	+0.137
17.000	+7.840e+03	+2.708e+03	+9.996e+03	+0.257
17.100	+6.798e+03	+2.568e+03	+1.066e+04	+0.274
17.200	+8.114e+03	+3.175e+03	+1.003e+04	+0.281
17.300	+7.505e+03	+3.177e+03	+1.072e+04	+0.297
17.400	+6.986e+03	+1.710e+03	+1.137e+04	+0.197
17.500	+7.140e+03	+1.579e+03	+9.684e+03	+0.181
17.600	+8.137e+03	+2.255e+03	+9.864e+03	+0.217
17.700	+8.821e+03	+1.939e+03	+1.016e+04	+0.180
17.800	+7.707e+03	+2.170e+03	+1.007e+04	+0.220
17.900	+6.166e+03	+3.108e+03	+8.944e+03	+0.335
18.000	+6.818e+03	+2.923e+03	+1.181e+04	+0.300
18.100	+7.162e+03	+2.618e+03	+1.076e+04	+0.268
18.200	+8.294e+03	+2.023e+03	+1.001e+04	+0.196
18.300	+7.358e+03	+4.015e+03	+9.563e+03	+0.353
18.400	+7.227e+03	+2.074e+03	+9.791e+03	+0.223
18.500	+7.006e+03	+3.241e+03	+9.945e+03	+0.316
18.600	+8.244e+03	+2.700e+03	+9.699e+03	+0.247
18.700	+7.482e+03	+1.843e+03	+9.908e+03	+0.198
18.800	+7.319e+03	+3.128e+03	+9.467e+03	+0.299
18.900	+6.543e+03	+2.042e+03	+1.031e+04	+0.238
19.000	+8.060e+03	+2.863e+03	+8.607e+03	+0.262
19.100	+6.380e+03	+2.919e+03	+9.423e+03	+0.314
19.200	+8.515e+03	+3.294e+03	+9.689e+03	+0.279
19.300	+7.490e+03	+2.565e+03	+1.092e+04	+0.255
19.400	+7.522e+03	+3.415e+03	+9.355e+03	+0.312
19.500	+2.776e+03	+8.154e+03	+9.510e+03	+0.746
19.600	+9.248e+02	+6.260e+03	+1.030e+04	+0.871
19.700	+2.920e+03	+8.378e+03	+1.059e+04	+0.742
19.800	+5.510e+03	+4.368e+03	+9.436e+03	+0.442
19.900	+4.733e+03	+4.600e+03	+1.124e+04	+0.493
20.000	+5.414e+03	+5.463e+03	+1.041e+04	+0.502
20.100	+5.131e+03	+5.112e+03	+9.729e+03	+0.499
20.200	+2.907e+03	+7.583e+03	+1.012e+04	+0.723
20.300	+1.344e+03	+7.384e+03	+1.012e+04	+0.846
20.400	+2.148e+03	+8.066e+03	+8.852e+03	+0.790
20.500	+1.681e+03	+8.076e+03	+1.072e+04	+0.828
20.600	+1.991e+03	+8.649e+03	+9.963e+03	+0.813
20.700	+4.621e+03	+6.097e+03	+1.045e+04	+0.569
20.800	+7.839e+03	+2.414e+03	+9.943e+03	+0.235
20.900	+7.458e+03	+3.226e+03	+1.028e+04	+0.302
21.000	+6.553e+03	+3.901e+03	+1.061e+04	+0.373
21.100	+5.540e+03	+5.024e+03	+9.537e+03	+0.476
21.200	+8.525e+03	+2.680e+03	+1.071e+04	+0.239
21.300	+6.548e+03	+2.193e+03	+1.011e+04	+0.251
21.400	+3.142e+03	+6.453e+03	+9.977e+03	+0.673
21.500	+1.942e+03	+8.194e+03	+1.044e+04	+0.808
21.600	+1.325e+03	+7.337e+03	+9.580e+03	+0.847
21.700	+2.246e+03	+7.498e+03	+9.886e+03	+0.770
21.800	+2.458e+03	+7.581e+03	+9.335e+03	+0.755
21.900	+1.224e+03	+7.550e+03	+1.085e+04	+0.860
22.000	+1.865e+03	+8.730e+03	+1.111e+04	+0.824
22.100	+1.571e+03	+8.797e+03	+1.009e+04	+0.848
22.200	+8.260e+02	+7.659e+03	+9.086e+03	+0.903
22.300	+1.110e+03	+7.819e+03	+1.029e+04	+0.876
22.400	+1.479e+03	+7.443e+03	+9.755e+03	+0.834
22.500	+1.761e+03	+6.536e+03	+9.248e+03	+0.788
22.600	+2.568e+03	+7.842e+03	+1.020e+04	+0.753
22.700	+2.484e+03	+8.483e+03	+1.003e+04	+0.773
22.800	+1.192e+03	+8.063e+03	+1.083e+04	+0.871
22.900	+1.827e+03	+7.223e+03	+1.007e+04	+0.798
23.000	+1.773e+03	+8.508e+03	+1.006e+04	+0.828
23.100	+2.917e+03	+8.250e+03	+1.028e+04	+0.739
23.200	+1.848e+03	+8.236e+03	+9.539e+03	+0.817
23.300	+3.194e+03	+6.647e+03	+9.673e+03	+0.675
23.400	+2.290e+03	+7.451e+03	+9.631e+03	+0.765
23.500	+1.836e+03	+9.160e+03	+9.239e+03	+0.833
23.600	+1.909e+03	+7.808e+03	+9.759e+03	+0.804
23.700	+2.397e+03	+7.237e+03	+9.840e+03	+0.751
23.800	+2.081e+03	+8.096e+03	+9.473e+03	+0.796
23.900	+1.509e+03	+7.487e+03	+1.128e+04	+0.832
24.000	+2.422e+03	+8.681e+03	+9.157e+03	+0.782
24.100	+2.407e+03	+8.661e+03	+9.082e+03	+0.783
24.200	+1.337e+03	+7.781e+03	+1.029e+04	+0.853
24.300	+2.344e+03	+7.248e+03	+1.051e+04	+0.756
24.400	+2.913e+03	+9.118e+03	+9.095e+03	+0.758
24.500	+1.853e+03	+7.308e+03	+1.104e+04	+0.798
24.600	+3.267e+03	+8.031e+03	+9.949e+03	+0.711
24.700	+8.170e+02	+7.698e+03	+1.000e+04	+0.904
24.800	+3.027e+03	+8.464e+03	+9.587e+03	+0.737
24.900	+1.628e+03	+7.801e+03	+9.756e+03	+0.827
25.000	+7.275e+03	+1.328e+03	+1.010e+04	+0.154
25.100	+7.285e+03	+1.783e+03	+1.198e+04	+0.197
25.200	+7.345e+03	+1.856e+03	+1.035e+04	+0.202
25.300	+7.751e+03	+1.598e+03	+9.384e+03	+0.171
25.400	+8.201e+03	+3.852e+03	+1.030e+04	+0.320
25.500	+7.877e+03	+3.220e+03	+1.057e+04	+0.290
25.600	+7.265e+03	+1.462e+03	+1.037e+04	+0.168
25.700	+7.957e+03	+1.333e+03	+9.465e+03	+0.144
25.800	+7.990e+03	+2.657e+03	+9.967e+03	+0.250
25.900	+8.608e+03	+2.602e+03	+1.015e+04	+0.232
26.000	+7.131e+03	+1.492e+03	+1.062e+04	+0.173
26.100	+6.874e+03	+2.325e+03	+1.041e+04	+0.253
26.200	+7.641e+03	+2.670e+03	+9.211e+03	+0.259
26.300	+7.951e+03	+2.948e+03	+1.125e+04	+0.270
26.400	+7.118e+03	+2.363e+03	+9.957e+03	+0.249
26.500	+6.887e+03	+2.744e+03	+9.388e+03	+0.285
26.600	+7.103e+03	+2.563e+03	+1.075e+04	+0.265
26.700	+7.584e+03	+3.494e+03	+1.106e+04	+0.315
26.800	+6.513e+03	+2.761e+03	+1.017e+04	+0.298
26.900	+7.869e+03	+2.386e+03	+1.038e+04	+0.233
27.000	+9.141e+03	+2.960e+03	+1.115e+04	+0.245
27.100	+6.866e+03	+2.613e+03	+1.106e+04	+0.276
27.200	+7.650e+03	+2.330e+03	+9.452e+03	+0.233
27.300	+8.034e+03	+2.728e+03	+9.899e+03	+0.254
27.400	+7.248e+03	+2.915e+03	+1.026e+04	+0.287
27.500	+6.256e+03	+5.073e+03	+1.050e+04	+0.448
27.600	+7.415e+03	+2.735e+03	+1.033e+04	+0.269
27.700	+8.708e+03	+2.065e+03	+1.048e+04	+0.192
27.800	+7.147e+03	+1.806e+03	+8.864e+03	+0.202
27.900	+7.067e+03	+2.090e+03	+9.706e+03	+0.228
28.000	+7.422e+03	+2.032e+03	+1.035e+04	+0.215
28.100	+6.614e+03	+2.629e+03	+9.147e+03	+0.284
28.200	+8.085e+03	+3.182e+03	+9.986e+03	+0.282
28.300	+6.214e+03	+3.129e+03	+9.523e+03	+0.335
28.400	+1.622e+02	+6.867e+03	+9.310e+03	+0.977
28.500	+2.730e+03	+8.501e+03	+1.025e+04	+0.757
28.600	+2.663e+03	+8.694e+03	+1.016e+04	+0.765
28.700	+2.848e+03	+9.443e+03	+9.727e+03	+0.768
28.800	+1.790e+03	+7.675e+03	+9.862e+03	+0.811
28.900	+6.533e+02	+7.794e+03	+9.103e+03	+0.923
29.000	+2.087e+03	+7.409e+03	+9.904e+03	+0.780
29.100	+2.834e+03	+7.941e+03	+1.080e+04	+0.737
29.200	+9.746e+02	+7.250e+03	+9.483e+03	+0.881
29.300	+2.302e+03	+7.518e+03	+9.258e+03	+0.766
29.400	+3.150e+03	+7.619e+03	+9.362e+03	+0.707
29.500	+1.903e+03	+8.098e+03	+1.005e+04	+0.810
29.600	+3.322e+03	+5.667e+03	+1.039e+04	+0.630
29.700	+2.196e+03	+9.306e+03	+1.086e+04	+0.809
29.800	+1.480e+03	+7.822e+03	+1.096e+04	+0.841
29.900	+1.726e+03	+8.654e+03	+1.103e+04	+0.834
30.000	+2.037e+03	+7.591e+03	+9.106e+03	+0.788
30.100	+4.765e+03	+5.281e+03	+1.049e+04	+0.526
30.200	+5.479e+03	+5.472e+03	+9.889e+03	+0.500
30.300	+5.611e+03	+5.377e+03	+1.013e+04	+0.489
30.400	+3.776e+03	+4.533e+03	+1.011e+04	+0.546
30.500	+5.448e+03	+5.506e+03	+1.124e+04	+0.503
30.600	+6.038e+03	+4.839e+03	+9.622e+03	+0.445
30.700	+5.704e+03	+4.419e+03	+9.651e+03	+0.437
30.800	+4.055e+03	+4.561e+03	+1.082e+04	+0.529
30.900	+4.024e+03	+6.252e+03	+9.187e+03	+0.608
31.000	+4.730e+03	+6.388e+03	+1.048e+04	+0.575
31.100	+3.938e+03	+8.199e+03	+1.096e+04	+0.676
31.200	+1.297e+03	+7.605e+03	+9.528e+03	+0.854
31.300	+3.131e+03	+7.853e+03	+1.055e+04	+0.715
31.400	+1.238e+03	+9.013e+03	+9.280e+03	+0.879
31.500	+2.080e+03	+7.412e+03	+7.886e+03	+0.781
31.600	+2.276e+03	+7.285e+03	+1.067e+04	+0.762
31.700	+4.112e+03	+6.467e+03	+9.942e+03	+0.611
31.800	+8.084e+03	+3.082e+03	+9.641e+03	+0.276
31.900	+6.540e+03	+2.632e+03	+1.102e+04	+0.287
32.000	+7.540e+03	+2.339e+03	+1.037e+04	+0.237
32.100	+7.581e+03	+3.098e+03	+9.284e+03	+0.290
32.200	+6.908e+03	+2.987e+03	+1.087e+04	+0.302
32.300	+8.755e+03	+2.396e+03	+9.876e+03	+0.215
32.400	+6.367e+03	+3.227e+03	+1.015e+04	+0.336
32.500	+7.755e+03	+1.550e+03	+9.453e+03	+0.167
32.600	+7.371e+03	+2.712e+03	+9.430e+03	+0.269
32.700	+6.229e+03	+2.997e+03	+1.061e+04	+0.325
32.800	+5.564e+03	+4.046e+03	+1.010e+04	+0.421
32.900	+4.228e+03	+3.829e+03	+9.512e+03	+0.475
33.000	+5.402e+03	+4.130e+03	+9.286e+03	+0.433
33.100	+4.754e+03	+3.989e+03	+1.064e+04	+0.456
33.200	+3.967e+03	+4.854e+03	+1.121e+04	+0.550
33.300	+4.934e+03	+4.758e+03	+1.031e+04	+0.491
33.400	+4.396e+03	+5.276e+03	+9.289e+03	+0.545
33.500	+1.030e+03	+8.821e+03	+1.001e+04	+0.895
33.600	+1.676e+03	+8.778e+03	+9.070e+03	+0.840
33.700	+1.896e+03	+8.747e+03	+1.063e+04	+0.822
33.800	+3.115e+03	+8.605e+03	+1.022e+04	+0.734
33.900	+1.983e+03	+7.998e+03	+1.080e+04	+0.801
34.000	+2.096e+03	+6.687e+03	+1.021e+04	+0.761
34.100	+2.723e+03	+8.747e+03	+1.045e+04	+0.763
34.200	+2.732e+03	+7.228e+03	+1.048e+04	+0.726
34.300	+1.951e+03	+6.931e+03	+9.786e+03	+0.780
34.400	+2.980e+03	+7.586e+03	+9.109e+03	+0.718
34.500	+2.166e+03	+8.112e+03	+9.411e+03	+0.789
34.600	+1.895e+03	+8.351e+03	+1.033e+04	+0.815
34.700	+1.949e+03	+8.231e+03	+9.892e+03	+0.809
34.800	+1.331e+03	+8.621e+03	+1.042e+04	+0.866
34.900	+1.942e+03	+6.623e+03	+8.959e+03	+0.773
35.000	+2.485e+03	+6.934e+03	+9.405e+03	+0.736
35.100	+2.673e+03	+7.909e+03	+8.950e+03	+0.747
35.200	+1.386e+03	+8.281e+03	+1.139e+04	+0.857
35.300	+3.109e+03	+8.428e+03	+1.057e+04	+0.730
35.400	+1.745e+03	+8.733e+03	+9.643e+03	+0.833
35.500	+2.018e+03	+7.669e+03	+1.112e+04	+0.792
35.600	+1.950e+03	+8.976e+03	+9.542e+03	+0.822
35.700	+3.406e+03	+8.286e+03	+1.020e+04	+0.709
35.800	+2.808e+03	+9.324e+03	+9.636e+03	+0.769
35.900	+2.151e+03	+8.094e+03	+9.122e+03	+0.790
36.000	+2.559e+03	+7.129e+03	+9.413e+03	+0.736
36.100	+1.817e+03	+8.341e+03	+1.011e+04	+0.821
36.200	+1.878e+03	+8.098e+03	+1.011e+04	+0.812
36.300	+2.913e+03	+9.009e+03	+1.014e+04	+0.756
36.400	+1.589e+03	+7.490e+03	+1.031e+04	+0.825
36.500	+1.981e+03	+7.897e+03	+1.020e+04	+0.799
36.600	+2.595e+03	+9.097e+03	+1.139e+04	+0.778
36.700	+3.364e+03	+8.425e+03	+1.106e+04	+0.715
36.800	+2.414e+03	+7.630e+03	+1.041e+04	+0.760
36.900	+2.201e+03	+9.049e+03	+1.055e+04	+0.804
37.000	+2.014e+03	+7.967e+03	+9.506e+03	+0.798
37.100	+2.481e+03	+8.115e+03	+9.502e+03	+0.766
37.200	+2.246e+03	+8.413e+03	+9.964e+03	+0.789
37.300	+2.149e+03	+8.174e+03	+8.862e+03	+0.792
37.400	+1.036e+03	+7.465e+03	+1.075e+04	+0.878
37.500	+1.914e+03	+6.789e+03	+1.017e+04	+0.780
37.600	+2.244e+03	+8.653e+03	+1.060e+04	+0.794
37.700	+2.235e+03	+7.214e+03	+9.922e+03	+0.764
37.800	+1.792e+03	+7.643e+03	+9.688e+03	+0.810
37.900	+2.119e+03	+8.318e+03	+1.001e+04	+0.797
38.000	+2.309e+03	+8.556e+03	+9.344e+03	+0.787
38.100	+2.087e+03	+7.324e+03	+9.984e+03	+0.778
38.200	+1.658e+03	+9.142e+03	+8.777e+03	+0.846
38.300	+2.307e+03	+6.765e+03	+1.003e+04	+0.746
38.400	+2.286e+03	+7.303e+03	+1.026e+04	+0.762
38.500	+2.155e+03	+8.676e+03	+9.420e+03	+0.801
38.600	+3.123e+03	+7.192e+03	+9.769e+03	+0.697
38.700	+1.784e+03	+7.743e+03	+1.194e+04	+0.813
38.800	+1.916e+03	+7.684e+03	+1.148e+04	+0.800
38.900	+2.804e+03	+8.576e+03	+1.021e+04	+0.754
39.000	+3.710e+03	+8.985e+03	+9.619e+03	+0.708
39.100	+1.299e+03	+8.401e+03	+9.706e+03	+0.866
39.200	+1.531e+03	+8.232e+03	+1.012e+04	+0.843
39.300	+2.917e+03	+7.830e+03	+1.010e+04	+0.729
39.400	+2.683e+03	+7.589e+03	+8.927e+03	+0.739
39.500	+1.699e+03	+7.915e+03	+9.772e+03	+0.823
39.600	+6.863e+02	+8.703e+03	+1.082e+04	+0.927
39.700	+2.808e+03	+7.931e+03	+1.012e+04	+0.739
39.800	+2.586e+03	+7.834e+03	+9.340e+03	+0.752
39.900	+2.097e+03	+7.745e+03	+1.029e+04	+0.787
40.000	+3.809e+03	+6.296e+03	+1.032e+04	+0.623
40.100	+6.645e+03	+5.213e+03	+8.585e+03	+0.440
40.200	+5.360e+03	+4.742e+03	+1.025e+04	+0.469
40.300	+4.624e+03	+4.431e+03	+8.424e+03	+0.489
40.400	+3.667e+03	+5.701e+03	+1.008e+04	+0.609
40.500	+5.222e+03	+4.975e+03	+1.013e+04	+0.488
40.600	+4.137e+03	+5.205e+03	+9.897e+03	+0.557
40.700	+4.965e+03	+6.049e+03	+1.025e+04	+0.549
40.800	+4.065e+03	+4.960e+03	+1.043e+04	+0.550
40.900	+5.718e+03	+5.574e+03	+9.209e+03	+0.494
41.000	+4.485e+03	+5.805e+03	+9.830e+03	+0.564
41.100	+5.455e+03	+4.411e+03	+8.986e+03	+0.447
41.200	+5.430e+03	+5.620e+03	+9.906e+03	+0.509
41.300	+5.085e+03	+3.528e+03	+9.858e+03	+0.410
41.400	+4.671e+03	+5.967e+03	+9.450e+03	+0.561
41.500	+4.986e+03	+6.087e+03	+1.128e+04	+0.550
41.600	+4.369e+03	+4.749e+03	+1.006e+04	+0.521
41.700	+4.738e+03	+5.033e+03	+1.052e+04	+0.515
41.800	+4.915e+03	+5.146e+03	+1.053e+04	+0.511
41.900	+6.725e+03	+3.849e+03	+9.828e+03	+0.364
42.000	+5.251e+03	+5.698e+03	+1.034e+04	+0.520
42.100	+5.517e+03	+4.863e+03	+1.022e+04	+0.469
42.200	+4.670e+03	+4.504e+03	+1.034e+04	+0.491
42.300	+5.118e+03	+4.770e+03	+1.150e+04	+0.482
42.400	+4.051e+03	+5.216e+03	+9.691e+03	+0.563
42.500	+6.616e+03	+4.960e+03	+1.001e+04	+0.428
42.600	+6.298e+03	+4.659e+03	+1.128e+04	+0.425
42.700	+5.821e+03	+5.166e+03	+9.125e+03	+0.470
42.800	+6.811e+03	+2.427e+03	+1.004e+04	+0.263
42.900	+6.367e+03	+4.222e+03	+1.048e+04	+0.399
43.000	+6.606e+03	+2.260e+03	+9.196e+03	+0.255
43.100	+6.086e+03	+2.506e+03	+9.852e+03	+0.292
43.200	+7.446e+03	+1.749e+03	+1.154e+04	+0.190
43.300	+9.578e+03	+1.343e+03	+1.070e+04	+0.123
43.400	+7.081e+03	+4.155e+03	+1.056e+04	+0.370
43.500	+7.598e+03	+1.914e+03	+1.097e+04	+0.201
43.600	+6.905e+03	+2.318e+03	+1.084e+04	+0.251
43.700	+6.641e+03	+8.283e+02	+1.008e+04	+0.111
43.800	+7.803e+03	+2.180e+03	+1.172e+04	+0.218
43.900	+6.562e+03	+2.694e+03	+1.009e+04	+0.291
44.000	+8.669e+03	+3.525e+03	+1.030e+04	+0.289
44.100	+6.669e+03	+1.949e+03	+9.335e+03	+0.226
44.200	+7.723e+03	+2.076e+03	+1.039e+04	+0.212
44.300	+6.586e+03	+2.846e+03	+1.020e+04	+0.302
44.400	+6.864e+03	+3.169e+03	+9.179e+03	+0.316
44.500	+6.239e+03	+3.018e+03	+9.340e+03	+0.326
44.600	+8.069e+03	+9.508e+02	+1.005e+04	+0.105
44.700	+7.368e+03	+1.798e+03	+9.415e+03	+0.196
44.800	+8.707e+03	+2.304e+03	+1.051e+04	+0.209
44.900	+8.571e+03	+1.701e+03	+1.124e+04	+0.166
45.000	+6.960e+03	+2.947e+03	+1.148e+04	+0.297
45.100	+8.266e+03	+2.654e+03	+1.010e+04	+0.243
45.200	+7.085e+03	+2.313e+03	+9.454e+03	+0.246
45.300	+7.169e+03	+2.800e+03	+9.911e+03	+0.281
45.400	+6.013e+03	+3.753e+03	+9.346e+03	+0.384
45.500	+6.994e+03	+2.948e+03	+9.894e+03	+0.296
45.600	+7.829e+03	+3.365e+03	+9.776e+03	+0.301
45.700	+8.305e+03	+1.058e+03	+1.120e+04	+0.113
45.800	+7.244e+03	+2.179e+03	+8.758e+03	+0.231
45.900	+6.687e+03	+1.963e+03	+1.035e+04	+0.227
46.000	+7.494e+03	+1.817e+03	+9.911e+03	+0.195
46.100	+8.312e+03	+4.019e+03	+1.024e+04	+0.326
46.200	+8.333e+03	+2.151e+03	+1.136e+04	+0.205
46.300	+7.486e+03	+1.746e+03	+9.353e+03	+0.189
46.400	+6.292e+03	+2.085e+03	+9.452e+03	+0.249
46.500	+7.497e+03	+3.382e+03	+8.958e+03	+0.311
46.600	+6.949e+03	+2.782e+03	+8.683e+03	+0.286
46.700	+7.313e+03	+2.458e+03	+9.859e+03	+0.252
46.800	+5.851e+03	+2.326e+03	+9.984e+03	+0.284
46.900	+7.401e+03	+2.312e+03	+9.942e+03	+0.238
47.000	+7.199e+03	+3.096e+03	+1.122e+04	+0.301
47.100	+7.476e+03	+3.229e+03	+9.849e+03	+0.302
47.200	+6.929e+03	+3.092e+03	+1.131e+04	+0.309
47.300	+7.179e+03	+4.357e+03	+9.397e+03	+0.378
47.400	+7.928e+03	+3.361e+03	+9.521e+03	+0.298
47.500	+6.924e+03	+1.107e+03	+9.640e+03	+0.138
47.600	+7.602e+03	+2.554e+03	+9.377e+03	+0.251
47.700	+7.486e+03	+2.756e+03	+9.495e+03	+0.269
47.800	+7.174e+03	+2.247e+03	+9.815e+03	+0.239
47.900	+7.410e+03	+3.033e+03	+1.169e+04	+0.290
48.000	+7.532e+03	+2.348e+03	+1.058e+04	+0.238
48.100	+7.967e+03	+2.420e+03	+9.506e+03	+0.233
48.200	+6.641e+03	+1.705e+03	+1.002e+04	+0.204
48.300	+7.429e+03	+3.091e+03	+1.001e+04	+0.294
48.400	+3.930e+03	+4.751e+03	+1.053e+04	+0.547
48.500	+3.565e+03	+4.339e+03	+8.940e+03	+0.549
48.600	+4.397e+03	+4.542e+03	+9.351e+03	+0.508
48.700	+4.190e+03	+3.799e+03	+9.645e+03	+0.476
48.800	+6.466e+03	+1.083e+03	+1.034e+04	+0.143
48.900	+7.363e+03	+1.433e+03	+1.010e+04	+0.163
49.000	+5.696e+03	+2.214e+03	+1.071e+04	+0.280
49.100	+7.794e+03	+2.190e+03	+1.047e+04	+0.219
49.200	+6.573e+03	+2.006e+03	+1.011e+04	+0.234
49.300	+7.754e+03	+2.504e+03	+9.518e+03	+0.244
49.400	+6.182e+03	+9.948e+02	+1.025e+04	+0.139
49.500	+6.993e+03	+2.544e+03	+9.941e+03	+0.267
49.600	+9.163e+03	+2.199e+03	+9.347e+03	+0.194
49.700	+7.434e+03	+2.909e+03	+1.072e+04	+0.281
49.800	+7.203e+03	+2.523e+03	+1.046e+04	+0.259
49.900	+7.566e+03	+2.738e+03	+9.407e+03	+0.266
50.000	+5.354e+03	+4.248e+03	+8.929e+03	+0.442
50.100	+4.547e+03	+6.055e+03	+1.077e+04	+0.571
50.200	+4.962e+03	+4.737e+03	+9.247e+03	+0.488
50.300	+4.417e+03	+5.587e+03	+1.094e+04	+0.558
50.400	+4.617e+03	+3.935e+03	+1.010e+04	+0.460
50.500	+4.112e+03	+5.950e+03	+1.013e+04	+0.591
50.600	+4.071e+03	+3.522e+03	+1.115e+04	+0.464
50.700	+5.469e+03	+5.363e+03	+9.159e+03	+0.495
50.800	+5.392e+03	+4.607e+03	+1.013e+04	+0.461
50.900	+2.476e+03	+6.916e+03	+9.554e+03	+0.736
51.000	+2.016e+03	+7.483e+03	+1.112e+04	+0.788
51.100	+2.202e+03	+7.065e+03	+9.435e+03	+0.762
51.200	+2.485e+03	+7.770e+03	+1.059e+04	+0.758
51.300	+3.521e+03	+6.134e+03	+1.072e+04	+0.635
51.400	+5.437e+03	+4.838e+03	+9.963e+03	+0.471
51.500	+5.432e+03	+4.861e+03	+8.562e+03	+0.472
51.600	+2.566e+03	+7.948e+03	+1.071e+04	+0.756
51.700	+2.503e+03	+7.454e+03	+1.158e+04	+0.749
51.800	+3.074e+03	+8.500e+03	+1.041e+04	+0.734
51.900	+2.231e+03	+7.173e+03	+1.087e+04	+0.763
52.000	+7.586e+02	+7.310e+03	+9.317e+03	+0.906
52.100	+1.484e+03	+6.328e+03	+9.560e+03	+0.810
52.200	+1.188e+03	+8.886e+03	+9.446e+03	+0.882
52.300	+1.879e+03	+9.212e+03	+9.579e+03	+0.831
52.400	+2.418e+03	+6.957e+03	+1.065e+04	+0.742
52.500	+1.942e+03	+7.858e+03	+9.585e+03	+0.802
52.600	+2.998e+03	+8.404e+03	+1.024e+04	+0.737
52.700	+6.388e+02	+7.826e+03	+9.910e+03	+0.925
52.800	+1.655e+03	+7.717e+03	+1.065e+04	+0.823
52.900	+6.129e+03	+3.102e+03	+9.918e+03	+0.336
53.000	+6.569e+03	+2.976e+03	+1.067e+04	+0.312
53.100	+7.617e+03	+2.631e+03	+1.122e+04	+0.257
53.200	+7.892e+03	+3.564e+03	+1.125e+04	+0.311
53.300	+8.525e+03	+2.771e+03	+8.934e+03	+0.245
53.400	+8.649e+03	+5.819e+02	+9.538e+03	+0.063
53.500	+6.974e+03	+1.631e+03	+8.745e+03	+0.189
53.600	+7.075e+03	+2.519e+03	+1.101e+04	+0.263
53.700	+8.080e+03	+2.270e+03	+9.263e+03	+0.219
53.800	+9.180e+03	+2.978e+03	+1.114e+04	+0.245
53.900	+8.171e+03	+3.755e+03	+9.665e+03	+0.315
54.000	+7.434e+03	+2.750e+03	+1.002e+04	+0.270
54.100	+8.029e+03	+2.444e+03	+9.093e+03	+0.233
54.200	+7.392e+03	+2.724e+03	+8.336e+03	+0.269
54.300	+7.018e+03	+1.767e+03	+1.049e+04	+0.201
54.400	+7.101e+03	+2.214e+03	+9.099e+03	+0.238
54.500	+8.001e+03	+2.269e+03	+1.006e+04	+0.221
54.600	+8.043e+03	+1.362e+03	+9.918e+03	+0.145
54.700	+6.949e+03	+3.238e+03	+1.011e+04	+0.318
54.800	+7.697e+03	+1.360e+03	+1.064e+04	+0.150
54.900	+7.892e+03	+3.597e+03	+1.032e+04	+0.313
55.000	+8.176e+03	+2.659e+03	+9.620e+03	+0.245
55.100	+7.525e+03	+2.217e+03	+9.492e+03	+0.228
55.200	+9.015e+03	+2.485e+03	+9.940e+03	+0.216
55.300	+6.839e+03	+2.177e+03	+9.535e+03	+0.241
55.400	+8.310e+03	+2.247e+03	+9.313e+03	+0.213
55.500	+7.922e+03	+3.256e+03	+1.031e+04	+0.291
55.600	+8.498e+03	+2.008e+03	+1.002e+04	+0.191
55.700	+8.461e+03	+2.400e+03	+1.029e+04	+0.221
55.800	+7.191e+03	+1.358e+03	+1.029e+04	+0.159
55.900	+7.950e+03	+2.770e+03	+9.467e+03	+0.258
56.000	+7.624e+03	+2.186e+03	+1.030e+04	+0.223
56.100	+7.644e+03	+2.129e+03	+9.828e+03	+0.218
56.200	+8.066e+03	+1.293e+03	+1.101e+04	+0.138
56.300	+8.478e+03	+2.609e+03	+9.565e+03	+0.235
56.400	+7.382e+03	+2.854e+03	+1.030e+04	+0.279
56.500	+7.644e+03	+2.331e+03	+9.144e+03	+0.234
56.600	+6.964e+03	+2.614e+03	+1.011e+04	+0.273
56.700	+6.004e+03	+2.922e+03	+8.794e+03	+0.327
56.800	+7.139e+03	+1.883e+03	+9.968e+03	+0.209
56.900	+6.447e+03	+3.529e+03	+9.730e+03	+0.354
57.000	+8.683e+03	+3.487e+03	+1.078e+04	+0.287
57.100	+6.845e+03	+3.868e+03	+9.831e+03	+0.361
57.200	+8.582e+03	+2.712e+03	+8.968e+03	+0.240
57.300	+7.497e+03	+2.652e+03	+1.080e+04	+0.261
57.400	+8.349e+03	+2.341e+03	+9.502e+03	+0.219
57.500	+7.638e+03	+2.643e+03	+9.359e+03	+0.257
57.600	+6.310e+03	+2.339e+03	+1.043e+04	+0.270
57.700	+6.086e+03	+4.080e+03	+1.081e+04	+0.401
57.800	+7.548e+03	+2.223e+03	+1.035e+04	+0.227
57.900	+8.014e+03	+2.645e+03	+1.003e+04	+0.248
58.000	+7.608e+03	+2.294e+03	+1.015e+04	+0.232
58.100	+6.561e+03	+2.790e+03	+9.996e+03	+0.298
58.200	+8.085e+03	+3.209e+03	+9.769e+03	+0.284
58.300	+8.922e+03	+2.221e+03	+9.806e+03	+0.199
58.400	+6.940e+03	+2.603e+03	+1.014e+04	+0.273
58.500	+8.205e+03	+2.499e+03	+9.340e+03	+0.233
58.600	+7.848e+03	+2.281e+03	+9.893e+03	+0.225
58.700	+7.723e+03	+1.604e+03	+9.677e+03	+0.172
58.800	+5.700e+03	+3.317e+03	+1.064e+04	+0.368
58.900	+5.196e+03	+4.707e+03	+1.112e+04	+0.475
59.000	+5.312e+03	+2.758e+03	+1.009e+04	+0.342
59.100	+5.195e+03	+5.833e+03	+9.772e+03	+0.529
59.200	+4.891e+03	+4.980e+03	+1.003e+04	+0.504
59.300	+5.222e+03	+5.190e+03	+9.700e+03	+0.498
59.400	+4.459e+03	+5.567e+03	+9.460e+03	+0.555
59.500	+5.679e+03	+4.748e+03	+9.228e+03	+0.455
59.600	+4.450e+03	+5.784e+03	+9.714e+03	+0.565
59.700	+5.473e+03	+5.668e+03	+1.100e+04	+0.509
59.800	+4.733e+03	+4.778e+03	+9.518e+03	+0.502
59.900	+5.868e+03	+4.385e+03	+9.384e+03	+0.428
60.000	+6.222e+03	+4.421e+03	+1.016e+04	+0.415
60.100	+4.882e+03	+5.383e+03	+1.063e+04	+0.524
60.200	+5.026e+03	+5.485e+03	+1.059e+04	+0.522
60.300	+5.039e+03	+3.613e+03	+1.106e+04	+0.418
60.400	+5.280e+03	+6.118e+03	+9.585e+03	+0.537
60.500	+4.598e+03	+4.787e+03	+1.099e+04	+0.510
60.600	+5.348e+03	+5.771e+03	+1.005e+04	+0.519
60.700	+5.753e+03	+4.378e+03	+9.591e+03	+0.432
60.800	+5.145e+03	+5.865e+03	+1.007e+04	+0.533
60.900	+5.318e+03	+5.069e+03	+9.452e+03	+0.488
61.000	+6.124e+03	+4.411e+03	+9.834e+03	+0.419
61.100	+5.118e+03	+4.789e+03	+9.461e+03	+0.483
61.200	+4.043e+03	+4.245e+03	+1.027e+04	+0.512
61.300	+2.584e+03	+7.426e+03	+9.921e+03	+0.742
61.400	+5.903e+03	+2.849e+03	+1.019e+04	+0.326
61.500	+8.527e+03	+8.461e+02	+1.060e+04	+0.090
61.600	+8.520e+03	+1.772e+03	+1.041e+04	+0.172
61.700	+7.717e+03	+3.267e+03	+9.769e+03	+0.297
61.800	+7.215e+03	+2.215e+03	+9.927e+03	+0.235
61.900	+6.760e+03	+3.469e+03	+9.474e+03	+0.339
62.000	+6.602e+03	+3.462e+03	+1.028e+04	+0.344
62.100	+6.841e+03	+2.520e+03	+9.653e+03	+0.269
62.200	+7.147e+03	+2.396e+03	+1.044e+04	+0.251
62.300	+7.695e+03	+3.430e+03	+1.036e+04	+0.308
62.400	+5.253e+03	+2.082e+03	+1.092e+04	+0.284
62.500	+6.541e+03	+2.621e+03	+9.881e+03	+0.286
62.600	+8.693e+03	+2.439e+03	+1.060e+04	+0.219
62.700	+7.858e+03	+2.479e+03	+8.932e+03	+0.240
62.800	+7.310e+03	+2.392e+03	+8.930e+03	+0.247
62.900	+7.645e+03	+3.727e+03	+9.825e+03	+0.328
63.000	+6.444e+03	+1.563e+03	+9.794e+03	+0.195
63.100	+8.667e+03	+2.979e+03	+1.014e+04	+0.256
63.200	+7.656e+03	+3.924e+03	+9.129e+03	+0.339
63.300	+5.738e+03	+1.137e+03	+9.574e+03	+0.165
63.400	+6.813e+03	+2.895e+03	+1.005e+04	+0.298
63.500	+8.207e+03	+2.333e+03	+1.011e+04	+0.221
63.600	+8.639e+03	+2.629e+03	+1.077e+04	+0.233
63.700	+9.024e+03	+1.996e+03	+7.929e+03	+0.181
63.800	+7.060e+03	+2.536e+03	+1.090e+04	+0.264
63.900	+6.195e+03	+2.582e+03	+1.050e+04	+0.294
64.000	+7.239e+03	+2.265e+03	+9.885e+03	+0.238
64.100	+6.863e+03	+2.182e+03	+9.055e+03	+0.241
64.200	+6.885e+03	+3.049e+03	+9.148e+03	+0.307
64.300	+7.047e+03	+2.835e+03	+1.016e+04	+0.287
64.400	+7.068e+03	+2.418e+03	+9.899e+03	+0.255
64.500	+5.530e+03	+5.201e+03	+1.011e+04	+0.485
64.600	+5.782e+03	+4.540e+03	+1.020e+04	+0.440
64.700	+5.539e+03	+4.858e+03	+9.938e+03	+0.467
64.800	+5.803e+03	+4.572e+03	+9.542e+03	+0.441
64.900	+5.471e+03	+5.022e+03	+9.140e+03	+0.479
65.000	+4.478e+03	+4.671e+03	+9.477e+03	+0.511
65.100	+5.323e+03	+5.111e+03	+9.185e+03	+0.490
65.200	+5.481e+03	+5.339e+03	+1.041e+04	+0.493
65.300	+4.925e+03	+4.889e+03	+9.843e+03	+0.498
65.400	+2.706e+03	+8.008e+03	+1.046e+04	+0.747
65.500	+2.508e+03	+8.509e+03	+1.030e+04	+0.772
65.600	+3.703e+03	+4.655e+03	+9.293e+03	+0.557
65.700	+6.215e+03	+5.589e+03	+9.710e+03	+0.473
65.800	+4.862e+03	+4.473e+03	+9.385e+03	+0.479
65.900	+4.424e+03	+4.884e+03	+1.095e+04	+0.525
66.000	+4.350e+03	+5.460e+03	+1.009e+04	+0.557
66.100	+4.659e+03	+4.988e+03	+1.039e+04	+0.517
66.200	+5.846e+03	+4.323e+03	+8.744e+03	+0.425
66.300	+5.576e+03	+5.836e+03	+9.021e+03	+0.511
66.400	+4.186e+03	+4.364e+03	+9.259e+03	+0.510
66.500	+5.119e+03	+5.716e+03	+9.880e+03	+0.528
66.600	+4.079e+03	+4.066e+03	+9.235e+03	+0.499
66.700	+5.319e+03	+5.411e+03	+9.440e+03	+0.504
66.800	+6.669e+03	+5.308e+03	+9.122e+03	+0.443
66.900	+5.091e+03	+4.596e+03	+1.013e+04	+0.474
67.000	+5.541e+03	+5.482e+03	+1.024e+04	+0.497
67.100	+4.255e+03	+5.168e+03	+9.546e+03	+0.548
67.200	+4.122e+03	+4.351e+03	+9.734e+03	+0.514
67.300	+3.906e+03	+4.091e+03	+9.953e+03	+0.512
67.400	+3.062e+03	+4.291e+03	+9.173e+03	+0.584
67.500	+5.328e+03	+5.307e+03	+1.043e+04	+0.499
67.600	+5.030e+03	+5.195e+03	+9.220e+03	+0.508
67.700	+5.013e+03	+4.847e+03	+9.661e+03	+0.492
67.800	+5.232e+03	+5.271e+03	+1.022e+04	+0.502
67.900	+6.741e+03	+4.827e+03	+9.763e+03	+0.417
68.000	+4.593e+03	+5.072e+03	+1.018e+04	+0.525
68.100	+4.193e+03	+6.176e+03	+8.259e+03	+0.596
68.200	+3.909e+03	+5.150e+03	+9.629e+03	+0.568
68.300	+3.798e+03	+4.674e+03	+1.012e+04	+0.552
68.400	+6.015e+03	+4.042e+03	+9.997e+03	+0.402
68.500	+5.145e+03	+5.842e+03	+1.037e+04	+0.532
68.600	+4.017e+03	+4.207e+03	+1.033e+04	+0.512
68.700	+5.268e+03	+4.908e+03	+7.703e+03	+0.482
68.800	+5.003e+03	+4.274e+03	+9.013e+03	+0.461
68.900	+5.578e+03	+7.079e+03	+9.501e+03	+0.559
69.000	+5.172e+03	+4.454e+03	+1.004e+04	+0.463
69.100	+4.459e+03	+6.207e+03	+9.147e+03	+0.582
69.200	+2.279e+03	+8.571e+03	+1.073e+04	+0.790
69.300	+2.433e+03	+8.910e+03	+9.385e+03	+0.786
69.400	+1.961e+03	+8.263e+03	+1.076e+04	+0.808
69.500	+2.020e+03	+6.406e+03	+9.270e+03	+0.760
69.600	+1.743e+03	+7.672e+03	+9.399e+03	+0.815
69.700	+1.811e+03	+7.387e+03	+1.057e+04	+0.803
69.800	+3.275e+03	+7.830e+03	+9.519e+03	+0.705
69.900	+3.079e+03	+7.608e+03	+1.010e+04	+0.712
70.000	+2.220e+03	+7.536e+03	+1.134e+04	+0.772
70.100	+1.294e+03	+8.339e+03	+1.025e+04	+0.866
70.200	+1.983e+03	+7.608e+03	+1.089e+04	+0.793
70.300	+1.922e+03	+8.530e+03	+1.064e+04	+0.816
70.400	+2.018e+03	+7.190e+03	+8.675e+03	+0.781
70.500	+1.747e+03	+8.130e+03	+9.585e+03	+0.823
70.600	+3.775e+03	+7.424e+03	+1.165e+04	+0.663
70.700	+1.966e+03	+7.617e+03	+1.063e+04	+0.795
70.800	+2.157e+03	+8.810e+03	+9.189e+03	+0.803
70.900	+2.794e+03	+6.716e+03	+1.023e+04	+0.706
71.000	+2.648e+03	+7.511e+03	+9.717e+03	+0.739
71.100	+1.366e+03	+8.454e+03	+1.018e+04	+0.861
71.200	+1.390e+03	+8.433e+03	+7.943e+03	+0.858
71.300	+2.702e+03	+8.169e+03	+9.802e+03	+0.751
71.400	+1.881e+03	+8.004e+03	+1.075e+04	+0.810
71.500	+2.119e+03	+7.871e+03	+1.142e+04	+0.788
71.600	+1.933e+03	+8.288e+03	+9.490e+03	+0.811
71.700	+1.601e+03	+8.598e+03	+1.085e+04	+0.843
71.800	+2.042e+03	+7.611e+03	+1.097e+04	+0.788
71.900	+1.919e+03	+6.431e+03	+8.587e+03	+0.770
72.000	+2.131e+03	+7.802e+03	+1.007e+04	+0.785
72.100	+2.189e+03	+7.028e+03	+1.062e+04	+0.763
72.200	+2.128e+03	+6.710e+03	+9.229e+03	+0.759
72.300	+1.425e+03	+8.889e+03	+1.041e+04	+0.862
72.400	+2.772e+03	+8.394e+03	+7.920e+03	+0.752
72.500	+7.886e+03	+4.271e+03	+9.997e+03	+0.351
72.600	+7.489e+03	+2.013e+03	+9.840e+03	+0.212
72.700	+7.723e+03	+3.101e+03	+9.776e+03	+0.286
72.800	+7.700e+03	+2.630e+03	+9.268e+03	+0.255
72.900	+6.784e+03	+3.060e+03	+9.052e+03	+0.311
73.000	+7.763e+03	+2.987e+03	+9.296e+03	+0.278
73.100	+8.018e+03	+2.874e+03	+8.514e+03	+0.264
73.200	+8.203e+03	+2.074e+03	+1.110e+04	+0.202
73.300	+8.375e+03	+3.181e+03	+8.915e+03	+0.275
73.400	+8.586e+03	+1.914e+03	+9.329e+03	+0.182
