%t (s)	Idd (a.u.)	Ida (a.u.)	Iaa (a.u.)	FRET E
0.000	+1.570e+03	+7.323e+03	+1.025e+04	+0.823
0.100	+2.411e+03	+7.172e+03	+9.800e+03	+0.748
0.200	+9.372e+02	+8.344e+03	+1.032e+04	+0.899
0.300	+2.726e+03	+7.728e+03	+1.097e+04	+0.739
0.400	+1.877e+03	+6.658e+03	+1.007e+04	+0.780
0.500	+1.484e+03	+7.480e+03	+1.100e+04	+0.834
0.600	+1.786e+03	+7.305e+03	+9.685e+03	+0.804
0.700	+3.272e+03	+7.510e+03	+1.037e+04	+0.697
0.800	+4.860e+03	+5.156e+03	+8.384e+03	+0.515
0.900	+4.462e+03	+3.989e+03	+9.766e+03	+0.472
1.000	+4.965e+03	+4.523e+03	+1.123e+04	+0.477
1.100	+4.020e+03	+5.594e+03	+1.041e+04	+0.582
1.200	+4.543e+03	+4.705e+03	+8.764e+03	+0.509
1.300	+5.690e+03	+3.850e+03	+9.902e+03	+0.404
1.400	+5.498e+03	+4.510e+03	+9.696e+03	+0.451
1.500	+5.003e+03	+4.361e+03	+1.032e+04	+0.466
1.600	+4.340e+03	+5.956e+03	+1.136e+04	+0.578
1.700	+4.281e+03	+5.113e+03	+1.032e+04	+0.544
1.800	+5.213e+03	+5.887e+03	+9.431e+03	+0.530
1.900	+5.691e+03	+3.713e+03	+9.265e+03	+0.395
2.000	+5.464e+03	+4.599e+03	+1.169e+04	+0.457
2.100	+4.696e+03	+5.526e+03	+9.033e+03	+0.541
2.200	+5.538e+03	+4.930e+03	+1.063e+04	+0.471
2.300	+3.202e+03	+4.814e+03	+1.007e+04	+0.601
2.400	+3.601e+03	+5.123e+03	+1.025e+04	+0.587
2.500	+4.339e+03	+5.134e+03	+1.021e+04	+0.542
2.600	+4.995e+03	+5.216e+03	+1.011e+04	+0.511
2.700	+4.969e+03	+4.483e+03	+1.037e+04	+0.474
2.800	+5.802e+03	+5.490e+03	+9.370e+03	+0.486
2.900	+5.291e+03	+4.617e+03	+1.021e+04	+0.466
3.000	+4.848e+03	+6.022e+03	+1.038e+04	+0.554
3.100	+4.378e+03	+5.644e+03	+9.631e+03	+0.563
3.200	+4.673e+03	+4.923e+03	+1.022e+04	+0.513
3.300	+4.282e+03	+5.826e+03	+1.045e+04	+0.576
3.400	+2.269e+03	+8.798e+03	+9.814e+03	+0.795
3.500	+2.335e+03	+8.792e+03	+9.692e+03	+0.790
3.600	+2.123e+03	+9.530e+03	+9.572e+03	+0.818
3.700	+1.602e+03	+7.151e+03	+9.430e+03	+0.817
3.800	+2.775e+03	+7.641e+03	+1.134e+04	+0.734
3.900	+3.134e+03	+9.127e+03	+1.065e+04	+0.744
4.000	+3.383e+03	+6.578e+03	+1.053e+04	+0.660
4.100	+2.055e+03	+8.140e+03	+1.079e+04	+0.798
4.200	+1.633e+03	+8.791e+03	+1.143e+04	+0.843
4.300	+2.542e+03	+8.641e+03	+1.097e+04	+0.773
4.400	+2.003e+03	+7.681e+03	+1.016e+04	+0.793
4.500	+1.173e+03	+7.293e+03	+1.054e+04	+0.861
4.600	+2.644e+03	+7.763e+03	+9.815e+03	+0.746
4.700	+1.789e+03	+7.771e+03	+1.063e+04	+0.813
4.800	+1.885e+03	+8.583e+03	+1.002e+04	+0.820
4.900	+1.651e+03	+7.649e+03	+9.606e+03	+0.822
5.000	+2.132e+03	+9.229e+03	+9.410e+03	+0.812
5.100	+2.525e+03	+8.064e+03	+9.821e+03	+0.762
5.200	+2.134e+03	+7.491e+03	+1.105e+04	+0.778
5.300	+5.541e+03	+4.863e+03	+7.772e+03	+0.467
5.400	+5.462e+03	+4.596e+03	+9.398e+03	+0.457
5.500	+4.651e+03	+4.141e+03	+9.615e+03	+0.471
5.600	+4.388e+03	+5.922e+03	+1.182e+04	+0.574
5.700	+5.454e+03	+4.852e+03	+9.873e+03	+0.471
5.800	+4.579e+03	+5.981e+03	+1.040e+04	+0.566
5.900	+3.939e+03	+5.765e+03	+1.101e+04	+0.594
6.000	+5.327e+03	+4.441e+03	+9.787e+03	+0.455
6.100	+4.874e+03	+4.379e+03	+9.431e+03	+0.473
6.200	+4.720e+03	+5.441e+03	+1.050e+04	+0.535
6.300	+6.467e+03	+6.244e+03	+9.159e+03	+0.491
6.400	+4.327e+03	+5.851e+03	+9.057e+03	+0.575
6.500	+5.383e+03	+5.155e+03	+1.039e+04	+0.489
6.600	+7.084e+03	+1.677e+03	+9.145e+03	+0.191
6.700	+5.373e+03	+3.535e+03	+9.812e+03	+0.397
6.800	+2.279e+03	+7.253e+03	+1.016e+04	+0.761
6.900	+2.195e+03	+9.649e+03	+1.137e+04	+0.815
7.000	+1.809e+03	+8.268e+03	+1.172e+04	+0.821
7.100	+1.184e+03	+8.306e+03	+1.024e+04	+0.875
7.200	+1.909e+03	+8.661e+03	+1.032e+04	+0.819
7.300	+1.078e+03	+7.905e+03	+9.517e+03	+0.880
7.400	+2.007e+03	+8.069e+03	+9.561e+03	+0.801
7.500	+3.648e+03	+8.269e+03	+9.801e+03	+0.694
7.600	+7.643e+02	+8.033e+03	+1.107e+04	+0.913
7.700	+2.192e+03	+8.270e+03	+9.872e+03	+0.791
7.800	+3.056e+03	+7.866e+03	+9.498e+03	+0.720
7.900	+3.037e+03	+7.541e+03	+1.029e+04	+0.713
8.000	+2.360e+03	+7.926e+03	+9.694e+03	+0.771
8.100	+1.499e+03	+8.085e+03	+9.892e+03	+0.844
8.200	+2.007e+03	+7.932e+03	+1.084e+04	+0.798
8.300	+1.819e+03	+8.317e+03	+1.051e+04	+0.821
8.400	+1.920e+03	+7.163e+03	+1.063e+04	+0.789
8.500	+2.225e+03	+7.072e+03	+9.208e+03	+0.761
8.600	+1.587e+03	+8.125e+03	+9.547e+03	+0.837
8.700	+5.734e+02	+6.747e+03	+9.758e+03	+0.922
8.800	+2.466e+03	+7.928e+03	+9.736e+03	+0.763
8.900	+3.070e+03	+8.188e+03	+1.096e+04	+0.727
9.000	+2.029e+03	+8.443e+03	+9.236e+03	+0.806
9.100	+2.228e+03	+7.502e+03	+9.884e+03	+0.771
9.200	+2.479e+03	+8.736e+03	+9.573e+03	+0.779
9.300	+3.376e+03	+8.582e+03	+1.070e+04	+0.718
9.400	+1.530e+03	+9.364e+03	+1.019e+04	+0.860
9.500	+3.898e+03	+7.390e+03	+9.604e+03	+0.655
9.600	+3.551e+03	+6.387e+03	+9.472e+03	+0.643
9.700	+5.140e+03	+4.913e+03	+1.038e+04	+0.489
9.800	+4.764e+03	+5.247e+03	+1.005e+04	+0.524
9.900	+5.062e+03	+4.521e+03	+8.676e+03	+0.472
10.000	+4.746e+03	+4.249e+03	+9.348e+03	+0.472
10.100	+4.048e+03	+4.958e+03	+1.021e+04	+0.551
10.200	+3.118e+03	+7.028e+03	+9.596e+03	+0.693
10.300	+1.977e+03	+8.304e+03	+1.036e+04	+0.808
10.400	+4.105e+03	+5.456e+03	+9.257e+03	+0.571
10.500	+4.447e+03	+5.353e+03	+1.004e+04	+0.546
10.600	+4.585e+03	+4.964e+03	+1.037e+04	+0.520
10.700	+3.743e+03	+5.910e+03	+1.009e+04	+0.612
10.800	+2.188e+03	+7.969e+03	+9.296e+03	+0.785
10.900	+2.093e+03	+8.602e+03	+1.006e+04	+0.804
11.000	+1.493e+03	+9.272e+03	+9.483e+03	+0.861
11.100	+2.681e+03	+8.010e+03	+9.386e+03	+0.749
11.200	+1.391e+03	+8.012e+03	+9.933e+03	+0.852
11.300	+1.916e+03	+7.023e+03	+9.766e+03	+0.786
11.400	+1.145e+03	+7.513e+03	+9.704e+03	+0.868
11.500	+2.131e+03	+6.892e+03	+9.662e+03	+0.764
11.600	+1.696e+03	+6.993e+03	+1.053e+04	+0.805
11.700	+1.118e+03	+7.889e+03	+1.027e+04	+0.876
11.800	+3.170e+03	+8.401e+03	+8.654e+03	+0.726
11.900	+2.659e+03	+9.257e+03	+1.001e+04	+0.777
12.000	+1.276e+03	+7.721e+03	+9.742e+03	+0.858
12.100	+1.578e+03	+6.644e+03	+1.008e+04	+0.808
12.200	+3.175e+03	+7.231e+03	+1.030e+04	+0.695
12.300	+2.896e+03	+9.198e+03	+1.053e+04	+0.761
12.400	+2.617e+03	+7.748e+03	+1.014e+04	+0.748
12.500	+2.593e+03	+8.386e+03	+9.130e+03	+0.764
12.600	+1.896e+03	+9.173e+03	+1.015e+04	+0.829
12.700	+1.856e+03	+9.124e+03	+1.015e+04	+0.831
12.800	+2.175e+03	+8.171e+03	+9.951e+03	+0.790
12.900	+2.595e+03	+8.309e+03	+9.181e+03	+0.762
13.000	+1.842e+03	+7.658e+03	+9.783e+03	+0.806
13.100	+1.919e+03	+8.184e+03	+1.014e+04	+0.810
13.200	+9.428e+02	+7.160e+03	+9.429e+03	+0.884
13.300	+2.373e+03	+8.359e+03	+8.872e+03	+0.779
13.400	+1.868e+03	+9.006e+03	+9.712e+03	+0.828
13.500	+1.395e+03	+9.544e+03	+1.076e+04	+0.872
13.600	+3.142e+03	+7.241e+03	+9.451e+03	+0.697
13.700	+9.751e+02	+8.601e+03	+9.681e+03	+0.898
13.800	+2.345e+03	+7.175e+03	+9.644e+03	+0.754
13.900	+1.945e+03	+7.972e+03	+9.989e+03	+0.804
14.000	+1.807e+03	+7.755e+03	+9.232e+03	+0.811
14.100	+1.792e+03	+7.649e+03	+1.079e+04	+0.810
14.200	+2.729e+03	+8.066e+03	+1.078e+04	+0.747
14.300	+2.063e+03	+7.801e+03	+1.043e+04	+0.791
14.400	+8.512e+02	+7.659e+03	+1.015e+04	+0.900
14.500	+2.757e+03	+7.479e+03	+9.262e+03	+0.731
14.600	+2.288e+03	+8.135e+03	+1.044e+04	+0.781
14.700	+2.120e+03	+7.926e+03	+1.026e+04	+0.789
14.800	+3.973e+02	+7.780e+03	+8.917e+03	+0.951
14.900	+3.277e+03	+8.753e+03	+8.721e+03	+0.728
15.000	+1.600e+03	+6.484e+03	+9.233e+03	+0.802
15.100	+1.818e+03	+8.072e+03	+9.591e+03	+0.816
15.200	+3.095e+03	+7.671e+03	+9.779e+03	+0.713
15.300	+4.493e+02	+8.269e+03	+1.155e+04	+0.948
15.400	+1.778e+03	+8.256e+03	+1.094e+04	+0.823
15.500	+1.649e+03	+8.913e+03	+9.890e+03	+0.844
15.600	+3.188e+03	+8.427e+03	+9.993e+03	+0.726
15.700	+1.663e+03	+7.650e+03	+1.074e+04	+0.821
15.800	+2.327e+03	+8.929e+03	+1.130e+04	+0.793
15.900	+3.622e+03	+7.083e+03	+1.062e+04	+0.662
16.000	+2.546e+03	+7.270e+03	+8.974e+03	+0.741
16.100	+1.078e+03	+6.954e+03	+1.024e+04	+0.866
16.200	+1.641e+03	+9.514e+03	+1.098e+04	+0.853
16.300	+2.023e+03	+8.328e+03	+9.856e+03	+0.805
16.400	+1.173e+03	+8.139e+03	+9.823e+03	+0.874
16.500	+3.254e+03	+7.528e+03	+1.093e+04	+0.698
16.600	+8.888e+02	+7.014e+03	+1.145e+04	+0.888
16.700	+1.772e+03	+7.613e+03	+1.025e+04	+0.811
16.800	+2.776e+03	+7.358e+03	+1.016e+04	+0.726
16.900	+2.217e+03	+7.328e+03	+1.160e+04	+0.768
17.000	+2.047e+03	+6.889e+03	+8.892e+03	+0.771
17.100	+3.224e+03	+8.232e+03	+1.027e+04	+0.719
17.200	+2.385e+03	+8.132e+03	+9.699e+03	+0.773
17.300	+8.631e+02	+9.482e+03	+1.019e+04	+0.917
17.400	+2.195e+03	+8.179e+03	+9.428e+03	+0.788
17.500	+1.934e+03	+8.446e+03	+8.924e+03	+0.814
17.600	+2.740e+03	+8.281e+03	+1.079e+04	+0.751
17.700	+1.472e+03	+7.447e+03	+9.342e+03	+0.835
17.800	+2.901e+03	+8.232e+03	+9.990e+03	+0.739
17.900	+1.866e+03	+7.360e+03	+1.015e+04	+0.798
18.000	+3.586e+03	+8.246e+03	+1.014e+04	+0.697
18.100	+1.863e+03	+7.200e+03	+1.023e+04	+0.794
18.200	+2.919e+03	+9.066e+03	+1.160e+04	+0.756
18.300	+1.769e+03	+8.278e+03	+1.126e+04	+0.824
18.400	+2.485e+03	+7.895e+03	+9.488e+03	+0.761
18.500	+2.466e+03	+7.079e+03	+9.419e+03	+0.742
18.600	+1.993e+03	+7.068e+03	+9.579e+03	+0.780
18.700	+4.837e+03	+6.160e+03	+9.855e+03	+0.560
18.800	+4.224e+03	+4.494e+03	+1.130e+04	+0.516
18.900	+5.134e+03	+5.019e+03	+1.039e+04	+0.494
19.000	+5.276e+03	+5.323e+03	+1.026e+04	+0.502
19.100	+5.646e+03	+4.671e+03	+1.056e+04	+0.453
19.200	+5.502e+03	+5.872e+03	+1.002e+04	+0.516
19.300	+5.822e+03	+4.147e+03	+9.983e+03	+0.416
19.400	+4.886e+03	+5.467e+03	+1.061e+04	+0.528
19.500	+6.087e+03	+6.175e+03	+1.001e+04	+0.504
19.600	+4.071e+03	+4.869e+03	+9.732e+03	+0.545
19.700	+4.965e+03	+6.111e+03	+9.860e+03	+0.552
19.800	+5.522e+03	+4.515e+03	+9.871e+03	+0.450
19.900	+4.345e+03	+4.379e+03	+9.387e+03	+0.502
20.000	+4.260e+03	+5.843e+03	+8.471e+03	+0.578
20.100	+5.545e+03	+5.346e+03	+1.053e+04	+0.491
20.200	+5.396e+03	+3.373e+03	+1.059e+04	+0.385
20.300	+6.256e+03	+5.562e+03	+9.743e+03	+0.471
20.400	+4.849e+03	+3.976e+03	+1.031e+04	+0.451
20.500	+6.069e+03	+5.897e+03	+1.041e+04	+0.493
20.600	+3.781e+03	+5.220e+03	+9.426e+03	+0.580
20.700	+5.091e+03	+4.904e+03	+9.576e+03	+0.491
20.800	+4.795e+03	+5.365e+03	+1.071e+04	+0.528
20.900	+4.756e+03	+5.832e+03	+1.042e+04	+0.551
21.000	+5.250e+03	+6.350e+03	+1.032e+04	+0.547
21.100	+4.463e+03	+5.174e+03	+9.805e+03	+0.537
21.200	+5.634e+03	+5.567e+03	+1.102e+04	+0.497
21.300	+4.620e+03	+4.523e+03	+1.047e+04	+0.495
21.400	+5.346e+03	+5.296e+03	+1.026e+04	+0.498
21.500	+6.070e+03	+6.239e+03	+1.002e+04	+0.507
21.600	+4.214e+03	+4.017e+03	+1.047e+04	+0.488
21.700	+4.087e+03	+5.238e+03	+9.601e+03	+0.562
21.800	+6.282e+03	+6.149e+03	+1.134e+04	+0.495
21.900	+4.154e+03	+3.697e+03	+1.079e+04	+0.471
22.000	+5.371e+03	+4.688e+03	+1.044e+04	+0.466
22.100	+4.479e+03	+4.277e+03	+9.387e+03	+0.489
22.200	+4.487e+03	+3.811e+03	+1.051e+04	+0.459
22.300	+4.323e+03	+6.058e+03	+1.052e+04	+0.584
22.400	+2.401e+03	+7.981e+03	+1.008e+04	+0.769
22.500	+2.341e+03	+7.062e+03	+1.133e+04	+0.751
22.600	+2.600e+03	+8.188e+03	+9.612e+03	+0.759
22.700	+1.501e+03	+7.484e+03	+1.032e+04	+0.833
22.800	+3.024e+03	+7.598e+03	+1.074e+04	+0.715
22.900	+3.171e+03	+8.166e+03	+1.025e+04	+0.720
23.000	+1.985e+03	+8.135e+03	+9.390e+03	+0.804
23.100	+2.749e+03	+9.545e+03	+8.979e+03	+0.776
23.200	+2.932e+03	+8.600e+03	+1.007e+04	+0.746
23.300	+2.709e+03	+8.616e+03	+1.017e+04	+0.761
23.400	+2.260e+03	+8.740e+03	+1.017e+04	+0.795
23.500	+8.386e+02	+7.875e+03	+1.068e+04	+0.904
23.600	+1.247e+03	+7.607e+03	+8.991e+03	+0.859
23.700	+2.084e+03	+8.308e+03	+9.793e+03	+0.799
23.800	+3.624e+03	+7.547e+03	+9.834e+03	+0.676
23.900	+2.196e+03	+7.624e+03	+9.442e+03	+0.776
24.000	+2.053e+03	+9.368e+03	+1.066e+04	+0.820
24.100	+2.418e+03	+8.899e+03	+1.087e+04	+0.786
24.200	+1.898e+03	+7.843e+03	+9.109e+03	+0.805
24.300	+3.988e+03	+6.599e+03	+1.078e+04	+0.623
24.400	+5.179e+03	+5.753e+03	+1.036e+04	+0.526
24.500	+4.647e+03	+6.049e+03	+1.010e+04	+0.566
24.600	+5.410e+03	+5.141e+03	+9.516e+03	+0.487
24.700	+4.126e+03	+5.631e+03	+1.062e+04	+0.577
24.800	+2.067e+03	+8.674e+03	+1.160e+04	+0.808
24.900	+3.523e+03	+5.457e+03	+9.693e+03	+0.608
25.000	+7.322e+03	+1.843e+03	+9.765e+03	+0.201
25.100	+7.489e+03	+2.319e+03	+1.043e+04	+0.236
25.200	+7.457e+03	+1.893e+03	+1.011e+04	+0.202
25.300	+8.022e+03	+2.767e+03	+9.578e+03	+0.256
25.400	+7.786e+03	+2.041e+03	+9.583e+03	+0.208
25.500	+7.073e+03	+2.820e+03	+8.835e+03	+0.285
25.600	+6.143e+03	+2.056e+03	+9.942e+03	+0.251
25.700	+6.715e+03	+1.675e+03	+9.378e+03	+0.200
25.800	+8.746e+03	+2.159e+03	+9.633e+03	+0.198
25.900	+7.875e+03	+1.807e+03	+1.006e+04	+0.187
26.000	+8.379e+03	+3.164e+03	+1.029e+04	+0.274
26.100	+7.451e+03	+2.049e+03	+8.972e+03	+0.216
26.200	+7.383e+03	+1.609e+03	+9.532e+03	+0.179
26.300	+6.063e+03	+8.899e+02	+9.742e+03	+0.128
26.400	+7.212e+03	+1.422e+03	+9.924e+03	+0.165
26.500	+7.734e+03	+3.099e+03	+1.016e+04	+0.286
26.600	+7.067e+03	+2.564e+03	+1.076e+04	+0.266
26.700	+6.539e+03	+2.165e+03	+9.578e+03	+0.249
26.800	+8.271e+03	+1.068e+03	+9.557e+03	+0.114
26.900	+7.441e+03	+1.630e+03	+1.021e+04	+0.180
27.000	+8.583e+03	+2.351e+03	+1.051e+04	+0.215
27.100	+4.807e+03	+5.238e+03	+1.031e+04	+0.521
27.200	+2.251e+03	+8.459e+03	+1.153e+04	+0.790
27.300	+2.347e+03	+9.113e+03	+9.472e+03	+0.795
27.400	+2.414e+03	+8.409e+03	+9.694e+03	+0.777
27.500	+2.528e+03	+8.248e+03	+1.012e+04	+0.765
27.600	+1.878e+03	+7.001e+03	+8.978e+03	+0.788
27.700	+1.524e+03	+8.370e+03	+1.031e+04	+0.846
27.800	+2.470e+03	+7.307e+03	+9.227e+03	+0.747
27.900	+1.606e+03	+7.759e+03	+9.342e+03	+0.829
28.000	+2.585e+03	+7.600e+03	+1.044e+04	+0.746
28.100	+2.433e+03	+8.636e+03	+9.849e+03	+0.780
28.200	+1.420e+03	+9.092e+03	+9.211e+03	+0.865
28.300	+2.021e+03	+7.418e+03	+1.049e+04	+0.786
28.400	+1.222e+03	+7.640e+03	+9.671e+03	+0.862
28.500	+3.155e+03	+8.768e+03	+1.157e+04	+0.735
28.600	+2.520e+03	+8.889e+03	+9.882e+03	+0.779
28.700	+2.423e+03	+7.442e+03	+1.050e+04	+0.754
28.800	+2.639e+03	+6.153e+03	+1.020e+04	+0.700
28.900	+1.391e+03	+8.267e+03	+1.171e+04	+0.856
29.000	+2.381e+03	+7.283e+03	+9.786e+03	+0.754
29.100	+2.551e+03	+8.162e+03	+1.053e+04	+0.762
29.200	+1.502e+03	+7.614e+03	+9.481e+03	+0.835
29.300	+6.156e+02	+7.771e+03	+9.754e+03	+0.927
29.400	+2.086e+03	+8.401e+03	+1.058e+04	+0.801
29.500	+2.741e+03	+7.936e+03	+9.324e+03	+0.743
29.600	+2.387e+03	+7.615e+03	+9.957e+03	+0.761
29.700	+3.947e+03	+8.101e+03	+9.896e+03	+0.672
29.800	+2.261e+03	+7.152e+03	+9.571e+03	+0.760
29.900	+1.162e+03	+6.840e+03	+1.165e+04	+0.855
30.000	+8.539e+02	+8.213e+03	+9.129e+03	+0.906
30.100	+1.309e+03	+7.489e+03	+1.110e+04	+0.851
30.200	+1.086e+03	+7.915e+03	+1.019e+04	+0.879
30.300	+1.458e+03	+9.355e+03	+9.746e+03	+0.865
30.400	+1.902e+03	+7.906e+03	+1.040e+04	+0.806
30.500	+1.876e+03	+8.326e+03	+1.014e+04	+0.816
30.600	+1.585e+03	+1.053e+04	+9.421e+03	+0.869
30.700	+4.595e+02	+6.759e+03	+1.054e+04	+0.936
30.800	+1.910e+03	+8.437e+03	+1.007e+04	+0.815
30.900	+2.552e+03	+8.147e+03	+1.071e+04	+0.761
31.000	+2.031e+03	+8.387e+03	+1.171e+04	+0.805
31.100	+2.031e+03	+7.480e+03	+1.044e+04	+0.786
31.200	+2.330e+03	+8.703e+03	+9.113e+03	+0.789
31.300	+2.126e+03	+8.301e+03	+1.084e+04	+0.796
31.400	+2.145e+03	+8.331e+03	+9.516e+03	+0.795
31.500	+2.147e+03	+8.934e+03	+1.067e+04	+0.806
31.600	+1.808e+03	+7.214e+03	+1.005e+04	+0.800
31.700	+3.069e+03	+7.711e+03	+1.060e+04	+0.715
31.800	+4.515e+03	+5.791e+03	+9.227e+03	+0.562
31.900	+4.936e+03	+4.267e+03	+1.052e+04	+0.464
32.000	+5.626e+03	+5.039e+03	+1.000e+04	+0.472
32.100	+5.079e+03	+4.472e+03	+9.993e+03	+0.468
32.200	+4.626e+03	+5.220e+03	+9.928e+03	+0.530
32.300	+3.985e+03	+6.789e+03	+9.885e+03	+0.630
32.400	+4.329e+03	+3.593e+03	+9.962e+03	+0.454
32.500	+5.682e+03	+5.783e+03	+9.794e+03	+0.504
32.600	+5.681e+03	+5.406e+03	+9.027e+03	+0.488
32.700	+5.419e+03	+4.204e+03	+9.196e+03	+0.437
32.800	+6.288e+03	+5.889e+03	+1.001e+04	+0.484
32.900	+3.993e+03	+5.446e+03	+9.777e+03	+0.577
33.000	+4.867e+03	+6.150e+03	+1.065e+04	+0.558
33.100	+5.647e+03	+5.308e+03	+1.077e+04	+0.485
33.200	+4.841e+03	+5.437e+03	+1.027e+04	+0.529
33.300	+4.653e+03	+4.136e+03	+1.065e+04	+0.471
33.400	+5.460e+03	+4.016e+03	+1.066e+04	+0.424
33.500	+3.792e+03	+5.838e+03	+1.084e+04	+0.606
33.600	+5.466e+03	+4.446e+03	+1.036e+04	+0.449
33.700	+6.090e+03	+3.651e+03	+1.049e+04	+0.375
33.800	+4.208e+03	+4.439e+03	+9.962e+03	+0.513
33.900	+4.214e+03	+5.439e+03	+1.082e+04	+0.563
34.000	+5.704e+03	+4.346e+03	+1.035e+04	+0.432
34.100	+5.112e+03	+4.235e+03	+1.020e+04	+0.453
34.200	+5.296e+03	+5.538e+03	+1.030e+04	+0.511
34.300	+5.142e+03	+5.300e+03	+1.047e+04	+0.508
34.400	+4.867e+03	+4.580e+03	+1.116e+04	+0.485
34.500	+4.687e+03	+6.181e+03	+1.063e+04	+0.569
34.600	+2.914e+03	+7.158e+03	+9.955e+03	+0.711
34.700	+5.454e+02	+7.690e+03	+1.060e+04	+0.934
34.800	+1.901e+03	+9.415e+03	+1.048e+04	+0.832
34.900	+2.704e+03	+5.972e+03	+1.069e+04	+0.688
35.000	+1.993e+03	+8.643e+03	+9.475e+03	+0.813
35.100	+1.390e+03	+7.384e+03	+9.389e+03	+0.842
35.200	+2.026e+03	+8.428e+03	+1.027e+04	+0.806
35.300	+2.896e+03	+8.137e+03	+1.089e+04	+0.738
35.400	+1.422e+03	+7.680e+03	+8.805e+03	+0.844
35.500	+1.995e+03	+8.188e+03	+9.660e+03	+0.804
35.600	+1.980e+03	+7.414e+03	+1.143e+04	+0.789
35.700	+2.831e+03	+8.639e+03	+1.006e+04	+0.753
35.800	+2.320e+03	+7.693e+03	+1.069e+04	+0.768
35.900	+1.701e+03	+9.008e+03	+9.214e+03	+0.841
36.000	+3.883e+03	+7.573e+03	+1.016e+04	+0.661
36.100	+8.044e+02	+8.784e+03	+9.879e+03	+0.916
36.200	+2.099e+03	+9.048e+03	+1.073e+04	+0.812
36.300	+1.796e+03	+7.893e+03	+9.930e+03	+0.815
36.400	+4.037e+03	+6.741e+03	+1.018e+04	+0.625
36.500	+4.790e+03	+6.112e+03	+1.002e+04	+0.561
36.600	+4.918e+03	+3.954e+03	+9.383e+03	+0.446
36.700	+5.492e+03	+3.605e+03	+9.408e+03	+0.396
36.800	+5.168e+03	+4.269e+03	+9.838e+03	+0.452
36.900	+5.417e+03	+6.190e+03	+1.089e+04	+0.533
37.000	+5.405e+03	+4.544e+03	+9.244e+03	+0.457
37.100	+5.752e+03	+5.562e+03	+1.031e+04	+0.492
37.200	+4.809e+03	+4.666e+03	+1.002e+04	+0.492
37.300	+5.425e+03	+5.778e+03	+9.593e+03	+0.516
37.400	+3.193e+03	+5.930e+03	+9.259e+03	+0.650
37.500	+1.559e+03	+7.498e+03	+1.112e+04	+0.828
37.600	+2.170e+03	+8.917e+03	+1.054e+04	+0.804
37.700	+1.803e+03	+8.425e+03	+9.942e+03	+0.824
37.800	+2.589e+03	+7.709e+03	+8.293e+03	+0.749
37.900	+1.401e+03	+9.073e+03	+9.577e+03	+0.866
38.000	+5.277e+02	+7.068e+03	+1.068e+04	+0.931
38.100	+3.217e+03	+9.436e+03	+9.490e+03	+0.746
38.200	+2.382e+03	+5.969e+03	+9.725e+03	+0.715
38.300	+2.399e+03	+6.998e+03	+9.390e+03	+0.745
38.400	+2.307e+03	+8.389e+03	+9.714e+03	+0.784
38.500	+1.748e+03	+8.441e+03	+1.017e+04	+0.828
38.600	+2.356e+03	+7.631e+03	+9.632e+03	+0.764
38.700	+2.516e+03	+7.687e+03	+1.083e+04	+0.753
38.800	+1.677e+03	+8.464e+03	+1.008e+04	+0.835
38.900	+1.661e+03	+8.715e+03	+9.345e+03	+0.840
39.000	+2.092e+03	+8.467e+03	+8.958e+03	+0.802
39.100	+1.323e+03	+9.319e+03	+1.027e+04	+0.876
39.200	+2.580e+03	+7.567e+03	+9.679e+03	+0.746
39.300	+1.690e+03	+7.903e+03	+1.063e+04	+0.824
39.400	+1.751e+03	+7.930e+03	+1.050e+04	+0.819
39.500	+3.837e+03	+6.850e+03	+1.017e+04	+0.641
39.600	+5.841e+03	+4.354e+03	+1.037e+04	+0.427
39.700	+5.655e+03	+4.969e+03	+1.005e+04	+0.468
39.800	+5.920e+03	+4.985e+03	+8.606e+03	+0.457
39.900	+4.520e+03	+6.365e+03	+1.130e+04	+0.585
40.000	+5.350e+03	+5.568e+03	+1.006e+04	+0.510
40.100	+4.154e+03	+4.874e+03	+1.017e+04	+0.540
40.200	+5.341e+03	+5.330e+03	+1.001e+04	+0.500
40.300	+5.527e+03	+4.445e+03	+1.054e+04	+0.446
40.400	+4.832e+03	+4.730e+03	+9.987e+03	+0.495
40.500	+4.729e+03	+5.985e+03	+9.810e+03	+0.559
40.600	+5.657e+03	+6.400e+03	+9.420e+03	+0.531
40.700	+4.846e+03	+4.798e+03	+1.062e+04	+0.498
40.800	+5.657e+03	+4.183e+03	+9.738e+03	+0.425
40.900	+5.067e+03	+3.895e+03	+9.254e+03	+0.435
41.000	+5.650e+03	+4.637e+03	+1.070e+04	+0.451
41.100	+3.981e+03	+5.178e+03	+1.070e+04	+0.565
41.200	+4.441e+03	+4.474e+03	+9.415e+03	+0.502
41.300	+4.810e+03	+4.970e+03	+1.109e+04	+0.508
41.400	+5.142e+03	+4.346e+03	+9.702e+03	+0.458
41.500	+4.043e+03	+5.268e+03	+9.648e+03	+0.566
41.600	+3.092e+03	+5.703e+03	+1.009e+04	+0.648
41.700	+1.596e+03	+7.994e+03	+9.698e+03	+0.834
41.800	+1.628e+03	+7.736e+03	+1.010e+04	+0.826
41.900	+1.903e+03	+8.406e+03	+1.128e+04	+0.815
42.000	+1.976e+03	+8.562e+03	+1.080e+04	+0.812
42.100	+1.778e+03	+8.965e+03	+9.719e+03	+0.834
42.200	+1.575e+03	+7.927e+03	+9.553e+03	+0.834
42.300	+2.059e+03	+8.928e+03	+9.239e+03	+0.813
42.400	+1.748e+03	+8.243e+03	+1.043e+04	+0.825
42.500	+3.225e+03	+6.747e+03	+9.974e+03	+0.677
42.600	+2.001e+03	+8.234e+03	+9.994e+03	+0.804
42.700	+2.031e+03	+7.456e+03	+9.731e+03	+0.786
42.800	+1.812e+03	+8.084e+03	+8.911e+03	+0.817
42.900	+3.455e+03	+7.911e+03	+9.063e+03	+0.696
43.000	+2.164e+03	+7.854e+03	+1.010e+04	+0.784
43.100	+2.470e+03	+7.864e+03	+9.877e+03	+0.761
43.200	+2.668e+03	+7.070e+03	+9.973e+03	+0.726
43.300	+8.491e+02	+7.812e+03	+9.382e+03	+0.902
43.400	+1.525e+03	+7.719e+03	+1.151e+04	+0.835
43.500	+2.439e+03	+8.262e+03	+1.070e+04	+0.772
43.600	+1.798e+03	+8.884e+03	+1.055e+04	+0.832
43.700	+1.337e+03	+8.216e+03	+1.013e+04	+0.860
43.800	+2.257e+03	+7.132e+03	+9.968e+03	+0.760
43.900	+3.772e+03	+6.637e+03	+9.579e+03	+0.638
44.000	+4.643e+03	+4.784e+03	+9.510e+03	+0.507
44.100	+5.241e+03	+5.122e+03	+9.671e+03	+0.494
44.200	+4.948e+03	+3.801e+03	+1.120e+04	+0.434
44.300	+3.315e+03	+5.709e+03	+9.207e+03	+0.633
44.400	+1.130e+03	+7.803e+03	+1.103e+04	+0.873
44.500	+2.337e+03	+8.169e+03	+1.010e+04	+0.778
44.600	+2.114e+03	+8.265e+03	+9.774e+03	+0.796
44.700	+2.394e+03	+9.350e+03	+8.821e+03	+0.796
44.800	+1.291e+03	+8.938e+03	+1.003e+04	+0.874
44.900	+1.756e+03	+8.773e+03	+1.002e+04	+0.833
45.000	+1.858e+03	+9.118e+03	+1.068e+04	+0.831
45.100	+5.056e+03	+5.186e+03	+1.015e+04	+0.506
45.200	+5.014e+03	+4.919e+03	+8.684e+03	+0.495
45.300	+7.077e+03	+3.958e+03	+1.002e+04	+0.359
45.400	+5.590e+03	+4.987e+03	+9.753e+03	+0.471
45.500	+5.752e+03	+5.576e+03	+9.844e+03	+0.492
45.600	+5.637e+03	+5.542e+03	+1.030e+04	+0.496
45.700	+5.471e+03	+6.249e+03	+1.029e+04	+0.533
45.800	+5.240e+03	+5.207e+03	+1.014e+04	+0.498
45.900	+3.912e+03	+4.100e+03	+9.186e+03	+0.512
46.000	+3.400e+03	+5.584e+03	+1.007e+04	+0.622
46.100	+3.006e+03	+6.967e+03	+1.085e+04	+0.699
46.200	+2.769e+03	+8.849e+03	+1.044e+04	+0.762
46.300	+2.068e+03	+7.327e+03	+1.065e+04	+0.780
46.400	+2.528e+03	+8.200e+03	+9.547e+03	+0.764
46.500	+2.998e+03	+7.050e+03	+9.451e+03	+0.702
46.600	+1.736e+03	+7.268e+03	+9.576e+03	+0.807
46.700	+1.959e+03	+7.538e+03	+1.097e+04	+0.794
46.800	+2.788e+03	+8.855e+03	+1.003e+04	+0.761
46.900	+2.170e+03	+8.611e+03	+9.396e+03	+0.799
47.000	+1.959e+03	+6.573e+03	+1.048e+04	+0.770
47.100	+2.135e+03	+8.823e+03	+8.996e+03	+0.805
47.200	+4.659e+03	+6.434e+03	+9.689e+03	+0.580
47.300	+5.956e+03	+4.934e+03	+1.061e+04	+0.453
47.400	+5.823e+03	+4.822e+03	+9.093e+03	+0.453
47.500	+4.321e+03	+4.553e+03	+9.825e+03	+0.513
47.600	+4.694e+03	+4.511e+03	+9.260e+03	+0.490
47.700	+4.371e+03	+4.131e+03	+1.026e+04	+0.486
47.800	+5.233e+03	+5.039e+03	+9.564e+03	+0.491
47.900	+4.146e+03	+4.132e+03	+1.113e+04	+0.499
48.000	+4.047e+03	+5.285e+03	+9.538e+03	+0.566
48.100	+4.968e+03	+4.823e+03	+1.033e+04	+0.493
48.200	+4.551e+03	+5.458e+03	+1.079e+04	+0.545
48.300	+5.655e+03	+5.182e+03	+1.102e+04	+0.478
48.400	+4.120e+03	+5.400e+03	+9.839e+03	+0.567
48.500	+4.813e+03	+4.587e+03	+9.764e+03	+0.488
48.600	+4.398e+03	+5.623e+03	+9.125e+03	+0.561
48.700	+6.258e+03	+4.721e+03	+9.604e+03	+0.430
48.800	+4.619e+03	+5.890e+03	+9.795e+03	+0.560
48.900	+4.681e+03	+5.143e+03	+1.008e+04	+0.523
49.000	+4.310e+03	+3.723e+03	+1.035e+04	+0.463
49.100	+4.690e+03	+5.222e+03	+9.137e+03	+0.527
49.200	+5.115e+03	+4.477e+03	+1.058e+04	+0.467
49.300	+5.379e+03	+5.319e+03	+9.295e+03	+0.497
49.400	+5.251e+03	+4.768e+03	+9.820e+03	+0.476
49.500	+4.655e+03	+5.636e+03	+9.324e+03	+0.548
49.600	+4.822e+03	+5.475e+03	+9.349e+03	+0.532
49.700	+3.340e+03	+6.494e+03	+1.012e+04	+0.660
49.800	+1.474e+03	+7.681e+03	+9.648e+03	+0.839
49.900	+1.113e+03	+6.259e+03	+9.985e+03	+0.849
50.000	+2.615e+03	+9.681e+03	+8.844e+03	+0.787
50.100	+2.605e+03	+6.817e+03	+1.056e+04	+0.724
50.200	+9.663e+02	+8.067e+03	+1.149e+04	+0.893
50.300	+1.705e+03	+7.260e+03	+1.026e+04	+0.810
50.400	+1.829e+03	+8.280e+03	+9.022e+03	+0.819
50.500	+2.054e+03	+8.426e+03	+1.005e+04	+0.804
50.600	+2.139e+03	+8.733e+03	+8.840e+03	+0.803
50.700	+2.061e+03	+7.651e+03	+9.101e+03	+0.788
50.800	+2.264e+03	+8.922e+03	+9.009e+03	+0.798
50.900	+1.786e+03	+8.217e+03	+1.095e+04	+0.821
51.000	+1.400e+03	+7.755e+03	+9.498e+03	+0.847
51.100	+2.386e+03	+7.737e+03	+1.013e+04	+0.764
51.200	+2.091e+03	+7.989e+03	+9.911e+03	+0.793
51.300	+1.196e+03	+7.869e+03	+9.302e+03	+0.868
51.400	+2.934e+03	+8.740e+03	+9.484e+03	+0.749
51.500	+1.828e+03	+6.242e+03	+1.004e+04	+0.774
51.600	+1.700e+03	+7.841e+03	+9.839e+03	+0.822
51.700	+3.364e+03	+7.671e+03	+8.426e+03	+0.695
51.800	+2.103e+03	+8.809e+03	+1.001e+04	+0.807
51.900	+2.540e+03	+8.520e+03	+1.122e+04	+0.770
52.000	+1.744e+03	+9.027e+03	+9.339e+03	+0.838
52.100	+2.540e+03	+8.860e+03	+1.039e+04	+0.777
52.200	+1.015e+03	+7.631e+03	+9.245e+03	+0.883
52.300	+2.010e+03	+9.143e+03	+1.004e+04	+0.820
52.400	+1.797e+03	+6.884e+03	+9.027e+03	+0.793
52.500	+5.846e+03	+4.252e+03	+1.007e+04	+0.421
52.600	+5.495e+03	+5.753e+03	+9.445e+03	+0.511
52.700	+5.432e+03	+3.402e+03	+1.011e+04	+0.385
52.800	+5.931e+03	+4.431e+03	+1.015e+04	+0.428
52.900	+4.835e+03	+5.077e+03	+1.116e+04	+0.512
53.000	+4.307e+03	+5.557e+03	+9.630e+03	+0.563
53.100	+4.805e+03	+3.862e+03	+9.168e+03	+0.446
53.200	+4.754e+03	+5.780e+03	+1.047e+04	+0.549
53.300	+4.669e+03	+4.845e+03	+1.101e+04	+0.509
53.400	+4.515e+03	+4.831e+03	+9.558e+03	+0.517
53.500	+6.150e+03	+4.665e+03	+9.964e+03	+0.431
53.600	+4.840e+03	+5.025e+03	+9.877e+03	+0.509
53.700	+5.536e+03	+5.579e+03	+1.104e+04	+0.502
53.800	+5.633e+03	+4.153e+03	+8.841e+03	+0.424
53.900	+5.663e+03	+5.135e+03	+9.767e+03	+0.476
54.000	+3.876e+03	+4.396e+03	+1.103e+04	+0.531
54.100	+4.846e+03	+3.734e+03	+1.063e+04	+0.435
54.200	+4.231e+03	+3.832e+03	+1.109e+04	+0.475
54.300	+6.282e+03	+4.227e+03	+9.937e+03	+0.402
54.400	+4.983e+03	+4.654e+03	+9.504e+03	+0.483
54.500	+5.379e+03	+5.101e+03	+1.114e+04	+0.487
54.600	+5.034e+03	+5.472e+03	+9.993e+03	+0.521
54.700	+4.935e+03	+5.265e+03	+1.002e+04	+0.516
54.800	+4.424e+03	+5.402e+03	+1.008e+04	+0.550
54.900	+5.357e+03	+5.022e+03	+1.032e+04	+0.484
55.000	+4.601e+03	+4.432e+03	+1.016e+04	+0.491
55.100	+4.929e+03	+5.277e+03	+9.658e+03	+0.517
55.200	+5.226e+03	+5.042e+03	+9.631e+03	+0.491
55.300	+6.781e+03	+3.392e+03	+9.371e+03	+0.333
55.400	+8.829e+03	+3.214e+03	+8.788e+03	+0.267
55.500	+7.636e+03	+2.139e+03	+1.006e+04	+0.219
55.600	+7.581e+03	+3.354e+03	+9.324e+03	+0.307
55.700	+8.572e+03	+3.052e+03	+1.084e+04	+0.263
55.800	+6.732e+03	+1.495e+03	+9.789e+03	+0.182
55.900	+4.819e+03	+4.780e+03	+1.048e+04	+0.498
56.000	+5.739e+03	+5.439e+03	+1.051e+04	+0.487
56.100	+5.583e+03	+5.854e+03	+9.746e+03	+0.512
56.200	+3.920e+03	+6.193e+03	+1.012e+04	+0.612
56.300	+5.331e+03	+4.480e+03	+9.167e+03	+0.457
56.400	+2.430e+03	+6.570e+03	+1.103e+04	+0.730
56.500	+2.579e+03	+7.017e+03	+9.709e+03	+0.731
56.600	+1.878e+03	+7.991e+03	+8.635e+03	+0.810
56.700	+2.805e+03	+8.216e+03	+1.057e+04	+0.745
56.800	+2.823e+03	+7.638e+03	+9.629e+03	+0.730
56.900	+1.976e+03	+7.832e+03	+9.499e+03	+0.799
57.000	+2.280e+03	+7.477e+03	+1.207e+04	+0.766
57.100	+4.317e+02	+8.137e+03	+9.590e+03	+0.950
57.200	+3.797e+03	+5.947e+03	+1.019e+04	+0.610
57.300	+4.040e+03	+4.595e+03	+8.782e+03	+0.532
57.400	+4.692e+03	+5.411e+03	+1.019e+04	+0.536
57.500	+5.235e+03	+4.772e+03	+9.930e+03	+0.477
57.600	+5.549e+03	+5.212e+03	+1.012e+04	+0.484
57.700	+3.961e+03	+5.543e+03	+9.742e+03	+0.583
57.800	+4.617e+03	+5.849e+03	+1.013e+04	+0.559
57.900	+4.632e+03	+4.443e+03	+1.047e+04	+0.490
58.000	+5.574e+03	+4.293e+03	+9.759e+03	+0.435
58.100	+5.227e+03	+5.401e+03	+1.024e+04	+0.508
58.200	+5.132e+03	+5.874e+03	+9.673e+03	+0.534
58.300	+5.177e+03	+5.350e+03	+9.235e+03	+0.508
58.400	+4.425e+03	+5.471e+03	+1.052e+04	+0.553
58.500	+5.494e+03	+5.613e+03	+1.003e+04	+0.505
58.600	+4.224e+03	+3.972e+03	+8.882e+03	+0.485
58.700	+3.665e+03	+5.222e+03	+1.036e+04	+0.588
58.800	+5.826e+03	+5.630e+03	+9.923e+03	+0.491
58.900	+4.236e+03	+3.711e+03	+1.003e+04	+0.467
59.000	+4.437e+03	+4.849e+03	+1.023e+04	+0.522
59.100	+5.717e+03	+4.870e+03	+9.462e+03	+0.460
59.200	+4.617e+03	+4.991e+03	+1.106e+04	+0.519
59.300	+4.379e+03	+4.164e+03	+9.797e+03	+0.487
59.400	+3.900e+03	+5.038e+03	+9.422e+03	+0.564
59.500	+4.036e+03	+4.877e+03	+9.418e+03	+0.547
59.600	+5.250e+03	+5.105e+03	+9.852e+03	+0.493
59.700	+2.827e+03	+8.753e+03	+9.361e+03	+0.756
59.800	+9.939e+02	+9.654e+03	+1.104e+04	+0.907
59.900	+1.982e+03	+7.912e+03	+1.048e+04	+0.800
60.000	+9.420e+02	+7.907e+03	+9.573e+03	+0.894
60.100	+1.854e+03	+7.931e+03	+1.060e+04	+0.811
60.200	+1.140e+03	+7.905e+03	+9.503e+03	+0.874
60.300	+1.185e+03	+6.769e+03	+8.916e+03	+0.851
60.400	+1.565e+03	+7.672e+03	+1.042e+04	+0.831
60.500	+1.540e+03	+9.191e+03	+1.050e+04	+0.856
60.600	+2.859e+03	+7.899e+03	+1.061e+04	+0.734
60.700	+6.253e+03	+3.842e+03	+8.500e+03	+0.381
60.800	+7.080e+03	+2.770e+03	+1.057e+04	+0.281
60.900	+8.536e+03	+2.055e+03	+1.118e+04	+0.194
61.000	+6.484e+03	+1.884e+03	+1.065e+04	+0.225
61.100	+8.664e+03	+3.044e+03	+9.366e+03	+0.260
61.200	+8.146e+03	+3.728e+03	+9.642e+03	+0.314
61.300	+7.011e+03	+3.349e+03	+9.473e+03	+0.323
61.400	+6.782e+03	+2.392e+03	+1.127e+04	+0.261
61.500	+7.835e+03	+2.721e+03	+1.114e+04	+0.258
61.600	+6.689e+03	+2.526e+03	+1.039e+04	+0.274
61.700	+7.377e+03	+2.654e+03	+1.040e+04	+0.265
61.800	+7.992e+03	+2.740e+03	+9.580e+03	+0.255
61.900	+7.682e+03	+1.827e+03	+9.968e+03	+0.192
62.000	+6.982e+03	+2.002e+03	+9.965e+03	+0.223
62.100	+6.186e+03	+3.683e+03	+9.804e+03	+0.373
62.200	+5.383e+03	+5.775e+03	+9.132e+03	+0.518
62.300	+5.775e+03	+5.961e+03	+1.002e+04	+0.508
62.400	+4.964e+03	+5.461e+03	+9.774e+03	+0.524
62.500	+5.737e+03	+4.609e+03	+9.144e+03	+0.446
62.600	+3.655e+03	+5.225e+03	+9.883e+03	+0.588
62.700	+4.026e+03	+4.715e+03	+9.454e+03	+0.539
62.800	+4.749e+03	+4.291e+03	+9.298e+03	+0.475
62.900	+6.253e+03	+5.914e+03	+1.012e+04	+0.486
63.000	+4.827e+03	+5.641e+03	+1.026e+04	+0.539
63.100	+5.130e+03	+3.872e+03	+9.049e+03	+0.430
63.200	+7.323e+03	+2.717e+03	+1.042e+04	+0.271
63.300	+8.058e+03	+1.821e+03	+9.367e+03	+0.184
63.400	+7.575e+03	+2.644e+03	+1.114e+04	+0.259
63.500	+7.261e+03	+2.635e+03	+1.007e+04	+0.266
63.600	+6.664e+03	+2.356e+03	+9.194e+03	+0.261
63.700	+7.539e+03	+3.012e+03	+8.651e+03	+0.286
63.800	+8.245e+03	+2.706e+03	+9.174e+03	+0.247
63.900	+7.514e+03	+2.069e+03	+8.727e+03	+0.216
64.000	+7.158e+03	+2.557e+03	+1.062e+04	+0.263
64.100	+6.546e+03	+1.348e+03	+9.387e+03	+0.171
64.200	+9.166e+03	+3.129e+03	+1.066e+04	+0.255
64.300	+8.641e+03	+1.897e+03	+1.026e+04	+0.180
64.400	+6.871e+03	+3.282e+03	+9.771e+03	+0.323
64.500	+6.695e+03	+2.335e+03	+8.020e+03	+0.259
64.600	+6.247e+03	+3.128e+03	+9.266e+03	+0.334
64.700	+7.303e+03	+2.599e+03	+9.648e+03	+0.262
64.800	+7.699e+03	+2.949e+03	+9.225e+03	+0.277
64.900	+6.551e+03	+2.007e+03	+9.969e+03	+0.235
65.000	+9.064e+03	+2.122e+03	+9.487e+03	+0.190
65.100	+7.290e+03	+2.676e+03	+1.127e+04	+0.268
65.200	+6.712e+03	+3.066e+03	+1.029e+04	+0.314
65.300	+7.937e+03	+2.889e+03	+9.767e+03	+0.267
65.400	+7.795e+03	+1.822e+03	+9.036e+03	+0.189
65.500	+5.542e+03	+1.250e+03	+8.902e+03	+0.184
65.600	+6.884e+03	+2.566e+03	+1.047e+04	+0.272
65.700	+7.814e+03	+2.354e+03	+9.082e+03	+0.231
65.800	+7.177e+03	+2.152e+03	+1.100e+04	+0.231
65.900	+7.991e+03	+2.832e+03	+1.088e+04	+0.262
66.000	+7.399e+03	+5.677e+02	+1.031e+04	+0.071
66.100	+7.939e+03	+2.227e+03	+1.047e+04	+0.219
66.200	+7.195e+03	+2.349e+03	+9.436e+03	+0.246
66.300	+6.922e+03	+2.504e+03	+9.239e+03	+0.266
66.400	+7.871e+03	+2.626e+03	+1.154e+04	+0.250
66.500	+6.657e+03	+1.690e+03	+9.309e+03	+0.202
66.600	+7.880e+03	+3.018e+03	+1.037e+04	+0.277
66.700	+5.835e+03	+3.473e+03	+1.008e+04	+0.373
66.800	+7.622e+03	+2.499e+03	+1.076e+04	+0.247
66.900	+6.742e+03	+1.640e+03	+9.697e+03	+0.196
67.000	+6.425e+03	+3.126e+03	+1.028e+04	+0.327
67.100	+7.578e+03	+2.685e+03	+1.028e+04	+0.262
67.200	+8.235e+03	+2.736e+03	+1.057e+04	+0.249
67.300	+8.223e+03	+1.985e+03	+9.757e+03	+0.194
67.400	+8.313e+03	+2.067e+03	+1.190e+04	+0.199
67.500	+6.026e+03	+2.913e+03	+1.027e+04	+0.326
67.600	+6.635e+03	+4.598e+03	+9.996e+03	+0.409
67.700	+5.316e+03	+4.389e+03	+1.089e+04	+0.452
67.800	+5.709e+03	+4.429e+03	+1.027e+04	+0.437
67.900	+5.180e+03	+5.987e+03	+1.003e+04	+0.536
68.000	+5.827e+03	+5.660e+03	+1.044e+04	+0.493
68.100	+4.507e+03	+4.929e+03	+9.697e+03	+0.522
68.200	+4.831e+03	+4.322e+03	+9.434e+03	+0.472
68.300	+5.255e+03	+3.758e+03	+1.065e+04	+0.417
68.400	+5.658e+03	+4.727e+03	+9.016e+03	+0.455
68.500	+4.553e+03	+5.267e+03	+9.489e+03	+0.536
68.600	+4.489e+03	+5.455e+03	+9.411e+03	+0.549
68.700	+5.794e+03	+5.114e+03	+1.015e+04	+0.469
68.800	+4.469e+03	+4.983e+03	+1.067e+04	+0.527
68.900	+5.585e+03	+5.075e+03	+1.130e+04	+0.476
69.000	+4.256e+03	+3.404e+03	+1.051e+04	+0.444
69.100	+5.341e+03	+5.042e+03	+9.380e+03	+0.486
69.200	+5.518e+03	+4.515e+03	+9.986e+03	+0.450
69.300	+4.490e+03	+4.825e+03	+9.849e+03	+0.518
69.400	+4.692e+03	+2.970e+03	+1.101e+04	+0.388
69.500	+6.149e+03	+5.721e+03	+9.368e+03	+0.482
69.600	+3.769e+03	+5.290e+03	+9.584e+03	+0.584
69.700	+3.866e+03	+3.778e+03	+1.034e+04	+0.494
69.800	+4.204e+03	+5.826e+03	+1.151e+04	+0.581
69.900	+5.039e+03	+4.194e+03	+1.046e+04	+0.454
70.000	+5.289e+03	+3.862e+03	+9.213e+03	+0.422
70.100	+4.737e+03	+5.384e+03	+9.124e+03	+0.532
70.200	+5.237e+03	+5.653e+03	+9.957e+03	+0.519
70.300	+4.439e+03	+4.588e+03	+9.776e+03	+0.508
70.400	+4.624e+03	+4.562e+03	+9.583e+03	+0.497
70.500	+4.034e+03	+5.709e+03	+9.117e+03	+0.586
70.600	+5.618e+03	+4.870e+03	+1.011e+04	+0.464
70.700	+3.110e+03	+5.130e+03	+8.950e+03	+0.623
70.800	+5.552e+03	+4.682e+03	+9.600e+03	+0.457
70.900	+3.917e+03	+4.255e+03	+1.008e+04	+0.521
71.000	+5.206e+03	+5.133e+03	+9.052e+03	+0.496
71.100	+6.073e+03	+4.817e+03	+9.942e+03	+0.442
71.200	+4.620e+03	+4.873e+03	+9.451e+03	+0.513
71.300	+4.766e+03	+4.649e+03	+1.034e+04	+0.494
71.400	+5.022e+03	+5.574e+03	+9.784e+03	+0.526
71.500	+3.383e+03	+6.137e+03	+1.024e+04	+0.645
71.600	+4.307e+03	+5.508e+03	+9.061e+03	+0.561
71.700	+4.438e+03	+4.209e+03	+1.018e+04	+0.487
71.800	+4.832e+03	+5.792e+03	+1.015e+04	+0.545
71.900	+4.999e+03	+5.065e+03	+8.947e+03	+0.503
72.000	+4.036e+03	+4.530e+03	+9.088e+03	+0.529
72.100	+5.169e+03	+5.644e+03	+1.063e+04	+0.522
72.200	+5.417e+03	+3.307e+03	+9.701e+03	+0.379
72.300	+4.026e+03	+6.042e+03	+9.342e+03	+0.600
72.400	+4.985e+03	+5.110e+03	+1.001e+04	+0.506
72.500	+4.678e+03	+4.639e+03	+1.042e+04	+0.498
72.600	+4.312e+03	+3.977e+03	+1.011e+04	+0.480
72.700	+4.215e+03	+5.605e+03	+1.028e+04	+0.571
72.800	+4.672e+03	+4.355e+03	+1.061e+04	+0.482
72.900	+5.977e+03	+6.892e+03	+8.626e+03	+0.536
73.000	+4.812e+03	+5.237e+03	+9.635e+03	+0.521
73.100	+5.109e+03	+4.527e+03	+1.036e+04	+0.470
73.200	+5.100e+03	+4.709e+03	+1.001e+04	+0.480
73.300	+6.227e+03	+5.829e+03	+1.045e+04	+0.484
73.400	+4.678e+03	+5.672e+03	+9.788e+03	+0.548
73.500	+5.139e+03	+4.162e+03	+1.018e+04	+0.447
73.600	+4.787e+03	+5.236e+03	+9.944e+03	+0.522
73.700	+6.502e+03	+5.414e+03	+1.002e+04	+0.454
73.800	+4.515e+03	+5.229e+03	+8.938e+03	+0.537
73.900	+3.920e+03	+5.432e+03	+9.848e+03	+0.581
74.000	+5.467e+03	+4.487e+03	+9.312e+03	+0.451
74.100	+5.441e+03	+5.501e+03	+9.461e+03	+0.503
74.200	+5.369e+03	+4.590e+03	+1.010e+04	+0.461
74.300	+4.590e+03	+4.865e+03	+1.037e+04	+0.515
74.400	+5.238e+03	+5.147e+03	+1.015e+04	+0.496
74.500	+4.365e+03	+4.939e+03	+1.087e+04	+0.531
74.600	+5.251e+03	+5.750e+03	+9.672e+03	+0.523
74.700	+5.271e+03	+3.755e+03	+1.064e+04	+0.416
74.800	+4.996e+03	+6.032e+03	+1.008e+04	+0.547
74.900	+5.588e+03	+4.924e+03	+1.060e+04	+0.468
75.000	+4.893e+03	+4.831e+03	+9.867e+03	+0.497
75.100	+4.734e+03	+5.217e+03	+1.018e+04	+0.524
75.200	+3.842e+03	+5.161e+03	+9.689e+03	+0.573
75.300	+4.876e+03	+5.470e+03	+9.593e+03	+0.529
75.400	+4.772e+03	+5.621e+03	+1.068e+04	+0.541
75.500	+4.704e+03	+4.324e+03	+9.530e+03	+0.479
75.600	+4.625e+03	+3.686e+03	+9.761e+03	+0.443
75.700	+6.055e+03	+5.429e+03	+9.999e+03	+0.473
75.800	+4.887e+03	+5.465e+03	+7.916e+03	+0.528
75.900	+4.569e+03	+4.805e+03	+1.070e+04	+0.513
76.000	+4.135e+03	+4.506e+03	+1.025e+04	+0.521
76.100	+4.248e+03	+5.324e+03	+1.123e+04	+0.556
76.200	+4.379e+03	+3.873e+03	+1.002e+04	+0.469
76.300	+5.612e+03	+4.080e+03	+9.427e+03	+0.421
76.400	+5.622e+03	+4.198e+03	+9.689e+03	+0.427
76.500	+5.411e+03	+3.341e+03	+9.658e+03	+0.382
76.600	+5.168e+03	+5.316e+03	+9.340e+03	+0.507
76.700	+5.542e+03	+5.338e+03	+9.433e+03	+0.491
76.800	+2.688e+03	+5.700e+03	+9.171e+03	+0.680
76.900	+5.929e+03	+4.044e+03	+1.003e+04	+0.405
77.000	+3.930e+03	+5.152e+03	+1.010e+04	+0.567
77.100	+5.383e+03	+5.166e+03	+1.026e+04	+0.490
77.200	+4.942e+03	+4.060e+03	+1.084e+04	+0.451
77.300	+5.720e+03	+4.253e+03	+1.071e+04	+0.426
77.400	+4.718e+03	+3.921e+03	+1.069e+04	+0.454
77.500	+4.043e+03	+4.991e+03	+1.022e+04	+0.552
77.600	+5.056e+03	+5.366e+03	+9.677e+03	+0.515
77.700	+6.252e+03	+5.493e+03	+9.499e+03	+0.468
77.800	+4.998e+03	+4.487e+03	+1.058e+04	+0.473
77.900	+4.006e+03	+5.878e+03	+1.038e+04	+0.595
78.000	+4.473e+03	+4.077e+03	+8.487e+03	+0.477
78.100	+5.438e+03	+4.105e+03	+1.038e+04	+0.430
78.200	+6.157e+03	+4.957e+03	+9.511e+03	+0.446
78.300	+5.453e+03	+4.368e+03	+1.002e+04	+0.445
78.400	+5.590e+03	+6.629e+03	+8.572e+03	+0.543
78.500	+5.315e+03	+5.862e+03	+9.797e+03	+0.524
78.600	+3.746e+03	+4.167e+03	+9.724e+03	+0.527
78.700	+5.369e+03	+4.493e+03	+1.025e+04	+0.456
78.800	+5.703e+03	+6.039e+03	+9.499e+03	+0.514
78.900	+3.762e+03	+5.205e+03	+9.133e+03	+0.580
79.000	+5.273e+03	+5.801e+03	+9.349e+03	+0.524
79.100	+5.963e+03	+4.334e+03	+9.981e+03	+0.421
79.200	+5.073e+03	+5.731e+03	+1.081e+04	+0.530
79.300	+2.771e+03	+8.239e+03	+1.076e+04	+0.748
79.400	+2.398e+03	+8.036e+03	+9.928e+03	+0.770
79.500	+2.358e+03	+6.682e+03	+9.040e+03	+0.739
79.600	+1.851e+03	+7.594e+03	+9.406e+03	+0.804
79.700	+1.614e+03	+6.417e+03	+1.038e+04	+0.799
79.800	+1.982e+03	+8.572e+03	+1.125e+04	+0.812
79.900	+1.452e+03	+8.311e+03	+9.475e+03	+0.851
80.000	+3.863e+03	+7.963e+03	+1.052e+04	+0.673
80.100	+4.934e+03	+5.156e+03	+9.516e+03	+0.511
80.200	+2.990e+03	+7.318e+03	+9.732e+03	+0.710
80.300	+1.314e+03	+8.114e+03	+9.657e+03	+0.861
80.400	+8.504e+02	+6.334e+03	+1.105e+04	+0.882
80.500	+1.203e+03	+7.941e+03	+9.319e+03	+0.868
80.600	+1.895e+03	+7.982e+03	+1.016e+04	+0.808
80.700	+1.738e+03	+8.319e+03	+9.589e+03	+0.827
80.800	+1.490e+03	+8.337e+03	+1.064e+04	+0.848
80.900	+2.138e+03	+8.207e+03	+1.071e+04	+0.793
81.000	+3.518e+03	+6.960e+03	+1.031e+04	+0.664
81.100	+7.009e+03	+1.765e+03	+1.130e+04	+0.201
81.200	+6.289e+03	+2.782e+03	+9.252e+03	+0.307
81.300	+7.526e+03	+2.496e+03	+1.044e+04	+0.249
81.400	+7.645e+03	+3.456e+03	+1.043e+04	+0.311
81.500	+7.483e+03	+2.031e+03	+1.128e+04	+0.213
81.600	+6.858e+03	+2.656e+03	+1.066e+04	+0.279
81.700	+6.608e+03	+1.560e+03	+9.458e+03	+0.191
81.800	+6.703e+03	+3.255e+03	+1.032e+04	+0.327
81.900	+7.909e+03	+2.431e+03	+1.003e+04	+0.235
82.000	+6.775e+03	+2.095e+03	+1.052e+04	+0.236
82.100	+8.093e+03	+2.426e+03	+1.025e+04	+0.231
82.200	+7.306e+03	+2.984e+03	+9.819e+03	+0.290
82.300	+7.016e+03	+2.519e+03	+1.005e+04	+0.264
82.400	+7.516e+03	+2.376e+03	+9.279e+03	+0.240
82.500	+8.021e+03	+2.677e+03	+9.664e+03	+0.250
82.600	+8.416e+03	+2.843e+03	+1.195e+04	+0.253
82.700	+8.825e+03	+3.036e+03	+1.114e+04	+0.256
82.800	+7.013e+03	+1.602e+03	+1.075e+04	+0.186
82.900	+6.735e+03	+1.496e+03	+1.102e+04	+0.182
83.000	+7.878e+03	+2.379e+03	+1.088e+04	+0.232
83.100	+7.035e+03	+3.244e+03	+1.028e+04	+0.316
83.200	+8.384e+03	+3.346e+03	+1.055e+04	+0.285
83.300	+6.654e+03	+3.180e+03	+9.266e+03	+0.323
83.400	+8.707e+03	+3.245e+03	+1.076e+04	+0.271
83.500	+6.614e+03	+3.039e+03	+1.050e+04	+0.315
83.600	+6.538e+03	+2.871e+03	+1.003e+04	+0.305
83.700	+6.984e+03	+3.041e+03	+9.093e+03	+0.303
83.800	+7.211e+03	+3.673e+03	+1.162e+04	+0.337
83.900	+7.646e+03	+3.643e+03	+1.077e+04	+0.323
84.000	+6.482e+03	+3.484e+03	+9.452e+03	+0.350
84.100	+6.824e+03	+2.543e+03	+9.427e+03	+0.271
84.200	+7.331e+03	+2.584e+03	+9.004e+03	+0.261
84.300	+7.559e+03	+2.799e+03	+1.044e+04	+0.270
84.400	+6.402e+03	+2.784e+03	+1.003e+04	+0.303
84.500	+7.616e+03	+1.627e+03	+8.151e+03	+0.176
84.600	+8.745e+03	+2.288e+03	+9.903e+03	+0.207
84.700	+8.638e+03	+1.425e+03	+1.100e+04	+0.142
84.800	+8.202e+03	+2.544e+03	+9.978e+03	+0.237
84.900	+7.743e+03	+1.673e+03	+9.693e+03	+0.178
85.000	+7.123e+03	+3.040e+03	+1.130e+04	+0.299
85.100	+6.924e+03	+1.682e+03	+1.014e+04	+0.195
85.200	+8.446e+03	+2.789e+03	+1.035e+04	+0.248
85.300	+6.440e+03	+2.642e+03	+8.721e+03	+0.291
85.400	+7.088e+03	+1.802e+03	+8.716e+03	+0.203
85.500	+6.929e+03	+2.646e+03	+1.087e+04	+0.276
85.600	+7.464e+03	+3.415e+03	+1.017e+04	+0.314
85.700	+6.879e+03	+3.015e+03	+9.192e+03	+0.305
85.800	+7.083e+03	+2.815e+03	+1.097e+04	+0.284
85.900	+7.799e+03	+2.039e+03	+1.010e+04	+0.207
86.000	+7.587e+03	+1.507e+03	+9.926e+03	+0.166
86.100	+7.470e+03	+2.462e+03	+9.603e+03	+0.248
86.200	+7.785e+03	+1.704e+03	+1.014e+04	+0.180
86.300	+7.796e+03	+1.727e+03	+9.809e+03	+0.181
86.400	+7.645e+03	+3.013e+03	+9.782e+03	+0.283
86.500	+4.793e+03	+4.436e+03	+1.021e+04	+0.481
86.600	+5.637e+03	+5.869e+03	+1.069e+04	+0.510
86.700	+4.816e+03	+5.441e+03	+8.879e+03	+0.530
86.800	+5.281e+03	+4.970e+03	+9.645e+03	+0.485
86.900	+4.465e+03	+4.225e+03	+1.005e+04	+0.486
87.000	+5.962e+03	+5.023e+03	+1.006e+04	+0.457
87.100	+4.553e+03	+4.667e+03	+9.719e+03	+0.506
87.200	+5.279e+03	+3.997e+03	+1.010e+04	+0.431
87.300	+4.635e+03	+6.636e+03	+1.014e+04	+0.589
87.400	+4.252e+03	+4.841e+03	+1.007e+04	+0.532
87.500	+5.884e+03	+5.637e+03	+1.118e+04	+0.489
87.600	+4.836e+03	+4.688e+03	+1.123e+04	+0.492
87.700	+6.440e+03	+4.999e+03	+8.732e+03	+0.437
87.800	+4.404e+03	+5.056e+03	+1.028e+04	+0.534
87.900	+4.094e+03	+5.608e+03	+1.057e+04	+0.578
88.000	+5.322e+03	+3.788e+03	+1.025e+04	+0.416
88.100	+3.830e+03	+3.513e+03	+9.727e+03	+0.478
88.200	+5.164e+03	+4.457e+03	+9.166e+03	+0.463
88.300	+3.373e+03	+6.094e+03	+9.596e+03	+0.644
88.400	+5.043e+03	+5.271e+03	+1.023e+04	+0.511
88.500	+5.812e+03	+6.062e+03	+8.808e+03	+0.511
88.600	+4.561e+03	+4.745e+03	+8.010e+03	+0.510
88.700	+5.338e+03	+4.601e+03	+1.094e+04	+0.463
88.800	+4.323e+03	+4.384e+03	+1.041e+04	+0.504
88.900	+4.027e+03	+4.552e+03	+9.760e+03	+0.531
89.000	+5.807e+03	+5.716e+03	+9.915e+03	+0.496
89.100	+4.639e+03	+3.621e+03	+9.336e+03	+0.438
89.200	+4.396e+03	+3.366e+03	+9.356e+03	+0.434
89.300	+4.067e+03	+4.789e+03	+1.030e+04	+0.541
89.400	+5.749e+03	+5.230e+03	+1.118e+04	+0.476
89.500	+5.629e+03	+3.251e+03	+1.021e+04	+0.366
89.600	+4.459e+03	+6.248e+03	+1.002e+04	+0.584
89.700	+4.997e+03	+5.183e+03	+1.008e+04	+0.509
89.800	+5.548e+03	+4.350e+03	+1.015e+04	+0.439
89.900	+5.140e+03	+4.752e+03	+9.722e+03	+0.480
90.000	+5.357e+03	+4.999e+03	+1.007e+04	+0.483
90.100	+5.569e+03	+4.469e+03	+9.906e+03	+0.445
90.200	+6.033e+03	+4.618e+03	+9.419e+03	+0.434
90.300	+4.341e+03	+6.124e+03	+1.118e+04	+0.585
90.400	+5.679e+03	+4.015e+03	+1.074e+04	+0.414
90.500	+5.260e+03	+5.659e+03	+1.106e+04	+0.518
90.600	+4.683e+03	+5.748e+03	+1.050e+04	+0.551
90.700	+4.774e+03	+5.783e+03	+1.028e+04	+0.548
90.800	+4.407e+03	+4.052e+03	+1.213e+04	+0.479
90.900	+5.273e+03	+5.583e+03	+9.552e+03	+0.514
91.000	+4.619e+03	+5.273e+03	+9.444e+03	+0.533
91.100	+4.441e+03	+5.509e+03	+1.056e+04	+0.554
91.200	+4.111e+03	+6.711e+03	+1.013e+04	+0.620
91.300	+3.545e+03	+4.250e+03	+1.045e+04	+0.545
91.400	+4.997e+03	+3.243e+03	+1.103e+04	+0.394
91.500	+6.092e+03	+5.267e+03	+1.001e+04	+0.464
91.600	+5.377e+03	+5.146e+03	+1.125e+04	+0.489
91.700	+4.176e+03	+5.200e+03	+1.018e+04	+0.555
91.800	+4.992e+03	+4.998e+03	+9.247e+03	+0.500
91.900	+4.763e+03	+4.909e+03	+1.006e+04	+0.508
92.000	+5.787e+03	+4.738e+03	+9.756e+03	+0.450
92.100	+3.706e+03	+5.427e+03	+1.044e+04	+0.594
92.200	+4.518e+03	+3.404e+03	+1.023e+04	+0.430
92.300	+4.235e+03	+4.545e+03	+9.019e+03	+0.518
92.400	+4.468e+03	+3.797e+03	+1.005e+04	+0.459
92.500	+4.820e+03	+4.517e+03	+1.026e+04	+0.484
92.600	+6.543e+03	+5.810e+03	+8.738e+03	+0.470
92.700	+5.385e+03	+4.963e+03	+9.828e+03	+0.480
92.800	+5.268e+03	+5.374e+03	+1.030e+04	+0.505
92.900	+5.086e+03	+5.918e+03	+8.245e+03	+0.538
93.000	+5.524e+03	+4.312e+03	+1.094e+04	+0.438
93.100	+5.232e+03	+5.430e+03	+9.857e+03	+0.509
93.200	+3.493e+03	+5.360e+03	+1.133e+04	+0.605
93.300	+3.892e+03	+5.356e+03	+1.022e+04	+0.579
93.400	+5.527e+03	+5.305e+03	+1.042e+04	+0.490
93.500	+5.245e+03	+3.772e+03	+1.030e+04	+0.418
93.600	+5.529e+03	+4.874e+03	+1.045e+04	+0.468
93.700	+4.776e+03	+5.835e+03	+1.069e+04	+0.550
93.800	+5.747e+03	+3.290e+03	+9.416e+03	+0.364
93.900	+4.499e+03	+4.975e+03	+1.026e+04	+0.525
94.000	+5.165e+03	+4.932e+03	+1.012e+04	+0.488
94.100	+5.008e+03	+3.842e+03	+1.086e+04	+0.434
94.200	+4.947e+03	+4.870e+03	+9.370e+03	+0.496
94.300	+5.257e+03	+5.313e+03	+1.031e+04	+0.503
94.400	+4.931e+03	+3.403e+03	+8.466e+03	+0.408
94.500	+5.217e+03	+4.627e+03	+1.015e+04	+0.470
94.600	+4.742e+03	+4.858e+03	+1.124e+04	+0.506
94.700	+5.851e+03	+6.316e+03	+9.228e+03	+0.519
94.800	+6.295e+03	+5.545e+03	+1.057e+04	+0.468
94.900	+5.714e+03	+4.972e+03	+1.000e+04	+0.465
95.000	+4.730e+03	+5.928e+03	+9.610e+03	+0.556
95.100	+5.399e+03	+5.941e+03	+1.024e+04	+0.524
95.200	+4.733e+03	+5.969e+03	+9.409e+03	+0.558
95.300	+4.515e+03	+5.457e+03	+1.036e+04	+0.547
95.400	+6.623e+03	+5.274e+03	+1.039e+04	+0.443
95.500	+4.880e+03	+5.717e+03	+1.103e+04	+0.539
95.600	+4.917e+03	+5.382e+03	+9.413e+03	+0.523
95.700	+4.983e+03	+5.350e+03	+1.072e+04	+0.518
95.800	+5.252e+03	+5.337e+03	+1.117e+04	+0.504
95.900	+4.897e+03	+5.210e+03	+9.861e+03	+0.516
96.000	+4.432e+03	+3.642e+03	+1.041e+04	+0.451
96.100	+4.203e+03	+5.475e+03	+1.049e+04	+0.566
96.200	+1.451e+03	+9.422e+03	+9.959e+03	+0.867
96.300	+3.744e+03	+7.999e+03	+1.125e+04	+0.681
96.400	+1.687e+03	+7.829e+03	+1.065e+04	+0.823
96.500	+2.633e+03	+7.000e+03	+9.985e+03	+0.727
96.600	+1.026e+03	+7.275e+03	+9.884e+03	+0.876
96.700	+3.295e+03	+8.310e+03	+1.072e+04	+0.716
96.800	+2.029e+03	+8.113e+03	+9.480e+03	+0.800
96.900	+1.323e+03	+8.381e+03	+9.835e+03	+0.864
97.000	+7.645e+02	+7.290e+03	+1.098e+04	+0.905
97.100	+1.415e+03	+7.146e+03	+8.745e+03	+0.835
97.200	+1.439e+03	+6.743e+03	+9.640e+03	+0.824
97.300	+2.100e+03	+8.329e+03	+1.107e+04	+0.799
97.400	+2.732e+03	+8.368e+03	+1.076e+04	+0.754
97.500	+2.523e+03	+7.367e+03	+8.983e+03	+0.745
97.600	+1.447e+03	+7.445e+03	+9.263e+03	+0.837
97.700	+1.366e+03	+8.439e+03	+9.856e+03	+0.861
97.800	+1.524e+03	+7.808e+03	+9.181e+03	+0.837
97.900	+2.665e+03	+7.117e+03	+9.502e+03	+0.728
98.000	+9.486e+02	+6.907e+03	+9.776e+03	+0.879
98.100	+2.193e+03	+7.595e+03	+1.023e+04	+0.776
98.200	+1.257e+03	+7.601e+03	+9.937e+03	+0.858
98.300	+1.106e+03	+7.345e+03	+9.391e+03	+0.869
98.400	+2.987e+03	+9.143e+03	+1.105e+04	+0.754
98.500	+2.033e+03	+7.520e+03	+1.022e+04	+0.787
98.600	+1.808e+03	+8.626e+03	+9.485e+03	+0.827
98.700	+1.939e+03	+8.014e+03	+1.010e+04	+0.805
98.800	+2.261e+03	+7.323e+03	+9.816e+03	+0.764
98.900	+2.520e+03	+7.686e+03	+1.036e+04	+0.753
99.000	+9.480e+02	+6.424e+03	+9.400e+03	+0.871
99.100	+1.753e+03	+8.513e+03	+1.119e+04	+0.829
99.200	+4.821e+03	+5.401e+03	+1.061e+04	+0.528
99.300	+8.308e+03	-2.510e+01	+1.002e+04	-0.003
99.400	+7.981e+03	+3.243e+03	+1.116e+04	+0.289
99.500	+6.417e+03	+2.519e+03	+9.925e+03	+0.282
99.600	+6.430e+03	+3.046e+03	+1.037e+04	+0.321
99.700	+8.577e+03	+1.778e+03	+1.120e+04	+0.172
99.800	+5.781e+03	+2.974e+03	+1.045e+04	+0.340
99.900	+7.986e+03	+2.287e+03	+1.018e+04	+0.223
100.000	+7.916e+03	+8.936e+02	+1.087e+04	+0.101
100.100	+5.706e+03	+2.789e+03	+9.988e+03	+0.328
100.200	+7.970e+03	+2.191e+03	+9.679e+03	+0.216
100.300	+7.292e+03	+2.819e+03	+9.595e+03	+0.279
100.400	+6.744e+03	+3.001e+03	+1.031e+04	+0.308
100.500	+7.896e+03	+6.153e+02	+1.022e+04	+0.072
100.600	+7.163e+03	+4.084e+03	+9.849e+03	+0.363
100.700	+6.803e+03	+2.083e+03	+1.092e+04	+0.234
100.800	+8.339e+03	+2.764e+03	+9.807e+03	+0.249
100.900	+8.408e+03	+2.070e+03	+9.936e+03	+0.198
101.000	+8.087e+03	+2.782e+03	+9.563e+03	+0.256
101.100	+6.720e+03	+2.046e+03	+9.447e+03	+0.233
101.200	+8.314e+03	+1.759e+03	+9.322e+03	+0.175
101.300	+8.199e+03	+2.943e+03	+1.043e+04	+0.264
101.400	+8.285e+03	+2.938e+03	+9.604e+03	+0.262
101.500	+7.852e+03	+1.549e+03	+8.929e+03	+0.165
101.600	+7.589e+03	+2.979e+03	+9.117e+03	+0.282
101.700	+7.395e+03	+2.828e+03	+9.820e+03	+0.277
101.800	+8.242e+03	+1.448e+03	+9.714e+03	+0.149
101.900	+7.643e+03	+3.520e+03	+1.056e+04	+0.315
102.000	+6.328e+03	+2.324e+03	+9.911e+03	+0.269
102.100	+7.765e+03	+3.349e+03	+9.584e+03	+0.301
102.200	+7.075e+03	+2.888e+03	+1.019e+04	+0.290
102.300	+8.105e+03	+1.482e+03	+1.047e+04	+0.155
102.400	+7.707e+03	+2.179e+03	+9.901e+03	+0.220
102.500	+7.809e+03	+1.632e+03	+1.084e+04	+0.173
102.600	+6.561e+03	+2.367e+03	+1.086e+04	+0.265
102.700	+8.380e+03	+3.699e+03	+9.614e+03	+0.306
102.800	+7.053e+03	+1.804e+03	+1.024e+04	+0.204
102.900	+7.153e+03	+2.847e+03	+1.104e+04	+0.285
103.000	+6.789e+03	+2.550e+03	+8.879e+03	+0.273
103.100	+9.338e+03	+1.925e+03	+1.027e+04	+0.171
103.200	+7.591e+03	+1.482e+03	+9.634e+03	+0.163
103.300	+8.089e+03	+2.637e+03	+8.913e+03	+0.246
103.400	+6.354e+03	+2.185e+03	+1.066e+04	+0.256
103.500	+7.325e+03	+1.404e+03	+1.089e+04	+0.161
103.600	+8.207e+03	+3.106e+03	+1.113e+04	+0.275
103.700	+7.369e+03	+3.221e+03	+1.060e+04	+0.304
103.800	+7.765e+03	+2.351e+03	+9.976e+03	+0.232
103.900	+8.275e+03	+1.264e+03	+1.100e+04	+0.133
104.000	+7.615e+03	+2.287e+03	+8.963e+03	+0.231
104.100	+6.968e+03	+3.071e+03	+9.948e+03	+0.306
104.200	+6.946e+03	+2.719e+03	+9.938e+03	+0.281
104.300	+7.093e+03	+2.505e+03	+1.108e+04	+0.261
104.400	+8.708e+03	+2.899e+03	+8.803e+03	+0.250
104.500	+7.231e+03	+2.625e+03	+1.013e+04	+0.266
104.600	+7.818e+03	+3.760e+03	+1.137e+04	+0.325
104.700	+7.436e+03	+1.786e+03	+9.238e+03	+0.194
104.800	+8.028e+03	+2.517e+03	+1.047e+04	+0.239
104.900	+8.728e+03	+2.059e+03	+9.279e+03	+0.191
105.000	+4.564e+03	+5.292e+03	+1.018e+04	+0.537
105.100	+3.040e+03	+8.135e+03	+1.151e+04	+0.728
105.200	+1.036e+03	+6.687e+03	+9.795e+03	+0.866
105.300	+2.775e+03	+7.531e+03	+1.094e+04	+0.731
105.400	+1.708e+03	+8.419e+03	+9.545e+03	+0.831
105.500	+3.470e+03	+7.048e+03	+1.027e+04	+0.670
105.600	+2.226e+03	+7.795e+03	+1.101e+04	+0.778
105.700	+3.138e+03	+8.078e+03	+1.001e+04	+0.720
105.800	+1.833e+03	+7.739e+03	+1.113e+04	+0.809
105.900	+1.641e+03	+8.704e+03	+9.855e+03	+0.841
106.000	+1.111e+03	+8.121e+03	+1.005e+04	+0.880
106.100	+1.492e+03	+7.477e+03	+1.068e+04	+0.834
106.200	+1.141e+03	+6.789e+03	+9.913e+03	+0.856
106.300	+3.094e+03	+7.339e+03	+1.010e+04	+0.703
106.400	+8.314e+02	+8.410e+03	+1.062e+04	+0.910
106.500	+5.436e+03	+5.498e+03	+1.016e+04	+0.503
106.600	+7.184e+03	+2.692e+03	+9.914e+03	+0.273
106.700	+5.821e+03	+2.105e+03	+9.702e+03	+0.266
106.800	+7.901e+03	+1.900e+03	+1.071e+04	+0.194
106.900	+7.860e+03	+2.675e+03	+1.090e+04	+0.254
107.000	+7.827e+03	+2.100e+03	+1.170e+04	+0.212
107.100	+8.614e+03	+1.801e+03	+8.299e+03	+0.173
107.200	+8.442e+03	+2.357e+03	+1.005e+04	+0.218
107.300	+8.953e+03	+2.894e+03	+9.149e+03	+0.244
107.400	+6.230e+03	+4.276e+03	+1.099e+04	+0.407
107.500	+6.313e+03	+1.237e+03	+1.084e+04	+0.164
107.600	+5.760e+03	+5.128e+03	+9.197e+03	+0.471
107.700	+4.582e+03	+5.469e+03	+9.757e+03	+0.544
107.800	+4.680e+03	+4.630e+03	+1.021e+04	+0.497
107.900	+3.862e+03	+3.576e+03	+9.861e+03	+0.481
108.000	+4.759e+03	+5.281e+03	+1.055e+04	+0.526
108.100	+5.138e+03	+4.052e+03	+1.000e+04	+0.441
108.200	+4.506e+03	+5.331e+03	+8.969e+03	+0.542
108.300	+4.252e+03	+4.543e+03	+9.476e+03	+0.517
108.400	+4.722e+03	+5.452e+03	+1.045e+04	+0.536
108.500	+5.327e+03	+5.620e+03	+9.871e+03	+0.513
108.600	+5.071e+03	+4.405e+03	+9.576e+03	+0.465
108.700	+3.485e+03	+4.641e+03	+1.029e+04	+0.571
108.800	+5.479e+03	+5.382e+03	+1.070e+04	+0.496
108.900	+5.299e+03	+5.214e+03	+9.819e+03	+0.496
109.000	+5.510e+03	+4.290e+03	+9.794e+03	+0.438
109.100	+4.581e+03	+5.286e+03	+9.783e+03	+0.536
109.200	+4.473e+03	+5.675e+03	+8.770e+03	+0.559
109.300	+5.344e+03	+4.859e+03	+9.254e+03	+0.476
109.400	+4.722e+03	+5.609e+03	+1.106e+04	+0.543
109.500	+5.340e+03	+5.183e+03	+9.840e+03	+0.493
109.600	+5.289e+03	+5.672e+03	+1.066e+04	+0.517
109.700	+6.227e+03	+4.694e+03	+9.191e+03	+0.430
109.800	+4.330e+03	+4.276e+03	+1.053e+04	+0.497
109.900	+4.751e+03	+3.870e+03	+1.022e+04	+0.449
110.000	+5.407e+03	+5.378e+03	+9.568e+03	+0.499
110.100	+4.695e+03	+5.329e+03	+1.091e+04	+0.532
110.200	+2.494e+03	+8.096e+03	+1.105e+04	+0.765
110.300	+2.143e+03	+8.158e+03	+1.032e+04	+0.792
110.400	+2.631e+03	+8.119e+03	+9.708e+03	+0.755
110.500	+1.835e+03	+8.229e+03	+9.395e+03	+0.818
110.600	+2.032e+03	+6.612e+03	+1.044e+04	+0.765
110.700	+3.106e+03	+7.967e+03	+9.760e+03	+0.719
110.800	+2.328e+03	+8.659e+03	+1.110e+04	+0.788
110.900	+1.772e+03	+8.360e+03	+1.070e+04	+0.825
111.000	+2.550e+03	+8.907e+03	+9.468e+03	+0.777
111.100	+2.427e+03	+8.205e+03	+9.405e+03	+0.772
111.200	+1.459e+03	+8.792e+03	+8.760e+03	+0.858
111.300	+3.017e+03	+7.480e+03	+1.022e+04	+0.713
111.400	+1.131e+03	+7.478e+03	+1.064e+04	+0.869
111.500	+2.386e+03	+7.138e+03	+1.029e+04	+0.749
111.600	+1.868e+03	+8.716e+03	+1.045e+04	+0.824
111.700	+1.879e+03	+8.977e+03	+9.672e+03	+0.827
111.800	+3.348e+03	+8.560e+03	+1.009e+04	+0.719
111.900	+2.312e+03	+7.926e+03	+1.021e+04	+0.774
112.000	+2.166e+03	+8.314e+03	+1.057e+04	+0.793
112.100	+2.059e+03	+8.278e+03	+9.277e+03	+0.801
112.200	+3.035e+03	+7.981e+03	+9.088e+03	+0.725
112.300	+2.058e+03	+8.205e+03	+9.827e+03	+0.799
112.400	+1.992e+02	+8.388e+03	+1.107e+04	+0.977
112.500	+2.139e+03	+7.925e+03	+9.608e+03	+0.787
112.600	+2.764e+03	+7.418e+03	+9.066e+03	+0.729
112.700	+5.363e+02	+7.131e+03	+8.906e+03	+0.930
112.800	+1.797e+03	+7.715e+03	+8.845e+03	+0.811
112.900	+1.489e+03	+7.636e+03	+1.006e+04	+0.837
113.000	+1.992e+03	+7.750e+03	+1.084e+04	+0.796
113.100	+3.175e+03	+6.250e+03	+1.047e+04	+0.663
113.200	+1.534e+03	+7.418e+03	+1.095e+04	+0.829
113.300	+1.978e+03	+9.256e+03	+1.024e+04	+0.824
113.400	+1.292e+03	+8.914e+03	+1.046e+04	+0.873
113.500	+3.509e+03	+9.257e+03	+9.324e+03	+0.725
113.600	+1.808e+03	+7.678e+03	+9.183e+03	+0.809
113.700	+1.315e+03	+7.560e+03	+1.020e+04	+0.852
113.800	+2.449e+03	+8.173e+03	+9.790e+03	+0.769
113.900	+1.257e+03	+7.707e+03	+1.094e+04	+0.860
114.000	+2.042e+03	+7.422e+03	+9.840e+03	+0.784
114.100	+4.357e+03	+6.048e+03	+1.074e+04	+0.581
114.200	+5.190e+03	+5.075e+03	+9.823e+03	+0.494
114.300	+4.888e+03	+5.569e+03	+1.035e+04	+0.533
114.400	+4.335e+03	+5.111e+03	+1.092e+04	+0.541
114.500	+6.211e+03	+4.533e+03	+1.043e+04	+0.422
114.600	+7.269e+03	+1.384e+03	+1.041e+04	+0.160
114.700	+7.835e+03	+2.343e+03	+9.074e+03	+0.230
114.800	+7.724e+03	+2.524e+03	+9.595e+03	+0.246
114.900	+7.163e+03	+2.466e+03	+1.019e+04	+0.256
115.000	+7.808e+03	+1.556e+03	+1.062e+04	+0.166
115.100	+6.286e+03	+2.558e+03	+1.019e+04	+0.289
115.200	+7.389e+03	+2.990e+03	+9.801e+03	+0.288
115.300	+6.768e+03	+2.003e+03	+9.184e+03	+0.228
115.400	+6.438e+03	+2.792e+03	+9.536e+03	+0.302
115.500	+7.761e+03	+3.347e+03	+8.955e+03	+0.301
115.600	+8.523e+03	+2.878e+03	+9.827e+03	+0.252
115.700	+7.861e+03	+2.566e+03	+1.012e+04	+0.246
115.800	+6.006e+03	+4.356e+03	+9.297e+03	+0.420
115.900	+5.144e+03	+4.371e+03	+1.033e+04	+0.459
116.000	+4.434e+03	+4.809e+03	+1.011e+04	+0.520
116.100	+4.327e+03	+5.104e+03	+9.397e+03	+0.541
116.200	+4.510e+03	+4.841e+03	+9.997e+03	+0.518
116.300	+5.169e+03	+6.228e+03	+1.096e+04	+0.546
116.400	+5.549e+03	+5.941e+03	+1.074e+04	+0.517
116.500	+4.873e+03	+5.724e+03	+9.577e+03	+0.540
116.600	+4.286e+03	+5.759e+03	+1.012e+04	+0.573
116.700	+5.382e+03	+5.114e+03	+9.399e+03	+0.487
116.800	+4.370e+03	+5.281e+03	+1.041e+04	+0.547
116.900	+6.508e+03	+4.934e+03	+1.100e+04	+0.431
117.000	+4.652e+03	+4.748e+03	+1.138e+04	+0.505
117.100	+4.535e+03	+4.826e+03	+9.882e+03	+0.516
117.200	+5.654e+03	+5.655e+03	+1.166e+04	+0.500
117.300	+5.144e+03	+5.036e+03	+1.013e+04	+0.495
117.400	+3.512e+03	+4.354e+03	+1.167e+04	+0.554
117.500	+4.533e+03	+3.761e+03	+1.065e+04	+0.453
117.600	+5.243e+03	+3.955e+03	+1.035e+04	+0.430
117.700	+4.962e+03	+4.303e+03	+1.058e+04	+0.464
117.800	+6.003e+03	+5.404e+03	+9.297e+03	+0.474
117.900	+5.838e+03	+5.927e+03	+1.041e+04	+0.504
118.000	+5.656e+03	+5.408e+03	+9.027e+03	+0.489
118.100	+4.148e+03	+5.876e+03	+1.062e+04	+0.586
118.200	+5.085e+03	+4.442e+03	+1.114e+04	+0.466
118.300	+5.483e+03	+5.110e+03	+1.032e+04	+0.482
118.400	+5.737e+03	+6.013e+03	+9.591e+03	+0.512
118.500	+4.530e+03	+5.840e+03	+1.012e+04	+0.563
118.600	+5.435e+03	+5.783e+03	+1.010e+04	+0.516
118.700	+3.821e+03	+6.712e+03	+9.909e+03	+0.637
118.800	+1.558e+03	+8.313e+03	+9.769e+03	+0.842
118.900	+2.443e+03	+7.838e+03	+9.613e+03	+0.762
119.000	+1.599e+03	+7.024e+03	+1.008e+04	+0.815
119.100	+2.587e+03	+7.781e+03	+1.033e+04	+0.750
119.200	+1.727e+03	+6.467e+03	+8.960e+03	+0.789
119.300	+1.934e+03	+8.481e+03	+1.080e+04	+0.814
119.400	+1.241e+03	+8.718e+03	+1.091e+04	+0.875
119.500	+2.692e+03	+6.693e+03	+1.027e+04	+0.713
119.600	+1.831e+03	+8.733e+03	+9.237e+03	+0.827
119.700	+1.514e+03	+8.404e+03	+9.785e+03	+0.847
119.800	+2.019e+03	+9.338e+03	+9.173e+03	+0.822
119.900	+2.830e+03	+8.386e+03	+9.698e+03	+0.748
120.000	+3.072e+03	+9.996e+03	+9.355e+03	+0.765
120.100	+1.769e+03	+8.210e+03	+8.861e+03	+0.823
120.200	+2.321e+03	+8.051e+03	+1.045e+04	+0.776
120.300	+1.823e+03	+7.125e+03	+1.063e+04	+0.796
120.400	+2.165e+03	+8.608e+03	+8.602e+03	+0.799
120.500	+2.229e+03	+9.456e+03	+9.353e+03	+0.809
120.600	+1.966e+03	+8.401e+03	+8.297e+03	+0.810
120.700	+1.271e+03	+7.345e+03	+9.125e+03	+0.852
120.800	+2.646e+03	+8.101e+03	+9.313e+03	+0.754
120.900	+2.547e+03	+8.361e+03	+1.058e+04	+0.767
121.000	+1.413e+03	+7.489e+03	+1.020e+04	+0.841
121.100	+1.023e+03	+7.256e+03	+9.670e+03	+0.876
121.200	+1.775e+03	+7.340e+03	+9.781e+03	+0.805
121.300	+1.126e+03	+7.808e+03	+9.689e+03	+0.874
121.400	+1.533e+03	+6.810e+03	+1.039e+04	+0.816
121.500	+2.271e+03	+6.995e+03	+9.072e+03	+0.755
121.600	+2.151e+03	+8.303e+03	+9.722e+03	+0.794
121.700	+2.995e+03	+8.140e+03	+9.274e+03	+0.731
121.800	+3.185e+02	+7.223e+03	+1.049e+04	+0.958
121.900	+1.852e+03	+7.884e+03	+9.910e+03	+0.810
122.000	+3.204e+03	+8.541e+03	+1.038e+04	+0.727
122.100	+1.461e+03	+8.160e+03	+9.211e+03	+0.848
122.200	+1.802e+03	+8.942e+03	+1.169e+04	+0.832
122.300	+2.696e+03	+8.934e+03	+9.400e+03	+0.768
122.400	+1.670e+03	+7.571e+03	+9.797e+03	+0.819
122.500	+3.087e+03	+7.701e+03	+9.509e+03	+0.714
122.600	+2.883e+03	+7.911e+03	+1.004e+04	+0.733
122.700	+1.990e+03	+8.015e+03	+1.002e+04	+0.801
122.800	+2.182e+03	+8.900e+03	+1.078e+04	+0.803
122.900	+2.681e+03	+8.660e+03	+9.121e+03	+0.764
123.000	+2.058e+03	+9.072e+03	+1.037e+04	+0.815
123.100	+1.293e+03	+7.838e+03	+9.701e+03	+0.858
123.200	+1.348e+03	+8.805e+03	+9.796e+03	+0.867
123.300	+1.374e+03	+8.208e+03	+8.149e+03	+0.857
123.400	+3.161e+03	+7.216e+03	+1.121e+04	+0.695
123.500	+1.786e+03	+8.213e+03	+1.003e+04	+0.821
123.600	+3.934e+03	+7.392e+03	+9.368e+03	+0.653
123.700	+2.466e+03	+7.118e+03	+1.080e+04	+0.743
123.800	+2.345e+03	+8.024e+03	+8.925e+03	+0.774
123.900	+1.812e+03	+7.595e+03	+1.066e+04	+0.807
124.000	+1.336e+03	+7.341e+03	+8.575e+03	+0.846
124.100	+1.250e+03	+8.848e+03	+1.045e+04	+0.876
124.200	+1.686e+03	+8.050e+03	+1.022e+04	+0.827
124.300	+3.479e+03	+7.252e+03	+1.060e+04	+0.676
124.400	+1.675e+03	+9.178e+03	+1.050e+04	+0.846
124.500	+1.340e+03	+8.300e+03	+8.573e+03	+0.861
124.600	+1.733e+03	+7.885e+03	+1.017e+04	+0.820
124.700	+1.718e+03	+8.434e+03	+1.011e+04	+0.831
124.800	+4.722e+03	+4.838e+03	+9.750e+03	+0.506
124.900	+8.505e+03	+2.760e+03	+9.535e+03	+0.245
125.000	+7.562e+03	+1.733e+03	+1.133e+04	+0.186
125.100	+7.572e+03	+2.569e+03	+1.064e+04	+0.253
125.200	+5.243e+03	+5.807e+03	+1.054e+04	+0.526
125.300	+5.628e+03	+4.443e+03	+1.126e+04	+0.441
125.400	+4.752e+03	+4.443e+03	+1.013e+04	+0.483
125.500	+3.456e+03	+5.706e+03	+1.004e+04	+0.623
125.600	+5.556e+03	+4.163e+03	+9.532e+03	+0.428
125.700	+4.819e+03	+5.602e+03	+9.681e+03	+0.538
125.800	+3.746e+03	+3.738e+03	+9.839e+03	+0.499
125.900	+4.986e+03	+4.918e+03	+9.120e+03	+0.497
126.000	+4.445e+03	+4.738e+03	+1.092e+04	+0.516
126.100	+5.982e+03	+5.474e+03	+1.014e+04	+0.478
126.200	+4.323e+03	+4.733e+03	+9.563e+03	+0.523
126.300	+3.669e+03	+5.890e+03	+1.094e+04	+0.616
126.400	+4.576e+03	+5.791e+03	+1.018e+04	+0.559
126.500	+5.454e+03	+4.486e+03	+1.045e+04	+0.451
126.600	+4.476e+03	+5.676e+03	+9.933e+03	+0.559
126.700	+5.161e+03	+5.182e+03	+9.124e+03	+0.501
126.800	+5.866e+03	+5.482e+03	+1.144e+04	+0.483
126.900	+4.928e+03	+5.605e+03	+1.038e+04	+0.532
127.000	+4.524e+03	+5.059e+03	+9.971e+03	+0.528
127.100	+4.104e+03	+5.605e+03	+1.019e+04	+0.577
127.200	+5.549e+03	+4.075e+03	+1.034e+04	+0.423
127.300	+4.120e+03	+5.161e+03	+9.466e+03	+0.556
127.400	+1.992e+03	+7.536e+03	+9.180e+03	+0.791
127.500	+2.449e+03	+8.647e+03	+9.427e+03	+0.779
127.600	+1.501e+03	+9.727e+03	+9.054e+03	+0.866
127.700	+1.599e+03	+7.719e+03	+9.408e+03	+0.828
127.800	+9.418e+02	+7.850e+03	+1.045e+04	+0.893
127.900	+6.792e+02	+6.804e+03	+1.025e+04	+0.909
128.000	+2.156e+03	+8.273e+03	+9.343e+03	+0.793
128.100	+2.153e+03	+8.245e+03	+9.908e+03	+0.793
128.200	+1.761e+03	+7.036e+03	+9.809e+03	+0.800
