%t (s)	Idd (a.u.)	Ida (a.u.)	Iaa (a.u.)	FRET E
0.000	+5.106e+03	+5.079e+03	+1.021e+04	+0.499
0.100	+4.295e+03	+4.637e+03	+1.029e+04	+0.519
0.200	+3.783e+03	+4.748e+03	+1.074e+04	+0.557
0.300	+5.084e+03	+5.075e+03	+1.017e+04	+0.500
0.400	+2.889e+03	+6.976e+03	+9.310e+03	+0.707
0.500	+2.587e+03	+8.593e+03	+1.120e+04	+0.769
0.600	+2.115e+03	+7.497e+03	+1.146e+04	+0.780
0.700	+1.469e+03	+7.772e+03	+9.274e+03	+0.841
0.800	+2.659e+03	+6.700e+03	+9.114e+03	+0.716
0.900	+4.995e+03	+4.388e+03	+9.524e+03	+0.468
1.000	+7.505e+03	+2.589e+03	+9.349e+03	+0.257
1.100	+7.304e+03	+3.357e+03	+1.024e+04	+0.315
1.200	+7.022e+03	+2.465e+03	+9.695e+03	+0.260
1.300	+7.669e+03	+3.719e+03	+9.988e+03	+0.327
1.400	+6.428e+03	+2.927e+03	+9.808e+03	+0.313
1.500	+7.083e+03	+3.515e+03	+9.855e+03	+0.332
1.600	+6.797e+03	+2.001e+03	+1.128e+04	+0.227
1.700	+7.653e+03	+1.982e+03	+1.000e+04	+0.206
1.800	+7.199e+03	+1.327e+03	+1.069e+04	+0.156
1.900	+6.616e+03	+2.165e+03	+9.987e+03	+0.247
2.000	+6.852e+03	+3.594e+03	+1.011e+04	+0.344
2.100	+7.381e+03	+3.011e+03	+9.973e+03	+0.290
2.200	+6.923e+03	+3.292e+03	+9.078e+03	+0.322
2.300	+7.311e+03	+2.733e+03	+8.985e+03	+0.272
2.400	+7.091e+03	+1.967e+03	+9.416e+03	+0.217
2.500	+7.449e+03	+2.931e+03	+9.707e+03	+0.282
2.600	+6.531e+03	+2.763e+03	+9.962e+03	+0.297
2.700	+5.350e+03	+4.544e+03	+9.801e+03	+0.459
2.800	+3.751e+03	+6.043e+03	+9.330e+03	+0.617
2.900	+4.135e+03	+5.612e+03	+1.003e+04	+0.576
3.000	+4.863e+03	+6.005e+03	+1.030e+04	+0.553
3.100	+3.504e+03	+4.953e+03	+9.456e+03	+0.586
3.200	+4.592e+03	+4.215e+03	+9.664e+03	+0.479
3.300	+5.808e+03	+5.165e+03	+9.385e+03	+0.471
3.400	+4.133e+03	+4.973e+03	+1.058e+04	+0.546
3.500	+5.052e+03	+5.606e+03	+9.895e+03	+0.526
3.600	+5.659e+03	+5.238e+03	+1.120e+04	+0.481
3.700	+5.301e+03	+4.534e+03	+8.010e+03	+0.461
3.800	+5.341e+03	+5.607e+03	+1.034e+04	+0.512
3.900	+5.131e+03	+5.292e+03	+1.057e+04	+0.508
4.000	+5.510e+03	+4.526e+03	+9.820e+03	+0.451
4.100	+5.114e+03	+5.726e+03	+1.104e+04	+0.528
4.200	+4.614e+03	+4.491e+03	+1.105e+04	+0.493
4.300	+4.296e+03	+5.780e+03	+1.011e+04	+0.574
4.400	+4.379e+03	+4.649e+03	+1.085e+04	+0.515
4.500	+6.060e+03	+5.241e+03	+1.078e+04	+0.464
4.600	+5.815e+03	+5.038e+03	+9.718e+03	+0.464
4.700	+5.278e+03	+5.208e+03	+1.096e+04	+0.497
4.800	+5.978e+03	+5.219e+03	+1.035e+04	+0.466
4.900	+5.115e+03	+3.672e+03	+9.552e+03	+0.418
5.000	+4.931e+03	+4.053e+03	+9.261e+03	+0.451
5.100	+5.290e+03	+4.594e+03	+1.096e+04	+0.465
5.200	+4.666e+03	+5.459e+03	+9.572e+03	+0.539
5.300	+4.759e+03	+5.154e+03	+1.011e+04	+0.520
5.400	+5.524e+03	+5.514e+03	+9.530e+03	+0.500
5.500	+5.701e+03	+5.296e+03	+8.920e+03	+0.482
5.600	+4.754e+03	+4.852e+03	+8.874e+03	+0.505
5.700	+4.863e+03	+4.827e+03	+1.111e+04	+0.498
5.800	+3.986e+03	+4.631e+03	+9.513e+03	+0.537
5.900	+6.842e+03	+3.994e+03	+8.667e+03	+0.369
6.000	+4.549e+03	+5.204e+03	+1.067e+04	+0.534
6.100	+6.113e+03	+5.982e+03	+9.523e+03	+0.495
6.200	+4.670e+03	+4.777e+03	+1.077e+04	+0.506
6.300	+3.997e+03	+4.888e+03	+1.092e+04	+0.550
6.400	+5.390e+03	+4.781e+03	+1.033e+04	+0.470
6.500	+4.064e+03	+5.194e+03	+9.564e+03	+0.561
6.600	+4.578e+03	+6.489e+03	+9.534e+03	+0.586
6.700	+3.832e+03	+6.577e+03	+1.012e+04	+0.632
6.800	+4.299e+03	+5.222e+03	+1.062e+04	+0.548
6.900	+7.065e+03	+1.703e+03	+9.340e+03	+0.194
7.000	+6.759e+03	+2.363e+03	+9.933e+03	+0.259
7.100	+7.942e+03	+1.648e+03	+9.831e+03	+0.172
7.200	+6.243e+03	+3.663e+03	+9.640e+03	+0.370
7.300	+6.138e+03	+4.558e+03	+1.063e+04	+0.426
7.400	+6.855e+03	+2.277e+03	+1.085e+04	+0.249
7.500	+6.787e+03	+1.746e+03	+8.747e+03	+0.205
7.600	+7.705e+03	+2.672e+03	+1.070e+04	+0.258
7.700	+6.761e+03	+2.007e+03	+9.712e+03	+0.229
7.800	+7.150e+03	+2.746e+03	+1.063e+04	+0.277
7.900	+5.842e+03	+2.446e+03	+1.001e+04	+0.295
8.000	+7.648e+03	+2.841e+03	+1.072e+04	+0.271
8.100	+6.185e+03	+2.170e+03	+9.322e+03	+0.260
8.200	+7.859e+03	+1.657e+03	+9.765e+03	+0.174
8.300	+7.301e+03	+2.156e+03	+9.998e+03	+0.228
8.400	+8.535e+03	+2.992e+03	+9.375e+03	+0.260
8.500	+7.257e+03	+2.945e+03	+1.006e+04	+0.289
8.600	+8.102e+03	+1.588e+03	+9.966e+03	+0.164
8.700	+8.867e+03	+2.623e+03	+9.585e+03	+0.228
8.800	+7.360e+03	+2.709e+03	+9.462e+03	+0.269
8.900	+7.991e+03	+1.254e+03	+1.034e+04	+0.136
9.000	+7.678e+03	+1.992e+03	+9.440e+03	+0.206
9.100	+7.237e+03	+2.161e+03	+9.630e+03	+0.230
9.200	+6.640e+03	+8.159e+02	+9.465e+03	+0.109
9.300	+7.822e+03	+3.001e+03	+1.038e+04	+0.277
9.400	+5.066e+03	+3.835e+03	+1.015e+04	+0.431
9.500	+3.886e+03	+5.358e+03	+9.894e+03	+0.580
9.600	+2.672e+03	+7.463e+03	+1.070e+04	+0.736
9.700	+2.239e+03	+8.177e+03	+9.885e+03	+0.785
9.800	+9.702e+02	+8.357e+03	+1.101e+04	+0.896
9.900	+3.048e+03	+6.385e+03	+9.570e+03	+0.677
10.000	+2.036e+02	+7.951e+03	+8.976e+03	+0.975
10.100	+1.997e+03	+7.152e+03	+1.033e+04	+0.782
10.200	+1.377e+03	+7.917e+03	+1.064e+04	+0.852
10.300	+2.233e+03	+7.799e+03	+1.045e+04	+0.777
10.400	+4.449e+03	+5.086e+03	+9.892e+03	+0.533
10.500	+7.794e+03	+2.171e+03	+1.117e+04	+0.218
10.600	+7.740e+03	+2.614e+03	+1.134e+04	+0.252
10.700	+7.219e+03	+2.788e+03	+8.769e+03	+0.279
10.800	+8.018e+03	+2.010e+03	+9.719e+03	+0.200
10.900	+8.226e+03	+2.225e+03	+1.048e+04	+0.213
11.000	+7.339e+03	+3.405e+03	+9.077e+03	+0.317
11.100	+7.596e+03	+2.939e+03	+8.196e+03	+0.279
11.200	+5.916e+03	+1.397e+03	+9.187e+03	+0.191
11.300	+5.257e+03	+4.150e+03	+1.038e+04	+0.441
11.400	+6.146e+03	+3.073e+03	+1.044e+04	+0.333
11.500	+7.243e+03	+2.811e+03	+1.044e+04	+0.280
11.600	+7.714e+03	+2.005e+03	+9.123e+03	+0.206
11.700	+6.812e+03	+1.248e+03	+9.483e+03	+0.155
11.800	+7.704e+03	+2.891e+03	+8.374e+03	+0.273
11.900	+7.698e+03	+2.870e+03	+1.041e+04	+0.272
12.000	+6.212e+03	+3.957e+03	+1.105e+04	+0.389
12.100	+3.846e+03	+5.441e+03	+1.059e+04	+0.586
12.200	+3.186e+03	+6.275e+03	+9.472e+03	+0.663
12.300	+2.711e+03	+6.540e+03	+9.776e+03	+0.707
12.400	+2.294e+03	+8.477e+03	+9.844e+03	+0.787
12.500	+1.351e+03	+7.387e+03	+9.412e+03	+0.845
12.600	+7.426e+02	+7.143e+03	+9.881e+03	+0.906
12.700	+4.310e+02	+6.951e+03	+1.072e+04	+0.942
12.800	+6.040e+02	+7.134e+03	+1.079e+04	+0.922
12.900	+2.384e+03	+8.715e+03	+1.007e+04	+0.785
13.000	+2.327e+03	+8.252e+03	+9.790e+03	+0.780
13.100	+3.027e+03	+7.438e+03	+1.136e+04	+0.711
13.200	+1.962e+03	+7.231e+03	+9.672e+03	+0.787
13.300	+1.616e+03	+7.672e+03	+9.990e+03	+0.826
13.400	+1.394e+03	+9.006e+03	+9.346e+03	+0.866
13.500	+1.265e+03	+8.413e+03	+1.058e+04	+0.869
13.600	+2.509e+03	+9.685e+03	+9.880e+03	+0.794
13.700	+1.910e+03	+7.849e+03	+1.143e+04	+0.804
13.800	+6.569e+02	+8.447e+03	+9.693e+03	+0.928
13.900	+1.680e+03	+7.510e+03	+1.084e+04	+0.817
14.000	+4.853e+03	+5.691e+03	+9.373e+03	+0.540
14.100	+2.482e+03	+8.031e+03	+1.080e+04	+0.764
14.200	+1.241e+03	+8.160e+03	+1.022e+04	+0.868
14.300	+4.361e+03	+5.892e+03	+1.023e+04	+0.575
14.400	+5.198e+03	+4.917e+03	+1.097e+04	+0.486
14.500	+5.033e+03	+5.263e+03	+1.154e+04	+0.511
14.600	+6.684e+03	+4.490e+03	+1.032e+04	+0.402
14.700	+5.112e+03	+5.152e+03	+8.935e+03	+0.502
14.800	+4.837e+03	+5.037e+03	+9.944e+03	+0.510
14.900	+6.010e+03	+4.843e+03	+1.034e+04	+0.446
15.000	+3.816e+03	+4.633e+03	+9.555e+03	+0.548
15.100	+3.553e+03	+4.656e+03	+1.057e+04	+0.567
15.200	+5.470e+03	+4.412e+03	+1.088e+04	+0.446
15.300	+5.945e+03	+5.112e+03	+8.588e+03	+0.462
15.400	+5.490e+03	+5.145e+03	+9.860e+03	+0.484
15.500	+4.680e+03	+3.827e+03	+9.876e+03	+0.450
15.600	+4.918e+03	+5.389e+03	+1.072e+04	+0.523
15.700	+5.527e+03	+5.084e+03	+9.533e+03	+0.479
15.800	+6.556e+03	+6.721e+03	+9.373e+03	+0.506
15.900	+5.962e+03	+5.160e+03	+1.053e+04	+0.464
16.000	+3.840e+03	+4.066e+03	+1.028e+04	+0.514
16.100	+4.560e+03	+4.507e+03	+9.716e+03	+0.497
16.200	+4.401e+03	+5.667e+03	+1.135e+04	+0.563
16.300	+6.546e+03	+5.387e+03	+9.427e+03	+0.451
16.400	+5.120e+03	+4.548e+03	+9.813e+03	+0.470
16.500	+5.599e+03	+4.552e+03	+1.048e+04	+0.448
16.600	+5.518e+03	+4.231e+03	+1.038e+04	+0.434
16.700	+4.703e+03	+4.868e+03	+9.916e+03	+0.509
16.800	+5.044e+03	+5.190e+03	+9.672e+03	+0.507
16.900	+5.828e+03	+5.012e+03	+9.579e+03	+0.462
17.000	+4.775e+03	+5.225e+03	+9.396e+03	+0.522
17.100	+5.347e+03	+4.594e+03	+1.031e+04	+0.462
17.200	+4.952e+03	+4.205e+03	+1.089e+04	+0.459
17.300	+5.151e+03	+4.777e+03	+8.514e+03	+0.481
17.400	+5.188e+03	+5.292e+03	+9.485e+03	+0.505
17.500	+3.296e+03	+6.795e+03	+9.820e+03	+0.673
17.600	+1.677e+03	+7.905e+03	+1.001e+04	+0.825
17.700	+1.481e+03	+7.761e+03	+9.831e+03	+0.840
17.800	+1.605e+03	+7.783e+03	+9.696e+03	+0.829
17.900	+2.745e+03	+8.304e+03	+9.792e+03	+0.752
18.000	+2.970e+03	+8.369e+03	+9.364e+03	+0.738
18.100	+2.935e+03	+7.601e+03	+9.343e+03	+0.721
18.200	+1.278e+03	+8.941e+03	+1.074e+04	+0.875
18.300	+3.835e+03	+5.552e+03	+1.014e+04	+0.591
18.400	+3.905e+03	+5.520e+03	+9.821e+03	+0.586
18.500	+4.686e+03	+5.013e+03	+9.570e+03	+0.517
18.600	+6.183e+03	+5.344e+03	+1.099e+04	+0.464
18.700	+5.475e+03	+6.519e+03	+9.778e+03	+0.544
18.800	+6.771e+03	+1.375e+03	+1.045e+04	+0.169
18.900	+7.708e+03	+2.859e+03	+9.739e+03	+0.271
19.000	+6.827e+03	+3.176e+03	+1.089e+04	+0.318
19.100	+7.145e+03	+1.953e+03	+9.715e+03	+0.215
19.200	+6.408e+03	+3.515e+03	+1.062e+04	+0.354
19.300	+7.618e+03	+1.607e+03	+1.030e+04	+0.174
19.400	+7.893e+03	+3.257e+03	+1.035e+04	+0.292
19.500	+6.874e+03	+8.293e+02	+1.078e+04	+0.108
19.600	+6.995e+03	+1.671e+03	+1.007e+04	+0.193
19.700	+7.545e+03	+2.678e+03	+1.089e+04	+0.262
19.800	+7.932e+03	+3.948e+03	+1.032e+04	+0.332
19.900	+7.525e+03	+2.295e+03	+1.016e+04	+0.234
20.000	+8.556e+03	+2.941e+03	+1.074e+04	+0.256
20.100	+7.929e+03	+2.673e+03	+9.574e+03	+0.252
20.200	+8.624e+03	+3.038e+03	+1.034e+04	+0.261
20.300	+8.006e+03	+2.743e+03	+1.087e+04	+0.255
20.400	+5.705e+03	+2.501e+03	+9.200e+03	+0.305
20.500	+8.147e+03	+2.447e+03	+1.028e+04	+0.231
20.600	+7.574e+03	+2.442e+03	+9.430e+03	+0.244
20.700	+7.584e+03	+2.015e+03	+9.277e+03	+0.210
20.800	+7.862e+03	+2.934e+03	+9.552e+03	+0.272
20.900	+7.860e+03	+2.069e+03	+1.096e+04	+0.208
21.000	+8.282e+03	+2.327e+03	+9.739e+03	+0.219
21.100	+6.185e+03	+2.859e+03	+8.271e+03	+0.316
21.200	+7.922e+03	+2.764e+03	+1.045e+04	+0.259
21.300	+8.579e+03	+2.450e+03	+1.005e+04	+0.222
21.400	+6.552e+03	+2.828e+03	+1.065e+04	+0.302
21.500	+6.475e+03	+1.772e+03	+1.039e+04	+0.215
21.600	+8.660e+03	+2.285e+03	+9.935e+03	+0.209
21.700	+7.270e+03	+1.492e+03	+9.694e+03	+0.170
21.800	+6.998e+03	+3.303e+03	+9.053e+03	+0.321
21.900	+6.464e+03	+2.698e+03	+9.402e+03	+0.294
22.000	+7.972e+03	+1.959e+03	+1.111e+04	+0.197
22.100	+6.992e+03	+3.394e+03	+9.756e+03	+0.327
22.200	+6.176e+03	+2.788e+03	+9.392e+03	+0.311
22.300	+6.959e+03	+2.652e+03	+1.075e+04	+0.276
22.400	+8.048e+03	+1.447e+03	+9.319e+03	+0.152
22.500	+7.804e+03	+2.306e+03	+1.095e+04	+0.228
22.600	+7.970e+03	+2.754e+03	+8.677e+03	+0.257
22.700	+7.613e+03	+2.682e+03	+9.723e+03	+0.260
22.800	+9.279e+03	+1.676e+03	+1.018e+04	+0.153
22.900	+8.534e+03	+1.308e+03	+1.059e+04	+0.133
23.000	+6.328e+03	+2.640e+03	+1.082e+04	+0.294
23.100	+3.525e+03	+3.612e+03	+9.804e+03	+0.506
23.200	+5.028e+03	+4.527e+03	+9.871e+03	+0.474
23.300	+4.864e+03	+4.179e+03	+1.085e+04	+0.462
23.400	+5.521e+03	+5.187e+03	+9.703e+03	+0.484
23.500	+4.898e+03	+5.438e+03	+1.006e+04	+0.526
23.600	+4.229e+03	+5.502e+03	+1.055e+04	+0.565
23.700	+3.855e+03	+8.158e+03	+9.847e+03	+0.679
23.800	+4.111e+03	+5.288e+03	+9.980e+03	+0.563
23.900	+5.492e+03	+4.860e+03	+9.920e+03	+0.469
24.000	+5.470e+03	+4.013e+03	+1.043e+04	+0.423
24.100	+4.733e+03	+4.727e+03	+8.833e+03	+0.500
24.200	+5.641e+03	+4.597e+03	+9.748e+03	+0.449
24.300	+6.482e+03	+2.117e+03	+9.801e+03	+0.246
24.400	+6.839e+03	+2.259e+03	+9.666e+03	+0.248
24.500	+7.563e+03	+2.415e+03	+9.633e+03	+0.242
24.600	+6.986e+03	+2.103e+03	+1.112e+04	+0.231
24.700	+7.927e+03	+1.964e+03	+1.020e+04	+0.199
24.800	+6.723e+03	+2.810e+03	+1.048e+04	+0.295
24.900	+7.285e+03	+1.180e+03	+1.020e+04	+0.139
25.000	+7.685e+03	+3.151e+03	+9.050e+03	+0.291
25.100	+7.610e+03	+2.207e+03	+9.634e+03	+0.225
25.200	+6.806e+03	+1.900e+03	+8.895e+03	+0.218
25.300	+7.401e+03	+1.896e+03	+1.106e+04	+0.204
25.400	+6.392e+03	+3.005e+03	+1.044e+04	+0.320
25.500	+6.973e+03	+3.771e+03	+9.880e+03	+0.351
25.600	+6.226e+03	+2.450e+03	+1.124e+04	+0.282
25.700	+7.049e+03	+1.115e+03	+9.532e+03	+0.137
25.800	+7.216e+03	+1.421e+03	+9.831e+03	+0.164
25.900	+7.303e+03	+2.816e+03	+9.722e+03	+0.278
26.000	+8.037e+03	+3.323e+03	+1.006e+04	+0.293
26.100	+8.052e+03	+3.430e+03	+1.064e+04	+0.299
26.200	+7.753e+03	+2.770e+03	+8.195e+03	+0.263
26.300	+9.171e+03	+3.120e+03	+1.037e+04	+0.254
26.400	+6.692e+03	+3.780e+03	+9.426e+03	+0.361
26.500	+3.761e+03	+5.243e+03	+9.757e+03	+0.582
26.600	+4.797e+03	+5.143e+03	+1.075e+04	+0.517
26.700	+5.066e+03	+5.838e+03	+9.840e+03	+0.535
26.800	+4.296e+03	+5.254e+03	+9.523e+03	+0.550
26.900	+6.004e+03	+5.474e+03	+9.462e+03	+0.477
27.000	+4.674e+03	+5.611e+03	+9.790e+03	+0.546
27.100	+5.522e+03	+6.070e+03	+1.057e+04	+0.524
27.200	+4.936e+03	+4.452e+03	+1.060e+04	+0.474
27.300	+4.127e+03	+5.372e+03	+1.053e+04	+0.566
27.400	+5.478e+03	+5.028e+03	+9.094e+03	+0.479
27.500	+4.940e+03	+5.646e+03	+1.033e+04	+0.533
27.600	+4.526e+03	+5.909e+03	+9.527e+03	+0.566
27.700	+5.062e+03	+3.500e+03	+1.158e+04	+0.409
27.800	+2.773e+03	+4.751e+03	+1.022e+04	+0.631
27.900	+5.699e+03	+5.198e+03	+1.040e+04	+0.477
28.000	+5.556e+03	+4.983e+03	+1.054e+04	+0.473
28.100	+4.025e+03	+4.283e+03	+9.058e+03	+0.516
28.200	+4.696e+03	+3.616e+03	+1.062e+04	+0.435
28.300	+4.986e+03	+4.769e+03	+9.716e+03	+0.489
28.400	+6.508e+03	+5.637e+03	+1.087e+04	+0.464
28.500	+4.751e+03	+4.779e+03	+1.002e+04	+0.502
28.600	+6.286e+03	+5.101e+03	+9.491e+03	+0.448
28.700	+4.273e+03	+5.544e+03	+1.112e+04	+0.565
28.800	+5.923e+03	+2.351e+03	+1.077e+04	+0.284
28.900	+7.752e+03	+3.087e+03	+1.103e+04	+0.285
29.000	+6.941e+03	+2.598e+03	+1.012e+04	+0.272
29.100	+5.196e+03	+4.360e+03	+9.973e+03	+0.456
29.200	+5.242e+03	+5.901e+03	+9.565e+03	+0.530
29.300	+4.772e+03	+4.425e+03	+9.978e+03	+0.481
29.400	+4.034e+03	+4.331e+03	+1.004e+04	+0.518
29.500	+4.914e+03	+5.337e+03	+1.028e+04	+0.521
29.600	+4.798e+03	+5.644e+03	+9.739e+03	+0.541
29.700	+5.075e+03	+5.348e+03	+1.013e+04	+0.513
29.800	+5.075e+03	+5.139e+03	+9.478e+03	+0.503
29.900	+4.800e+03	+5.227e+03	+9.214e+03	+0.521
30.000	+5.868e+03	+4.355e+03	+1.116e+04	+0.426
30.100	+4.044e+03	+4.264e+03	+1.031e+04	+0.513
30.200	+5.783e+03	+6.393e+03	+9.486e+03	+0.525
30.300	+6.834e+03	+4.062e+03	+8.733e+03	+0.373
30.400	+5.947e+03	+4.997e+03	+9.104e+03	+0.457
30.500	+3.848e+03	+4.591e+03	+9.651e+03	+0.544
30.600	+3.805e+03	+6.284e+03	+9.703e+03	+0.623
30.700	+5.016e+03	+5.234e+03	+9.546e+03	+0.511
30.800	+5.056e+03	+5.283e+03	+9.837e+03	+0.511
30.900	+4.087e+03	+5.078e+03	+1.121e+04	+0.554
31.000	+3.603e+03	+5.978e+03	+1.013e+04	+0.624
31.100	+2.154e+03	+8.672e+03	+1.018e+04	+0.801
31.200	+1.794e+03	+8.713e+03	+9.877e+03	+0.829
31.300	+1.082e+03	+9.093e+03	+9.995e+03	+0.894
31.400	+2.307e+03	+9.068e+03	+1.056e+04	+0.797
31.500	+2.695e+03	+8.290e+03	+1.043e+04	+0.755
31.600	+5.082e+03	+4.673e+03	+1.016e+04	+0.479
31.700	+4.600e+03	+5.473e+03	+1.055e+04	+0.543
31.800	+4.550e+03	+4.713e+03	+1.002e+04	+0.509
31.900	+4.596e+03	+4.418e+03	+8.972e+03	+0.490
32.000	+5.302e+03	+4.891e+03	+9.106e+03	+0.480
32.100	+4.582e+03	+4.879e+03	+1.067e+04	+0.516
32.200	+5.775e+03	+5.017e+03	+1.030e+04	+0.465
32.300	+5.051e+03	+5.362e+03	+1.037e+04	+0.515
32.400	+4.986e+03	+4.580e+03	+1.040e+04	+0.479
32.500	+5.621e+03	+3.928e+03	+9.642e+03	+0.411
32.600	+5.836e+03	+6.151e+03	+1.112e+04	+0.513
32.700	+5.872e+03	+5.239e+03	+9.315e+03	+0.472
32.800	+5.775e+03	+5.770e+03	+8.940e+03	+0.500
32.900	+4.862e+03	+5.581e+03	+8.890e+03	+0.534
33.000	+5.241e+03	+5.738e+03	+8.597e+03	+0.523
33.100	+3.644e+03	+5.244e+03	+1.021e+04	+0.590
33.200	+5.443e+03	+5.595e+03	+1.067e+04	+0.507
33.300	+4.653e+03	+4.198e+03	+9.770e+03	+0.474
33.400	+5.202e+03	+4.765e+03	+1.049e+04	+0.478
33.500	+5.432e+03	+4.327e+03	+9.866e+03	+0.443
33.600	+4.921e+03	+6.130e+03	+9.967e+03	+0.555
33.700	+4.713e+03	+4.826e+03	+1.136e+04	+0.506
33.800	+4.862e+03	+4.907e+03	+1.034e+04	+0.502
33.900	+4.486e+03	+5.476e+03	+1.029e+04	+0.550
34.000	+5.415e+03	+4.528e+03	+9.116e+03	+0.455
34.100	+4.147e+03	+4.333e+03	+9.868e+03	+0.511
34.200	+4.990e+03	+4.136e+03	+1.006e+04	+0.453
34.300	+5.522e+03	+4.440e+03	+1.022e+04	+0.446
34.400	+4.938e+03	+5.259e+03	+1.081e+04	+0.516
34.500	+4.914e+03	+4.703e+03	+9.460e+03	+0.489
34.600	+5.229e+03	+4.871e+03	+9.862e+03	+0.482
34.700	+5.468e+03	+5.783e+03	+1.103e+04	+0.514
34.800	+3.895e+03	+4.570e+03	+1.040e+04	+0.540
34.900	+5.799e+03	+5.029e+03	+1.011e+04	+0.464
35.000	+3.893e+03	+4.942e+03	+1.059e+04	+0.559
35.100	+4.442e+03	+4.228e+03	+9.825e+03	+0.488
35.200	+4.672e+03	+5.354e+03	+1.054e+04	+0.534
35.300	+5.544e+03	+4.544e+03	+1.069e+04	+0.450
35.400	+5.206e+03	+5.122e+03	+9.817e+03	+0.496
35.500	+4.945e+03	+3.355e+03	+1.064e+04	+0.404
35.600	+6.584e+03	+4.789e+03	+1.054e+04	+0.421
35.700	+4.524e+03	+4.595e+03	+1.046e+04	+0.504
35.800	+5.988e+03	+1.979e+03	+9.328e+03	+0.248
35.900	+8.139e+03	+3.012e+03	+9.454e+03	+0.270
36.000	+7.685e+03	+2.470e+03	+1.120e+04	+0.243
36.100	+7.355e+03	+1.067e+03	+1.067e+04	+0.127
36.200	+7.710e+03	+1.320e+03	+9.958e+03	+0.146
36.300	+8.120e+03	+3.479e+03	+1.080e+04	+0.300
36.400	+6.146e+03	+2.799e+03	+1.069e+04	+0.313
36.500	+7.626e+03	+2.954e+03	+9.499e+03	+0.279
36.600	+7.915e+03	+1.336e+03	+9.622e+03	+0.144
36.700	+7.594e+03	+3.005e+03	+1.047e+04	+0.284
36.800	+7.433e+03	+3.631e+03	+1.002e+04	+0.328
36.900	+7.462e+03	+2.831e+03	+1.082e+04	+0.275
37.000	+6.715e+03	+2.453e+03	+9.221e+03	+0.268
37.100	+6.864e+03	+1.220e+03	+9.967e+03	+0.151
37.200	+7.531e+03	+3.692e+03	+1.054e+04	+0.329
37.300	+6.733e+03	+3.144e+03	+1.025e+04	+0.318
37.400	+7.176e+03	+2.398e+03	+1.104e+04	+0.250
37.500	+7.657e+03	+1.699e+03	+9.922e+03	+0.182
37.600	+6.982e+03	+2.258e+03	+1.032e+04	+0.244
37.700	+7.291e+03	+2.740e+03	+9.141e+03	+0.273
37.800	+7.290e+03	+3.874e+03	+9.980e+03	+0.347
37.900	+7.755e+03	+2.996e+03	+1.010e+04	+0.279
38.000	+8.548e+03	+2.362e+03	+9.868e+03	+0.216
38.100	+7.493e+03	+1.965e+03	+9.929e+03	+0.208
38.200	+6.208e+03	+1.514e+03	+8.978e+03	+0.196
38.300	+2.912e+03	+8.311e+03	+9.415e+03	+0.741
38.400	+3.584e+03	+7.054e+03	+1.032e+04	+0.663
38.500	+2.242e+03	+7.557e+03	+9.773e+03	+0.771
38.600	+1.800e+03	+7.046e+03	+9.600e+03	+0.797
38.700	+3.344e+03	+7.225e+03	+1.015e+04	+0.684
38.800	+2.273e+03	+8.712e+03	+8.933e+03	+0.793
38.900	+3.016e+03	+8.595e+03	+8.730e+03	+0.740
39.000	+2.936e+03	+7.616e+03	+9.851e+03	+0.722
39.100	+1.726e+03	+7.397e+03	+9.872e+03	+0.811
39.200	+1.234e+03	+6.147e+03	+1.016e+04	+0.833
39.300	+2.014e+03	+7.797e+03	+1.010e+04	+0.795
39.400	+1.228e+03	+7.045e+03	+9.111e+03	+0.852
39.500	+1.517e+03	+7.375e+03	+1.018e+04	+0.829
39.600	+1.685e+03	+8.250e+03	+9.895e+03	+0.830
39.700	+1.486e+03	+7.558e+03	+9.051e+03	+0.836
39.800	+2.309e+03	+7.312e+03	+9.127e+03	+0.760
39.900	+2.720e+03	+7.189e+03	+8.218e+03	+0.726
40.000	+1.175e+03	+8.091e+03	+9.983e+03	+0.873
40.100	+1.886e+03	+7.298e+03	+1.015e+04	+0.795
40.200	+1.213e+03	+8.221e+03	+1.020e+04	+0.871
40.300	+2.422e+03	+8.410e+03	+1.018e+04	+0.776
40.400	+1.866e+03	+8.193e+03	+1.005e+04	+0.814
40.500	+2.229e+03	+8.695e+03	+1.073e+04	+0.796
40.600	+1.776e+03	+9.114e+03	+8.920e+03	+0.837
40.700	+2.330e+03	+7.641e+03	+9.146e+03	+0.766
40.800	+2.166e+03	+8.529e+03	+1.068e+04	+0.797
40.900	+1.810e+03	+8.948e+03	+9.353e+03	+0.832
41.000	+2.003e+03	+8.314e+03	+1.031e+04	+0.806
41.100	+2.195e+03	+8.054e+03	+9.562e+03	+0.786
41.200	+1.014e+03	+7.147e+03	+1.096e+04	+0.876
41.300	+2.795e+03	+8.462e+03	+1.041e+04	+0.752
41.400	+1.232e+03	+8.809e+03	+1.081e+04	+0.877
41.500	+3.260e+03	+8.238e+03	+1.054e+04	+0.716
41.600	+2.205e+03	+8.456e+03	+1.085e+04	+0.793
41.700	+1.438e+03	+7.988e+03	+1.002e+04	+0.847
41.800	+1.278e+03	+7.629e+03	+1.038e+04	+0.856
41.900	+3.752e+03	+6.460e+03	+1.027e+04	+0.633
42.000	+6.884e+03	+2.170e+03	+1.004e+04	+0.240
42.100	+8.071e+03	+2.809e+03	+9.409e+03	+0.258
42.200	+8.374e+03	+3.125e+03	+8.774e+03	+0.272
42.300	+6.593e+03	+2.420e+03	+9.088e+03	+0.269
42.400	+8.126e+03	+2.151e+03	+1.038e+04	+0.209
42.500	+7.275e+03	+9.856e+02	+9.272e+03	+0.119
42.600	+7.005e+03	+2.340e+03	+1.114e+04	+0.250
42.700	+8.951e+03	+3.442e+03	+8.558e+03	+0.278
42.800	+7.509e+03	+1.635e+03	+1.106e+04	+0.179
42.900	+7.649e+03	+2.373e+03	+9.653e+03	+0.237
43.000	+7.839e+03	+1.742e+03	+9.238e+03	+0.182
43.100	+7.329e+03	+3.024e+03	+1.078e+04	+0.292
43.200	+7.642e+03	+2.296e+03	+9.038e+03	+0.231
43.300	+8.076e+03	+3.593e+03	+9.921e+03	+0.308
43.400	+8.566e+03	+2.182e+03	+8.878e+03	+0.203
43.500	+8.731e+03	+1.206e+03	+9.369e+03	+0.121
43.600	+8.378e+03	+2.062e+03	+9.012e+03	+0.198
43.700	+8.460e+03	+2.329e+03	+9.545e+03	+0.216
43.800	+7.317e+03	+2.482e+03	+9.040e+03	+0.253
43.900	+7.740e+03	+3.196e+03	+9.208e+03	+0.292
44.000	+7.165e+03	+2.119e+03	+9.486e+03	+0.228
44.100	+8.801e+03	+9.214e+02	+8.872e+03	+0.095
44.200	+7.666e+03	+2.247e+03	+1.107e+04	+0.227
44.300	+7.652e+03	+3.520e+03	+1.114e+04	+0.315
44.400	+6.457e+03	+1.559e+03	+9.998e+03	+0.194
44.500	+7.044e+03	+1.780e+03	+1.059e+04	+0.202
44.600	+6.744e+03	+2.258e+03	+9.369e+03	+0.251
44.700	+7.803e+03	+3.088e+03	+9.501e+03	+0.284
44.800	+8.106e+03	+2.818e+03	+1.164e+04	+0.258
44.900	+7.880e+03	+2.990e+03	+9.912e+03	+0.275
45.000	+7.541e+03	+2.602e+03	+1.026e+04	+0.257
45.100	+7.988e+03	+2.985e+03	+9.834e+03	+0.272
45.200	+7.118e+03	+2.195e+03	+1.028e+04	+0.236
45.300	+7.522e+03	+1.396e+03	+9.921e+03	+0.157
45.400	+7.491e+03	+1.939e+03	+1.060e+04	+0.206
45.500	+5.714e+03	+3.185e+03	+9.923e+03	+0.358
45.600	+6.289e+03	+2.073e+03	+9.214e+03	+0.248
45.700	+6.606e+03	+3.509e+03	+8.989e+03	+0.347
45.800	+5.367e+03	+5.452e+03	+9.562e+03	+0.504
45.900	+5.485e+03	+4.541e+03	+9.395e+03	+0.453
46.000	+7.250e+03	+5.576e+03	+1.011e+04	+0.435
46.100	+5.228e+03	+5.498e+03	+8.853e+03	+0.513
46.200	+3.981e+03	+5.075e+03	+8.225e+03	+0.560
46.300	+5.457e+03	+4.520e+03	+1.126e+04	+0.453
46.400	+4.203e+03	+4.816e+03	+1.106e+04	+0.534
46.500	+5.099e+03	+4.183e+03	+8.906e+03	+0.451
46.600	+3.416e+03	+5.562e+03	+1.016e+04	+0.619
46.700	+5.673e+03	+5.213e+03	+1.020e+04	+0.479
46.800	+4.613e+03	+4.912e+03	+1.034e+04	+0.516
46.900	+2.356e+03	+7.491e+03	+1.124e+04	+0.761
47.000	+2.386e+03	+7.740e+03	+9.807e+03	+0.764
47.100	+1.929e+03	+8.086e+03	+9.593e+03	+0.807
47.200	+2.045e+03	+7.897e+03	+9.423e+03	+0.794
47.300	+2.632e+03	+7.983e+03	+9.385e+03	+0.752
47.400	+1.907e+03	+9.265e+03	+9.987e+03	+0.829
47.500	+2.393e+03	+7.953e+03	+1.018e+04	+0.769
47.600	+3.505e+03	+7.202e+03	+1.148e+04	+0.673
47.700	+1.728e+03	+8.338e+03	+9.692e+03	+0.828
47.800	+2.756e+03	+8.171e+03	+9.121e+03	+0.748
47.900	+1.503e+03	+7.669e+03	+1.095e+04	+0.836
48.000	+2.570e+03	+7.396e+03	+1.135e+04	+0.742
48.100	+2.169e+03	+6.713e+03	+9.756e+03	+0.756
48.200	+1.546e+03	+7.742e+03	+9.757e+03	+0.834
48.300	+2.205e+03	+7.693e+03	+8.997e+03	+0.777
48.400	+6.913e+02	+8.351e+03	+9.379e+03	+0.924
48.500	+2.054e+03	+8.123e+03	+9.691e+03	+0.798
48.600	+1.650e+03	+8.182e+03	+1.081e+04	+0.832
48.700	+1.804e+03	+8.286e+03	+8.963e+03	+0.821
48.800	+2.281e+03	+8.141e+03	+1.025e+04	+0.781
48.900	+2.240e+03	+7.973e+03	+9.766e+03	+0.781
49.000	+1.614e+03	+7.937e+03	+9.917e+03	+0.831
49.100	+1.865e+03	+7.981e+03	+9.216e+03	+0.811
49.200	+2.423e+03	+7.269e+03	+1.051e+04	+0.750
49.300	+7.270e+02	+7.064e+03	+9.704e+03	+0.907
49.400	+2.984e+03	+8.300e+03	+1.019e+04	+0.736
49.500	+2.723e+03	+8.813e+03	+1.027e+04	+0.764
49.600	+2.640e+03	+8.129e+03	+9.196e+03	+0.755
49.700	+3.739e+03	+7.540e+03	+7.940e+03	+0.669
49.800	+3.117e+03	+8.207e+03	+9.993e+03	+0.725
49.900	+6.000e+02	+8.083e+03	+1.055e+04	+0.931
50.000	+1.651e+03	+7.532e+03	+1.074e+04	+0.820
50.100	+1.576e+03	+7.268e+03	+1.109e+04	+0.822
50.200	+2.136e+03	+8.669e+03	+1.090e+04	+0.802
50.300	+2.980e+03	+8.128e+03	+9.230e+03	+0.732
50.400	+2.766e+03	+8.086e+03	+9.395e+03	+0.745
50.500	+2.713e+03	+8.546e+03	+1.034e+04	+0.759
50.600	+1.837e+03	+7.849e+03	+1.014e+04	+0.810
50.700	+8.384e+02	+7.633e+03	+9.492e+03	+0.901
50.800	+2.098e+03	+8.900e+03	+1.014e+04	+0.809
50.900	+9.100e+02	+7.815e+03	+9.545e+03	+0.896
51.000	+1.756e+03	+7.844e+03	+1.043e+04	+0.817
51.100	+2.131e+03	+9.135e+03	+1.044e+04	+0.811
51.200	+2.518e+03	+7.904e+03	+9.408e+03	+0.758
51.300	+9.210e+02	+9.172e+03	+9.822e+03	+0.909
51.400	+1.853e+03	+8.650e+03	+8.990e+03	+0.824
51.500	+3.442e+03	+7.997e+03	+1.058e+04	+0.699
51.600	+1.664e+03	+7.382e+03	+1.033e+04	+0.816
51.700	+1.165e+03	+8.094e+03	+9.284e+03	+0.874
51.800	+6.851e+02	+8.064e+03	+1.003e+04	+0.922
51.900	+1.296e+03	+7.835e+03	+1.064e+04	+0.858
52.000	+2.437e+03	+7.579e+03	+8.787e+03	+0.757
52.100	+6.095e+03	+3.547e+03	+8.797e+03	+0.368
52.200	+8.479e+03	+3.103e+03	+1.183e+04	+0.268
52.300	+8.472e+03	+2.311e+03	+9.514e+03	+0.214
52.400	+7.128e+03	+1.906e+03	+1.005e+04	+0.211
52.500	+5.247e+03	+4.121e+03	+1.056e+04	+0.440
52.600	+7.688e+03	+1.371e+03	+9.581e+03	+0.151
52.700	+7.430e+03	+2.410e+03	+9.780e+03	+0.245
52.800	+6.879e+03	+2.791e+03	+9.907e+03	+0.289
52.900	+7.210e+03	+3.018e+03	+1.035e+04	+0.295
53.000	+5.951e+03	+4.981e+03	+9.981e+03	+0.456
53.100	+4.867e+03	+3.795e+03	+1.005e+04	+0.438
53.200	+5.483e+03	+4.271e+03	+9.855e+03	+0.438
53.300	+4.989e+03	+3.169e+03	+1.035e+04	+0.388
53.400	+6.577e+03	+4.672e+03	+1.030e+04	+0.415
53.500	+5.891e+03	+5.306e+03	+9.445e+03	+0.474
53.600	+4.487e+03	+5.112e+03	+1.069e+04	+0.533
53.700	+4.917e+03	+4.485e+03	+9.759e+03	+0.477
53.800	+6.223e+03	+3.576e+03	+1.077e+04	+0.365
53.900	+6.104e+03	+4.714e+03	+1.021e+04	+0.436
54.000	+6.002e+03	+4.504e+03	+1.058e+04	+0.429
54.100	+4.356e+03	+4.656e+03	+1.050e+04	+0.517
54.200	+5.037e+03	+5.872e+03	+8.730e+03	+0.538
54.300	+4.749e+03	+3.114e+03	+1.016e+04	+0.396
54.400	+4.407e+03	+4.432e+03	+1.139e+04	+0.501
54.500	+3.965e+03	+4.428e+03	+8.456e+03	+0.528
54.600	+4.706e+03	+5.430e+03	+1.023e+04	+0.536
54.700	+5.044e+03	+4.751e+03	+9.625e+03	+0.485
54.800	+3.832e+03	+6.847e+03	+1.002e+04	+0.641
54.900	+6.357e+03	+6.448e+03	+8.736e+03	+0.504
55.000	+4.931e+03	+4.705e+03	+9.515e+03	+0.488
55.100	+6.307e+03	+4.190e+03	+1.027e+04	+0.399
55.200	+4.257e+03	+3.938e+03	+9.064e+03	+0.481
55.300	+4.712e+03	+5.018e+03	+9.039e+03	+0.516
55.400	+5.926e+03	+5.305e+03	+1.089e+04	+0.472
55.500	+5.086e+03	+5.087e+03	+1.007e+04	+0.500
55.600	+4.184e+03	+6.615e+03	+9.674e+03	+0.613
55.700	+9.631e+02	+8.236e+03	+9.575e+03	+0.895
55.800	+2.104e+03	+8.428e+03	+1.090e+04	+0.800
55.900	+2.250e+03	+7.872e+03	+9.437e+03	+0.778
56.000	+1.397e+03	+7.691e+03	+9.943e+03	+0.846
56.100	+3.237e+03	+8.041e+03	+1.067e+04	+0.713
56.200	+9.433e+02	+8.062e+03	+9.426e+03	+0.895
56.300	+2.652e+03	+8.453e+03	+9.954e+03	+0.761
56.400	+8.316e+02	+9.204e+03	+1.101e+04	+0.917
56.500	+8.968e+02	+8.338e+03	+1.056e+04	+0.903
56.600	+1.391e+03	+8.683e+03	+8.346e+03	+0.862
56.700	+1.674e+03	+7.494e+03	+1.047e+04	+0.817
56.800	+1.697e+03	+8.032e+03	+9.464e+03	+0.826
56.900	+6.402e+03	+3.887e+03	+1.023e+04	+0.378
57.000	+5.906e+03	+5.267e+03	+9.760e+03	+0.471
57.100	+4.780e+03	+5.734e+03	+1.024e+04	+0.545
57.200	+5.391e+03	+5.671e+03	+1.080e+04	+0.513
57.300	+3.268e+03	+5.024e+03	+8.957e+03	+0.606
57.400	+6.031e+03	+4.052e+03	+1.022e+04	+0.402
57.500	+5.124e+03	+4.432e+03	+1.050e+04	+0.464
57.600	+4.775e+03	+5.087e+03	+9.631e+03	+0.516
57.700	+5.385e+03	+5.210e+03	+9.498e+03	+0.492
57.800	+4.469e+03	+5.228e+03	+1.025e+04	+0.539
57.900	+5.162e+03	+4.966e+03	+9.050e+03	+0.490
58.000	+5.772e+03	+5.602e+03	+9.130e+03	+0.493
58.100	+4.421e+03	+5.309e+03	+9.512e+03	+0.546
58.200	+4.076e+03	+5.922e+03	+1.075e+04	+0.592
58.300	+5.896e+03	+4.712e+03	+9.321e+03	+0.444
58.400	+6.016e+03	+4.111e+03	+9.367e+03	+0.406
58.500	+3.187e+03	+7.508e+03	+9.374e+03	+0.702
58.600	+3.275e+03	+7.148e+03	+1.065e+04	+0.686
58.700	+1.886e+03	+7.360e+03	+9.251e+03	+0.796
58.800	+3.440e+03	+9.519e+03	+9.486e+03	+0.735
58.900	+2.649e+03	+9.030e+03	+1.067e+04	+0.773
59.000	+1.239e+03	+7.401e+03	+9.854e+03	+0.857
59.100	+2.506e+03	+8.266e+03	+1.060e+04	+0.767
59.200	+2.658e+03	+7.954e+03	+9.850e+03	+0.750
59.300	+1.423e+03	+8.501e+03	+9.837e+03	+0.857
59.400	+1.329e+02	+7.066e+03	+9.138e+03	+0.982
59.500	+1.721e+03	+7.358e+03	+1.028e+04	+0.810
59.600	+1.702e+03	+6.867e+03	+9.491e+03	+0.801
59.700	+2.195e+03	+8.284e+03	+9.179e+03	+0.791
59.800	+1.045e+03	+7.520e+03	+1.124e+04	+0.878
59.900	+1.293e+02	+8.564e+03	+1.142e+04	+0.985
60.000	+2.422e+03	+8.017e+03	+1.009e+04	+0.768
60.100	+3.683e+03	+7.651e+03	+1.013e+04	+0.675
60.200	+2.222e+03	+6.999e+03	+8.856e+03	+0.759
60.300	+6.358e+03	+3.449e+03	+9.384e+03	+0.352
60.400	+5.613e+03	+4.804e+03	+1.014e+04	+0.461
60.500	+5.063e+03	+6.379e+03	+1.037e+04	+0.557
60.600	+4.526e+03	+5.113e+03	+9.980e+03	+0.530
60.700	+5.069e+03	+4.207e+03	+1.005e+04	+0.454
60.800	+6.851e+03	+5.684e+03	+1.093e+04	+0.453
60.900	+4.647e+03	+4.575e+03	+1.020e+04	+0.496
61.000	+4.923e+03	+4.421e+03	+1.030e+04	+0.473
61.100	+4.235e+03	+4.208e+03	+1.013e+04	+0.498
61.200	+5.517e+03	+5.941e+03	+1.013e+04	+0.519
61.300	+4.099e+03	+5.012e+03	+1.030e+04	+0.550
61.400	+6.404e+03	+4.273e+03	+1.051e+04	+0.400
61.500	+5.475e+03	+4.988e+03	+8.784e+03	+0.477
61.600	+5.295e+03	+5.682e+03	+9.460e+03	+0.518
61.700	+4.132e+03	+5.255e+03	+1.024e+04	+0.560
61.800	+3.944e+03	+5.499e+03	+8.861e+03	+0.582
61.900	+4.672e+03	+5.684e+03	+9.385e+03	+0.549
62.000	+4.320e+03	+5.174e+03	+9.374e+03	+0.545
62.100	+4.921e+03	+4.164e+03	+9.681e+03	+0.458
62.200	+4.473e+03	+3.459e+03	+9.614e+03	+0.436
62.300	+5.742e+03	+4.534e+03	+9.694e+03	+0.441
62.400	+4.621e+03	+5.805e+03	+8.723e+03	+0.557
62.500	+5.046e+03	+5.225e+03	+9.359e+03	+0.509
62.600	+3.894e+03	+5.677e+03	+1.076e+04	+0.593
62.700	+4.346e+03	+4.997e+03	+9.732e+03	+0.535
62.800	+4.645e+03	+3.455e+03	+1.012e+04	+0.427
62.900	+5.526e+03	+5.202e+03	+9.344e+03	+0.485
63.000	+4.787e+03	+5.237e+03	+8.724e+03	+0.522
63.100	+4.842e+03	+7.051e+03	+1.102e+04	+0.593
63.200	+4.151e+03	+4.954e+03	+1.049e+04	+0.544
63.300	+5.261e+03	+4.461e+03	+8.852e+03	+0.459
63.400	+4.580e+03	+5.352e+03	+9.781e+03	+0.539
63.500	+3.975e+03	+5.422e+03	+9.548e+03	+0.577
63.600	+4.167e+03	+4.697e+03	+9.675e+03	+0.530
63.700	+6.151e+03	+5.566e+03	+1.068e+04	+0.475
63.800	+6.940e+03	+5.059e+03	+1.134e+04	+0.422
63.900	+4.385e+03	+5.092e+03	+8.943e+03	+0.537
64.000	+5.907e+03	+4.938e+03	+9.161e+03	+0.455
64.100	+5.425e+03	+4.788e+03	+9.287e+03	+0.469
64.200	+3.927e+03	+6.008e+03	+9.393e+03	+0.605
64.300	+4.802e+03	+5.511e+03	+9.940e+03	+0.534
64.400	+4.961e+03	+4.274e+03	+1.068e+04	+0.463
64.500	+4.542e+03	+4.109e+03	+9.929e+03	+0.475
64.600	+6.121e+03	+4.366e+03	+9.485e+03	+0.416
64.700	+4.050e+03	+5.552e+03	+1.081e+04	+0.578
64.800	+4.794e+03	+5.044e+03	+9.604e+03	+0.513
64.900	+4.809e+03	+5.879e+03	+1.009e+04	+0.550
65.000	+4.591e+03	+4.889e+03	+1.123e+04	+0.516
65.100	+6.069e+03	+6.258e+03	+1.019e+04	+0.508
65.200	+4.417e+03	+4.211e+03	+1.192e+04	+0.488
65.300	+4.221e+03	+5.222e+03	+9.784e+03	+0.553
65.400	+4.346e+03	+5.416e+03	+9.698e+03	+0.555
65.500	+2.632e+03	+8.917e+03	+8.351e+03	+0.772
65.600	+1.509e+03	+7.992e+03	+9.934e+03	+0.841
65.700	+1.903e+03	+7.228e+03	+9.426e+03	+0.792
65.800	+1.697e+03	+8.079e+03	+9.968e+03	+0.826
65.900	+3.133e+03	+7.664e+03	+1.020e+04	+0.710
66.000	+1.785e+03	+8.373e+03	+1.031e+04	+0.824
66.100	+1.669e+03	+8.257e+03	+1.086e+04	+0.832
66.200	+9.204e+02	+7.069e+03	+9.652e+03	+0.885
66.300	+2.616e+03	+7.836e+03	+8.629e+03	+0.750
66.400	+9.121e+02	+8.277e+03	+1.030e+04	+0.901
66.500	+2.777e+03	+7.349e+03	+9.702e+03	+0.726
66.600	+1.479e+03	+7.701e+03	+9.734e+03	+0.839
66.700	+3.644e+03	+8.193e+03	+9.780e+03	+0.692
66.800	+1.406e+03	+8.364e+03	+1.026e+04	+0.856
66.900	+2.032e+03	+6.946e+03	+9.701e+03	+0.774
67.000	+2.064e+03	+8.321e+03	+1.117e+04	+0.801
67.100	+1.593e+03	+7.852e+03	+1.077e+04	+0.831
67.200	+2.562e+03	+7.508e+03	+8.796e+03	+0.746
67.300	+1.069e+03	+6.991e+03	+1.155e+04	+0.867
67.400	+8.439e+02	+9.193e+03	+1.132e+04	+0.916
67.500	+2.407e+03	+7.338e+03	+1.050e+04	+0.753
67.600	+1.347e+03	+9.068e+03	+1.074e+04	+0.871
67.700	+1.689e+03	+8.997e+03	+9.823e+03	+0.842
67.800	+2.197e+03	+7.086e+03	+9.563e+03	+0.763
67.900	+2.232e+03	+7.441e+03	+9.270e+03	+0.769
68.000	+2.575e+03	+8.149e+03	+1.068e+04	+0.760
68.100	+2.413e+03	+7.044e+03	+1.126e+04	+0.745
68.200	+1.432e+03	+7.682e+03	+1.091e+04	+0.843
68.300	+1.600e+03	+8.264e+03	+8.760e+03	+0.838
68.400	+2.331e+03	+7.914e+03	+1.140e+04	+0.772
68.500	+2.476e+03	+8.023e+03	+1.085e+04	+0.764
68.600	+4.433e+03	+6.837e+03	+1.049e+04	+0.607
68.700	+1.589e+03	+8.533e+03	+9.364e+03	+0.843
68.800	+7.898e+03	+2.684e+03	+9.611e+03	+0.254
68.900	+8.969e+03	+3.107e+03	+9.931e+03	+0.257
69.000	+7.206e+03	+2.299e+03	+1.051e+04	+0.242
69.100	+7.514e+03	+1.423e+03	+9.256e+03	+0.159
69.200	+6.364e+03	+2.779e+03	+1.015e+04	+0.304
69.300	+7.698e+03	+2.602e+03	+9.530e+03	+0.253
69.400	+8.021e+03	+2.817e+03	+1.037e+04	+0.260
69.500	+7.112e+03	+2.452e+03	+9.087e+03	+0.256
69.600	+7.631e+03	+2.342e+03	+1.054e+04	+0.235
69.700	+7.375e+03	+2.400e+03	+1.097e+04	+0.246
69.800	+7.211e+03	+2.845e+03	+1.064e+04	+0.283
69.900	+7.658e+03	+3.516e+03	+9.046e+03	+0.315
70.000	+7.267e+03	+1.931e+03	+1.032e+04	+0.210
70.100	+7.175e+03	+2.788e+03	+9.927e+03	+0.280
70.200	+7.175e+03	+2.873e+03	+9.507e+03	+0.286
70.300	+6.377e+03	+3.493e+03	+9.333e+03	+0.354
70.400	+5.269e+03	+4.856e+03	+9.606e+03	+0.480
70.500	+3.452e+03	+5.019e+03	+9.473e+03	+0.593
70.600	+4.907e+03	+5.433e+03	+1.043e+04	+0.525
70.700	+4.775e+03	+4.655e+03	+9.686e+03	+0.494
70.800	+4.956e+03	+4.221e+03	+8.976e+03	+0.460
70.900	+4.931e+03	+5.739e+03	+1.011e+04	+0.538
71.000	+4.171e+03	+5.019e+03	+1.107e+04	+0.546
71.100	+4.904e+03	+5.891e+03	+1.028e+04	+0.546
71.200	+4.265e+03	+4.225e+03	+9.442e+03	+0.498
71.300	+6.532e+03	+4.472e+03	+9.742e+03	+0.406
71.400	+4.579e+03	+5.676e+03	+1.028e+04	+0.553
71.500	+3.615e+03	+4.385e+03	+1.077e+04	+0.548
71.600	+6.119e+03	+5.730e+03	+8.995e+03	+0.484
71.700	+4.737e+03	+5.340e+03	+9.793e+03	+0.530
71.800	+4.773e+03	+5.084e+03	+8.818e+03	+0.516
71.900	+4.727e+03	+6.655e+03	+9.140e+03	+0.585
72.000	+5.423e+03	+5.499e+03	+1.153e+04	+0.504
72.100	+6.668e+03	+4.476e+03	+1.071e+04	+0.402
72.200	+5.690e+03	+5.714e+03	+9.856e+03	+0.501
72.300	+4.580e+03	+4.996e+03	+1.064e+04	+0.522
72.400	+5.199e+03	+4.301e+03	+9.922e+03	+0.453
72.500	+5.397e+03	+5.397e+03	+1.156e+04	+0.500
72.600	+4.681e+03	+5.885e+03	+9.084e+03	+0.557
72.700	+4.571e+03	+4.841e+03	+1.076e+04	+0.514
72.800	+6.092e+03	+5.463e+03	+8.870e+03	+0.473
72.900	+3.515e+03	+3.591e+03	+9.874e+03	+0.505
73.000	+5.187e+03	+4.413e+03	+1.129e+04	+0.460
73.100	+5.501e+03	+6.070e+03	+1.022e+04	+0.525
73.200	+4.347e+03	+5.663e+03	+9.488e+03	+0.566
73.300	+5.727e+03	+4.536e+03	+9.555e+03	+0.442
73.400	+5.240e+03	+4.656e+03	+1.007e+04	+0.470
73.500	+4.891e+03	+4.579e+03	+9.884e+03	+0.484
73.600	+5.389e+03	+4.463e+03	+9.270e+03	+0.453
73.700	+5.446e+03	+4.311e+03	+1.163e+04	+0.442
73.800	+4.654e+03	+4.274e+03	+9.444e+03	+0.479
73.900	+6.608e+02	+7.800e+03	+1.053e+04	+0.922
74.000	+2.255e+03	+7.915e+03	+1.006e+04	+0.778
74.100	+2.632e+03	+6.741e+03	+9.022e+03	+0.719
74.200	+2.481e+03	+7.591e+03	+1.083e+04	+0.754
74.300	+3.444e+03	+8.626e+03	+1.007e+04	+0.715
74.400	+2.917e+02	+6.210e+03	+1.016e+04	+0.955
74.500	+1.007e+03	+7.867e+03	+9.325e+03	+0.887
74.600	+2.751e+03	+8.293e+03	+1.099e+04	+0.751
74.700	+3.046e+03	+7.964e+03	+9.802e+03	+0.723
74.800	+8.218e+02	+6.741e+03	+9.471e+03	+0.891
74.900	+1.041e+03	+9.134e+03	+9.035e+03	+0.898
75.000	+2.004e+03	+7.785e+03	+9.930e+03	+0.795
75.100	+3.737e+03	+7.882e+03	+9.436e+03	+0.678
75.200	+2.128e+03	+8.410e+03	+9.847e+03	+0.798
75.300	+2.927e+03	+8.205e+03	+9.195e+03	+0.737
75.400	+2.905e+03	+8.276e+03	+1.023e+04	+0.740
75.500	+2.947e+03	+7.411e+03	+9.656e+03	+0.715
75.600	+2.002e+03	+9.751e+03	+1.107e+04	+0.830
75.700	+3.377e+03	+8.007e+03	+9.227e+03	+0.703
75.800	+9.155e+02	+6.237e+03	+9.001e+03	+0.872
75.900	+1.561e+03	+7.898e+03	+9.814e+03	+0.835
76.000	+5.177e+03	+6.349e+03	+1.054e+04	+0.551
76.100	+4.991e+03	+4.141e+03	+1.079e+04	+0.453
76.200	+4.209e+03	+4.822e+03	+1.080e+04	+0.534
76.300	+5.167e+03	+4.348e+03	+1.052e+04	+0.457
76.400	+4.345e+03	+5.170e+03	+1.146e+04	+0.543
76.500	+4.160e+03	+5.833e+03	+1.015e+04	+0.584
76.600	+2.109e+03	+7.021e+03	+1.093e+04	+0.769
76.700	+1.330e+03	+8.322e+03	+9.620e+03	+0.862
76.800	+2.267e+03	+7.647e+03	+9.419e+03	+0.771
76.900	+2.594e+03	+8.163e+03	+1.009e+04	+0.759
77.000	+1.885e+03	+8.525e+03	+1.103e+04	+0.819
77.100	+1.999e+03	+6.905e+03	+9.970e+03	+0.776
77.200	+1.499e+03	+7.668e+03	+1.044e+04	+0.836
77.300	+2.038e+03	+7.178e+03	+1.036e+04	+0.779
77.400	+5.968e+03	+4.076e+03	+1.044e+04	+0.406
77.500	+6.983e+03	+3.145e+03	+9.159e+03	+0.311
77.600	+7.063e+03	+3.670e+03	+1.120e+04	+0.342
77.700	+8.873e+03	+2.587e+03	+1.059e+04	+0.226
77.800	+7.954e+03	+2.488e+03	+1.021e+04	+0.238
77.900	+7.899e+03	+1.930e+03	+1.092e+04	+0.196
78.000	+6.638e+03	+3.145e+03	+9.655e+03	+0.321
78.100	+7.576e+03	+1.565e+03	+1.052e+04	+0.171
78.200	+7.665e+03	+8.869e+02	+1.092e+04	+0.104
78.300	+7.454e+03	+3.611e+03	+9.771e+03	+0.326
78.400	+7.406e+03	+2.391e+03	+9.194e+03	+0.244
78.500	+8.568e+03	+2.720e+03	+9.444e+03	+0.241
78.600	+7.019e+03	+1.775e+03	+1.024e+04	+0.202
78.700	+8.160e+03	+1.862e+03	+8.849e+03	+0.186
78.800	+6.702e+03	+1.822e+03	+9.943e+03	+0.214
78.900	+7.767e+03	+2.172e+03	+1.038e+04	+0.219
79.000	+8.396e+03	+3.300e+03	+9.970e+03	+0.282
79.100	+7.563e+03	+3.016e+03	+9.991e+03	+0.285
79.200	+7.586e+03	+2.907e+03	+1.114e+04	+0.277
79.300	+4.804e+03	+5.379e+03	+8.063e+03	+0.528
79.400	+5.061e+03	+5.036e+03	+8.707e+03	+0.499
79.500	+5.925e+03	+4.138e+03	+9.695e+03	+0.411
79.600	+7.132e+03	+2.485e+03	+1.058e+04	+0.258
79.700	+6.714e+03	+2.551e+03	+9.800e+03	+0.275
79.800	+6.693e+03	+2.851e+03	+1.036e+04	+0.299
79.900	+7.345e+03	+2.769e+03	+1.089e+04	+0.274
80.000	+7.961e+03	+3.322e+03	+9.801e+03	+0.294
80.100	+7.793e+03	+1.558e+03	+1.083e+04	+0.167
80.200	+8.925e+03	+3.396e+03	+9.882e+03	+0.276
80.300	+6.466e+03	+4.126e+03	+9.144e+03	+0.390
80.400	+5.198e+03	+5.764e+03	+9.309e+03	+0.526
80.500	+4.424e+03	+4.716e+03	+1.127e+04	+0.516
80.600	+5.728e+03	+4.788e+03	+1.080e+04	+0.455
80.700	+5.129e+03	+5.580e+03	+9.255e+03	+0.521
80.800	+4.637e+03	+3.987e+03	+1.009e+04	+0.462
80.900	+4.656e+03	+5.516e+03	+1.005e+04	+0.542
81.000	+5.684e+03	+5.194e+03	+9.816e+03	+0.478
81.100	+3.681e+03	+5.449e+03	+9.762e+03	+0.597
81.200	+3.284e+03	+6.753e+03	+1.107e+04	+0.673
81.300	+3.328e+03	+6.788e+03	+1.084e+04	+0.671
81.400	+5.948e+03	+3.980e+03	+9.410e+03	+0.401
81.500	+4.364e+03	+4.086e+03	+1.107e+04	+0.484
81.600	+5.827e+03	+4.899e+03	+8.975e+03	+0.457
81.700	+3.985e+03	+4.020e+03	+1.157e+04	+0.502
81.800	+5.251e+03	+5.672e+03	+1.006e+04	+0.519
81.900	+5.286e+03	+5.743e+03	+9.644e+03	+0.521
82.000	+5.282e+03	+4.033e+03	+1.041e+04	+0.433
82.100	+5.223e+03	+3.966e+03	+1.000e+04	+0.432
82.200	+3.168e+03	+6.380e+03	+1.021e+04	+0.668
82.300	+1.720e+03	+8.986e+03	+9.770e+03	+0.839
82.400	+1.581e+03	+6.998e+03	+1.027e+04	+0.816
82.500	+1.704e+03	+8.536e+03	+1.038e+04	+0.834
82.600	+1.469e+03	+7.415e+03	+1.075e+04	+0.835
82.700	+1.388e+03	+8.088e+03	+9.536e+03	+0.853
82.800	+1.601e+03	+7.332e+03	+1.056e+04	+0.821
82.900	+1.847e+03	+8.222e+03	+9.271e+03	+0.817
83.000	+2.469e+03	+8.070e+03	+1.078e+04	+0.766
83.100	+2.398e+03	+6.797e+03	+9.457e+03	+0.739
83.200	+9.588e+02	+8.990e+03	+9.531e+03	+0.904
83.300	+3.313e+03	+6.587e+03	+9.460e+03	+0.665
83.400	+7.667e+03	+1.963e+03	+9.566e+03	+0.204
83.500	+7.026e+03	+3.289e+03	+1.038e+04	+0.319
83.600	+6.305e+03	+2.953e+03	+9.889e+03	+0.319
83.700	+5.047e+03	+4.115e+03	+1.005e+04	+0.449
83.800	+4.343e+03	+4.970e+03	+1.027e+04	+0.534
83.900	+5.793e+03	+4.035e+03	+9.750e+03	+0.411
84.000	+5.191e+03	+3.898e+03	+1.015e+04	+0.429
84.100	+4.649e+03	+4.557e+03	+9.761e+03	+0.495
84.200	+3.773e+03	+5.351e+03	+9.000e+03	+0.586
84.300	+5.036e+03	+5.469e+03	+9.961e+03	+0.521
84.400	+3.983e+03	+4.543e+03	+1.032e+04	+0.533
84.500	+5.135e+03	+4.412e+03	+9.705e+03	+0.462
84.600	+5.857e+03	+4.827e+03	+1.006e+04	+0.452
84.700	+5.959e+03	+5.082e+03	+9.742e+03	+0.460
84.800	+5.365e+03	+4.235e+03	+9.150e+03	+0.441
84.900	+4.490e+03	+3.710e+03	+1.083e+04	+0.452
85.000	+5.511e+03	+4.632e+03	+1.078e+04	+0.457
85.100	+6.728e+03	+4.511e+03	+1.091e+04	+0.401
85.200	+4.800e+03	+4.136e+03	+9.090e+03	+0.463
85.300	+5.636e+03	+5.309e+03	+1.062e+04	+0.485
85.400	+5.237e+03	+4.149e+03	+1.153e+04	+0.442
85.500	+5.213e+03	+6.077e+03	+1.099e+04	+0.538
85.600	+5.410e+03	+4.483e+03	+1.035e+04	+0.453
85.700	+8.713e+03	+2.019e+03	+1.055e+04	+0.188
85.800	+6.538e+03	+2.731e+03	+1.040e+04	+0.295
85.900	+7.988e+03	+2.285e+03	+9.775e+03	+0.222
86.000	+6.880e+03	+1.456e+03	+1.037e+04	+0.175
86.100	+8.551e+03	+2.250e+03	+1.024e+04	+0.208
86.200	+7.313e+03	+3.109e+03	+1.139e+04	+0.298
86.300	+6.592e+03	+1.950e+03	+9.477e+03	+0.228
86.400	+7.570e+03	+2.665e+03	+1.046e+04	+0.260
86.500	+6.437e+03	+9.960e+02	+9.687e+03	+0.134
86.600	+7.880e+03	+2.832e+03	+8.394e+03	+0.264
86.700	+6.526e+03	+3.241e+03	+9.903e+03	+0.332
86.800	+7.278e+03	+2.863e+03	+9.303e+03	+0.282
86.900	+9.094e+03	+3.608e+03	+9.239e+03	+0.284
87.000	+7.043e+03	+1.629e+03	+1.002e+04	+0.188
87.100	+7.066e+03	+2.304e+03	+1.062e+04	+0.246
87.200	+7.496e+03	+1.287e+03	+9.101e+03	+0.147
87.300	+5.685e+03	+2.040e+03	+9.225e+03	+0.264
87.400	+6.901e+03	+2.758e+03	+9.557e+03	+0.286
87.500	+7.874e+03	+6.318e+02	+9.807e+03	+0.074
87.600	+8.141e+03	+2.807e+03	+1.032e+04	+0.256
87.700	+7.844e+03	+3.663e+03	+1.079e+04	+0.318
87.800	+8.148e+03	+3.049e+03	+1.123e+04	+0.272
87.900	+8.118e+03	+2.544e+03	+9.908e+03	+0.239
88.000	+8.255e+03	+3.724e+03	+9.718e+03	+0.311
88.100	+7.380e+03	+3.024e+03	+1.070e+04	+0.291
88.200	+7.649e+03	+1.860e+03	+7.955e+03	+0.196
88.300	+8.223e+03	+2.385e+03	+1.072e+04	+0.225
88.400	+6.896e+03	+2.643e+03	+9.864e+03	+0.277
88.500	+7.862e+03	+2.398e+03	+9.151e+03	+0.234
88.600	+8.240e+03	+2.079e+03	+1.007e+04	+0.202
88.700	+8.098e+03	+2.921e+03	+1.008e+04	+0.265
88.800	+6.877e+03	+3.239e+03	+9.088e+03	+0.320
88.900	+7.904e+03	+2.090e+03	+9.574e+03	+0.209
89.000	+9.560e+03	+3.650e+03	+1.049e+04	+0.276
89.100	+5.657e+03	+2.997e+03	+8.679e+03	+0.346
89.200	+7.931e+03	+2.785e+03	+9.196e+03	+0.260
89.300	+7.146e+03	+2.338e+03	+9.512e+03	+0.247
89.400	+6.857e+03	+2.617e+03	+9.489e+03	+0.276
89.500	+7.198e+03	+8.999e+02	+9.740e+03	+0.111
89.600	+7.251e+03	+3.016e+03	+9.072e+03	+0.294
89.700	+6.825e+03	+2.930e+03	+1.071e+04	+0.300
89.800	+7.669e+03	+2.991e+03	+1.047e+04	+0.281
89.900	+8.205e+03	+2.773e+03	+9.649e+03	+0.253
90.000	+6.831e+03	+2.465e+03	+9.972e+03	+0.265
90.100	+7.240e+03	+4.118e+03	+9.613e+03	+0.363
90.200	+8.933e+03	+3.326e+03	+1.036e+04	+0.271
90.300	+7.853e+03	+1.853e+03	+1.099e+04	+0.191
90.400	+6.914e+03	+2.505e+03	+9.988e+03	+0.266
90.500	+6.259e+03	+2.614e+03	+1.032e+04	+0.295
90.600	+8.562e+03	+3.806e+03	+9.792e+03	+0.308
90.700	+8.608e+03	+3.074e+03	+1.086e+04	+0.263
90.800	+6.631e+03	+2.093e+03	+9.508e+03	+0.240
90.900	+7.653e+03	+2.123e+03	+9.479e+03	+0.217
91.000	+7.703e+03	+2.653e+03	+8.301e+03	+0.256
91.100	+7.071e+03	+1.992e+03	+1.046e+04	+0.220
91.200	+6.964e+03	+1.819e+03	+1.038e+04	+0.207
91.300	+8.134e+03	+2.862e+03	+1.018e+04	+0.260
91.400	+7.959e+03	+3.623e+03	+1.164e+04	+0.313
91.500	+7.873e+03	+2.153e+03	+1.055e+04	+0.215
91.600	+7.720e+03	+2.084e+03	+1.102e+04	+0.213
91.700	+7.387e+03	+2.810e+03	+1.092e+04	+0.276
91.800	+6.686e+03	+3.705e+03	+9.691e+03	+0.357
91.900	+6.518e+03	+3.773e+03	+1.009e+04	+0.367
92.000	+5.428e+03	+4.873e+03	+9.581e+03	+0.473
92.100	+5.967e+03	+3.962e+03	+1.086e+04	+0.399
92.200	+3.474e+03	+5.352e+03	+1.056e+04	+0.606
92.300	+4.089e+03	+6.287e+03	+1.009e+04	+0.606
92.400	+5.710e+03	+5.356e+03	+1.086e+04	+0.484
92.500	+4.603e+03	+4.292e+03	+9.200e+03	+0.482
92.600	+4.137e+03	+4.461e+03	+9.628e+03	+0.519
92.700	+5.445e+03	+4.829e+03	+1.057e+04	+0.470
92.800	+4.784e+03	+5.555e+03	+9.738e+03	+0.537
92.900	+5.330e+03	+5.237e+03	+9.317e+03	+0.496
93.000	+2.093e+03	+9.215e+03	+9.277e+03	+0.815
93.100	+3.316e+03	+7.300e+03	+9.916e+03	+0.688
93.200	+1.246e+03	+8.218e+03	+8.996e+03	+0.868
93.300	+2.926e+03	+6.845e+03	+1.047e+04	+0.701
93.400	+1.713e+03	+8.970e+03	+8.416e+03	+0.840
93.500	+4.089e+03	+6.180e+03	+1.092e+04	+0.602
93.600	+5.024e+03	+5.858e+03	+1.032e+04	+0.538
93.700	+4.316e+03	+6.484e+03	+1.045e+04	+0.600
93.800	+4.764e+03	+3.988e+03	+9.771e+03	+0.456
93.900	+4.880e+03	+5.391e+03	+1.131e+04	+0.525
94.000	+4.210e+03	+5.228e+03	+1.070e+04	+0.554
94.100	+5.483e+03	+4.648e+03	+1.074e+04	+0.459
94.200	+4.791e+03	+6.042e+03	+9.797e+03	+0.558
94.300	+5.545e+03	+5.223e+03	+9.556e+03	+0.485
94.400	+5.554e+03	+4.431e+03	+8.760e+03	+0.444
94.500	+4.404e+03	+4.876e+03	+1.012e+04	+0.525
94.600	+4.367e+03	+4.321e+03	+1.005e+04	+0.497
94.700	+4.904e+03	+6.078e+03	+8.858e+03	+0.553
94.800	+4.201e+03	+4.680e+03	+9.396e+03	+0.527
94.900	+5.355e+03	+4.919e+03	+1.023e+04	+0.479
95.000	+5.191e+03	+4.089e+03	+1.089e+04	+0.441
95.100	+3.554e+03	+4.885e+03	+9.471e+03	+0.579
95.200	+4.420e+03	+4.492e+03	+1.040e+04	+0.504
95.300	+5.307e+03	+5.504e+03	+1.083e+04	+0.509
95.400	+3.765e+03	+3.923e+03	+1.092e+04	+0.510
95.500	+5.091e+03	+5.451e+03	+1.071e+04	+0.517
95.600	+5.835e+03	+4.889e+03	+1.093e+04	+0.456
95.700	+4.059e+03	+4.408e+03	+1.089e+04	+0.521
95.800	+4.993e+03	+4.875e+03	+1.023e+04	+0.494
95.900	+5.553e+03	+4.485e+03	+1.006e+04	+0.447
96.000	+5.317e+03	+6.325e+03	+1.033e+04	+0.543
96.100	+6.215e+03	+4.044e+03	+1.082e+04	+0.394
96.200	+4.753e+03	+4.201e+03	+9.433e+03	+0.469
96.300	+5.949e+03	+5.708e+03	+9.253e+03	+0.490
96.400	+4.143e+03	+4.991e+03	+9.385e+03	+0.546
96.500	+4.928e+03	+5.866e+03	+9.537e+03	+0.543
96.600	+5.437e+03	+5.287e+03	+9.911e+03	+0.493
96.700	+6.019e+03	+3.810e+03	+1.085e+04	+0.388
96.800	+4.062e+03	+5.390e+03	+1.012e+04	+0.570
96.900	+5.565e+03	+4.524e+03	+1.046e+04	+0.448
97.000	+4.408e+03	+3.951e+03	+9.236e+03	+0.473
97.100	+4.327e+03	+3.910e+03	+9.688e+03	+0.475
97.200	+3.389e+03	+5.781e+03	+9.612e+03	+0.630
97.300	+1.462e+03	+7.688e+03	+1.067e+04	+0.840
97.400	+1.344e+03	+8.211e+03	+1.098e+04	+0.859
97.500	+2.886e+03	+7.301e+03	+9.681e+03	+0.717
97.600	+2.618e+03	+6.773e+03	+9.350e+03	+0.721
97.700	+2.993e+03	+8.191e+03	+9.748e+03	+0.732
97.800	+2.843e+03	+7.440e+03	+1.080e+04	+0.723
97.900	-4.036e+02	+6.134e+03	+1.003e+04	+1.070
98.000	+2.946e+03	+8.247e+03	+9.043e+03	+0.737
98.100	+1.937e+03	+6.657e+03	+9.180e+03	+0.775
98.200	+3.505e+03	+6.728e+03	+1.072e+04	+0.657
98.300	+4.311e+03	+4.311e+03	+1.029e+04	+0.500
98.400	+5.861e+03	+4.413e+03	+1.001e+04	+0.430
98.500	+6.388e+03	+5.651e+03	+9.419e+03	+0.469
98.600	+4.382e+03	+5.949e+03	+1.007e+04	+0.576
98.700	+3.895e+03	+8.018e+03	+1.026e+04	+0.673
98.800	+1.171e+03	+8.937e+03	+1.009e+04	+0.884
98.900	+1.837e+03	+7.760e+03	+9.269e+03	+0.809
99.000	+1.757e+03	+8.535e+03	+1.101e+04	+0.829
99.100	+8.297e+02	+8.124e+03	+9.368e+03	+0.907
99.200	+2.157e+03	+7.875e+03	+1.002e+04	+0.785
99.300	+3.148e+03	+8.114e+03	+9.042e+03	+0.720
99.400	+1.936e+03	+9.236e+03	+1.061e+04	+0.827
99.500	+1.421e+03	+6.922e+03	+9.051e+03	+0.830
99.600	+1.464e+03	+8.132e+03	+9.853e+03	+0.847
99.700	+2.361e+03	+7.636e+03	+9.379e+03	+0.764
99.800	+1.135e+03	+6.379e+03	+1.025e+04	+0.849
99.900	+2.247e+03	+8.848e+03	+1.027e+04	+0.797
100.000	+1.699e+03	+7.853e+03	+1.006e+04	+0.822
100.100	+1.229e+03	+7.371e+03	+1.118e+04	+0.857
100.200	+4.580e+03	+7.181e+03	+9.998e+03	+0.611
100.300	+8.083e+03	+2.316e+03	+1.173e+04	+0.223
100.400	+7.168e+03	+3.323e+03	+1.082e+04	+0.317
100.500	+7.288e+03	+3.563e+03	+1.002e+04	+0.328
100.600	+7.482e+03	+3.203e+03	+1.023e+04	+0.300
100.700	+7.961e+03	+2.694e+03	+9.834e+03	+0.253
100.800	+8.062e+03	+2.859e+03	+1.016e+04	+0.262
100.900	+8.911e+03	+1.403e+03	+9.667e+03	+0.136
101.000	+6.091e+03	+3.039e+03	+9.985e+03	+0.333
101.100	+3.022e+03	+7.897e+03	+1.073e+04	+0.723
101.200	+2.269e+03	+9.407e+03	+9.462e+03	+0.806
101.300	+6.226e+03	+3.962e+03	+1.117e+04	+0.389
101.400	+6.746e+03	+2.312e+03	+1.041e+04	+0.255
101.500	+7.448e+03	+2.389e+03	+1.060e+04	+0.243
101.600	+6.372e+03	+3.316e+03	+9.817e+03	+0.342
101.700	+7.544e+03	+2.132e+03	+1.009e+04	+0.220
101.800	+7.144e+03	+2.587e+03	+1.002e+04	+0.266
101.900	+7.959e+03	+2.169e+03	+9.994e+03	+0.214
102.000	+6.365e+03	+2.745e+03	+9.434e+03	+0.301
102.100	+7.390e+03	+3.537e+03	+1.013e+04	+0.324
102.200	+7.349e+03	+3.027e+03	+9.681e+03	+0.292
102.300	+6.690e+03	+2.310e+03	+1.002e+04	+0.257
102.400	+8.649e+03	+3.643e+03	+9.347e+03	+0.296
102.500	+7.107e+03	+9.979e+02	+1.098e+04	+0.123
102.600	+7.755e+03	+2.533e+03	+1.030e+04	+0.246
102.700	+4.964e+03	+5.983e+03	+1.007e+04	+0.547
102.800	+5.638e+03	+4.564e+03	+9.965e+03	+0.447
102.900	+6.007e+03	+5.614e+03	+1.045e+04	+0.483
103.000	+4.603e+03	+4.002e+03	+8.883e+03	+0.465
103.100	+5.556e+03	+4.894e+03	+9.826e+03	+0.468
103.200	+4.340e+03	+4.522e+03	+9.157e+03	+0.510
103.300	+5.244e+03	+4.142e+03	+1.017e+04	+0.441
103.400	+5.468e+03	+6.215e+03	+1.036e+04	+0.532
103.500	+4.878e+03	+5.130e+03	+9.672e+03	+0.513
103.600	+4.553e+03	+4.923e+03	+1.176e+04	+0.520
103.700	+3.964e+03	+5.462e+03	+1.127e+04	+0.579
103.800	+5.799e+03	+5.650e+03	+9.270e+03	+0.493
103.900	+6.381e+03	+5.367e+03	+1.005e+04	+0.457
104.000	+5.004e+03	+4.613e+03	+1.004e+04	+0.480
104.100	+5.012e+03	+4.637e+03	+9.210e+03	+0.481
104.200	+4.950e+03	+5.773e+03	+9.530e+03	+0.538
104.300	+4.088e+03	+5.998e+03	+1.081e+04	+0.595
104.400	+4.729e+03	+6.051e+03	+1.101e+04	+0.561
104.500	+5.339e+03	+5.699e+03	+9.883e+03	+0.516
104.600	+4.455e+03	+4.545e+03	+8.827e+03	+0.505
104.700	+4.662e+03	+4.144e+03	+1.087e+04	+0.471
104.800	+5.093e+03	+4.261e+03	+1.046e+04	+0.456
104.900	+5.609e+03	+5.387e+03	+1.133e+04	+0.490
105.000	+5.636e+03	+4.597e+03	+9.539e+03	+0.449
105.100	+5.250e+03	+4.799e+03	+1.105e+04	+0.478
105.200	+5.077e+03	+5.145e+03	+9.478e+03	+0.503
105.300	+5.628e+03	+5.238e+03	+1.003e+04	+0.482
105.400	+4.074e+03	+4.886e+03	+9.658e+03	+0.545
105.500	+5.361e+03	+5.537e+03	+1.012e+04	+0.508
105.600	+5.449e+03	+4.053e+03	+9.619e+03	+0.427
105.700	+4.593e+03	+5.799e+03	+9.894e+03	+0.558
105.800	+4.676e+03	+5.329e+03	+9.327e+03	+0.533
105.900	+3.996e+03	+4.838e+03	+1.131e+04	+0.548
106.000	+4.867e+03	+5.854e+03	+9.379e+03	+0.546
106.100	+4.254e+03	+5.076e+03	+1.023e+04	+0.544
106.200	+4.012e+03	+5.661e+03	+9.602e+03	+0.585
106.300	+4.651e+03	+5.261e+03	+1.086e+04	+0.531
106.400	+4.348e+03	+6.495e+03	+9.714e+03	+0.599
106.500	+1.711e+03	+7.632e+03	+9.709e+03	+0.817
106.600	+3.462e+03	+5.776e+03	+9.383e+03	+0.625
106.700	+4.033e+03	+4.639e+03	+1.047e+04	+0.535
106.800	+4.335e+03	+4.614e+03	+9.527e+03	+0.516
106.900	+3.449e+03	+4.624e+03	+1.072e+04	+0.573
107.000	+4.315e+03	+5.086e+03	+9.840e+03	+0.541
107.100	+5.181e+03	+4.724e+03	+9.019e+03	+0.477
107.200	+5.257e+03	+3.929e+03	+1.025e+04	+0.428
107.300	+4.562e+03	+5.109e+03	+1.001e+04	+0.528
107.400	+5.255e+03	+5.197e+03	+9.306e+03	+0.497
107.500	+3.500e+03	+4.839e+03	+9.438e+03	+0.580
107.600	+4.923e+03	+4.295e+03	+8.622e+03	+0.466
107.700	+4.688e+03	+5.886e+03	+9.565e+03	+0.557
107.800	+4.728e+03	+4.665e+03	+1.045e+04	+0.497
107.900	+4.066e+03	+4.802e+03	+1.040e+04	+0.541
108.000	+4.060e+03	+4.850e+03	+1.030e+04	+0.544
108.100	+2.264e+03	+7.664e+03	+9.936e+03	+0.772
108.200	+2.358e+03	+8.204e+03	+1.127e+04	+0.777
108.300	+1.457e+03	+8.292e+03	+1.073e+04	+0.851
108.400	+2.083e+03	+7.264e+03	+1.030e+04	+0.777
108.500	+2.558e+03	+8.125e+03	+1.054e+04	+0.761
108.600	+1.849e+03	+8.538e+03	+8.871e+03	+0.822
108.700	+1.623e+03	+7.359e+03	+1.008e+04	+0.819
108.800	+2.495e+03	+7.441e+03	+9.766e+03	+0.749
108.900	+2.197e+03	+7.493e+03	+1.105e+04	+0.773
109.000	+2.916e+03	+7.802e+03	+9.895e+03	+0.728
109.100	+2.137e+03	+7.458e+03	+1.031e+04	+0.777
109.200	+4.275e+03	+4.442e+03	+9.267e+03	+0.510
109.300	+8.425e+02	+7.764e+03	+9.913e+03	+0.902
109.400	+2.338e+03	+7.615e+03	+1.042e+04	+0.765
109.500	+1.973e+03	+8.345e+03	+9.722e+03	+0.809
109.600	+2.622e+03	+7.663e+03	+1.101e+04	+0.745
109.700	+1.980e+03	+6.993e+03	+1.027e+04	+0.779
109.800	+3.293e+03	+7.294e+03	+9.180e+03	+0.689
109.900	+1.220e+03	+8.033e+03	+9.680e+03	+0.868
110.000	+3.817e+03	+7.772e+03	+9.874e+03	+0.671
110.100	+2.669e+03	+8.499e+03	+1.063e+04	+0.761
110.200	+2.140e+03	+8.475e+03	+9.725e+03	+0.798
110.300	+2.346e+03	+9.107e+03	+9.037e+03	+0.795
110.400	+2.870e+03	+7.535e+03	+8.195e+03	+0.724
110.500	+8.784e+02	+6.824e+03	+1.146e+04	+0.886
110.600	+8.313e+02	+7.378e+03	+9.444e+03	+0.899
110.700	+1.414e+03	+7.393e+03	+1.014e+04	+0.839
110.800	+2.079e+03	+9.188e+03	+9.928e+03	+0.815
110.900	+2.008e+03	+8.876e+03	+9.524e+03	+0.816
111.000	+2.747e+03	+9.091e+03	+9.396e+03	+0.768
111.100	+2.879e+03	+8.967e+03	+8.708e+03	+0.757
111.200	+2.422e+03	+8.039e+03	+9.575e+03	+0.769
111.300	+2.461e+03	+7.796e+03	+9.418e+03	+0.760
111.400	+1.507e+03	+7.600e+03	+9.850e+03	+0.834
111.500	+2.516e+03	+7.464e+03	+8.857e+03	+0.748
111.600	+7.637e+02	+8.315e+03	+9.518e+03	+0.916
111.700	+1.143e+03	+8.226e+03	+1.071e+04	+0.878
111.800	+2.007e+03	+8.624e+03	+1.048e+04	+0.811
111.900	+1.048e+03	+8.358e+03	+9.607e+03	+0.889
112.000	+1.927e+03	+6.878e+03	+8.271e+03	+0.781
112.100	+2.198e+03	+7.507e+03	+9.491e+03	+0.774
112.200	+1.588e+03	+7.869e+03	+9.530e+03	+0.832
112.300	+2.141e+03	+8.272e+03	+9.488e+03	+0.794
112.400	+1.741e+03	+7.956e+03	+9.387e+03	+0.820
112.500	+1.993e+03	+8.053e+03	+1.035e+04	+0.802
112.600	+3.380e+03	+9.007e+03	+1.107e+04	+0.727
112.700	+8.549e+02	+8.908e+03	+9.656e+03	+0.912
112.800	+1.249e+03	+6.157e+03	+1.088e+04	+0.831
112.900	+2.005e+03	+8.479e+03	+1.041e+04	+0.809
113.000	+1.993e+03	+8.291e+03	+9.795e+03	+0.806
113.100	+2.125e+03	+7.782e+03	+1.083e+04	+0.785
113.200	+1.370e+03	+6.707e+03	+9.346e+03	+0.830
113.300	+2.281e+03	+8.525e+03	+1.064e+04	+0.789
113.400	+2.019e+03	+7.663e+03	+1.049e+04	+0.791
113.500	+1.069e+03	+8.669e+03	+9.991e+03	+0.890
113.600	+6.464e+03	+3.209e+03	+1.058e+04	+0.332
113.700	+7.156e+03	+2.743e+03	+9.416e+03	+0.277
113.800	+7.375e+03	+2.415e+03	+9.504e+03	+0.247
113.900	+6.259e+03	+2.578e+03	+9.171e+03	+0.292
114.000	+8.416e+03	+1.962e+03	+1.016e+04	+0.189
114.100	+7.140e+03	+3.172e+03	+9.823e+03	+0.308
114.200	+7.664e+03	+1.594e+03	+1.082e+04	+0.172
114.300	+7.511e+03	+1.222e+03	+1.053e+04	+0.140
114.400	+7.226e+03	+1.630e+03	+9.101e+03	+0.184
114.500	+8.449e+03	+2.257e+03	+1.039e+04	+0.211
114.600	+8.106e+03	+2.454e+03	+8.972e+03	+0.232
114.700	+7.706e+03	+2.926e+03	+1.030e+04	+0.275
114.800	+7.520e+03	+2.560e+03	+1.074e+04	+0.254
114.900	+7.646e+03	+3.930e+03	+1.061e+04	+0.340
115.000	+7.060e+03	+2.455e+03	+9.672e+03	+0.258
115.100	+8.630e+03	+3.360e+03	+9.844e+03	+0.280
115.200	+6.423e+03	+2.631e+03	+1.005e+04	+0.291
115.300	+7.673e+03	+1.815e+03	+1.060e+04	+0.191
115.400	+8.200e+03	+3.095e+03	+1.023e+04	+0.274
115.500	+7.109e+03	+2.598e+03	+9.551e+03	+0.268
115.600	+7.543e+03	+3.147e+03	+1.068e+04	+0.294
115.700	+7.966e+03	+2.788e+03	+9.520e+03	+0.259
115.800	+7.618e+03	+1.645e+03	+1.053e+04	+0.178
115.900	+7.401e+03	+3.174e+03	+9.627e+03	+0.300
116.000	+7.220e+03	+1.937e+03	+9.356e+03	+0.212
116.100	+6.760e+03	+2.288e+03	+1.114e+04	+0.253
116.200	+7.813e+03	+2.316e+03	+1.015e+04	+0.229
116.300	+8.818e+03	+2.197e+03	+9.393e+03	+0.199
116.400	+7.387e+03	+3.403e+03	+9.450e+03	+0.315
116.500	+7.657e+03	+2.480e+03	+1.180e+04	+0.245
116.600	+8.380e+03	+3.411e+03	+9.944e+03	+0.289
116.700	+7.939e+03	+1.986e+03	+1.096e+04	+0.200
116.800	+9.073e+03	+1.895e+03	+9.916e+03	+0.173
116.900	+6.925e+03	+2.212e+03	+1.164e+04	+0.242
117.000	+7.194e+03	+2.504e+03	+9.690e+03	+0.258
117.100	+7.247e+03	+2.525e+03	+1.005e+04	+0.258
117.200	+8.731e+03	+3.083e+03	+1.006e+04	+0.261
117.300	+6.867e+03	+1.584e+03	+1.011e+04	+0.187
117.400	+7.813e+03	+3.513e+03	+1.041e+04	+0.310
117.500	+6.339e+03	+2.180e+03	+9.963e+03	+0.256
117.600	+6.946e+03	+1.223e+03	+9.121e+03	+0.150
117.700	+7.715e+03	+2.806e+03	+1.022e+04	+0.267
117.800	+7.081e+03	+2.265e+03	+9.236e+03	+0.242
117.900	+8.103e+03	+1.979e+03	+8.726e+03	+0.196
118.000	+7.323e+03	+1.307e+03	+9.651e+03	+0.151
118.100	+8.747e+03	+2.432e+03	+1.012e+04	+0.218
118.200	+9.219e+03	+2.752e+03	+9.840e+03	+0.230
118.300	+6.860e+03	+2.829e+03	+1.028e+04	+0.292
118.400	+6.314e+03	+1.959e+03	+1.089e+04	+0.237
118.500	+7.928e+03	+3.015e+03	+8.472e+03	+0.276
118.600	+8.101e+03	+2.474e+03	+1.030e+04	+0.234
118.700	+6.929e+03	+1.561e+03	+1.012e+04	+0.184
118.800	+7.740e+03	+2.737e+03	+9.043e+03	+0.261
118.900	+6.928e+03	+2.985e+03	+9.562e+03	+0.301
119.000	+6.275e+03	+1.225e+03	+1.142e+04	+0.163
119.100	+8.372e+03	+1.655e+03	+1.132e+04	+0.165
119.200	+8.215e+03	+2.521e+03	+8.979e+03	+0.235
119.300	+7.640e+03	+3.015e+03	+1.050e+04	+0.283
119.400	+5.293e+03	+2.327e+03	+9.044e+03	+0.305
119.500	+8.235e+03	+2.483e+03	+9.853e+03	+0.232
119.600	+7.074e+03	+2.676e+03	+9.997e+03	+0.274
119.700	+6.791e+03	+1.800e+03	+9.754e+03	+0.210
119.800	+6.140e+03	+2.451e+03	+1.012e+04	+0.285
119.900	+8.331e+03	+3.103e+03	+8.801e+03	+0.271
120.000	+7.929e+03	+1.485e+03	+9.506e+03	+0.158
120.100	+8.596e+03	+1.928e+03	+1.022e+04	+0.183
120.200	+7.156e+03	+3.199e+03	+1.034e+04	+0.309
120.300	+7.679e+03	+3.473e+03	+1.095e+04	+0.311
120.400	+7.331e+03	+2.647e+03	+1.020e+04	+0.265
120.500	+8.469e+03	+2.262e+03	+9.676e+03	+0.211
120.600	+6.536e+03	+2.534e+03	+1.030e+04	+0.279
120.700	+7.128e+03	+1.273e+03	+9.619e+03	+0.152
120.800	+7.154e+03	+3.196e+03	+9.924e+03	+0.309
120.900	+9.088e+03	+1.063e+03	+1.017e+04	+0.105
121.000	+6.184e+03	+2.357e+03	+9.677e+03	+0.276
121.100	+5.152e+03	+4.484e+03	+9.708e+03	+0.465
121.200	+4.428e+03	+5.195e+03	+1.082e+04	+0.540
121.300	+5.334e+03	+3.740e+03	+9.890e+03	+0.412
121.400	+7.949e+03	+2.898e+03	+1.134e+04	+0.267
121.500	+7.383e+03	+2.216e+03	+1.036e+04	+0.231
121.600	+7.479e+03	+2.943e+03	+1.043e+04	+0.282
121.700	+8.411e+03	+3.291e+03	+1.068e+04	+0.281
121.800	+8.292e+03	+3.132e+03	+1.005e+04	+0.274
121.900	+7.560e+03	+3.045e+03	+9.987e+03	+0.287
122.000	+6.711e+03	+2.856e+03	+1.022e+04	+0.299
122.100	+8.029e+03	+2.022e+03	+1.029e+04	+0.201
122.200	+7.787e+03	+3.136e+03	+9.740e+03	+0.287
122.300	+8.273e+03	+2.811e+03	+9.574e+03	+0.254
122.400	+8.039e+03	+2.137e+03	+9.850e+03	+0.210
122.500	+8.299e+03	+4.173e+03	+9.850e+03	+0.335
122.600	+7.263e+03	+3.234e+03	+1.021e+04	+0.308
122.700	+8.303e+03	+1.145e+03	+1.015e+04	+0.121
122.800	+7.913e+03	+3.000e+03	+9.915e+03	+0.275
122.900	+7.689e+03	+2.310e+03	+9.121e+03	+0.231
123.000	+7.458e+03	+2.248e+03	+1.039e+04	+0.232
123.100	+5.885e+03	+2.423e+03	+1.216e+04	+0.292
123.200	+7.692e+03	+3.156e+03	+1.020e+04	+0.291
