%t (s)	Idd (a.u.)	Ida (a.u.)	Iaa (a.u.)	FRET E
0.000	+4.788e+03	+3.308e+03	+1.014e+04	+0.409
0.100	+4.547e+03	+5.095e+03	+1.068e+04	+0.528
0.200	+5.050e+03	+4.057e+03	+1.011e+04	+0.445
0.300	+5.429e+03	+4.584e+03	+1.026e+04	+0.458
0.400	+3.551e+03	+4.624e+03	+9.281e+03	+0.566
0.500	+4.538e+03	+4.042e+03	+1.046e+04	+0.471
0.600	+4.742e+03	+5.143e+03	+1.031e+04	+0.520
0.700	+4.365e+03	+5.243e+03	+1.014e+04	+0.546
0.800	+5.321e+03	+6.148e+03	+9.367e+03	+0.536
0.900	+2.818e+03	+5.039e+03	+9.766e+03	+0.641
1.000	+4.065e+03	+4.704e+03	+8.687e+03	+0.536
1.100	+5.274e+03	+5.159e+03	+9.453e+03	+0.494
1.200	+4.329e+03	+5.113e+03	+1.049e+04	+0.542
1.300	+4.961e+03	+4.230e+03	+9.198e+03	+0.460
1.400	+6.026e+03	+4.289e+03	+1.172e+04	+0.416
1.500	+5.102e+03	+5.654e+03	+9.142e+03	+0.526
1.600	+5.894e+03	+6.007e+03	+1.013e+04	+0.505
1.700	+6.180e+03	+4.905e+03	+1.011e+04	+0.443
1.800	+3.169e+03	+4.788e+03	+9.987e+03	+0.602
1.900	+6.319e+03	+5.182e+03	+9.970e+03	+0.451
2.000	+4.258e+03	+3.966e+03	+1.019e+04	+0.482
2.100	+3.938e+03	+4.028e+03	+9.403e+03	+0.506
2.200	+3.366e+03	+4.945e+03	+1.013e+04	+0.595
2.300	+5.140e+03	+4.950e+03	+1.007e+04	+0.491
2.400	+4.075e+03	+5.141e+03	+1.085e+04	+0.558
2.500	+5.057e+03	+5.258e+03	+9.960e+03	+0.510
2.600	+5.105e+03	+4.434e+03	+9.500e+03	+0.465
2.700	+4.906e+03	+4.642e+03	+9.099e+03	+0.486
2.800	+5.680e+03	+4.496e+03	+9.870e+03	+0.442
2.900	+4.839e+03	+5.732e+03	+9.846e+03	+0.542
3.000	+6.417e+03	+5.548e+03	+1.028e+04	+0.464
3.100	+5.552e+03	+4.215e+03	+9.884e+03	+0.432
3.200	+3.894e+03	+5.111e+03	+9.448e+03	+0.568
3.300	+4.750e+03	+5.787e+03	+1.004e+04	+0.549
3.400	+6.544e+03	+4.297e+03	+9.706e+03	+0.396
3.500	+5.520e+03	+4.423e+03	+9.220e+03	+0.445
3.600	+5.286e+03	+5.477e+03	+9.143e+03	+0.509
3.700	+3.869e+03	+5.356e+03	+1.011e+04	+0.581
3.800	+3.992e+03	+5.455e+03	+1.165e+04	+0.577
3.900	+4.109e+03	+5.093e+03	+1.072e+04	+0.553
4.000	+4.877e+03	+4.448e+03	+1.082e+04	+0.477
4.100	+5.881e+03	+4.898e+03	+1.091e+04	+0.454
4.200	+4.826e+03	+4.322e+03	+9.304e+03	+0.472
4.300	+3.813e+03	+4.766e+03	+9.860e+03	+0.556
4.400	+4.992e+03	+5.327e+03	+1.048e+04	+0.516
4.500	+5.014e+03	+5.729e+03	+1.079e+04	+0.533
4.600	+5.206e+03	+4.743e+03	+9.917e+03	+0.477
4.700	+5.206e+03	+6.292e+03	+9.749e+03	+0.547
4.800	+4.489e+03	+5.894e+03	+9.872e+03	+0.568
4.900	+5.613e+03	+4.972e+03	+1.008e+04	+0.470
5.000	+3.697e+03	+5.731e+03	+9.701e+03	+0.608
5.100	+2.733e+03	+7.194e+03	+1.023e+04	+0.725
5.200	+2.500e+03	+9.197e+03	+1.007e+04	+0.786
5.300	+2.046e+03	+8.460e+03	+1.058e+04	+0.805
5.400	+1.704e+03	+7.084e+03	+1.012e+04	+0.806
5.500	+2.515e+03	+7.257e+03	+1.020e+04	+0.743
5.600	+2.895e+03	+8.537e+03	+1.097e+04	+0.747
5.700	+1.914e+03	+8.141e+03	+9.686e+03	+0.810
5.800	+3.393e+03	+6.849e+03	+1.020e+04	+0.669
5.900	+1.436e+03	+6.861e+03	+9.944e+03	+0.827
6.000	+2.349e+03	+7.445e+03	+1.109e+04	+0.760
6.100	+4.165e+03	+4.720e+03	+9.712e+03	+0.531
6.200	+5.113e+03	+6.386e+03	+9.847e+03	+0.555
6.300	+5.866e+03	+5.880e+03	+9.957e+03	+0.501
6.400	+6.445e+03	+5.722e+03	+1.106e+04	+0.470
6.500	+5.585e+03	+6.159e+03	+9.789e+03	+0.524
6.600	+5.744e+03	+5.131e+03	+8.857e+03	+0.472
6.700	+5.520e+03	+3.842e+03	+1.011e+04	+0.410
6.800	+5.257e+03	+4.842e+03	+9.917e+03	+0.479
6.900	+6.008e+03	+4.161e+03	+1.067e+04	+0.409
7.000	+4.319e+03	+4.269e+03	+1.029e+04	+0.497
7.100	+6.072e+03	+5.931e+03	+9.348e+03	+0.494
7.200	+5.711e+03	+5.692e+03	+9.306e+03	+0.499
7.300	+4.900e+03	+4.272e+03	+9.006e+03	+0.466
7.400	+5.649e+03	+5.252e+03	+9.164e+03	+0.482
7.500	+5.686e+03	+3.496e+03	+9.155e+03	+0.381
7.600	+5.422e+03	+4.007e+03	+9.593e+03	+0.425
7.700	+5.677e+03	+4.131e+03	+8.995e+03	+0.421
7.800	+4.839e+03	+4.824e+03	+9.787e+03	+0.499
7.900	+5.221e+03	+4.894e+03	+1.074e+04	+0.484
8.000	+5.951e+03	+4.520e+03	+1.023e+04	+0.432
8.100	+5.615e+03	+3.708e+03	+9.569e+03	+0.398
8.200	+4.356e+03	+5.669e+03	+9.912e+03	+0.565
8.300	+4.455e+03	+4.176e+03	+1.043e+04	+0.484
8.400	+4.634e+03	+4.763e+03	+8.538e+03	+0.507
8.500	+5.690e+03	+3.903e+03	+1.058e+04	+0.407
8.600	+5.340e+03	+5.553e+03	+1.120e+04	+0.510
8.700	+5.305e+03	+5.919e+03	+1.013e+04	+0.527
8.800	+5.272e+03	+5.239e+03	+9.449e+03	+0.498
8.900	+4.983e+03	+4.717e+03	+9.351e+03	+0.486
9.000	+4.316e+03	+5.881e+03	+1.027e+04	+0.577
9.100	+5.114e+03	+3.592e+03	+9.835e+03	+0.413
9.200	+5.074e+03	+4.753e+03	+1.173e+04	+0.484
9.300	+5.262e+03	+4.308e+03	+9.121e+03	+0.450
9.400	+6.166e+03	+4.675e+03	+9.941e+03	+0.431
9.500	+3.914e+03	+5.204e+03	+1.077e+04	+0.571
9.600	+4.543e+03	+5.447e+03	+9.976e+03	+0.545
9.700	+5.137e+03	+4.213e+03	+9.999e+03	+0.451
9.800	+4.867e+03	+4.645e+03	+1.059e+04	+0.488
9.900	+5.498e+03	+4.985e+03	+9.391e+03	+0.476
10.000	+5.692e+03	+5.268e+03	+1.042e+04	+0.481
10.100	+4.934e+03	+5.635e+03	+9.654e+03	+0.533
10.200	+5.611e+03	+5.398e+03	+8.929e+03	+0.490
10.300	+5.355e+03	+6.077e+03	+1.139e+04	+0.532
10.400	+6.228e+03	+5.181e+03	+1.056e+04	+0.454
10.500	+5.566e+03	+4.807e+03	+9.177e+03	+0.463
10.600	+4.602e+03	+4.406e+03	+9.252e+03	+0.489
10.700	+4.515e+03	+4.846e+03	+9.963e+03	+0.518
10.800	+4.641e+03	+4.895e+03	+9.835e+03	+0.513
10.900	+4.073e+03	+4.650e+03	+1.016e+04	+0.533
11.000	+5.389e+03	+5.509e+03	+1.047e+04	+0.506
11.100	+6.232e+03	+3.372e+03	+1.054e+04	+0.351
11.200	+6.649e+03	+3.469e+03	+1.158e+04	+0.343
11.300	+7.530e+03	+2.356e+03	+9.456e+03	+0.238
11.400	+7.020e+03	+2.573e+03	+9.825e+03	+0.268
11.500	+6.744e+03	+3.152e+03	+8.976e+03	+0.319
11.600	+8.244e+03	+2.641e+03	+1.058e+04	+0.243
11.700	+7.556e+03	+2.177e+03	+8.591e+03	+0.224
11.800	+7.769e+03	+2.380e+03	+9.949e+03	+0.234
11.900	+7.405e+03	+2.382e+03	+1.067e+04	+0.243
12.000	+8.979e+03	+2.961e+03	+9.394e+03	+0.248
12.100	+7.120e+03	+1.963e+03	+9.598e+03	+0.216
12.200	+7.430e+03	+2.421e+03	+1.034e+04	+0.246
12.300	+7.136e+03	+1.732e+03	+9.703e+03	+0.195
12.400	+7.223e+03	+2.971e+03	+1.053e+04	+0.291
12.500	+7.644e+03	+1.967e+03	+1.054e+04	+0.205
12.600	+8.237e+03	+4.393e+03	+9.879e+03	+0.348
12.700	+7.822e+03	+3.852e+03	+9.281e+03	+0.330
12.800	+7.494e+03	+1.557e+03	+9.885e+03	+0.172
12.900	+6.898e+03	+2.196e+03	+9.761e+03	+0.241
13.000	+7.685e+03	+2.150e+03	+9.988e+03	+0.219
13.100	+7.789e+03	+6.751e+02	+9.334e+03	+0.080
13.200	+8.111e+03	+2.581e+03	+1.112e+04	+0.241
13.300	+7.108e+03	+3.191e+03	+9.303e+03	+0.310
13.400	+7.978e+03	+3.390e+03	+9.974e+03	+0.298
13.500	+7.414e+03	+2.852e+03	+8.884e+03	+0.278
13.600	+7.868e+03	+1.816e+03	+8.930e+03	+0.188
13.700	+8.205e+03	+3.276e+03	+1.034e+04	+0.285
13.800	+6.171e+03	+3.293e+03	+1.096e+04	+0.348
13.900	+5.336e+03	+4.413e+03	+1.024e+04	+0.453
14.000	+6.147e+03	+5.489e+03	+1.056e+04	+0.472
14.100	+4.926e+03	+4.814e+03	+9.978e+03	+0.494
14.200	+4.500e+03	+6.082e+03	+8.765e+03	+0.575
14.300	+7.244e+03	+4.448e+03	+9.589e+03	+0.380
14.400	+8.072e+03	+2.511e+03	+8.697e+03	+0.237
14.500	+7.247e+03	+2.331e+03	+9.155e+03	+0.243
14.600	+7.439e+03	+1.589e+03	+9.626e+03	+0.176
14.700	+8.672e+03	+3.255e+03	+1.023e+04	+0.273
14.800	+7.519e+03	+3.036e+03	+1.032e+04	+0.288
14.900	+7.219e+03	+3.054e+03	+1.017e+04	+0.297
15.000	+6.011e+03	+2.589e+03	+1.118e+04	+0.301
15.100	+7.723e+03	+2.443e+03	+1.076e+04	+0.240
15.200	+6.410e+03	+2.804e+03	+1.011e+04	+0.304
15.300	+6.814e+03	+2.321e+03	+1.048e+04	+0.254
15.400	+3.956e+03	+5.902e+03	+1.098e+04	+0.599
15.500	+1.351e+03	+8.995e+03	+1.094e+04	+0.869
15.600	+1.528e+03	+7.337e+03	+1.092e+04	+0.828
15.700	+1.986e+03	+8.359e+03	+9.571e+03	+0.808
15.800	+2.205e+03	+7.287e+03	+1.035e+04	+0.768
15.900	+1.900e+03	+7.589e+03	+1.076e+04	+0.800
16.000	+1.681e+03	+7.284e+03	+9.855e+03	+0.813
16.100	+1.595e+03	+8.593e+03	+1.041e+04	+0.843
16.200	+4.363e+03	+5.266e+03	+1.013e+04	+0.547
16.300	+6.452e+03	+3.095e+03	+1.037e+04	+0.324
16.400	+6.310e+03	+3.043e+03	+9.762e+03	+0.325
16.500	+7.965e+03	+2.682e+03	+9.858e+03	+0.252
16.600	+6.457e+03	+2.460e+03	+1.002e+04	+0.276
16.700	+6.860e+03	+2.740e+03	+1.075e+04	+0.285
16.800	+6.643e+03	+1.654e+03	+9.969e+03	+0.199
16.900	+5.904e+03	+2.709e+03	+1.045e+04	+0.315
17.000	+6.093e+03	+2.091e+03	+8.179e+03	+0.255
17.100	+8.170e+03	+2.846e+03	+9.746e+03	+0.258
17.200	+7.496e+03	+2.392e+03	+8.960e+03	+0.242
17.300	+6.629e+03	+2.503e+03	+1.119e+04	+0.274
17.400	+7.664e+03	+2.037e+03	+8.816e+03	+0.210
17.500	+7.410e+03	+1.841e+03	+1.005e+04	+0.199
17.600	+6.884e+03	+2.283e+03	+1.023e+04	+0.249
17.700	+7.191e+03	+2.153e+03	+8.711e+03	+0.230
17.800	+7.398e+03	+2.493e+03	+1.053e+04	+0.252
17.900	+5.264e+03	+2.155e+03	+1.044e+04	+0.290
18.000	+6.582e+03	+2.357e+03	+1.053e+04	+0.264
18.100	+7.727e+03	+2.726e+03	+1.175e+04	+0.261
18.200	+6.388e+03	+3.233e+03	+8.628e+03	+0.336
18.300	+7.053e+03	+1.869e+03	+1.070e+04	+0.209
18.400	+8.163e+03	+3.029e+03	+8.879e+03	+0.271
18.500	+7.576e+03	+3.117e+03	+1.008e+04	+0.292
18.600	+7.670e+03	+2.676e+03	+1.066e+04	+0.259
18.700	+5.649e+03	+2.350e+03	+1.014e+04	+0.294
18.800	+7.428e+03	+1.767e+03	+1.024e+04	+0.192
18.900	+6.816e+03	+3.943e+03	+9.270e+03	+0.366
19.000	+5.932e+03	+2.688e+03	+1.020e+04	+0.312
19.100	+8.016e+03	+1.750e+03	+9.941e+03	+0.179
19.200	+7.473e+03	+2.614e+03	+1.008e+04	+0.259
19.300	+8.218e+03	+2.641e+03	+1.006e+04	+0.243
19.400	+9.162e+03	+2.681e+03	+1.035e+04	+0.226
19.500	+9.852e+03	+2.378e+03	+9.842e+03	+0.194
19.600	+7.286e+03	+2.419e+03	+9.489e+03	+0.249
19.700	+6.959e+03	+2.339e+03	+9.071e+03	+0.252
19.800	+7.769e+03	+9.625e+02	+1.093e+04	+0.110
19.900	+7.999e+03	+1.932e+03	+8.484e+03	+0.195
20.000	+8.321e+03	+2.732e+03	+1.011e+04	+0.247
20.100	+8.348e+03	+1.995e+03	+9.610e+03	+0.193
20.200	+8.259e+03	+2.148e+02	+1.002e+04	+0.025
20.300	+8.248e+03	+2.105e+03	+1.050e+04	+0.203
20.400	+8.791e+03	+2.460e+03	+9.139e+03	+0.219
20.500	+6.199e+03	+2.812e+03	+8.330e+03	+0.312
20.600	+7.512e+03	+2.969e+03	+9.959e+03	+0.283
20.700	+6.879e+03	+2.200e+03	+1.062e+04	+0.242
20.800	+8.053e+03	+2.109e+03	+8.678e+03	+0.208
20.900	+9.184e+03	+3.518e+03	+9.882e+03	+0.277
21.000	+8.200e+03	+2.006e+03	+1.041e+04	+0.197
21.100	+7.239e+03	+1.816e+03	+1.007e+04	+0.201
21.200	+7.109e+03	+2.381e+03	+1.080e+04	+0.251
21.300	+8.073e+03	+3.069e+03	+9.343e+03	+0.275
21.400	+6.084e+03	+6.029e+03	+1.146e+04	+0.498
21.500	+4.941e+03	+5.837e+03	+9.636e+03	+0.542
21.600	+4.204e+03	+5.045e+03	+8.878e+03	+0.545
21.700	+5.585e+03	+5.524e+03	+1.014e+04	+0.497
21.800	+5.033e+03	+4.279e+03	+9.433e+03	+0.460
21.900	+5.363e+03	+5.429e+03	+1.044e+04	+0.503
22.000	+5.533e+03	+5.602e+03	+1.102e+04	+0.503
22.100	+4.284e+03	+6.194e+03	+9.204e+03	+0.591
22.200	+4.584e+03	+4.688e+03	+1.021e+04	+0.506
22.300	+6.670e+03	+3.705e+03	+1.012e+04	+0.357
22.400	+4.910e+03	+5.550e+03	+9.991e+03	+0.531
22.500	+5.015e+03	+3.434e+03	+9.937e+03	+0.406
22.600	+5.386e+03	+4.442e+03	+9.917e+03	+0.452
22.700	+5.805e+03	+6.024e+03	+1.101e+04	+0.509
22.800	+3.924e+03	+4.863e+03	+1.051e+04	+0.553
22.900	+5.233e+03	+4.379e+03	+1.021e+04	+0.456
23.000	+3.836e+03	+5.517e+03	+9.619e+03	+0.590
23.100	+3.734e+03	+6.912e+03	+9.892e+03	+0.649
23.200	+2.257e+03	+8.335e+03	+1.025e+04	+0.787
23.300	+3.361e+03	+8.002e+03	+1.057e+04	+0.704
23.400	+1.217e+03	+6.831e+03	+1.049e+04	+0.849
23.500	+2.225e+03	+7.143e+03	+8.664e+03	+0.763
23.600	+2.432e+03	+8.352e+03	+9.140e+03	+0.774
23.700	+4.160e+03	+6.186e+03	+1.074e+04	+0.598
23.800	+4.430e+03	+5.579e+03	+9.278e+03	+0.557
23.900	+4.282e+03	+5.413e+03	+1.019e+04	+0.558
24.000	+4.322e+03	+4.686e+03	+1.073e+04	+0.520
24.100	+4.417e+03	+4.637e+03	+9.069e+03	+0.512
24.200	+5.335e+03	+5.662e+03	+1.015e+04	+0.515
24.300	+4.438e+03	+5.540e+03	+9.390e+03	+0.555
24.400	+4.510e+03	+3.641e+03	+9.942e+03	+0.447
24.500	+6.553e+03	+5.254e+03	+1.023e+04	+0.445
24.600	+5.362e+03	+5.588e+03	+1.013e+04	+0.510
24.700	+5.082e+03	+6.032e+03	+1.156e+04	+0.543
24.800	+4.175e+03	+4.814e+03	+9.146e+03	+0.536
24.900	+5.241e+03	+6.244e+03	+9.886e+03	+0.544
25.000	+2.426e+03	+7.566e+03	+9.877e+03	+0.757
25.100	+2.360e+03	+7.365e+03	+1.056e+04	+0.757
25.200	+1.393e+03	+8.524e+03	+8.676e+03	+0.859
25.300	+1.490e+03	+8.741e+03	+1.169e+04	+0.854
25.400	+2.113e+03	+8.777e+03	+9.821e+03	+0.806
25.500	+2.128e+03	+8.528e+03	+9.341e+03	+0.800
25.600	+2.245e+03	+8.184e+03	+1.001e+04	+0.785
25.700	+1.293e+03	+6.212e+03	+8.755e+03	+0.828
25.800	+4.155e+03	+6.758e+03	+9.834e+03	+0.619
25.900	+5.747e+03	+5.818e+03	+1.023e+04	+0.503
26.000	+6.924e+03	+5.517e+03	+1.043e+04	+0.443
26.100	+5.698e+03	+6.306e+03	+9.654e+03	+0.525
26.200	+5.696e+03	+3.874e+03	+1.102e+04	+0.405
26.300	+4.990e+03	+6.183e+03	+9.681e+03	+0.553
26.400	+3.992e+03	+5.585e+03	+9.673e+03	+0.583
26.500	+5.139e+03	+4.270e+03	+1.032e+04	+0.454
26.600	+5.886e+03	+3.519e+03	+1.104e+04	+0.374
26.700	+5.973e+03	+4.442e+03	+1.079e+04	+0.427
26.800	+5.114e+03	+5.720e+03	+9.564e+03	+0.528
26.900	+5.003e+03	+4.654e+03	+1.049e+04	+0.482
27.000	+4.655e+03	+4.074e+03	+9.172e+03	+0.467
27.100	+5.178e+03	+5.685e+03	+1.120e+04	+0.523
27.200	+3.478e+03	+5.139e+03	+9.981e+03	+0.596
27.300	+5.328e+03	+3.968e+03	+1.091e+04	+0.427
27.400	+5.221e+03	+4.794e+03	+1.010e+04	+0.479
27.500	+3.438e+03	+4.976e+03	+9.881e+03	+0.591
27.600	+4.338e+03	+4.912e+03	+9.279e+03	+0.531
27.700	+5.432e+03	+5.329e+03	+1.010e+04	+0.495
27.800	+5.231e+03	+4.088e+03	+9.473e+03	+0.439
27.900	+4.296e+03	+5.310e+03	+1.030e+04	+0.553
28.000	+4.859e+03	+5.041e+03	+1.068e+04	+0.509
28.100	+4.783e+03	+5.156e+03	+9.324e+03	+0.519
28.200	+5.616e+03	+3.964e+03	+9.564e+03	+0.414
28.300	+4.183e+03	+6.910e+03	+1.020e+04	+0.623
28.400	+5.746e+03	+5.571e+03	+1.095e+04	+0.492
28.500	+5.512e+03	+5.123e+03	+9.189e+03	+0.482
28.600	+4.492e+03	+4.078e+03	+1.072e+04	+0.476
28.700	+4.914e+03	+6.151e+03	+9.455e+03	+0.556
28.800	+4.522e+03	+5.704e+03	+1.073e+04	+0.558
28.900	+5.223e+03	+5.922e+03	+1.058e+04	+0.531
29.000	+6.177e+03	+5.053e+03	+1.090e+04	+0.450
29.100	+4.399e+03	+5.811e+03	+1.033e+04	+0.569
29.200	+5.410e+03	+5.719e+03	+1.089e+04	+0.514
29.300	+3.694e+03	+5.189e+03	+9.785e+03	+0.584
29.400	+4.807e+03	+4.539e+03	+9.660e+03	+0.486
29.500	+5.165e+03	+3.718e+03	+1.013e+04	+0.419
29.600	+5.582e+03	+6.157e+03	+1.018e+04	+0.524
29.700	+4.798e+03	+5.561e+03	+1.022e+04	+0.537
29.800	+3.509e+03	+4.719e+03	+9.863e+03	+0.574
29.900	+5.056e+03	+5.355e+03	+1.043e+04	+0.514
30.000	+5.327e+03	+5.043e+03	+1.166e+04	+0.486
30.100	+4.056e+03	+6.489e+03	+9.651e+03	+0.615
30.200	+4.979e+03	+5.396e+03	+1.036e+04	+0.520
30.300	+5.857e+03	+5.466e+03	+1.107e+04	+0.483
30.400	+4.259e+03	+5.195e+03	+9.930e+03	+0.550
30.500	+3.899e+03	+4.692e+03	+1.038e+04	+0.546
30.600	+5.805e+03	+4.570e+03	+9.313e+03	+0.440
30.700	+1.542e+03	+7.717e+03	+1.091e+04	+0.833
30.800	+2.729e+03	+8.304e+03	+1.010e+04	+0.753
30.900	+2.014e+03	+7.703e+03	+9.931e+03	+0.793
31.000	+2.334e+03	+8.996e+03	+1.011e+04	+0.794
31.100	+1.894e+03	+7.368e+03	+9.503e+03	+0.795
31.200	+9.500e+02	+8.269e+03	+1.086e+04	+0.897
31.300	+1.356e+03	+7.096e+03	+9.861e+03	+0.840
31.400	+2.765e+03	+7.296e+03	+9.922e+03	+0.725
31.500	+2.547e+03	+7.998e+03	+1.048e+04	+0.758
31.600	+2.109e+03	+6.713e+03	+1.030e+04	+0.761
31.700	+3.241e+03	+8.680e+03	+9.493e+03	+0.728
31.800	+1.991e+03	+8.653e+03	+1.021e+04	+0.813
31.900	+2.315e+03	+7.451e+03	+1.025e+04	+0.763
32.000	+2.541e+03	+6.976e+03	+1.060e+04	+0.733
32.100	+1.313e+03	+7.974e+03	+1.058e+04	+0.859
32.200	+1.762e+03	+7.322e+03	+1.098e+04	+0.806
32.300	+2.345e+03	+7.069e+03	+1.057e+04	+0.751
32.400	+1.276e+03	+7.811e+03	+9.938e+03	+0.860
32.500	+1.924e+03	+8.629e+03	+9.198e+03	+0.818
32.600	+3.207e+03	+8.399e+03	+1.051e+04	+0.724
32.700	+6.988e+02	+8.335e+03	+9.479e+03	+0.923
32.800	+2.343e+03	+9.214e+03	+1.103e+04	+0.797
32.900	+2.062e+03	+7.008e+03	+1.075e+04	+0.773
33.000	+1.702e+03	+7.790e+03	+1.115e+04	+0.821
33.100	+2.171e+03	+8.310e+03	+1.059e+04	+0.793
33.200	+2.241e+03	+8.730e+03	+9.764e+03	+0.796
33.300	+1.568e+03	+7.550e+03	+9.077e+03	+0.828
33.400	+1.667e+03	+6.064e+03	+1.044e+04	+0.784
33.500	+1.952e+03	+6.977e+03	+9.518e+03	+0.781
33.600	+1.765e+03	+7.969e+03	+1.006e+04	+0.819
33.700	+1.391e+03	+7.532e+03	+1.026e+04	+0.844
33.800	+2.794e+03	+6.006e+03	+9.469e+03	+0.682
33.900	+6.141e+03	+5.500e+03	+9.663e+03	+0.472
34.000	+5.286e+03	+5.689e+03	+9.640e+03	+0.518
34.100	+6.069e+03	+6.094e+03	+1.047e+04	+0.501
34.200	+4.227e+03	+4.470e+03	+1.060e+04	+0.514
34.300	+4.636e+03	+6.115e+03	+8.925e+03	+0.569
34.400	+2.047e+03	+7.670e+03	+8.761e+03	+0.789
34.500	+3.172e+03	+8.159e+03	+1.019e+04	+0.720
34.600	+1.385e+03	+8.865e+03	+1.010e+04	+0.865
34.700	+1.711e+03	+7.747e+03	+1.022e+04	+0.819
34.800	+2.602e+03	+8.064e+03	+9.749e+03	+0.756
34.900	+2.399e+03	+8.197e+03	+1.020e+04	+0.774
35.000	+1.313e+03	+8.549e+03	+1.046e+04	+0.867
35.100	+3.100e+03	+7.907e+03	+9.561e+03	+0.718
35.200	+1.237e+03	+7.703e+03	+1.052e+04	+0.862
35.300	+1.224e+03	+7.245e+03	+1.087e+04	+0.855
35.400	+1.640e+03	+8.619e+03	+9.669e+03	+0.840
35.500	+1.355e+03	+8.236e+03	+1.137e+04	+0.859
35.600	+2.331e+03	+7.497e+03	+9.786e+03	+0.763
35.700	+1.555e+03	+7.220e+03	+1.008e+04	+0.823
35.800	+1.458e+03	+7.158e+03	+9.446e+03	+0.831
35.900	+1.007e+03	+7.724e+03	+1.044e+04	+0.885
36.000	+3.011e+03	+7.281e+03	+9.960e+03	+0.707
36.100	+1.874e+03	+6.779e+03	+9.185e+03	+0.783
36.200	+1.573e+03	+7.272e+03	+8.799e+03	+0.822
36.300	+3.383e+03	+7.988e+03	+1.015e+04	+0.702
36.400	+2.200e+03	+7.627e+03	+1.031e+04	+0.776
36.500	+6.612e+02	+8.282e+03	+1.021e+04	+0.926
36.600	+2.579e+02	+7.775e+03	+9.913e+03	+0.968
36.700	+2.822e+03	+8.646e+03	+1.106e+04	+0.754
36.800	+9.084e+02	+7.309e+03	+9.891e+03	+0.889
36.900	+2.230e+03	+7.997e+03	+1.089e+04	+0.782
37.000	+1.690e+03	+6.780e+03	+9.621e+03	+0.800
37.100	+1.995e+03	+7.221e+03	+8.797e+03	+0.784
37.200	+2.151e+03	+8.344e+03	+1.012e+04	+0.795
37.300	+2.419e+03	+7.365e+03	+9.335e+03	+0.753
37.400	+1.544e+03	+8.676e+03	+9.578e+03	+0.849
37.500	+7.116e+03	+3.313e+03	+8.783e+03	+0.318
37.600	+8.957e+03	+1.800e+03	+9.735e+03	+0.167
37.700	+7.154e+03	+2.917e+03	+1.030e+04	+0.290
37.800	+8.259e+03	+3.569e+03	+9.398e+03	+0.302
37.900	+7.503e+03	+2.967e+03	+1.019e+04	+0.283
38.000	+6.827e+03	+6.192e+03	+9.740e+03	+0.476
38.100	+6.023e+03	+4.566e+03	+1.017e+04	+0.431
38.200	+5.167e+03	+5.047e+03	+8.459e+03	+0.494
38.300	+4.853e+03	+4.673e+03	+1.069e+04	+0.491
38.400	+5.109e+03	+5.038e+03	+1.123e+04	+0.496
38.500	+5.957e+03	+5.193e+03	+9.050e+03	+0.466
38.600	+5.044e+03	+5.367e+03	+9.754e+03	+0.516
38.700	+5.227e+03	+5.534e+03	+1.075e+04	+0.514
38.800	+4.932e+03	+5.697e+03	+1.024e+04	+0.536
38.900	+4.105e+03	+4.764e+03	+9.713e+03	+0.537
39.000	+4.374e+03	+6.025e+03	+8.815e+03	+0.579
39.100	+4.699e+03	+5.088e+03	+1.077e+04	+0.520
39.200	+4.217e+03	+5.167e+03	+9.605e+03	+0.551
39.300	+5.516e+03	+4.196e+03	+1.128e+04	+0.432
39.400	+5.732e+03	+5.678e+03	+9.228e+03	+0.498
39.500	+4.703e+03	+6.630e+03	+1.003e+04	+0.585
39.600	+3.910e+03	+4.652e+03	+9.713e+03	+0.543
39.700	+5.096e+03	+4.413e+03	+1.062e+04	+0.464
39.800	+5.112e+03	+4.841e+03	+9.950e+03	+0.486
39.900	+6.265e+03	+4.971e+03	+1.039e+04	+0.442
40.000	+5.759e+03	+5.565e+03	+9.775e+03	+0.491
40.100	+5.548e+03	+4.021e+03	+9.830e+03	+0.420
40.200	+3.917e+03	+5.495e+03	+9.842e+03	+0.584
40.300	+4.873e+03	+4.942e+03	+1.106e+04	+0.503
40.400	+4.033e+03	+5.249e+03	+1.040e+04	+0.565
40.500	+4.509e+03	+5.948e+03	+1.067e+04	+0.569
40.600	+6.606e+03	+4.252e+03	+9.354e+03	+0.392
40.700	+5.521e+03	+4.240e+03	+9.943e+03	+0.434
40.800	+4.266e+03	+4.728e+03	+9.661e+03	+0.526
40.900	+4.282e+03	+5.664e+03	+9.179e+03	+0.569
41.000	+4.678e+03	+4.363e+03	+9.032e+03	+0.483
41.100	+4.677e+03	+5.015e+03	+8.456e+03	+0.517
41.200	+5.722e+03	+3.889e+03	+9.603e+03	+0.405
41.300	+5.540e+03	+5.002e+03	+1.062e+04	+0.474
41.400	+4.632e+03	+5.556e+03	+9.543e+03	+0.545
41.500	+4.551e+03	+3.052e+03	+9.712e+03	+0.401
41.600	+5.561e+03	+4.168e+03	+9.433e+03	+0.428
41.700	+6.377e+03	+3.961e+03	+8.796e+03	+0.383
41.800	+5.119e+03	+4.638e+03	+9.686e+03	+0.475
41.900	+5.251e+03	+5.501e+03	+9.706e+03	+0.512
42.000	+4.974e+03	+4.599e+03	+9.252e+03	+0.480
42.100	+3.486e+03	+5.214e+03	+9.564e+03	+0.599
42.200	+5.067e+03	+5.242e+03	+9.709e+03	+0.508
42.300	+5.480e+03	+4.150e+03	+1.063e+04	+0.431
42.400	+5.038e+03	+5.477e+03	+9.607e+03	+0.521
42.500	+5.018e+03	+5.695e+03	+9.798e+03	+0.532
42.600	+4.827e+03	+6.157e+03	+1.028e+04	+0.560
42.700	+4.933e+03	+5.191e+03	+1.038e+04	+0.513
42.800	+5.526e+03	+4.458e+03	+1.152e+04	+0.447
42.900	+5.444e+03	+6.040e+03	+1.034e+04	+0.526
43.000	+5.064e+03	+5.590e+03	+9.695e+03	+0.525
43.100	+4.623e+03	+4.449e+03	+9.889e+03	+0.490
43.200	+4.345e+03	+4.900e+03	+9.696e+03	+0.530
43.300	+5.054e+03	+6.435e+03	+1.034e+04	+0.560
43.400	+5.397e+03	+5.195e+03	+1.063e+04	+0.490
43.500	+6.500e+03	+4.409e+03	+1.069e+04	+0.404
43.600	+5.696e+03	+4.036e+03	+9.406e+03	+0.415
43.700	+5.390e+03	+4.806e+03	+9.449e+03	+0.471
43.800	+4.700e+03	+4.524e+03	+9.504e+03	+0.490
43.900	+7.554e+03	+5.912e+03	+9.958e+03	+0.439
44.000	+4.646e+03	+3.860e+03	+1.043e+04	+0.454
44.100	+6.486e+03	+4.781e+03	+1.101e+04	+0.424
44.200	+5.571e+03	+4.707e+03	+9.310e+03	+0.458
44.300	+4.317e+03	+5.233e+03	+9.567e+03	+0.548
44.400	+4.530e+03	+5.391e+03	+1.091e+04	+0.543
44.500	+4.804e+03	+5.032e+03	+9.113e+03	+0.512
44.600	+5.344e+03	+4.278e+03	+8.835e+03	+0.445
44.700	+5.474e+03	+4.708e+03	+1.008e+04	+0.462
44.800	+4.988e+03	+5.877e+03	+1.138e+04	+0.541
44.900	+4.810e+03	+4.721e+03	+9.786e+03	+0.495
45.000	+4.763e+03	+6.106e+03	+9.401e+03	+0.562
45.100	+5.711e+03	+5.467e+03	+1.075e+04	+0.489
45.200	+6.502e+03	+5.762e+03	+1.071e+04	+0.470
45.300	+5.297e+03	+4.304e+03	+9.983e+03	+0.448
45.400	+4.867e+03	+4.543e+03	+9.407e+03	+0.483
45.500	+4.525e+03	+4.182e+03	+9.634e+03	+0.480
45.600	+5.303e+03	+4.518e+03	+9.379e+03	+0.460
45.700	+3.521e+03	+5.342e+03	+9.133e+03	+0.603
45.800	+4.991e+03	+5.463e+03	+1.087e+04	+0.523
45.900	+5.030e+03	+5.323e+03	+9.055e+03	+0.514
46.000	+3.972e+03	+5.036e+03	+1.058e+04	+0.559
46.100	+4.983e+03	+5.231e+03	+9.497e+03	+0.512
46.200	+4.366e+03	+4.589e+03	+9.566e+03	+0.512
46.300	+4.945e+03	+6.319e+03	+1.054e+04	+0.561
46.400	+6.021e+03	+4.773e+03	+9.722e+03	+0.442
46.500	+5.857e+03	+5.609e+03	+1.004e+04	+0.489
46.600	+5.575e+03	+4.952e+03	+1.099e+04	+0.470
46.700	+5.539e+03	+5.549e+03	+1.178e+04	+0.500
46.800	+5.082e+03	+5.047e+03	+1.130e+04	+0.498
46.900	+5.618e+03	+5.335e+03	+8.871e+03	+0.487
47.000	+4.578e+03	+5.157e+03	+9.342e+03	+0.530
47.100	+4.126e+03	+5.474e+03	+9.858e+03	+0.570
47.200	+5.167e+03	+4.904e+03	+9.495e+03	+0.487
47.300	+4.167e+03	+5.024e+03	+1.044e+04	+0.547
47.400	+4.179e+03	+4.778e+03	+9.488e+03	+0.533
47.500	+5.302e+03	+5.514e+03	+9.890e+03	+0.510
47.600	+4.235e+03	+6.238e+03	+9.582e+03	+0.596
47.700	+4.856e+03	+6.015e+03	+1.076e+04	+0.553
47.800	+4.217e+03	+3.918e+03	+8.108e+03	+0.482
47.900	+4.921e+03	+4.402e+03	+1.067e+04	+0.472
48.000	+5.592e+03	+4.415e+03	+1.023e+04	+0.441
48.100	+5.039e+03	+4.220e+03	+8.938e+03	+0.456
48.200	+4.678e+03	+6.158e+03	+9.860e+03	+0.568
48.300	+5.307e+03	+4.606e+03	+9.881e+03	+0.465
48.400	+5.420e+03	+3.911e+03	+9.357e+03	+0.419
48.500	+5.667e+03	+3.557e+03	+9.744e+03	+0.386
48.600	+4.541e+03	+6.458e+03	+9.910e+03	+0.587
48.700	+5.398e+03	+4.264e+03	+9.954e+03	+0.441
48.800	+5.697e+03	+4.531e+03	+9.855e+03	+0.443
48.900	+4.494e+03	+4.242e+03	+1.008e+04	+0.486
49.000	+5.063e+03	+5.212e+03	+1.045e+04	+0.507
49.100	+5.806e+03	+5.253e+03	+9.873e+03	+0.475
49.200	+3.666e+03	+4.566e+03	+1.107e+04	+0.555
49.300	+5.085e+03	+3.843e+03	+1.087e+04	+0.430
49.400	+5.574e+03	+4.917e+03	+1.048e+04	+0.469
49.500	+6.323e+03	+3.081e+03	+8.829e+03	+0.328
49.600	+7.221e+03	+3.671e+03	+1.007e+04	+0.337
49.700	+8.140e+03	+2.010e+03	+1.033e+04	+0.198
49.800	+6.720e+03	+1.449e+03	+1.035e+04	+0.177
49.900	+8.416e+03	+3.436e+03	+1.112e+04	+0.290
50.000	+5.249e+03	+5.149e+03	+9.639e+03	+0.495
50.100	+2.352e+03	+8.063e+03	+9.906e+03	+0.774
50.200	+1.079e+03	+6.986e+03	+9.860e+03	+0.866
50.300	+2.808e+03	+8.084e+03	+1.084e+04	+0.742
50.400	+2.573e+03	+7.322e+03	+8.875e+03	+0.740
50.500	+5.852e+03	+4.927e+03	+1.033e+04	+0.457
50.600	+5.622e+03	+5.198e+03	+1.010e+04	+0.480
50.700	+4.037e+03	+5.022e+03	+9.584e+03	+0.554
50.800	+5.102e+03	+5.543e+03	+9.388e+03	+0.521
50.900	+4.970e+03	+6.699e+03	+9.984e+03	+0.574
51.000	+5.848e+03	+4.354e+03	+9.987e+03	+0.427
51.100	+4.023e+03	+5.395e+03	+9.918e+03	+0.573
51.200	+5.599e+03	+5.633e+03	+1.038e+04	+0.502
51.300	+4.474e+03	+5.481e+03	+9.022e+03	+0.551
51.400	+5.228e+03	+3.987e+03	+9.890e+03	+0.433
51.500	+6.075e+03	+4.136e+03	+1.038e+04	+0.405
51.600	+4.156e+03	+5.390e+03	+9.811e+03	+0.565
51.700	+5.907e+03	+5.137e+03	+9.784e+03	+0.465
51.800	+7.322e+03	+2.911e+03	+9.198e+03	+0.284
51.900	+7.845e+03	+2.539e+03	+1.086e+04	+0.245
52.000	+6.481e+03	+4.552e+03	+1.068e+04	+0.413
52.100	+4.969e+03	+6.607e+03	+9.013e+03	+0.571
52.200	+4.859e+03	+4.610e+03	+9.872e+03	+0.487
52.300	+4.315e+03	+5.328e+03	+1.065e+04	+0.553
52.400	+5.152e+03	+3.740e+03	+1.175e+04	+0.421
52.500	+4.505e+03	+5.120e+03	+9.200e+03	+0.532
52.600	+4.612e+03	+5.886e+03	+9.344e+03	+0.561
52.700	+4.377e+03	+5.227e+03	+9.796e+03	+0.544
52.800	+5.465e+03	+4.531e+03	+1.016e+04	+0.453
52.900	+3.829e+03	+5.252e+03	+9.651e+03	+0.578
53.000	+5.612e+03	+4.590e+03	+9.829e+03	+0.450
53.100	+4.273e+03	+5.893e+03	+9.612e+03	+0.580
53.200	+4.772e+03	+4.288e+03	+8.856e+03	+0.473
53.300	+5.358e+03	+6.051e+03	+1.151e+04	+0.530
53.400	+3.012e+03	+6.779e+03	+9.246e+03	+0.692
53.500	+7.653e+02	+7.355e+03	+9.791e+03	+0.906
53.600	+1.919e+03	+8.281e+03	+1.019e+04	+0.812
53.700	+2.127e+03	+7.984e+03	+8.122e+03	+0.790
53.800	+1.815e+03	+9.081e+03	+8.954e+03	+0.833
53.900	+1.639e+03	+8.416e+03	+9.725e+03	+0.837
54.000	+1.561e+03	+8.463e+03	+9.672e+03	+0.844
54.100	+1.277e+03	+7.273e+03	+1.047e+04	+0.851
54.200	+1.845e+03	+7.458e+03	+1.015e+04	+0.802
54.300	+1.055e+03	+7.902e+03	+1.010e+04	+0.882
54.400	+2.707e+03	+7.330e+03	+9.824e+03	+0.730
54.500	+2.633e+03	+8.117e+03	+1.061e+04	+0.755
54.600	+1.960e+03	+8.184e+03	+1.019e+04	+0.807
54.700	+1.194e+03	+8.276e+03	+1.139e+04	+0.874
54.800	+3.096e+03	+5.974e+03	+1.018e+04	+0.659
54.900	+7.562e+03	+2.915e+03	+1.110e+04	+0.278
55.000	+7.559e+03	+3.025e+03	+9.497e+03	+0.286
55.100	+7.652e+03	+2.834e+03	+1.016e+04	+0.270
55.200	+8.202e+03	+3.114e+03	+8.913e+03	+0.275
55.300	+7.404e+03	+3.907e+03	+8.687e+03	+0.345
55.400	+8.005e+03	+1.392e+03	+1.011e+04	+0.148
55.500	+8.109e+03	+1.683e+03	+1.031e+04	+0.172
55.600	+8.234e+03	+3.471e+03	+1.011e+04	+0.297
55.700	+7.487e+03	+2.538e+03	+1.048e+04	+0.253
55.800	+6.362e+03	+2.787e+03	+9.541e+03	+0.305
55.900	+7.796e+03	+2.123e+03	+8.893e+03	+0.214
56.000	+8.270e+03	+1.779e+03	+9.410e+03	+0.177
56.100	+7.252e+03	+3.679e+03	+9.621e+03	+0.337
56.200	+6.422e+03	+4.166e+03	+1.024e+04	+0.393
56.300	+5.702e+03	+4.019e+03	+1.008e+04	+0.413
56.400	+4.714e+03	+4.433e+03	+1.056e+04	+0.485
56.500	+5.495e+03	+4.789e+03	+9.731e+03	+0.466
56.600	+3.024e+03	+7.204e+03	+1.002e+04	+0.704
56.700	+3.085e+03	+8.863e+03	+1.061e+04	+0.742
56.800	+3.043e+03	+1.027e+04	+8.706e+03	+0.771
56.900	+9.255e+02	+8.667e+03	+9.423e+03	+0.904
57.000	+1.858e+03	+8.065e+03	+1.072e+04	+0.813
57.100	+2.931e+03	+7.320e+03	+1.044e+04	+0.714
57.200	+1.214e+03	+9.438e+03	+9.349e+03	+0.886
57.300	+1.567e+03	+7.978e+03	+9.192e+03	+0.836
57.400	+2.843e+03	+8.280e+03	+1.097e+04	+0.744
57.500	+3.287e+03	+7.456e+03	+1.004e+04	+0.694
57.600	+2.097e+03	+8.468e+03	+9.860e+03	+0.802
57.700	+2.124e+03	+8.253e+03	+1.119e+04	+0.795
57.800	+2.546e+03	+8.093e+03	+1.064e+04	+0.761
57.900	+2.988e+03	+8.729e+03	+9.836e+03	+0.745
58.000	+3.322e+03	+7.590e+03	+1.014e+04	+0.696
58.100	+6.107e+02	+7.300e+03	+1.026e+04	+0.923
58.200	+1.031e+03	+8.771e+03	+8.691e+03	+0.895
58.300	+3.739e+03	+7.210e+03	+1.038e+04	+0.658
58.400	+2.278e+03	+8.018e+03	+9.439e+03	+0.779
58.500	+1.007e+03	+9.649e+03	+9.767e+03	+0.906
58.600	+3.194e+03	+8.675e+03	+9.584e+03	+0.731
58.700	+1.861e+03	+7.825e+03	+8.977e+03	+0.808
58.800	+2.707e+03	+8.444e+03	+9.967e+03	+0.757
58.900	+2.488e+03	+7.220e+03	+9.648e+03	+0.744
59.000	+1.924e+03	+7.277e+03	+9.863e+03	+0.791
59.100	+1.465e+03	+8.017e+03	+1.177e+04	+0.845
59.200	+2.303e+03	+9.516e+03	+1.030e+04	+0.805
59.300	+3.324e+03	+7.054e+03	+8.767e+03	+0.680
59.400	+1.622e+03	+7.566e+03	+9.757e+03	+0.823
59.500	+1.650e+03	+8.280e+03	+9.634e+03	+0.834
59.600	+1.914e+03	+9.236e+03	+1.098e+04	+0.828
59.700	+1.962e+03	+8.555e+03	+1.013e+04	+0.813
59.800	+2.172e+03	+7.783e+03	+1.047e+04	+0.782
59.900	+2.090e+03	+8.091e+03	+1.006e+04	+0.795
60.000	+1.503e+03	+7.601e+03	+9.998e+03	+0.835
60.100	+2.559e+03	+8.111e+03	+9.069e+03	+0.760
60.200	+2.851e+03	+7.875e+03	+1.039e+04	+0.734
60.300	+2.714e+03	+7.261e+03	+1.079e+04	+0.728
60.400	+2.249e+03	+8.188e+03	+1.030e+04	+0.784
60.500	+2.096e+03	+7.444e+03	+1.010e+04	+0.780
60.600	+2.893e+03	+8.427e+03	+9.798e+03	+0.744
60.700	+2.332e+03	+8.469e+03	+9.476e+03	+0.784
60.800	+1.591e+03	+7.720e+03	+1.092e+04	+0.829
60.900	+9.087e+02	+7.247e+03	+9.786e+03	+0.889
61.000	+2.236e+03	+8.197e+03	+9.737e+03	+0.786
61.100	+2.418e+03	+7.961e+03	+9.074e+03	+0.767
61.200	+1.359e+03	+8.300e+03	+1.087e+04	+0.859
61.300	+8.913e+02	+8.801e+03	+9.808e+03	+0.908
61.400	+1.789e+02	+9.598e+03	+9.546e+03	+0.982
61.500	+2.039e+03	+7.780e+03	+9.669e+03	+0.792
61.600	+9.835e+02	+8.268e+03	+1.069e+04	+0.894
61.700	+1.482e+03	+7.341e+03	+1.005e+04	+0.832
61.800	+1.001e+03	+7.858e+03	+9.465e+03	+0.887
61.900	+1.020e+03	+8.677e+03	+1.094e+04	+0.895
62.000	+2.156e+03	+7.397e+03	+1.071e+04	+0.774
62.100	+2.017e+03	+8.310e+03	+1.068e+04	+0.805
62.200	+2.224e+03	+7.741e+03	+1.039e+04	+0.777
62.300	+1.543e+03	+7.961e+03	+9.702e+03	+0.838
62.400	+2.293e+03	+9.249e+03	+1.018e+04	+0.801
62.500	+1.660e+03	+7.195e+03	+9.541e+03	+0.813
62.600	+3.395e+03	+7.701e+03	+1.036e+04	+0.694
62.700	+1.645e+03	+8.063e+03	+9.630e+03	+0.831
62.800	+5.150e+02	+8.736e+03	+9.369e+03	+0.944
62.900	+2.035e+03	+9.337e+03	+1.020e+04	+0.821
63.000	+1.667e+03	+8.185e+03	+1.033e+04	+0.831
63.100	+3.185e+02	+8.264e+03	+1.020e+04	+0.963
63.200	+3.082e+03	+7.669e+03	+9.231e+03	+0.713
63.300	+2.838e+03	+7.613e+03	+9.569e+03	+0.728
63.400	+1.387e+03	+7.388e+03	+9.992e+03	+0.842
63.500	+6.979e+02	+8.272e+03	+1.038e+04	+0.922
63.600	+2.504e+03	+7.847e+03	+9.668e+03	+0.758
63.700	+1.875e+03	+9.117e+03	+9.009e+03	+0.829
63.800	+2.099e+03	+7.173e+03	+9.739e+03	+0.774
63.900	+6.024e+03	+3.415e+03	+9.260e+03	+0.362
64.000	+8.244e+03	+5.497e+02	+1.111e+04	+0.063
64.100	+7.279e+03	+1.753e+03	+1.022e+04	+0.194
64.200	+7.913e+03	+3.311e+03	+9.692e+03	+0.295
64.300	+7.962e+03	+3.878e+03	+1.049e+04	+0.328
64.400	+5.594e+03	+4.135e+03	+9.797e+03	+0.425
64.500	+1.514e+03	+8.698e+03	+1.106e+04	+0.852
64.600	+2.536e+03	+8.192e+03	+9.356e+03	+0.764
64.700	+3.104e+03	+8.453e+03	+9.763e+03	+0.731
64.800	+2.852e+03	+8.375e+03	+1.023e+04	+0.746
64.900	+5.320e+02	+7.754e+03	+9.133e+03	+0.936
65.000	+1.063e+03	+8.977e+03	+1.121e+04	+0.894
65.100	+2.028e+03	+8.052e+03	+9.144e+03	+0.799
65.200	+3.301e+03	+7.339e+03	+1.032e+04	+0.690
65.300	+1.668e+03	+7.960e+03	+9.601e+03	+0.827
65.400	+1.346e+03	+7.419e+03	+9.885e+03	+0.846
65.500	+2.918e+03	+7.489e+03	+1.032e+04	+0.720
65.600	+2.917e+03	+8.658e+03	+1.049e+04	+0.748
65.700	+3.004e+03	+6.727e+03	+9.317e+03	+0.691
65.800	+5.941e+03	+5.033e+03	+1.029e+04	+0.459
65.900	+5.744e+03	+5.288e+03	+9.295e+03	+0.479
66.000	+5.315e+03	+6.009e+03	+9.826e+03	+0.531
66.100	+4.295e+03	+4.257e+03	+9.482e+03	+0.498
66.200	+5.331e+03	+4.855e+03	+1.026e+04	+0.477
66.300	+4.668e+03	+4.456e+03	+9.894e+03	+0.488
66.400	+6.080e+03	+4.460e+03	+9.291e+03	+0.423
66.500	+4.330e+03	+3.936e+03	+9.295e+03	+0.476
66.600	+3.806e+03	+5.063e+03	+9.907e+03	+0.571
66.700	+5.891e+03	+4.385e+03	+1.166e+04	+0.427
66.800	+5.072e+03	+4.414e+03	+8.713e+03	+0.465
66.900	+3.914e+03	+4.965e+03	+1.062e+04	+0.559
67.000	+3.644e+03	+5.719e+03	+9.639e+03	+0.611
67.100	+1.884e+03	+8.812e+03	+1.127e+04	+0.824
67.200	+1.468e+03	+8.150e+03	+9.420e+03	+0.847
67.300	+2.435e+03	+8.455e+03	+9.678e+03	+0.776
67.400	+2.088e+03	+7.458e+03	+9.984e+03	+0.781
67.500	+2.474e+03	+8.140e+03	+9.882e+03	+0.767
67.600	+2.231e+03	+7.756e+03	+1.020e+04	+0.777
67.700	+2.648e+03	+7.971e+03	+1.021e+04	+0.751
67.800	+1.871e+03	+7.403e+03	+1.106e+04	+0.798
67.900	+1.617e+03	+8.828e+03	+9.610e+03	+0.845
68.000	+2.541e+03	+8.246e+03	+1.000e+04	+0.764
68.100	+2.288e+03	+7.222e+03	+9.456e+03	+0.759
68.200	+1.559e+03	+8.111e+03	+1.009e+04	+0.839
68.300	+1.986e+03	+7.639e+03	+9.806e+03	+0.794
68.400	+2.544e+03	+8.104e+03	+1.080e+04	+0.761
68.500	+3.069e+03	+7.129e+03	+1.171e+04	+0.699
68.600	+6.694e+02	+8.483e+03	+1.050e+04	+0.927
68.700	+1.632e+03	+7.289e+03	+9.689e+03	+0.817
68.800	+3.316e+03	+8.162e+03	+1.046e+04	+0.711
68.900	+4.021e+03	+7.913e+03	+1.041e+04	+0.663
69.000	+2.517e+03	+7.821e+03	+1.003e+04	+0.757
69.100	+1.679e+03	+9.047e+03	+9.318e+03	+0.843
69.200	+2.158e+03	+8.068e+03	+9.668e+03	+0.789
69.300	+2.201e+03	+8.506e+03	+9.801e+03	+0.794
69.400	+3.886e+03	+7.742e+03	+9.122e+03	+0.666
69.500	+1.621e+03	+8.379e+03	+1.059e+04	+0.838
69.600	+1.768e+03	+8.117e+03	+9.851e+03	+0.821
69.700	+2.256e+03	+7.724e+03	+9.531e+03	+0.774
69.800	+1.308e+03	+8.080e+03	+1.061e+04	+0.861
69.900	+1.754e+03	+9.057e+03	+1.020e+04	+0.838
70.000	+1.265e+03	+7.984e+03	+1.003e+04	+0.863
70.100	+1.000e+03	+8.671e+03	+8.910e+03	+0.897
70.200	+3.150e+03	+6.828e+03	+1.007e+04	+0.684
70.300	+1.294e+03	+7.705e+03	+1.047e+04	+0.856
70.400	+2.057e+03	+6.989e+03	+1.024e+04	+0.773
70.500	+1.434e+03	+7.859e+03	+1.019e+04	+0.846
70.600	+3.022e+03	+9.443e+03	+1.109e+04	+0.758
70.700	+1.462e+03	+8.060e+03	+9.893e+03	+0.846
70.800	+2.476e+03	+8.737e+03	+9.460e+03	+0.779
70.900	+2.021e+03	+8.627e+03	+9.671e+03	+0.810
71.000	+1.034e+03	+8.478e+03	+9.287e+03	+0.891
71.100	+2.491e+03	+7.666e+03	+9.707e+03	+0.755
71.200	+1.878e+03	+8.905e+03	+1.102e+04	+0.826
71.300	+2.478e+03	+8.071e+03	+9.474e+03	+0.765
71.400	+2.762e+03	+7.874e+03	+9.930e+03	+0.740
71.500	+9.343e+02	+7.580e+03	+1.085e+04	+0.890
71.600	+2.251e+03	+8.118e+03	+9.453e+03	+0.783
71.700	+1.663e+03	+7.592e+03	+1.004e+04	+0.820
71.800	+2.064e+03	+9.851e+03	+1.098e+04	+0.827
71.900	+9.021e+02	+7.930e+03	+9.273e+03	+0.898
72.000	+3.099e+03	+9.041e+03	+1.016e+04	+0.745
72.100	+2.898e+03	+8.852e+03	+9.743e+03	+0.753
72.200	+1.238e+03	+8.843e+03	+1.074e+04	+0.877
72.300	+2.262e+03	+7.907e+03	+8.916e+03	+0.778
72.400	+1.046e+03	+9.327e+03	+1.027e+04	+0.899
72.500	+1.791e+03	+7.811e+03	+9.031e+03	+0.814
72.600	+2.443e+03	+8.842e+03	+1.047e+04	+0.784
72.700	+2.536e+03	+7.292e+03	+9.427e+03	+0.742
72.800	+2.573e+03	+7.979e+03	+1.009e+04	+0.756
72.900	+1.136e+03	+6.532e+03	+9.889e+03	+0.852
73.000	+7.765e+02	+7.860e+03	+1.050e+04	+0.910
73.100	+2.219e+03	+9.475e+03	+9.122e+03	+0.810
73.200	+2.888e+03	+8.631e+03	+1.026e+04	+0.749
73.300	+2.140e+03	+9.163e+03	+1.037e+04	+0.811
73.400	+2.480e+03	+7.862e+03	+9.784e+03	+0.760
73.500	+1.477e+03	+6.914e+03	+1.129e+04	+0.824
73.600	+1.298e+03	+7.453e+03	+8.993e+03	+0.852
73.700	+1.689e+03	+8.705e+03	+9.537e+03	+0.837
73.800	+1.858e+03	+7.674e+03	+9.962e+03	+0.805
73.900	+1.357e+03	+7.825e+03	+9.203e+03	+0.852
74.000	+1.841e+03	+9.238e+03	+9.553e+03	+0.834
74.100	+1.929e+03	+8.420e+03	+1.120e+04	+0.814
74.200	+1.613e+03	+8.647e+03	+1.097e+04	+0.843
74.300	+3.530e+03	+6.433e+03	+9.518e+03	+0.646
74.400	+2.702e+03	+8.196e+03	+9.706e+03	+0.752
74.500	+1.956e+03	+8.586e+03	+1.053e+04	+0.814
74.600	+3.273e+03	+8.883e+03	+1.147e+04	+0.731
74.700	+1.943e+03	+7.769e+03	+1.164e+04	+0.800
74.800	+2.317e+03	+7.564e+03	+9.814e+03	+0.765
74.900	+2.316e+03	+7.558e+03	+9.855e+03	+0.765
75.000	+2.546e+03	+7.868e+03	+9.175e+03	+0.756
75.100	+2.382e+03	+9.325e+03	+1.059e+04	+0.797
75.200	+2.692e+03	+8.180e+03	+9.619e+03	+0.752
75.300	+2.472e+03	+8.843e+03	+1.029e+04	+0.782
75.400	+2.176e+03	+7.393e+03	+9.964e+03	+0.773
75.500	+2.857e+03	+8.419e+03	+1.101e+04	+0.747
75.600	+1.951e+03	+7.127e+03	+8.799e+03	+0.785
75.700	+1.603e+03	+9.142e+03	+1.055e+04	+0.851
75.800	+3.761e+03	+6.112e+03	+9.043e+03	+0.619
75.900	+4.845e+03	+5.636e+03	+1.018e+04	+0.538
76.000	+4.583e+03	+4.658e+03	+1.110e+04	+0.504
76.100	+5.109e+03	+4.136e+03	+1.077e+04	+0.447
76.200	+5.004e+03	+5.024e+03	+1.056e+04	+0.501
76.300	+5.529e+03	+3.893e+03	+1.031e+04	+0.413
76.400	+4.887e+03	+4.931e+03	+1.082e+04	+0.502
76.500	+6.678e+03	+4.081e+03	+9.948e+03	+0.379
76.600	+3.386e+03	+4.511e+03	+1.108e+04	+0.571
76.700	+4.670e+03	+4.975e+03	+9.264e+03	+0.516
76.800	+4.631e+03	+4.885e+03	+9.353e+03	+0.513
76.900	+4.066e+03	+4.271e+03	+1.012e+04	+0.512
77.000	+5.219e+03	+5.276e+03	+1.053e+04	+0.503
77.100	+5.352e+03	+5.537e+03	+1.059e+04	+0.508
77.200	+2.685e+03	+5.454e+03	+1.085e+04	+0.670
77.300	+4.911e+03	+4.826e+03	+9.985e+03	+0.496
77.400	+5.477e+03	+5.531e+03	+1.092e+04	+0.502
77.500	+5.340e+03	+5.385e+03	+1.031e+04	+0.502
77.600	+5.517e+03	+6.068e+03	+1.043e+04	+0.524
77.700	+3.701e+03	+6.075e+03	+9.322e+03	+0.621
77.800	+3.249e+03	+8.078e+03	+8.621e+03	+0.713
77.900	+2.268e+03	+7.757e+03	+9.269e+03	+0.774
78.000	+2.789e+03	+8.862e+03	+9.923e+03	+0.761
78.100	+2.394e+03	+7.826e+03	+1.039e+04	+0.766
78.200	+1.411e+03	+6.285e+03	+9.665e+03	+0.817
78.300	+1.932e+03	+8.184e+03	+9.789e+03	+0.809
78.400	+1.068e+03	+7.701e+03	+1.063e+04	+0.878
78.500	+1.450e+03	+8.258e+03	+9.422e+03	+0.851
78.600	+2.757e+03	+7.912e+03	+1.003e+04	+0.742
78.700	+2.015e+03	+7.376e+03	+1.030e+04	+0.785
78.800	+2.864e+03	+8.070e+03	+9.156e+03	+0.738
78.900	+5.526e+02	+8.019e+03	+1.022e+04	+0.936
79.000	+2.125e+03	+8.091e+03	+9.398e+03	+0.792
79.100	+1.793e+03	+8.007e+03	+1.005e+04	+0.817
79.200	+3.503e+02	+6.982e+03	+1.106e+04	+0.952
79.300	+1.681e+03	+7.013e+03	+9.929e+03	+0.807
79.400	+1.868e+03	+7.792e+03	+9.192e+03	+0.807
79.500	+3.117e+03	+7.260e+03	+9.303e+03	+0.700
79.600	+2.560e+03	+8.344e+03	+1.083e+04	+0.765
79.700	+3.138e+03	+6.588e+03	+9.199e+03	+0.677
79.800	+4.570e+03	+3.662e+03	+1.021e+04	+0.445
79.900	+5.051e+03	+4.665e+03	+1.064e+04	+0.480
80.000	+4.660e+03	+6.460e+03	+1.035e+04	+0.581
80.100	+5.298e+03	+6.575e+03	+9.947e+03	+0.554
80.200	+6.753e+03	+2.290e+03	+9.337e+03	+0.253
80.300	+6.600e+03	+2.598e+03	+9.572e+03	+0.282
80.400	+6.929e+03	+2.733e+03	+9.637e+03	+0.283
80.500	+8.657e+03	+1.460e+03	+9.335e+03	+0.144
80.600	+7.654e+03	+2.288e+03	+9.640e+03	+0.230
80.700	+7.157e+03	+3.343e+03	+9.573e+03	+0.318
80.800	+7.688e+03	+2.250e+03	+9.908e+03	+0.226
80.900	+8.244e+03	+1.890e+03	+9.456e+03	+0.186
81.000	+9.610e+03	+2.376e+03	+1.085e+04	+0.198
81.100	+8.807e+03	+2.253e+03	+1.094e+04	+0.204
81.200	+6.498e+03	+2.670e+03	+1.072e+04	+0.291
81.300	+8.682e+03	+2.942e+03	+9.680e+03	+0.253
81.400	+8.381e+03	+2.602e+03	+1.077e+04	+0.237
81.500	+7.924e+03	+3.020e+03	+9.336e+03	+0.276
81.600	+7.044e+03	+2.120e+03	+9.999e+03	+0.231
81.700	+8.344e+03	+2.794e+03	+9.177e+03	+0.251
81.800	+7.540e+03	+2.318e+03	+9.597e+03	+0.235
81.900	+8.125e+03	+2.619e+03	+1.013e+04	+0.244
82.000	+7.811e+03	+3.119e+03	+1.007e+04	+0.285
82.100	+7.191e+03	+2.777e+03	+1.027e+04	+0.279
82.200	+7.641e+03	+3.377e+03	+1.043e+04	+0.306
82.300	+8.065e+03	+2.405e+03	+1.014e+04	+0.230
82.400	+7.449e+03	+2.642e+03	+9.743e+03	+0.262
82.500	+7.917e+03	+2.630e+03	+1.162e+04	+0.249
82.600	+6.930e+03	+2.378e+03	+8.959e+03	+0.255
82.700	+6.431e+03	+2.943e+03	+1.063e+04	+0.314
82.800	+6.738e+03	+2.406e+03	+9.973e+03	+0.263
82.900	+8.321e+03	+3.218e+03	+1.018e+04	+0.279
83.000	+4.562e+03	+5.201e+03	+9.322e+03	+0.533
83.100	+4.829e+03	+4.528e+03	+9.185e+03	+0.484
83.200	+3.884e+03	+3.635e+03	+1.101e+04	+0.483
83.300	+4.562e+03	+5.222e+03	+9.279e+03	+0.534
83.400	+4.617e+03	+4.780e+03	+7.706e+03	+0.509
83.500	+5.306e+03	+5.581e+03	+9.659e+03	+0.513
83.600	+4.603e+03	+4.717e+03	+9.539e+03	+0.506
83.700	+4.929e+03	+5.739e+03	+8.429e+03	+0.538
83.800	+5.296e+03	+5.029e+03	+9.330e+03	+0.487
83.900	+4.757e+03	+5.126e+03	+1.001e+04	+0.519
84.000	+4.170e+03	+5.662e+03	+9.454e+03	+0.576
84.100	+4.982e+03	+5.337e+03	+1.059e+04	+0.517
84.200	+4.716e+03	+4.001e+03	+1.008e+04	+0.459
84.300	+4.449e+03	+4.952e+03	+1.063e+04	+0.527
84.400	+5.107e+03	+4.971e+03	+1.059e+04	+0.493
84.500	+4.604e+03	+4.560e+03	+1.004e+04	+0.498
84.600	+5.730e+03	+5.283e+03	+1.053e+04	+0.480
84.700	+5.868e+03	+3.916e+03	+9.744e+03	+0.400
84.800	+6.047e+03	+3.937e+03	+1.020e+04	+0.394
84.900	+4.863e+03	+5.410e+03	+9.415e+03	+0.527
85.000	+4.593e+03	+3.953e+03	+1.074e+04	+0.463
85.100	+4.838e+03	+5.508e+03	+9.944e+03	+0.532
85.200	+4.873e+03	+6.335e+03	+9.822e+03	+0.565
85.300	+5.702e+03	+5.792e+03	+9.930e+03	+0.504
85.400	+4.753e+03	+5.266e+03	+9.885e+03	+0.526
85.500	+4.793e+03	+4.837e+03	+1.051e+04	+0.502
85.600	+3.912e+03	+5.566e+03	+1.009e+04	+0.587
85.700	+6.047e+03	+4.530e+03	+8.184e+03	+0.428
85.800	+4.991e+03	+5.095e+03	+9.468e+03	+0.505
85.900	+4.595e+03	+3.453e+03	+9.873e+03	+0.429
86.000	+4.884e+03	+5.790e+03	+1.026e+04	+0.542
86.100	+5.145e+03	+6.174e+03	+1.029e+04	+0.545
86.200	+5.982e+03	+5.236e+03	+9.972e+03	+0.467
86.300	+4.565e+03	+6.209e+03	+9.666e+03	+0.576
86.400	+4.675e+03	+5.630e+03	+9.423e+03	+0.546
86.500	+5.762e+03	+3.734e+03	+1.183e+04	+0.393
86.600	+6.232e+03	+4.191e+03	+1.074e+04	+0.402
86.700	+4.182e+03	+5.085e+03	+1.112e+04	+0.549
86.800	+4.963e+03	+5.378e+03	+9.469e+03	+0.520
86.900	+7.172e+03	+3.306e+03	+9.914e+03	+0.316
87.000	+8.134e+03	+1.496e+03	+1.050e+04	+0.155
87.100	+7.428e+03	+2.646e+03	+9.920e+03	+0.263
87.200	+6.679e+03	+3.096e+03	+9.455e+03	+0.317
87.300	+7.451e+03	+3.100e+03	+1.005e+04	+0.294
87.400	+6.940e+03	+2.257e+03	+1.044e+04	+0.245
87.500	+8.318e+03	+6.038e+02	+1.068e+04	+0.068
87.600	+7.593e+03	+1.425e+03	+9.592e+03	+0.158
87.700	+7.256e+03	+2.125e+03	+1.028e+04	+0.227
87.800	+7.868e+03	+2.926e+03	+1.024e+04	+0.271
87.900	+6.748e+03	+1.875e+03	+1.066e+04	+0.217
88.000	+7.441e+03	+2.865e+03	+9.355e+03	+0.278
88.100	+8.242e+03	+2.981e+03	+9.427e+03	+0.266
88.200	+6.726e+03	+2.792e+03	+9.480e+03	+0.293
88.300	+6.478e+03	+2.068e+03	+8.746e+03	+0.242
88.400	+8.027e+03	+2.466e+03	+1.061e+04	+0.235
88.500	+7.709e+03	+2.497e+03	+9.892e+03	+0.245
88.600	+8.153e+03	+1.700e+03	+9.751e+03	+0.173
88.700	+7.109e+03	+1.779e+03	+1.148e+04	+0.200
88.800	+7.889e+03	+3.119e+03	+9.699e+03	+0.283
88.900	+5.904e+03	+2.704e+03	+9.990e+03	+0.314
89.000	+7.652e+03	+2.792e+03	+1.137e+04	+0.267
89.100	+6.651e+03	+2.353e+03	+1.107e+04	+0.261
89.200	+7.376e+03	+3.714e+03	+8.914e+03	+0.335
89.300	+7.313e+03	+2.872e+03	+1.068e+04	+0.282
89.400	+6.996e+03	+2.999e+03	+1.074e+04	+0.300
89.500	+8.468e+03	+1.999e+03	+1.042e+04	+0.191
89.600	+7.647e+03	+2.915e+03	+1.091e+04	+0.276
89.700	+6.238e+03	+2.649e+03	+1.103e+04	+0.298
89.800	+7.442e+03	+4.238e+03	+9.936e+03	+0.363
89.900	+8.061e+03	+3.443e+03	+1.009e+04	+0.299
90.000	+6.706e+03	+2.682e+03	+1.008e+04	+0.286
90.100	+8.044e+03	+3.277e+03	+1.004e+04	+0.289
90.200	+7.471e+03	+3.882e+03	+1.034e+04	+0.342
90.300	+8.186e+03	+3.390e+03	+9.521e+03	+0.293
90.400	+7.720e+03	+1.925e+03	+9.854e+03	+0.200
90.500	+6.741e+03	+4.485e+02	+1.027e+04	+0.062
90.600	+7.866e+03	+2.489e+03	+1.045e+04	+0.240
90.700	+7.020e+03	+2.726e+03	+1.076e+04	+0.280
90.800	+7.064e+03	+2.272e+03	+9.292e+03	+0.243
90.900	+7.523e+03	+1.677e+03	+1.072e+04	+0.182
91.000	+7.707e+03	+4.074e+03	+8.260e+03	+0.346
91.100	+8.136e+03	+2.195e+03	+1.011e+04	+0.212
91.200	+6.140e+03	+3.500e+03	+1.035e+04	+0.363
91.300	+5.013e+03	+4.339e+03	+9.629e+03	+0.464
91.400	+3.097e+03	+4.574e+03	+9.710e+03	+0.596
91.500	+5.712e+03	+5.175e+03	+1.004e+04	+0.475
91.600	+4.711e+03	+5.069e+03	+1.044e+04	+0.518
91.700	+5.074e+03	+4.597e+03	+9.828e+03	+0.475
91.800	+6.329e+03	+5.915e+03	+1.156e+04	+0.483
91.900	+3.736e+03	+3.860e+03	+9.661e+03	+0.508
92.000	+5.556e+03	+5.405e+03	+9.128e+03	+0.493
92.100	+5.520e+03	+4.638e+03	+1.129e+04	+0.457
92.200	+4.593e+03	+4.815e+03	+9.731e+03	+0.512
92.300	+5.168e+03	+4.114e+03	+1.101e+04	+0.443
92.400	+4.814e+03	+5.680e+03	+1.179e+04	+0.541
92.500	+6.286e+03	+3.551e+03	+1.088e+04	+0.361
92.600	+5.754e+03	+4.568e+03	+1.086e+04	+0.443
92.700	+5.373e+03	+4.674e+03	+1.025e+04	+0.465
92.800	+6.605e+03	+4.739e+03	+1.057e+04	+0.418
92.900	+4.871e+03	+4.992e+03	+9.356e+03	+0.506
93.000	+5.911e+03	+5.118e+03	+1.027e+04	+0.464
93.100	+4.311e+03	+5.352e+03	+9.808e+03	+0.554
93.200	+5.672e+03	+4.757e+03	+1.081e+04	+0.456
93.300	+5.494e+03	+5.793e+03	+1.005e+04	+0.513
93.400	+5.151e+03	+4.349e+03	+9.973e+03	+0.458
93.500	+5.123e+03	+5.030e+03	+9.677e+03	+0.495
93.600	+5.673e+03	+4.986e+03	+1.012e+04	+0.468
93.700	+3.832e+03	+3.933e+03	+1.055e+04	+0.507
93.800	+4.913e+03	+4.832e+03	+1.038e+04	+0.496
93.900	+4.584e+03	+5.320e+03	+1.066e+04	+0.537
94.000	+5.583e+03	+5.108e+03	+1.033e+04	+0.478
94.100	+5.131e+03	+6.204e+03	+1.026e+04	+0.547
94.200	+4.420e+03	+5.172e+03	+8.941e+03	+0.539
94.300	+5.386e+03	+5.112e+03	+1.020e+04	+0.487
94.400	+4.641e+03	+4.079e+03	+1.086e+04	+0.468
94.500	+5.758e+03	+4.602e+03	+9.512e+03	+0.444
94.600	+7.644e+03	+3.185e+03	+7.853e+03	+0.294
94.700	+4.068e+03	+4.482e+03	+7.511e+03	+0.524
94.800	+8.673e+03	+2.950e+03	+1.071e+04	+0.254
94.900	+7.493e+03	+3.218e+03	+8.758e+03	+0.300
95.000	+7.488e+03	+2.963e+03	+1.058e+04	+0.284
95.100	+6.881e+03	+3.799e+03	+8.501e+03	+0.356
95.200	+8.658e+03	+2.635e+03	+1.077e+04	+0.233
95.300	+8.240e+03	+1.992e+03	+9.982e+03	+0.195
95.400	+7.534e+03	+2.328e+03	+1.019e+04	+0.236
95.500	+7.639e+03	+3.222e+03	+1.099e+04	+0.297
95.600	+6.346e+03	+1.977e+03	+1.129e+04	+0.238
95.700	+7.348e+03	+2.365e+03	+9.738e+03	+0.244
95.800	+7.915e+03	+2.661e+03	+1.047e+04	+0.252
95.900	+7.099e+03	+1.868e+03	+1.048e+04	+0.208
96.000	+8.455e+03	+2.402e+03	+9.279e+03	+0.221
96.100	+7.421e+03	+1.766e+03	+1.178e+04	+0.192
96.200	+7.504e+03	+3.125e+03	+9.770e+03	+0.294
96.300	+7.488e+03	+3.036e+03	+9.753e+03	+0.288
96.400	+7.368e+03	+4.570e+03	+1.013e+04	+0.383
96.500	+6.476e+03	+2.302e+03	+1.106e+04	+0.262
96.600	+7.809e+03	+2.104e+03	+9.633e+03	+0.212
96.700	+7.057e+03	+2.965e+03	+9.604e+03	+0.296
96.800	+7.496e+03	+1.941e+03	+9.655e+03	+0.206
96.900	+7.381e+03	+2.384e+03	+1.088e+04	+0.244
97.000	+8.384e+03	+3.036e+03	+9.143e+03	+0.266
97.100	+7.653e+03	+2.037e+03	+1.075e+04	+0.210
97.200	+5.013e+03	+4.327e+03	+9.790e+03	+0.463
97.300	+4.817e+03	+5.105e+03	+9.835e+03	+0.515
97.400	+5.574e+03	+3.956e+03	+1.034e+04	+0.415
97.500	+5.573e+03	+5.858e+03	+9.870e+03	+0.512
97.600	+6.103e+03	+4.085e+03	+9.815e+03	+0.401
97.700	+4.386e+03	+4.861e+03	+1.037e+04	+0.526
97.800	+4.833e+03	+4.097e+03	+9.514e+03	+0.459
97.900	+5.706e+03	+4.660e+03	+9.667e+03	+0.450
98.000	+4.811e+03	+5.238e+03	+8.079e+03	+0.521
98.100	+3.948e+03	+4.969e+03	+1.007e+04	+0.557
98.200	+6.389e+03	+5.511e+03	+9.570e+03	+0.463
98.300	+5.025e+03	+6.374e+03	+9.653e+03	+0.559
98.400	+4.829e+03	+5.299e+03	+1.170e+04	+0.523
98.500	+6.031e+03	+4.347e+03	+9.878e+03	+0.419
98.600	+4.579e+03	+5.373e+03	+1.009e+04	+0.540
98.700	+5.658e+03	+5.195e+03	+9.724e+03	+0.479
98.800	+4.613e+03	+5.816e+03	+8.778e+03	+0.558
98.900	+4.125e+03	+4.275e+03	+1.036e+04	+0.509
99.000	+5.362e+03	+5.076e+03	+9.758e+03	+0.486
99.100	+4.261e+03	+4.906e+03	+9.908e+03	+0.535
99.200	+4.985e+03	+4.732e+03	+9.723e+03	+0.487
99.300	+4.005e+03	+5.344e+03	+1.059e+04	+0.572
99.400	+5.196e+03	+5.345e+03	+1.118e+04	+0.507
99.500	+4.503e+03	+4.979e+03	+9.214e+03	+0.525
99.600	+6.183e+03	+4.565e+03	+1.076e+04	+0.425
99.700	+4.909e+03	+5.653e+03	+9.991e+03	+0.535
99.800	+5.029e+03	+4.118e+03	+9.972e+03	+0.450
99.900	+5.400e+03	+4.771e+03	+9.010e+03	+0.469
100.000	+4.570e+03	+5.016e+03	+9.743e+03	+0.523
100.100	+4.732e+03	+5.525e+03	+9.277e+03	+0.539
100.200	+4.697e+03	+5.616e+03	+1.150e+04	+0.545
100.300	+4.196e+03	+6.529e+03	+1.025e+04	+0.609
100.400	+2.517e+03	+8.463e+03	+9.994e+03	+0.771
100.500	+3.313e+03	+5.609e+03	+9.668e+03	+0.629
100.600	+5.556e+03	+5.267e+03	+1.000e+04	+0.487
100.700	+4.311e+03	+4.453e+03	+1.085e+04	+0.508
100.800	+5.680e+03	+5.256e+03	+1.011e+04	+0.481
100.900	+5.302e+03	+5.852e+03	+9.548e+03	+0.525
101.000	+4.612e+03	+6.083e+03	+1.060e+04	+0.569
101.100	+5.193e+03	+5.465e+03	+1.015e+04	+0.513
101.200	+5.145e+03	+5.543e+03	+1.035e+04	+0.519
101.300	+5.227e+03	+4.130e+03	+1.127e+04	+0.441
101.400	+6.322e+03	+5.054e+03	+9.171e+03	+0.444
101.500	+5.416e+03	+5.232e+03	+9.797e+03	+0.491
101.600	+4.042e+03	+5.273e+03	+1.115e+04	+0.566
101.700	+5.862e+03	+4.406e+03	+1.025e+04	+0.429
101.800	+5.553e+03	+4.974e+03	+9.492e+03	+0.473
101.900	+5.399e+03	+4.237e+03	+1.050e+04	+0.440
102.000	+5.183e+03	+5.518e+03	+9.108e+03	+0.516
102.100	+5.595e+03	+4.678e+03	+9.561e+03	+0.455
102.200	+6.441e+03	+5.630e+03	+1.046e+04	+0.466
102.300	+2.552e+03	+6.815e+03	+1.029e+04	+0.728
102.400	+2.792e+03	+8.605e+03	+1.231e+04	+0.755
102.500	+9.520e+02	+7.766e+03	+9.990e+03	+0.891
102.600	+5.250e+02	+7.598e+03	+9.809e+03	+0.935
102.700	+1.394e+03	+7.608e+03	+9.723e+03	+0.845
102.800	+2.006e+03	+8.279e+03	+1.008e+04	+0.805
102.900	+2.561e+03	+8.223e+03	+9.763e+03	+0.763
103.000	+1.288e+03	+7.809e+03	+1.054e+04	+0.858
103.100	+1.018e+03	+7.584e+03	+9.517e+03	+0.882
103.200	+1.444e+03	+8.180e+03	+1.117e+04	+0.850
103.300	+3.240e+03	+8.518e+03	+1.070e+04	+0.724
103.400	+2.292e+03	+7.811e+03	+1.107e+04	+0.773
103.500	+1.300e+03	+7.927e+03	+8.981e+03	+0.859
103.600	+1.594e+03	+7.099e+03	+9.269e+03	+0.817
103.700	+1.929e+03	+8.558e+03	+9.858e+03	+0.816
103.800	+3.368e+03	+7.443e+03	+1.019e+04	+0.688
103.900	+2.746e+03	+6.390e+03	+1.024e+04	+0.699
104.000	+2.282e+03	+8.025e+03	+1.046e+04	+0.779
104.100	+2.492e+03	+7.570e+03	+9.052e+03	+0.752
104.200	+1.506e+03	+8.623e+03	+1.065e+04	+0.851
104.300	+2.208e+03	+8.429e+03	+1.124e+04	+0.792
104.400	+3.267e+03	+9.236e+03	+9.204e+03	+0.739
104.500	+2.587e+03	+8.266e+03	+9.258e+03	+0.762
104.600	+3.108e+03	+7.782e+03	+1.090e+04	+0.715
104.700	+1.446e+03	+7.469e+03	+1.030e+04	+0.838
104.800	+2.372e+03	+8.185e+03	+1.055e+04	+0.775
104.900	+1.582e+03	+7.602e+03	+1.119e+04	+0.828
105.000	+2.104e+03	+7.355e+03	+8.383e+03	+0.778
105.100	+2.204e+03	+7.856e+03	+1.005e+04	+0.781
105.200	+2.970e+03	+7.339e+03	+1.065e+04	+0.712
105.300	+1.946e+03	+8.720e+03	+9.534e+03	+0.818
105.400	+1.788e+03	+8.800e+03	+9.699e+03	+0.831
105.500	+1.797e+03	+6.645e+03	+9.842e+03	+0.787
105.600	+2.336e+03	+7.422e+03	+9.710e+03	+0.761
105.700	+1.638e+03	+7.633e+03	+8.824e+03	+0.823
105.800	+3.780e+03	+6.524e+03	+1.003e+04	+0.633
105.900	+4.544e+03	+5.118e+03	+9.314e+03	+0.530
106.000	+5.135e+03	+5.405e+03	+9.554e+03	+0.513
106.100	+4.952e+03	+5.584e+03	+9.862e+03	+0.530
106.200	+4.443e+03	+4.858e+03	+1.167e+04	+0.522
106.300	+6.061e+03	+4.190e+03	+9.524e+03	+0.409
106.400	+8.827e+03	+2.701e+03	+9.167e+03	+0.234
106.500	+7.782e+03	+1.597e+03	+9.858e+03	+0.170
106.600	+7.931e+03	+2.914e+03	+8.625e+03	+0.269
106.700	+8.327e+03	+2.027e+03	+8.980e+03	+0.196
106.800	+7.336e+03	+2.511e+03	+9.800e+03	+0.255
106.900	+7.660e+03	+3.484e+03	+1.012e+04	+0.313
107.000	+8.623e+03	+3.770e+03	+1.032e+04	+0.304
107.100	+7.719e+03	+2.528e+03	+1.025e+04	+0.247
107.200	+7.648e+03	+1.593e+03	+9.637e+03	+0.172
107.300	+7.640e+03	+1.566e+03	+1.095e+04	+0.170
107.400	+8.407e+03	+3.256e+03	+1.029e+04	+0.279
107.500	+7.343e+03	+1.512e+03	+1.225e+04	+0.171
107.600	+8.305e+03	+3.136e+03	+9.980e+03	+0.274
107.700	+7.179e+03	+3.138e+03	+9.275e+03	+0.304
107.800	+7.716e+03	+1.607e+03	+1.040e+04	+0.172
107.900	+8.698e+03	+3.662e+03	+9.204e+03	+0.296
108.000	+5.528e+03	+4.324e+03	+1.043e+04	+0.439
108.100	+5.118e+03	+4.311e+03	+9.065e+03	+0.457
108.200	+4.483e+03	+3.997e+03	+1.024e+04	+0.471
108.300	+4.661e+03	+3.985e+03	+1.036e+04	+0.461
108.400	+4.967e+03	+5.032e+03	+1.032e+04	+0.503
108.500	+4.619e+03	+4.773e+03	+9.508e+03	+0.508
108.600	+6.289e+03	+5.264e+03	+9.473e+03	+0.456
108.700	+5.505e+03	+5.715e+03	+9.407e+03	+0.509
108.800	+4.962e+03	+5.631e+03	+9.049e+03	+0.532
108.900	+5.434e+03	+5.847e+03	+1.117e+04	+0.518
109.000	+5.687e+03	+5.411e+03	+9.861e+03	+0.488
109.100	+6.679e+03	+6.372e+03	+1.022e+04	+0.488
109.200	+4.400e+03	+5.122e+03	+9.730e+03	+0.538
109.300	+5.644e+03	+4.425e+03	+1.006e+04	+0.439
109.400	+4.734e+03	+5.844e+03	+1.039e+04	+0.552
109.500	+4.906e+03	+4.958e+03	+1.054e+04	+0.503
109.600	+5.351e+03	+6.535e+03	+1.145e+04	+0.550
109.700	+5.738e+03	+5.390e+03	+1.049e+04	+0.484
109.800	+4.337e+03	+5.868e+03	+8.582e+03	+0.575
109.900	+6.097e+03	+5.000e+03	+1.077e+04	+0.451
110.000	+5.587e+03	+4.484e+03	+1.020e+04	+0.445
110.100	+4.686e+03	+4.543e+03	+1.027e+04	+0.492
110.200	+4.859e+03	+4.468e+03	+9.436e+03	+0.479
110.300	+5.608e+03	+5.432e+03	+1.013e+04	+0.492
110.400	+4.088e+03	+5.224e+03	+9.522e+03	+0.561
110.500	+4.248e+03	+5.954e+03	+9.546e+03	+0.584
110.600	+6.874e+03	+4.657e+03	+9.060e+03	+0.404
110.700	+4.542e+03	+5.211e+03	+9.870e+03	+0.534
110.800	+5.813e+03	+5.922e+03	+1.048e+04	+0.505
110.900	+5.509e+03	+5.573e+03	+1.129e+04	+0.503
111.000	+5.217e+03	+6.322e+03	+1.046e+04	+0.548
111.100	+5.458e+03	+4.950e+03	+1.029e+04	+0.476
111.200	+4.088e+03	+4.579e+03	+9.617e+03	+0.528
111.300	+3.675e+03	+6.723e+03	+9.737e+03	+0.647
111.400	+1.785e+03	+6.845e+03	+1.059e+04	+0.793
111.500	+1.369e+03	+7.971e+03	+1.047e+04	+0.853
111.600	+1.011e+03	+7.510e+03	+1.086e+04	+0.881
111.700	+2.542e+03	+8.343e+03	+1.035e+04	+0.766
111.800	+2.189e+03	+8.846e+03	+8.936e+03	+0.802
111.900	+1.966e+03	+8.487e+03	+1.030e+04	+0.812
112.000	+2.290e+03	+8.430e+03	+9.026e+03	+0.786
112.100	+2.246e+03	+8.271e+03	+9.997e+03	+0.786
112.200	+2.032e+03	+8.606e+03	+9.686e+03	+0.809
112.300	+2.097e+03	+8.363e+03	+1.003e+04	+0.800
112.400	+2.828e+03	+6.514e+03	+1.007e+04	+0.697
112.500	+2.431e+03	+7.806e+03	+9.689e+03	+0.763
112.600	+1.716e+03	+7.680e+03	+1.015e+04	+0.817
112.700	+2.587e+03	+6.923e+03	+1.068e+04	+0.728
112.800	+1.147e+03	+7.311e+03	+9.879e+03	+0.864
112.900	+1.495e+03	+8.555e+03	+9.978e+03	+0.851
113.000	+1.304e+03	+8.946e+03	+9.317e+03	+0.873
113.100	+2.458e+03	+7.860e+03	+9.664e+03	+0.762
113.200	+1.065e+03	+8.150e+03	+9.333e+03	+0.884
113.300	+2.765e+03	+7.110e+03	+9.403e+03	+0.720
113.400	+1.789e+03	+8.208e+03	+9.077e+03	+0.821
113.500	+4.394e+03	+5.391e+03	+9.684e+03	+0.551
113.600	+7.617e+03	+2.502e+03	+9.999e+03	+0.247
113.700	+7.154e+03	+2.092e+03	+1.058e+04	+0.226
113.800	+8.386e+03	+3.625e+03	+1.069e+04	+0.302
113.900	+6.990e+03	+2.864e+03	+9.939e+03	+0.291
114.000	+5.126e+03	+8.641e+02	+9.213e+03	+0.144
114.100	+7.499e+03	+3.172e+03	+9.909e+03	+0.297
114.200	+7.320e+03	+3.485e+03	+1.011e+04	+0.323
114.300	+7.310e+03	+2.892e+03	+9.306e+03	+0.283
114.400	+7.251e+03	+2.260e+03	+8.936e+03	+0.238
114.500	+7.059e+03	+2.388e+03	+1.008e+04	+0.253
114.600	+7.317e+03	+2.698e+03	+1.089e+04	+0.269
114.700	+6.401e+03	+3.223e+03	+1.002e+04	+0.335
114.800	+7.211e+03	+3.548e+03	+9.167e+03	+0.330
114.900	+7.999e+03	+2.464e+03	+9.554e+03	+0.235
115.000	+5.705e+03	+2.836e+03	+1.109e+04	+0.332
115.100	+7.371e+03	+2.745e+03	+1.032e+04	+0.271
115.200	+7.292e+03	+2.412e+03	+9.472e+03	+0.249
115.300	+8.007e+03	+3.091e+03	+1.000e+04	+0.279
115.400	+7.523e+03	+1.962e+03	+9.972e+03	+0.207
115.500	+7.781e+03	+2.637e+03	+9.082e+03	+0.253
115.600	+8.096e+03	+2.963e+03	+8.846e+03	+0.268
115.700	+8.014e+03	+3.697e+03	+1.109e+04	+0.316
115.800	+7.078e+03	+2.753e+03	+1.021e+04	+0.280
115.900	+8.537e+03	+2.685e+03	+9.911e+03	+0.239
116.000	+7.440e+03	+2.526e+03	+1.027e+04	+0.253
116.100	+7.022e+03	+2.744e+03	+9.246e+03	+0.281
116.200	+7.714e+03	+2.945e+03	+1.024e+04	+0.276
116.300	+6.499e+03	+2.225e+03	+1.005e+04	+0.255
116.400	+6.365e+03	+1.735e+03	+1.062e+04	+0.214
116.500	+8.730e+03	+1.941e+03	+9.974e+03	+0.182
116.600	+4.740e+03	+5.549e+03	+9.726e+03	+0.539
116.700	+6.435e+02	+7.917e+03	+9.321e+03	+0.925
116.800	+1.898e+03	+8.884e+03	+9.255e+03	+0.824
116.900	+1.871e+03	+8.819e+03	+1.032e+04	+0.825
117.000	+1.712e+03	+8.281e+03	+1.035e+04	+0.829
117.100	+2.025e+03	+7.966e+03	+8.531e+03	+0.797
117.200	+2.353e+03	+7.330e+03	+9.674e+03	+0.757
117.300	+1.202e+03	+7.233e+03	+1.060e+04	+0.858
117.400	+1.906e+03	+7.412e+03	+1.068e+04	+0.795
117.500	+1.824e+03	+8.275e+03	+9.618e+03	+0.819
117.600	+2.166e+03	+9.285e+03	+8.851e+03	+0.811
117.700	+3.192e+03	+8.383e+03	+1.038e+04	+0.724
117.800	+2.201e+03	+8.550e+03	+1.006e+04	+0.795
117.900	+2.081e+03	+8.327e+03	+9.127e+03	+0.800
118.000	+1.497e+03	+8.607e+03	+1.139e+04	+0.852
118.100	+1.732e+03	+9.194e+03	+1.038e+04	+0.841
118.200	+1.630e+03	+9.094e+03	+9.829e+03	+0.848
118.300	+2.196e+03	+7.104e+03	+1.002e+04	+0.764
118.400	+2.312e+03	+8.822e+03	+1.033e+04	+0.792
118.500	+4.938e+03	+5.120e+03	+9.754e+03	+0.509
118.600	+7.298e+03	+2.268e+03	+1.111e+04	+0.237
118.700	+9.067e+03	+1.560e+03	+1.063e+04	+0.147
118.800	+7.476e+03	+1.803e+03	+9.717e+03	+0.194
118.900	+8.270e+03	+3.854e+03	+1.073e+04	+0.318
119.000	+8.426e+03	+3.157e+03	+1.022e+04	+0.273
119.100	+7.312e+03	+2.405e+03	+1.111e+04	+0.247
119.200	+7.486e+03	+3.102e+03	+1.174e+04	+0.293
119.300	+7.427e+03	+2.310e+03	+9.462e+03	+0.237
119.400	+7.682e+03	+1.818e+03	+9.780e+03	+0.191
119.500	+8.510e+03	+3.190e+03	+1.061e+04	+0.273
119.600	+7.515e+03	+2.482e+03	+9.950e+03	+0.248
119.700	+8.865e+03	+2.188e+03	+1.073e+04	+0.198
119.800	+7.560e+03	+3.964e+03	+1.087e+04	+0.344
119.900	+6.573e+03	+2.060e+03	+1.007e+04	+0.239
120.000	+5.031e+03	+3.124e+03	+9.862e+03	+0.383
120.100	+6.023e+03	+3.386e+03	+9.944e+03	+0.360
120.200	+6.983e+03	+1.950e+03	+9.148e+03	+0.218
120.300	+6.421e+03	+2.846e+03	+9.398e+03	+0.307
120.400	+7.587e+03	+3.017e+03	+1.001e+04	+0.285
120.500	+6.543e+03	+3.959e+03	+9.375e+03	+0.377
120.600	+4.241e+03	+5.946e+03	+9.014e+03	+0.584
120.700	+5.326e+03	+4.192e+03	+8.919e+03	+0.440
120.800	+7.173e+03	+3.903e+03	+1.031e+04	+0.352
120.900	+5.232e+03	+4.287e+03	+9.427e+03	+0.450
121.000	+5.069e+03	+5.593e+03	+1.069e+04	+0.525
121.100	+5.008e+03	+4.232e+03	+9.667e+03	+0.458
121.200	+4.872e+03	+5.093e+03	+1.079e+04	+0.511
121.300	+4.493e+03	+4.680e+03	+9.465e+03	+0.510
121.400	+5.457e+03	+5.792e+03	+1.001e+04	+0.515
121.500	+5.737e+03	+5.253e+03	+9.096e+03	+0.478
121.600	+4.825e+03	+4.509e+03	+1.074e+04	+0.483
121.700	+6.307e+03	+5.117e+03	+9.414e+03	+0.448
121.800	+4.373e+03	+5.068e+03	+1.043e+04	+0.537
121.900	+4.842e+03	+5.461e+03	+1.071e+04	+0.530
122.000	+5.690e+03	+4.442e+03	+1.059e+04	+0.438
122.100	+5.018e+03	+6.689e+03	+1.018e+04	+0.571
122.200	+4.653e+03	+4.491e+03	+7.604e+03	+0.491
122.300	+5.906e+03	+5.214e+03	+9.145e+03	+0.469
122.400	+4.464e+03	+5.819e+03	+9.893e+03	+0.566
122.500	+4.443e+03	+5.594e+03	+9.691e+03	+0.557
122.600	+5.816e+03	+4.820e+03	+1.021e+04	+0.453
122.700	+5.233e+03	+4.078e+03	+9.706e+03	+0.438
122.800	+4.113e+03	+5.192e+03	+1.063e+04	+0.558
122.900	+4.895e+03	+3.812e+03	+1.016e+04	+0.438
123.000	+3.543e+03	+5.824e+03	+1.025e+04	+0.622
123.100	+5.412e+03	+4.166e+03	+9.456e+03	+0.435
123.200	+5.509e+03	+5.066e+03	+9.945e+03	+0.479
123.300	+4.561e+03	+6.047e+03	+1.035e+04	+0.570
123.400	+5.418e+03	+5.618e+03	+1.129e+04	+0.509
123.500	+3.682e+03	+5.460e+03	+1.011e+04	+0.597
123.600	+4.330e+03	+4.683e+03	+8.852e+03	+0.520
123.700	+2.651e+03	+7.124e+03	+1.036e+04	+0.729
123.800	+1.824e+03	+8.288e+03	+9.811e+03	+0.820
123.900	+3.174e+03	+7.624e+03	+1.071e+04	+0.706
124.000	+1.647e+03	+6.765e+03	+9.855e+03	+0.804
124.100	+2.364e+03	+7.489e+03	+9.884e+03	+0.760
124.200	+1.866e+03	+7.660e+03	+1.045e+04	+0.804
124.300	+2.381e+03	+7.088e+03	+1.113e+04	+0.749
124.400	+3.187e+03	+8.965e+03	+9.219e+03	+0.738
124.500	+1.723e+03	+8.468e+03	+9.513e+03	+0.831
124.600	+1.333e+03	+8.386e+03	+9.756e+03	+0.863
124.700	+1.477e+03	+6.970e+03	+8.054e+03	+0.825
124.800	+1.492e+03	+8.190e+03	+9.375e+03	+0.846
124.900	+1.128e+03	+7.631e+03	+8.459e+03	+0.871
125.000	+3.459e+03	+6.591e+03	+1.062e+04	+0.656
125.100	+5.178e+03	+4.432e+03	+8.162e+03	+0.461
125.200	+5.976e+03	+6.277e+03	+9.543e+03	+0.512
125.300	+5.240e+03	+4.201e+03	+9.031e+03	+0.445
125.400	+4.442e+03	+5.768e+03	+9.831e+03	+0.565
125.500	+2.328e+03	+8.311e+03	+9.930e+03	+0.781
125.600	+2.822e+03	+8.921e+03	+9.422e+03	+0.760
125.700	+1.774e+02	+7.833e+03	+1.081e+04	+0.978
125.800	+2.783e+03	+8.262e+03	+1.095e+04	+0.748
125.900	+1.166e+03	+7.204e+03	+8.930e+03	+0.861
126.000	+5.974e+03	+4.002e+03	+9.230e+03	+0.401
126.100	+5.887e+03	+4.456e+03	+9.416e+03	+0.431
126.200	+5.361e+03	+5.523e+03	+1.033e+04	+0.507
126.300	+3.000e+03	+5.325e+03	+9.794e+03	+0.640
126.400	+2.854e+03	+5.376e+03	+8.958e+03	+0.653
126.500	+4.158e+03	+5.026e+03	+9.527e+03	+0.547
126.600	+5.238e+03	+4.728e+03	+1.002e+04	+0.474
126.700	+4.670e+03	+6.093e+03	+1.025e+04	+0.566
126.800	+4.964e+03	+5.228e+03	+1.039e+04	+0.513
126.900	+4.712e+03	+5.315e+03	+9.734e+03	+0.530
127.000	+5.306e+03	+3.721e+03	+1.112e+04	+0.412
127.100	+6.203e+03	+6.093e+03	+1.120e+04	+0.496
127.200	+1.742e+03	+8.715e+03	+1.116e+04	+0.833
127.300	+1.975e+03	+8.724e+03	+1.078e+04	+0.815
127.400	+1.213e+03	+7.574e+03	+9.062e+03	+0.862
127.500	+1.251e+03	+8.752e+03	+9.865e+03	+0.875
127.600	+2.302e+03	+8.563e+03	+9.034e+03	+0.788
127.700	+2.485e+03	+7.620e+03	+1.009e+04	+0.754
127.800	+1.218e+03	+6.923e+03	+9.281e+03	+0.850
127.900	+2.401e+03	+7.402e+03	+8.935e+03	+0.755
128.000	+1.740e+03	+8.356e+03	+1.006e+04	+0.828
128.100	+5.027e+03	+5.168e+03	+8.966e+03	+0.507
128.200	+5.581e+03	+4.743e+03	+9.706e+03	+0.459
128.300	+5.497e+03	+4.719e+03	+1.000e+04	+0.462
128.400	+5.631e+03	+5.403e+03	+9.555e+03	+0.490
128.500	+4.133e+03	+5.505e+03	+1.005e+04	+0.571
128.600	+6.274e+03	+4.011e+03	+1.017e+04	+0.390
128.700	+4.503e+03	+5.526e+03	+9.523e+03	+0.551
128.800	+5.378e+03	+4.666e+03	+9.439e+03	+0.465
128.900	+5.140e+03	+3.852e+03	+1.042e+04	+0.428
129.000	+4.261e+03	+5.248e+03	+1.027e+04	+0.552
129.100	+4.623e+03	+4.567e+03	+1.114e+04	+0.497
129.200	+4.720e+03	+4.576e+03	+1.001e+04	+0.492
129.300	+4.488e+03	+4.740e+03	+9.514e+03	+0.514
129.400	+4.703e+03	+4.831e+03	+1.004e+04	+0.507
129.500	+5.277e+03	+4.890e+03	+1.057e+04	+0.481
129.600	+4.538e+03	+3.757e+03	+9.639e+03	+0.453
129.700	+5.268e+03	+5.159e+03	+9.106e+03	+0.495
129.800	+4.886e+03	+4.831e+03	+9.636e+03	+0.497
129.900	+3.631e+03	+5.443e+03	+8.802e+03	+0.600
130.000	+5.231e+03	+5.483e+03	+9.386e+03	+0.512
130.100	+5.310e+03	+5.020e+03	+8.643e+03	+0.486
130.200	+5.848e+03	+4.750e+03	+1.012e+04	+0.448
130.300	+4.705e+03	+4.382e+03	+9.569e+03	+0.482
130.400	+6.104e+03	+4.585e+03	+9.999e+03	+0.429
130.500	+5.335e+03	+5.926e+03	+8.551e+03	+0.526
130.600	+4.444e+03	+5.423e+03	+1.038e+04	+0.550
130.700	+4.653e+03	+4.311e+03	+1.128e+04	+0.481
130.800	+5.088e+03	+5.002e+03	+9.758e+03	+0.496
130.900	+5.040e+03	+3.575e+03	+9.830e+03	+0.415
