%t (s)	Idd (a.u.)	Ida (a.u.)	Iaa (a.u.)	FRET E
0.000	+1.989e+03	+7.404e+03	+1.033e+04	+0.788
0.100	+1.729e+03	+8.807e+03	+1.050e+04	+0.836
0.200	+2.745e+03	+7.293e+03	+1.057e+04	+0.727
0.300	+1.421e+03	+7.998e+03	+9.419e+03	+0.849
0.400	+2.507e+03	+8.796e+03	+9.404e+03	+0.778
0.500	+2.344e+03	+9.170e+03	+1.048e+04	+0.796
0.600	+3.259e+03	+8.262e+03	+1.136e+04	+0.717
0.700	+2.289e+03	+7.865e+03	+9.815e+03	+0.775
0.800	+2.318e+03	+7.147e+03	+1.066e+04	+0.755
0.900	+1.908e+03	+7.316e+03	+1.098e+04	+0.793
1.000	+1.657e+03	+8.059e+03	+1.058e+04	+0.829
1.100	+2.279e+03	+9.066e+03	+9.237e+03	+0.799
1.200	+2.733e+03	+7.163e+03	+1.021e+04	+0.724
1.300	+2.229e+03	+6.527e+03	+1.046e+04	+0.745
1.400	+2.221e+03	+8.813e+03	+9.152e+03	+0.799
1.500	+2.699e+03	+7.513e+03	+1.005e+04	+0.736
1.600	+5.867e+03	+6.222e+03	+1.126e+04	+0.515
1.700	+4.291e+03	+5.226e+03	+1.014e+04	+0.549
1.800	+4.746e+03	+4.809e+03	+9.583e+03	+0.503
1.900	+1.536e+03	+6.995e+03	+9.635e+03	+0.820
2.000	+2.655e+03	+8.312e+03	+1.007e+04	+0.758
2.100	+1.412e+03	+7.893e+03	+9.811e+03	+0.848
2.200	+7.586e+02	+9.661e+03	+1.012e+04	+0.927
2.300	+2.372e+03	+6.455e+03	+1.090e+04	+0.731
2.400	+1.743e+03	+7.891e+03	+9.566e+03	+0.819
2.500	+2.426e+03	+7.837e+03	+1.015e+04	+0.764
2.600	+2.748e+03	+7.674e+03	+1.061e+04	+0.736
2.700	+1.289e+03	+8.235e+03	+9.138e+03	+0.865
2.800	+2.824e+03	+8.754e+03	+8.890e+03	+0.756
2.900	+2.439e+03	+7.428e+03	+1.050e+04	+0.753
3.000	+1.862e+03	+7.897e+03	+9.531e+03	+0.809
3.100	+1.993e+03	+7.577e+03	+9.973e+03	+0.792
3.200	+3.191e+03	+8.940e+03	+8.905e+03	+0.737
3.300	+6.948e+02	+7.656e+03	+1.001e+04	+0.917
3.400	+3.381e+03	+9.536e+03	+1.114e+04	+0.738
3.500	+3.222e+03	+8.430e+03	+1.042e+04	+0.723
3.600	+1.697e+03	+8.152e+03	+1.025e+04	+0.828
3.700	+1.133e+03	+9.501e+03	+9.678e+03	+0.893
3.800	+2.320e+03	+7.811e+03	+1.089e+04	+0.771
3.900	+1.741e+03	+8.690e+03	+1.091e+04	+0.833
4.000	+2.262e+03	+7.397e+03	+1.064e+04	+0.766
4.100	+1.100e+03	+7.929e+03	+8.742e+03	+0.878
4.200	+2.197e+03	+7.234e+03	+9.717e+03	+0.767
4.300	+1.307e+03	+7.840e+03	+1.005e+04	+0.857
4.400	+1.924e+03	+8.626e+03	+1.067e+04	+0.818
4.500	+3.005e+03	+7.938e+03	+9.938e+03	+0.725
4.600	+1.275e+03	+8.110e+03	+9.044e+03	+0.864
4.700	+1.983e+03	+6.679e+03	+9.718e+03	+0.771
4.800	+4.536e+03	+5.952e+03	+1.031e+04	+0.568
4.900	+4.852e+03	+3.769e+03	+9.337e+03	+0.437
5.000	+3.991e+03	+4.735e+03	+9.695e+03	+0.543
5.100	+6.440e+03	+4.025e+03	+1.019e+04	+0.385
5.200	+5.081e+03	+4.173e+03	+8.721e+03	+0.451
5.300	+2.746e+03	+6.594e+03	+1.013e+04	+0.706
5.400	+1.577e+03	+9.723e+03	+1.010e+04	+0.860
5.500	+2.417e+03	+7.409e+03	+9.073e+03	+0.754
5.600	+2.027e+03	+8.806e+03	+9.749e+03	+0.813
5.700	+1.058e+03	+7.255e+03	+1.060e+04	+0.873
5.800	+1.373e+03	+9.446e+03	+1.043e+04	+0.873
5.900	+2.634e+03	+8.870e+03	+1.049e+04	+0.771
6.000	+1.520e+03	+7.609e+03	+1.063e+04	+0.833
6.100	+2.372e+03	+8.390e+03	+9.247e+03	+0.780
6.200	+2.253e+03	+8.061e+03	+1.041e+04	+0.782
6.300	+2.018e+03	+7.557e+03	+1.009e+04	+0.789
6.400	+2.368e+03	+6.759e+03	+9.669e+03	+0.741
6.500	+1.224e+03	+6.821e+03	+9.582e+03	+0.848
6.600	+3.244e+03	+8.055e+03	+1.028e+04	+0.713
6.700	+2.190e+03	+8.939e+03	+1.134e+04	+0.803
6.800	+1.542e+03	+8.286e+03	+1.002e+04	+0.843
6.900	+1.652e+03	+7.204e+03	+1.023e+04	+0.813
7.000	+1.646e+03	+8.133e+03	+1.049e+04	+0.832
7.100	+1.875e+03	+8.028e+03	+1.055e+04	+0.811
7.200	+2.038e+03	+6.587e+03	+9.985e+03	+0.764
7.300	+1.769e+03	+7.586e+03	+1.098e+04	+0.811
7.400	+2.449e+03	+8.487e+03	+9.440e+03	+0.776
7.500	+2.088e+03	+7.949e+03	+9.805e+03	+0.792
7.600	+9.247e+02	+8.688e+03	+9.630e+03	+0.904
7.700	+1.977e+03	+8.400e+03	+8.905e+03	+0.809
7.800	+3.009e+03	+7.602e+03	+1.000e+04	+0.716
7.900	+4.230e+03	+7.086e+03	+1.003e+04	+0.626
8.000	+3.485e+03	+6.942e+03	+8.979e+03	+0.666
8.100	+5.657e+03	+4.422e+03	+9.303e+03	+0.439
8.200	+4.916e+03	+5.266e+03	+9.042e+03	+0.517
8.300	+5.159e+03	+5.382e+03	+9.071e+03	+0.511
8.400	+5.701e+03	+5.949e+03	+1.032e+04	+0.511
8.500	+5.445e+03	+5.301e+03	+1.123e+04	+0.493
8.600	+6.012e+03	+5.042e+03	+1.042e+04	+0.456
8.700	+5.433e+03	+5.130e+03	+9.711e+03	+0.486
8.800	+5.567e+03	+5.188e+03	+9.053e+03	+0.482
8.900	+6.110e+03	+5.383e+03	+1.038e+04	+0.468
9.000	+4.881e+03	+5.202e+03	+1.071e+04	+0.516
9.100	+2.654e+03	+7.830e+03	+9.001e+03	+0.747
9.200	+2.265e+03	+8.070e+03	+8.872e+03	+0.781
9.300	+2.149e+03	+8.771e+03	+9.182e+03	+0.803
9.400	+2.105e+03	+7.928e+03	+1.073e+04	+0.790
9.500	+3.123e+03	+7.783e+03	+1.096e+04	+0.714
9.600	+2.350e+03	+8.235e+03	+1.163e+04	+0.778
9.700	+1.783e+03	+8.532e+03	+1.001e+04	+0.827
9.800	+2.391e+03	+7.425e+03	+9.904e+03	+0.756
9.900	+7.317e+02	+9.747e+03	+1.003e+04	+0.930
10.000	+2.485e+03	+8.287e+03	+9.637e+03	+0.769
10.100	+1.920e+03	+9.070e+03	+1.051e+04	+0.825
10.200	+2.290e+03	+8.584e+03	+9.828e+03	+0.789
10.300	+3.918e+03	+6.179e+03	+9.519e+03	+0.612
10.400	+4.276e+03	+5.947e+03	+9.391e+03	+0.582
10.500	+4.935e+03	+3.895e+03	+1.041e+04	+0.441
10.600	+5.007e+03	+4.943e+03	+9.785e+03	+0.497
10.700	+4.029e+03	+5.442e+03	+1.035e+04	+0.575
10.800	+4.581e+03	+4.897e+03	+1.098e+04	+0.517
10.900	+4.789e+03	+4.724e+03	+1.045e+04	+0.497
11.000	+3.672e+03	+4.986e+03	+9.243e+03	+0.576
11.100	+4.614e+03	+4.464e+03	+9.952e+03	+0.492
11.200	+5.426e+03	+5.189e+03	+1.122e+04	+0.489
11.300	+6.075e+03	+5.243e+03	+1.090e+04	+0.463
11.400	+4.987e+03	+5.102e+03	+8.708e+03	+0.506
11.500	+5.174e+03	+5.808e+03	+1.142e+04	+0.529
11.600	+5.319e+03	+3.610e+03	+9.070e+03	+0.404
11.700	+4.238e+03	+6.175e+03	+1.073e+04	+0.593
11.800	+5.639e+03	+4.713e+03	+9.369e+03	+0.455
11.900	+5.843e+03	+4.369e+03	+1.079e+04	+0.428
12.000	+4.815e+03	+5.616e+03	+9.405e+03	+0.538
12.100	+5.373e+03	+4.817e+03	+1.008e+04	+0.473
12.200	+4.337e+03	+5.201e+03	+9.834e+03	+0.545
12.300	+4.968e+03	+5.075e+03	+9.461e+03	+0.505
12.400	+5.778e+03	+5.075e+03	+9.017e+03	+0.468
12.500	+5.012e+03	+5.142e+03	+9.238e+03	+0.506
12.600	+5.449e+03	+3.973e+03	+9.006e+03	+0.422
12.700	+6.154e+03	+5.750e+03	+1.096e+04	+0.483
12.800	+5.622e+03	+3.624e+03	+9.437e+03	+0.392
12.900	+5.172e+03	+4.315e+03	+9.868e+03	+0.455
13.000	+6.509e+03	+5.449e+03	+9.358e+03	+0.456
13.100	+3.973e+03	+3.986e+03	+1.109e+04	+0.501
13.200	+5.175e+03	+5.558e+03	+9.662e+03	+0.518
13.300	+3.136e+03	+8.657e+03	+1.087e+04	+0.734
13.400	+2.001e+03	+7.786e+03	+9.561e+03	+0.796
13.500	+2.043e+03	+8.438e+03	+9.174e+03	+0.805
13.600	+2.385e+03	+8.474e+03	+1.031e+04	+0.780
13.700	+3.363e+03	+8.193e+03	+1.002e+04	+0.709
13.800	+2.530e+03	+8.290e+03	+1.048e+04	+0.766
13.900	+9.949e+02	+7.463e+03	+9.386e+03	+0.882
14.000	+2.656e+03	+7.674e+03	+9.036e+03	+0.743
14.100	+1.120e+03	+7.869e+03	+8.306e+03	+0.875
14.200	+1.291e+03	+7.659e+03	+9.910e+03	+0.856
14.300	+1.126e+03	+8.636e+03	+8.882e+03	+0.885
14.400	+2.984e+03	+7.818e+03	+1.001e+04	+0.724
14.500	+7.973e+03	+2.638e+03	+9.352e+03	+0.249
14.600	+7.585e+03	+3.800e+03	+1.041e+04	+0.334
14.700	+7.295e+03	+3.800e+03	+1.121e+04	+0.343
14.800	+6.974e+03	+3.026e+03	+9.680e+03	+0.303
14.900	+8.029e+03	+2.750e+03	+8.665e+03	+0.255
15.000	+7.209e+03	+2.794e+03	+1.069e+04	+0.279
15.100	+7.536e+03	+2.997e+03	+9.002e+03	+0.285
15.200	+7.865e+03	+2.664e+03	+8.449e+03	+0.253
15.300	+7.451e+03	+1.907e+03	+8.983e+03	+0.204
15.400	+8.099e+03	+2.092e+03	+8.908e+03	+0.205
15.500	+6.436e+03	+2.076e+03	+8.854e+03	+0.244
15.600	+7.872e+03	+3.213e+03	+9.637e+03	+0.290
15.700	+7.796e+03	+2.110e+03	+1.023e+04	+0.213
15.800	+6.617e+03	+1.370e+03	+9.550e+03	+0.172
15.900	+7.631e+03	+2.260e+03	+9.588e+03	+0.228
16.000	+7.109e+03	+2.994e+03	+9.316e+03	+0.296
16.100	+7.987e+03	+3.211e+03	+9.244e+03	+0.287
16.200	+6.817e+03	+2.400e+03	+9.529e+03	+0.260
16.300	+7.356e+03	+2.648e+03	+1.050e+04	+0.265
16.400	+7.545e+03	+3.084e+03	+1.112e+04	+0.290
16.500	+7.555e+03	+3.497e+03	+1.033e+04	+0.316
16.600	+7.966e+03	+2.158e+03	+9.528e+03	+0.213
16.700	+7.157e+03	+2.266e+03	+1.097e+04	+0.241
16.800	+6.229e+03	+3.976e+03	+1.028e+04	+0.390
16.900	+4.700e+03	+6.017e+03	+1.046e+04	+0.561
17.000	+4.734e+03	+4.804e+03	+1.003e+04	+0.504
17.100	+5.729e+03	+3.585e+03	+1.042e+04	+0.385
17.200	+4.779e+03	+5.701e+03	+1.085e+04	+0.544
17.300	+4.923e+03	+4.908e+03	+9.903e+03	+0.499
17.400	+4.635e+03	+4.938e+03	+8.647e+03	+0.516
17.500	+3.059e+03	+9.029e+03	+1.003e+04	+0.747
17.600	+1.025e+03	+8.401e+03	+9.765e+03	+0.891
17.700	+1.400e+03	+8.213e+03	+9.622e+03	+0.854
17.800	+2.818e+03	+7.295e+03	+9.503e+03	+0.721
17.900	+4.887e+03	+4.831e+03	+9.057e+03	+0.497
18.000	+5.448e+03	+4.245e+03	+1.131e+04	+0.438
18.100	+4.911e+03	+6.230e+03	+1.040e+04	+0.559
18.200	+4.318e+03	+5.042e+03	+9.949e+03	+0.539
18.300	+5.063e+03	+5.860e+03	+1.083e+04	+0.536
18.400	+5.831e+03	+4.554e+03	+1.066e+04	+0.438
18.500	+4.204e+03	+3.554e+03	+1.084e+04	+0.458
18.600	+4.673e+03	+4.905e+03	+9.591e+03	+0.512
18.700	+3.943e+03	+4.077e+03	+9.747e+03	+0.508
18.800	+4.018e+03	+4.700e+03	+1.039e+04	+0.539
18.900	+5.651e+03	+4.310e+03	+1.017e+04	+0.433
19.000	+5.592e+03	+4.462e+03	+9.356e+03	+0.444
19.100	+5.321e+03	+5.327e+03	+1.006e+04	+0.500
19.200	+4.653e+03	+5.457e+03	+1.104e+04	+0.540
19.300	+5.015e+03	+6.383e+03	+1.022e+04	+0.560
19.400	+4.312e+03	+5.140e+03	+1.039e+04	+0.544
19.500	+5.887e+03	+3.840e+03	+9.457e+03	+0.395
19.600	+4.888e+03	+5.164e+03	+9.731e+03	+0.514
19.700	+5.924e+03	+4.823e+03	+1.109e+04	+0.449
19.800	+4.296e+03	+7.239e+03	+9.052e+03	+0.628
19.900	+2.164e+03	+9.326e+03	+8.674e+03	+0.812
20.000	+2.278e+03	+9.010e+03	+9.067e+03	+0.798
20.100	+2.860e+03	+7.731e+03	+9.502e+03	+0.730
20.200	+2.948e+03	+7.805e+03	+8.995e+03	+0.726
20.300	+9.408e+02	+6.950e+03	+1.058e+04	+0.881
20.400	+2.215e+03	+7.853e+03	+9.887e+03	+0.780
20.500	+1.551e+03	+5.975e+03	+9.408e+03	+0.794
20.600	+1.933e+03	+7.740e+03	+1.006e+04	+0.800
20.700	+3.706e+03	+5.559e+03	+9.525e+03	+0.600
20.800	+5.771e+03	+4.052e+03	+8.884e+03	+0.413
20.900	+5.632e+03	+4.556e+03	+9.982e+03	+0.447
21.000	+5.597e+03	+3.899e+03	+9.861e+03	+0.411
21.100	+7.997e+03	+2.505e+03	+9.743e+03	+0.239
21.200	+7.540e+03	+2.102e+03	+8.401e+03	+0.218
21.300	+7.442e+03	+3.766e+03	+9.712e+03	+0.336
21.400	+8.475e+03	+2.295e+03	+9.618e+03	+0.213
21.500	+8.234e+03	+3.046e+03	+9.332e+03	+0.270
21.600	+6.723e+03	+1.581e+03	+9.443e+03	+0.190
21.700	+7.966e+03	+2.519e+03	+1.029e+04	+0.240
21.800	+7.518e+03	+2.932e+03	+1.036e+04	+0.281
21.900	+7.520e+03	+4.163e+03	+9.014e+03	+0.356
22.000	+7.825e+03	+1.607e+03	+1.079e+04	+0.170
22.100	+8.741e+03	+3.090e+03	+1.034e+04	+0.261
22.200	+7.564e+03	+1.730e+03	+1.110e+04	+0.186
22.300	+6.355e+03	+2.238e+03	+1.056e+04	+0.260
22.400	+7.401e+03	+2.529e+03	+9.950e+03	+0.255
22.500	+7.745e+03	+2.047e+03	+1.035e+04	+0.209
22.600	+6.398e+03	+1.730e+03	+8.823e+03	+0.213
22.700	+7.867e+03	+3.042e+03	+9.435e+03	+0.279
22.800	+7.338e+03	+2.317e+03	+9.646e+03	+0.240
22.900	+6.790e+03	+2.359e+03	+9.777e+03	+0.258
23.000	+8.149e+03	+2.890e+03	+1.010e+04	+0.262
23.100	+8.003e+03	+3.225e+03	+9.335e+03	+0.287
23.200	+6.629e+03	+2.843e+03	+9.812e+03	+0.300
23.300	+7.327e+03	+3.345e+03	+9.212e+03	+0.313
23.400	+6.367e+03	+2.110e+03	+9.847e+03	+0.249
23.500	+7.587e+03	+2.993e+03	+1.124e+04	+0.283
23.600	+6.671e+03	+1.710e+03	+9.709e+03	+0.204
23.700	+7.899e+03	+1.678e+03	+9.210e+03	+0.175
23.800	+7.792e+03	+2.854e+03	+9.607e+03	+0.268
23.900	+7.314e+03	+2.974e+03	+9.548e+03	+0.289
24.000	+6.354e+03	+3.046e+03	+9.278e+03	+0.324
24.100	+1.569e+03	+6.785e+03	+1.124e+04	+0.812
24.200	+2.050e+03	+7.176e+03	+9.639e+03	+0.778
24.300	+1.052e+03	+7.647e+03	+9.711e+03	+0.879
24.400	+1.820e+03	+8.653e+03	+8.962e+03	+0.826
24.500	+1.265e+03	+8.449e+03	+9.279e+03	+0.870
24.600	+1.914e+03	+7.871e+03	+9.953e+03	+0.804
24.700	+1.966e+03	+7.765e+03	+9.393e+03	+0.798
24.800	+2.069e+03	+8.752e+03	+8.693e+03	+0.809
24.900	+1.942e+03	+6.621e+03	+9.499e+03	+0.773
25.000	+2.309e+03	+8.685e+03	+1.021e+04	+0.790
25.100	+1.928e+03	+8.343e+03	+9.865e+03	+0.812
25.200	+1.780e+03	+9.126e+03	+9.825e+03	+0.837
25.300	+1.735e+03	+7.573e+03	+9.622e+03	+0.814
25.400	+2.458e+03	+8.324e+03	+1.018e+04	+0.772
25.500	+5.591e+03	+4.492e+03	+1.044e+04	+0.445
25.600	+5.950e+03	+4.984e+03	+1.094e+04	+0.456
25.700	+4.968e+03	+6.292e+03	+9.906e+03	+0.559
25.800	+5.160e+03	+5.654e+03	+1.002e+04	+0.523
25.900	+4.358e+03	+4.372e+03	+8.887e+03	+0.501
26.000	+5.193e+03	+5.166e+03	+1.042e+04	+0.499
26.100	+6.108e+03	+5.278e+03	+9.702e+03	+0.464
26.200	+4.333e+03	+5.328e+03	+9.691e+03	+0.551
26.300	+6.143e+03	+4.271e+03	+9.697e+03	+0.410
26.400	+4.399e+03	+5.496e+03	+9.718e+03	+0.555
26.500	+4.777e+03	+5.123e+03	+1.056e+04	+0.517
26.600	+5.135e+03	+4.211e+03	+9.550e+03	+0.451
26.700	+4.023e+03	+6.140e+03	+9.972e+03	+0.604
26.800	+4.526e+02	+8.837e+03	+1.095e+04	+0.951
26.900	+2.116e+03	+8.119e+03	+1.086e+04	+0.793
27.000	+2.251e+03	+8.671e+03	+1.050e+04	+0.794
27.100	+3.743e+03	+5.034e+03	+1.134e+04	+0.574
27.200	+5.096e+03	+3.954e+03	+9.701e+03	+0.437
27.300	+4.580e+03	+4.706e+03	+1.065e+04	+0.507
27.400	+4.070e+03	+6.235e+03	+9.378e+03	+0.605
27.500	+5.689e+03	+4.998e+03	+9.520e+03	+0.468
27.600	+5.430e+03	+4.454e+03	+9.428e+03	+0.451
27.700	+4.395e+03	+4.611e+03	+1.035e+04	+0.512
27.800	+5.077e+03	+4.691e+03	+1.024e+04	+0.480
27.900	+5.131e+03	+4.597e+03	+1.052e+04	+0.473
28.000	+4.627e+03	+5.115e+03	+8.838e+03	+0.525
28.100	+5.879e+03	+5.435e+03	+1.052e+04	+0.480
28.200	+5.415e+03	+5.598e+03	+1.042e+04	+0.508
28.300	+4.684e+03	+4.850e+03	+9.409e+03	+0.509
28.400	+6.343e+03	+5.085e+03	+9.467e+03	+0.445
28.500	+4.366e+03	+5.916e+03	+1.004e+04	+0.575
28.600	+6.182e+03	+3.891e+03	+9.504e+03	+0.386
28.700	+3.558e+03	+5.065e+03	+9.607e+03	+0.587
28.800	+3.239e+03	+7.582e+03	+1.028e+04	+0.701
28.900	+3.275e+03	+8.091e+03	+1.005e+04	+0.712
29.000	+2.089e+03	+8.225e+03	+1.019e+04	+0.797
29.100	+2.402e+03	+7.723e+03	+9.149e+03	+0.763
29.200	+1.108e+03	+7.822e+03	+1.132e+04	+0.876
29.300	+9.041e+02	+7.873e+03	+9.286e+03	+0.897
29.400	+2.587e+03	+8.430e+03	+9.902e+03	+0.765
29.500	+2.696e+03	+7.390e+03	+1.087e+04	+0.733
29.600	+5.207e+03	+6.250e+03	+9.863e+03	+0.546
29.700	+4.625e+03	+5.315e+03	+1.055e+04	+0.535
29.800	+4.830e+03	+4.548e+03	+1.075e+04	+0.485
29.900	+3.464e+03	+4.680e+03	+9.764e+03	+0.575
30.000	+4.049e+03	+4.317e+03	+1.024e+04	+0.516
30.100	+4.606e+03	+4.462e+03	+9.366e+03	+0.492
30.200	+4.831e+03	+4.937e+03	+1.070e+04	+0.505
30.300	+5.724e+03	+4.732e+03	+9.671e+03	+0.453
30.400	+4.833e+03	+5.067e+03	+1.030e+04	+0.512
30.500	+4.446e+03	+3.870e+03	+1.000e+04	+0.465
30.600	+5.232e+03	+4.334e+03	+9.529e+03	+0.453
30.700	+4.979e+03	+3.811e+03	+9.935e+03	+0.434
30.800	+5.440e+03	+5.082e+03	+1.039e+04	+0.483
30.900	+6.106e+03	+5.721e+03	+1.064e+04	+0.484
31.000	+5.997e+03	+4.758e+03	+1.018e+04	+0.442
31.100	+4.919e+03	+4.722e+03	+1.024e+04	+0.490
31.200	+4.073e+03	+4.979e+03	+9.534e+03	+0.550
31.300	+4.354e+03	+5.075e+03	+9.819e+03	+0.538
31.400	+5.869e+03	+5.880e+03	+1.001e+04	+0.500
31.500	+3.647e+03	+4.504e+03	+9.850e+03	+0.553
31.600	+4.306e+03	+4.865e+03	+1.046e+04	+0.530
31.700	+4.897e+03	+5.022e+03	+9.570e+03	+0.506
31.800	+4.751e+03	+4.901e+03	+9.309e+03	+0.508
31.900	+5.503e+03	+4.742e+03	+1.015e+04	+0.463
32.000	+4.718e+03	+5.213e+03	+9.325e+03	+0.525
32.100	+5.524e+03	+5.951e+03	+9.614e+03	+0.519
32.200	+4.444e+03	+5.115e+03	+9.377e+03	+0.535
32.300	+5.077e+03	+4.512e+03	+9.918e+03	+0.471
32.400	+5.436e+03	+4.553e+03	+9.476e+03	+0.456
32.500	+5.409e+03	+5.490e+03	+9.725e+03	+0.504
32.600	+5.535e+03	+5.357e+03	+1.010e+04	+0.492
32.700	+5.013e+03	+5.400e+03	+1.038e+04	+0.519
32.800	+3.764e+03	+5.702e+03	+1.037e+04	+0.602
32.900	+5.639e+03	+3.701e+03	+1.082e+04	+0.396
33.000	+3.556e+03	+6.344e+03	+1.012e+04	+0.641
33.100	+3.038e+03	+9.307e+03	+9.419e+03	+0.754
33.200	+2.138e+03	+9.712e+03	+1.025e+04	+0.820
33.300	+2.397e+03	+7.340e+03	+1.048e+04	+0.754
33.400	+1.393e+03	+8.446e+03	+9.427e+03	+0.858
33.500	+5.290e+03	+5.681e+03	+1.106e+04	+0.518
33.600	+5.163e+03	+4.942e+03	+1.086e+04	+0.489
33.700	+5.568e+03	+3.792e+03	+1.006e+04	+0.405
33.800	+6.088e+03	+4.466e+03	+9.937e+03	+0.423
33.900	+3.931e+03	+5.330e+03	+1.021e+04	+0.576
34.000	+5.718e+03	+5.331e+03	+9.112e+03	+0.482
34.100	+5.234e+03	+5.325e+03	+9.858e+03	+0.504
34.200	+4.122e+03	+3.539e+03	+1.006e+04	+0.462
34.300	+4.909e+03	+6.134e+03	+1.183e+04	+0.555
34.400	+4.124e+03	+5.556e+03	+9.624e+03	+0.574
34.500	+5.501e+03	+5.970e+03	+1.068e+04	+0.520
34.600	+5.485e+03	+5.517e+03	+1.117e+04	+0.501
34.700	+6.061e+03	+5.113e+03	+9.267e+03	+0.458
34.800	+5.240e+03	+5.341e+03	+1.024e+04	+0.505
34.900	+4.730e+03	+5.405e+03	+9.672e+03	+0.533
35.000	+5.136e+03	+5.276e+03	+1.012e+04	+0.507
35.100	+5.038e+03	+4.937e+03	+9.430e+03	+0.495
35.200	+6.817e+03	+3.743e+03	+1.069e+04	+0.354
35.300	+7.198e+03	+1.792e+03	+8.552e+03	+0.199
35.400	+6.889e+03	+4.985e+03	+1.003e+04	+0.420
35.500	+8.177e+03	+1.667e+03	+1.019e+04	+0.169
35.600	+5.989e+03	+1.856e+03	+1.140e+04	+0.237
35.700	+8.342e+03	+1.623e+03	+1.035e+04	+0.163
35.800	+7.901e+03	+1.819e+03	+9.953e+03	+0.187
35.900	+6.588e+03	+3.242e+03	+1.066e+04	+0.330
36.000	+8.104e+03	+2.537e+03	+9.501e+03	+0.238
36.100	+6.780e+03	+2.494e+03	+1.019e+04	+0.269
36.200	+8.478e+03	+3.179e+03	+1.044e+04	+0.273
36.300	+7.539e+03	+2.140e+03	+1.045e+04	+0.221
36.400	+7.882e+03	+2.090e+03	+1.004e+04	+0.210
36.500	+6.918e+03	+1.564e+03	+1.013e+04	+0.184
36.600	+6.746e+03	+1.979e+03	+8.901e+03	+0.227
36.700	+8.263e+03	+3.666e+03	+9.965e+03	+0.307
36.800	+7.385e+03	+2.462e+03	+1.039e+04	+0.250
36.900	+7.660e+03	+2.907e+03	+1.151e+04	+0.275
37.000	+8.204e+03	+2.442e+03	+9.140e+03	+0.229
37.100	+6.711e+03	+2.876e+03	+1.021e+04	+0.300
37.200	+7.735e+03	+1.935e+03	+1.034e+04	+0.200
37.300	+7.592e+03	+2.822e+03	+9.661e+03	+0.271
37.400	+6.797e+03	+2.945e+03	+1.003e+04	+0.302
37.500	+6.492e+03	+3.709e+03	+9.875e+03	+0.364
37.600	+8.503e+03	+2.584e+03	+1.077e+04	+0.233
37.700	+6.056e+03	+1.339e+03	+1.029e+04	+0.181
37.800	+8.040e+03	+2.296e+03	+9.738e+03	+0.222
37.900	+8.533e+03	+3.668e+03	+8.497e+03	+0.301
38.000	+7.387e+03	+3.319e+03	+8.943e+03	+0.310
38.100	+7.791e+03	+3.837e+03	+1.017e+04	+0.330
38.200	+6.973e+03	+2.708e+03	+1.081e+04	+0.280
38.300	+7.103e+03	+3.621e+03	+1.050e+04	+0.338
38.400	+7.629e+03	+1.376e+03	+1.102e+04	+0.153
38.500	+8.181e+03	+1.881e+03	+9.901e+03	+0.187
38.600	+6.392e+03	+3.663e+03	+9.901e+03	+0.364
38.700	+7.799e+03	+2.357e+03	+9.423e+03	+0.232
38.800	+5.271e+03	+2.837e+03	+1.002e+04	+0.350
38.900	+7.019e+03	+3.736e+03	+1.065e+04	+0.347
39.000	+7.511e+03	+2.122e+03	+1.053e+04	+0.220
39.100	+8.290e+03	+1.681e+03	+1.032e+04	+0.169
39.200	+7.860e+03	+2.969e+03	+9.576e+03	+0.274
39.300	+7.044e+03	+1.951e+03	+1.002e+04	+0.217
39.400	+7.595e+03	+2.250e+03	+1.068e+04	+0.229
39.500	+6.971e+03	+3.746e+03	+1.063e+04	+0.350
39.600	+7.004e+03	+2.425e+03	+9.153e+03	+0.257
39.700	+7.593e+03	+1.715e+03	+1.067e+04	+0.184
39.800	+8.601e+03	+3.380e+03	+9.640e+03	+0.282
39.900	+8.613e+03	+1.525e+03	+9.861e+03	+0.150
40.000	+6.910e+03	+2.541e+03	+8.885e+03	+0.269
40.100	+6.530e+03	+7.406e+02	+1.008e+04	+0.102
40.200	+6.243e+03	+2.039e+03	+9.716e+03	+0.246
40.300	+6.747e+03	+1.662e+03	+1.018e+04	+0.198
40.400	+7.288e+03	+1.992e+03	+9.640e+03	+0.215
40.500	+7.892e+03	+3.457e+03	+9.170e+03	+0.305
40.600	+6.830e+03	+3.601e+03	+1.036e+04	+0.345
40.700	+7.073e+03	+1.814e+03	+1.034e+04	+0.204
40.800	+7.317e+03	+3.175e+03	+9.786e+03	+0.303
40.900	+9.115e+03	+2.489e+03	+9.380e+03	+0.214
41.000	+6.123e+03	+3.193e+03	+1.079e+04	+0.343
41.100	+7.861e+03	+3.174e+03	+1.039e+04	+0.288
41.200	+8.122e+03	+3.563e+03	+9.247e+03	+0.305
41.300	+6.590e+03	+2.495e+03	+1.054e+04	+0.275
41.400	+7.030e+03	+2.336e+03	+9.400e+03	+0.249
41.500	+8.505e+03	+2.289e+03	+9.852e+03	+0.212
41.600	+7.777e+03	+2.204e+03	+8.712e+03	+0.221
41.700	+7.841e+03	+2.644e+03	+9.164e+03	+0.252
41.800	+7.795e+03	+2.590e+03	+1.023e+04	+0.249
41.900	+7.171e+03	+2.771e+03	+1.028e+04	+0.279
42.000	+7.515e+03	+2.062e+03	+1.029e+04	+0.215
42.100	+7.242e+03	+3.958e+03	+1.008e+04	+0.353
42.200	+7.748e+03	+2.519e+03	+1.090e+04	+0.245
42.300	+7.201e+03	+8.475e+02	+9.517e+03	+0.105
42.400	+1.643e+03	+8.811e+03	+9.842e+03	+0.843
42.500	+1.619e+03	+8.098e+03	+1.070e+04	+0.833
42.600	+3.285e+02	+8.552e+03	+8.172e+03	+0.963
42.700	+2.041e+03	+8.245e+03	+9.901e+03	+0.802
42.800	+2.702e+03	+8.280e+03	+9.706e+03	+0.754
42.900	+2.311e+03	+7.404e+03	+9.601e+03	+0.762
43.000	+1.209e+02	+8.007e+03	+1.032e+04	+0.985
43.100	+2.213e+03	+6.878e+03	+9.526e+03	+0.757
43.200	+2.047e+03	+7.281e+03	+9.847e+03	+0.781
43.300	+3.863e+03	+4.016e+03	+9.803e+03	+0.510
43.400	+4.963e+03	+4.086e+03	+9.668e+03	+0.452
43.500	+5.360e+03	+3.428e+03	+1.109e+04	+0.390
43.600	+5.829e+03	+5.613e+03	+1.089e+04	+0.491
43.700	+5.205e+03	+6.858e+03	+1.025e+04	+0.569
43.800	+4.167e+03	+5.180e+03	+1.106e+04	+0.554
43.900	+4.278e+03	+4.760e+03	+9.625e+03	+0.527
44.000	+4.915e+03	+3.951e+03	+1.078e+04	+0.446
44.100	+5.949e+03	+4.122e+03	+1.031e+04	+0.409
44.200	+5.237e+03	+4.487e+03	+1.106e+04	+0.461
44.300	+5.097e+03	+4.840e+03	+1.089e+04	+0.487
44.400	+5.125e+03	+6.498e+03	+1.100e+04	+0.559
44.500	+5.017e+03	+5.703e+03	+9.880e+03	+0.532
44.600	+5.184e+03	+4.734e+03	+1.006e+04	+0.477
44.700	+6.626e+03	+5.568e+03	+9.604e+03	+0.457
44.800	+6.470e+03	+5.188e+03	+1.027e+04	+0.445
44.900	+5.889e+03	+4.957e+03	+1.068e+04	+0.457
45.000	+4.863e+03	+5.839e+03	+8.993e+03	+0.546
45.100	+5.317e+03	+5.462e+03	+1.183e+04	+0.507
45.200	+5.229e+03	+4.753e+03	+1.016e+04	+0.476
45.300	+5.316e+03	+3.689e+03	+9.014e+03	+0.410
45.400	+5.988e+03	+5.262e+03	+8.557e+03	+0.468
45.500	+4.402e+03	+5.570e+03	+1.059e+04	+0.559
45.600	+6.158e+03	+5.309e+03	+9.076e+03	+0.463
45.700	+5.851e+03	+4.689e+03	+9.171e+03	+0.445
45.800	+4.564e+03	+4.331e+03	+9.914e+03	+0.487
45.900	+4.464e+03	+4.750e+03	+9.769e+03	+0.516
46.000	+4.976e+03	+5.756e+03	+1.000e+04	+0.536
46.100	+4.293e+03	+5.171e+03	+1.069e+04	+0.546
46.200	+5.626e+03	+5.848e+03	+9.208e+03	+0.510
46.300	+5.200e+03	+5.547e+03	+1.027e+04	+0.516
46.400	+4.920e+03	+3.823e+03	+9.449e+03	+0.437
46.500	+5.483e+03	+4.495e+03	+1.103e+04	+0.450
46.600	+5.388e+03	+5.781e+03	+1.075e+04	+0.518
46.700	+4.005e+03	+4.625e+03	+9.720e+03	+0.536
46.800	+5.700e+03	+3.813e+03	+1.032e+04	+0.401
46.900	+7.170e+03	+3.277e+03	+1.090e+04	+0.314
47.000	+7.267e+03	+3.039e+03	+9.499e+03	+0.295
47.100	+6.888e+03	+3.122e+03	+9.610e+03	+0.312
47.200	+7.158e+03	+2.323e+03	+1.032e+04	+0.245
47.300	+6.790e+03	+3.270e+03	+1.079e+04	+0.325
47.400	+7.026e+03	+1.893e+03	+1.060e+04	+0.212
47.500	+6.944e+03	+2.144e+03	+8.802e+03	+0.236
47.600	+6.579e+03	+2.062e+03	+1.063e+04	+0.239
47.700	+8.201e+03	+1.959e+03	+1.077e+04	+0.193
47.800	+6.173e+03	+3.826e+03	+8.203e+03	+0.383
47.900	+8.682e+03	+2.073e+03	+9.679e+03	+0.193
48.000	+6.321e+03	+2.328e+03	+1.011e+04	+0.269
48.100	+6.442e+03	+4.301e+03	+9.335e+03	+0.400
48.200	+7.364e+03	+2.574e+03	+9.023e+03	+0.259
48.300	+7.245e+03	+1.022e+03	+9.203e+03	+0.124
48.400	+7.198e+03	+2.640e+03	+1.063e+04	+0.268
48.500	+8.061e+03	+3.085e+03	+9.834e+03	+0.277
48.600	+8.140e+03	+1.725e+03	+1.087e+04	+0.175
48.700	+7.829e+03	+3.228e+03	+9.772e+03	+0.292
48.800	+7.300e+03	+2.731e+03	+1.015e+04	+0.272
48.900	+8.119e+03	+1.619e+03	+1.073e+04	+0.166
49.000	+7.155e+03	+2.199e+03	+1.023e+04	+0.235
49.100	+7.775e+03	+1.937e+03	+8.291e+03	+0.199
49.200	+7.741e+03	+2.100e+03	+9.883e+03	+0.213
49.300	+7.633e+03	+2.741e+03	+1.010e+04	+0.264
49.400	+5.992e+03	+2.331e+03	+1.029e+04	+0.280
49.500	+7.435e+03	+3.191e+03	+8.704e+03	+0.300
49.600	+7.463e+03	+2.074e+03	+1.077e+04	+0.217
49.700	+8.307e+03	+3.663e+03	+9.749e+03	+0.306
49.800	+7.107e+03	+2.689e+03	+1.003e+04	+0.275
49.900	+5.283e+03	+1.877e+03	+1.017e+04	+0.262
50.000	+7.396e+03	+1.891e+03	+1.043e+04	+0.204
50.100	+7.777e+03	+1.623e+03	+1.019e+04	+0.173
50.200	+6.158e+03	+2.019e+03	+1.002e+04	+0.247
50.300	+7.556e+03	+3.183e+03	+1.073e+04	+0.296
50.400	+7.837e+03	+2.267e+03	+9.969e+03	+0.224
50.500	+7.687e+03	+2.203e+03	+1.102e+04	+0.223
50.600	+7.617e+03	+2.998e+03	+9.146e+03	+0.282
50.700	+7.863e+03	+1.901e+03	+1.021e+04	+0.195
50.800	+7.499e+03	+1.169e+03	+9.294e+03	+0.135
50.900	+8.215e+03	+2.577e+03	+9.140e+03	+0.239
51.000	+6.833e+03	+2.424e+03	+1.095e+04	+0.262
51.100	+8.309e+03	+2.247e+03	+1.039e+04	+0.213
51.200	+6.693e+03	+3.456e+03	+1.042e+04	+0.341
51.300	+6.255e+03	+2.813e+03	+1.014e+04	+0.310
51.400	+5.604e+03	+5.074e+03	+1.062e+04	+0.475
51.500	+5.631e+03	+4.775e+03	+9.657e+03	+0.459
51.600	+4.231e+03	+5.320e+03	+1.082e+04	+0.557
51.700	+4.184e+03	+5.566e+03	+9.089e+03	+0.571
51.800	+2.919e+03	+7.216e+03	+9.586e+03	+0.712
51.900	+8.262e+02	+8.360e+03	+1.013e+04	+0.910
52.000	+7.196e+02	+8.531e+03	+1.102e+04	+0.922
52.100	+2.582e+03	+9.340e+03	+1.197e+04	+0.783
52.200	+3.170e+03	+6.142e+03	+9.797e+03	+0.660
52.300	+5.074e+03	+4.791e+03	+9.340e+03	+0.486
52.400	+4.571e+03	+4.023e+03	+8.729e+03	+0.468
52.500	+4.632e+03	+5.072e+03	+9.728e+03	+0.523
52.600	+3.021e+03	+4.881e+03	+1.107e+04	+0.618
52.700	+4.780e+03	+5.796e+03	+9.923e+03	+0.548
52.800	+5.487e+03	+4.442e+03	+9.778e+03	+0.447
52.900	+6.096e+03	+3.865e+03	+9.856e+03	+0.388
53.000	+7.917e+03	+2.985e+03	+9.685e+03	+0.274
53.100	+8.291e+03	+1.275e+03	+1.038e+04	+0.133
53.200	+7.862e+03	+2.702e+03	+1.111e+04	+0.256
53.300	+6.892e+03	+1.551e+03	+8.660e+03	+0.184
53.400	+7.534e+03	+2.712e+03	+9.097e+03	+0.265
53.500	+7.846e+03	+3.367e+03	+9.825e+03	+0.300
53.600	+6.252e+03	+3.158e+03	+1.109e+04	+0.336
53.700	+6.684e+03	+1.775e+03	+1.008e+04	+0.210
53.800	+7.212e+03	+3.354e+03	+9.569e+03	+0.317
53.900	+7.659e+03	+3.221e+03	+1.017e+04	+0.296
54.000	+4.943e+03	+5.128e+03	+1.043e+04	+0.509
54.100	+4.342e+03	+5.658e+03	+1.084e+04	+0.566
54.200	+5.512e+03	+4.934e+03	+1.026e+04	+0.472
54.300	+4.615e+03	+4.182e+03	+9.894e+03	+0.475
54.400	+3.776e+03	+5.338e+03	+1.040e+04	+0.586
54.500	+5.190e+03	+4.440e+03	+1.048e+04	+0.461
54.600	+4.505e+03	+5.710e+03	+9.700e+03	+0.559
54.700	+6.264e+03	+5.684e+03	+8.990e+03	+0.476
54.800	+5.824e+03	+3.875e+03	+1.024e+04	+0.400
54.900	+5.586e+03	+4.611e+03	+1.027e+04	+0.452
55.000	+5.893e+03	+4.759e+03	+1.083e+04	+0.447
55.100	+5.015e+03	+5.382e+03	+1.056e+04	+0.518
55.200	+5.271e+03	+5.315e+03	+1.028e+04	+0.502
55.300	+5.242e+03	+5.233e+03	+9.750e+03	+0.500
55.400	+4.117e+03	+4.947e+03	+1.047e+04	+0.546
55.500	+4.767e+03	+6.219e+03	+1.056e+04	+0.566
55.600	+3.164e+03	+4.717e+03	+1.087e+04	+0.599
55.700	+4.369e+03	+4.771e+03	+9.710e+03	+0.522
55.800	+4.636e+03	+5.570e+03	+1.064e+04	+0.546
55.900	+6.572e+03	+5.256e+03	+1.003e+04	+0.444
56.000	+4.895e+03	+4.334e+03	+1.051e+04	+0.470
56.100	+4.470e+03	+5.812e+03	+9.643e+03	+0.565
56.200	+5.089e+03	+4.937e+03	+1.040e+04	+0.492
56.300	+3.981e+03	+6.190e+03	+1.019e+04	+0.609
56.400	+2.605e+03	+8.177e+03	+9.490e+03	+0.758
56.500	+1.460e+03	+8.489e+03	+1.007e+04	+0.853
56.600	+3.040e+03	+8.056e+03	+1.113e+04	+0.726
56.700	+1.653e+03	+7.025e+03	+9.885e+03	+0.810
56.800	+3.005e+03	+8.630e+03	+1.001e+04	+0.742
56.900	+1.993e+03	+7.551e+03	+9.659e+03	+0.791
57.000	+2.675e+03	+8.961e+03	+1.046e+04	+0.770
57.100	+5.535e+03	+4.001e+03	+9.704e+03	+0.420
57.200	+4.249e+03	+5.528e+03	+9.848e+03	+0.565
57.300	+4.908e+03	+5.174e+03	+9.125e+03	+0.513
57.400	+5.178e+03	+5.231e+03	+1.069e+04	+0.503
57.500	+5.891e+03	+4.676e+03	+1.028e+04	+0.443
57.600	+5.881e+03	+3.657e+03	+1.041e+04	+0.383
57.700	+6.249e+03	+6.040e+03	+9.234e+03	+0.491
57.800	+5.973e+03	+4.647e+03	+1.005e+04	+0.438
57.900	+5.408e+03	+3.640e+03	+1.165e+04	+0.402
58.000	+5.442e+03	+5.854e+03	+9.692e+03	+0.518
58.100	+5.090e+03	+5.484e+03	+9.380e+03	+0.519
58.200	+5.357e+03	+6.642e+03	+1.053e+04	+0.554
58.300	+4.925e+03	+5.556e+03	+9.746e+03	+0.530
58.400	+5.014e+03	+5.415e+03	+1.026e+04	+0.519
58.500	+5.316e+03	+5.619e+03	+9.265e+03	+0.514
58.600	+4.365e+03	+4.876e+03	+1.055e+04	+0.528
58.700	+5.130e+03	+4.433e+03	+9.225e+03	+0.464
58.800	+5.178e+03	+4.883e+03	+9.044e+03	+0.485
58.900	+4.132e+03	+5.222e+03	+1.066e+04	+0.558
59.000	+5.493e+03	+5.320e+03	+9.932e+03	+0.492
59.100	+4.501e+03	+4.166e+03	+1.039e+04	+0.481
59.200	+5.033e+03	+5.410e+03	+1.085e+04	+0.518
59.300	+4.336e+03	+5.915e+03	+1.010e+04	+0.577
59.400	+6.453e+03	+5.512e+03	+8.980e+03	+0.461
59.500	+5.373e+03	+5.678e+03	+9.413e+03	+0.514
59.600	+5.488e+03	+6.469e+03	+8.628e+03	+0.541
59.700	+4.560e+03	+3.540e+03	+1.033e+04	+0.437
59.800	+5.282e+03	+4.541e+03	+8.459e+03	+0.462
59.900	+3.933e+03	+4.741e+03	+1.004e+04	+0.547
60.000	+4.824e+03	+5.377e+03	+9.582e+03	+0.527
60.100	+5.642e+03	+6.323e+03	+9.477e+03	+0.528
60.200	+5.134e+03	+5.432e+03	+8.671e+03	+0.514
60.300	+8.166e+03	+2.485e+03	+9.821e+03	+0.233
60.400	+8.369e+03	+2.381e+03	+9.758e+03	+0.222
60.500	+6.408e+03	+1.821e+03	+8.419e+03	+0.221
60.600	+7.610e+03	+1.728e+03	+1.023e+04	+0.185
60.700	+7.499e+03	+1.769e+03	+9.583e+03	+0.191
60.800	+8.035e+03	+2.609e+03	+1.027e+04	+0.245
60.900	+7.595e+03	+2.898e+03	+1.015e+04	+0.276
61.000	+8.000e+03	+2.540e+03	+1.010e+04	+0.241
61.100	+8.150e+03	+3.214e+03	+1.111e+04	+0.283
61.200	+7.541e+03	+2.197e+03	+1.048e+04	+0.226
61.300	+7.604e+03	+2.785e+03	+1.050e+04	+0.268
61.400	+7.316e+03	+2.145e+03	+9.707e+03	+0.227
61.500	+8.506e+03	+3.409e+03	+9.863e+03	+0.286
61.600	+6.845e+03	+2.490e+03	+1.017e+04	+0.267
61.700	+6.612e+03	+2.452e+03	+1.099e+04	+0.271
61.800	+6.956e+03	+2.492e+03	+8.978e+03	+0.264
61.900	+8.353e+03	+1.470e+03	+9.517e+03	+0.150
62.000	+8.221e+03	+2.707e+03	+1.023e+04	+0.248
62.100	+7.088e+03	+2.002e+03	+9.865e+03	+0.220
62.200	+7.703e+03	+2.590e+03	+8.895e+03	+0.252
62.300	+8.663e+03	+2.124e+03	+9.752e+03	+0.197
62.400	+6.662e+03	+3.366e+03	+9.857e+03	+0.336
62.500	+7.557e+03	+3.932e+03	+9.625e+03	+0.342
62.600	+6.196e+03	+4.422e+03	+9.574e+03	+0.416
62.700	+2.039e+03	+8.443e+03	+1.080e+04	+0.805
62.800	+1.825e+03	+8.213e+03	+9.816e+03	+0.818
62.900	+2.687e+03	+7.686e+03	+1.086e+04	+0.741
63.000	+1.259e+03	+7.714e+03	+1.103e+04	+0.860
63.100	+2.175e+03	+9.077e+03	+9.319e+03	+0.807
63.200	+2.686e+03	+8.251e+03	+1.008e+04	+0.754
63.300	+2.015e+03	+7.126e+03	+9.978e+03	+0.780
63.400	+1.731e+03	+7.117e+03	+1.022e+04	+0.804
63.500	+2.364e+03	+8.958e+03	+9.491e+03	+0.791
63.600	+2.980e+03	+7.258e+03	+9.451e+03	+0.709
63.700	+3.294e+03	+8.012e+03	+9.828e+03	+0.709
63.800	+2.371e+03	+7.354e+03	+1.043e+04	+0.756
63.900	+1.783e+03	+8.863e+03	+1.015e+04	+0.833
64.000	+1.568e+03	+8.224e+03	+1.071e+04	+0.840
64.100	+1.652e+03	+7.195e+03	+9.159e+03	+0.813
64.200	+4.533e+03	+4.804e+03	+9.589e+03	+0.515
64.300	+4.588e+03	+5.870e+03	+8.683e+03	+0.561
64.400	+5.259e+03	+4.809e+03	+1.013e+04	+0.478
64.500	+5.707e+03	+6.034e+03	+9.899e+03	+0.514
64.600	+4.864e+03	+5.236e+03	+1.101e+04	+0.518
64.700	+5.185e+03	+4.516e+03	+1.081e+04	+0.466
64.800	+4.567e+03	+5.070e+03	+9.195e+03	+0.526
64.900	+5.525e+03	+6.210e+03	+1.096e+04	+0.529
65.000	+4.575e+03	+6.106e+03	+1.112e+04	+0.572
65.100	+6.709e+03	+3.149e+03	+1.028e+04	+0.319
65.200	+7.200e+03	+1.881e+03	+1.056e+04	+0.207
65.300	+7.373e+03	+3.910e+03	+1.051e+04	+0.347
65.400	+7.154e+03	+1.616e+03	+1.058e+04	+0.184
65.500	+7.436e+03	+2.382e+03	+1.049e+04	+0.243
65.600	+8.012e+03	+2.822e+03	+1.120e+04	+0.260
65.700	+7.873e+03	+2.020e+03	+1.043e+04	+0.204
65.800	+6.642e+03	+2.724e+03	+1.114e+04	+0.291
65.900	+7.523e+03	+1.603e+03	+1.023e+04	+0.176
66.000	+8.071e+03	+3.917e+03	+1.106e+04	+0.327
66.100	+7.161e+03	+2.257e+03	+9.414e+03	+0.240
66.200	+7.341e+03	+2.956e+03	+1.074e+04	+0.287
66.300	+9.377e+03	+2.461e+03	+9.409e+03	+0.208
66.400	+9.132e+03	+1.166e+03	+9.786e+03	+0.113
66.500	+7.717e+03	+1.938e+03	+9.807e+03	+0.201
66.600	+6.097e+03	+1.851e+03	+1.054e+04	+0.233
66.700	+8.126e+03	+2.918e+03	+9.896e+03	+0.264
66.800	+7.352e+03	+1.968e+03	+9.454e+03	+0.211
66.900	+7.109e+03	+1.437e+03	+9.777e+03	+0.168
67.000	+7.137e+03	+3.467e+03	+1.061e+04	+0.327
67.100	+7.913e+03	+2.791e+03	+8.691e+03	+0.261
67.200	+7.471e+03	+2.777e+03	+9.429e+03	+0.271
67.300	+8.112e+03	+2.128e+03	+9.990e+03	+0.208
67.400	+6.922e+03	+2.724e+03	+1.086e+04	+0.282
67.500	+7.842e+03	+1.891e+03	+1.110e+04	+0.194
67.600	+8.378e+03	+2.443e+03	+1.003e+04	+0.226
67.700	+6.961e+03	+2.585e+03	+1.091e+04	+0.271
67.800	+8.345e+03	+2.425e+03	+8.841e+03	+0.225
67.900	+7.296e+03	+2.179e+03	+9.392e+03	+0.230
68.000	+7.123e+03	+3.613e+03	+1.027e+04	+0.337
68.100	+7.700e+03	+2.435e+03	+1.103e+04	+0.240
68.200	+7.160e+03	+1.396e+03	+9.271e+03	+0.163
68.300	+7.578e+03	+2.331e+03	+8.796e+03	+0.235
68.400	+7.620e+03	+2.545e+03	+1.000e+04	+0.250
68.500	+7.348e+03	+1.937e+03	+9.706e+03	+0.209
68.600	+7.465e+03	+2.649e+03	+9.137e+03	+0.262
68.700	+7.821e+03	+1.700e+03	+1.071e+04	+0.179
68.800	+6.402e+03	+1.924e+03	+1.040e+04	+0.231
68.900	+7.312e+03	+2.743e+03	+9.273e+03	+0.273
69.000	+6.929e+03	+2.289e+03	+8.167e+03	+0.248
69.100	+8.466e+03	+2.038e+03	+9.139e+03	+0.194
69.200	+5.452e+03	+2.844e+03	+9.005e+03	+0.343
69.300	+7.913e+03	+1.748e+03	+9.716e+03	+0.181
69.400	+6.738e+03	+2.595e+03	+1.033e+04	+0.278
69.500	+6.982e+03	+4.408e+03	+9.777e+03	+0.387
69.600	+8.021e+03	+1.843e+03	+9.858e+03	+0.187
69.700	+8.064e+03	+2.674e+03	+1.064e+04	+0.249
69.800	+6.130e+03	+3.863e+03	+1.060e+04	+0.387
69.900	+6.379e+03	+2.696e+03	+9.738e+03	+0.297
70.000	+7.065e+03	+2.006e+03	+9.594e+03	+0.221
70.100	+6.991e+03	+1.991e+03	+9.615e+03	+0.222
70.200	+6.593e+03	+2.098e+03	+1.032e+04	+0.241
70.300	+6.243e+03	+2.130e+03	+9.958e+03	+0.254
70.400	+6.820e+03	+2.103e+03	+9.864e+03	+0.236
70.500	+6.875e+03	+3.817e+03	+1.025e+04	+0.357
70.600	+6.123e+03	+2.177e+03	+9.686e+03	+0.262
70.700	+4.916e+03	+5.604e+03	+1.019e+04	+0.533
70.800	+2.862e+03	+7.408e+03	+9.474e+03	+0.721
70.900	+2.335e+03	+7.293e+03	+1.041e+04	+0.757
71.000	+1.354e+03	+7.858e+03	+1.075e+04	+0.853
71.100	+2.283e+03	+6.950e+03	+9.961e+03	+0.753
71.200	+2.035e+03	+7.656e+03	+1.014e+04	+0.790
71.300	+2.695e+03	+8.573e+03	+1.070e+04	+0.761
71.400	+3.867e+03	+6.330e+03	+9.801e+03	+0.621
71.500	+6.668e+03	+3.072e+03	+9.135e+03	+0.315
71.600	+8.601e+03	+6.703e+02	+1.092e+04	+0.072
71.700	+7.658e+03	+2.667e+03	+9.518e+03	+0.258
71.800	+7.124e+03	+2.194e+03	+9.669e+03	+0.235
71.900	+6.065e+03	+1.516e+03	+9.112e+03	+0.200
72.000	+8.064e+03	+1.297e+03	+1.037e+04	+0.139
72.100	+7.788e+03	+1.891e+03	+1.099e+04	+0.195
72.200	+6.559e+03	+2.774e+03	+8.950e+03	+0.297
72.300	+6.873e+03	+2.037e+03	+8.951e+03	+0.229
72.400	+7.199e+03	+2.545e+03	+8.996e+03	+0.261
72.500	+7.828e+03	+2.807e+03	+1.026e+04	+0.264
72.600	+7.948e+03	+1.995e+03	+1.004e+04	+0.201
72.700	+6.472e+03	+3.047e+03	+9.732e+03	+0.320
72.800	+6.726e+03	+2.863e+03	+1.067e+04	+0.299
72.900	+6.937e+03	+2.659e+03	+9.657e+03	+0.277
73.000	+7.322e+03	+3.426e+03	+9.596e+03	+0.319
73.100	+7.435e+03	+1.622e+03	+1.004e+04	+0.179
73.200	+7.988e+03	+2.883e+03	+9.841e+03	+0.265
73.300	+7.386e+03	+2.207e+03	+1.017e+04	+0.230
73.400	+7.123e+03	+1.335e+03	+1.053e+04	+0.158
73.500	+7.974e+03	+2.349e+03	+1.057e+04	+0.228
73.600	+8.054e+03	+1.256e+03	+1.086e+04	+0.135
73.700	+7.938e+03	+2.675e+03	+1.034e+04	+0.252
73.800	+6.936e+03	+2.130e+03	+9.936e+03	+0.235
73.900	+8.589e+03	+2.420e+03	+9.842e+03	+0.220
74.000	+7.897e+03	+1.824e+03	+1.092e+04	+0.188
74.100	+7.491e+03	+2.299e+03	+9.292e+03	+0.235
74.200	+7.892e+03	+2.423e+03	+9.737e+03	+0.235
74.300	+7.203e+03	+3.375e+03	+9.550e+03	+0.319
74.400	+7.316e+03	+3.322e+03	+9.417e+03	+0.312
74.500	+8.010e+03	+2.143e+03	+1.007e+04	+0.211
74.600	+6.382e+03	+2.433e+03	+1.134e+04	+0.276
74.700	+7.159e+03	+1.539e+03	+9.134e+03	+0.177
74.800	+8.522e+03	+3.364e+03	+9.987e+03	+0.283
74.900	+7.429e+03	+2.168e+03	+9.720e+03	+0.226
75.000	+7.782e+03	+2.661e+03	+9.838e+03	+0.255
75.100	+7.889e+03	+3.104e+03	+1.068e+04	+0.282
75.200	+8.412e+03	+3.731e+03	+1.112e+04	+0.307
75.300	+2.866e+03	+8.923e+03	+1.038e+04	+0.757
75.400	+1.381e+03	+7.644e+03	+8.824e+03	+0.847
75.500	+7.771e+03	+1.827e+03	+9.529e+03	+0.190
75.600	+6.483e+03	+3.137e+03	+9.501e+03	+0.326
75.700	+7.827e+03	+3.186e+03	+1.031e+04	+0.289
75.800	+7.647e+03	+2.516e+03	+1.011e+04	+0.248
75.900	+7.442e+03	+2.528e+03	+9.040e+03	+0.254
76.000	+7.855e+03	+2.291e+03	+9.401e+03	+0.226
76.100	+8.701e+03	+3.157e+03	+1.030e+04	+0.266
76.200	+7.791e+03	+1.822e+03	+1.088e+04	+0.190
76.300	+8.746e+03	+2.287e+03	+1.037e+04	+0.207
76.400	+7.924e+03	+3.055e+03	+9.377e+03	+0.278
76.500	+7.664e+03	+2.656e+03	+9.654e+03	+0.257
76.600	+5.825e+03	+1.881e+03	+8.983e+03	+0.244
76.700	+8.276e+03	+2.417e+03	+1.041e+04	+0.226
76.800	+7.671e+03	+2.647e+03	+9.755e+03	+0.257
76.900	+8.253e+03	+2.129e+03	+9.118e+03	+0.205
77.000	+7.484e+03	+1.914e+03	+1.045e+04	+0.204
77.100	+8.093e+03	+1.787e+03	+9.675e+03	+0.181
77.200	+7.677e+03	+1.591e+03	+1.047e+04	+0.172
77.300	+8.140e+03	+3.593e+03	+9.958e+03	+0.306
77.400	+8.850e+03	+9.317e+02	+1.018e+04	+0.095
77.500	+5.982e+03	+3.131e+03	+1.054e+04	+0.344
77.600	+8.749e+03	+1.691e+03	+9.473e+03	+0.162
77.700	+7.242e+03	+1.787e+03	+1.026e+04	+0.198
77.800	+7.481e+03	+1.842e+03	+9.910e+03	+0.198
77.900	+5.505e+03	+1.349e+03	+1.018e+04	+0.197
78.000	+7.808e+03	+2.518e+03	+9.847e+03	+0.244
78.100	+6.733e+03	+1.990e+03	+1.161e+04	+0.228
78.200	+5.935e+03	+2.401e+03	+9.912e+03	+0.288
78.300	+7.806e+03	+1.242e+03	+9.901e+03	+0.137
78.400	+7.381e+03	+2.246e+03	+1.028e+04	+0.233
78.500	+7.274e+03	+2.818e+03	+9.903e+03	+0.279
78.600	+6.969e+03	+3.802e+03	+8.955e+03	+0.353
78.700	+7.400e+03	+3.117e+03	+9.288e+03	+0.296
78.800	+7.418e+03	+1.593e+03	+9.561e+03	+0.177
78.900	+7.632e+03	+2.664e+03	+1.119e+04	+0.259
79.000	+6.107e+03	+1.918e+03	+9.631e+03	+0.239
79.100	+8.369e+03	+3.157e+03	+1.008e+04	+0.274
79.200	+7.638e+03	+9.794e+02	+1.085e+04	+0.114
79.300	+7.577e+03	+2.629e+03	+1.114e+04	+0.258
79.400	+6.457e+03	+2.452e+03	+1.010e+04	+0.275
79.500	+7.732e+03	+2.192e+03	+1.054e+04	+0.221
79.600	+8.683e+03	+2.850e+03	+1.007e+04	+0.247
79.700	+7.301e+03	+2.737e+03	+9.510e+03	+0.273
79.800	+7.759e+03	+2.499e+03	+7.995e+03	+0.244
79.900	+7.935e+03	+1.694e+03	+9.520e+03	+0.176
80.000	+5.538e+03	+5.225e+03	+1.051e+04	+0.485
80.100	+4.197e+03	+5.485e+03	+9.526e+03	+0.567
80.200	+5.410e+03	+4.814e+03	+9.630e+03	+0.471
80.300	+4.254e+03	+5.020e+03	+9.232e+03	+0.541
80.400	+4.186e+03	+5.494e+03	+1.002e+04	+0.568
80.500	+6.255e+03	+4.068e+03	+1.090e+04	+0.394
80.600	+5.683e+03	+4.674e+03	+9.678e+03	+0.451
80.700	+5.870e+03	+5.489e+03	+8.162e+03	+0.483
80.800	+3.342e+03	+4.546e+03	+9.653e+03	+0.576
80.900	+3.839e+03	+5.321e+03	+1.046e+04	+0.581
81.000	+4.331e+03	+3.199e+03	+1.038e+04	+0.425
81.100	+4.955e+03	+3.761e+03	+8.679e+03	+0.432
81.200	+5.515e+03	+6.073e+03	+1.134e+04	+0.524
81.300	+4.729e+03	+5.922e+03	+1.009e+04	+0.556
81.400	+4.813e+03	+4.957e+03	+9.662e+03	+0.507
81.500	+3.562e+03	+5.137e+03	+1.085e+04	+0.591
81.600	+5.678e+03	+4.574e+03	+9.575e+03	+0.446
81.700	+5.046e+03	+5.086e+03	+1.101e+04	+0.502
81.800	+5.948e+03	+5.409e+03	+9.641e+03	+0.476
81.900	+4.602e+03	+4.973e+03	+1.049e+04	+0.519
82.000	+4.954e+03	+5.438e+03	+1.022e+04	+0.523
82.100	+5.662e+03	+6.271e+03	+9.289e+03	+0.525
82.200	+5.591e+03	+5.172e+03	+1.115e+04	+0.481
82.300	+4.484e+03	+6.419e+03	+1.094e+04	+0.589
82.400	+5.940e+03	+3.286e+03	+1.102e+04	+0.356
82.500	+4.229e+03	+6.186e+03	+1.003e+04	+0.594
82.600	+5.097e+02	+7.663e+03	+9.118e+03	+0.938
82.700	+2.424e+03	+7.801e+03	+9.664e+03	+0.763
82.800	+2.248e+03	+8.813e+03	+9.650e+03	+0.797
82.900	+2.368e+03	+6.594e+03	+9.434e+03	+0.736
83.000	+1.992e+03	+7.344e+03	+9.179e+03	+0.787
83.100	+1.489e+03	+8.153e+03	+1.049e+04	+0.846
83.200	+1.960e+03	+8.418e+03	+1.147e+04	+0.811
83.300	+1.763e+03	+8.563e+03	+1.040e+04	+0.829
83.400	+2.502e+03	+7.839e+03	+1.067e+04	+0.758
83.500	+2.177e+03	+8.009e+03	+1.019e+04	+0.786
83.600	+1.564e+03	+7.949e+03	+1.163e+04	+0.836
83.700	+1.117e+03	+8.125e+03	+1.018e+04	+0.879
83.800	+1.371e+03	+7.212e+03	+1.048e+04	+0.840
83.900	+2.560e+03	+7.471e+03	+9.685e+03	+0.745
84.000	+1.444e+03	+9.524e+03	+1.027e+04	+0.868
84.100	+1.464e+03	+8.166e+03	+1.008e+04	+0.848
84.200	+1.627e+03	+8.542e+03	+9.123e+03	+0.840
84.300	+1.678e+03	+7.263e+03	+9.944e+03	+0.812
84.400	+1.442e+03	+8.070e+03	+9.879e+03	+0.848
84.500	+2.477e+03	+7.227e+03	+1.116e+04	+0.745
84.600	+8.352e+02	+6.886e+03	+1.030e+04	+0.892
84.700	+1.710e+03	+7.605e+03	+1.022e+04	+0.816
84.800	+2.177e+03	+8.153e+03	+8.951e+03	+0.789
84.900	+2.683e+03	+8.618e+03	+9.449e+03	+0.763
85.000	+1.371e+03	+6.950e+03	+9.387e+03	+0.835
85.100	+1.772e+03	+7.489e+03	+9.807e+03	+0.809
85.200	+1.165e+03	+7.651e+03	+1.031e+04	+0.868
85.300	+2.112e+03	+8.356e+03	+9.731e+03	+0.798
85.400	+1.879e+03	+8.295e+03	+9.324e+03	+0.815
85.500	+1.155e+03	+7.749e+03	+9.412e+03	+0.870
85.600	+1.998e+03	+7.112e+03	+1.043e+04	+0.781
85.700	+2.834e+03	+8.485e+03	+1.062e+04	+0.750
85.800	+5.513e+02	+6.636e+03	+1.035e+04	+0.923
85.900	+1.649e+03	+7.086e+03	+9.016e+03	+0.811
86.000	+1.627e+03	+7.787e+03	+9.606e+03	+0.827
86.100	+2.698e+03	+7.339e+03	+8.880e+03	+0.731
86.200	+2.101e+03	+8.541e+03	+8.004e+03	+0.803
86.300	+2.215e+03	+7.305e+03	+9.993e+03	+0.767
86.400	+2.650e+03	+8.886e+03	+1.049e+04	+0.770
86.500	+1.860e+03	+7.503e+03	+1.018e+04	+0.801
86.600	+2.697e+03	+7.952e+03	+8.790e+03	+0.747
86.700	+2.782e+03	+7.083e+03	+1.002e+04	+0.718
86.800	+5.015e+03	+4.666e+03	+1.020e+04	+0.482
86.900	+4.905e+03	+4.494e+03	+1.062e+04	+0.478
87.000	+5.292e+03	+6.195e+03	+9.351e+03	+0.539
87.100	+4.709e+03	+4.699e+03	+7.737e+03	+0.499
87.200	+4.981e+03	+5.148e+03	+1.041e+04	+0.508
87.300	+2.743e+03	+6.401e+03	+1.003e+04	+0.700
87.400	+8.424e+02	+8.146e+03	+1.011e+04	+0.906
87.500	+1.815e+03	+7.457e+03	+8.508e+03	+0.804
87.600	+3.303e+03	+8.210e+03	+9.828e+03	+0.713
87.700	+2.026e+03	+8.695e+03	+9.715e+03	+0.811
87.800	+2.603e+03	+8.837e+03	+1.041e+04	+0.772
87.900	+1.296e+03	+7.643e+03	+9.597e+03	+0.855
88.000	+2.183e+03	+8.571e+03	+1.002e+04	+0.797
88.100	+3.385e+03	+7.674e+03	+9.598e+03	+0.694
88.200	+2.012e+03	+8.183e+03	+9.142e+03	+0.803
88.300	+2.364e+03	+7.536e+03	+1.056e+04	+0.761
88.400	+1.164e+03	+7.524e+03	+1.068e+04	+0.866
88.500	+2.422e+03	+7.361e+03	+1.001e+04	+0.752
88.600	+1.610e+03	+8.166e+03	+1.005e+04	+0.835
88.700	+1.592e+03	+7.924e+03	+1.031e+04	+0.833
88.800	+2.244e+03	+7.640e+03	+9.674e+03	+0.773
88.900	+2.303e+03	+8.588e+03	+9.335e+03	+0.789
89.000	+1.311e+03	+7.420e+03	+1.077e+04	+0.850
89.100	+1.306e+03	+8.118e+03	+1.050e+04	+0.861
89.200	+4.787e+02	+8.706e+03	+8.468e+03	+0.948
89.300	+1.644e+03	+8.376e+03	+1.020e+04	+0.836
89.400	+3.136e+03	+7.735e+03	+1.065e+04	+0.712
89.500	+1.345e+03	+8.824e+03	+9.925e+03	+0.868
89.600	+1.158e+03	+7.906e+03	+9.273e+03	+0.872
89.700	+1.999e+03	+6.808e+03	+1.054e+04	+0.773
89.800	+1.788e+03	+7.682e+03	+9.737e+03	+0.811
89.900	+6.340e+02	+7.284e+03	+9.901e+03	+0.920
90.000	+2.773e+03	+8.525e+03	+1.074e+04	+0.755
90.100	+2.248e+03	+9.539e+03	+1.040e+04	+0.809
90.200	+3.340e+03	+7.574e+03	+1.142e+04	+0.694
90.300	+5.020e+03	+5.260e+03	+9.596e+03	+0.512
90.400	+7.739e+03	+1.028e+03	+9.785e+03	+0.117
90.500	+7.441e+03	+2.455e+03	+9.568e+03	+0.248
90.600	+6.839e+03	+1.976e+03	+9.453e+03	+0.224
90.700	+7.470e+03	+4.296e+03	+9.761e+03	+0.365
90.800	+7.087e+03	+1.516e+03	+9.311e+03	+0.176
90.900	+8.902e+03	+3.483e+03	+9.627e+03	+0.281
91.000	+8.405e+03	+3.367e+03	+1.024e+04	+0.286
91.100	+8.736e+03	+2.313e+03	+1.064e+04	+0.209
91.200	+6.767e+03	+1.505e+03	+1.132e+04	+0.182
91.300	+7.483e+03	+1.761e+03	+9.628e+03	+0.191
91.400	+7.090e+03	+1.560e+03	+9.471e+03	+0.180
91.500	+8.561e+03	+2.437e+03	+1.020e+04	+0.222
91.600	+7.680e+03	+6.238e+02	+9.976e+03	+0.075
91.700	+6.987e+03	+1.668e+03	+9.101e+03	+0.193
91.800	+7.479e+03	+2.796e+03	+1.027e+04	+0.272
91.900	+5.969e+03	+3.458e+03	+9.983e+03	+0.367
92.000	+7.762e+03	+3.179e+03	+1.031e+04	+0.291
92.100	+6.756e+03	+2.843e+03	+1.061e+04	+0.296
92.200	+7.368e+03	+3.443e+03	+9.379e+03	+0.318
92.300	+6.973e+03	+2.090e+03	+9.977e+03	+0.231
92.400	+7.482e+03	+2.863e+03	+1.008e+04	+0.277
92.500	+7.893e+03	+2.740e+03	+1.033e+04	+0.258
92.600	+7.359e+03	+2.878e+03	+1.020e+04	+0.281
92.700	+7.307e+03	+1.333e+03	+1.011e+04	+0.154
92.800	+7.529e+03	+2.417e+03	+1.038e+04	+0.243
92.900	+7.255e+03	+1.983e+03	+1.032e+04	+0.215
93.000	+7.205e+03	+2.375e+03	+9.903e+03	+0.248
93.100	+6.865e+03	+3.524e+03	+9.086e+03	+0.339
93.200	+7.839e+03	+1.803e+03	+1.079e+04	+0.187
93.300	+7.674e+03	+3.594e+03	+9.787e+03	+0.319
93.400	+7.799e+03	+2.342e+03	+1.011e+04	+0.231
93.500	+7.464e+03	+3.154e+03	+9.207e+03	+0.297
93.600	+7.086e+03	+2.061e+03	+9.678e+03	+0.225
93.700	+6.114e+03	+2.340e+03	+9.065e+03	+0.277
93.800	+7.336e+03	+1.604e+03	+9.756e+03	+0.179
93.900	+7.328e+03	+2.166e+03	+1.086e+04	+0.228
94.000	+7.786e+03	+2.396e+03	+1.015e+04	+0.235
94.100	+4.636e+03	+5.331e+03	+9.177e+03	+0.535
94.200	+4.859e+03	+3.674e+03	+8.724e+03	+0.431
94.300	+4.935e+03	+5.892e+03	+1.106e+04	+0.544
94.400	+5.769e+03	+5.511e+03	+1.020e+04	+0.489
94.500	+3.957e+03	+5.721e+03	+1.008e+04	+0.591
94.600	+5.841e+03	+4.382e+03	+9.583e+03	+0.429
94.700	+3.708e+03	+5.229e+03	+8.921e+03	+0.585
94.800	+4.955e+03	+5.248e+03	+9.143e+03	+0.514
94.900	+4.452e+03	+4.425e+03	+9.420e+03	+0.498
95.000	+4.677e+03	+5.740e+03	+1.008e+04	+0.551
95.100	+5.195e+03	+5.424e+03	+1.132e+04	+0.511
95.200	+2.432e+03	+7.260e+03	+1.003e+04	+0.749
95.300	+2.345e+03	+7.786e+03	+9.956e+03	+0.769
95.400	+7.228e+02	+8.346e+03	+1.054e+04	+0.920
95.500	+1.766e+03	+8.270e+03	+1.013e+04	+0.824
95.600	+9.213e+02	+8.214e+03	+8.461e+03	+0.899
95.700	+3.386e+03	+8.117e+03	+1.051e+04	+0.706
95.800	+1.912e+03	+8.776e+03	+9.695e+03	+0.821
95.900	+3.832e+03	+7.475e+03	+1.010e+04	+0.661
96.000	+4.536e+03	+6.698e+03	+8.791e+03	+0.596
96.100	+4.297e+03	+5.431e+03	+9.509e+03	+0.558
96.200	+5.196e+03	+4.180e+03	+8.911e+03	+0.446
96.300	+2.948e+03	+6.096e+03	+9.467e+03	+0.674
96.400	+2.771e+03	+6.541e+03	+9.071e+03	+0.702
96.500	+6.959e+03	+4.236e+03	+9.277e+03	+0.378
96.600	+7.939e+03	+2.700e+03	+9.994e+03	+0.254
96.700	+6.713e+03	+2.128e+03	+9.267e+03	+0.241
96.800	+6.946e+03	+1.832e+03	+9.765e+03	+0.209
96.900	+6.645e+03	+3.033e+03	+9.422e+03	+0.313
97.000	+7.990e+03	+3.190e+03	+9.302e+03	+0.285
97.100	+7.808e+03	+2.383e+03	+1.017e+04	+0.234
97.200	+7.254e+03	+3.029e+03	+1.017e+04	+0.295
97.300	+8.385e+03	+2.698e+02	+1.058e+04	+0.031
97.400	+7.329e+03	+2.237e+03	+9.803e+03	+0.234
97.500	+7.043e+03	+1.604e+03	+9.575e+03	+0.185
97.600	+7.744e+03	+2.516e+03	+1.075e+04	+0.245
97.700	+7.647e+03	+2.132e+03	+9.159e+03	+0.218
97.800	+7.773e+03	+2.220e+03	+9.560e+03	+0.222
97.900	+6.777e+03	+3.086e+03	+1.045e+04	+0.313
98.000	+5.142e+03	+4.303e+03	+1.027e+04	+0.456
98.100	+4.462e+03	+4.717e+03	+1.027e+04	+0.514
98.200	+4.133e+03	+5.675e+03	+1.067e+04	+0.579
98.300	+4.441e+03	+5.325e+03	+9.730e+03	+0.545
98.400	+5.927e+03	+5.605e+03	+1.075e+04	+0.486
98.500	+4.697e+03	+6.041e+03	+1.006e+04	+0.563
98.600	+5.280e+03	+5.241e+03	+1.059e+04	+0.498
98.700	+5.733e+03	+4.934e+03	+9.254e+03	+0.463
98.800	+6.774e+03	+4.387e+03	+9.876e+03	+0.393
98.900	+5.715e+03	+4.282e+03	+1.019e+04	+0.428
99.000	+5.071e+03	+4.613e+03	+9.889e+03	+0.476
99.100	+4.493e+03	+4.547e+03	+1.012e+04	+0.503
99.200	+4.328e+03	+4.353e+03	+1.053e+04	+0.501
99.300	+5.111e+03	+4.867e+03	+1.002e+04	+0.488
99.400	+4.532e+03	+5.198e+03	+9.802e+03	+0.534
99.500	+4.499e+03	+5.312e+03	+1.076e+04	+0.541
99.600	+6.613e+03	+5.265e+03	+8.943e+03	+0.443
99.700	+4.839e+03	+5.882e+03	+9.261e+03	+0.549
99.800	+3.832e+03	+4.702e+03	+9.438e+03	+0.551
99.900	+5.710e+03	+5.080e+03	+1.030e+04	+0.471
100.000	+5.813e+03	+7.101e+03	+1.063e+04	+0.550
100.100	+4.896e+03	+4.639e+03	+9.119e+03	+0.487
100.200	+4.559e+03	+4.921e+03	+1.121e+04	+0.519
100.300	+4.580e+03	+6.085e+03	+8.360e+03	+0.571
100.400	+5.823e+03	+4.801e+03	+1.112e+04	+0.452
100.500	+5.179e+03	+4.920e+03	+9.648e+03	+0.487
100.600	+4.945e+03	+4.234e+03	+9.461e+03	+0.461
100.700	+5.054e+03	+6.094e+03	+1.062e+04	+0.547
100.800	+4.315e+03	+6.743e+03	+9.967e+03	+0.610
100.900	+3.885e+03	+5.286e+03	+1.016e+04	+0.576
101.000	+3.945e+03	+6.562e+03	+1.034e+04	+0.625
101.100	+4.058e+03	+5.446e+03	+9.550e+03	+0.573
101.200	+4.543e+03	+4.452e+03	+9.865e+03	+0.495
101.300	+4.363e+03	+5.164e+03	+8.625e+03	+0.542
101.400	+5.130e+03	+5.302e+03	+1.056e+04	+0.508
101.500	+5.412e+03	+5.147e+03	+9.591e+03	+0.487
101.600	+5.217e+03	+4.894e+03	+1.037e+04	+0.484
101.700	+4.087e+03	+4.535e+03	+1.035e+04	+0.526
101.800	+7.032e+03	+3.460e+03	+9.256e+03	+0.330
101.900	+6.717e+03	+2.783e+03	+9.996e+03	+0.293
102.000	+6.242e+03	+1.740e+03	+1.027e+04	+0.218
102.100	+6.963e+03	+2.697e+03	+1.066e+04	+0.279
102.200	+8.396e+03	+3.419e+03	+9.517e+03	+0.289
102.300	+7.031e+03	+2.762e+03	+1.108e+04	+0.282
102.400	+8.846e+03	+1.403e+03	+1.124e+04	+0.137
102.500	+7.716e+03	+2.447e+03	+9.813e+03	+0.241
102.600	+7.355e+03	+3.446e+03	+1.052e+04	+0.319
102.700	+7.739e+03	+2.446e+03	+8.870e+03	+0.240
102.800	+7.625e+03	+7.911e+02	+8.211e+03	+0.094
102.900	+8.686e+03	+3.177e+03	+1.012e+04	+0.268
103.000	+8.081e+03	+3.133e+03	+8.604e+03	+0.279
103.100	+6.835e+03	+2.851e+03	+9.904e+03	+0.294
103.200	+4.435e+03	+5.471e+03	+9.659e+03	+0.552
103.300	+6.059e+03	+5.692e+03	+9.474e+03	+0.484
103.400	+5.536e+03	+6.541e+03	+9.541e+03	+0.542
103.500	+4.429e+03	+4.157e+03	+8.978e+03	+0.484
103.600	+5.967e+03	+5.759e+03	+9.822e+03	+0.491
103.700	+5.195e+03	+4.783e+03	+1.072e+04	+0.479
103.800	+4.052e+03	+4.190e+03	+1.089e+04	+0.508
103.900	+5.354e+03	+5.286e+03	+9.332e+03	+0.497
104.000	+4.853e+03	+4.852e+03	+1.042e+04	+0.500
104.100	+4.985e+03	+5.059e+03	+1.088e+04	+0.504
104.200	+4.178e+03	+4.332e+03	+1.198e+04	+0.509
104.300	+4.983e+03	+4.981e+03	+9.375e+03	+0.500
104.400	+4.273e+03	+5.007e+03	+9.918e+03	+0.540
104.500	+4.893e+03	+4.730e+03	+1.089e+04	+0.492
104.600	+4.671e+03	+4.296e+03	+9.533e+03	+0.479
104.700	+5.017e+03	+4.523e+03	+1.062e+04	+0.474
104.800	+4.327e+03	+5.723e+03	+9.454e+03	+0.569
104.900	+4.789e+03	+5.449e+03	+9.532e+03	+0.532
105.000	+5.658e+03	+5.724e+03	+8.972e+03	+0.503
105.100	+5.122e+03	+4.088e+03	+1.073e+04	+0.444
105.200	+5.814e+03	+5.636e+03	+1.028e+04	+0.492
105.300	+4.041e+03	+4.899e+03	+9.152e+03	+0.548
105.400	+5.176e+03	+5.293e+03	+1.011e+04	+0.506
105.500	+5.128e+03	+5.211e+03	+9.576e+03	+0.504
105.600	+3.827e+03	+4.487e+03	+1.005e+04	+0.540
105.700	+4.980e+03	+5.447e+03	+1.058e+04	+0.522
105.800	+5.331e+03	+4.019e+03	+1.067e+04	+0.430
105.900	+4.780e+03	+4.711e+03	+9.648e+03	+0.496
106.000	+4.844e+03	+5.443e+03	+1.005e+04	+0.529
106.100	+5.667e+03	+5.118e+03	+1.055e+04	+0.475
106.200	+4.836e+03	+5.285e+03	+1.008e+04	+0.522
106.300	+4.575e+03	+6.031e+03	+9.829e+03	+0.569
106.400	+5.056e+03	+3.827e+03	+9.046e+03	+0.431
106.500	+4.557e+03	+5.075e+03	+1.059e+04	+0.527
106.600	+6.861e+02	+7.405e+03	+9.271e+03	+0.915
106.700	+2.033e+03	+7.509e+03	+9.630e+03	+0.787
106.800	+2.098e+03	+7.629e+03	+8.548e+03	+0.784
106.900	+1.340e+03	+7.910e+03	+9.220e+03	+0.855
107.000	+2.370e+03	+8.274e+03	+1.016e+04	+0.777
107.100	+1.834e+03	+7.511e+03	+8.021e+03	+0.804
107.200	+1.205e+03	+7.041e+03	+1.035e+04	+0.854
107.300	+1.603e+03	+8.618e+03	+1.013e+04	+0.843
107.400	+2.937e+03	+8.285e+03	+9.241e+03	+0.738
107.500	+2.247e+03	+8.554e+03	+1.042e+04	+0.792
107.600	+3.331e+03	+8.562e+03	+1.000e+04	+0.720
107.700	+3.103e+03	+8.281e+03	+9.847e+03	+0.727
107.800	+2.115e+03	+7.737e+03	+9.708e+03	+0.785
107.900	+1.202e+03	+8.940e+03	+1.032e+04	+0.881
108.000	+5.077e+03	+6.340e+03	+9.627e+03	+0.555
108.100	+4.618e+03	+5.477e+03	+1.040e+04	+0.543
108.200	+3.593e+03	+5.158e+03	+1.095e+04	+0.589
108.300	+3.612e+03	+3.968e+03	+9.889e+03	+0.523
108.400	+4.439e+03	+4.373e+03	+9.445e+03	+0.496
108.500	+3.817e+03	+4.834e+03	+9.010e+03	+0.559
108.600	+5.627e+03	+4.555e+03	+1.121e+04	+0.447
108.700	+5.781e+03	+5.554e+03	+1.014e+04	+0.490
108.800	+2.895e+03	+5.359e+03	+9.340e+03	+0.649
108.900	+4.785e+03	+4.488e+03	+9.264e+03	+0.484
109.000	+4.945e+03	+6.619e+03	+9.138e+03	+0.572
109.100	+5.852e+03	+4.378e+03	+9.010e+03	+0.428
109.200	+5.063e+03	+3.334e+03	+1.014e+04	+0.397
109.300	+6.437e+03	+4.994e+03	+1.036e+04	+0.437
109.400	+5.576e+03	+4.444e+03	+8.869e+03	+0.444
109.500	+4.233e+03	+5.337e+03	+8.869e+03	+0.558
109.600	+5.376e+03	+6.133e+03	+9.947e+03	+0.533
109.700	+4.646e+03	+4.370e+03	+9.532e+03	+0.485
109.800	+4.325e+03	+4.395e+03	+1.038e+04	+0.504
109.900	+5.001e+03	+5.322e+03	+1.073e+04	+0.516
110.000	+4.354e+03	+5.437e+03	+1.058e+04	+0.555
110.100	+4.072e+03	+4.546e+03	+1.233e+04	+0.528
110.200	+5.598e+03	+4.706e+03	+9.953e+03	+0.457
110.300	+4.631e+03	+5.758e+03	+1.055e+04	+0.554
110.400	+5.272e+03	+4.895e+03	+8.769e+03	+0.481
110.500	+3.443e+03	+4.149e+03	+1.040e+04	+0.547
110.600	+5.913e+03	+4.237e+03	+8.877e+03	+0.417
110.700	+3.891e+03	+4.656e+03	+9.092e+03	+0.545
110.800	+4.687e+03	+5.216e+03	+9.844e+03	+0.527
110.900	+6.309e+03	+5.905e+03	+9.407e+03	+0.483
111.000	+4.411e+03	+5.813e+03	+1.007e+04	+0.569
111.100	+4.800e+03	+5.335e+03	+1.026e+04	+0.526
111.200	+5.541e+03	+6.773e+03	+1.074e+04	+0.550
111.300	+5.696e+03	+5.653e+03	+9.194e+03	+0.498
111.400	+4.647e+03	+3.635e+03	+1.001e+04	+0.439
111.500	+5.484e+03	+4.537e+03	+9.673e+03	+0.453
111.600	+4.654e+03	+5.171e+03	+9.595e+03	+0.526
111.700	+5.197e+03	+3.843e+03	+1.032e+04	+0.425
111.800	+2.444e+03	+7.649e+03	+9.704e+03	+0.758
111.900	+1.777e+03	+7.600e+03	+1.003e+04	+0.810
112.000	+1.604e+03	+8.312e+03	+9.336e+03	+0.838
112.100	+1.321e+03	+7.670e+03	+1.036e+04	+0.853
112.200	+2.220e+03	+8.596e+03	+1.163e+04	+0.795
112.300	+3.015e+03	+8.900e+03	+8.853e+03	+0.747
112.400	+1.559e+03	+6.827e+03	+9.786e+03	+0.814
112.500	+2.502e+03	+8.594e+03	+1.060e+04	+0.775
112.600	+2.532e+03	+7.439e+03	+9.784e+03	+0.746
112.700	+2.624e+03	+6.839e+03	+9.586e+03	+0.723
112.800	+2.804e+03	+9.098e+03	+1.013e+04	+0.764
112.900	+2.790e+03	+6.779e+03	+1.071e+04	+0.708
113.000	+5.749e+03	+4.101e+03	+9.039e+03	+0.416
113.100	+5.294e+03	+5.225e+03	+1.004e+04	+0.497
113.200	+4.431e+03	+5.669e+03	+1.018e+04	+0.561
113.300	+5.455e+03	+4.942e+03	+1.110e+04	+0.475
113.400	+5.333e+03	+4.006e+03	+1.152e+04	+0.429
113.500	+4.788e+03	+5.451e+03	+1.152e+04	+0.532
113.600	+4.925e+03	+6.078e+03	+9.333e+03	+0.552
113.700	+3.891e+03	+4.366e+03	+1.140e+04	+0.529
113.800	+5.717e+03	+5.909e+03	+1.024e+04	+0.508
113.900	+5.334e+03	+4.318e+03	+9.537e+03	+0.447
114.000	+4.476e+03	+5.327e+03	+1.016e+04	+0.543
114.100	+5.615e+03	+4.849e+03	+1.029e+04	+0.463
114.200	+5.074e+03	+5.619e+03	+9.364e+03	+0.526
114.300	+5.604e+03	+4.990e+03	+8.266e+03	+0.471
114.400	+4.635e+03	+5.498e+03	+9.494e+03	+0.543
114.500	+4.572e+03	+4.867e+03	+1.192e+04	+0.516
114.600	+5.003e+03	+6.644e+03	+1.072e+04	+0.570
114.700	+5.838e+03	+3.656e+03	+9.778e+03	+0.385
114.800	+3.781e+03	+4.822e+03	+1.017e+04	+0.561
114.900	+5.302e+03	+5.114e+03	+1.029e+04	+0.491
115.000	+4.770e+03	+5.633e+03	+9.986e+03	+0.541
115.100	+4.085e+03	+4.462e+03	+9.788e+03	+0.522
115.200	+5.088e+03	+5.172e+03	+9.808e+03	+0.504
115.300	+5.837e+03	+5.206e+03	+9.694e+03	+0.471
115.400	+4.222e+03	+5.106e+03	+1.042e+04	+0.547
115.500	+4.228e+03	+4.562e+03	+1.068e+04	+0.519
115.600	+5.485e+03	+4.995e+03	+1.092e+04	+0.477
115.700	+5.149e+03	+5.292e+03	+1.047e+04	+0.507
115.800	+3.941e+03	+5.797e+03	+9.768e+03	+0.595
115.900	+2.745e+03	+7.285e+03	+1.014e+04	+0.726
116.000	+2.635e+03	+9.289e+03	+9.956e+03	+0.779
116.100	+1.617e+03	+7.657e+03	+9.582e+03	+0.826
116.200	+2.487e+03	+7.202e+03	+9.058e+03	+0.743
116.300	+1.835e+03	+8.542e+03	+9.885e+03	+0.823
116.400	+1.173e+03	+8.251e+03	+1.110e+04	+0.876
116.500	+2.056e+03	+8.054e+03	+1.039e+04	+0.797
116.600	+1.356e+03	+7.203e+03	+1.072e+04	+0.842
116.700	+1.689e+03	+7.875e+03	+9.750e+03	+0.823
116.800	+6.619e+03	+3.405e+03	+1.008e+04	+0.340
116.900	+7.218e+03	+2.872e+03	+1.068e+04	+0.285
117.000	+7.337e+03	+2.647e+03	+9.574e+03	+0.265
117.100	+6.831e+03	+1.935e+03	+8.878e+03	+0.221
117.200	+8.380e+03	+3.361e+03	+1.012e+04	+0.286
117.300	+7.851e+03	+1.914e+03	+1.019e+04	+0.196
117.400	+8.144e+03	+2.870e+03	+9.851e+03	+0.261
117.500	+8.400e+03	+3.180e+03	+8.688e+03	+0.275
117.600	+6.543e+03	+1.622e+03	+9.800e+03	+0.199
117.700	+7.650e+03	+2.894e+03	+1.012e+04	+0.274
117.800	+8.574e+03	+1.403e+03	+9.485e+03	+0.141
117.900	+7.099e+03	+1.767e+03	+1.122e+04	+0.199
118.000	+8.022e+03	+2.532e+03	+1.022e+04	+0.240
118.100	+9.213e+03	+2.775e+03	+9.286e+03	+0.231
118.200	+7.783e+03	+2.830e+03	+9.715e+03	+0.267
118.300	+6.599e+03	+1.940e+03	+1.044e+04	+0.227
118.400	+7.291e+03	+3.056e+03	+1.124e+04	+0.295
118.500	+7.537e+03	+2.973e+03	+1.093e+04	+0.283
118.600	+7.091e+03	+3.503e+03	+1.021e+04	+0.331
118.700	+7.376e+03	+1.672e+03	+1.038e+04	+0.185
118.800	+7.013e+03	+3.064e+03	+9.877e+03	+0.304
118.900	+7.535e+03	+2.295e+03	+1.036e+04	+0.233
119.000	+7.388e+03	+2.403e+03	+9.521e+03	+0.245
119.100	+7.581e+03	+2.184e+03	+9.638e+03	+0.224
119.200	+9.608e+03	+1.709e+03	+9.367e+03	+0.151
119.300	+7.316e+03	+2.122e+03	+9.817e+03	+0.225
119.400	+7.990e+03	+2.172e+03	+1.013e+04	+0.214
119.500	+7.398e+03	+2.127e+03	+1.076e+04	+0.223
119.600	+7.991e+03	+1.725e+03	+9.971e+03	+0.178
119.700	+7.333e+03	+2.688e+03	+9.539e+03	+0.268
119.800	+8.224e+03	+2.534e+03	+9.294e+03	+0.236
119.900	+5.884e+03	+1.347e+03	+9.887e+03	+0.186
120.000	+7.939e+03	+2.129e+03	+1.107e+04	+0.211
120.100	+7.697e+03	+3.479e+03	+1.007e+04	+0.311
120.200	+7.496e+03	+6.574e+02	+9.112e+03	+0.081
120.300	+8.818e+03	+3.158e+03	+1.005e+04	+0.264
120.400	+7.230e+03	+1.919e+03	+9.377e+03	+0.210
120.500	+6.316e+03	+3.643e+03	+1.058e+04	+0.366
120.600	+6.910e+03	+2.607e+03	+1.049e+04	+0.274
120.700	+6.230e+03	+3.405e+03	+9.921e+03	+0.353
120.800	+7.566e+03	+2.653e+03	+1.114e+04	+0.260
120.900	+7.421e+03	+1.619e+03	+8.768e+03	+0.179
121.000	+8.479e+03	+3.806e+03	+9.880e+03	+0.310
121.100	+7.798e+03	+2.816e+03	+9.934e+03	+0.265
121.200	+6.578e+03	+3.236e+03	+1.105e+04	+0.330
121.300	+6.595e+03	+2.687e+03	+1.026e+04	+0.289
121.400	+2.827e+03	+7.318e+03	+9.966e+03	+0.721
121.500	+1.924e+03	+7.888e+03	+1.008e+04	+0.804
121.600	+1.819e+03	+8.022e+03	+1.045e+04	+0.815
121.700	+2.006e+03	+8.315e+03	+1.025e+04	+0.806
121.800	+6.117e+02	+9.984e+03	+1.115e+04	+0.942
121.900	+1.019e+03	+7.974e+03	+9.113e+03	+0.887
122.000	+2.182e+03	+9.079e+03	+9.474e+03	+0.806
122.100	+3.302e+03	+9.121e+03	+1.008e+04	+0.734
122.200	+2.561e+03	+7.744e+03	+1.059e+04	+0.751
122.300	+3.061e+03	+8.989e+03	+9.604e+03	+0.746
122.400	+9.576e+02	+7.447e+03	+1.149e+04	+0.886
122.500	+1.565e+03	+8.057e+03	+1.016e+04	+0.837
122.600	+1.836e+03	+7.249e+03	+1.096e+04	+0.798
122.700	+1.735e+03	+8.659e+03	+1.103e+04	+0.833
122.800	+2.758e+03	+7.848e+03	+9.861e+03	+0.740
122.900	+2.321e+03	+6.492e+03	+9.588e+03	+0.737
123.000	+1.701e+03	+7.441e+03	+9.609e+03	+0.814
123.100	+2.741e+03	+7.599e+03	+1.083e+04	+0.735
123.200	+1.749e+03	+8.549e+03	+9.871e+03	+0.830
123.300	+1.463e+03	+7.693e+03	+8.779e+03	+0.840
123.400	+2.135e+03	+9.227e+03	+9.073e+03	+0.812
123.500	+2.286e+03	+7.368e+03	+9.767e+03	+0.763
123.600	+1.942e+03	+6.960e+03	+1.027e+04	+0.782
123.700	+1.894e+03	+7.537e+03	+1.054e+04	+0.799
123.800	+2.796e+03	+6.954e+03	+9.435e+03	+0.713
123.900	+2.141e+03	+7.791e+03	+1.017e+04	+0.784
124.000	+2.638e+03	+8.303e+03	+1.019e+04	+0.759
124.100	+2.176e+03	+6.846e+03	+9.711e+03	+0.759
124.200	+1.201e+03	+6.738e+03	+1.106e+04	+0.849
124.300	+2.866e+03	+9.040e+03	+1.071e+04	+0.759
124.400	+1.497e+03	+7.236e+03	+1.021e+04	+0.829
124.500	+2.531e+03	+9.584e+03	+1.144e+04	+0.791
124.600	+1.830e+03	+8.396e+03	+1.080e+04	+0.821
124.700	+2.613e+03	+8.747e+03	+9.355e+03	+0.770
124.800	+2.232e+03	+7.875e+03	+1.082e+04	+0.779
124.900	+2.267e+03	+8.356e+03	+1.073e+04	+0.787
125.000	+1.894e+03	+7.378e+03	+9.926e+03	+0.796
125.100	+4.399e+03	+5.863e+03	+1.044e+04	+0.571
125.200	+6.960e+03	+2.696e+03	+9.261e+03	+0.279
125.300	+4.721e+03	+5.922e+03	+9.314e+03	+0.556
125.400	+4.593e+03	+3.367e+03	+1.002e+04	+0.423
125.500	+4.330e+03	+5.830e+03	+1.015e+04	+0.574
125.600	+4.240e+03	+5.723e+03	+1.188e+04	+0.574
125.700	+5.021e+03	+5.202e+03	+9.948e+03	+0.509
125.800	+3.319e+03	+5.199e+03	+1.084e+04	+0.610
125.900	+6.401e+03	+5.061e+03	+1.164e+04	+0.442
126.000	+4.719e+03	+4.234e+03	+1.016e+04	+0.473
126.100	+6.146e+03	+4.487e+03	+9.589e+03	+0.422
126.200	+6.053e+03	+4.950e+03	+1.044e+04	+0.450
126.300	+4.373e+03	+5.279e+03	+9.707e+03	+0.547
126.400	+4.250e+03	+4.567e+03	+9.749e+03	+0.518
126.500	+3.742e+03	+4.633e+03	+8.687e+03	+0.553
126.600	+4.308e+03	+5.325e+03	+1.040e+04	+0.553
126.700	+5.590e+03	+4.082e+03	+9.767e+03	+0.422
126.800	+5.849e+03	+5.175e+03	+1.018e+04	+0.469
126.900	+5.866e+03	+4.755e+03	+9.485e+03	+0.448
127.000	+5.659e+03	+4.068e+03	+1.037e+04	+0.418
127.100	+4.704e+03	+4.906e+03	+8.178e+03	+0.511
127.200	+4.902e+03	+5.083e+03	+1.019e+04	+0.509
127.300	+5.289e+03	+4.993e+03	+1.035e+04	+0.486
127.400	+4.754e+03	+5.586e+03	+1.007e+04	+0.540
127.500	+4.835e+03	+5.458e+03	+8.944e+03	+0.530
127.600	+4.141e+03	+5.334e+03	+1.059e+04	+0.563
127.700	+3.910e+03	+5.057e+03	+1.061e+04	+0.564
127.800	+5.145e+03	+5.216e+03	+9.803e+03	+0.503
127.900	+5.037e+03	+5.325e+03	+1.052e+04	+0.514
128.000	+4.638e+03	+5.368e+03	+9.768e+03	+0.536
128.100	+5.324e+03	+4.355e+03	+8.902e+03	+0.450
128.200	+4.731e+03	+5.049e+03	+1.059e+04	+0.516
128.300	+5.615e+03	+3.975e+03	+1.077e+04	+0.414
128.400	+5.876e+03	+5.224e+03	+9.756e+03	+0.471
128.500	+4.712e+03	+6.004e+03	+1.032e+04	+0.560
128.600	+3.747e+03	+4.728e+03	+1.081e+04	+0.558
128.700	+5.361e+03	+5.370e+03	+9.958e+03	+0.500
128.800	+4.813e+03	+5.339e+03	+1.133e+04	+0.526
128.900	+3.843e+03	+4.927e+03	+1.030e+04	+0.562
129.000	+5.187e+03	+4.755e+03	+9.748e+03	+0.478
129.100	+5.047e+03	+5.178e+03	+1.096e+04	+0.506
129.200	+4.815e+03	+5.340e+03	+9.657e+03	+0.526
129.300	+4.886e+03	+4.832e+03	+9.091e+03	+0.497
129.400	+6.766e+03	+5.341e+03	+1.172e+04	+0.441
129.500	+4.982e+03	+5.536e+03	+9.935e+03	+0.526
129.600	+4.585e+03	+5.929e+03	+1.076e+04	+0.564
129.700	+4.639e+03	+4.835e+03	+1.124e+04	+0.510
129.800	+5.521e+03	+4.461e+03	+9.483e+03	+0.447
129.900	+4.041e+03	+3.317e+03	+9.109e+03	+0.451
130.000	+4.349e+03	+5.312e+03	+1.099e+04	+0.550
130.100	+4.962e+03	+5.302e+03	+1.059e+04	+0.517
130.200	+4.521e+03	+5.556e+03	+9.076e+03	+0.551
130.300	+4.997e+03	+4.485e+03	+9.394e+03	+0.473
130.400	+5.604e+03	+4.634e+03	+9.906e+03	+0.453
130.500	+6.159e+03	+5.733e+03	+9.756e+03	+0.482
130.600	+4.327e+03	+5.562e+03	+1.038e+04	+0.562
130.700	+5.212e+03	+5.047e+03	+9.801e+03	+0.492
130.800	+5.537e+03	+4.279e+03	+9.721e+03	+0.436
130.900	+5.767e+03	+3.755e+03	+1.069e+04	+0.394
131.000	+5.171e+03	+4.885e+03	+1.137e+04	+0.486
131.100	+5.804e+03	+5.074e+03	+1.153e+04	+0.466
131.200	+5.295e+03	+5.273e+03	+9.931e+03	+0.499
131.300	+7.001e+03	+4.931e+03	+1.016e+04	+0.413
131.400	+4.588e+03	+5.526e+03	+1.008e+04	+0.546
131.500	+5.652e+03	+5.357e+03	+1.019e+04	+0.487
131.600	+6.117e+03	+5.491e+03	+9.363e+03	+0.473
131.700	+5.571e+03	+4.452e+03	+9.909e+03	+0.444
131.800	+5.131e+03	+5.574e+03	+1.126e+04	+0.521
131.900	+5.320e+03	+5.760e+03	+9.190e+03	+0.520
132.000	+4.280e+03	+6.121e+03	+8.599e+03	+0.588
132.100	+6.191e+03	+5.684e+03	+1.044e+04	+0.479
132.200	+4.667e+03	+4.336e+03	+9.311e+03	+0.482
132.300	+5.177e+03	+3.767e+03	+1.037e+04	+0.421
132.400	+7.276e+03	+1.902e+03	+9.899e+03	+0.207
132.500	+7.509e+03	+3.588e+03	+1.004e+04	+0.323
132.600	+7.532e+03	+2.051e+03	+1.064e+04	+0.214
132.700	+6.836e+03	+1.592e+03	+9.637e+03	+0.189
132.800	+8.090e+03	+1.744e+03	+9.753e+03	+0.177
132.900	+7.832e+03	+3.567e+03	+1.014e+04	+0.313
133.000	+7.747e+03	+2.632e+03	+8.812e+03	+0.254
133.100	+6.964e+03	+2.544e+03	+1.034e+04	+0.268
133.200	+8.258e+03	+2.107e+03	+9.849e+03	+0.203
133.300	+7.259e+03	+2.031e+03	+9.165e+03	+0.219
133.400	+7.843e+03	+1.649e+03	+1.103e+04	+0.174
133.500	+7.791e+03	+1.703e+03	+9.651e+03	+0.179
133.600	+8.411e+03	+2.793e+03	+8.994e+03	+0.249
133.700	+7.647e+03	+3.563e+03	+9.661e+03	+0.318
133.800	+6.759e+03	+2.561e+03	+9.699e+03	+0.275
133.900	+6.959e+03	+2.505e+03	+1.097e+04	+0.265
134.000	+6.351e+03	+5.848e+03	+1.116e+04	+0.479
134.100	+4.271e+03	+4.409e+03	+9.863e+03	+0.508
134.200	+6.252e+03	+4.749e+03	+9.888e+03	+0.432
134.300	+5.481e+03	+4.953e+03	+1.052e+04	+0.475
134.400	+5.603e+03	+5.139e+03	+9.722e+03	+0.478
134.500	+6.416e+03	+5.006e+03	+1.065e+04	+0.438
134.600	+4.158e+03	+4.893e+03	+9.931e+03	+0.541
134.700	+5.645e+03	+3.702e+03	+1.002e+04	+0.396
134.800	+4.529e+03	+5.344e+03	+1.097e+04	+0.541
134.900	+4.132e+03	+5.241e+03	+1.006e+04	+0.559
135.000	+4.439e+03	+5.703e+03	+8.840e+03	+0.562
135.100	+5.399e+03	+4.685e+03	+1.067e+04	+0.465
135.200	+6.176e+03	+4.695e+03	+9.753e+03	+0.432
135.300	+5.023e+03	+4.416e+03	+9.698e+03	+0.468
135.400	+5.317e+03	+5.175e+03	+1.064e+04	+0.493
135.500	+4.827e+03	+4.986e+03	+9.118e+03	+0.508
135.600	+6.051e+03	+4.830e+03	+1.029e+04	+0.444
135.700	+5.941e+03	+5.733e+03	+9.989e+03	+0.491
135.800	+5.023e+03	+4.523e+03	+9.359e+03	+0.474
135.900	+5.069e+03	+4.026e+03	+1.063e+04	+0.443
136.000	+5.858e+03	+5.998e+03	+9.761e+03	+0.506
136.100	+5.367e+03	+4.643e+03	+8.429e+03	+0.464
136.200	+1.700e+03	+7.570e+03	+1.019e+04	+0.817
136.300	+2.971e+03	+8.045e+03	+8.566e+03	+0.730
136.400	+2.290e+03	+8.615e+03	+1.048e+04	+0.790
136.500	+1.163e+03	+8.103e+03	+9.616e+03	+0.874
136.600	+2.321e+03	+8.228e+03	+1.032e+04	+0.780
136.700	+2.483e+03	+8.326e+03	+8.956e+03	+0.770
136.800	+3.129e+03	+7.227e+03	+9.088e+03	+0.698
136.900	+2.417e+03	+7.529e+03	+1.105e+04	+0.757
137.000	+1.305e+03	+6.028e+03	+9.664e+03	+0.822
137.100	+2.920e+03	+7.729e+03	+9.339e+03	+0.726
137.200	+2.352e+03	+8.061e+03	+1.012e+04	+0.774
137.300	+2.597e+03	+8.865e+03	+1.010e+04	+0.773
137.400	+1.249e+03	+7.893e+03	+1.022e+04	+0.863
137.500	+4.521e+03	+5.418e+03	+1.010e+04	+0.545
137.600	+5.510e+03	+4.190e+03	+9.028e+03	+0.432
137.700	+4.824e+03	+4.847e+03	+9.795e+03	+0.501
137.800	+4.754e+03	+5.901e+03	+1.075e+04	+0.554
137.900	+3.288e+03	+8.583e+03	+9.944e+03	+0.723
138.000	+2.119e+03	+7.489e+03	+1.084e+04	+0.779
138.100	+9.188e+02	+7.232e+03	+9.972e+03	+0.887
138.200	+1.831e+03	+1.013e+04	+9.516e+03	+0.847
138.300	+3.035e+03	+7.543e+03	+1.033e+04	+0.713
138.400	+1.135e+03	+7.560e+03	+9.916e+03	+0.870
138.500	+2.959e+03	+6.747e+03	+1.006e+04	+0.695
138.600	+2.024e+03	+6.923e+03	+7.890e+03	+0.774
138.700	+2.884e+03	+8.228e+03	+1.035e+04	+0.740
138.800	+2.160e+03	+8.784e+03	+1.096e+04	+0.803
138.900	+4.240e+03	+4.669e+03	+9.910e+03	+0.524
139.000	+5.622e+03	+5.211e+03	+1.050e+04	+0.481
139.100	+4.030e+03	+4.142e+03	+8.745e+03	+0.507
139.200	+5.355e+03	+5.632e+03	+1.002e+04	+0.513
139.300	+4.526e+03	+5.819e+03	+9.844e+03	+0.563
139.400	+5.000e+03	+5.132e+03	+9.337e+03	+0.506
139.500	+4.847e+03	+5.708e+03	+1.006e+04	+0.541
139.600	+5.018e+03	+6.225e+03	+1.071e+04	+0.554
139.700	+2.120e+03	+8.053e+03	+1.082e+04	+0.792
139.800	+2.872e+03	+8.313e+03	+1.011e+04	+0.743
139.900	+1.889e+03	+7.474e+03	+8.905e+03	+0.798
140.000	+9.364e+02	+8.613e+03	+1.086e+04	+0.902
140.100	+2.389e+03	+8.190e+03	+9.398e+03	+0.774
140.200	+1.657e+03	+8.232e+03	+1.098e+04	+0.832
140.300	+2.375e+03	+7.388e+03	+9.409e+03	+0.757
140.400	+1.067e+03	+8.029e+03	+9.827e+03	+0.883
140.500	+5.762e+01	+6.664e+03	+1.018e+04	+0.991
140.600	+2.532e+03	+8.509e+03	+9.171e+03	+0.771
140.700	+2.421e+03	+7.873e+03	+9.346e+03	+0.765
140.800	+1.993e+03	+7.535e+03	+1.043e+04	+0.791
140.900	+2.035e+03	+7.961e+03	+1.073e+04	+0.796
141.000	+2.622e+03	+9.229e+03	+9.923e+03	+0.779
141.100	+1.866e+03	+7.637e+03	+1.038e+04	+0.804
141.200	+2.415e+03	+8.574e+03	+1.059e+04	+0.780
141.300	+2.250e+03	+9.378e+03	+9.217e+03	+0.807
141.400	+2.950e+03	+7.934e+03	+9.584e+03	+0.729
141.500	+1.760e+03	+8.044e+03	+1.007e+04	+0.821
141.600	+1.752e+03	+7.398e+03	+1.059e+04	+0.809
141.700	+1.185e+03	+8.188e+03	+9.025e+03	+0.874
141.800	+1.573e+03	+7.931e+03	+9.160e+03	+0.834
141.900	+2.263e+03	+7.320e+03	+9.770e+03	+0.764
142.000	+2.065e+03	+8.728e+03	+9.133e+03	+0.809
142.100	+1.500e+03	+9.154e+03	+9.855e+03	+0.859
142.200	+2.581e+03	+9.501e+03	+1.022e+04	+0.786
142.300	+1.789e+03	+8.519e+03	+1.042e+04	+0.826
142.400	+2.109e+03	+7.193e+03	+9.556e+03	+0.773
142.500	+3.227e+03	+6.068e+03	+9.375e+03	+0.653
142.600	+4.435e+03	+5.600e+03	+1.058e+04	+0.558
142.700	+4.938e+03	+3.368e+03	+1.045e+04	+0.405
142.800	+5.300e+03	+5.143e+03	+1.014e+04	+0.492
142.900	+5.644e+03	+6.694e+03	+1.060e+04	+0.543
143.000	+5.416e+03	+4.885e+03	+1.055e+04	+0.474
143.100	+5.108e+03	+4.818e+03	+9.771e+03	+0.485
143.200	+5.208e+03	+4.779e+03	+9.834e+03	+0.478
143.300	+3.937e+03	+5.041e+03	+1.071e+04	+0.562
143.400	+4.522e+03	+5.439e+03	+8.612e+03	+0.546
143.500	+4.344e+03	+4.628e+03	+1.043e+04	+0.516
143.600	+5.463e+03	+4.289e+03	+1.151e+04	+0.440
143.700	+4.969e+03	+4.496e+03	+1.021e+04	+0.475
143.800	+4.655e+03	+4.645e+03	+1.012e+04	+0.499
143.900	+6.371e+03	+4.800e+03	+1.087e+04	+0.430
144.000	+4.567e+03	+3.685e+03	+9.890e+03	+0.447
144.100	+4.515e+03	+5.543e+03	+9.247e+03	+0.551
144.200	+5.798e+03	+5.351e+03	+1.059e+04	+0.480
144.300	+4.447e+03	+5.529e+03	+9.753e+03	+0.554
144.400	+1.787e+03	+6.710e+03	+9.996e+03	+0.790
144.500	+1.075e+03	+8.349e+03	+9.848e+03	+0.886
144.600	+2.001e+03	+8.148e+03	+1.018e+04	+0.803
144.700	+1.987e+03	+7.649e+03	+1.016e+04	+0.794
144.800	+1.636e+03	+8.808e+03	+9.483e+03	+0.843
144.900	+1.200e+03	+7.513e+03	+1.055e+04	+0.862
145.000	+1.455e+03	+5.989e+03	+9.981e+03	+0.805
145.100	+2.214e+03	+7.371e+03	+1.064e+04	+0.769
145.200	+1.349e+03	+8.217e+03	+1.023e+04	+0.859
145.300	+2.253e+03	+6.814e+03	+1.080e+04	+0.751
145.400	+2.007e+03	+7.298e+03	+9.303e+03	+0.784
145.500	+1.066e+03	+8.813e+03	+9.694e+03	+0.892
145.600	+2.092e+03	+7.306e+03	+9.552e+03	+0.777
145.700	+1.185e+03	+9.438e+03	+9.462e+03	+0.888
145.800	+1.746e+03	+7.415e+03	+1.078e+04	+0.809
145.900	+5.755e+03	+3.208e+03	+9.276e+03	+0.358
146.000	+7.502e+03	+1.812e+03	+9.915e+03	+0.195
146.100	+8.107e+03	+3.624e+03	+1.009e+04	+0.309
146.200	+7.189e+03	+2.692e+03	+1.080e+04	+0.272
146.300	+7.252e+03	+2.543e+03	+9.755e+03	+0.260
146.400	+7.817e+03	+2.105e+03	+1.149e+04	+0.212
146.500	+6.954e+03	+2.806e+03	+1.018e+04	+0.288
146.600	+4.015e+03	+3.715e+03	+9.790e+03	+0.481
146.700	+2.141e+03	+8.049e+03	+1.132e+04	+0.790
146.800	+2.194e+03	+8.342e+03	+9.339e+03	+0.792
146.900	+2.005e+03	+9.603e+03	+9.660e+03	+0.827
147.000	+2.396e+03	+6.239e+03	+1.069e+04	+0.723
147.100	+1.481e+03	+8.306e+03	+9.128e+03	+0.849
147.200	+3.055e+03	+8.151e+03	+9.592e+03	+0.727
147.300	+5.641e+03	+4.656e+03	+9.834e+03	+0.452
147.400	+6.702e+03	+4.816e+03	+1.013e+04	+0.418
147.500	+4.114e+03	+4.003e+03	+9.570e+03	+0.493
147.600	+5.455e+03	+5.000e+03	+1.051e+04	+0.478
147.700	+2.570e+03	+7.074e+03	+9.611e+03	+0.734
147.800	+1.761e+03	+8.898e+03	+9.486e+03	+0.835
147.900	+1.406e+03	+8.919e+03	+1.087e+04	+0.864
148.000	+2.566e+03	+8.616e+03	+1.004e+04	+0.771
148.100	+1.579e+03	+7.038e+03	+9.455e+03	+0.817
148.200	+2.835e+03	+6.131e+03	+1.108e+04	+0.684
148.300	+2.383e+03	+7.736e+03	+1.010e+04	+0.765
148.400	+2.741e+03	+7.128e+03	+1.078e+04	+0.722
148.500	+2.586e+03	+7.860e+03	+1.032e+04	+0.752
148.600	+2.217e+03	+8.488e+03	+8.491e+03	+0.793
148.700	+2.889e+03	+9.022e+03	+9.646e+03	+0.757
148.800	+3.254e+03	+8.003e+03	+1.073e+04	+0.711
148.900	+1.211e+03	+7.762e+03	+1.107e+04	+0.865
149.000	+1.688e+03	+7.948e+03	+1.002e+04	+0.825
149.100	+2.866e+03	+7.656e+03	+9.688e+03	+0.728
149.200	+2.397e+03	+8.050e+03	+9.979e+03	+0.771
149.300	+9.442e+02	+7.957e+03	+1.046e+04	+0.894
149.400	+2.151e+03	+7.123e+03	+9.683e+03	+0.768
149.500	+1.130e+03	+7.283e+03	+9.025e+03	+0.866
149.600	+2.587e+03	+9.268e+03	+8.819e+03	+0.782
149.700	+6.201e+02	+8.650e+03	+1.086e+04	+0.933
149.800	+2.060e+03	+7.115e+03	+9.846e+03	+0.775
149.900	+2.048e+03	+6.990e+03	+9.060e+03	+0.773
150.000	+9.189e+02	+7.962e+03	+9.967e+03	+0.897
150.100	+2.905e+03	+8.156e+03	+9.768e+03	+0.737
150.200	+8.966e+02	+8.360e+03	+9.626e+03	+0.903
150.300	+3.969e+03	+4.494e+03	+9.756e+03	+0.531
150.400	+4.292e+03	+4.312e+03	+1.051e+04	+0.501
150.500	+4.240e+03	+6.587e+03	+1.104e+04	+0.608
150.600	+4.990e+03	+4.825e+03	+9.917e+03	+0.492
150.700	+4.208e+03	+5.003e+03	+9.737e+03	+0.543
150.800	+5.799e+03	+4.836e+03	+9.443e+03	+0.455
150.900	+5.157e+03	+5.509e+03	+9.215e+03	+0.517
151.000	+4.576e+03	+6.071e+03	+1.058e+04	+0.570
151.100	+4.425e+03	+5.637e+03	+1.017e+04	+0.560
151.200	+4.425e+03	+4.136e+03	+9.085e+03	+0.483
151.300	+4.306e+03	+4.247e+03	+1.023e+04	+0.497
151.400	+3.847e+03	+4.297e+03	+9.861e+03	+0.528
151.500	+4.926e+03	+4.063e+03	+9.770e+03	+0.452
151.600	+4.735e+03	+5.104e+03	+1.032e+04	+0.519
151.700	+4.940e+03	+5.195e+03	+1.076e+04	+0.513
151.800	+6.301e+03	+4.271e+03	+1.046e+04	+0.404
151.900	+5.095e+03	+4.192e+03	+1.021e+04	+0.451
152.000	+4.644e+03	+4.272e+03	+1.070e+04	+0.479
152.100	+6.762e+03	+5.423e+03	+9.185e+03	+0.445
152.200	+5.741e+03	+6.038e+03	+9.383e+03	+0.513
152.300	+4.711e+03	+3.311e+03	+9.633e+03	+0.413
152.400	+5.282e+03	+5.124e+03	+9.401e+03	+0.492
152.500	+4.784e+03	+5.339e+03	+8.939e+03	+0.527
152.600	+5.685e+03	+4.587e+03	+1.071e+04	+0.447
152.700	+5.361e+03	+5.570e+03	+9.022e+03	+0.510
152.800	+4.467e+03	+5.502e+03	+9.754e+03	+0.552
152.900	+5.578e+03	+5.279e+03	+9.818e+03	+0.486
153.000	+4.726e+03	+6.224e+03	+9.038e+03	+0.568
153.100	+6.038e+03	+4.951e+03	+1.040e+04	+0.451
153.200	+3.950e+03	+3.621e+03	+1.065e+04	+0.478
153.300	+4.024e+03	+6.481e+03	+1.074e+04	+0.617
153.400	+5.891e+03	+4.340e+03	+1.065e+04	+0.424
153.500	+5.933e+03	+5.739e+03	+9.576e+03	+0.492
153.600	+4.536e+03	+4.907e+03	+1.011e+04	+0.520
153.700	+4.827e+03	+4.796e+03	+9.584e+03	+0.498
153.800	+5.259e+03	+6.359e+03	+1.051e+04	+0.547
153.900	+5.102e+03	+5.839e+03	+1.038e+04	+0.534
154.000	+4.924e+03	+4.621e+03	+9.729e+03	+0.484
154.100	+5.080e+03	+4.423e+03	+8.731e+03	+0.465
154.200	+8.003e+03	+2.611e+03	+9.708e+03	+0.246
154.300	+7.145e+03	+2.714e+03	+8.795e+03	+0.275
154.400	+7.538e+03	+2.136e+03	+9.949e+03	+0.221
154.500	+8.529e+03	+2.287e+03	+9.843e+03	+0.211
154.600	+7.652e+03	+2.845e+03	+9.332e+03	+0.271
154.700	+7.141e+03	+2.890e+03	+1.018e+04	+0.288
154.800	+7.053e+03	+2.126e+03	+1.045e+04	+0.232
154.900	+6.979e+03	+1.781e+03	+9.561e+03	+0.203
155.000	+7.711e+03	+1.691e+03	+9.907e+03	+0.180
155.100	+6.898e+03	+1.704e+03	+9.253e+03	+0.198
155.200	+5.869e+03	+3.219e+03	+9.561e+03	+0.354
155.300	+7.180e+03	+2.466e+03	+8.850e+03	+0.256
155.400	+7.597e+03	+2.470e+03	+9.975e+03	+0.245
155.500	+7.772e+03	+2.372e+03	+1.054e+04	+0.234
155.600	+6.961e+03	+2.461e+03	+8.575e+03	+0.261
155.700	+7.494e+03	+1.693e+03	+9.562e+03	+0.184
155.800	+8.280e+03	+2.921e+03	+9.159e+03	+0.261
155.900	+7.370e+03	+3.564e+03	+1.030e+04	+0.326
156.000	+8.371e+03	+2.637e+03	+1.118e+04	+0.240
156.100	+5.218e+03	+3.434e+03	+9.006e+03	+0.397
156.200	+4.287e+03	+5.190e+03	+1.006e+04	+0.548
156.300	+5.013e+03	+4.464e+03	+9.774e+03	+0.471
156.400	+5.387e+03	+4.580e+03	+8.493e+03	+0.460
156.500	+1.735e+03	+8.067e+03	+1.003e+04	+0.823
156.600	+1.240e+03	+7.734e+03	+1.011e+04	+0.862
156.700	+2.176e+03	+6.876e+03	+1.059e+04	+0.760
156.800	+6.797e+02	+8.976e+03	+9.015e+03	+0.930
156.900	+6.446e+02	+8.046e+03	+9.869e+03	+0.926
157.000	+3.034e+02	+7.891e+03	+9.793e+03	+0.963
157.100	+1.869e+03	+7.180e+03	+8.578e+03	+0.793
157.200	+2.487e+03	+7.346e+03	+9.502e+03	+0.747
157.300	+2.219e+03	+8.094e+03	+1.013e+04	+0.785
157.400	+2.060e+03	+8.371e+03	+9.870e+03	+0.803
157.500	+2.304e+03	+8.846e+03	+1.090e+04	+0.793
157.600	+8.117e+03	+3.209e+03	+9.163e+03	+0.283
157.700	+7.745e+03	+2.045e+03	+1.009e+04	+0.209
157.800	+8.860e+03	+2.109e+03	+1.038e+04	+0.192
157.900	+6.745e+03	+3.056e+03	+1.007e+04	+0.312
158.000	+8.725e+03	+4.100e+03	+9.567e+03	+0.320
158.100	+7.178e+03	+2.132e+03	+1.011e+04	+0.229
158.200	+7.279e+03	+3.191e+03	+9.806e+03	+0.305
158.300	+8.652e+03	+2.188e+03	+1.031e+04	+0.202
158.400	+7.185e+03	+3.206e+03	+1.044e+04	+0.309
158.500	+5.600e+03	+5.244e+03	+9.784e+03	+0.484
158.600	+5.702e+03	+5.597e+03	+9.994e+03	+0.495
158.700	+4.345e+03	+4.157e+03	+9.812e+03	+0.489
158.800	+4.895e+03	+4.427e+03	+1.022e+04	+0.475
158.900	+4.846e+03	+6.275e+03	+1.046e+04	+0.564
159.000	+5.267e+03	+4.415e+03	+1.078e+04	+0.456
159.100	+4.692e+03	+4.878e+03	+1.083e+04	+0.510
159.200	+4.244e+03	+5.134e+03	+1.103e+04	+0.547
159.300	+5.074e+03	+5.019e+03	+9.590e+03	+0.497
159.400	+4.210e+03	+4.998e+03	+1.037e+04	+0.543
159.500	+3.336e+03	+5.695e+03	+1.036e+04	+0.631
159.600	+2.557e+03	+7.207e+03	+9.786e+03	+0.738
159.700	+2.744e+03	+7.822e+03	+1.012e+04	+0.740
159.800	+2.665e+03	+7.137e+03	+1.019e+04	+0.728
159.900	+2.865e+03	+8.481e+03	+1.067e+04	+0.747
160.000	+4.693e+02	+8.671e+03	+1.006e+04	+0.949
160.100	+2.415e+03	+7.185e+03	+9.180e+03	+0.748
160.200	+4.414e+03	+5.622e+03	+1.057e+04	+0.560
160.300	+4.822e+03	+5.930e+03	+8.157e+03	+0.551
160.400	+4.947e+03	+5.067e+03	+9.958e+03	+0.506
160.500	+3.707e+03	+5.229e+03	+8.815e+03	+0.585
160.600	+4.066e+03	+7.355e+03	+1.096e+04	+0.644
160.700	+5.126e+03	+5.723e+03	+1.051e+04	+0.528
160.800	+3.277e+03	+6.423e+03	+1.087e+04	+0.662
160.900	+2.066e+03	+8.555e+03	+9.982e+03	+0.805
161.000	+1.797e+03	+9.003e+03	+1.126e+04	+0.834
161.100	+1.575e+03	+8.985e+03	+9.136e+03	+0.851
161.200	+1.299e+03	+8.140e+03	+1.025e+04	+0.862
161.300	+2.680e+03	+8.572e+03	+1.150e+04	+0.762
161.400	+2.499e+03	+8.311e+03	+1.008e+04	+0.769
161.500	+6.308e+02	+7.370e+03	+1.017e+04	+0.921
161.600	+1.122e+03	+8.126e+03	+1.080e+04	+0.879
161.700	+1.647e+03	+6.875e+03	+9.809e+03	+0.807
161.800	+1.925e+03	+8.158e+03	+9.845e+03	+0.809
161.900	+1.721e+03	+7.956e+03	+9.489e+03	+0.822
162.000	+3.092e+03	+7.090e+03	+1.037e+04	+0.696
162.100	+5.852e+03	+5.165e+03	+9.877e+03	+0.469
162.200	+4.133e+03	+4.110e+03	+1.118e+04	+0.499
162.300	+4.968e+03	+4.945e+03	+1.033e+04	+0.499
162.400	+5.912e+03	+5.690e+03	+9.257e+03	+0.490
162.500	+4.059e+03	+4.014e+03	+1.004e+04	+0.497
162.600	+4.838e+03	+5.851e+03	+9.730e+03	+0.547
162.700	+5.128e+03	+4.074e+03	+1.073e+04	+0.443
162.800	+5.414e+03	+4.689e+03	+1.066e+04	+0.464
162.900	+5.066e+03	+4.901e+03	+1.070e+04	+0.492
163.000	+5.219e+03	+5.005e+03	+9.293e+03	+0.490
163.100	+6.383e+03	+4.835e+03	+1.003e+04	+0.431
163.200	+4.113e+03	+5.087e+03	+1.047e+04	+0.553
163.300	+2.493e+03	+8.546e+03	+1.053e+04	+0.774
163.400	+9.797e+02	+8.069e+03	+8.861e+03	+0.892
163.500	+2.010e+03	+8.935e+03	+9.617e+03	+0.816
163.600	+1.941e+03	+7.308e+03	+1.014e+04	+0.790
163.700	+2.050e+03	+8.419e+03	+1.002e+04	+0.804
163.800	+1.389e+03	+6.791e+03	+1.040e+04	+0.830
163.900	+2.200e+03	+7.917e+03	+9.861e+03	+0.783
164.000	+2.634e+03	+7.822e+03	+1.171e+04	+0.748
164.100	+1.155e+03	+7.785e+03	+9.691e+03	+0.871
164.200	+1.946e+03	+7.186e+03	+9.468e+03	+0.787
164.300	+2.145e+03	+7.779e+03	+9.338e+03	+0.784
164.400	+9.945e+02	+7.615e+03	+9.831e+03	+0.884
164.500	+2.088e+03	+8.320e+03	+1.041e+04	+0.799
164.600	+2.283e+03	+7.615e+03	+1.066e+04	+0.769
164.700	+1.917e+03	+8.763e+03	+9.855e+03	+0.820
164.800	+2.881e+03	+8.085e+03	+9.957e+03	+0.737
164.900	+1.493e+03	+8.635e+03	+9.593e+03	+0.853
165.000	+2.205e+03	+6.966e+03	+8.535e+03	+0.760
165.100	+2.339e+03	+8.227e+03	+9.449e+03	+0.779
165.200	+7.207e+02	+7.459e+03	+1.130e+04	+0.912
165.300	+2.363e+03	+7.509e+03	+1.094e+04	+0.761
165.400	+1.966e+03	+7.874e+03	+1.024e+04	+0.800
165.500	+1.782e+03	+7.794e+03	+1.019e+04	+0.814
165.600	+2.550e+03	+7.835e+03	+1.113e+04	+0.754
165.700	+1.833e+03	+8.449e+03	+1.024e+04	+0.822
165.800	+1.274e+03	+9.721e+03	+9.589e+03	+0.884
165.900	+1.857e+03	+9.935e+03	+1.166e+04	+0.843
166.000	+1.729e+03	+7.807e+03	+1.099e+04	+0.819
166.100	+2.410e+03	+7.289e+03	+9.208e+03	+0.752
166.200	+2.332e+03	+9.292e+03	+1.012e+04	+0.799
166.300	+1.667e+03	+7.985e+03	+9.982e+03	+0.827
166.400	+2.295e+03	+8.236e+03	+1.006e+04	+0.782
166.500	+1.215e+03	+6.989e+03	+1.013e+04	+0.852
166.600	+1.368e+03	+7.950e+03	+1.039e+04	+0.853
166.700	+2.469e+03	+7.714e+03	+1.063e+04	+0.758
166.800	+7.888e+02	+9.176e+03	+1.029e+04	+0.921
166.900	+1.657e+03	+7.677e+03	+9.750e+03	+0.822
167.000	+2.226e+03	+8.453e+03	+9.485e+03	+0.792
167.100	+1.802e+03	+7.173e+03	+1.029e+04	+0.799
167.200	+4.248e+02	+8.268e+03	+9.106e+03	+0.951
167.300	+1.813e+03	+8.350e+03	+1.061e+04	+0.822
167.400	+1.086e+03	+8.543e+03	+8.644e+03	+0.887
167.500	+3.985e+02	+8.859e+03	+8.878e+03	+0.957
167.600	+1.679e+03	+7.712e+03	+1.089e+04	+0.821
167.700	+1.350e+03	+8.421e+03	+9.262e+03	+0.862
167.800	+1.701e+03	+6.572e+03	+1.023e+04	+0.794
167.900	+1.272e+03	+8.981e+03	+9.339e+03	+0.876
168.000	+2.187e+03	+7.568e+03	+1.052e+04	+0.776
168.100	+2.026e+03	+8.854e+03	+9.050e+03	+0.814
168.200	+1.843e+03	+6.723e+03	+1.011e+04	+0.785
168.300	+2.570e+03	+6.916e+03	+9.470e+03	+0.729
168.400	+2.556e+03	+8.503e+03	+1.005e+04	+0.769
168.500	+1.307e+03	+7.129e+03	+1.073e+04	+0.845
168.600	+1.519e+03	+8.175e+03	+9.687e+03	+0.843
168.700	+8.724e+02	+8.338e+03	+9.985e+03	+0.905
168.800	+2.407e+03	+8.176e+03	+1.097e+04	+0.773
168.900	+2.118e+03	+8.976e+03	+1.092e+04	+0.809
169.000	+1.633e+03	+7.526e+03	+9.056e+03	+0.822
169.100	+2.621e+03	+8.373e+03	+9.859e+03	+0.762
169.200	+2.266e+03	+7.018e+03	+1.017e+04	+0.756
169.300	+1.991e+03	+9.041e+03	+9.889e+03	+0.820
169.400	+2.514e+03	+7.335e+03	+9.442e+03	+0.745
169.500	+3.375e+03	+5.874e+03	+9.746e+03	+0.635
169.600	+3.930e+03	+5.785e+03	+9.885e+03	+0.595
169.700	+4.733e+03	+5.417e+03	+9.585e+03	+0.534
169.800	+4.236e+03	+4.970e+03	+9.513e+03	+0.540
169.900	+5.463e+03	+4.959e+03	+1.078e+04	+0.476
170.000	+5.635e+03	+3.963e+03	+1.007e+04	+0.413
170.100	+5.095e+03	+4.388e+03	+1.033e+04	+0.463
170.200	+4.880e+03	+5.460e+03	+9.304e+03	+0.528
170.300	+5.595e+03	+3.932e+03	+1.107e+04	+0.413
170.400	+4.396e+03	+4.603e+03	+9.021e+03	+0.511
170.500	+5.215e+03	+4.868e+03	+9.698e+03	+0.483
170.600	+5.036e+03	+5.895e+03	+9.455e+03	+0.539
170.700	+5.237e+03	+4.909e+03	+8.872e+03	+0.484
170.800	+4.281e+03	+5.659e+03	+1.097e+04	+0.569
170.900	+4.131e+03	+4.962e+03	+8.731e+03	+0.546
171.000	+4.863e+03	+4.508e+03	+9.908e+03	+0.481
171.100	+4.689e+03	+6.252e+03	+9.590e+03	+0.571
171.200	+5.759e+03	+4.891e+03	+9.782e+03	+0.459
171.300	+5.649e+03	+3.355e+03	+9.468e+03	+0.373
171.400	+5.834e+03	+5.703e+03	+8.776e+03	+0.494
171.500	+3.770e+03	+5.567e+03	+1.036e+04	+0.596
171.600	+5.957e+03	+5.801e+03	+1.055e+04	+0.493
171.700	+4.796e+03	+4.755e+03	+1.084e+04	+0.498
171.800	+5.807e+03	+5.648e+03	+9.805e+03	+0.493
171.900	+5.896e+03	+5.414e+03	+9.399e+03	+0.479
172.000	+3.697e+03	+5.685e+03	+1.091e+04	+0.606
172.100	+5.722e+03	+4.879e+03	+9.518e+03	+0.460
172.200	+5.092e+03	+4.529e+03	+1.015e+04	+0.471
172.300	+4.663e+03	+5.027e+03	+1.115e+04	+0.519
172.400	+5.034e+03	+5.204e+03	+9.478e+03	+0.508
172.500	+4.967e+03	+3.331e+03	+1.031e+04	+0.401
172.600	+5.174e+03	+6.482e+03	+9.346e+03	+0.556
172.700	+5.766e+03	+4.340e+03	+9.459e+03	+0.429
172.800	+6.234e+03	+5.057e+03	+1.040e+04	+0.448
172.900	+4.720e+03	+5.458e+03	+9.562e+03	+0.536
173.000	+5.781e+03	+4.900e+03	+9.869e+03	+0.459
173.100	+5.880e+03	+4.220e+03	+9.279e+03	+0.418
173.200	+4.988e+03	+5.179e+03	+9.308e+03	+0.509
173.300	+3.748e+03	+4.934e+03	+9.526e+03	+0.568
173.400	+4.450e+03	+4.706e+03	+1.158e+04	+0.514
173.500	+5.136e+03	+6.328e+03	+1.024e+04	+0.552
173.600	+4.635e+03	+4.509e+03	+9.000e+03	+0.493
173.700	+3.886e+03	+5.555e+03	+1.063e+04	+0.588
173.800	+4.481e+03	+6.188e+03	+9.854e+03	+0.580
173.900	+4.769e+03	+4.164e+03	+1.026e+04	+0.466
174.000	+4.535e+03	+4.286e+03	+9.899e+03	+0.486
174.100	+5.317e+03	+4.781e+03	+9.743e+03	+0.473
174.200	+4.294e+03	+4.822e+03	+9.254e+03	+0.529
174.300	+4.698e+03	+4.467e+03	+9.967e+03	+0.487
174.400	+5.814e+03	+4.931e+03	+1.048e+04	+0.459
174.500	+4.562e+03	+5.868e+03	+1.027e+04	+0.563
174.600	+5.317e+03	+5.179e+03	+1.013e+04	+0.493
174.700	+4.899e+03	+4.455e+03	+9.576e+03	+0.476
174.800	+4.667e+03	+5.886e+03	+1.039e+04	+0.558
174.900	+4.604e+03	+5.513e+03	+9.302e+03	+0.545
175.000	+5.566e+03	+3.589e+03	+1.045e+04	+0.392
175.100	+5.877e+03	+5.702e+03	+1.061e+04	+0.492
175.200	+4.322e+03	+5.765e+03	+1.054e+04	+0.572
175.300	+4.070e+03	+5.613e+03	+9.063e+03	+0.580
175.400	+4.831e+03	+4.439e+03	+9.906e+03	+0.479
175.500	+4.177e+03	+4.098e+03	+9.795e+03	+0.495
175.600	+5.329e+03	+4.860e+03	+7.682e+03	+0.477
175.700	+5.922e+03	+6.239e+03	+9.871e+03	+0.513
175.800	+5.471e+03	+4.335e+03	+9.931e+03	+0.442
175.900	+4.615e+03	+4.731e+03	+1.024e+04	+0.506
176.000	+4.904e+03	+5.081e+03	+1.011e+04	+0.509
176.100	+5.402e+03	+6.417e+03	+1.119e+04	+0.543
176.200	+4.522e+03	+4.944e+03	+1.050e+04	+0.522
176.300	+5.688e+03	+5.910e+03	+1.014e+04	+0.510
176.400	+6.581e+03	+3.784e+03	+9.666e+03	+0.365
176.500	+4.941e+03	+5.234e+03	+1.120e+04	+0.514
176.600	+5.622e+03	+4.198e+03	+9.478e+03	+0.428
176.700	+5.586e+03	+5.855e+03	+1.102e+04	+0.512
176.800	+4.839e+03	+4.131e+03	+9.501e+03	+0.461
176.900	+4.218e+03	+4.862e+03	+9.758e+03	+0.535
177.000	+5.096e+03	+4.784e+03	+1.024e+04	+0.484
177.100	+5.596e+03	+3.533e+03	+1.006e+04	+0.387
177.200	+4.072e+03	+4.951e+03	+9.843e+03	+0.549
177.300	+4.495e+03	+4.686e+03	+9.417e+03	+0.510
177.400	+5.263e+03	+3.781e+03	+9.554e+03	+0.418
177.500	+4.865e+03	+3.309e+03	+9.781e+03	+0.405
